0.000401362  -0.948117   0.317922 -0.0401634 -0.00119695 -0.317922 -0.948116  0.151487    0.999999           0 -0.00126245   0.0160299 0 0 0 1         0 -0.350398    1.3074         0 -0.350398    1.3074 -0.263398  0.785398         0 -0.785398  0.785398         0 -0.785398  0.785398 -0.785398  0.785398
0.109229
0.17577
0.00126245
100
23
77
0.0681001
0.117627
0.111292 0.114233 0.0138792 0.0179772 0.11139 0.123714 0.0136998 0.0993538 0.0898837 0.0999925 0.0937479 0.11237 0.0871507 0.0367444 0.00206872 0.0465827 0.112058 0.109005 0.016718 0.121855 0.0804926 0.11677 0.0662838 0.107707 0.00337831 0.0301031 0.0342568 0.0758703 0.0127453 0.0955311 0.0116886 0.065641 0.115457 0.117019 0.0307332 0.0340451 0.0100671 0.0730788 0.0323941 0.14126 0.138182 0.0933544 0.0170546 0.101044 0.0307683 0.123601 0.126211 0.0819275 0.0645367 0.00573252 0.104526 0.0985033 0.061729 0.00700804 0.136966 0.0301423 0.135246 0.137494 0.0120998 0.0885409 0.141165 0.0167801 0.00666428 0.0849554 0.00798297 0.011528 0.0760199 0.00695703 0.0880333 0.0186751 0.0162899 0.0850756 0.0421997 0.12355 0.0218506 0.077968 0.035109 
0.183449 0.187032 0.0578872 0.0214282 0.191968 0.236375 0.0926716 0.0663609 0.236035 0.122382 0.0563763 0.236192 0.124353 0.114319 0.0135898 0.110543 0.233603 0.200502 0.0224203 0.22861 0.231252 0.153308 0.0397809 0.221239 0.0193388 0.020908 0.0216413 0.17778 0.018356 0.240565 0.0194029 0.115596 0.236617 0.242772 0.0213824 0.0150894 0.092695 0.0450345 0.246411 0.155422 0.156626 0.064601 0.0170453 0.19195 0.103096 0.140761 0.167911 0.0392308 0.138698 0.0148173 0.233461 0.229221 0.120256 0.011458 0.178992 0.0158934 0.23974 0.167456 0.077507 0.136903 0.229197 0.0123714 0.0213443 0.128145 0.0194372 0.0219375 0.130559 0.0151829 0.118491 0.0131006 0.0961899 0.0633497 0.0955469 0.254621 0.0215824 0.194449 0.105471 
