-0.00897199 -0.948116 -0.317799 0.0581068 -0.0267562  0.317926 -0.947738  0.145027   0.999602          0 -0.0282204   0.053556 0 0 0 1         0 -0.263398  0.785398         0 -0.263398  0.785398 -0.350398    1.3074         0 -0.785398  0.785398         0 -0.785398  0.785398 -0.785398  0.785398
0.0794867
0.0945085
0.0282242
100
29
71
0.0965492
0.076849
0.103842 0.156165 0.0795432 0.144645 0.00870754 0.0775418 0.075056 0.00581342 0.122853 0.0393201 0.119145 0.093821 0.11376 0.00684544 0.117877 0.112122 0.14454 0.113699 0.118488 0.106868 0.0785051 0.0945391 0.149638 0.0948841 0.117219 0.15018 0.0726076 0.0908687 0.0152226 0.126256 0.0836335 0.0179321 0.126044 0.140216 0.0829375 0.11925 0.0444461 0.133814 0.0955646 0.0856709 0.0971737 0.168136 0.123831 0.0974942 0.114027 0.0250077 0.12698 0.157599 0.0243927 0.139766 0.0784396 0.00621464 0.113912 0.114357 0.0975187 0.10527 0.120861 0.0906284 0.142308 0.118943 0.117076 0.00168875 0.148285 0.00611245 0.11755 0.156034 0.16573 0.0110262 0.12333 0.0772522 0.0879698 
0.0653857 0.113825 0.0644222 0.117738 0.0196386 0.0929535 0.0371274 0.0201378 0.0661704 0.0235104 0.0829914 0.0652166 0.088105 0.0203367 0.0649957 0.105399 0.111411 0.101301 0.0986528 0.0754998 0.0382352 0.108411 0.104221 0.0655843 0.0809321 0.114078 0.0812481 0.0664019 0.0901625 0.0984913 0.0430071 0.133847 0.112524 0.105172 0.06173 0.0659479 0.0450092 0.106721 0.070187 0.0946331 0.0422279 0.0971382 0.0659719 0.0670945 0.0635485 0.0201268 0.101448 0.118023 0.0214754 0.0867317 0.0918161 0.0207678 0.06423 0.0770246 0.0714467 0.0595632 0.067444 0.0661555 0.122744 0.118981 0.0642664 0.0193383 0.118269 0.0204494 0.0654789 0.112068 0.118549 0.100687 0.0669454 0.039798 0.165112 
