-0.189198  -0.91316 -0.361031 0.0610713 -0.423865  0.407602 -0.808826  0.118229  0.885744         0 -0.464174  0.167715 0 0 0 1         0 -0.437398  0.785398         0 -0.176398    1.3944 -0.350398    1.3074         0 -0.785398  0.785398         0 -0.785398  0.785398 -0.785398  0.785398
0.02433
0.0499492
0.482701
100
38
62
0.0421843
0.073102
0.0981744 0.0193018 0.0169327 0.00395247 0.0387132 0.0802737 0.0612608 0.0595983 0.0171631 0.0222022 0.00473533 0.0736308 0.00368122 0.0324727 0.0308819 0.0527755 0.0605159 0.0244192 0.00906838 0.0283256 0.106908 0.0484587 0.0686615 0.0286734 0.00178495 0.0165742 0.110459 0.0921464 0.0259897 0.0847921 0.0273031 0.00103342 0.0563971 0.0049279 0.0682572 0.0262363 0.105401 0.0369217 0.0591387 0.00443737 0.0287699 0.0367974 0.001778 0.0671144 0.0219828 0.00473708 0.0397255 0.0536667 0.00357212 0.0868993 0.0677505 0.0492726 0.0202325 0.0898079 0.0586603 0.0556347 0.0426457 0.0466063 0.102562 0.00473726 0.0126155 0.00727601 
0.12844 0.0580589 0.0534255 0.0290869 0.0614099 0.128274 0.0960008 0.106416 0.0440302 0.0729172 0.03314 0.0944279 0.050833 0.0554729 0.0582098 0.104623 0.0905418 0.0612985 0.0255888 0.054101 0.141205 0.0503277 0.0903756 0.0521038 0.0222576 0.0537554 0.177657 0.135405 0.109912 0.117276 0.0832128 0.0246257 0.0811483 0.0229637 0.107793 0.0493128 0.134777 0.0755601 0.0757982 0.0304472 0.0823584 0.0740561 0.0236098 0.0886982 0.0453432 0.0262332 0.0791279 0.0798804 0.0370733 0.12523 0.0982259 0.0592161 0.0443844 0.0958834 0.0704894 0.0779493 0.0506838 0.0909506 0.135172 0.0270273 0.055299 0.0232241 
