0.0964469 -0.244556  0.964827 -0.133953 -0.0243253 -0.969635 -0.243343 0.0607753   0.995041          0 -0.0994672  0.0983482 0 0 0 1          0  -0.176398     1.4814          0 -0.0893982     1.6554  -0.785398     1.6554         0 -0.785398  0.785398         0 -0.785398  0.785398 -0.785398  0.785398
0.115314
0.119796
0.0996319
100
50
50
0.0629912
0.0997088
0.0710707 0.0547205 0.0147926 0.0144662 0.154082 0.00556306 0.0800079 0.0051984 0.0270059 0.130552 0.0230975 0.0135167 0.0148924 0.0736605 0.0204544 0.0172741 0.0681322 0.129964 0.0673895 0.021461 0.0922886 0.0220091 0.18583 0.0850182 0.0239245 0.0160233 0.0496959 0.0532563 0.0671775 0.17872 0.00943776 0.153248 0.0116714 0.110915 0.0171595 0.0618426 0.0218612 0.0772581 0.0179268 0.145569 0.0796386 0.0595617 0.0270183 0.017569 0.131663 0.0711924 0.0478115 0.116492 0.0424751 0.148004 
0.0973154 0.0300762 0.0365324 0.0368112 0.260374 0.0775328 0.122705 0.079163 0.0462079 0.20285 0.0648214 0.0449235 0.0871006 0.0484132 0.0753471 0.0621691 0.11223 0.191678 0.0427132 0.0435159 0.110917 0.0355366 0.297227 0.128182 0.0466424 0.0273429 0.0513874 0.110772 0.0498934 0.194399 0.062437 0.220729 0.0706622 0.181062 0.135543 0.0499746 0.0643293 0.146093 0.080344 0.204545 0.115355 0.0478458 0.0325035 0.0282542 0.131377 0.0894092 0.0458514 0.175596 0.0459675 0.24278 
