-0.0211186   0.972068   0.233749 -0.0431278   0.995943          0  0.0899812 -0.0172911 0.0874678  0.234701 -0.968124  0.239081 0 0 0 1         0 -0.524398  0.785398         0 -0.524398  0.785398 -0.263398  0.785398         0 -0.785398  0.785398         0 -0.785398  0.785398 -0.785398  0.785398
0.0468803
0.0184151
0.253165
100
4
96
0.0445227
0.0282259
0.0382783 0.0493039 0.0281058 0.0468799 0.0462912 0.0521745 0.0385715 0.0512114 0.0378895 0.0440682 0.0231439 0.0525508 0.0406116 0.0264558 0.0425465 0.0433961 0.0489381 0.00297317 0.0339767 0.021956 0.0635996 0.0690846 0.028231 0.0448378 0.0473653 0.0327547 0.0458737 0.0501151 0.042707 0.0590465 0.0415658 0.0538468 0.0371153 0.0585232 0.00643986 0.0074196 0.0662753 0.067695 0.0582358 0.0600125 0.0607151 0.0383493 0.0599286 0.0537848 0.00463925 0.0558928 0.0625602 0.0711265 0.0759376 0.0409928 0.0616862 0.0453894 0.0439945 0.0437159 0.0214521 0.05151 0.0626436 0.0591193 0.0324087 0.0611385 0.0158611 0.0500474 0.0525919 0.0456893 0.0387126 0.0477059 0.0554968 0.0573298 0.0505073 0.0395359 0.0686774 0.0394021 0.027903 0.0328669 0.0252577 0.0558486 0.0396104 0.0415844 0.0643714 0.0406534 0.0534309 0.0553778 0.0436688 0.0632632 0.0668183 0.0467706 0.0262616 0.0258175 0.0615946 0.0497887 0.0278519 0.0420457 0.0328095 0.0201635 0.028759 0.023055 
0.0193439 0.0195203 0.0224276 0.0194913 0.0226199 0.0159448 0.0202113 0.0202118 0.0171778 0.0187802 0.0155833 0.021258 0.0188814 0.0206586 0.0267259 0.0194869 0.0192729 0.0205799 0.0190555 0.0223753 0.0198158 0.0335252 0.0196309 0.0192857 0.0192499 0.0202407 0.019633 0.0178916 0.0187484 0.0195033 0.0223944 0.0202879 0.0180117 0.017052 0.0234743 0.027965 0.0277979 0.0204141 0.0139135 0.0201576 0.193716 0.0151904 0.0197574 0.020389 0.0014134 0.0191345 0.0214685 0.0192374 0.0196938 0.0182631 0.0256369 0.019696 0.019701 0.0205071 0.0208468 0.019612 0.0193408 0.0145912 0.0207729 0.0191438 0.0201033 0.0190289 0.0174894 0.0194556 0.0208159 0.0193404 0.184817 0.0191749 0.0210141 0.0178148 0.0193503 0.0191551 0.0180451 0.0208473 0.0183117 0.0197301 0.0206029 0.0135656 0.0188609 0.0190526 0.0212941 0.0199187 0.170724 0.0184957 0.0197663 0.0221261 0.0197542 0.0310714 0.017468 0.0189288 0.019495 0.164809 0.0201565 0.0201548 0.188368 0.0238659 
