-0.0876538 -0.869679 -0.485773 0.0785465 -0.154433  0.493617 -0.855858  0.127619  0.984107         0 -0.177574  0.113178 0 0 0 1         0 -0.350398  0.785398         0 -0.263398    1.3074 -0.350398    1.4814         0 -0.785398  0.785398         0 -0.785398  0.785398 -0.785398  0.785398
0.123047
0.159727
0.178521
100
24
76
0.0729429
0.0865149
0.00479179 0.0851053 0.112887 0.084314 0.0907389 0.017536 0.0969993 0.0850048 0.0928098 0.133045 0.00931087 0.0694976 0.022149 0.0618451 0.0689674 0.0472371 0.0993471 0.0948766 0.117221 0.102725 0.0816032 0.0381456 0.105413 0.0984042 0.106302 0.141041 0.0864172 0.1002 0.042025 0.0981978 0.0966726 0.0846544 0.0968649 0.0137201 0.0175031 0.094031 0.016382 0.0889801 0.0324581 0.0693492 0.0101224 0.108253 0.0805345 0.0197431 0.0112738 0.0979821 0.087327 0.12005 0.0827986 0.108931 0.139414 0.0507119 0.104533 0.0911327 0.0937378 0.0199831 0.114146 0.0424888 0.0835215 0.00884626 0.0152814 0.123618 0.0252247 0.0843872 0.00219777 0.0914403 0.0747151 0.0425411 0.0761876 0.066953 0.11238 0.114059 0.0956659 0.0359917 0.0858835 0.0168319 
0.0312291 0.0781055 0.144618 0.160158 0.0573279 0.0533806 0.120877 0.0545265 0.0591296 0.124192 0.0420221 0.149915 0.0361463 0.0947984 0.0507983 0.0524213 0.114484 0.0905091 0.117737 0.116289 0.0553083 0.0462116 0.116972 0.0890106 0.156906 0.186077 0.0511676 0.0564135 0.05209 0.111876 0.147946 0.0779177 0.143906 0.0499247 0.050963 0.0969441 0.0521627 0.078835 0.0508487 0.059115 0.0471666 0.147972 0.0479067 0.0548028 0.0439969 0.111504 0.0578093 0.12737 0.0915189 0.0995805 0.130574 0.0550857 0.15211 0.0905946 0.059212 0.045783 0.157677 0.0969071 0.0545436 0.0544382 0.0813479 0.124795 0.0461714 0.0797505 0.0365719 0.0867182 0.0534215 0.0460114 0.11433 0.0682484 0.165403 0.167321 0.0941752 0.0526536 0.0822622 0.0701361 
