0.048736  -0.2717 0.961147 -0.13404 -0.0137592 -0.962382 -0.271352 0.0655447  0.998717         0 -0.050641 0.0756606 0 0 0 1          0  -0.176398     1.5684          0 -0.0893982     1.5684  -0.785398     1.6554         0 -0.785398  0.785398         0 -0.785398  0.785398 -0.785398  0.785398
0.119672
0.194881
0.0506626
100
60
40
0.0765375
0.119992
0.0624788 0.0309464 0.0321974 0.209988 0.0619026 0.0061055 0.0183034 0.179291 0.117486 0.124481 0.0695834 0.0261293 0.0853096 0.141158 0.189946 0.215929 0.0594723 0.171333 0.0540486 0.168292 0.0130053 0.190843 0.00152009 0.0606838 0.0692339 0.011331 0.0627342 0.00170347 0.0654259 0.0179278 0.010331 0.134726 0.0523026 0.0278302 0.0456853 0.0170997 0.00212393 0.0694446 0.0018701 0.181296 
0.164555 0.0277865 0.0486228 0.274261 0.168613 0.0399673 0.0612017 0.249997 0.105324 0.104911 0.16797 0.0494927 0.13013 0.201503 0.260203 0.32251 0.11791 0.279229 0.0539857 0.229493 0.0259461 0.26084 0.0726239 0.0301435 0.054307 0.0396698 0.188415 0.079192 0.0530855 0.0759886 0.077241 0.121414 0.0285771 0.046248 0.0525723 0.0475834 0.0735317 0.100762 0.0728652 0.241028 
