0.0199683 -0.277246  0.960591 -0.134377 -0.00576202 -0.960799 -0.277186 0.0667794   0.999784          0 -0.0207831  0.0526635 0 0 0 1         0 -0.176398    1.5684         0 -0.176398    1.6554 -0.785398    1.5684         0 -0.785398  0.785398         0 -0.785398  0.785398 -0.785398  0.785398
0.178701
0.207823
0.0207846
100
56
44
0.0739013
0.117141
0.0219077 0.00436812 0.0494853 0.121685 0.128974 0.0612969 0.104933 0.121441 0.158209 0.0409844 0.125358 0.0592751 0.0472841 0.0070519 0.129411 0.144401 0.176217 0.0339742 0.0524562 0.150626 0.090493 0.0125439 0.0620183 0.0173519 0.122375 0.00480535 0.0049488 0.178942 0.131097 0.142315 0.0307321 0.0104525 0.00235606 0.0438897 0.0507593 0.0596515 0.0293673 0.00636138 0.152774 0.0128296 0.0535825 0.00577719 0.201229 0.0856668 
0.0251937 0.0758382 0.0543615 0.107245 0.205445 0.0576234 0.112474 0.105076 0.171262 0.0302058 0.10578 0.0334885 0.0525939 0.0740146 0.106616 0.22815 0.220877 0.152896 0.0522476 0.151363 0.124502 0.0755816 0.195126 0.0714889 0.216512 0.0862741 0.0830928 0.277823 0.228136 0.189885 0.0504944 0.0823851 0.0582136 0.0496625 0.0560547 0.194134 0.141147 0.0751668 0.212863 0.0765412 0.0555301 0.0255314 0.275843 0.129464 
