-0.000401362  -0.948117   0.317922 -0.0401634 0.00119695 -0.317922 -0.948116  0.151487   0.999999          0 0.00126245 -0.0160299 0 0 0 1         0 -0.350398    1.3074         0 -0.350398    1.3074 -0.263398  0.785398         0 -0.785398  0.785398         0 -0.785398  0.785398 -0.785398  0.785398
0.0873303
0.176102
0.00126245
100
23
77
0.078458
0.124933
0.154015 0.0547702 0.0204515 0.129784 0.0117416 0.0123787 0.0121118 0.101837 0.0827658 0.101229 0.0136188 0.132359 0.104758 0.135849 0.0249141 0.15118 0.0160467 0.0900852 0.0917073 0.0155719 0.0903777 0.00765621 0.138407 0.0488953 0.00162493 0.0112545 0.0744555 0.0217971 0.0814026 0.151726 0.0647847 0.0350022 0.123311 0.0364319 0.12883 0.141832 0.0854686 0.0176625 0.124135 0.125212 0.0925713 0.12185 0.00843847 0.0152137 0.0291995 0.0689519 0.0084468 0.051977 0.0238627 0.130336 0.0560962 0.0830057 0.0360625 0.136479 0.0417928 0.0283483 0.153161 0.0963713 0.0699797 0.084137 0.145593 0.0851284 0.159702 0.0810015 0.0877337 0.0659674 0.138639 0.0978257 0.180321 0.0898088 0.127854 0.0765093 0.109632 0.0733056 0.111742 0.0887242 0.0180549 
0.247654 0.119304 0.0227828 0.163765 0.0158058 0.0210468 0.0170088 0.199877 0.231021 0.0620623 0.102221 0.143124 0.234956 0.18481 0.0176433 0.250424 0.0185104 0.136738 0.154958 0.0116522 0.195519 0.0178835 0.146431 0.117274 0.0188978 0.0206217 0.127526 0.0144589 0.0387044 0.24199 0.132403 0.0132545 0.25202 0.0922443 0.228434 0.252038 0.0437425 0.0202765 0.187615 0.182627 0.0625961 0.162111 0.0475046 0.202361 0.0150307 0.151076 0.0216065 0.244224 0.0200669 0.23462 0.124396 0.235453 0.0225895 0.219815 0.0225878 0.0155456 0.20447 0.178677 0.0420899 0.208334 0.182627 0.0384683 0.263116 0.0365114 0.0636225 0.0883932 0.258599 0.0560932 0.367307 0.0673594 0.247382 0.128787 0.208527 0.107572 0.139511 0.21064 0.0208822 
