-0.00192221 -0.948117 -0.317916 0.0582211 -0.00573246  0.317922 -0.948099  0.145385    0.999982           0 -0.00604615   0.0287363 0 0 0 1         0 -0.263398  0.785398         0 -0.263398  0.785398 -0.350398    1.3074         0 -0.785398  0.785398         0 -0.785398  0.785398 -0.785398  0.785398
0.0834749
0.0994191
0.00604619
100
26
74
0.082279
0.0736155
0.121326 0.00366742 0.00988127 0.118716 0.0113696 0.0779742 0.103845 0.11932 0.12259 0.112089 0.0207613 0.11976 0.0984405 0.120667 0.0767692 0.118404 0.0857564 0.0914685 0.118573 0.110627 0.0882992 0.131488 0.106474 0.0868301 0.00545652 0.0897582 0.104687 0.127049 0.111837 0.120732 0.0790215 0.0864885 0.0914938 0.00956649 0.113051 0.0990944 0.00174832 0.0988124 0.13758 0.012219 0.0237864 0.131421 0.109715 0.109051 0.00521557 0.0780539 0.115269 0.00861166 0.0801647 0.117631 0.00500356 0.120683 0.133516 0.0792743 0.0111144 0.0884883 0.0275723 0.103774 0.0858965 0.0747633 0.103924 0.101852 0.118777 0.0923235 0.00762394 0.0495885 0.00427307 0.0878257 0.0953383 0.0868104 0.0809373 0.0829631 0.0876375 0.116072 
0.0877627 0.0117119 0.0187626 0.130259 0.0188831 0.101531 0.0895901 0.0638738 0.0639832 0.119197 0.0205162 0.0800341 0.106952 0.0929427 0.0442851 0.0836209 0.0397169 0.0943278 0.0830549 0.078947 0.085081 0.115464 0.0668433 0.088899 0.0115819 0.0746707 0.100966 0.0916164 0.0908006 0.064524 0.0886704 0.0615594 0.0787891 0.0132866 0.0553298 0.1117 0.0179542 0.105597 0.121827 0.118411 0.0167624 0.0978727 0.0978596 0.061455 0.0805511 0.0743523 0.0804553 0.0205262 0.0696315 0.100138 0.0131563 0.0643842 0.107932 0.0664387 0.110404 0.0833288 0.196696 0.0963842 0.0376646 0.0422327 0.0463453 0.0944246 0.110731 0.0654237 0.019621 0.136486 0.0197013 0.0401683 0.0651416 0.0432813 0.106089 0.0444532 0.0406881 0.103244 
