-0.000401362 -0.948117 -0.317922 0.0582345 -0.00119695  0.317922 -0.948116  0.145427    0.999999           0 -0.00126245   0.0160299 0 0 0 1         0 -0.263398  0.785398         0 -0.263398  0.785398 -0.350398    1.3074         0 -0.785398  0.785398         0 -0.785398  0.785398 -0.785398  0.785398
0.125708
0.101401
0.00126245
100
20
80
0.0767474
0.0657424
0.0115932 0.0102131 0.109305 0.016005 0.104568 0.0873466 0.116043 0.0918064 0.109634 0.101582 0.105392 0.0813819 0.0323609 0.0998993 0.139328 0.0852036 0.101999 0.0946684 0.112743 0.0152118 0.00328016 0.00988978 0.105596 0.137637 0.0154083 0.122133 0.114539 0.116001 0.00495373 0.148085 0.138275 0.0188549 0.116849 0.0956668 0.00590997 0.12545 0.0995792 0.0355374 0.0163764 0.00526938 0.131744 0.079756 0.0864288 0.112995 0.0199867 0.0227017 0.0163704 0.0906058 0.111279 0.108572 0.111433 0.0950201 0.0919683 0.120253 0.0210755 0.0999528 0.119523 0.00302431 0.100509 0.117644 0.128797 0.0260345 0.00885593 0.0979176 0.0424188 0.0800483 0.102655 0.104417 0.135642 0.0998635 0.0314148 0.130625 0.0935067 0.00808834 0.107478 0.0985717 0.00397698 0.00591973 0.00165495 0.109487 
0.0119316 0.0148143 0.0681579 0.0212595 0.0577738 0.110873 0.0786905 0.0640565 0.068452 0.0775193 0.120135 0.0516231 0.19219 0.0468893 0.137246 0.069261 0.0656165 0.0693604 0.0539057 0.0126808 0.0135009 0.0191821 0.122426 0.0958735 0.0179169 0.0688217 0.0860438 0.100318 0.0167985 0.124793 0.127436 0.0198693 0.069565 0.0502205 0.010979 0.0837408 0.0563648 0.212075 0.0123202 0.019433 0.102338 0.0716921 0.066545 0.0849696 0.0173472 0.0219611 0.0213991 0.0438222 0.108487 0.0621377 0.0670737 0.0450005 0.108226 0.118538 0.0215049 0.0671837 0.0665121 0.006377 0.0654274 0.118939 0.0672826 0.0197239 0.0189538 0.101045 0.0788364 0.0394991 0.0603122 0.0657682 0.0924718 0.107311 0.105859 0.111475 0.118443 0.0201348 0.0617779 0.0627646 0.015682 0.0195539 0.0199661 0.0669329 
