0.00427731 -0.27725 0.960788  -0.1346 -0.00123427 -0.960798 -0.277247   0.06701     0.99999           0 -0.00445183    0.028545 0 0 0 1         0 -0.176398    1.5684         0 -0.176398    1.5684 -0.785398    1.5684         0 -0.785398  0.785398         0 -0.785398  0.785398 -0.785398  0.785398
0.177969
0.210909
0.00445184
100
46
54
0.0881374
0.141093
0.00412431 0.227929 0.189319 0.0610707 0.00623008 0.153738 0.0332077 0.00783216 0.0158488 0.140971 0.00421127 0.148476 0.138514 0.00937395 0.13711 0.00179953 0.0526455 0.0120127 0.201104 0.067809 0.202511 0.183125 0.0239673 0.0409008 0.0521018 0.0622928 0.22078 0.205051 0.0268039 0.193635 0.0946724 0.0903785 0.0836197 0.00900069 0.0888557 0.0395726 0.163339 0.0559477 0.174454 0.18612 0.122472 0.028978 0.0142434 0.14129 0.0180421 0.0110001 0.00515945 0.00780772 0.0130839 0.195723 0.200581 0.151729 0.00114763 0.0377064 
0.0935437 0.309501 0.212987 0.033526 0.048057 0.145428 0.0341151 0.063837 0.0829067 0.154834 0.0913528 0.168415 0.167181 0.0878624 0.121125 0.085926 0.0525387 0.0745248 0.338152 0.0316884 0.341679 0.259571 0.0445846 0.0503542 0.0311211 0.0322461 0.287113 0.253885 0.201728 0.301431 0.143376 0.176921 0.097963 0.0637865 0.180324 0.0528016 0.171476 0.0316427 0.245491 0.350988 0.113504 0.0974107 0.0444571 0.227198 0.0744813 0.0889385 0.0806187 0.0884438 0.0861281 0.379072 0.282839 0.231636 0.0573018 0.0510244 
