0.00192221 -0.948117  0.317916  -0.04015 -0.00573246 -0.317922 -0.948099  0.151445    0.999982           0 -0.00604615   0.0287363 0 0 0 1         0 -0.350398    1.3074         0 -0.350398    1.3074 -0.263398  0.785398         0 -0.785398  0.785398         0 -0.785398  0.785398 -0.785398  0.785398
0.0789817
0.150367
0.00604619
100
23
77
0.0678104
0.101462
0.0745973 0.015481 0.00247967 0.0930097 0.0794449 0.119434 0.0825419 0.0840743 0.0829806 0.00720188 0.00314812 0.0814499 0.0931759 0.118518 0.0248874 0.0368533 0.0180011 0.092441 0.0911789 0.0338611 0.122235 0.091128 0.0967716 0.113454 0.0278551 0.125997 0.109837 0.143426 0.0948708 0.15919 0.098982 0.0308349 0.0748529 0.00579125 0.00776565 0.068207 0.0142013 0.0601204 0.0483 0.0167691 0.00991704 0.0883058 0.0105208 0.00168504 0.0253585 0.106921 0.104269 0.116875 0.0133264 0.126005 0.0815723 0.133003 0.126121 0.0108767 0.0157479 0.0882045 0.00971711 0.0230102 0.0644419 0.126492 0.0213265 0.0340289 0.123201 0.056626 0.111602 0.122092 0.145649 0.144926 0.0175978 0.109356 0.0195736 0.0196279 0.0412507 0.0369423 0.0851014 0.0352753 0.0695073 
0.0415627 0.0208187 0.0209362 0.0637182 0.11974 0.0706622 0.129764 0.174176 0.130774 0.0134557 0.0095169 0.13053 0.0651684 0.253304 0.0790113 0.022085 0.039464 0.0647478 0.209382 0.0120431 0.216149 0.0516155 0.109834 0.216768 0.0727608 0.179669 0.178224 0.248224 0.0659619 0.19086 0.0580836 0.0208451 0.102594 0.0114867 0.115214 0.101576 0.0156615 0.135292 0.0891947 0.0216445 0.0121104 0.0595327 0.0752183 0.0110832 0.0733228 0.225049 0.137595 0.242108 0.020563 0.184623 0.0365983 0.235297 0.251401 0.0188067 0.0220282 0.0514597 0.0137339 0.0928458 0.040172 0.158536 0.0224234 0.1115 0.170266 0.112488 0.241547 0.182204 0.187902 0.184625 0.0230875 0.247269 0.0199687 0.0844967 0.103971 0.102283 0.046801 0.0977425 0.0393696 
