-0.0272149 -0.930649 -0.364901 0.0639245 -0.069217  0.365914 -0.928071  0.140926   0.99723         0 -0.074375 0.0800995 0 0 0 1         0 -0.350398  0.785398         0 -0.263398    1.0464 -0.350398    1.3074         0 -0.785398  0.785398         0 -0.785398  0.785398 -0.785398  0.785398
0.125812
0.0999738
0.0744437
100
39
61
0.096718
0.0892313
0.00130895 0.107226 0.120854 0.145611 0.113479 0.101457 0.0025194 0.103849 0.101428 0.061364 0.104661 0.124059 0.101421 0.093301 0.100525 0.0938158 0.121692 0.0862979 0.088698 0.140522 0.0678789 0.106195 0.120102 0.104756 0.101461 0.117184 0.1418 0.0658335 0.117326 0.133495 0.142929 0.134395 0.162563 0.0142327 0.0677303 0.102023 0.0961618 0.0139993 0.149776 0.136584 0.00436323 0.0105284 0.0994097 0.145236 0.119054 0.126498 0.0843299 0.07856 0.0935945 0.0918795 0.0352824 0.112371 0.0191047 0.0959083 0.116755 0.126969 0.141646 0.0804644 0.106272 0.0790865 0.121971 
0.0221184 0.0643656 0.095868 0.111183 0.0973363 0.0597087 0.0198725 0.0629118 0.0640859 0.106788 0.061373 0.169686 0.0626113 0.0603271 0.0614983 0.0599047 0.101737 0.0617996 0.0630317 0.109371 0.083994 0.10286 0.162392 0.0640836 0.062963 0.105903 0.113032 0.0617065 0.16395 0.110732 0.114109 0.112479 0.216853 0.113763 0.062018 0.0611084 0.0533297 0.0840934 0.108187 0.119805 0.0214541 0.0533217 0.0622087 0.10913 0.119289 0.114684 0.0510897 0.0602468 0.0603158 0.158475 0.133787 0.0575065 0.150245 0.0625265 0.093574 0.112568 0.115892 0.064683 0.0907329 0.0619231 0.0965159 
