-0.0211186  0.972068 -0.233748 0.0246002   0.995943          0 -0.0899812  0.0172911 -0.0874679 -0.234701 -0.968124  0.243554 0 0 0 1         0 -0.263398  0.785398         0 -0.263398  0.785398 -0.524398  0.785398         0 -0.785398  0.785398         0 -0.785398  0.785398 -0.785398  0.785398
0.054816
0.0195916
0.253165
100
1
99
0.0446282
0.0234995
0.0403326 0.0313943 0.0577805 0.0183544 0.0446609 0.0495203 0.0423735 0.0460924 0.0438848 0.065366 0.0707365 0.0462256 0.0230754 0.0505455 0.044812 0.0484781 0.0469142 0.0507991 0.0514093 0.0617286 0.022053 0.0414406 0.045176 0.0618222 0.0495817 0.0110302 0.0557921 0.0434468 0.0500883 0.0287028 0.0537998 0.0632452 0.0429425 0.00991294 0.0378192 0.0543835 0.00648643 0.047598 0.0133319 0.0085254 0.0330409 0.040384 0.0392232 0.0491953 0.0493318 0.0344887 0.0266184 0.053768 0.0242227 0.0491716 0.0586135 0.0420903 0.0566363 0.0511742 0.040502 0.0614561 0.0107301 0.05451 0.0504649 0.0677941 0.0571495 0.0493412 0.0304089 0.0365655 0.0477801 0.0501129 0.0537099 0.06248 0.00228215 0.046893 0.0417571 0.0457004 0.0794721 0.064162 0.0513049 0.0555719 0.0788806 0.030084 0.010917 0.0587435 0.0700766 0.0297033 0.0106611 0.0579258 0.0534248 0.0758857 0.0328294 0.0556894 0.0416617 0.0425307 0.0613753 0.0727471 0.0536151 0.0437735 0.0450991 0.0344607 0.0174732 0.0280269 0.0628415 
0.0193356 0.0185752 0.0262414 0.0187441 0.02023 0.0191522 0.0190727 0.0195534 0.0188532 0.0203753 0.019752 0.0223476 0.0181875 0.0195387 0.0186059 0.0193218 0.0188221 0.0186502 0.017669 0.0200451 0.0203728 0.0218241 0.0190014 0.0158235 0.0182035 0.0012824 0.0186329 0.0196086 0.0182347 0.019856 0.0189313 0.0575585 0.0193133 0.0243536 0.0185978 0.0184124 0.000958129 0.0201432 0.00150076 0.00142903 0.0182026 0.0228684 0.0188989 0.0191816 0.0180123 0.0207631 0.0242897 0.0194631 0.0190398 0.0205233 0.0184357 0.019611 0.0223054 0.0161008 0.0211205 0.0197859 0.00137426 0.0189492 0.0191817 0.0193472 0.0183981 0.0192028 0.0188845 0.0196562 0.0215771 0.0191138 0.0176475 0.0261544 0.00120093 0.0138329 0.0191899 0.0195894 0.167041 0.0174022 0.0171898 0.0212573 0.18669 0.0254824 0.0189475 0.0195788 0.0215548 0.0203616 0.0209846 0.0190364 0.0196782 0.162069 0.0184202 0.0198646 0.0192291 0.0196312 0.0191856 0.0188092 0.0196833 0.0202314 0.0191023 0.0190449 0.0193752 0.0179115 0.0196753 
