-0.00192221 -0.948117  0.317916  -0.04015 0.00573246 -0.317922 -0.948099  0.151445   0.999982          0 0.00604615 -0.0287363 0 0 0 1         0 -0.350398    1.3074         0 -0.350398    1.3074 -0.263398  0.785398         0 -0.785398  0.785398         0 -0.785398  0.785398 -0.785398  0.785398
0.0765204
0.154834
0.00604619
100
25
75
0.0705127
0.105212
0.0112148 0.0726181 0.134401 0.13087 0.0390071 0.0838605 0.0228466 0.0879504 0.0898127 0.0415404 0.0753729 0.00471851 0.0635448 0.134427 0.136652 0.0729853 0.125185 0.145756 0.0358602 0.0913702 0.0965411 0.0829571 0.0351657 0.091282 0.0872169 0.0351277 0.0246721 0.00853228 0.0242436 0.0083995 0.00118571 0.09277 0.0823465 0.12095 0.00727395 0.0565014 0.0375812 0.0888736 0.1246 0.00547683 0.0436587 0.0842775 0.0941806 0.0724429 0.0406777 0.0138446 0.0586603 0.0750898 0.00147765 0.0698141 0.135212 0.0634489 0.0823822 0.00545411 0.0886247 0.0432038 0.0790308 0.133622 0.0264527 0.0615571 0.0612536 0.127203 0.112938 0.121982 0.135263 0.0781263 0.0520067 0.106174 0.0228361 0.0489021 0.0794367 0.0976816 0.148377 0.0109275 0.100541 
0.0113129 0.12034 0.183874 0.22805 0.118258 0.17737 0.0121347 0.0466866 0.221219 0.0226765 0.0563183 0.0180585 0.0382407 0.257184 0.166881 0.037545 0.232935 0.203312 0.108645 0.121478 0.140266 0.04043 0.114802 0.189191 0.146307 0.0124812 0.101698 0.0667648 0.0123561 0.0214729 0.0107691 0.186534 0.143206 0.140736 0.0158448 0.102951 0.0225005 0.206994 0.15182 0.010637 0.102798 0.0646269 0.0568395 0.195383 0.090476 0.0195139 0.0768872 0.0368695 0.109131 0.0451255 0.181023 0.0350306 0.220462 0.0108022 0.130955 0.109032 0.0346657 0.197747 0.0205575 0.0408178 0.0366994 0.212155 0.160668 0.0636499 0.257662 0.23554 0.0670459 0.066026 0.0117384 0.1148 0.0658566 0.153906 0.18273 0.0694992 0.193914 
