0.00192221 -0.948117 -0.317917 0.0582212 0.00573246  0.317922 -0.948099  0.145385   0.999982          0 0.00604615 -0.0287363 0 0 0 1         0 -0.263398  0.785398         0 -0.263398  0.785398 -0.350398    1.3074         0 -0.785398  0.785398         0 -0.785398  0.785398 -0.785398  0.785398
0.083827
0.104435
0.00604619
100
26
74
0.082442
0.0821295
0.0218768 0.0204718 0.0181904 0.0125348 0.119248 0.0126727 0.132173 0.100524 0.0769965 0.0324089 0.00924754 0.104518 0.0789856 0.0930604 0.143646 0.104132 0.020868 0.100636 0.0112254 0.00475253 0.0947789 0.125388 0.107378 0.110337 0.0971986 0.159037 0.110788 0.106232 0.0867319 0.00110984 0.054164 0.0923685 0.104348 0.104077 0.128591 0.0892509 0.105461 0.115838 0.0909978 0.104664 0.151591 0.100597 0.129618 0.116044 0.00690345 0.0788733 0.12599 0.0266929 0.117255 0.120754 0.0101192 0.146369 0.105866 0.0897407 0.0789852 0.00536662 0.0964094 0.116151 0.0951662 0.14968 0.0783501 0.106536 0.10759 0.158106 0.017298 0.0917023 0.0979101 0.0153435 0.0192112 0.0752319 0.123047 0.0100435 0.100974 0.024284 
0.110797 0.0225797 0.021066 0.0125947 0.124062 0.0216664 0.109845 0.0565364 0.0746987 0.225202 0.0129216 0.0975951 0.102006 0.0393421 0.111366 0.108881 0.0150832 0.0837281 0.0187586 0.0145552 0.0814956 0.0677547 0.0986235 0.0831449 0.0454972 0.128313 0.115411 0.0686604 0.0810699 0.015294 0.0678765 0.0804094 0.0648827 0.0648607 0.103412 0.0725229 0.116644 0.058578 0.0867564 0.0902821 0.11963 0.062954 0.11879 0.11851 0.0126624 0.0400677 0.111654 0.022213 0.0799213 0.113128 0.0210854 0.120406 0.0621414 0.187508 0.0391217 0.0137956 0.074182 0.118165 0.218931 0.117 0.0871741 0.0662476 0.064904 0.128052 0.0123359 0.0790045 0.0597684 0.175226 0.194807 0.0779346 0.0831463 0.0184971 0.0660822 0.217761 
