0 44.176 87.765 49.522 0.01735 0.13282 -0.47459 -0.86996
1 29.978 105.206 57.923 0.36877 -0.57323 0.23811 0.6919
2 39.635 145.102 105.909 0.94496 0.32355 -0.02611 0.04094
0 37.089 89.686 50.026 -0.09811 -0.02039 -0.46338 -0.88048
1 29.983 105.21 57.923 0.36879 -0.57321 0.23811 0.6919
2 39.646 145.115 105.909 0.94496 0.32355 -0.02615 0.04108
0 31.459 94.995 52.216 -0.21072 -0.15701 -0.34292 -0.90186
1 29.996 105.21 57.913 0.36884 -0.57313 0.23818 0.69192
2 39.606 145.101 105.92 0.94498 0.3235 -0.02632 0.04097
0 28.986 98.433 54.577 -0.26096 -0.15135 -0.29465 -0.90674
1 29.976 105.225 57.899 0.36859 -0.57327 0.23819 0.69193
2 39.515 145.123 105.959 0.94493 0.32353 -0.02648 0.04171
0 28.089 99.436 56.178 -0.27144 -0.11339 -0.29873 -0.90787
1 29.974 105.222 57.897 0.36863 -0.57333 0.23818 0.69187
2 39.526 145.103 105.973 0.94494 0.32354 -0.02644 0.04138
0 28.113 100.033 56.849 -0.25257 -0.06318 -0.31015 -0.91434
1 29.901 105.451 58.019 0.36504 -0.57443 0.23045 0.69546
2 39.7 145.091 105.937 0.94504 0.32338 -0.0263 0.04036
0 28.109 100.323 56.752 -0.25696 -0.05534 -0.31509 -0.91194
1 29.861 105.61 57.99 0.37125 -0.56478 0.22464 0.70195
2 39.498 145.097 105.986 0.94495 0.32348 -0.02627 0.0418
0 29.091 103.043 52.789 -0.30975 0.05211 -0.16185 -0.93549
1 28.521 107.249 56.727 0.47274 -0.60951 0.07649 0.6318
2 39.497 145.137 105.944 0.94489 0.32359 -0.02624 0.04222
0 31.349 107.813 52.212 -0.39952 0.2132 0.12413 -0.8829
1 26.664 109.263 60.16 0.64259 -0.60391 -0.17573 0.4376
2 39.545 145.096 105.962 0.94489 0.3236 -0.02624 0.04218
0 32.981 111.844 57.555 -0.49562 0.36018 0.37869 -0.6937
1 25.21 111.494 66.332 0.75545 -0.53507 -0.35113 0.1404
2 39.569 145.185 105.893 0.94502 0.32336 -0.02605 0.04132
0 32.573 113.041 59.524 -0.52902 0.41062 0.45031 -0.59054
1 24.527 113.178 67.118 0.77093 -0.50476 -0.38843 -0.00137
2 39.433 145.133 106.002 0.94489 0.3236 -0.02636 0.04219
0 32.414 113.575 59.57 -0.53718 0.42635 0.463 -0.5615
1 24.675 114.032 66.635 0.7698 -0.49959 -0.39485 -0.04375
2 39.328 145.21 105.912 0.94494 0.32337 -0.02648 0.04262
