0 54.493 89.825 52 -0.06653 0.11695 -0.38942 -0.91118
1 52.978 111.369 73.738 0.72631 -0.03082 0.55661 0.40214
2 38.707 144.3 105.503 0.94466 0.32358 -0.02791 0.04618
0 52.378 91.271 52.314 -0.13909 0.06873 -0.38629 -0.90923
1 52.941 111.339 73.813 0.72642 -0.03075 0.55625 0.40244
2 38.939 144.231 105.496 0.94472 0.32369 -0.02733 0.04457
0 48.315 102.52 55.269 -0.44043 -0.19934 -0.19348 -0.85372
1 52.978 111.355 73.767 0.72621 -0.03073 0.55652 0.40244
2 38.723 144.34 105.422 0.94462 0.32366 -0.02776 0.04644
0 47.968 110.539 60.414 -0.50558 -0.28257 -0.10892 -0.80789
1 52.994 111.36 73.77 0.72634 -0.03072 0.5564 0.40237
2 38.814 144.297 105.438 0.94467 0.32367 -0.02773 0.04549
0 46.345 112.819 66.2 -0.46719 -0.36224 -0.10978 -0.79904
1 53.035 111.309 73.78 0.72656 -0.03049 0.5564 0.402
2 38.795 144.327 105.425 0.94473 0.3235 -0.02775 0.04536
0 46.716 113.059 67.686 -0.48961 -0.31262 -0.13184 -0.80322
1 53.635 111.525 73.706 0.72299 -0.06472 0.54029 0.42565
2 38.822 144.354 105.407 0.94469 0.32363 -0.02742 0.04552
0 46.626 110.75 57.211 -0.47689 -0.11703 -0.13355 -0.86084
1 48.81 110.702 63.403 0.74212 -0.22433 0.42599 0.46633
2 38.851 144.282 105.486 0.94476 0.3234 -0.02801 0.04542
0 41.356 110.854 49.428 -0.4122 0.05175 0.02822 -0.90918
1 38.066 110.075 57.399 0.78889 -0.29806 0.17948 0.50656
2 38.854 144.239 105.483 0.94469 0.32368 -0.02757 0.04506
0 37.939 113.942 51.777 -0.42742 0.21921 0.32369 -0.81516
1 30.344 111.402 59.934 0.87803 -0.232 -0.13929 0.39477
2 38.912 144.307 105.405 0.94474 0.32357 -0.02749 0.04493
0 36 114.985 57.153 -0.45231 0.34231 0.51068 -0.6461
1 27.502 113.027 62.681 0.90149 -0.16714 -0.33715 0.21381
2 38.712 144.267 105.531 0.9446 0.32378 -0.02777 0.04611
0 35.167 115.367 60.528 -0.44994 0.40746 0.57878 -0.54457
1 27.084 114.433 64.175 0.88021 -0.1415 -0.4427 0.0961
2 39.068 144.204 105.466 0.94475 0.32377 -0.02662 0.04372
