0 48.367 85.977 53.753 -0.04336 0.1155 -0.53293 -0.83712
1 23.354 89.182 49.414 0.38645 -0.53941 0.37196 0.64911
2 39.159 144.362 105.481 0.94494 0.32333 -0.02741 0.04236
0 46.817 84.826 52.905 -0.02139 0.12955 -0.53906 -0.83197
1 23.343 89.184 49.419 0.38642 -0.53952 0.37189 0.64907
2 39.242 144.334 105.499 0.9449 0.32353 -0.02695 0.04214
0 33.349 82.089 46.935 -0.07607 0.04771 -0.44258 -0.89222
1 23.344 89.179 49.418 0.38643 -0.53953 0.3719 0.64906
2 39.273 144.279 105.566 0.945 0.3232 -0.02713 0.04211
0 27.475 84.592 47.341 -0.0987 -0.00782 -0.38751 -0.91653
1 23.342 89.18 49.414 0.38637 -0.53956 0.37192 0.64905
2 39.214 144.385 105.457 0.94503 0.32316 -0.02753 0.04165
0 26.374 85.75 48.383 -0.08009 0.02562 -0.40413 -0.91083
1 23.378 89.158 49.423 0.38742 -0.53874 0.37296 0.64851
2 38.971 144.404 105.504 0.94489 0.32327 -0.02785 0.04356
0 26.36 85.998 48.066 -0.05636 0.06233 -0.39134 -0.9164
1 23.249 89.379 49.38 0.36441 -0.55437 0.35062 0.66102
2 39.027 144.405 105.452 0.94501 0.32308 -0.02733 0.04267
0 26.71 88.675 46.26 -0.10979 0.12301 -0.34626 -0.92354
1 23.371 91.727 47.773 0.40241 -0.56223 0.31269 0.6513
2 39.074 144.334 105.536 0.9449 0.32345 -0.02749 0.04229
0 27.922 97.606 42.877 -0.27485 0.21351 -0.11868 -0.92994
1 23.768 99.801 46.427 0.62005 -0.5119 0.13292 0.5795
2 39.168 144.351 105.504 0.9449 0.32345 -0.02726 0.04235
0 31.004 108 46.981 -0.42247 0.31462 0.19377 -0.82764
1 25.072 108.609 53.163 0.80491 -0.38833 -0.13773 0.42703
2 39.049 144.358 105.583 0.94477 0.32371 -0.02755 0.04325
0 32.058 112.726 54.475 -0.49435 0.35178 0.38353 -0.69625
1 25.305 112.586 61.213 0.87066 -0.2762 -0.29297 0.28254
2 38.945 144.349 105.566 0.94485 0.32342 -0.02747 0.04373
0 30.878 112.624 59.913 -0.53676 0.39515 0.53219 -0.52202
1 24.498 113.281 64.921 0.8807 -0.18447 -0.43026 0.07226
2 39.015 144.372 105.557 0.94486 0.32348 -0.02709 0.04323
0 30.466 112.675 59.993 -0.54016 0.40653 0.55171 -0.48844
1 24.401 113.655 64.47 0.87421 -0.17382 -0.4524 0.02954
2 39.063 144.371 105.56 0.94487 0.32351 -0.02732 0.04249
