0 47.267 89.539 53.929 -0.16497 -0.01223 -0.61702 -0.76937
1 11.996 109.627 61.167 0.408 -0.51604 0.27301 0.70193
2 40.087 145.171 105.908 0.94516 0.32344 -0.02517 0.03763
0 45.462 88.843 52.979 -0.16383 -0.01257 -0.61672 -0.76985
1 12 109.636 61.147 0.40793 -0.51608 0.27306 0.70192
2 39.921 145.178 106.002 0.9451 0.32348 -0.02502 0.03906
0 28.635 89.138 47.874 -0.16128 -0.06314 -0.4753 -0.86261
1 11.983 109.625 61.163 0.40793 -0.51605 0.27282 0.70204
2 40.193 145.105 105.946 0.94517 0.32347 -0.02499 0.03737
0 15.839 94.885 49.553 -0.17261 -0.1378 -0.35358 -0.90896
1 11.985 109.615 61.175 0.40794 -0.51604 0.27287 0.70202
2 39.971 145.112 106.014 0.9451 0.32354 -0.02534 0.03828
0 11.036 101.326 55.313 -0.19864 -0.19458 -0.29625 -0.91374
1 11.983 109.614 61.185 0.40803 -0.51609 0.27274 0.70198
2 40.069 145.092 106.033 0.94506 0.32372 -0.0252 0.03774
0 9.837 104.399 59.28 -0.20914 -0.19498 -0.2921 -0.91265
1 12.007 109.608 61.164 0.40805 -0.51612 0.27282 0.70192
2 39.966 145.069 106.053 0.94499 0.32384 -0.02538 0.03844
0 9.37 105.288 59.809 -0.18237 -0.13671 -0.31034 -0.9229
1 11.143 110.475 61.382 0.38258 -0.53058 0.24082 0.71702
2 39.949 145.167 105.994 0.94505 0.3236 -0.02534 0.03889
0 10.366 105.717 58.423 -0.20122 -0.11232 -0.28799 -0.92949
1 11.646 110.706 60.339 0.40596 -0.54084 0.22071 0.70284
2 40.028 145.107 105.972 0.94519 0.32332 -0.02502 0.038
0 16.923 108.902 53.977 -0.35468 0.04991 -0.05511 -0.93203
1 15.538 111.809 59.577 0.6122 -0.57423 0.04491 0.54171
2 40.06 145.142 105.924 0.94519 0.32333 -0.02533 0.03797
0 23.722 112.205 55.009 -0.46845 0.18721 0.14617 -0.85097
1 19.508 113.343 63.046 0.74972 -0.55433 -0.09618 0.3484
2 40.11 145.071 105.951 0.94512 0.32353 -0.02534 0.03777
0 27.096 113.278 59.006 -0.5505 0.37312 0.40084 -0.63012
1 20.1 113.969 66.315 0.82751 -0.48989 -0.27399 0.01303
2 40.054 145.07 105.968 0.94517 0.32338 -0.02538 0.03788
0 27.431 113.443 59.054 -0.56366 0.40866 0.43721 -0.56932
1 20.951 114.629 65.404 0.82571 -0.47709 -0.29367 -0.0659
2 40.081 145.065 105.998 0.94502 0.32379 -0.02534 0.03826
0 27.762 113.669 58.977 -0.56619 0.40938 0.43962 -0.56443
1 21.328 114.859 65.338 0.8271 -0.47424 -0.29306 -0.07156
2 39.984 145.111 105.913 0.94513 0.32337 -0.02506 0.03903
