0 52.085 86.865 49.333 -0.20277 0.04278 -0.61018 -0.76468
1 19.798 121.08 73.631 0.57856 -0.3271 0.37862 0.64415
2 40.606 145.18 106.034 0.94519 0.32327 -0.02686 0.03745
0 49.892 86.539 48.61 -0.20072 0.03762 -0.60385 -0.7705
1 19.843 121.082 73.634 0.57879 -0.32692 0.3788 0.64392
2 40.609 145.228 106 0.94518 0.32332 -0.02668 0.03729
0 43.678 85.549 46.507 -0.18519 0.0237 -0.59322 -0.78309
1 19.75 121.092 73.636 0.57839 -0.32732 0.3786 0.64419
2 40.815 145.245 105.917 0.94533 0.32307 -0.02636 0.03573
0 31.04 88.571 43.673 -0.22619 -0.06404 -0.4734 -0.8489
1 19.815 121.098 73.609 0.57868 -0.3272 0.37878 0.64389
2 40.859 145.151 106.013 0.94526 0.3233 -0.02612 0.03565
0 14.539 103.555 48.05 -0.29565 -0.20093 -0.25182 -0.89934
1 19.853 121.078 73.632 0.57878 -0.3268 0.37881 0.64399
2 40.828 145.2 105.948 0.94526 0.32325 -0.02609 0.03616
0 11.76 113.302 57.577 -0.32611 -0.27925 -0.18136 -0.88475
1 19.835 121.056 73.67 0.57891 -0.32685 0.37858 0.64397
2 40.812 145.158 105.973 0.9453 0.32309 -0.02645 0.03621
0 11.934 117.821 64.972 -0.32782 -0.3296 -0.16975 -0.86896
1 19.866 121.087 73.628 0.57873 -0.32694 0.37892 0.6439
2 40.772 145.289 105.897 0.94532 0.32295 -0.02679 0.03689
0 12.599 119.146 68.407 -0.31247 -0.3089 -0.18645 -0.87874
1 19.983 121.07 73.595 0.57897 -0.32661 0.37944 0.64355
2 40.816 145.195 105.969 0.94531 0.32306 -0.02651 0.03638
0 13.272 119.586 68.766 -0.29781 -0.26128 -0.19456 -0.89732
1 19.779 121.306 73.902 0.58374 -0.32222 0.37463 0.64427
2 40.738 145.22 105.963 0.94524 0.3232 -0.02657 0.03695
0 13.991 118.785 64.685 -0.3373 -0.20093 -0.21092 -0.89519
1 19.191 121.102 69.269 0.57917 -0.36784 0.37624 0.62265
2 40.621 145.141 106.008 0.94522 0.32335 -0.02597 0.03645
0 16.25 116.18 56.741 -0.38222 -0.10236 -0.17538 -0.90148
1 18.575 118.741 61.539 0.61146 -0.43251 0.32856 0.57541
2 40.527 145.152 105.999 0.94518 0.3234 -0.02586 0.03715
0 20.642 113.905 53.059 -0.4074 -0.01374 -0.04232 -0.91216
1 19.834 114.948 59.837 0.68913 -0.44223 0.19266 0.54075
2 40.603 145.17 105.957 0.9453 0.32311 -0.02581 0.03673
0 25.501 114.547 53.924 -0.46536 0.15028 0.21972 -0.84415
1 19.886 113.333 62.168 0.81877 -0.4161 -0.05331 0.39197
2 40.52 145.17 105.944 0.94529 0.32315 -0.02571 0.0367
0 28.018 114.54 57.896 -0.52068 0.36478 0.46905 -0.61305
1 20.067 113.88 63.147 0.88163 -0.36668 -0.28838 0.07149
2 40.406 145.234 105.91 0.94539 0.32275 -0.02604 0.03733
0 28.085 114.598 57.98 -0.52469 0.38086 0.47486 -0.59511
1 20.34 114.195 62.876 0.88064 -0.3665 -0.29739 0.0413
2 40.561 145.213 105.906 0.94531 0.32315 -0.02534 0.03631
