0 59.629 90.622 61.801 -0.21323 -0.01739 -0.44774 -0.86819
1 40.022 85.698 48.924 0.44909 -0.50787 0.42755 0.59798
2 38.42 144.418 105.474 0.94481 0.32349 -0.02634 0.04468
0 58.74 82.78 50.106 -0.01007 0.15226 -0.43766 -0.8861
1 40.009 85.691 48.944 0.44911 -0.50785 0.42734 0.59815
2 38.491 144.448 105.433 0.94487 0.32341 -0.02626 0.04405
0 47.808 82.543 49.384 -0.04488 0.04418 -0.38552 -0.92055
1 40.016 85.692 48.936 0.44914 -0.50786 0.42743 0.59804
2 38.249 144.454 105.55 0.94466 0.32376 -0.02675 0.04562
0 44.221 83.017 47.718 -0.07409 0.10263 -0.36361 -0.92291
1 39.946 85.849 48.97 0.44637 -0.50964 0.42473 0.60051
2 38.362 144.423 105.521 0.94474 0.32363 -0.02647 0.0451
0 44.034 83.258 47.814 -0.07248 0.13083 -0.3724 -0.91594
1 39.915 85.993 48.961 0.43425 -0.5192 0.41234 0.60979
2 38.486 144.433 105.407 0.94483 0.32349 -0.02629 0.04431
0 42.05 84.176 45.062 -0.10253 0.13594 -0.29681 -0.93963
1 37.946 86.725 47.046 0.47979 -0.47595 0.36561 0.64001
2 38.336 144.393 105.564 0.94468 0.32379 -0.02693 0.04488
0 36.192 92.973 41.697 -0.23389 0.17471 -0.06161 -0.95445
1 31.524 94.8 45.988 0.66068 -0.37305 0.17827 0.62654
2 38.283 144.493 105.445 0.94474 0.32354 -0.02636 0.0457
0 33.72 111.164 53.684 -0.44339 0.30855 0.41409 -0.73262
1 26.836 110.784 60.999 0.87209 -0.13475 -0.263 0.39004
2 38.292 144.471 105.479 0.94474 0.32355 -0.02636 0.04573
0 33.469 112.902 61.695 -0.50835 0.37643 0.57689 -0.51679
1 26.9 113.6 67.23 0.88038 -0.04544 -0.43763 0.17705
2 38.171 144.495 105.49 0.94473 0.32349 -0.02659 0.04626
0 34.108 112.853 60.804 -0.50547 0.36748 0.55614 -0.54787
1 27.486 113.321 66.747 0.88648 -0.05498 -0.41257 0.20228
2 38.399 144.464 105.492 0.9448 0.3235 -0.02627 0.04482
