0 47.517 87.133 44.589 -0.03507 0.25112 -0.45476 -0.85376
1 4.452 93.9 51.059 0.25141 -0.60501 0.22705 0.72056
2 39.876 145.021 105.971 0.94513 0.32352 -0.02471 0.03813
0 45.868 86.038 43.991 -0.02401 0.2561 -0.4628 -0.84832
1 4.458 93.895 51.073 0.25157 -0.60497 0.22694 0.72058
2 39.938 145.02 105.976 0.94512 0.32358 -0.02507 0.03774
0 29.91 80.937 41.285 0.00318 0.14561 -0.45562 -0.87818
1 4.475 93.894 51.074 0.2516 -0.60485 0.22707 0.72062
2 39.932 145.067 105.883 0.94521 0.32325 -0.02528 0.03812
0 17.447 82.879 43.043 -0.00994 0.00384 -0.3751 -0.92692
1 4.456 93.885 51.08 0.25154 -0.60501 0.22692 0.72056
2 39.989 145.009 105.92 0.9452 0.32336 -0.02503 0.03755
0 9.845 87.163 45.59 -0.04158 -0.04548 -0.36024 -0.93082
1 4.471 93.888 51.069 0.25161 -0.60497 0.22702 0.72053
2 39.946 145.03 105.95 0.94522 0.32331 -0.02536 0.0372
0 5.676 88.594 47.35 -0.03149 -0.05028 -0.39371 -0.91732
1 4.459 93.893 51.058 0.25149 -0.60507 0.22707 0.72048
2 40.054 145.035 105.909 0.94517 0.32346 -0.02501 0.03733
0 3.836 89.026 48.771 -0.0348 -0.03896 -0.42429 -0.90402
1 3.731 94.14 51.03 0.22094 -0.61879 0.19447 0.72833
2 39.991 145.059 105.91 0.94519 0.32343 -0.0247 0.03727
0 4.024 89.393 49.063 -0.04311 -0.01291 -0.44971 -0.89204
1 3.799 94.178 51.033 0.21583 -0.62117 0.18676 0.72985
2 39.881 145.119 105.851 0.94523 0.3232 -0.02511 0.03805
0 5.947 90.972 45.894 -0.08875 0.04148 -0.39982 -0.91134
1 5.145 95.317 48.146 0.26396 -0.65233 0.14098 0.69636
2 40.028 145.053 105.874 0.94523 0.32327 -0.02495 0.03771
0 12.202 98.117 41.805 -0.24136 0.13002 -0.20823 -0.93887
1 9.966 100.791 45.516 0.45492 -0.67412 0.01895 0.58159
2 39.884 145.057 105.927 0.94509 0.32356 -0.02533 0.03839
0 26.107 111.499 49.037 -0.46669 0.28004 0.15491 -0.82449
1 19.878 111.023 55.056 0.72182 -0.5951 -0.20279 0.28933
2 40.049 145.064 105.846 0.94529 0.32319 -0.02492 0.03681
0 30.329 114.189 56.809 -0.54632 0.34582 0.33858 -0.6836
1 22.439 113.134 62.17 0.80067 -0.51088 -0.29944 0.09088
2 40.025 145.072 105.839 0.94531 0.32318 -0.02433 0.03688
0 30.623 114.376 58.36 -0.55575 0.39685 0.41108 -0.60388
1 22.632 113.662 62.523 0.80059 -0.48642 -0.34964 -0.01394
2 39.931 145.038 105.907 0.94521 0.3233 -0.02522 0.03763
