108.683 -20.864 -9.303 0.25828 0.50546 0.82321 -0.01105 1 115.132 8.566 -6.805 0.1782 -0.6665 0.71924 0.08194 2 124.361 -11.006 0.253 -0.13305 -0.75158 -0.20513 0.61266 3 
108.748 -20.955 -9.352 0.25616 0.50609 0.82344 -0.01391 1 114.976 8.506 -6.824 0.18013 -0.66515 0.72036 0.07877 2 124.315 -10.966 0.234 -0.13026 -0.75257 -0.20288 0.61279 3 
108.866 -21.069 -9.359 0.25328 0.50702 0.82367 -0.01872 1 114.741 8.413 -6.858 0.18317 -0.66402 0.721 0.07537 2 124.281 -10.905 0.205 -0.12574 -0.75319 -0.19993 0.61394 3 
108.971 -21.212 -9.406 0.25172 0.50731 0.8239 -0.02177 1 114.588 8.315 -6.873 0.18533 -0.66385 0.72089 0.0726 2 124.274 -10.912 0.208 -0.12215 -0.75392 -0.19845 0.61425 3 
109.075 -21.341 -9.438 0.25079 0.50669 0.82447 -0.02485 1 114.492 8.221 -6.85 0.18802 -0.6643 0.71998 0.07061 2 124.314 -10.976 0.181 -0.11891 -0.75362 -0.19816 0.61534 3 
109.174 -21.477 -9.483 0.2471 0.50561 0.82607 -0.03017 1 114.164 8.05 -6.838 0.19244 -0.66398 0.71944 0.06713 2 124.23 -11.038 0.156 -0.11191 -0.75406 -0.19793 0.61619 3 
109.056 -21.91 -9.497 0.23641 0.50235 0.83069 -0.04125 1 113.03 7.569 -6.658 0.19818 -0.66133 0.7209 0.0606 2 123.487 -11.264 0.423 -0.09533 -0.75763 -0.19691 0.61492 3 
108.745 -23.74 -9.333 0.22306 0.50181 0.83292 -0.06842 1 110.844 5.86 -6.335 0.21809 -0.65633 0.721 0.04262 2 122.328 -12.308 0.765 -0.06773 -0.75961 -0.18852 0.61876 3 
108.752 -27.241 -9.203 0.21135 0.50434 0.83007 -0.10933 1 108.188 2.679 -6.168 0.24852 -0.64597 0.72143 0.02239 2 121.419 -14.51 0.954 -0.03262 -0.75636 -0.17007 0.63082 3 
109.437 -31.453 -9.21 0.19483 0.51271 0.82225 -0.1519 1 105.689 -1.331 -6.213 0.28052 -0.63234 0.722 -0.0133 2 120.659 -17.061 1.163 0.0083 -0.75672 -0.14292 0.63788 3 
110.933 -35.869 -9.748 0.16676 0.51952 0.81476 -0.19611 1 103.434 -5.964 -6.656 0.30891 -0.61955 0.71877 -0.06405 2 119.919 -19.959 0.871 0.05823 -0.76034 -0.112 0.63714 3 
112.545 -40.059 -10.818 0.14107 0.51962 0.8108 -0.22957 1 101.988 -10.497 -7.38 0.32177 -0.61458 0.71116 -0.11406 2 119.154 -23.164 0.194 0.10669 -0.76742 -0.09212 0.62545 3 
113.85 -43.503 -12.438 0.12379 0.5108 0.81362 -0.24856 1 101.2 -14.346 -8.299 0.32312 -0.61918 0.69957 -0.15103 2 118.596 -26.426 -0.843 0.14704 -0.77273 -0.08649 0.61139 3 
114.512 -46.34 -14.065 0.12339 0.48929 0.82383 -0.25822 1 100.979 -17.237 -9.025 0.32392 -0.62984 0.68624 -0.16571 2 118.655 -29.586 -2.097 0.17556 -0.76935 -0.09875 0.60624 3 
114.611 -48.751 -15.393 0.13338 0.47436 0.82865 -0.26557 1 101.139 -19.229 -9.481 0.33594 -0.63929 0.67085 -0.16853 2 119.367 -32.042 -3.188 0.18392 -0.75976 -0.11094 0.6137 3 
114.596 -49.667 -16.357 0.13306 0.4676 0.83088 -0.27072 1 100.827 -20.084 -10.103 0.33621 -0.64339 0.66468 -0.17666 2 119.228 -32.673 -3.985 0.19163 -0.75813 -0.1084 0.61381 3 
114.499 -49.915 -16.381 0.1276 0.46477 0.83372 -0.2695 1 100.731 -20.357 -10.052 0.33658 -0.64296 0.66426 -0.17909 2 119.107 -33.165 -3.993 0.19184 -0.75856 -0.11457 0.61209 3 
114.452 -49.868 -16.506 0.12666 0.46196 0.83549 -0.26925 1 100.664 -20.292 -10.173 0.33553 -0.6412 0.66638 -0.17951 2 119.055 -33.033 -4.061 0.19109 -0.75866 -0.11241 0.61261 3 
114.442 -49.778 -16.48 0.12584 0.4657 0.83293 -0.27116 1 100.684 -20.192 -10.192 0.33412 -0.64096 0.6677 -0.17808 2 119.055 -32.875 -4.046 0.18959 -0.75907 -0.11067 0.61288 3 
114.604 -48.843 -15.833 0.12771 0.47831 0.82577 -0.2702 1 100.832 -19.409 -10.006 0.33097 -0.63905 0.6726 -0.17228 2 119.071 -31.642 -3.637 0.18428 -0.76164 -0.09895 0.61332 3 
114.885 -46.247 -14.594 0.12497 0.48955 0.82532 -0.25212 1 101.584 -17.072 -9.557 0.31327 -0.63051 0.69067 -0.16522 2 119.008 -29.237 -2.567 0.16993 -0.7736 -0.09451 0.6031 3 
113.977 -43.024 -13.302 0.13375 0.49346 0.82983 -0.22359 1 102.302 -13.757 -8.782 0.28758 -0.63114 0.70656 -0.14049 2 118.669 -26.615 -1.441 0.14273 -0.78259 -0.10602 0.59661 3 
111.229 -40.222 -11.965 0.16238 0.48915 0.83422 -0.1961 1 102.311 -10.363 -7.758 0.27294 -0.63776 0.71437 -0.09184 2 118.012 -24.422 -0.362 0.10275 -0.77799 -0.1273 0.60661 3 
106.89 -38.111 -10.089 0.20872 0.48529 0.82892 -0.18388 1 100.629 -7.484 -6.43 0.28188 -0.63711 0.71656 -0.03434 2 116.51 -22.327 0.871 0.06145 -0.75868 -0.13869 0.63355 3 
101.639 -36.21 -7.655 0.26326 0.48721 0.80916 -0.19642 1 97.313 -4.925 -5.032 0.31016 -0.62567 0.71522 0.02821 2 114.301 -19.863 2.217 0.02171 -0.72687 -0.13126 0.67376 3 
96.049 -34.342 -5.082 0.31819 0.48433 0.78582 -0.21604 1 92.873 -2.503 -3.353 0.34588 -0.60919 0.70813 0.08833 2 111.325 -17.345 3.547 -0.00761 -0.68819 -0.12035 0.71544 3 
90.072 -32.906 -2.838 0.36158 0.47461 0.76582 -0.23986 1 87.638 -0.825 -1.72 0.37551 -0.59338 0.69684 0.14596 2 107.259 -15.731 4.812 -0.02763 -0.65148 -0.11474 0.74943 3 
83.928 -31.944 -0.738 0.38932 0.46104 0.7494 -0.27254 1 81.509 0.298 -0.156 0.40254 -0.57859 0.68453 0.18603 2 102.195 -14.4 6.06 -0.03713 -0.61958 -0.10481 0.77702 3 
77.26 -31.531 1.193 0.40836 0.44977 0.73413 -0.30332 1 74.837 0.842 1.065 0.41869 -0.56165 0.6787 0.22047 2 96.221 -13.601 7.272 -0.05056 -0.59502 -0.09135 0.7969 3 
70.274 -31.615 2.779 0.42654 0.4456 0.71844 -0.32147 1 67.395 0.944 1.788 0.42493 -0.54359 0.68271 0.24052 2 89.309 -12.834 8.286 -0.05897 -0.58251 -0.06919 0.80773 3 
63.268 -31.686 3.493 0.44446 0.43686 0.70202 -0.34465 1 60.085 1.087 1.813 0.41987 -0.53692 0.68705 0.25176 2 82.086 -12.177 8.721 -0.06505 -0.57905 -0.0524 0.811 3 
56.116 -31.784 2.292 0.39084 0.47087 0.72092 -0.32527 1 53.139 1.01 0.47 0.38536 -0.56678 0.68957 0.23399 2 74.234 -12.504 7.893 -0.06385 -0.59559 -0.05846 0.79861 3 
51.328 -32.058 -0.989 0.24435 0.50356 0.81074 -0.17156 1 48.586 0.418 -1.72 0.29677 -0.62388 0.71422 0.11218 2 66.009 -14.311 7.756 -0.04574 -0.66753 -0.10387 0.73588 3 
50.28 -32.095 -1.131 0.22311 0.46921 0.82983 -0.2036 1 47.761 -0.444 -0.444 0.27733 -0.6441 0.70531 0.10376 2 63.662 -15.676 10.389 -0.02254 -0.68148 -0.13019 0.71981 3 
50.125 -32.249 -1.583 0.21074 0.44979 0.84158 -0.21217 1 47.542 -0.6 -0.359 0.28574 -0.65841 0.69005 0.09319 2 63.458 -16.555 10.278 -0.01646 -0.68032 -0.14261 0.71872 3 
50.109 -32.499 -1.542 0.20726 0.45628 0.83993 -0.20826 1 47.438 -0.76 -0.318 0.28607 -0.65879 0.69011 0.08891 2 63.356 -16.859 10.36 -0.01524 -0.68005 -0.1453 0.71847 3 
50.655 -32.083 -1.651 0.15985 0.4531 0.85397 -0.19973 1 47.652 -0.64 -0.421 0.25941 -0.66482 0.69707 0.06938 2 63.213 -16.716 10.459 -0.01689 -0.67981 -0.14349 0.71901 3 
51.494 -31.713 -2.021 0.12466 0.46172 0.85699 -0.19195 1 48.55 -0.572 -0.522 0.22376 -0.66622 0.70938 0.05338 2 63.295 -16.637 10.432 -0.01736 -0.67964 -0.14229 0.7194 3 
52.859 -31.374 -2.959 0.09827 0.48102 0.85308 -0.17669 1 49.739 -0.588 -0.674 0.2049 -0.65468 0.72597 0.04876 2 63.699 -16.66 10.185 -0.01801 -0.67612 -0.14166 0.72282 3 
54.789 -30.927 -3.712 0.10073 0.49784 0.8413 -0.18498 1 50.304 -0.348 -0.775 0.19384 -0.66143 0.72284 0.04941 2 64.249 -16.541 9.879 -0.01941 -0.6722 -0.13908 0.72693 3 
57.135 -30.133 -3.884 0.1285 0.51508 0.8155 -0.23052 1 50.875 -0.229 -0.76 0.17691 -0.66943 0.71975 0.05027 2 64.525 -16.582 9.713 -0.01923 -0.66975 -0.13939 0.72913 3 
59.532 -29.478 -3.774 0.15307 0.52114 0.79889 -0.25835 1 51.642 0.173 -0.625 0.14827 -0.67807 0.71823 0.04872 2 64.451 -16.474 9.758 -0.01989 -0.67036 -0.13805 0.72881 3 
62.721 -28.757 -4.253 0.15199 0.49518 0.81032 -0.27401 1 53.144 0.609 -0.307 0.12033 -0.68386 0.71738 0.05677 2 64.461 -16.44 9.748 -0.02047 -0.67053 -0.13748 0.72875 3 
68.049 -26.446 -5.807 0.09993 0.38401 0.87917 -0.26382 1 55.322 1.14 0.175 0.0968 -0.69066 0.71132 0.0874 2 64.774 -16.317 9.561 -0.02216 -0.6683 -0.13533 0.73115 3 
75.484 -24.032 -6.101 0.14004 0.35928 0.86515 -0.32066 1 57.755 1.946 0.583 0.09429 -0.6845 0.71312 0.11845 2 65.236 -15.773 9.288 -0.02671 -0.66545 -0.12716 0.73505 3 
79.823 -23.667 -4.036 0.32039 0.46133 0.71348 -0.41889 1 61.097 2.873 0.703 0.09345 -0.65437 0.73651 0.14355 2 65.708 -15.049 8.995 -0.03262 -0.66278 -0.11659 0.73896 3 
81.458 -23.443 -1.454 0.39834 0.55388 0.55809 -0.47231 1 65.13 3.466 0.487 0.10414 -0.65197 0.73488 0.15502 2 66.16 -14.317 8.705 -0.03855 -0.66014 -0.10596 0.74263 3 
80.502 -21.651 0.808 0.37001 0.6802 0.41549 -0.47727 1 67.999 3 0.392 0.13482 -0.65389 0.73111 0.14045 2 66.553 -13.665 8.455 -0.04386 -0.65785 -0.09636 0.74567 3 
79.482 -20.482 2.346 0.32936 0.75583 0.32031 -0.46653 1 71.586 2.063 1.457 0.17778 -0.68164 0.68714 0.17775 2 66.938 -13.167 8.2 -0.04812 -0.65525 -0.08884 0.74863 3 
79.704 -20.442 2.924 0.30631 0.77491 0.28099 -0.47616 1 74.283 2.408 1.865 0.18478 -0.67369 0.68922 0.19229 2 67.289 -12.773 7.973 -0.05147 -0.65276 -0.08293 0.75125 3 
80.26 -20.162 2.945 0.29631 0.79158 0.23926 -0.47785 1 76.062 3.261 1.609 0.17591 -0.67799 0.68854 0.18789 2 67.596 -12.426 7.771 -0.05456 -0.65047 -0.07754 0.75359 3 
81.819 -18.901 2.784 0.30897 0.79827 0.20362 -0.47524 1 78.151 4.297 0.865 0.16196 -0.66882 0.69998 0.191 2 67.879 -12.144 7.578 -0.0571 -0.64831 -0.07319 0.7557 3 
85.376 -17.617 1.637 0.42402 0.76108 0.21308 -0.44223 1 82.804 5.984 -0.695 0.16617 -0.65799 0.70734 0.19776 2 68.149 -11.85 7.393 -0.05987 -0.64627 -0.06861 0.75766 3 
86.316 -16.265 1.035 0.39909 0.76665 0.15948 -0.47702 1 87.484 7.992 -3.081 0.13677 -0.65101 0.72716 0.16948 2 68.433 -11.506 7.195 -0.06291 -0.64414 -0.06332 0.75969 3 
82.413 -13.447 2.635 0.32509 0.81606 0.11936 -0.46272 1 90.973 9.359 -5.082 0.10139 -0.65242 0.7399 0.12887 2 68.771 -11.147 6.959 -0.06636 -0.64144 -0.05768 0.76212 3 
77.973 -11.414 4.1 0.2264 0.86932 0.05303 -0.43614 1 94.044 10.557 -6.388 0.08996 -0.66182 0.74007 0.0787 2 69.191 -10.697 6.652 -0.07077 -0.63801 -0.05058 0.7651 3 
75.286 -12.535 5.293 0.21781 0.86737 0.02581 -0.44673 1 98.326 13.568 -7.078 0.0682 -0.65428 0.74975 0.07179 2 67.719 -10.673 7.473 -0.053 -0.66175 -0.05022 0.74616 3 
73.415 -13.138 7.017 0.18772 0.87003 0.07042 -0.45038 1 104.145 17.605 -7.663 0.00285 -0.6613 0.74516 0.08612 2 65.241 -12.388 9.066 -0.04025 -0.68054 -0.07923 0.7273 3 
72.163 -14.014 8.259 0.16004 0.87083 0.10732 -0.45225 1 110.325 22.071 -8.162 -0.10306 -0.6796 0.71542 0.1253 2 63.513 -14.306 10.212 -0.02926 -0.69036 -0.10871 0.71465 3 
72.018 -14.422 8.36 0.1521 0.87065 0.10249 -0.45642 1 115.125 26.417 -8.502 -0.26104 -0.7316 0.60615 0.17086 2 63.344 -14.926 10.324 -0.0255 -0.69151 -0.11727 0.71233 3 
72.58 -14.133 7.904 0.14942 0.87481 0.06147 -0.45672 1 114.902 28.818 -8.28 -0.39915 -0.84582 0.34177 0.09197 2 63.987 -14.489 9.91 -0.02976 -0.68722 -0.11051 0.71737 3 
73.868 -13.514 7.868 0.1388 0.87782 0.06486 -0.45383 1 112.477 32.294 -8.63 -0.39082 -0.83297 0.38653 0.06337 2 64.596 -14.123 9.594 -0.03467 -0.67881 -0.10621 0.72577 3 
76.258 -10.682 7.05 0.10823 0.84287 -0.06326 -0.52332 1 110.954 32.574 -8.649 -0.36533 -0.83526 0.40574 0.06524 2 65.177 -13.799 9.234 -0.03955 -0.674 -0.10172 0.73063 3 
78.894 -4.413 4.63 0.38034 0.79351 -0.071 -0.46972 1 110.111 32.065 -9.457 -0.35902 -0.8304 0.42412 0.04082 2 65.941 -13.279 8.756 -0.04397 -0.66848 -0.09345 0.73652 3 
79.507 3.648 0.67 0.60454 0.77606 -0.00183 -0.17964 1 109.487 34.22 -9.625 -0.39854 -0.8244 0.3989 0.04914 2 66.712 -12.557 8.275 -0.04995 -0.663 -0.08222 0.74241 3 
78.532 11.234 -3.085 0.69585 0.71415 -0.01283 0.07488 1 108.339 38.462 -9.738 -0.39681 -0.8187 0.41287 0.04255 2 67.42 -11.72 7.79 -0.05707 -0.65792 -0.06931 0.74772 3 
75.985 17.587 -6.258 0.66547 0.6769 -0.01441 0.31426 1 106.785 41.625 -9.847 -0.39341 -0.82751 0.39998 0.02166 2 68.082 -10.878 7.331 -0.06443 -0.65291 -0.05641 0.75258 3 
75.519 23.683 -8.206 0.66428 0.63893 -0.04864 0.38489 1 104.064 44.924 -10.514 -0.37597 -0.83861 0.39203 -0.04111 2 68.803 -9.953 6.807 -0.07277 -0.64736 -0.04209 0.75753 3 
77.085 30.638 -9.939 0.65858 0.61658 -0.07345 0.42511 1 101.389 48.409 -11.279 -0.38227 -0.84959 0.3509 -0.0946 2 69.671 -8.925 6.154 -0.08276 -0.64019 -0.02576 0.76331 3 
78.567 35.986 -11.32 0.66927 0.64198 -0.1285 0.35132 1 99.535 50.966 -11.863 -0.38647 -0.85421 0.31721 -0.1426 2 70.853 -7.704 5.205 -0.09598 -0.6296 -0.00568 0.77095 3 
79.377 38.497 -12.616 0.65081 0.64141 -0.16678 0.37044 1 98.027 52.347 -12.53 -0.37938 -0.85954 0.3038 -0.158 2 72.472 -6.09 3.797 -0.11452 -0.61354 0.02182 0.78101 3 
79.329 39.597 -13.636 0.6439 0.62805 -0.16393 0.40505 1 97.09 53.199 -12.886 -0.37518 -0.87 0.28117 -0.15257 2 74.881 -3.741 1.37 -0.14385 -0.5858 0.06428 0.795 3 
