102.238 -30.414 -4.926 0.26275 0.49527 0.79081 -0.24555 1 98.497 1.697 -1.876 0.26381 -0.63835 0.71798 0.08611 2 108.052 -26.531 8.712 0.39576 0.68214 0.30758 -0.5324 3 
104.447 -29.208 -4.867 0.27131 0.49367 0.78731 -0.25065 1 100.627 3.053 -1.656 0.27342 -0.63722 0.71463 0.09217 2 110.752 -25.354 8.638 0.39611 0.67745 0.30363 -0.54034 3 
105.955 -28.512 -4.844 0.27425 0.49424 0.78452 -0.25502 1 102.258 3.877 -1.847 0.2731 -0.63209 0.71913 0.09342 2 112.378 -24.267 8.637 0.40132 0.68005 0.29587 -0.53752 3 
106.711 -28.219 -4.927 0.27895 0.50101 0.78338 -0.23977 1 103.698 4.25 -2.107 0.26082 -0.63113 0.72418 0.09592 2 112.944 -23.866 8.56 0.41136 0.68214 0.29674 -0.5267 3 
106.976 -28.055 -5.242 0.27806 0.50196 0.7876 -0.22451 1 104.666 4.337 -2.399 0.24546 -0.63471 0.72627 0.09709 2 112.865 -23.798 8.197 0.41789 0.68339 0.30356 -0.51594 3 
107.313 -27.808 -5.736 0.26709 0.50359 0.79422 -0.21042 1 105.143 4.291 -2.75 0.22871 -0.64159 0.72664 0.08977 2 112.306 -23.963 7.753 0.415 0.68881 0.31576 -0.5036 3 
108.018 -28.361 -6.351 0.24475 0.50375 0.80171 -0.20878 1 105.049 3.388 -3.141 0.21822 -0.6477 0.72675 0.06863 2 111.754 -24.912 7.217 0.39916 0.69995 0.32733 -0.49354 3 
108.888 -29.887 -7.053 0.2141 0.50093 0.80954 -0.2188 1 104.21 1.415 -3.399 0.21942 -0.65466 0.72255 0.03467 2 111.088 -27.077 6.671 0.3704 0.71268 0.34194 -0.48783 3 
109.299 -31.991 -7.791 0.1872 0.49128 0.81612 -0.23989 1 102.425 -1.109 -3.624 0.23307 -0.66214 0.7122 0.00422 2 110.52 -29.913 5.977 0.33576 0.71949 0.35296 -0.495 3 
108.833 -35.433 -8.513 0.17325 0.47968 0.81779 -0.26666 1 99.783 -4.647 -3.84 0.26132 -0.66176 0.70229 -0.02368 2 109.743 -33.665 5.387 0.30382 0.72276 0.35466 -0.50943 3 
107.709 -40.706 -9.123 0.16112 0.47881 0.80548 -0.30981 1 95.714 -9.98 -4.505 0.29947 -0.64851 0.69742 -0.05794 2 108.742 -38.087 4.909 0.26565 0.73324 0.33147 -0.53096 3 
105.97 -46.942 -10.153 0.15355 0.48031 0.79091 -0.34668 1 91.608 -16.267 -5.569 0.33008 -0.63225 0.69537 -0.08813 2 107.072 -43.159 4.159 0.23542 0.74454 0.30278 -0.54641 3 
103.892 -53.15 -12.161 0.15201 0.47413 0.78684 -0.36466 1 88.254 -22.265 -7.22 0.34472 -0.62858 0.68794 -0.11311 2 104.907 -48.337 2.435 0.21648 0.7526 0.28407 -0.5532 3 
101.962 -58.181 -14.924 0.14675 0.45627 0.79867 -0.36388 1 86.139 -26.961 -9.045 0.33876 -0.63254 0.68339 -0.13462 2 102.338 -53.273 0.045 0.20367 0.75738 0.2928 -0.54696 3 
100.636 -61.596 -17.569 0.13645 0.4319 0.81898 -0.35229 1 85.223 -29.864 -10.591 0.32165 -0.64203 0.67951 -0.15033 2 100.161 -57.098 -2.123 0.19836 0.75806 0.31586 -0.535 3 
99.985 -63.261 -19.402 0.12069 0.41317 0.8373 -0.33712 1 84.773 -31.208 -11.678 0.30106 -0.64546 0.68256 -0.16388 2 98.395 -59.123 -3.534 0.19297 0.76086 0.33734 -0.51967 3 
99.405 -63.712 -19.313 0.1189 0.41034 0.83692 -0.34212 1 84.299 -31.584 -11.657 0.30326 -0.64532 0.68347 -0.15643 2 98.148 -59.368 -3.466 0.19637 0.7597 0.33187 -0.52361 3 
99.219 -63.331 -19.137 0.11955 0.41754 0.8356 -0.33637 1 84.143 -31.125 -11.887 0.29741 -0.64119 0.68999 -0.15599 2 97.865 -58.305 -3.288 0.20106 0.76597 0.32063 -0.51967 3 
99.299 -62.294 -18.388 0.12014 0.43453 0.82669 -0.33665 1 84.273 -30.252 -11.803 0.29048 -0.63871 0.69597 -0.15259 2 97.762 -56.849 -2.71 0.20689 0.77266 0.30903 -0.51449 3 
100.321 -59.229 -16.735 0.11185 0.45536 0.81954 -0.32937 1 84.857 -27.859 -11.293 0.27802 -0.62549 0.71154 -0.15869 2 97.728 -53.742 -1.351 0.20426 0.78655 0.30326 -0.49764 3 
100.734 -55.303 -15.218 0.11895 0.47451 0.81715 -0.3049 1 86.217 -23.94 -10.797 0.2582 -0.62238 0.72462 -0.14456 2 97.927 -49.496 -0.28 0.22462 0.79047 0.30055 -0.48411 3 
100.304 -50.983 -14.024 0.13569 0.48674 0.81752 -0.27629 1 87.733 -19.394 -10.253 0.23703 -0.62498 0.73504 -0.1137 2 98.033 -44.986 0.486 0.25803 0.78429 0.30319 -0.47579 3 
99.195 -46.207 -12.833 0.15541 0.49259 0.81884 -0.25039 1 88.656 -14.587 -9.513 0.2204 -0.62838 0.74248 -0.07272 2 97.893 -40.235 1.352 0.29002 0.77203 0.30631 -0.47542 3 
97.267 -41.364 -11.421 0.17775 0.49368 0.82094 -0.22527 1 89.022 -9.788 -8.668 0.20322 -0.63093 0.74826 -0.02694 2 97.169 -35.312 2.42 0.32415 0.75821 0.306 -0.47582 3 
93.938 -37.297 -9.691 0.21513 0.48719 0.82193 -0.20199 1 88.569 -5.622 -7.519 0.19093 -0.62972 0.7526 0.02438 2 95.567 -30.99 3.977 0.36583 0.73982 0.30196 -0.47714 3 
89.046 -34.374 -7.787 0.27037 0.47492 0.81446 -0.19497 1 86.48 -2.482 -6.068 0.20503 -0.62315 0.74911 0.09214 2 93.853 -27.942 5.713 0.40968 0.70617 0.28746 -0.50085 3 
83.827 -32.912 -5.632 0.33259 0.46159 0.7921 -0.22111 1 82.583 -0.648 -4.492 0.25131 -0.60842 0.736 0.15799 2 92.76 -26.099 7.473 0.44208 0.66588 0.24892 -0.54699 3 
78.245 -32.525 -3.298 0.39253 0.44417 0.75621 -0.27709 1 76.925 0.166 -2.797 0.3137 -0.58195 0.71661 0.22225 2 91.408 -24.992 9.081 0.46102 0.62183 0.19176 -0.60334 3 
72.427 -32.737 -1.479 0.43801 0.41397 0.72694 -0.32914 1 70.888 0.368 -1.189 0.37191 -0.55497 0.68876 0.28159 2 88.987 -24.917 9.845 0.46981 0.57371 0.14451 -0.65518 3 
66.642 -33.335 -0.489 0.45626 0.38245 0.7147 -0.36711 1 65.052 0.095 -0.236 0.40848 -0.53805 0.66447 0.31955 2 85.188 -25.421 9.923 0.47352 0.537 0.11255 -0.68902 3 
61.767 -33.699 -0.372 0.44035 0.36976 0.73018 -0.36907 1 60.413 -0.233 0.003 0.40347 -0.54155 0.6625 0.32409 2 80.271 -26.176 10.341 0.47031 0.53454 0.11969 -0.69192 3 
57.761 -33.647 -1.125 0.38571 0.37289 0.76713 -0.3517 1 56.572 -0.376 -0.345 0.37009 -0.56611 0.67538 0.29397 2 74.505 -26.994 10.885 0.45831 0.55801 0.15932 -0.67319 3 
54.55 -32.999 -2.98 0.31586 0.38726 0.80803 -0.31201 1 53.222 -0.176 -1.272 0.32237 -0.60344 0.68664 0.2459 2 68.152 -27.853 10.463 0.43262 0.58998 0.22427 -0.64379 3 
52.552 -32.618 -4.205 0.24614 0.41076 0.82916 -0.28843 1 50.772 -0.272 -1.879 0.27702 -0.62783 0.69902 0.20116 2 62.85 -28.894 10.595 0.4118 0.6161 0.27991 -0.61033 3 
52.158 -32.654 -4.451 0.22382 0.41435 0.83615 -0.2812 1 49.503 -0.374 -1.565 0.26724 -0.63319 0.70253 0.1847 2 61.488 -29.61 10.82 0.39274 0.62152 0.30056 -0.60757 3 
51.989 -32.848 -4.564 0.21586 0.41488 0.8385 -0.27961 1 49.197 -0.635 -1.357 0.26611 -0.6358 0.70119 0.18241 2 60.941 -30.289 10.918 0.38693 0.62139 0.31214 -0.60558 3 
52.038 -32.868 -4.552 0.22318 0.41454 0.83732 -0.27793 1 49.361 -0.606 -1.478 0.26697 -0.63241 0.70295 0.18613 2 61.288 -30.096 10.822 0.38959 0.62022 0.30722 -0.60758 3 
52.172 -32.699 -4.428 0.22981 0.41579 0.83498 -0.2777 1 49.582 -0.391 -1.636 0.26589 -0.62974 0.70543 0.18735 2 61.741 -29.511 10.81 0.39422 0.6212 0.29736 -0.6085 3 
52.323 -32.566 -4.31 0.24031 0.41501 0.83299 -0.27593 1 49.798 -0.149 -1.711 0.26987 -0.62948 0.7048 0.18491 2 62.245 -28.992 10.776 0.39782 0.62144 0.28818 -0.61033 3 
53.343 -32.479 -3.898 0.28612 0.41529 0.81943 -0.2724 1 50.877 0.272 -1.591 0.29935 -0.62704 0.69315 0.19171 2 64.432 -27.984 10.531 0.40387 0.6168 0.26292 -0.62235 3 
57.02 -31.819 -3.517 0.32957 0.42023 0.79368 -0.2913 1 54.256 0.88 -1.758 0.32853 -0.60404 0.69626 0.20597 2 70.281 -25.721 9.561 0.41737 0.60366 0.20713 -0.6469 3 
62.19 -31.036 -3.147 0.34279 0.42733 0.78219 -0.29675 1 59.146 1.41 -1.698 0.33242 -0.58733 0.70648 0.21314 2 75.558 -24.461 9.671 0.42284 0.60806 0.19486 -0.64304 3 
67.232 -30.494 -3.625 0.33468 0.43152 0.78895 -0.28169 1 64.345 1.788 -1.966 0.31852 -0.59633 0.70996 0.19723 2 79.644 -24.253 9.269 0.42221 0.61902 0.21172 -0.62748 3 
71.626 -30.001 -4.855 0.31204 0.44221 0.80097 -0.25598 1 68.971 1.946 -3 0.28792 -0.60919 0.71842 0.17279 2 82.252 -24.13 8.204 0.4194 0.63865 0.23712 -0.6 3 
75.36 -29.736 -6.179 0.2837 0.45706 0.81122 -0.2292 1 72.892 1.896 -4.357 0.24996 -0.61905 0.7304 0.14427 2 83.947 -23.883 6.947 0.41855 0.66155 0.25654 -0.56689 3 
77.383 -29.613 -7.491 0.26187 0.46688 0.82094 -0.19878 1 75.729 1.773 -5.664 0.21109 -0.62893 0.73792 0.12397 2 84.265 -23.848 5.647 0.42406 0.6768 0.27577 -0.53485 3 
77.789 -29.58 -8.864 0.24243 0.47004 0.83088 -0.17304 1 76.994 1.572 -6.837 0.17555 -0.64144 0.73837 0.11196 2 83.289 -24.142 4.229 0.42747 0.68404 0.29707 -0.51099 3 
77.575 -29.645 -10.572 0.22101 0.4685 0.84132 -0.15442 1 77.298 1.306 -8.09 0.15056 -0.65467 0.73447 0.09636 2 81.777 -24.644 2.443 0.42621 0.68827 0.31879 -0.49296 3 
77.744 -29.629 -12.681 0.18162 0.47204 0.85186 -0.13613 1 77.12 1.108 -9.478 0.12192 -0.6728 0.72608 0.07272 2 79.921 -25.254 0.252 0.40993 0.69695 0.34796 -0.47448 3 
77.676 -29.986 -12.626 0.19212 0.46954 0.85007 -0.14142 1 77.111 0.891 -9.398 0.12923 -0.67155 0.72502 0.08169 2 80.416 -25.646 0.282 0.41194 0.69166 0.34422 -0.48313 3 
77.595 -30.108 -12.672 0.19703 0.48802 0.84229 -0.11646 1 77.257 1.104 -9.75 0.10941 -0.66649 0.73353 0.07585 2 80.254 -25.036 0.146 0.41548 0.69618 0.33561 -0.47966 3 
78.14 -30.315 -12.311 0.20702 0.51089 0.83004 -0.0846 1 79.545 1.378 -9.314 0.07042 -0.65431 0.74717 0.093 2 81.13 -24.259 0.103 0.42259 0.69664 0.32221 -0.48197 3 
80.29 -31.359 -12.276 0.21242 0.49446 0.83576 -0.10903 1 84.203 1.043 -8.877 0.06963 -0.64028 0.75704 0.10987 2 82.795 -24.18 -0.3 0.42866 0.68981 0.31212 -0.49294 3 
83.564 -33.293 -12.202 0.22776 0.4758 0.8368 -0.14663 1 90.029 0.861 -9.113 0.0721 -0.62503 0.7732 0.07933 2 84.829 -24.911 -0.91 0.43364 0.67678 0.30733 -0.50939 3 
86.017 -33.925 -11.437 0.27043 0.47712 0.82396 -0.14253 1 94.86 0.787 -9.474 0.06537 -0.5944 0.80104 0.02754 2 86.698 -25.839 -1.517 0.43669 0.66314 0.30597 -0.5253 3 
87.779 -33.737 -10.655 0.26717 0.55141 0.77443 -0.1576 1 96.607 -0.328 -9.269 0.11121 -0.60528 0.788 -0.01811 2 88.14 -26.581 -2.038 0.43895 0.65131 0.30533 -0.53842 3 
90.898 -34.17 -10.518 0.21682 0.55098 0.77621 -0.21658 1 97.612 0.147 -9.033 0.13399 -0.57536 0.8057 -0.04309 2 89.31 -27.091 -2.429 0.44117 0.6424 0.30317 -0.54843 3 
96.908 -34.462 -10.048 0.1826 0.50697 0.77272 -0.33546 1 99.123 2.068 -8.789 0.1747 -0.53448 0.82455 -0.06267 2 90.214 -27.467 -2.754 0.44311 0.63537 0.30134 -0.55601 3 
104.856 -30.552 -8.608 0.1288 0.56622 0.66019 -0.47641 1 101.682 4.503 -8.653 0.23861 -0.47228 0.8406 -0.11576 2 90.937 -27.719 -3.009 0.44446 0.6299 0.29948 -0.56213 3 
109.504 -22.341 -6.688 0.11153 0.68519 0.49261 -0.52479 1 105.051 9.643 -8.143 0.27435 -0.43097 0.84839 -0.13864 2 91.56 -27.931 -3.211 0.44581 0.62507 0.29768 -0.56738 3 
104.345 -17.745 -6.41 0.1088 0.77507 0.4725 -0.40518 1 107.852 16.101 -8.05 0.26105 -0.43727 0.8535 -0.11038 2 91.888 -28.16 -3.341 0.44632 0.62201 0.29746 -0.57045 3 
101.834 -16.684 -5.294 0.08278 0.79085 0.43044 -0.42711 1 109.788 20.744 -8.478 0.23301 -0.42901 0.86666 -0.10277 2 88.979 -27.452 -2.445 0.437 0.64528 0.30654 -0.54652 3 
97.641 -15.201 -3.279 0.11189 0.8161 0.41566 -0.38561 1 111.027 23.923 -8.728 0.20999 -0.44864 0.86361 -0.09377 2 84.363 -24.849 -0.767 0.43038 0.68324 0.30575 -0.50446 3 
92.889 -14.122 -1.911 0.1415 0.85432 0.34657 -0.36056 1 111.942 25.732 -8.822 0.17955 -0.45464 0.86795 -0.08797 2 79.331 -22.217 0.935 0.42724 0.71634 0.30497 -0.45969 3 
89.909 -13.486 -1.074 0.13887 0.87928 0.30072 -0.34226 1 112.883 27.174 -8.901 0.15042 -0.46725 0.86838 -0.07051 2 75.649 -20.884 1.97 0.42334 0.73513 0.30997 -0.42929 3 
88.983 -12.968 -1.127 0.1245 0.88358 0.28601 -0.34926 1 114.132 28.313 -9.132 0.1056 -0.48439 0.86661 -0.05662 2 74.41 -21.04 2.174 0.41947 0.73836 0.31796 -0.42163 3 
89.596 -13.224 -1.512 0.12442 0.87074 0.29251 -0.37519 1 115.575 29.245 -9.321 0.04567 -0.5007 0.86374 -0.03419 2 75.23 -21.975 1.82 0.4192 0.73065 0.32376 -0.43081 3 
90.925 -13.802 -2.348 0.12517 0.85324 0.30324 -0.40542 1 117.018 30.005 -9.369 -0.01725 -0.51319 0.8581 0.00205 2 77.092 -23.214 1.171 0.42046 0.71761 0.32774 -0.44814 3 
92.811 -13.924 -3.049 0.10032 0.85037 0.28713 -0.42937 1 118.309 31.534 -9.328 -0.07071 -0.54373 0.83525 0.04146 2 79.126 -24.469 0.448 0.42224 0.70335 0.33029 -0.46682 3 
95.646 -10.013 -2.572 0.16806 0.83506 0.17785 -0.49274 1 118.454 34.258 -9.273 -0.12608 -0.5576 0.81873 0.05358 2 81.652 -25.716 -0.381 0.42605 0.68611 0.32919 -0.48926 3 
93.644 -2.729 -2.518 0.41782 0.78495 0.29458 -0.34999 1 115.816 37.836 -9.22 -0.1653 -0.60222 0.77963 0.04662 2 84.512 -26.977 -1.298 0.4322 0.66569 0.32567 -0.51381 3 
89.399 8.797 -3.803 0.54515 0.78568 0.28157 -0.07895 1 110.453 41.721 -9.556 -0.22017 -0.66648 0.7109 -0.04422 2 87.237 -28.016 -2.16 0.43962 0.64547 0.32033 -0.53618 3 
85.266 20.245 -6.126 0.55237 0.79059 0.24021 0.11026 1 105.251 46.409 -10.479 -0.26865 -0.6743 0.68201 -0.08949 2 89.731 -28.831 -2.96 0.44673 0.62672 0.31324 -0.55635 3 
83.387 29.262 -8.796 0.54638 0.78768 0.16109 0.2347 1 102.03 50.344 -11.158 -0.30387 -0.67538 0.65747 -0.13877 2 92.016 -29.511 -3.721 0.45356 0.60901 0.30513 -0.5747 3 
83.244 34.378 -11.214 0.53038 0.77999 0.11051 0.31322 1 100.093 52.87 -12.136 -0.30393 -0.68404 0.63658 -0.18568 2 94.42 -30.243 -4.575 0.46014 0.58944 0.29619 -0.59423 3 
83.562 36.388 -12.859 0.52168 0.77528 0.07918 0.34716 1 99.185 54.006 -12.252 -0.2976 -0.70537 0.61405 -0.19192 2 97.113 -31.113 -5.632 0.46656 0.56571 0.28636 -0.61668 3 
84.281 36.987 -13.833 0.50973 0.77159 0.08208 0.37161 1 98.082 54.929 -12.742 -0.27953 -0.72039 0.60664 -0.18677 2 100.434 -32.419 -7.228 0.47613 0.531 0.2738 -0.64527 3 
83.898 37.334 -13.98 0.48155 0.77756 0.13248 0.38205 1 96.909 55.698 -13.217 -0.27148 -0.73011 0.59924 -0.18477 2 104.89 -34.239 -9.67 0.48787 0.47762 0.25416 -0.68503 3 
