110.193 -27.303 -8.023 0.27561 0.53463 0.77572 -0.19096 1 111.104 5.466 -3.877 0.28963 -0.65307 0.68719 0.13185 2 113.71 -24.698 7.305 0.60563 0.59786 0.30568 -0.42702 3 
110.128 -27.741 -8.101 0.27613 0.53879 0.77447 -0.18341 1 111.592 4.964 -4.125 0.27835 -0.65243 0.69208 0.13371 2 113.432 -24.838 7.293 0.61268 0.59828 0.3054 -0.41644 3 
109.947 -28.064 -8.191 0.27522 0.53666 0.77763 -0.17762 1 111.778 4.591 -4.202 0.26988 -0.65361 0.69353 0.13772 2 113.039 -25.206 7.198 0.61505 0.59653 0.30983 -0.41216 3 
109.773 -28.366 -8.24 0.27392 0.53596 0.77899 -0.17579 1 111.679 4.225 -4.241 0.26718 -0.65438 0.69376 0.13816 2 112.711 -25.539 7.196 0.61522 0.59653 0.31199 -0.41027 3 
109.609 -28.809 -8.247 0.27383 0.53544 0.77905 -0.17723 1 111.433 3.816 -4.246 0.2677 -0.6539 0.69409 0.13778 2 112.56 -25.916 7.189 0.61422 0.59728 0.31161 -0.41097 3 
109.289 -29.252 -8.218 0.27594 0.5341 0.77896 -0.17834 1 111.254 3.348 -4.171 0.26926 -0.65451 0.6925 0.13989 2 112.374 -26.415 7.242 0.61586 0.59506 0.31116 -0.41206 3 
108.591 -29.632 -8.078 0.28033 0.53084 0.77916 -0.18038 1 110.62 3.008 -4.02 0.27236 -0.65402 0.69068 0.14506 2 111.995 -26.776 7.433 0.61622 0.59257 0.30948 -0.41636 3 
106.971 -29.879 -7.468 0.29203 0.52709 0.77626 -0.18524 1 109.403 2.895 -3.599 0.27552 -0.65018 0.68991 0.15932 2 111.194 -26.758 8.048 0.62156 0.5872 0.30115 -0.4221 3 
103.882 -29.462 -6.618 0.31867 0.51609 0.77259 -0.18763 1 107.681 3.366 -2.926 0.28047 -0.64737 0.68225 0.19182 2 109.829 -26.361 8.94 0.6374 0.56795 0.28865 -0.4334 3 
99.543 -27.661 -5.401 0.35106 0.49686 0.76978 -0.1932 1 104.961 5.025 -1.878 0.28632 -0.64422 0.66883 0.23593 2 107.884 -24.932 10.021 0.6534 0.54061 0.27251 -0.45447 3 
94.488 -24.473 -4.135 0.38283 0.47768 0.76379 -0.20467 1 101.22 7.956 -0.871 0.28874 -0.63752 0.65702 0.28023 2 105.369 -22.066 11.038 0.66743 0.5143 0.24868 -0.4777 3 
88.485 -20.252 -3.244 0.41597 0.46015 0.75615 -0.20849 1 97.008 11.549 -0.388 0.28431 -0.62923 0.64446 0.32849 2 101.866 -18.24 11.57 0.68723 0.48319 0.2225 -0.49471 3 
81.757 -15.581 -2.873 0.44672 0.43824 0.75606 -0.19171 1 92.521 15.342 -0.46 0.26483 -0.62388 0.63802 0.36548 2 97.055 -13.894 11.628 0.71164 0.45396 0.2011 -0.49704 3 
75.043 -10.965 -3.213 0.45271 0.42467 0.76881 -0.15376 1 87.969 18.878 -1.194 0.23312 -0.62284 0.63889 0.3867 2 90.973 -9.554 11.112 0.73331 0.43447 0.19469 -0.48538 3 
69.255 -6.75 -4.432 0.42523 0.42369 0.79232 -0.10903 1 83.549 22.136 -2.347 0.19051 -0.62907 0.65076 0.38011 2 83.773 -5.363 10.09 0.74447 0.43656 0.21211 -0.45846 3 
65.074 -3.89 -6.034 0.38412 0.43953 0.80876 -0.07195 1 79.88 24.354 -4.007 0.14234 -0.6388 0.66679 0.35647 2 77.196 -1.744 8.779 0.74909 0.45662 0.23183 -0.42026 3 
62.366 -2.187 -7.709 0.33749 0.45827 0.82145 -0.03602 1 77.213 25.735 -5.938 0.09484 -0.64431 0.68548 0.32555 2 71.829 1.242 7.17 0.74897 0.48496 0.24708 -0.37791 3 
60.703 -1.379 -9.144 0.29191 0.47818 0.8283 -0.00618 1 75.238 26.513 -7.686 0.05458 -0.64622 0.70288 0.29219 2 67.54 3.421 5.643 0.74321 0.51503 0.25949 -0.3392 3 
60.334 -1.103 -10.542 0.2498 0.49285 0.83282 0.03315 1 74.594 26.722 -9.195 0.01188 -0.65021 0.7159 0.2541 2 64.044 4.82 4.048 0.73263 0.54453 0.28111 -0.29616 3 
60.251 -1.018 -11.41 0.22819 0.49287 0.83824 0.04861 1 74.371 26.716 -9.926 -0.0046 -0.65428 0.71697 0.24052 2 62.463 4.958 3.092 0.72674 0.5517 0.29666 -0.28189 3 
60.151 -0.975 -11.427 0.22453 0.49286 0.83876 0.05612 1 74.127 26.807 -9.9 -0.00939 -0.65292 0.71863 0.2391 2 62.1 5.016 3.119 0.72384 0.55414 0.29988 -0.28115 3 
60.142 -0.953 -11.385 0.22535 0.49236 0.83863 0.05915 1 74.256 26.844 -9.908 -0.01152 -0.6536 0.718 0.23907 2 62.226 5.106 3.147 0.72539 0.55342 0.29831 -0.28028 3 
60.313 -1.008 -11.368 0.22663 0.49034 0.8397 0.05571 1 74.394 26.811 -9.883 -0.0072 -0.65506 0.71666 0.23926 2 62.592 4.934 3.132 0.72579 0.55163 0.29695 -0.28417 3 
61.317 -1.148 -10.89 0.24282 0.49029 0.83582 0.04541 1 74.913 27.009 -9.695 0.0135 -0.65306 0.71768 0.24137 2 64.536 4.92 3.425 0.72382 0.55423 0.28368 -0.29738 3 
64.219 -2.218 -10.323 0.2498 0.4989 0.82953 0.02388 1 76.952 26.13 -9.066 0.03167 -0.64933 0.72092 0.24008 2 67.699 3.768 4.059 0.71664 0.55941 0.28093 -0.3075 3 
67.725 -4.018 -9.859 0.24815 0.49548 0.83242 -0.0001 1 79.297 24.519 -8.138 0.05583 -0.6526 0.71783 0.23603 2 71.172 1.135 4.672 0.70394 0.55921 0.29099 -0.32722 3 
70.678 -6.264 -9.26 0.25302 0.48513 0.83637 -0.03353 1 81.005 22.463 -6.924 0.09045 -0.6567 0.70916 0.24011 2 74.711 -2.36 5.424 0.69101 0.5515 0.29827 -0.35969 3 
73.126 -9.015 -8.324 0.26599 0.47786 0.8332 -0.08169 1 81.631 20.189 -5.659 0.14069 -0.65355 0.70305 0.24248 2 78.526 -5.917 6.53 0.67497 0.5483 0.28894 -0.40038 3 
74.853 -12.204 -6.952 0.29355 0.47314 0.81811 -0.14377 1 81.106 17.793 -4.321 0.20458 -0.63968 0.69724 0.25061 2 82.725 -9.262 7.973 0.6587 0.54584 0.25753 -0.44927 3 
75.51 -15.679 -5.339 0.32535 0.4665 0.79635 -0.20581 1 79.907 15.086 -2.824 0.26912 -0.61912 0.68737 0.26793 2 86.217 -12.613 9.531 0.64664 0.53643 0.21962 -0.49585 3 
75.529 -18.761 -3.707 0.35023 0.45781 0.77356 -0.26337 1 77.981 12.758 -1.227 0.32966 -0.59914 0.6741 0.27919 2 88.576 -15.391 11.049 0.6306 0.52935 0.18425 -0.53682 3 
74.477 -21.595 -2.114 0.36895 0.44677 0.7494 -0.32043 1 75.066 10.594 0.351 0.38352 -0.57533 0.66003 0.29371 2 89.692 -17.674 12.466 0.6132 0.5214 0.14694 -0.57493 3 
72.032 -24.09 -0.865 0.38057 0.43448 0.73339 -0.35851 1 71.541 8.621 1.632 0.42159 -0.55823 0.64581 0.30589 2 88.845 -19.774 13.528 0.60126 0.51139 0.11881 -0.60237 3 
68.916 -26.012 -0.075 0.37469 0.43125 0.7292 -0.37669 1 67.572 6.975 2.254 0.43405 -0.54677 0.64719 0.30625 2 86.06 -21.257 14.519 0.59243 0.51385 0.10615 -0.61133 3 
65.64 -27.395 0.172 0.34916 0.43421 0.74009 -0.37659 1 63.426 5.638 2.406 0.42513 -0.54639 0.66191 0.2874 2 81.693 -22.529 15.525 0.58136 0.53014 0.11724 -0.60599 3 
62.138 -28.4 -0.1 0.31388 0.43569 0.76117 -0.36369 1 59.557 4.538 2.484 0.40904 -0.5586 0.67074 0.266 2 76.519 -24.416 16.167 0.5682 0.54256 0.15045 -0.60012 3 
58.924 -29.215 -0.701 0.27957 0.4333 0.78275 -0.34842 1 56.312 3.645 2.535 0.39549 -0.57944 0.66921 0.24492 2 71.629 -26.668 16.253 0.55457 0.54734 0.19156 -0.5968 3 
56.227 -29.943 -1.664 0.23866 0.43382 0.80267 -0.33252 1 53.219 2.701 2.085 0.37692 -0.59957 0.67117 0.21903 2 66.881 -28.649 15.812 0.53909 0.55616 0.23213 -0.58838 3 
54.356 -30.655 -2.88 0.19574 0.44815 0.81526 -0.31016 1 50.425 1.821 0.867 0.34753 -0.61653 0.68349 0.17878 2 62.104 -29.82 15.009 0.52328 0.57748 0.27083 -0.5651 3 
52.667 -31.027 -4.688 0.14872 0.46931 0.82693 -0.27168 1 47.665 1.197 -1.219 0.30506 -0.63259 0.70002 0.12939 2 57.08 -30.147 13.269 0.50791 0.60305 0.30708 -0.53298 3 
51.967 -31.448 -4.729 0.14052 0.46274 0.83221 -0.27121 1 47.326 0.734 -0.884 0.30378 -0.6385 0.69364 0.13751 2 55.761 -31.579 13.596 0.50455 0.59449 0.33053 -0.53175 3 
51.729 -31.704 -5.017 0.13378 0.45888 0.83679 -0.26704 1 47.151 0.378 -0.928 0.29846 -0.64019 0.69395 0.13969 2 55.108 -32.396 13.341 0.50108 0.59116 0.34349 -0.53053 3 
51.808 -31.757 -5.084 0.13264 0.45881 0.83806 -0.26373 1 47.191 0.309 -0.923 0.30114 -0.64042 0.69262 0.13946 2 55.169 -32.555 13.246 0.50005 0.59012 0.34504 -0.53166 3 
51.918 -31.722 -4.956 0.13519 0.4665 0.83556 -0.25678 1 47.228 0.622 -0.986 0.30268 -0.6393 0.69362 0.13625 2 55.401 -32.049 13.371 0.50224 0.59293 0.33797 -0.53101 3 
52.103 -31.936 -4.829 0.13748 0.48048 0.82977 -0.24844 1 47.302 0.981 -1.018 0.30323 -0.64419 0.69032 0.12853 2 55.61 -31.752 13.431 0.50405 0.59494 0.33293 -0.53023 3 
52.831 -32.565 -4.851 0.11303 0.49497 0.82041 -0.26296 1 47.753 1.756 -0.985 0.28353 -0.65945 0.68108 0.14444 2 55.706 -31.95 13.32 0.50324 0.59342 0.33454 -0.53167 3 
54.466 -34.051 -4.917 0.09557 0.48583 0.8197 -0.28797 1 48.551 3.519 -1.386 0.23506 -0.6466 0.70768 0.16075 2 55.876 -32.337 13.135 0.50219 0.59042 0.33722 -0.53431 3 
57.77 -36.465 -5.14 0.07995 0.45969 0.81504 -0.3435 1 50.735 5.528 -1.837 0.20523 -0.6314 0.72573 0.18039 2 56.187 -32.562 12.947 0.50196 0.58819 0.33706 -0.53708 3 
63.528 -38.413 -5.687 0.08602 0.47583 0.7802 -0.39683 1 55.563 7.475 -2.29 0.2067 -0.62198 0.72476 0.21245 2 56.473 -32.585 12.833 0.50241 0.58682 0.33529 -0.53927 3 
69.962 -38.07 -6.45 0.10685 0.51708 0.73936 -0.4178 1 61.927 8.511 -3.09 0.21164 -0.62442 0.71788 0.22351 2 56.586 -32.531 12.81 0.50284 0.58664 0.33391 -0.53991 3 
75.762 -35.905 -6.983 0.14119 0.5615 0.69595 -0.42477 1 68.619 8.007 -4.023 0.21088 -0.6225 0.72131 0.2185 2 56.562 -32.517 12.824 0.50287 0.58681 0.33397 -0.53967 3 
80.956 -31.628 -7.103 0.20571 0.5778 0.67245 -0.4143 1 75.56 6.462 -4.679 0.24096 -0.64941 0.69194 0.20352 2 56.502 -32.55 12.837 0.50252 0.58689 0.33479 -0.5394 3 
85.602 -26.211 -7.002 0.29797 0.57106 0.67847 -0.35324 1 83.255 4.891 -5.236 0.26963 -0.67048 0.67055 0.1677 2 56.531 -32.536 12.83 0.50264 0.58698 0.3344 -0.53942 3 
89.813 -20.716 -6.9 0.39513 0.56779 0.67121 -0.2664 1 91.197 4.169 -5.498 0.28301 -0.68715 0.65165 0.15194 2 56.549 -32.536 12.823 0.50277 0.58688 0.33424 -0.53952 3 
94.176 -15.362 -6.619 0.48945 0.5245 0.67745 -0.16246 1 98.695 5.014 -5.525 0.26473 -0.71839 0.62075 0.16884 2 56.526 -32.548 12.828 0.50264 0.58688 0.33454 -0.53945 3 
98.59 -10.162 -6.483 0.56373 0.47837 0.67025 -0.06439 1 105.101 6.947 -5.391 0.23358 -0.72545 0.61863 0.19094 2 56.532 -32.541 12.829 0.50265 0.58687 0.33448 -0.5395 3 
102.734 -5.189 -6.486 0.60292 0.41268 0.68199 0.03277 1 110.252 9.734 -5.368 0.18835 -0.73977 0.6029 0.2319 2 56.542 -32.534 12.828 0.50265 0.58688 0.33436 -0.53956 3 
105.763 -0.193 -6.643 0.60303 0.39194 0.68642 0.10758 1 114.417 13.729 -5.612 0.10686 -0.73137 0.6068 0.29235 2 56.531 -32.538 12.829 0.50267 0.5869 0.33441 -0.53948 3 
107.678 6.269 -6.972 0.58032 0.35679 0.70982 0.17912 1 117.503 19.115 -6.186 -0.00036 -0.72513 0.5792 0.37245 2 56.532 -32.548 12.825 0.50266 0.58688 0.33449 -0.53946 3 
108.526 14.076 -7.686 0.53056 0.3543 0.7268 0.25443 1 118.981 26.027 -7.45 -0.13185 -0.67998 0.5962 0.40593 2 56.543 -32.539 12.824 0.5027 0.5869 0.33432 -0.53951 3 
106.484 21.823 -8.487 0.45582 0.41466 0.74152 0.26538 1 118.585 34.375 -8.539 -0.24742 -0.65266 0.62689 0.34617 2 56.537 -32.539 12.827 0.50267 0.58688 0.33438 -0.53952 3 
100.971 27.676 -9.509 0.40928 0.5408 0.67309 0.29491 1 116.209 41.093 -9.284 -0.30077 -0.67616 0.62631 0.24512 2 56.531 -32.539 12.827 0.50264 0.58689 0.33445 -0.5395 3 
94.07 30.752 -10.465 0.41426 0.73549 0.42989 0.32037 1 112.31 46.096 -9.883 -0.32144 -0.70102 0.62705 0.1098 2 56.541 -32.545 12.822 0.50267 0.58681 0.33441 -0.53958 3 
88.577 33.712 -11.874 0.38219 0.80174 0.29071 0.35585 1 107.851 49.143 -10.32 -0.30728 -0.73926 0.59915 -0.00911 2 56.538 -32.542 12.825 0.50269 0.58688 0.3344 -0.53949 3 
86.213 35.711 -12.611 0.39866 0.8158 0.21169 0.36155 1 104.337 52.026 -11.097 -0.30336 -0.75715 0.57641 -0.04955 2 56.533 -32.536 12.829 0.50268 0.58695 0.33438 -0.53944 3 
85.621 37.326 -13.775 0.40868 0.80585 0.14656 0.40261 1 102.329 54.296 -11.298 -0.30576 -0.76423 0.56046 -0.09136 2 56.541 -32.547 12.822 0.50268 0.58682 0.33443 -0.53955 3 
85.138 38.012 -14.241 0.40512 0.79755 0.14399 0.42316 1 100.993 55.687 -12.118 -0.29512 -0.76807 0.5573 -0.11132 2 56.538 -32.539 12.824 0.50267 0.58685 0.33438 -0.53955 3 
84.833 38.328 -14.44 0.40047 0.78947 0.16445 0.43511 1 99.745 56.979 -12.484 -0.28274 -0.77174 0.55497 -0.1284 2 56.534 -32.539 12.828 0.50265 0.58689 0.33442 -0.5395 3 
84.314 38.679 -14.387 0.40019 0.78759 0.16279 0.43937 1 98.565 57.904 -13.095 -0.2677 -0.77251 0.55688 -0.14649 2 56.543 -32.54 12.824 0.50268 0.58689 0.33435 -0.53953 3 
83.957 38.845 -14.446 0.39953 0.78308 0.17082 0.44496 1 97.42 58.378 -13.59 -0.23696 -0.77688 0.56304 -0.15262 2 56.537 -32.543 12.825 0.50266 0.5869 0.33441 -0.53949 3 
