112.732 -15.084 -7.534 0.18168 0.64929 0.70399 -0.2232 1 108.095 16.193 -6.46 0.27673 -0.623 0.73058 0.03931 2 111.485 -10.398 6.835 0.65063 0.63432 0.25934 -0.32721 3 
112.835 -15.819 -7.763 0.17455 0.64767 0.7085 -0.21928 1 108.252 15.371 -6.525 0.27201 -0.62727 0.72907 0.03161 2 111.038 -11.461 6.581 0.64862 0.63413 0.26871 -0.32398 3 
112.777 -16.551 -7.994 0.17548 0.63871 0.7168 -0.21785 1 108.225 14.717 -6.391 0.27466 -0.63512 0.72117 0.03306 2 111.041 -12.743 6.406 0.64742 0.62735 0.27748 -0.33208 3 
112.704 -17.057 -8.15 0.17715 0.63058 0.72332 -0.21862 1 108.363 14.271 -6.161 0.27666 -0.64256 0.71359 0.03685 2 111.156 -13.763 6.32 0.64878 0.61952 0.2834 -0.33906 3 
112.629 -17.459 -8.357 0.17624 0.62472 0.72883 -0.21786 1 108.332 13.89 -6.126 0.27878 -0.64781 0.70804 0.03615 2 111.061 -14.487 6.181 0.64805 0.61545 0.28932 -0.34286 3 
112.574 -17.994 -8.535 0.17334 0.61626 0.7362 -0.21954 1 108.19 13.303 -6.013 0.27976 -0.65276 0.70319 0.03416 2 110.859 -15.406 6.063 0.64563 0.61289 0.29574 -0.34651 3 
112.648 -19.174 -8.862 0.17113 0.60134 0.74717 -0.22549 1 108.002 12.087 -5.737 0.29063 -0.66195 0.69021 0.03125 2 110.957 -17.528 5.761 0.64086 0.60381 0.30785 -0.36047 3 
112.672 -20.631 -8.967 0.16507 0.59073 0.75016 -0.24709 1 106.716 10.513 -5.485 0.3146 -0.66194 0.6799 0.02441 2 111.301 -19.599 5.747 0.62865 0.6047 0.30748 -0.38025 3 
111.511 -22.341 -8.403 0.16845 0.58857 0.74401 -0.26769 1 104.524 8.959 -5.094 0.33562 -0.65194 0.67957 0.0226 2 110.715 -20.746 6.454 0.6224 0.61158 0.29284 -0.39093 3 
109.28 -24.11 -7.818 0.18088 0.58212 0.74088 -0.28198 1 102.193 7.422 -4.6 0.35438 -0.64437 0.67675 0.0349 2 109.592 -22.192 7.188 0.62523 0.6065 0.2792 -0.40408 3 
105.775 -25.959 -7.126 0.19937 0.57235 0.73551 -0.3028 1 98.438 5.977 -3.972 0.37859 -0.63714 0.66918 0.05412 2 107.903 -23.427 8.068 0.62663 0.60042 0.25613 -0.42572 3 
100.884 -27.384 -6.279 0.21382 0.56527 0.72655 -0.32693 1 92.805 4.694 -3.4 0.39908 -0.62928 0.66305 0.07146 2 104.735 -24.093 8.999 0.62292 0.59956 0.22727 -0.44817 3 
94.151 -28.947 -5.633 0.22915 0.55616 0.72344 -0.33885 1 86.609 3.394 -3.015 0.40393 -0.62795 0.65864 0.09334 2 99.495 -25.069 9.742 0.63087 0.58946 0.20654 -0.4603 3 
86.807 -30.122 -5.498 0.23691 0.5502 0.73152 -0.32564 1 80.688 2.349 -3.167 0.38392 -0.63197 0.66337 0.11472 2 92.762 -26.092 9.982 0.64412 0.57672 0.20313 -0.45961 3 
80.162 -30.658 -6.46 0.22596 0.54466 0.75087 -0.29744 1 75.347 1.694 -4.126 0.34944 -0.64609 0.66865 0.11563 2 85.305 -27.007 9.074 0.6508 0.56925 0.22312 -0.45014 3 
74.961 -30.963 -8.202 0.19979 0.54308 0.77234 -0.26198 1 71.178 1.143 -5.767 0.30465 -0.65908 0.68033 0.09977 2 78.152 -27.639 7.346 0.65276 0.56889 0.25554 -0.43008 3 
72.136 -31.013 -9.841 0.16781 0.54779 0.78742 -0.22743 1 68.958 0.871 -7.4 0.25904 -0.66657 0.69506 0.07407 2 72.886 -27.532 5.614 0.65047 0.57684 0.28712 -0.40214 3 
70.594 -30.669 -11.254 0.14809 0.55441 0.79659 -0.19011 1 67.693 1.097 -8.811 0.22231 -0.67072 0.70583 0.05009 2 69.286 -26.825 4.028 0.64524 0.58679 0.31062 -0.37796 3 
69.833 -30.196 -12.559 0.12397 0.56403 0.79995 -0.16304 1 67.368 1.376 -10.072 0.18958 -0.67658 0.71101 0.02774 2 66.702 -26.107 2.483 0.64254 0.59281 0.33139 -0.35482 3 
69.526 -30.268 -12.686 0.12325 0.56507 0.79857 -0.16667 1 66.912 1.346 -10.127 0.1969 -0.67462 0.71096 0.02567 2 66.576 -26.287 2.394 0.64197 0.59129 0.33054 -0.35916 3 
69.721 -30.321 -12.83 0.12063 0.56229 0.80074 -0.16763 1 66.753 1.37 -10.139 0.20224 -0.67673 0.70765 0.01927 2 66.684 -26.499 2.238 0.638 0.59239 0.33265 -0.36246 3 
70.752 -29.91 -12.198 0.12545 0.56545 0.79569 -0.17719 1 67.219 1.554 -9.657 0.20915 -0.67197 0.70983 0.02923 2 67.968 -26.201 2.86 0.63367 0.59711 0.32618 -0.36814 3 
72.312 -29.595 -10.397 0.14486 0.56217 0.79014 -0.19663 1 68.469 1.921 -8.057 0.23293 -0.66378 0.70936 0.04406 2 70.496 -26.025 4.938 0.63462 0.59574 0.31473 -0.37854 3 
73.168 -29.755 -8.227 0.18809 0.54402 0.78178 -0.23974 1 69.853 2.085 -5.735 0.2809 -0.65947 0.69087 0.09429 2 74.769 -26.816 7.455 0.64978 0.5707 0.28211 -0.41533 3 
73.651 -29.985 -6.176 0.23633 0.51916 0.76974 -0.28657 1 70.814 2.253 -3.291 0.33836 -0.65107 0.6631 0.14808 2 79.262 -27.84 9.654 0.66075 0.54022 0.24301 -0.46099 3 
73.478 -30.281 -3.989 0.27246 0.50072 0.75141 -0.33231 1 70.37 2.464 -1.015 0.38951 -0.63585 0.64038 0.18407 2 82.314 -28.145 11.944 0.66159 0.5245 0.20115 -0.49672 3 
71.88 -30.719 -2.079 0.29965 0.48967 0.73138 -0.36811 1 68.454 2.519 0.574 0.42355 -0.6153 0.6294 0.21418 2 83.152 -27.839 13.902 0.66316 0.51667 0.15928 -0.51758 3 
68.866 -31.41 -0.869 0.31944 0.48152 0.7178 -0.38842 1 65.45 2.214 1.499 0.443 -0.59874 0.62263 0.23999 2 81.861 -27.97 15.115 0.66534 0.50758 0.12966 -0.53186 3 
65.04 -32.228 -0.326 0.32703 0.47409 0.71296 -0.39997 1 61.687 1.67 1.84 0.45399 -0.58877 0.61869 0.2539 2 79.034 -28.479 15.643 0.66587 0.50145 0.11252 -0.54083 3 
61.899 -32.89 -0.018 0.31436 0.47388 0.71568 -0.4055 1 57.964 1.129 2 0.45577 -0.5833 0.62394 0.25045 2 75.73 -28.927 16.28 0.65932 0.50778 0.11121 -0.54323 3 
58.812 -33.459 -0.181 0.29406 0.47881 0.72844 -0.39198 1 54.867 0.645 1.737 0.43778 -0.59196 0.63439 0.23554 2 71.425 -29.757 16.713 0.65624 0.51535 0.13285 -0.5349 3 
56.092 -33.623 -1.098 0.24903 0.48505 0.75305 -0.36827 1 52.01 0.252 1.098 0.40618 -0.61056 0.64872 0.20346 2 66.019 -31.028 16.568 0.64676 0.52631 0.18302 -0.52077 3 
53.94 -33.623 -2.641 0.20291 0.50059 0.77838 -0.31995 1 49.633 -0.044 -0.203 0.36159 -0.63525 0.66452 0.15532 2 60.067 -32.154 15.458 0.63337 0.5405 0.24838 -0.49498 3 
52.263 -33.478 -4.535 0.16293 0.51532 0.7929 -0.28143 1 47.61 -0.213 -1.869 0.31796 -0.64817 0.68284 0.11187 2 54.763 -32.912 13.875 0.61847 0.55095 0.30841 -0.46778 3 
51.784 -33.919 -4.505 0.15753 0.50263 0.80301 -0.27878 1 47.554 -0.623 -1.079 0.3198 -0.66271 0.66759 0.11345 2 53.922 -34.641 13.93 0.61472 0.53825 0.32982 -0.47289 3 
51.579 -34.218 -4.643 0.15057 0.49832 0.80874 -0.27377 1 47.291 -1.01 -0.878 0.31666 -0.66645 0.66559 0.11212 2 53.169 -35.633 13.817 0.60844 0.53426 0.34603 -0.47395 3 
51.608 -34.199 -4.703 0.15087 0.49997 0.80745 -0.27439 1 47.271 -0.994 -0.994 0.31629 -0.66285 0.66913 0.11334 2 53.262 -35.488 13.775 0.60891 0.53531 0.34356 -0.47396 3 
51.748 -34.061 -4.623 0.15301 0.50201 0.80515 -0.27625 1 47.384 -0.83 -1.101 0.3161 -0.66087 0.67103 0.11423 2 53.636 -35.028 13.85 0.61129 0.53773 0.33588 -0.47367 3 
51.881 -33.91 -4.511 0.16086 0.50403 0.80321 -0.27372 1 47.491 -0.603 -1.22 0.3165 -0.65838 0.67315 0.11503 2 54.063 -34.429 13.948 0.61381 0.54075 0.327 -0.47317 3 
52.076 -33.779 -4.443 0.16695 0.50549 0.80064 -0.27492 1 47.622 -0.449 -1.32 0.31702 -0.65495 0.6758 0.11762 2 54.558 -33.949 13.98 0.61542 0.54321 0.31877 -0.47388 3 
52.103 -33.776 -4.37 0.16922 0.51033 0.7985 -0.27077 1 47.703 -0.247 -1.344 0.31536 -0.65918 0.67387 0.10917 2 54.64 -33.71 14.041 0.61691 0.54414 0.31557 -0.47302 3 
52.343 -33.856 -4.334 0.15613 0.5213 0.79496 -0.26814 1 48.139 -0.016 -1.399 0.30831 -0.65848 0.67868 0.10365 2 54.478 -33.757 14.074 0.61623 0.54427 0.3177 -0.47233 3 
53.314 -34.156 -4.543 0.13705 0.52434 0.78917 -0.28895 1 49.595 0.175 -1.317 0.29051 -0.66825 0.67375 0.12294 2 54.806 -34.273 13.772 0.61556 0.53977 0.31961 -0.47705 3 
54.403 -34.558 -4.541 0.14993 0.51757 0.78831 -0.297 1 51.084 -0.032 -1.07 0.29654 -0.68179 0.65519 0.134 2 55.069 -35.134 13.409 0.61385 0.53386 0.32452 -0.48256 3 
55.279 -35.016 -4.424 0.15301 0.52038 0.78478 -0.29985 1 52.07 -0.638 -1.151 0.29577 -0.69128 0.6452 0.13556 2 55.246 -35.943 13.102 0.61206 0.5288 0.32949 -0.48702 3 
55.996 -35.125 -4.172 0.16253 0.52274 0.78009 -0.30297 1 52.706 -0.687 -1.481 0.27887 -0.68314 0.66115 0.1358 2 55.362 -36.332 12.932 0.61114 0.526 0.33189 -0.48958 3 
56.51 -35.476 -4.192 0.16299 0.52379 0.78124 -0.29789 1 53.553 -0.402 -1.705 0.26697 -0.67881 0.66962 0.13986 2 55.434 -36.372 12.891 0.61105 0.52544 0.33178 -0.49037 3 
57.587 -36.143 -4.446 0.13536 0.51103 0.78843 -0.3145 1 54.878 0.259 -1.852 0.25796 -0.67034 0.67915 0.1512 2 55.462 -36.192 12.943 0.61176 0.52649 0.32989 -0.48962 3 
60.758 -37.207 -4.5 0.08267 0.50979 0.76552 -0.38374 1 57.502 1.446 -1.868 0.26054 -0.65454 0.6862 0.18119 2 55.422 -36.125 12.984 0.61193 0.52709 0.32956 -0.48898 3 
68.879 -36.737 -2.818 0.11293 0.65488 0.55394 -0.50152 1 62.942 2.944 -1.775 0.28224 -0.65156 0.66898 0.21972 2 55.393 -36.251 12.944 0.6114 0.52632 0.33099 -0.48951 3 
76.917 -31.865 -0.825 0.20456 0.80541 0.30078 -0.46798 1 70.752 3.283 -1.407 0.32026 -0.69724 0.58168 0.27007 2 55.419 -36.242 12.94 0.61154 0.52629 0.33068 -0.48958 3 
81.076 -27.148 -0.43 0.29588 0.87117 0.18483 -0.34547 1 78.231 1.806 -0.828 0.36209 -0.74875 0.47731 0.28362 2 55.426 -36.201 12.951 0.61168 0.52655 0.33024 -0.48942 3 
83.454 -24.09 -0.46 0.35456 0.89095 0.13632 -0.24883 1 84.286 -0.155 -0.299 0.403 -0.77507 0.41248 0.25831 2 55.417 -36.222 12.946 0.61157 0.52644 0.33053 -0.48949 3 
85.664 -21.087 -0.273 0.41491 0.88088 0.07496 -0.21511 1 89.02 -1.967 0.25 0.42643 -0.80624 0.32361 0.2518 2 55.414 -36.222 12.948 0.61156 0.52643 0.33057 -0.48947 3 
88.147 -17.555 -0.065 0.49955 0.85412 0.00453 -0.14461 1 92.4 -3.047 0.508 0.43692 -0.83349 0.22885 0.24905 2 55.418 -36.232 12.945 0.61155 0.52635 0.3306 -0.48956 3 
91.428 -14.38 -0.018 0.56098 0.82054 -0.05597 -0.09426 1 95.176 -2.654 0.627 0.44729 -0.84561 0.18835 0.22225 2 55.424 -36.205 12.951 0.61165 0.52651 0.33033 -0.48944 3 
95.972 -11.688 0.239 0.61191 0.77746 -0.10077 -0.10474 1 97.879 -1.715 0.255 0.44108 -0.87 0.15854 0.153 2 55.417 -36.216 12.951 0.61158 0.5265 0.33046 -0.48945 3 
99.895 -9.877 0.148 0.64363 0.75801 -0.095 -0.04633 1 102.324 0.754 0.037 0.43191 -0.86689 0.17192 0.18001 2 55.415 -36.24 12.942 0.61154 0.5263 0.3307 -0.48956 3 
103.392 -7.412 -0.235 0.68608 0.72123 -0.07491 0.05924 1 106.494 4.401 -0.561 0.40144 -0.86835 0.21543 0.19596 2 55.426 -36.207 12.95 0.61164 0.5265 0.33033 -0.48946 3 
106.775 -3.38 -0.801 0.73325 0.6632 -0.07511 0.12992 1 110.701 9.424 -1.28 0.34445 -0.8822 0.25228 0.19859 2 55.418 -36.222 12.949 0.61157 0.52644 0.33055 -0.48948 3 
110.426 1.457 -1.33 0.775 0.59269 -0.06258 0.21018 1 114.978 15.444 -1.738 0.27785 -0.89147 0.28828 0.21207 2 55.413 -36.234 12.948 0.61156 0.52637 0.33064 -0.4895 3 
113.546 7.476 -2.233 0.80395 0.51771 -0.04568 0.28905 1 118.557 22.305 -2.371 0.19034 -0.90607 0.32175 0.19818 2 55.424 -36.221 12.948 0.61155 0.52643 0.3305 -0.48953 3 
114.575 14.806 -3.737 0.82741 0.48415 -0.05328 0.27956 1 119.996 29.427 -3.674 0.10204 -0.91543 0.36652 0.13131 2 55.42 -36.213 12.949 0.61162 0.52647 0.33044 -0.48945 3 
110.414 21.309 -5.011 0.79318 0.51248 0.00377 0.32895 1 121.526 37.304 -5.297 -0.00743 -0.87139 0.45724 0.17765 2 55.418 -36.222 12.947 0.61156 0.52641 0.33055 -0.48951 3 
100.417 26.41 -6.356 0.67583 0.69306 0.11418 0.22335 1 121.506 43.137 -6.919 -0.17852 -0.82951 0.49971 0.17414 2 55.424 -36.228 12.941 0.61154 0.52636 0.33057 -0.48957 3 
90.834 30.73 -9.129 0.52367 0.81468 0.14716 0.20103 1 117.585 46.349 -8.212 -0.24112 -0.82486 0.50611 0.07287 2 55.419 -36.213 12.952 0.6116 0.5265 0.33044 -0.48944 3 
86.757 33.946 -11.489 0.46906 0.83307 0.10925 0.2721 1 112.186 48.819 -9.309 -0.25566 -0.81406 0.52089 -0.02473 2 55.418 -36.226 12.947 0.61158 0.52639 0.33058 -0.48948 3 
85.667 36.147 -12.691 0.46646 0.83205 0.08825 0.28691 1 107.885 51.075 -10 -0.26949 -0.80312 0.52337 -0.09193 2 55.422 -36.227 12.945 0.61156 0.52637 0.33057 -0.48954 3 
84.975 37.542 -13.621 0.45835 0.83077 0.06272 0.30952 1 105.036 52.479 -10.384 -0.2919 -0.81311 0.48191 -0.14628 2 55.417 -36.22 12.949 0.61158 0.52642 0.33054 -0.48948 3 
84.659 38.107 -14.064 0.46859 0.81918 0.06094 0.32504 1 102.554 53.429 -10.766 -0.29472 -0.82986 0.43967 -0.17651 2 55.422 -36.221 12.945 0.61162 0.52639 0.33048 -0.48951 3 
84.179 38.243 -13.99 0.46204 0.81089 0.09301 0.34689 1 100.051 54.425 -11.665 -0.28907 -0.84033 0.41718 -0.19039 2 55.422 -36.227 12.944 0.61159 0.52636 0.33054 -0.48953 3 
84.193 38.847 -13.951 0.47729 0.80952 0.0682 0.335 1 97.771 55.585 -12.432 -0.27862 -0.84742 0.40216 -0.2062 2 55.416 -36.227 12.946 0.61156 0.52638 0.3306 -0.48952 3 
84.165 38.981 -13.915 0.48361 0.80691 0.06077 0.33366 1 96.435 56.227 -13.188 -0.27043 -0.85295 0.39296 -0.21197 2 55.422 -36.216 12.947 0.61161 0.52643 0.33046 -0.4895 3 
