113.432 -22.982 -8.471 0.22946 0.55985 0.77246 -0.19292 1 113.666 9.265 -5.482 0.27704 -0.68497 0.67187 0.05161 2 111.276 -20.523 4.078 0.73734 0.51848 0.308 -0.30436 3 
113.275 -23.499 -8.661 0.24229 0.55849 0.76929 -0.19386 1 113.713 8.971 -5.709 0.28478 -0.68516 0.66793 0.05758 2 111.768 -20.759 3.936 0.74204 0.51521 0.2976 -0.30881 3 
113.24 -23.996 -8.747 0.24063 0.56047 0.76807 -0.19505 1 113.547 8.442 -5.816 0.28609 -0.68343 0.66945 0.05397 2 111.654 -21.163 3.884 0.74098 0.51791 0.29709 -0.30733 3 
113.158 -24.557 -8.827 0.23723 0.55898 0.7688 -0.20053 1 112.999 7.93 -5.905 0.29027 -0.68178 0.66964 0.04997 2 111.491 -21.768 3.795 0.7372 0.5216 0.29679 -0.31046 3 
113.223 -25.063 -8.952 0.23316 0.55795 0.7699 -0.20392 1 112.731 7.324 -5.943 0.29165 -0.68244 0.66866 0.04588 2 111.407 -22.429 3.689 0.73412 0.52383 0.29851 -0.31236 3 
113.245 -25.436 -9.196 0.22713 0.55575 0.77352 -0.20301 1 112.569 6.889 -6.003 0.29036 -0.68477 0.66716 0.04101 2 111.127 -23.09 3.465 0.73062 0.52369 0.30538 -0.31414 3 
113.226 -25.557 -9.384 0.22151 0.55523 0.7763 -0.20004 1 112.467 6.624 -6.126 0.28621 -0.68663 0.66741 0.03446 2 110.765 -23.317 3.229 0.72796 0.52545 0.31126 -0.31159 3 
113.243 -25.558 -9.558 0.21587 0.5556 0.77808 -0.19824 1 112.414 6.542 -6.246 0.28259 -0.68842 0.66734 0.02966 2 110.486 -23.419 3.027 0.72654 0.52619 0.31552 -0.30937 3 
112.908 -25.384 -9.678 0.20951 0.55654 0.77975 -0.19585 1 112.006 6.553 -6.342 0.2776 -0.68905 0.66892 0.02636 2 109.839 -23.329 2.844 0.72424 0.52782 0.32008 -0.30729 3 
112.342 -25.164 -9.694 0.20248 0.55732 0.78162 -0.19356 1 111.248 6.609 -6.396 0.27182 -0.68823 0.67235 0.02006 2 108.842 -23.163 2.832 0.72055 0.53214 0.32561 -0.30267 3 
111.341 -25.553 -9.669 0.19556 0.5474 0.7884 -0.20134 1 109.796 6.075 -5.984 0.27674 -0.69149 0.66703 0.01838 2 107.735 -24.114 2.862 0.71375 0.52964 0.33361 -0.31423 3 
109.757 -27.008 -9.593 0.19134 0.52954 0.79501 -0.22571 1 106.893 4.573 -5.332 0.30252 -0.69352 0.65356 0.0194 2 106.599 -26.451 3.089 0.70005 0.52752 0.33609 -0.34451 3 
107.268 -29.829 -8.949 0.19469 0.5203 0.78845 -0.26405 1 102.659 2.08 -4.661 0.34022 -0.68454 0.6444 0.02043 2 105.25 -29.201 3.929 0.68811 0.536 0.31596 -0.37333 3 
103.21 -34.086 -7.935 0.21138 0.5161 0.77181 -0.30539 1 97.251 -1.596 -4.044 0.38185 -0.66876 0.63704 0.03353 2 103.071 -32.586 5.311 0.68356 0.54426 0.27778 -0.3992 3 
98.201 -39.136 -6.951 0.21707 0.5099 0.75756 -0.34495 1 90.907 -6.197 -3.436 0.41475 -0.65459 0.63054 0.04365 2 99.467 -36.97 6.613 0.67611 0.55286 0.24596 -0.42038 3 
93.417 -44.208 -6.813 0.20202 0.50359 0.75359 -0.37108 1 84.372 -11.097 -3.368 0.43245 -0.64815 0.62588 0.03416 2 94.896 -41.884 7.044 0.65801 0.56758 0.23523 -0.43536 3 
88.936 -48.638 -7.818 0.17333 0.49482 0.76579 -0.37238 1 79.014 -15.436 -4.008 0.42777 -0.65504 0.62276 0.01005 2 89.376 -46.924 6.117 0.64132 0.57448 0.25643 -0.43923 3 
85.145 -52.417 -9.451 0.13014 0.49246 0.78202 -0.35914 1 74.611 -19.211 -5.305 0.39997 -0.66694 0.62813 -0.02593 2 83.378 -51.409 4.525 0.62391 0.58428 0.29631 -0.4261 3 
82.053 -55.208 -11.24 0.09757 0.49304 0.79692 -0.33512 1 71.675 -21.75 -6.879 0.36251 -0.67794 0.63716 -0.0549 2 78.117 -54.405 2.657 0.61507 0.58935 0.33447 -0.40308 3 
79.808 -57.108 -13.101 0.07435 0.4902 0.80974 -0.31384 1 69.883 -23.324 -8.281 0.33092 -0.69239 0.63652 -0.07705 2 74.148 -56.546 0.687 0.61002 0.58741 0.36764 -0.38426 3 
78.85 -57.909 -14.532 0.05655 0.48711 0.81694 -0.30355 1 68.607 -24.049 -9.252 0.31429 -0.69498 0.63928 -0.09769 2 71.914 -57.672 -0.773 0.59951 0.58972 0.39041 -0.37469 3 
78.43 -58.348 -14.552 0.04495 0.48448 0.81799 -0.30683 1 68.037 -24.472 -9.225 0.31969 -0.69556 0.63484 -0.10473 2 71.29 -58.342 -0.825 0.59681 0.58858 0.39524 -0.37573 3 
78.555 -58.553 -14.791 0.05166 0.48405 0.82125 -0.29761 1 68.101 -24.447 -9.345 0.32352 -0.69509 0.63207 -0.11261 2 71.556 -58.449 -1.005 0.5976 0.58697 0.39411 -0.37818 3 
78.736 -58.821 -14.863 0.05674 0.47711 0.82968 -0.2842 1 67.976 -24.361 -9.226 0.32785 -0.69763 0.62515 -0.12253 2 71.593 -58.769 -1.036 0.59561 0.58565 0.39706 -0.38026 3 
79.283 -59.128 -14.96 0.03854 0.48646 0.82336 -0.28973 1 67.87 -23.989 -9.277 0.32162 -0.69525 0.62958 -0.12968 2 71.559 -58.994 -1.124 0.59539 0.58379 0.39887 -0.38158 3 
79.309 -59.343 -15.05 0.03828 0.48775 0.82006 -0.29688 1 67.818 -24.063 -9.503 0.31156 -0.69388 0.63176 -0.14948 2 71.816 -59.195 -1.209 0.59531 0.58168 0.39914 -0.38463 3 
78.871 -59.037 -15.073 0.05117 0.47068 0.83342 -0.28504 1 67.846 -24.381 -9.484 0.31197 -0.69708 0.62754 -0.15146 2 71.805 -59.37 -1.258 0.59457 0.58032 0.40082 -0.3861 3 
78.895 -58.94 -15.019 0.04645 0.47316 0.82962 -0.29272 1 67.958 -24.493 -9.403 0.31764 -0.70413 0.61699 -0.15044 2 71.953 -59.277 -1.242 0.59537 0.58046 0.39914 -0.38637 3 
79.448 -58.036 -14.43 0.05719 0.48239 0.82155 -0.29847 1 68.571 -24.191 -9.11 0.33009 -0.71279 0.60389 -0.13524 2 73.019 -58.337 -0.788 0.59785 0.58427 0.3872 -0.38895 3 
81.475 -55.299 -13.137 0.06664 0.5 0.80972 -0.29986 1 70.076 -22.04 -8.598 0.33368 -0.69346 0.62657 -0.12323 2 75.223 -55.2 0.422 0.59569 0.59609 0.37487 -0.3864 3 
82.582 -51.836 -11.414 0.09045 0.51411 0.80221 -0.28976 1 72.44 -18.696 -7.71 0.32701 -0.68249 0.64658 -0.09597 2 76.921 -51.053 2.01 0.61422 0.59003 0.36354 -0.37741 3 
81.564 -48.38 -9.511 0.13899 0.51211 0.7991 -0.28259 1 74.261 -15.024 -6.451 0.32663 -0.67966 0.65563 -0.03907 2 78.04 -46.705 3.979 0.65278 0.56422 0.33546 -0.37816 3 
79.456 -44.629 -7.271 0.1896 0.49568 0.79522 -0.29322 1 74.542 -11.19 -4.487 0.34244 -0.67586 0.65191 0.03108 2 78.938 -42.779 6.388 0.68462 0.532 0.2986 -0.39889 3 
76.411 -41.391 -4.902 0.24741 0.47084 0.78938 -0.30658 1 73.747 -7.764 -2.243 0.36731 -0.67193 0.63461 0.10419 2 79.307 -39.673 8.953 0.71175 0.49562 0.25545 -0.42722 3 
72.713 -38.884 -2.489 0.29568 0.45349 0.77558 -0.32464 1 71.575 -5.018 -0.273 0.3897 -0.66024 0.62115 0.16246 2 78.58 -36.957 11.542 0.73213 0.46968 0.20802 -0.44734 3 
68.583 -37.151 -0.302 0.32982 0.44458 0.76049 -0.33944 1 68.108 -2.976 1.226 0.40325 -0.64258 0.61777 0.20697 2 76.604 -34.673 13.958 0.74415 0.45655 0.16596 -0.45854 3 
64.01 -36.311 1.329 0.34711 0.44301 0.74977 -0.34798 1 63.831 -1.801 2.039 0.40921 -0.62877 0.61942 0.23133 2 73.312 -33.123 15.823 0.75264 0.45112 0.13486 -0.46027 3 
59.846 -35.846 2.142 0.34783 0.44477 0.74798 -0.34889 1 59.499 -1.157 2.299 0.40634 -0.61855 0.62913 0.23766 2 69.319 -32.21 16.962 0.75333 0.45497 0.12538 -0.45801 3 
56.47 -35.474 2.303 0.33302 0.44912 0.75699 -0.33815 1 56.007 -0.707 2.266 0.39408 -0.61978 0.63905 0.22845 2 65.204 -31.85 17.521 0.74999 0.46135 0.13882 -0.4532 3 
53.109 -35.251 1.53 0.30609 0.44789 0.77665 -0.3202 1 52.961 -0.571 1.864 0.37348 -0.63415 0.64369 0.20985 2 60.4 -32.435 17.115 0.74493 0.46143 0.17424 -0.44923 3 
50.247 -34.641 -0.129 0.26166 0.45695 0.80316 -0.2787 1 50.126 -0.157 1.025 0.3367 -0.65982 0.65003 0.16952 2 54.565 -33.047 15.641 0.73 0.4652 0.24159 -0.43856 3 
48.281 -34.454 -1.173 0.2243 0.46186 0.81812 -0.25894 1 48.133 -0.232 0.737 0.31519 -0.66742 0.65977 0.1411 2 50.102 -34.174 14.953 0.71502 0.463 0.30093 -0.42873 3 
47.592 -34.707 -1.518 0.20165 0.46192 0.82614 -0.25192 1 47.275 -0.466 0.754 0.30589 -0.67067 0.66288 0.13126 2 48.439 -35.112 14.78 0.70677 0.4597 0.32604 -0.42762 3 
47.438 -34.758 -1.446 0.20576 0.463 0.82638 -0.24573 1 47.227 -0.492 0.685 0.30342 -0.66465 0.66865 0.13816 2 48.329 -35.08 14.885 0.70774 0.45935 0.32595 -0.42645 3 
47.51 -34.627 -1.379 0.20276 0.46812 0.82361 -0.24784 1 47.25 -0.408 0.564 0.29983 -0.66008 0.67415 0.1411 2 48.449 -34.787 14.984 0.70927 0.46107 0.32207 -0.425 3 
47.756 -34.638 -1.32 0.20016 0.47167 0.82409 -0.24155 1 47.351 -0.253 0.565 0.29943 -0.65859 0.67545 0.14273 2 48.619 -34.713 14.984 0.70918 0.46133 0.3204 -0.42612 3 
48.711 -34.621 -1.259 0.16924 0.48348 0.82641 -0.23377 1 47.736 0.104 0.337 0.28183 -0.65677 0.68461 0.14332 2 48.773 -34.486 15.098 0.71036 0.46238 0.31732 -0.42533 3 
50.524 -34.418 -1.086 0.14033 0.48243 0.82667 -0.25336 1 48.865 0.245 -0.187 0.25108 -0.65858 0.69514 0.14149 2 48.82 -34.668 15.022 0.70987 0.46138 0.3184 -0.42641 3 
52.582 -34.837 -0.721 0.14215 0.50294 0.79568 -0.30618 1 50.212 0.147 -0.714 0.24197 -0.66249 0.69656 0.13176 2 49.064 -34.976 14.839 0.70932 0.45852 0.31922 -0.4298 3 
54.041 -34.776 -0.32 0.18818 0.51632 0.7744 -0.31354 1 51.58 0.038 -1.079 0.23754 -0.65488 0.70576 0.12888 2 49.201 -35.525 14.603 0.70814 0.45458 0.32215 -0.43372 3 
55.388 -34.407 -0.122 0.21803 0.51931 0.76352 -0.31594 1 53.161 -0.151 -0.973 0.24887 -0.65059 0.70251 0.14584 2 49.132 -36.172 14.405 0.70605 0.45081 0.32786 -0.43677 3 
56.223 -34.428 -0.317 0.229 0.51246 0.76994 -0.30353 1 54.347 -0.505 -0.716 0.25594 -0.6455 0.70509 0.14382 2 49.089 -36.399 14.341 0.70515 0.4495 0.33023 -0.43778 3 
57.208 -34.6 -0.427 0.22866 0.51779 0.76951 -0.29575 1 55.617 -0.976 -0.356 0.2676 -0.64738 0.69817 0.14779 2 49.145 -36.307 14.362 0.70562 0.45005 0.32899 -0.43741 3 
58.533 -34.941 -0.59 0.22788 0.51972 0.76725 -0.29883 1 56.918 -1.229 -0.163 0.27527 -0.64755 0.6949 0.14837 2 49.099 -36.306 14.373 0.70576 0.45008 0.32914 -0.43703 3 
60.594 -35.504 -0.696 0.23391 0.52223 0.75697 -0.31554 1 58.206 -1.315 -0.184 0.27872 -0.64581 0.69599 0.14437 2 49.026 -36.384 14.364 0.70534 0.44962 0.33049 -0.43716 3 
63.317 -36.257 -0.826 0.25206 0.5132 0.74349 -0.34686 1 59.699 -1.28 -0.316 0.28083 -0.64386 0.6968 0.14508 2 49.03 -36.416 14.348 0.70519 0.44941 0.33083 -0.43736 3 
65.756 -37.097 -0.936 0.25609 0.49998 0.73818 -0.37354 1 61.582 -1.158 -0.3 0.28967 -0.63496 0.69935 0.15436 2 49.058 -36.353 14.368 0.70547 0.44979 0.33006 -0.43711 3 
67.289 -37.098 -0.876 0.26946 0.50606 0.72938 -0.37322 1 63.448 -1.519 -0.211 0.30722 -0.63258 0.6942 0.15345 2 49.054 -36.358 14.368 0.7055 0.44984 0.33003 -0.43704 3 
68.318 -36.737 -0.868 0.27807 0.49726 0.73387 -0.36993 1 65.103 -1.807 -0.244 0.31651 -0.62953 0.69021 0.1647 2 49.024 -36.426 14.349 0.7052 0.44939 0.33089 -0.43732 3 
73.275 -36.044 -0.409 0.35288 0.46401 0.68166 -0.44216 1 71.139 -1.346 0.122 0.35326 -0.59448 0.68956 0.2152 2 49.034 -36.388 14.359 0.70535 0.44955 0.33052 -0.43719 3 
82.626 -34.492 -0.476 0.51046 0.42343 0.59345 -0.45602 1 81.724 -0.287 0.181 0.44852 -0.63288 0.60673 0.1737 2 49.057 -36.37 14.361 0.70539 0.44969 0.33021 -0.43724 3 
91.276 -30.936 -1.764 0.63764 0.39979 0.55439 -0.35531 1 92.344 1.784 -1.226 0.44333 -0.71371 0.53805 0.06768 2 49.033 -36.403 14.353 0.70526 0.44944 0.33068 -0.43733 3 
96.992 -23.812 -3.277 0.69153 0.34451 0.6217 -0.12883 1 100.682 5.492 -3.279 0.32071 -0.71905 0.61547 -0.03618 2 49.023 -36.4 14.359 0.70527 0.4495 0.33071 -0.43723 3 
100.784 -14.141 -4.533 0.62519 0.26092 0.72878 0.09963 1 107.174 10.107 -4.989 0.25876 -0.52408 0.81139 -0.00441 2 49.051 -36.382 14.357 0.70539 0.44956 0.33033 -0.43726 3 
102.525 -5.414 -4.713 0.61013 0.27792 0.71962 0.18066 1 111.347 16.529 -5.508 0.25602 -0.45915 0.83986 0.13515 2 49.038 -36.391 14.361 0.70534 0.44959 0.33051 -0.43717 3 
102.969 3.324 -4.658 0.60289 0.35926 0.68349 0.20075 1 114.614 24.475 -6.091 0.1123 -0.55444 0.79235 0.22839 2 49.025 -36.412 14.355 0.70527 0.44947 0.33077 -0.43722 3 
101.205 10.91 -5.136 0.60396 0.54097 0.57739 0.09594 1 115.81 32.24 -6.99 -0.0894 -0.70853 0.65111 0.25698 2 49.045 -36.392 14.361 0.70527 0.4495 0.3306 -0.43732 3 
96.814 20.277 -6.659 0.57035 0.71739 0.38892 0.09383 1 114.237 39.55 -8.366 -0.22182 -0.74997 0.59254 0.19297 2 49.056 -36.379 14.353 0.70532 0.44955 0.3304 -0.43734 3 
91.035 28.004 -8.998 0.5069 0.79228 0.27924 0.19331 1 111.983 45.008 -9.482 -0.293 -0.76182 0.56858 0.10247 2 49.046 -36.393 14.357 0.70503 0.44958 0.3309 -0.4374 3 
87.14 32.902 -10.939 0.4693 0.81645 0.19716 0.27258 1 108.941 48.524 -10.061 -0.31928 -0.78017 0.53796 0.00195 2 49.061 -36.379 14.357 0.70512 0.44961 0.33068 -0.43739 3 
85.504 36.087 -12.325 0.45976 0.82364 0.11699 0.31074 1 106.422 50.859 -10.499 -0.32122 -0.79468 0.51243 -0.05204 2 49.061 -36.36 14.363 0.70512 0.44972 0.33061 -0.43733 3 
84.807 37.639 -13.115 0.45124 0.82368 0.08365 0.33308 1 104.864 52.557 -10.91 -0.31481 -0.79956 0.50656 -0.07074 2 49.067 -36.366 14.36 0.70507 0.44974 0.33059 -0.4374 3 
84.439 38.115 -13.633 0.44931 0.81903 0.07791 0.34821 1 104.007 53.708 -11.077 -0.30771 -0.80526 0.49891 -0.08921 2 49.063 -36.377 14.356 0.70501 0.44967 0.33073 -0.43747 3 
84.363 38.252 -13.981 0.44532 0.81025 0.08874 0.37056 1 103.026 54.672 -11.434 -0.30298 -0.80832 0.49404 -0.10371 2 49.071 -36.365 14.358 0.70511 0.44973 0.3305 -0.43742 3 
84.122 38.281 -14.164 0.43661 0.79967 0.11826 0.39486 1 101.523 55.641 -11.963 -0.29033 -0.81166 0.49349 -0.11567 2 49.07 -36.368 14.356 0.70507 0.44973 0.33057 -0.43743 3 
83.573 38.492 -14.082 0.43255 0.79289 0.12775 0.40975 1 99.951 56.41 -12.546 -0.27947 -0.81793 0.48765 -0.12282 2 49.064 -36.379 14.354 0.70496 0.44969 0.33076 -0.4375 3 
83.208 38.63 -14.105 0.43386 0.78864 0.1229 0.41797 1 98.718 56.989 -12.879 -0.27895 -0.81866 0.4831 -0.13636 2 49.07 -36.36 14.358 0.70502 0.44982 0.33055 -0.43743 3 
83.105 38.844 -14.156 0.43637 0.78739 0.12159 0.41811 1 97.979 57.555 -12.884 -0.28234 -0.81865 0.47773 -0.14791 2 49.071 -36.358 14.359 0.70499 0.44984 0.33057 -0.43744 3 
83.037 39.204 -14.225 0.44005 0.78806 0.11376 0.41519 1 97.649 57.6 -13.423 -0.28383 -0.8137 0.48425 -0.1511 2 49.074 -36.372 14.353 0.70494 0.44978 0.33062 -0.43754 3 
82.834 39.743 -14.105 0.43768 0.78832 0.0968 0.42144 1 97.32 57.717 -13.695 -0.2855 -0.80629 0.49453 -0.15437 2 49.072 -36.37 14.353 0.70492 0.44978 0.33064 -0.43756 3 
82.75 39.828 -14.133 0.43471 0.78839 0.09429 0.42494 1 97.302 57.413 -13.692 -0.28448 -0.79983 0.50872 -0.14336 2 49.077 -36.357 14.356 0.70492 0.44986 0.33055 -0.43755 3 
82.701 39.447 -14.163 0.43192 0.78488 0.11721 0.42857 1 98.398 56.224 -12.792 -0.27766 -0.80319 0.51349 -0.11885 2 49.075 -36.366 14.355 0.70489 0.44979 0.33067 -0.43757 3 
82.926 38.598 -14.241 0.42516 0.77545 0.17106 0.43434 1 100.034 54.841 -12.121 -0.27321 -0.80179 0.52127 -0.10376 2 49.065 -36.367 14.359 0.70487 0.44982 0.33077 -0.4375 3 
83.106 38.184 -13.997 0.4556 0.78004 0.17015 0.39371 1 100.909 54.44 -11.953 -0.28032 -0.80653 0.51045 -0.10184 2 49.078 -36.365 14.351 0.70488 0.44983 0.33063 -0.43758 3 
83.11 37.708 -13.479 0.471 0.78494 0.17483 0.36258 1 101.414 55.033 -11.836 -0.29093 -0.80847 0.50186 -0.09935 2 49.077 -36.367 14.356 0.70486 0.44985 0.33067 -0.43756 3 
83.75 38.721 -14.37 0.46414 0.78514 0.0912 0.39977 1 101.047 55.727 -12.247 -0.28836 -0.81182 0.49588 -0.10908 2 49.068 -36.369 14.355 0.70482 0.44982 0.33079 -0.43756 3 
83.748 39.227 -14.733 0.45307 0.78457 0.09041 0.41352 1 100.288 56.193 -12.327 -0.27875 -0.81528 0.49386 -0.11711 2 49.077 -36.359 14.356 0.70486 0.44987 0.33065 -0.43757 3 
83.582 39.198 -14.65 0.44898 0.7799 0.09188 0.42631 1 98.987 56.806 -12.864 -0.27426 -0.82043 0.48423 -0.13111 2 49.07 -36.369 14.355 0.70487 0.4498 0.33074 -0.43755 3 
83.551 39.238 -14.689 0.45051 0.77872 0.08871 0.42751 1 97.771 57.429 -13.035 -0.26883 -0.82231 0.47992 -0.14566 2 49.069 -36.375 14.354 0.70483 0.44979 0.33081 -0.43758 3 
83.49 39.226 -14.847 0.45142 0.77807 0.0915 0.42715 1 96.986 57.524 -13.515 -0.26012 -0.82793 0.47585 -0.14296 2 49.076 -36.363 14.355 0.70486 0.44986 0.33066 -0.43756 3 
83.537 39.187 -14.697 0.45193 0.77625 0.09606 0.42892 1 96.372 57.473 -14.129 -0.26524 -0.82673 0.4692 -0.1613 2 49.068 -36.37 14.356 0.70485 0.44979 0.33079 -0.43755 3 
83.532 39.048 -14.764 0.45258 0.77562 0.0998 0.42852 1 96.216 57.465 -14.018 -0.26338 -0.82334 0.47277 -0.17097 2 49.068 -36.369 14.356 0.70483 0.44982 0.33079 -0.43755 3 
83.463 38.647 -14.685 0.45344 0.77069 0.13123 0.42803 1 97.216 56.869 -13.476 -0.26413 -0.82085 0.48427 -0.14806 2 49.076 -36.37 14.352 0.70485 0.4498 0.33071 -0.4376 3 
84.168 37.512 -14.093 0.47712 0.77048 0.16433 0.3895 1 99.89 55.246 -12.466 -0.2583 -0.81704 0.50764 -0.08958 2 49.073 -36.364 14.357 0.70487 0.44986 0.3307 -0.43752 3 
86.36 36.62 -13.071 0.50326 0.75804 0.2311 0.34452 1 103.417 53.241 -11.257 -0.25719 -0.81368 0.51909 -0.04823 2 49.069 -36.373 14.353 0.70483 0.44979 0.3308 -0.43758 3 
87.7 36.09 -12.477 0.50649 0.76515 0.25698 0.30329 1 105.4 52.558 -10.853 -0.26432 -0.81348 0.51628 -0.04295 2 49.072 -36.368 14.355 0.70485 0.44983 0.33074 -0.43754 3 
85.848 35.845 -12.597 0.4442 0.82053 0.19325 0.30344 1 105.013 53.48 -11.341 -0.26526 -0.81464 0.51283 -0.05483 2 49.071 -36.368 14.355 0.70483 0.44985 0.33075 -0.43755 3 
83.946 35.613 -12.985 0.44156 0.83356 0.13429 0.3036 1 103.305 54.88 -11.488 -0.26215 -0.81953 0.504 -0.07513 2 49.066 -36.374 14.355 0.70482 0.44981 0.33085 -0.43754 3 
83.502 35.922 -13.348 0.48752 0.80034 0.11093 0.33085 1 101.82 55.923 -11.781 -0.26211 -0.81996 0.49791 -0.10509 2 49.068 -36.371 14.356 0.70484 0.44985 0.33077 -0.43752 3 
83.807 37.566 -13.755 0.52062 0.77775 0.08506 0.3418 1 100.287 56.764 -12.223 -0.2608 -0.82636 0.48116 -0.13267 2 49.065 -36.37 14.357 0.70483 0.44988 0.33078 -0.43749 3 
83.633 38.668 -14.377 0.48872 0.77378 0.0845 0.39406 1 99.49 56.749 -12.689 -0.26476 -0.83169 0.46356 -0.15265 2 49.06 -36.373 14.357 0.70482 0.44987 0.33084 -0.43748 3 
83.18 38.762 -14.517 0.46331 0.7657 0.12907 0.42707 1 98.678 57.006 -12.777 -0.27011 -0.83476 0.45072 -0.16451 2 49.059 -36.378 14.357 0.7048 0.44984 0.33089 -0.4375 3 
82.722 38.785 -14.49 0.45184 0.75752 0.14547 0.44816 1 97.778 57.349 -12.869 -0.28022 -0.84131 0.42859 -0.17315 2 49.058 -36.374 14.357 0.70483 0.44986 0.33086 -0.43747 3 
82.661 38.756 -14.492 0.45572 0.75411 0.14619 0.44974 1 97.141 57.391 -13.46 -0.27754 -0.84337 0.42432 -0.17792 2 49.059 -36.375 14.357 0.70479 0.44988 0.33089 -0.43749 3 
82.705 38.652 -14.488 0.45913 0.75157 0.14696 0.45027 1 96.916 57.062 -13.318 -0.27383 -0.85523 0.41454 -0.1475 2 49.06 -36.374 14.355 0.70478 0.44989 0.33085 -0.43751 3 
82.641 38.596 -14.503 0.45838 0.74882 0.15323 0.45351 1 96.166 56.92 -13.707 -0.27794 -0.85188 0.41205 -0.16511 2 49.06 -36.374 14.356 0.70479 0.44988 0.33086 -0.4375 3 
82.579 38.6 -14.402 0.45367 0.7477 0.15619 0.45906 1 95.691 57.01 -14.045 -0.27801 -0.84922 0.41174 -0.17891 2 49.06 -36.374 14.356 0.7048 0.44987 0.33086 -0.4375 3 
82.519 38.519 -14.492 0.45353 0.74609 0.16113 0.4601 1 96.284 56.577 -13.607 -0.27545 -0.84659 0.42779 -0.15622 2 49.058 -36.376 14.357 0.70479 0.44987 0.33089 -0.43749 3 
82.489 38.407 -14.478 0.4546 0.74553 0.16505 0.45857 1 96.847 56.055 -13.138 -0.27338 -0.84748 0.43201 -0.14285 2 49.06 -36.373 14.356 0.70478 0.44989 0.33086 -0.4375 3 
