118.084 -23.047 -9.246 0.24104 0.5483 0.78609 -0.15274 1 118.218 6.518 -5.928 0.2691 -0.65244 0.70734 0.03973 2 129.621 -9.698 2.395 -0.05852 -0.77876 -0.15911 0.60398 3 
117.969 -23.001 -9.325 0.23995 0.54724 0.7868 -0.15464 1 117.957 6.5 -5.938 0.26872 -0.65359 0.70632 0.04146 2 129.469 -9.691 2.341 -0.05447 -0.77776 -0.16044 0.6053 3 
117.633 -23.252 -9.379 0.24014 0.54518 0.78848 -0.15297 1 117.803 6.251 -5.918 0.26689 -0.65606 0.7047 0.04187 2 129.17 -10.054 2.359 -0.05606 -0.77788 -0.16372 0.60411 3 
117.435 -23.463 -9.431 0.24038 0.54335 0.7897 -0.15284 1 117.65 6.038 -5.94 0.26617 -0.65655 0.70443 0.04329 2 128.98 -10.344 2.383 -0.05626 -0.77768 -0.16468 0.60409 3 
117.296 -23.791 -9.429 0.24024 0.5433 0.78984 -0.15251 1 117.54 5.692 -6.006 0.26431 -0.65638 0.70523 0.0442 2 128.852 -10.596 2.299 -0.05689 -0.77789 -0.16432 0.60386 3 
117.048 -24.125 -9.469 0.23927 0.5431 0.79003 -0.15379 1 117.222 5.332 -6.036 0.26433 -0.65532 0.70624 0.04366 2 128.525 -10.916 2.288 -0.0557 -0.77821 -0.16363 0.60374 3 
116.171 -24.316 -9.267 0.24192 0.5415 0.78997 -0.15557 1 116.439 5.109 -5.945 0.26248 -0.65384 0.70784 0.05052 2 127.828 -11.004 2.381 -0.05761 -0.77639 -0.1621 0.60631 3 
113.889 -24.034 -8.814 0.25559 0.53457 0.79081 -0.15338 1 114.744 5.575 -5.655 0.26113 -0.65446 0.7061 0.07014 2 126.273 -10.707 2.769 -0.06456 -0.76871 -0.1655 0.61443 3 
110.024 -23.341 -8.079 0.28151 0.52135 0.79142 -0.15031 1 112.157 6.367 -5.056 0.25807 -0.65824 0.69912 0.10653 2 123.908 -10.241 3.244 -0.08076 -0.75311 -0.17359 0.62943 3 
105.38 -22.583 -7.154 0.31534 0.5055 0.78984 -0.14555 1 109.301 7.194 -4.342 0.25751 -0.66148 0.68823 0.14991 2 121.231 -10.16 3.774 -0.105 -0.73106 -0.18694 0.64775 3 
101.484 -21.756 -6.428 0.34194 0.4883 0.78965 -0.14524 1 106.776 7.883 -3.593 0.25761 -0.66624 0.67443 0.18684 2 118.9 -10.137 4.216 -0.12014 -0.71018 -0.20089 0.66397 3 
98.839 -21.18 -5.75 0.35873 0.48067 0.78708 -0.14414 1 105.04 8.314 -3.11 0.25497 -0.66706 0.66815 0.20881 2 117.228 -9.902 4.663 -0.13222 -0.69853 -0.20514 0.67267 3 
96.648 -19.949 -5.087 0.37103 0.47505 0.78435 -0.14652 1 103.455 9.496 -2.706 0.25349 -0.66387 0.66657 0.22518 2 115.765 -8.785 5.155 -0.1429 -0.68983 -0.20417 0.67973 3 
94.463 -17.331 -4.541 0.38001 0.46767 0.78499 -0.14378 1 101.851 11.877 -2.253 0.24868 -0.66039 0.66611 0.24154 2 114.134 -6.551 5.566 -0.15083 -0.68238 -0.2075 0.68451 3 
91.585 -13.326 -4.119 0.39119 0.45519 0.78961 -0.12766 1 99.717 15.798 -1.775 0.23891 -0.64517 0.68011 0.25325 2 111.775 -2.962 5.971 -0.15767 -0.67744 -0.21465 0.68566 3 
87.882 -8.539 -3.835 0.40266 0.45475 0.78767 -0.10314 1 97.02 20.31 -1.681 0.21916 -0.63554 0.68891 0.27104 2 108.598 1.545 6.233 -0.17217 -0.67535 -0.21714 0.68345 3 
84.277 -4.104 -4.038 0.41168 0.47098 0.7767 -0.07381 1 94.128 24.779 -2.306 0.19939 -0.61981 0.70602 0.27858 2 105.303 6.358 5.81 -0.18493 -0.67815 -0.21085 0.67931 3 
81.412 -0.514 -4.862 0.39916 0.48721 0.77443 -0.0596 1 91.643 28.177 -3.811 0.17002 -0.60087 0.73103 0.27504 2 102.184 10.515 4.669 -0.19942 -0.68952 -0.19499 0.66841 3 
79.568 2.212 -6.059 0.37146 0.50647 0.77708 -0.04047 1 90.04 30.635 -5.621 0.12774 -0.5885 0.75393 0.26258 2 99.435 13.949 3.365 -0.21074 -0.71162 -0.17711 0.64639 3 
78.59 4.2 -7.479 0.33467 0.51852 0.78674 -0.01297 1 89.501 32.418 -7.157 0.07767 -0.59306 0.76502 0.23874 2 96.65 16.261 2.361 -0.21594 -0.74529 -0.17208 0.60688 3 
78.247 5.441 -9.072 0.28475 0.53075 0.79806 0.01819 1 89.18 33.621 -8.364 0.03851 -0.60492 0.76767 0.20801 2 93.933 17.308 1.334 -0.20482 -0.77672 -0.18356 0.56662 3 
78.479 5.702 -10.394 0.24822 0.53874 0.80386 0.04423 1 89.158 34.058 -9.527 0.0129 -0.60268 0.77689 0.18182 2 92.358 17.495 0.214 -0.19359 -0.79693 -0.19192 0.53907 3 
78.799 5.907 -10.301 0.25145 0.53872 0.80319 0.03794 1 89.198 34.443 -9.55 0.01623 -0.601 0.77769 0.18365 2 92.965 17.947 0.191 -0.1911 -0.79409 -0.18645 0.54602 3 
78.928 6.065 -10.093 0.2567 0.54078 0.79994 0.04194 1 89.47 34.681 -9.614 0.01339 -0.59754 0.77948 0.18756 2 93.407 18.46 0.218 -0.19682 -0.79325 -0.17877 0.54777 3 
78.918 5.763 -9.411 0.26691 0.52904 0.80419 0.04634 1 90.113 33.943 -9.037 0.01121 -0.59896 0.77614 0.19679 2 93.72 17.864 0.899 -0.21075 -0.79129 -0.17881 0.54541 3 
80.198 4.178 -8.576 0.27434 0.51407 0.812 0.03353 1 91.094 32.031 -7.516 0.0242 -0.6107 0.76566 0.20054 2 94.928 15.512 2.199 -0.2009 -0.78646 -0.1939 0.55093 3 
82.746 1.623 -7.966 0.27582 0.49583 0.82345 0.00275 1 92.296 29.322 -5.666 0.05465 -0.63581 0.74256 0.20339 2 97.304 11.644 3.295 -0.16674 -0.77243 -0.22442 0.57025 3 
85.037 -1.438 -7.382 0.27964 0.47465 0.8335 -0.04223 1 92.898 26.279 -4.228 0.10391 -0.65007 0.72526 0.20151 2 99.747 7.83 4.135 -0.13289 -0.75481 -0.24126 0.59532 3 
86.354 -4.811 -6.654 0.2924 0.46084 0.83206 -0.09901 1 92.416 23.151 -3.201 0.15791 -0.65018 0.7158 0.1999 2 101.787 4.713 4.752 -0.10423 -0.7321 -0.23842 0.62954 3 
87.021 -8.516 -5.773 0.30885 0.45443 0.81964 -0.16217 1 90.927 19.951 -2.299 0.2217 -0.64124 0.70754 0.1976 2 103.368 1.989 5.201 -0.07547 -0.70351 -0.22308 0.67053 3 
87.258 -12.213 -4.68 0.32561 0.45037 0.80156 -0.22056 1 88.92 16.839 -1.332 0.28289 -0.62327 0.70279 0.19389 2 104.232 -0.201 5.862 -0.04917 -0.67676 -0.19905 0.70708 3 
86.951 -15.803 -3.449 0.34325 0.45 0.77616 -0.27796 1 86.369 13.849 -0.35 0.34166 -0.60229 0.6954 0.1922 2 104.42 -1.96 6.466 -0.02677 -0.64722 -0.16817 0.74304 3 
86.165 -19.099 -2.163 0.36032 0.44691 0.75075 -0.32682 1 83.865 11.031 0.678 0.39309 -0.58234 0.68388 0.19664 2 104.058 -3.692 7.142 -0.01207 -0.61774 -0.14112 0.77353 3 
84.77 -22.118 -0.833 0.37585 0.44384 0.72418 -0.37054 1 81.118 8.446 1.574 0.43301 -0.55704 0.67736 0.2083 2 102.94 -5.17 7.758 -0.00645 -0.59037 -0.11248 0.79923 3 
82.323 -24.854 0.377 0.39029 0.43694 0.69954 -0.40914 1 77.985 6.132 2.322 0.46521 -0.53022 0.67078 0.22914 2 100.978 -6.681 8.05 -0.01192 -0.56022 -0.0875 0.82362 3 
78.277 -27.349 1.255 0.42051 0.4287 0.67759 -0.42456 1 74.228 4.106 2.864 0.48902 -0.51195 0.65535 0.26319 2 97.836 -8.701 7.774 -0.02299 -0.52542 -0.07833 0.84692 3 
73.785 -29.74 1.903 0.43857 0.42268 0.66719 -0.42878 1 70.806 2.082 2.711 0.4873 -0.50813 0.64748 0.29173 2 94.244 -11.292 7.469 -0.05076 -0.50978 -0.07375 0.85563 3 
69.727 -31.289 2.051 0.42906 0.42551 0.67611 -0.42157 1 66.94 0.517 2.457 0.4702 -0.50802 0.65977 0.29247 2 90.109 -12.713 7.857 -0.05585 -0.52095 -0.06914 0.84895 3 
65.477 -32.093 1.48 0.40135 0.42453 0.70377 -0.40423 1 63.102 -0.406 2.146 0.44349 -0.5268 0.67096 0.27496 2 85.528 -14.036 8.511 -0.04657 -0.54746 -0.08495 0.83121 3 
61.496 -32.64 0.622 0.36996 0.42332 0.73576 -0.37762 1 59.903 -1.122 1.742 0.41115 -0.54843 0.68216 0.25464 2 81.009 -15.63 9.294 -0.03684 -0.58195 -0.11293 0.8045 3 
58.309 -33.016 -0.234 0.34833 0.42483 0.75667 -0.35447 1 57.107 -1.632 1.242 0.38729 -0.56131 0.69325 0.23314 2 76.992 -16.775 9.802 -0.02736 -0.61213 -0.13429 0.77879 3 
55.361 -33.311 -0.952 0.32344 0.42747 0.77188 -0.34185 1 54.082 -1.961 0.771 0.36628 -0.57977 0.69456 0.21746 2 73.268 -17.258 9.794 -0.01782 -0.62817 -0.14166 0.76486 3 
52.145 -33.679 -1.682 0.29672 0.43747 0.7857 -0.32133 1 51.05 -2.316 0.261 0.34616 -0.59826 0.69412 0.20112 2 69.396 -18.033 9.703 -0.01295 -0.64291 -0.15335 0.75032 3 
49.152 -33.787 -3.11 0.24455 0.46644 0.80434 -0.27508 1 47.713 -2.507 -0.908 0.31799 -0.62067 0.69968 0.15525 2 64.483 -18.686 9.638 -0.00095 -0.67627 -0.17037 0.71668 3 
48.009 -33.73 -2.587 0.23152 0.47176 0.80952 -0.26175 1 46.449 -2.536 -0.473 0.30432 -0.62761 0.70205 0.14358 2 62.581 -18.654 11.057 0.00433 -0.69036 -0.17279 0.70251 3 
47.409 -33.412 -2.43 0.2149 0.47224 0.81346 -0.26285 1 45.769 -2.4 -0.378 0.29207 -0.62911 0.70797 0.13302 2 61.538 -18.458 11.624 0.00497 -0.69822 -0.17188 0.69492 3 
47.336 -33.161 -2.381 0.20541 0.47434 0.8127 -0.26892 1 45.551 -2.282 -0.403 0.28661 -0.63057 0.71024 0.12568 2 61.278 -18.198 11.747 0.00495 -0.7002 -0.1694 0.69354 3 
47.747 -33.122 -2.367 0.20041 0.48685 0.81005 -0.25814 1 45.865 -2.051 -0.516 0.28503 -0.63732 0.70674 0.11442 2 61.72 -17.977 11.536 0.00259 -0.69702 -0.16616 0.69753 3 
48.791 -33.279 -2.452 0.16839 0.50806 0.80926 -0.24211 1 46.587 -1.747 -0.698 0.26705 -0.64491 0.70974 0.09505 2 62.251 -17.714 11.268 -0.00013 -0.69175 -0.16266 0.70358 3 
50.379 -33.89 -2.499 0.13653 0.52836 0.80166 -0.24402 1 47.879 -1.634 -0.882 0.24054 -0.64378 0.72063 0.09156 2 62.754 -17.717 10.981 -0.00105 -0.68834 -0.16208 0.70705 3 
51.963 -34.494 -2.633 0.13743 0.54034 0.79106 -0.25174 1 49.389 -1.572 -0.929 0.22989 -0.64344 0.72067 0.11736 2 63.559 -17.603 10.53 -0.00351 -0.68235 -0.15922 0.71347 3 
53.407 -34.633 -2.9 0.1368 0.53783 0.79218 -0.25393 1 50.729 -1.752 -0.928 0.2283 -0.64062 0.72089 0.13346 2 64.409 -17.407 10.068 -0.00666 -0.67592 -0.1551 0.72044 3 
54.655 -34.624 -3.062 0.14805 0.53962 0.79036 -0.24945 1 51.644 -1.881 -1.015 0.22218 -0.63579 0.72807 0.12775 2 65.043 -17.307 9.715 -0.00842 -0.67133 -0.15294 0.72516 3 
55.887 -34.674 -3.178 0.14766 0.53573 0.79131 -0.25498 1 52.579 -1.645 -1.008 0.19906 -0.6401 0.72956 0.13558 2 65.291 -17.197 9.583 -0.00962 -0.66972 -0.15105 0.72703 3 
57.091 -34.956 -3.543 0.13858 0.53476 0.79377 -0.25448 1 53.525 -1.581 -0.952 0.19978 -0.63877 0.73035 0.13656 2 65.219 -17.066 9.621 -0.01054 -0.6702 -0.14933 0.72693 3 
58.495 -35.312 -3.981 0.13618 0.52951 0.79697 -0.25673 1 54.622 -1.495 -0.994 0.20092 -0.63893 0.72862 0.1432 2 65.055 -17.065 9.703 -0.0103 -0.67165 -0.14966 0.72552 3 
60.784 -35.544 -4.547 0.13621 0.52245 0.79646 -0.27228 1 56.192 -1.198 -1.349 0.19974 -0.62948 0.73791 0.13909 2 65.025 -17.038 9.726 -0.01035 -0.67209 -0.14937 0.72517 3 
64.917 -35.989 -5.622 0.15297 0.51881 0.78769 -0.29494 1 59.914 -0.346 -1.767 0.22977 -0.6277 0.72813 0.15172 2 65.108 -17.069 9.677 -0.01026 -0.67117 -0.1496 0.72598 3 
70.932 -35.727 -6.298 0.20953 0.51247 0.77172 -0.3129 1 65.834 0.838 -2.259 0.26996 -0.61901 0.71866 0.16575 2 65.115 -17.074 9.674 -0.01031 -0.67123 -0.14966 0.72591 3 
78.493 -34.615 -6.308 0.2905 0.50342 0.74837 -0.31956 1 73.774 2.815 -2.5 0.31114 -0.61524 0.6986 0.1914 2 65.07 -17.023 9.703 -0.01057 -0.67176 -0.14905 0.72554 3 
87.01 -32.065 -5.848 0.3907 0.47432 0.7281 -0.30371 1 84.217 5.814 -2.276 0.33708 -0.63854 0.64362 0.25374 2 65.077 -17.064 9.696 -0.01029 -0.67148 -0.14958 0.72569 3 
94.213 -27.813 -5.399 0.49404 0.43337 0.7244 -0.20823 1 95.118 9.158 -1.797 0.30886 -0.69079 0.55859 0.33969 2 65.104 -17.05 9.683 -0.01047 -0.6714 -0.14934 0.72582 3 
98.401 -21.609 -5.693 0.55484 0.37591 0.74089 -0.04387 1 104.55 11.784 -1.716 0.2238 -0.74769 0.47474 0.40681 2 65.085 -17.038 9.693 -0.01051 -0.67155 -0.14921 0.7257 3 
100.377 -14.413 -6.104 0.55128 0.32854 0.75719 0.12174 1 111.445 13.967 -2.066 0.12053 -0.77904 0.43251 0.4376 2 65.082 -17.058 9.697 -0.01036 -0.67154 -0.1495 0.72566 3 
101.326 -6.852 -6.159 0.54259 0.27278 0.75969 0.23251 1 115.841 16.771 -2.848 -0.00322 -0.79117 0.41969 0.44486 2 65.096 -17.044 9.686 -0.01049 -0.67145 -0.14929 0.72578 3 
103.414 1.062 -6.475 0.55231 0.26905 0.71591 0.33172 1 117.818 20.676 -3.965 -0.13432 -0.77257 0.46176 0.41456 2 65.087 -17.056 9.691 -0.01043 -0.67148 -0.14944 0.72572 3 
107.794 9.564 -6.626 0.53715 0.23537 0.68294 0.43551 1 118.411 25.847 -5.251 -0.25301 -0.75754 0.49309 0.34493 2 65.083 -17.043 9.693 -0.01046 -0.67155 -0.1493 0.72568 3 
111.346 17.693 -6.581 0.53555 0.203 0.65757 0.48947 1 119.292 32.542 -7.011 -0.34814 -0.69996 0.55066 0.29262 2 65.097 -17.05 9.685 -0.01042 -0.67141 -0.14938 0.7258 3 
109.435 25.742 -7.136 0.44116 0.25056 0.68792 0.519 1 119.313 37.936 -8.272 -0.40703 -0.67931 0.54803 0.26932 2 65.087 -17.045 9.692 -0.01043 -0.67149 -0.14934 0.72573 3 
100.501 30.155 -8.868 0.40991 0.46446 0.67169 0.4063 1 116.386 42.982 -9.185 -0.40158 -0.70292 0.55887 0.1797 2 65.086 -17.044 9.693 -0.01048 -0.67154 -0.1493 0.72569 3 
90.799 31.364 -10.866 0.38971 0.67103 0.52207 0.35396 1 111.399 47.248 -10.026 -0.36758 -0.73356 0.56607 0.07964 2 65.095 -17.05 9.687 -0.0104 -0.67143 -0.14938 0.72578 3 
85.731 32.71 -12.093 0.4282 0.76867 0.28194 0.3825 1 106.527 50.729 -10.664 -0.34164 -0.75301 0.56216 -0.0157 2 65.086 -17.046 9.694 -0.01045 -0.67153 -0.14934 0.72569 3 
84.043 35.041 -12.965 0.45451 0.7766 0.14862 0.41016 1 102.896 53.062 -11.027 -0.33278 -0.77801 0.52688 -0.07966 2 65.089 -17.045 9.69 -0.01044 -0.67148 -0.14931 0.72575 3 
83.598 37.086 -13.63 0.45887 0.76562 0.09503 0.44071 1 100.961 54.142 -11.534 -0.33944 -0.79058 0.49466 -0.1228 2 65.094 -17.043 9.69 -0.01048 -0.67148 -0.14928 0.72576 3 
83.271 38.211 -14.219 0.45781 0.74386 0.08381 0.47964 1 99.661 55.108 -11.992 -0.3347 -0.79841 0.48012 -0.14141 2 65.087 -17.052 9.692 -0.01042 -0.6715 -0.14941 0.72571 3 
83.177 38.526 -14.674 0.44196 0.7316 0.10235 0.50889 1 98.445 56.1 -12.366 -0.32518 -0.80468 0.47019 -0.16022 2 65.089 -17.043 9.688 -0.01048 -0.67148 -0.1493 0.72575 3 
