111.743 -26.48 -8.617 0.25131 0.52912 0.79477 -0.15878 1 107.476 4.365 -4.617 0.2761 -0.63048 0.72477 -0.03118 2 122.821 -10.592 0.38 0.05244 -0.7766 -0.13487 0.61315 3 
111.646 -26.349 -8.597 0.24957 0.52968 0.79535 -0.15675 1 107.433 4.481 -4.641 0.27404 -0.63067 0.72534 -0.03223 2 122.676 -10.46 0.373 0.05167 -0.77802 -0.13442 0.61151 3 
111.559 -26.133 -8.588 0.24979 0.53052 0.79525 -0.15402 1 107.5 4.716 -4.699 0.27136 -0.63002 0.72695 -0.03132 2 122.629 -10.277 0.396 0.0485 -0.77957 -0.13382 0.60993 3 
111.462 -25.888 -8.565 0.2536 0.53185 0.79375 -0.15093 1 107.732 5.022 -4.782 0.26906 -0.62865 0.72915 -0.02749 2 122.716 -10.015 0.345 0.0427 -0.77976 -0.13287 0.61032 3 
111.187 -25.467 -8.415 0.25682 0.53284 0.79218 -0.15025 1 107.834 5.472 -4.858 0.2667 -0.62467 0.73357 -0.02328 2 122.667 -9.591 0.368 0.0345 -0.78072 -0.13002 0.61023 3 
109.991 -23.803 -8.016 0.26403 0.53815 0.78761 -0.14268 1 107.091 7.113 -4.867 0.26115 -0.61577 0.74319 -0.01715 2 121.666 -7.706 0.644 0.02509 -0.7833 -0.12245 0.60895 3 
107.738 -20.171 -7.401 0.28361 0.53354 0.78693 -0.12507 1 106.027 10.932 -4.408 0.25608 -0.61611 0.74487 0.00168 2 120.255 -4.327 1.023 0.01012 -0.77902 -0.12942 0.61342 3 
104.267 -14.998 -6.692 0.32794 0.51787 0.78603 -0.08008 1 105.601 16.42 -3.72 0.2425 -0.62474 0.74103 0.04205 2 118.798 -0.198 1.471 -0.02633 -0.76856 -0.15405 0.6204 3 
101.042 -9.263 -6.571 0.3609 0.50637 0.78246 -0.03303 1 105.574 22.162 -3.342 0.22203 -0.63867 0.7317 0.08619 2 117.31 3.946 1.312 -0.05987 -0.75769 -0.19025 0.62139 3 
98.58 -4.203 -6.919 0.36872 0.51278 0.77528 0.00695 1 105.741 27.051 -3.64 0.1898 -0.64454 0.73111 0.1184 2 115.735 7.528 0.887 -0.08896 -0.75724 -0.21913 0.60882 3 
97.371 -0.453 -7.435 0.36435 0.52532 0.76793 0.03964 1 106.057 30.836 -4.561 0.15903 -0.6412 0.73913 0.13136 2 114.707 10.86 0.217 -0.11238 -0.76736 -0.22097 0.59135 3 
97.369 2.023 -8.313 0.35518 0.54552 0.75662 0.06152 1 106.287 33.677 -6.087 0.137 -0.62872 0.75446 0.12937 2 114.516 13.897 -0.932 -0.12064 -0.77859 -0.20635 0.58023 3 
97.444 3.088 -9.009 0.35422 0.55943 0.74524 0.07868 1 106.665 35.009 -7.518 0.11883 -0.60023 0.78008 0.13065 2 114.646 15.379 -1.947 -0.13096 -0.78509 -0.19313 0.57374 3 
97.517 3.636 -8.763 0.36184 0.56417 0.7366 0.09053 1 107.139 35.806 -7.627 0.10669 -0.59627 0.78435 0.13372 2 114.996 16.293 -1.855 -0.14192 -0.78659 -0.18233 0.57261 3 
97.759 3.726 -8.793 0.36514 0.56347 0.73566 0.08932 1 107.356 35.942 -7.801 0.10722 -0.58943 0.7892 0.13505 2 115.401 16.493 -1.996 -0.14393 -0.78415 -0.17923 0.57642 3 
97.754 3.744 -8.813 0.36341 0.56333 0.73654 0.08998 1 107.406 35.925 -7.81 0.10676 -0.58955 0.78954 0.13289 2 115.392 16.466 -2.012 -0.14489 -0.78457 -0.17949 0.57553 3 
97.69 3.672 -8.724 0.35834 0.56243 0.73987 0.08868 1 107.27 35.713 -7.689 0.10647 -0.59544 0.78493 0.13421 2 115.176 16.273 -1.892 -0.14312 -0.78523 -0.18181 0.57435 3 
98.179 2.808 -8.494 0.35337 0.54311 0.75796 0.07522 1 107.66 34.224 -6.962 0.11131 -0.60972 0.77223 0.13971 2 115.429 14.572 -1.507 -0.13849 -0.78065 -0.19739 0.57658 3 
99.045 0.595 -8.157 0.34424 0.51995 0.77896 0.06613 1 108.548 31.373 -6.011 0.10581 -0.62194 0.76402 0.13519 2 115.915 11.526 -0.699 -0.1328 -0.78309 -0.21213 0.56933 3 
100.509 -2.771 -7.682 0.32615 0.49909 0.80133 0.04906 1 109.372 27.453 -4.861 0.10513 -0.63268 0.75773 0.12044 2 116.623 7.788 0.488 -0.11895 -0.79024 -0.21797 0.56024 3 
102.11 -6.535 -7.252 0.31128 0.49814 0.80909 0.018 1 109.217 23.664 -4.307 0.12317 -0.63345 0.75758 0.09822 2 117.418 4.634 1.227 -0.0963 -0.79364 -0.20673 0.56403 3 
103.372 -10.267 -6.879 0.30724 0.50447 0.80666 -0.02023 1 108.471 20.283 -4.017 0.15826 -0.62651 0.75907 0.07911 2 118.227 1.977 1.475 -0.07294 -0.78838 -0.18996 0.58056 3 
104.507 -13.499 -6.402 0.31009 0.51677 0.79538 -0.06451 1 107.241 17.496 -3.957 0.20376 -0.61072 0.76272 0.06135 2 118.983 0.338 1.672 -0.04946 -0.7786 -0.16253 0.60409 3 
105.16 -16.184 -5.694 0.31998 0.52616 0.7811 -0.10322 1 105.947 15.247 -3.648 0.24776 -0.5916 0.76563 0.0493 2 119.422 -0.887 2.001 -0.03319 -0.76689 -0.13611 0.6263 3 
105.488 -18.379 -4.743 0.34019 0.52802 0.76422 -0.14637 1 104.466 13.585 -2.949 0.30091 -0.57397 0.75981 0.05185 2 119.908 -1.643 2.434 -0.01669 -0.74333 -0.11514 0.65873 3 
104.928 -20.469 -3.327 0.38056 0.5219 0.73731 -0.19792 1 102.395 12.317 -1.854 0.36778 -0.54998 0.74638 0.07198 2 120.044 -2.15 2.85 -0.00785 -0.70331 -0.09376 0.70463 3 
103.168 -22.584 -1.628 0.43406 0.50857 0.69749 -0.2578 1 99.229 11.002 -0.494 0.44163 -0.5208 0.72192 0.11213 2 119.027 -2.639 3.144 -0.00338 -0.64488 -0.06911 0.76115 3 
100.355 -24.606 0.248 0.48517 0.48574 0.65489 -0.3159 1 95.313 9.63 1.21 0.50982 -0.4893 0.68965 0.15828 2 116.578 -3.431 3.402 -0.00308 -0.58025 -0.04707 0.81307 3 
95.625 -26.693 2.474 0.53379 0.45757 0.61148 -0.36302 1 90.29 8.001 3.046 0.56093 -0.45496 0.65871 0.21088 2 112.037 -5.063 3.985 -0.01487 -0.51653 -0.032 0.85554 3 
89.199 -28.672 4.532 0.55783 0.4214 0.5901 -0.40377 1 84.42 6.179 4.686 0.58338 -0.4275 0.63787 0.26464 2 105.79 -7.49 4.796 -0.03437 -0.46847 -0.02847 0.88235 3 
81.617 -30.493 5.512 0.54189 0.39298 0.60551 -0.43044 1 77.956 4.388 6.246 0.58661 -0.43647 0.61624 0.29262 2 98.612 -10.048 5.824 -0.03177 -0.4473 -0.04841 0.89251 3 
74.033 -31.669 4.199 0.47472 0.37861 0.66126 -0.44049 1 71.26 2.544 7.118 0.57687 -0.47176 0.60765 0.27465 2 91.539 -12.266 6.78 0.00933 -0.46882 -0.09531 0.87808 3 
66.705 -32.501 1.248 0.39661 0.38288 0.72497 -0.41294 1 63.502 0.52 5.768 0.53794 -0.52835 0.62151 0.21259 2 83.725 -14.44 6.493 0.05648 -0.52879 -0.13671 0.83576 3 
60.453 -32.848 -2.232 0.30791 0.4082 0.77877 -0.36342 1 56.039 -0.816 2.617 0.45628 -0.58946 0.65057 0.14528 2 75.669 -15.863 5.031 0.08304 -0.60347 -0.15501 0.77775 3 
58.935 -32.64 -2.756 0.28323 0.40602 0.78045 -0.38186 1 53.253 -1.234 3.09 0.44485 -0.58896 0.66301 0.12512 2 73.017 -15.996 6.538 0.1043 -0.62572 -0.15991 0.75633 3 
57.757 -32.71 -3.452 0.22958 0.42243 0.79829 -0.36273 1 50.817 -1.689 3.182 0.41243 -0.60663 0.67216 0.10052 2 70.588 -16.481 7.501 0.12348 -0.64292 -0.1693 0.73671 3 
57.465 -31.917 -3.47 0.20391 0.44577 0.79615 -0.35475 1 49.87 -1.148 3.22 0.39532 -0.59405 0.69381 0.09729 2 69.594 -15.665 8.293 0.12009 -0.65338 -0.15761 0.73064 3 
57.936 -31.234 -3.251 0.19696 0.46353 0.79024 -0.3491 1 49.767 -0.298 2.83 0.38032 -0.58896 0.70699 0.093 2 69.57 -14.475 8.253 0.11195 -0.65576 -0.14085 0.73322 3 
58.285 -30.859 -2.883 0.17326 0.47727 0.7931 -0.33642 1 49.996 0.424 2.617 0.31995 -0.60129 0.72738 0.08365 2 69.049 -13.972 8.63 0.1095 -0.66095 -0.13385 0.73023 3 
59.164 -30.854 -2.37 0.14824 0.50441 0.7883 -0.31966 1 52.429 1.863 3.08 0.22465 -0.6286 0.72389 0.17427 2 68.488 -13.679 9.015 0.10848 -0.66608 -0.12994 0.72642 3 
59.848 -31.618 -0.846 0.15003 0.57467 0.74939 -0.29268 1 55.084 2.618 3.943 0.19997 -0.62155 0.71298 0.25562 2 68.273 -12.863 9.216 0.09759 -0.66987 -0.11819 0.72649 3 
60.032 -32.234 1.107 0.14778 0.65282 0.70266 -0.24136 1 55.008 3.097 3.748 0.20926 -0.61623 0.73408 0.1939 2 67.367 -11.734 9.729 0.08314 -0.67978 -0.10211 0.7215 3 
59.992 -32.323 2.401 0.1262 0.66825 0.70277 -0.20887 1 55.262 1.982 3.542 0.29175 -0.59001 0.74442 0.1123 2 66.17 -10.781 10.407 0.07529 -0.68849 -0.0898 0.71572 3 
60.23 -32.337 2.705 0.10085 0.63345 0.74301 -0.19107 1 56.269 1.115 3.623 0.301 -0.60502 0.72291 0.14407 2 65.816 -10.798 10.61 0.07511 -0.69037 -0.09091 0.71378 3 
60.692 -32.205 3.072 0.10781 0.59193 0.77011 -0.21197 1 56.751 0.529 3.716 0.2876 -0.6139 0.71953 0.15061 2 66.017 -11.595 10.525 0.07916 -0.68853 -0.10151 0.71369 3 
62.25 -31.95 4.333 0.1619 0.4991 0.79313 -0.30925 1 57.088 -0.106 4.079 0.27166 -0.63195 0.71098 0.14611 2 65.878 -12.853 10.689 0.08951 -0.68763 -0.11776 0.71083 3 
65.851 -30.95 6.682 0.28899 0.52285 0.68256 -0.42098 1 57.474 -0.557 4.442 0.25917 -0.65265 0.697 0.14516 2 65.831 -14.152 10.778 0.09862 -0.68625 -0.13445 0.708 3 
67.644 -28.192 8.025 0.28922 0.6821 0.47935 -0.47044 1 57.863 -0.827 4.708 0.25155 -0.66365 0.68959 0.14407 2 65.779 -14.671 10.835 0.10413 -0.6858 -0.14133 0.7063 3 
66.827 -28.15 8.246 0.28285 0.69182 0.44262 -0.49544 1 58.64 -0.247 4.807 0.21804 -0.67022 0.69602 0.13722 2 65.191 -14.353 11.072 0.09918 -0.69241 -0.14058 0.70069 3 
68.198 -25.811 8.946 0.30425 0.69064 0.27152 -0.59727 1 60.13 0.92 5.412 0.20961 -0.69023 0.67675 0.14717 2 65.057 -14.22 11.152 0.09356 -0.69862 -0.14088 0.69522 3 
67.793 -24.708 9.392 0.34671 0.69716 0.21982 -0.58774 1 64.875 2.803 5.928 0.25027 -0.69545 0.63322 0.22967 2 65.077 -13.252 10.979 0.08058 -0.70418 -0.1371 0.69198 3 
67.971 -24.29 9.989 0.3321 0.69847 0.1988 -0.60193 1 73.346 5.923 5.493 0.31144 -0.66967 0.60419 0.29918 2 64.717 -13.109 11.198 0.08368 -0.70763 -0.13341 0.68881 3 
67.535 -24.3 10.07 0.31415 0.70176 0.19826 -0.60789 1 84.03 11.562 4.619 0.29244 -0.69966 0.53129 0.37773 2 64.367 -13.41 11.39 0.08512 -0.71002 -0.13669 0.68552 3 
67.363 -24.65 9.908 0.29953 0.69795 0.19975 -0.61907 1 95.151 18.974 3.497 0.16172 -0.74521 0.47404 0.44022 2 64.375 -13.945 11.402 0.08694 -0.70916 -0.14349 0.6848 3 
67.314 -24.795 9.841 0.28552 0.69812 0.20391 -0.62412 1 103.491 25.319 1.918 -0.08336 -0.8038 0.37967 0.45034 2 64.326 -14.232 11.443 0.08846 -0.70939 -0.14716 0.68358 3 
67.304 -24.303 9.87 0.2757 0.70059 0.20213 -0.62634 1 104.887 31.246 -1.292 -0.28181 -0.85776 0.33895 0.26447 2 64.238 -13.892 11.467 0.08647 -0.71094 -0.14241 0.68323 3 
67.371 -23.764 9.879 0.27344 0.70306 0.20515 -0.62358 1 103.725 35.519 -5.022 -0.37464 -0.87056 0.29899 0.11122 2 64.237 -13.423 11.439 0.08423 -0.71115 -0.13586 0.68463 3 
67.585 -23.528 9.83 0.2626 0.71023 0.20604 -0.61982 1 100.698 38.232 -8.129 -0.40634 -0.87975 0.24648 -0.0134 2 64.307 -13.383 11.399 0.08286 -0.71027 -0.13565 0.68574 3 
67.838 -23.321 9.861 0.24574 0.72016 0.20769 -0.61469 1 96.892 39.587 -10.182 -0.39748 -0.88332 0.22889 -0.09677 2 64.312 -13.492 11.412 0.08187 -0.71062 -0.13724 0.68519 3 
68.002 -23.036 9.913 0.23458 0.72729 0.2085 -0.61036 1 93.601 41.061 -11.315 -0.39808 -0.8799 0.21587 -0.14389 2 64.284 -13.44 11.43 0.08044 -0.71096 -0.13673 0.68511 3 
68.131 -22.752 10.033 0.228 0.73521 0.2022 -0.60548 1 91.953 42.913 -12.204 -0.40901 -0.86637 0.23571 -0.16296 2 64.231 -13.257 11.45 0.079 -0.71182 -0.13452 0.68481 3 
68.156 -22.623 10.061 0.22409 0.7375 0.20113 -0.6045 1 91.465 44.598 -13.247 -0.42422 -0.85721 0.23751 -0.16979 2 64.202 -13.218 11.465 0.0786 -0.71214 -0.13422 0.68459 3 
68.132 -22.631 10.025 0.22166 0.73686 0.20249 -0.60573 1 91.087 45.604 -13.804 -0.43389 -0.85337 0.23528 -0.16777 2 64.197 -13.284 11.471 0.07862 -0.71189 -0.13551 0.68459 3 
68.059 -22.567 10.038 0.22204 0.7367 0.20236 -0.60582 1 90.441 46.021 -14.415 -0.44297 -0.85037 0.22234 -0.17668 2 64.155 -13.222 11.487 0.07807 -0.71216 -0.13498 0.68448 3 
67.992 -22.435 10.12 0.22153 0.73866 0.20123 -0.604 1 90.359 46.813 -15.215 -0.46905 -0.83246 0.24577 -0.16309 2 64.05 -13.1 11.544 0.0776 -0.71323 -0.13337 0.68374 3 
67.925 -22.35 10.147 0.22068 0.73905 0.20181 -0.60363 1 90.477 46.953 -15.133 -0.48504 -0.81739 0.27047 -0.15316 2 63.982 -13.031 11.577 0.07749 -0.7137 -0.1325 0.68343 3 
67.914 -22.356 10.171 0.21967 0.74041 0.20137 -0.60249 1 90.368 46.747 -15.288 -0.49166 -0.81076 0.28863 -0.13281 2 63.955 -13.039 11.592 0.07747 -0.71376 -0.13279 0.6833 3 
67.838 -22.415 10.206 0.21845 0.7406 0.20243 -0.60235 1 90.303 46.763 -15.379 -0.49078 -0.8094 0.29679 -0.12619 2 63.879 -13.104 11.639 0.07777 -0.71413 -0.13385 0.68268 3 
67.735 -22.398 10.179 0.2184 0.73846 0.20488 -0.60416 1 90.173 47.373 -15.202 -0.48128 -0.81633 0.29351 -0.12579 2 63.835 -13.104 11.661 0.0778 -0.71425 -0.13389 0.68255 3 
67.647 -22.356 10.209 0.21969 0.73815 0.20506 -0.604 1 90.241 47.141 -15.236 -0.48294 -0.81538 0.29009 -0.13329 2 63.772 -13.037 11.693 0.0774 -0.71453 -0.1332 0.68243 3 
67.552 -22.329 10.252 0.2201 0.73769 0.20598 -0.6041 1 90.079 47.279 -15.116 -0.47894 -0.82286 0.27493 -0.13391 2 63.694 -13 11.736 0.07737 -0.71509 -0.13274 0.68194 3 
67.519 -22.319 10.253 0.22069 0.73745 0.20628 -0.60408 1 89.864 48.55 -15.088 -0.46644 -0.8278 0.28275 -0.13126 2 63.67 -12.975 11.749 0.07735 -0.71514 -0.13244 0.68195 3 
