106.088 -28.757 -7.373 0.33173 0.53838 0.75817 -0.15898 1 106.719 3.544 -4.427 0.24284 -0.62527 0.74135 0.0215 2 121.049 -14.914 2.68 -0.09447 -0.76451 -0.18251 0.61098 3 
105.77 -28.529 -7.329 0.32617 0.53769 0.76014 -0.16336 1 105.874 3.674 -4.306 0.24682 -0.62664 0.73904 0.01488 2 120.415 -14.644 2.813 -0.08576 -0.76534 -0.18277 0.61114 3 
105.644 -28.31 -7.377 0.32219 0.53381 0.76227 -0.17371 1 105.112 3.862 -4.183 0.25506 -0.62856 0.73466 0.01099 2 120.117 -14.333 2.765 -0.07496 -0.76254 -0.18316 0.61593 3 
105.521 -27.947 -7.418 0.31819 0.53312 0.76348 -0.17788 1 104.637 4.118 -4.148 0.25809 -0.62957 0.73279 0.00755 2 119.796 -13.952 2.725 -0.06878 -0.76249 -0.18317 0.61671 3 
105.231 -27.704 -7.364 0.31795 0.53223 0.76299 -0.18299 1 104.058 4.357 -4.112 0.26217 -0.62883 0.73197 0.00781 2 119.486 -13.563 2.777 -0.0649 -0.76094 -0.1811 0.61965 3 
103.742 -27.851 -6.865 0.32292 0.52646 0.7627 -0.19195 1 102.524 4.228 -3.622 0.27001 -0.62581 0.7316 0.01459 2 118.165 -13.659 3.327 -0.06349 -0.75771 -0.18137 0.62366 3 
100.436 -28.662 -5.678 0.34738 0.52129 0.74905 -0.21566 1 98.921 3.766 -2.932 0.29857 -0.61349 0.73019 0.036 2 115.786 -13.683 3.971 -0.06411 -0.73962 -0.16838 0.64845 3 
95.799 -29.755 -4.857 0.37733 0.51411 0.73192 -0.23999 1 94.349 2.96 -2.582 0.32796 -0.60339 0.72394 0.06537 2 112.537 -14.131 3.894 -0.07361 -0.71207 -0.15238 0.68141 3 
91.118 -30.411 -4.977 0.37898 0.50654 0.73713 -0.23756 1 90.178 2.124 -2.993 0.3251 -0.60515 0.72281 0.07508 2 108.25 -15.069 3.433 -0.08342 -0.70679 -0.15201 0.68584 3 
87.362 -30.487 -6.24 0.35202 0.50701 0.75598 -0.218 1 86.287 1.482 -4.285 0.29812 -0.61516 0.72768 0.05641 2 103.466 -15.598 2.409 -0.07837 -0.7245 -0.15895 0.6661 3 
85.083 -29.992 -8.199 0.31051 0.50236 0.7816 -0.20081 1 83.345 1.329 -5.787 0.26643 -0.62173 0.73595 0.0291 2 99.515 -15.639 1.059 -0.05963 -0.74626 -0.17216 0.64024 3 
83.487 -29.797 -9.922 0.26821 0.50653 0.80044 -0.17544 1 81.848 1.112 -7.317 0.22382 -0.62866 0.74476 0.00368 2 96.385 -15.983 -0.168 -0.05558 -0.77005 -0.18404 0.60832 3 
82.739 -29.607 -10.876 0.24668 0.51126 0.8084 -0.15571 1 81.302 1.13 -8.454 0.1934 -0.62022 0.7601 -0.01301 2 94.663 -15.652 -0.869 -0.05853 -0.78804 -0.18118 0.58543 3 
82.016 -29.403 -10.648 0.24559 0.51314 0.80793 -0.15366 1 80.756 1.336 -8.435 0.18849 -0.62003 0.7615 -0.01204 2 93.996 -15.357 -0.706 -0.06363 -0.78913 -0.1766 0.58483 3 
82.319 -29.322 -10.639 0.23334 0.527 0.80536 -0.1386 1 80.741 1.576 -8.551 0.19116 -0.61531 0.76453 -0.01859 2 94.043 -15.07 -0.745 -0.0648 -0.7898 -0.17319 0.58483 3 
85.06 -29.998 -10.675 0.17986 0.5531 0.80083 -0.14281 1 81.061 2.302 -8.648 0.18637 -0.62483 0.75771 -0.027 2 94.536 -14.834 -0.91 -0.06741 -0.78749 -0.16949 0.58872 3 
85.73 -28.35 -10.254 0.20686 0.51104 0.82369 -0.13258 1 81.415 1.675 -8.736 0.18904 -0.62802 0.75333 -0.0484 2 95.493 -14.941 -1.142 -0.06931 -0.78144 -0.16926 0.59657 3 
85.951 -27.954 -9.426 0.21237 0.51101 0.82025 -0.14477 1 81.772 1.705 -8.033 0.18708 -0.6303 0.75277 -0.03252 2 95.697 -14.631 -0.311 -0.06935 -0.78268 -0.1676 0.59541 3 
85.956 -28.173 -7.773 0.24093 0.48538 0.82556 -0.15748 1 82.392 1.843 -5.92 0.21985 -0.62705 0.7473 0.00431 2 96.936 -15.57 1.587 -0.07136 -0.76358 -0.18927 0.61321 3 
85.103 -28.787 -5.319 0.30276 0.45212 0.81327 -0.2062 1 81.597 1.989 -2.821 0.3049 -0.62044 0.71955 0.06587 2 98.746 -16.3 3.574 -0.06728 -0.70941 -0.19831 0.67296 3 
83.374 -29.903 -2.026 0.3869 0.42823 0.76901 -0.27487 1 79.926 2.025 0.232 0.39623 -0.59245 0.68777 0.13779 2 100.053 -16.113 5.222 -0.08218 -0.63651 -0.16881 0.74807 3 
80.432 -31.359 1.134 0.45689 0.413 0.71427 -0.33243 1 76.742 1.671 2.668 0.4667 -0.55402 0.65954 0.20062 2 98.824 -15.951 6.346 -0.10234 -0.56892 -0.12563 0.80627 3 
76.489 -32.574 3.171 0.48529 0.40203 0.68423 -0.36702 1 72.312 0.98 4.059 0.49987 -0.52181 0.64925 0.23731 2 95.182 -16.185 7.17 -0.11354 -0.53322 -0.09523 0.8329 3 
71.443 -33.555 4.268 0.48364 0.39662 0.68354 -0.37625 1 67.172 0.179 4.611 0.49631 -0.51284 0.65528 0.24754 2 90.12 -16.768 8.108 -0.11886 -0.53073 -0.08385 0.83497 3 
66.279 -33.851 4.182 0.44953 0.39521 0.71533 -0.3606 1 62.324 -0.221 4.727 0.47207 -0.52671 0.66817 0.23081 2 84.808 -17.418 9.21 -0.10747 -0.55579 -0.10133 0.8181 3 
60.886 -33.873 3.182 0.40454 0.38961 0.75779 -0.33213 1 57.566 -0.423 4.185 0.43331 -0.55015 0.6838 0.20492 2 78.999 -18.274 9.876 -0.09226 -0.59176 -0.13231 0.78981 3 
55.666 -33.798 1.749 0.35879 0.3933 0.79226 -0.29819 1 53.007 -0.596 2.994 0.38872 -0.57667 0.69645 0.17693 2 73.103 -19.106 9.754 -0.08496 -0.62548 -0.15896 0.75914 3 
50.624 -33.52 -0.631 0.27 0.42341 0.83042 -0.24129 1 47.98 -0.57 0.772 0.31237 -0.62093 0.71078 0.10794 2 66.093 -19.56 9.204 -0.07195 -0.67817 -0.18467 0.70768 3 
48.451 -33.518 0.324 0.24082 0.42876 0.84026 -0.22831 1 46.151 -0.632 1.358 0.28424 -0.61105 0.73229 0.09785 2 63.15 -19.717 11.529 -0.06964 -0.69887 -0.1931 0.68516 3 
47.133 -33.172 0.564 0.22147 0.42802 0.84719 -0.22367 1 44.892 -0.387 1.365 0.26543 -0.60736 0.74389 0.08537 2 61.31 -19.423 12.359 -0.07003 -0.71206 -0.19333 0.67133 3 
46.509 -33.255 0.604 0.21301 0.42198 0.85236 -0.22369 1 44.379 -0.388 1.535 0.2576 -0.6154 0.74087 0.07774 2 60.457 -19.719 12.764 -0.06857 -0.71631 -0.19925 0.66521 3 
46.54 -33.618 0.392 0.20577 0.4172 0.85578 -0.22635 1 44.448 -0.567 1.73 0.26257 -0.62979 0.72765 0.0704 2 60.476 -20.414 12.683 -0.06455 -0.714 -0.20855 0.66525 3 
47.002 -33.993 0.366 0.18796 0.4274 0.85518 -0.22511 1 44.955 -0.535 1.734 0.24916 -0.63531 0.72864 0.05812 2 60.755 -20.557 12.592 -0.06421 -0.71191 -0.20926 0.66729 3 
48.082 -34.354 0.336 0.14237 0.45438 0.85048 -0.22349 1 45.734 -0.303 1.481 0.2203 -0.62956 0.7427 0.05935 2 61.075 -20.195 12.453 -0.06623 -0.7108 -0.20363 0.67001 3 
49.479 -34.385 0.126 0.10654 0.45965 0.84814 -0.2409 1 46.767 -0.106 1.402 0.19946 -0.63118 0.745 0.08251 2 61.77 -19.999 12.093 -0.06719 -0.70663 -0.19966 0.67549 3 
51.324 -34.355 -0.125 0.11425 0.42277 0.84209 -0.31481 1 47.349 -0.232 1.329 0.20046 -0.63584 0.74073 0.08278 2 62.561 -20.226 11.634 -0.06597 -0.70041 -0.20066 0.68177 3 
53.738 -33.842 -0.248 0.21471 0.39066 0.8053 -0.39086 1 47.9 -0.437 1.469 0.19411 -0.65012 0.72941 0.08732 2 62.974 -20.901 11.355 -0.06232 -0.69572 -0.20777 0.68478 3 
55.687 -31.85 -0.322 0.2756 0.45195 0.75001 -0.39658 1 48.674 -0.955 1.648 0.17296 -0.65247 0.73356 0.0791 2 63.049 -21.643 11.249 -0.05711 -0.6931 -0.21691 0.68506 3 
55.891 -31.41 -0.405 0.25146 0.46805 0.74805 -0.39764 1 50.212 -1.815 1.66 0.16085 -0.61786 0.7671 0.06271 2 63.131 -21.915 11.185 -0.05664 -0.69174 -0.21999 0.68548 3 
55.763 -31.245 -0.366 0.24734 0.47422 0.74906 -0.39096 1 50.594 -2.951 1.1 0.20468 -0.62091 0.7544 0.05874 2 63.174 -21.678 11.162 -0.05846 -0.69212 -0.21683 0.68596 3 
55.527 -30.706 -0.181 0.24141 0.47733 0.74918 -0.39066 1 49.331 -3.096 1.152 0.21843 -0.59887 0.76764 0.06612 2 62.404 -21.112 11.585 -0.04154 -0.69748 -0.21286 0.683 3 
55.346 -30.12 -0.044 0.22494 0.47798 0.74681 -0.40398 1 47.411 -2.902 1.517 0.24684 -0.61365 0.74785 0.0567 2 61.243 -20.902 12.215 -0.00164 -0.70125 -0.21635 0.67929 3 
55.129 -30.135 -0.179 0.2265 0.478 0.74347 -0.40922 1 47.229 -2.888 1.061 0.24878 -0.62334 0.73765 0.07363 2 61.187 -20.903 12.162 -0.00282 -0.70141 -0.21618 0.67917 3 
55.336 -29.836 -0.016 0.23948 0.50209 0.73151 -0.39428 1 47.377 -2.237 0.717 0.23894 -0.61419 0.74829 0.07572 2 61.402 -19.587 12.135 -0.01199 -0.70375 -0.19836 0.68209 3 
55.98 -29.988 0.174 0.24333 0.53982 0.71873 -0.36442 1 48.501 -1.445 0.3 0.20623 -0.60837 0.76342 0.06739 2 61.909 -18.334 11.951 -0.021 -0.70334 -0.18089 0.68713 3 
57.068 -29.734 0.116 0.2385 0.55417 0.71106 -0.36113 1 50.198 -0.808 0.096 0.20149 -0.61972 0.753 0.09134 2 62.662 -17.657 11.557 -0.02664 -0.69946 -0.1712 0.69335 3 
58.124 -29.752 -0.038 0.2255 0.56232 0.70831 -0.36228 1 52.266 -0.493 -0.08 0.21187 -0.60855 0.75772 0.10315 2 63.429 -17.432 11.13 -0.0303 -0.6944 -0.16693 0.69931 3 
59.058 -30.019 -0.104 0.2174 0.56089 0.70694 -0.372 1 54.691 -0.586 0.374 0.24671 -0.62593 0.72623 0.14116 2 63.855 -17.386 10.895 -0.03179 -0.69133 -0.1656 0.70258 3 
60.26 -30.466 -0.123 0.21326 0.55122 0.71012 -0.38262 1 56.74 -0.426 0.613 0.26076 -0.63686 0.70676 0.164 2 64.108 -17.405 10.745 -0.03228 -0.68937 -0.1654 0.70454 3 
61.929 -31.159 -0.096 0.21628 0.52783 0.71649 -0.40158 1 58.295 -0.171 0.365 0.2613 -0.63489 0.70837 0.16384 2 64.269 -17.423 10.658 -0.03243 -0.68813 -0.16534 0.70576 3 
64.002 -31.957 -0.238 0.22348 0.50515 0.72474 -0.41186 1 60.095 -0.149 -0.05 0.2636 -0.63652 0.70668 0.16112 2 64.323 -17.385 10.632 -0.03289 -0.68785 -0.16474 0.70615 3 
67.318 -32.607 -0.453 0.24947 0.48062 0.71985 -0.43427 1 62.954 0.102 -0.601 0.27175 -0.62914 0.71031 0.16061 2 64.315 -17.331 10.637 -0.03317 -0.68802 -0.16405 0.70612 3 
73.019 -32.453 -0.516 0.31823 0.45506 0.69839 -0.45155 1 69.042 1.071 -0.923 0.30813 -0.602 0.71351 0.18318 2 64.309 -17.364 10.64 -0.033 -0.68799 -0.16449 0.70606 3 
80.616 -30.452 -0.339 0.4375 0.43935 0.65375 -0.4338 1 78.855 2.98 -1.052 0.34962 -0.60545 0.67839 0.22579 2 64.315 -17.36 10.638 -0.03307 -0.68799 -0.16442 0.70607 3 
89.049 -27.778 -0.476 0.5727 0.41111 0.60293 -0.37347 1 90.781 6.119 -1.575 0.32488 -0.64994 0.63777 0.2555 2 64.322 -17.349 10.632 -0.03314 -0.68796 -0.16428 0.70613 3 
95.786 -23.303 -1.581 0.65338 0.32506 0.64531 -0.22586 1 101.574 10.126 -2.305 0.19138 -0.72428 0.6174 0.24002 2 64.319 -17.355 10.637 -0.03306 -0.68798 -0.16438 0.7061 3 
100.865 -16.713 -2.879 0.65571 0.30008 0.69016 -0.06062 1 110.711 13.654 -3.383 0.04139 -0.72017 0.64864 0.24271 2 64.319 -17.35 10.633 -0.03312 -0.68796 -0.1643 0.70613 3 
104.274 -9.192 -4.013 0.63591 0.28979 0.7065 0.11176 1 117.348 17.019 -4.505 -0.10841 -0.7099 0.65189 0.24358 2 64.325 -17.352 10.629 -0.03309 -0.68792 -0.16434 0.70616 3 
106.389 -2.317 -4.585 0.63206 0.31888 0.67275 0.21501 1 121.399 20.457 -5.323 -0.1573 -0.66732 0.66511 0.29593 2 64.322 -17.347 10.633 -0.03315 -0.68798 -0.16424 0.70612 3 
106.238 4.291 -5.214 0.60721 0.38685 0.64704 0.25095 1 122.136 24.952 -5.661 -0.19378 -0.69507 0.6331 0.28019 2 64.322 -17.357 10.635 -0.03307 -0.68796 -0.16439 0.70611 3 
102.585 12.177 -5.923 0.54658 0.54174 0.57419 0.27943 1 120.031 31.407 -6.058 -0.23436 -0.75372 0.57781 0.20765 2 64.326 -17.344 10.63 -0.03313 -0.68794 -0.16423 0.70617 3 
97.383 20.208 -6.891 0.51481 0.72987 0.3897 0.22449 1 116.088 39.516 -7.727 -0.25253 -0.73773 0.61256 0.1294 2 64.334 -17.344 10.62 -0.03319 -0.68789 -0.16423 0.70621 3 
91.119 28.196 -9.114 0.42811 0.8201 0.26848 0.26846 1 111.69 46.348 -8.959 -0.27262 -0.73905 0.61322 0.05859 2 64.325 -17.349 10.631 -0.03316 -0.68793 -0.16426 0.70617 3 
87 33.487 -11.407 0.39122 0.84126 0.14419 0.34414 1 107.784 51.222 -9.732 -0.2785 -0.74267 0.60852 -0.02392 2 64.333 -17.348 10.627 -0.03314 -0.68787 -0.16426 0.70622 3 
85.508 36.534 -12.177 0.40336 0.83085 0.0704 0.37688 1 104.494 54.375 -10.853 -0.25945 -0.74665 0.60605 -0.0889 2 64.329 -17.354 10.63 -0.0331 -0.6879 -0.16433 0.70618 3 
84.931 38.774 -12.944 0.41566 0.82204 0.01085 0.38905 1 102.482 56.139 -11.275 -0.25428 -0.75425 0.58791 -0.14428 2 64.327 -17.343 10.632 -0.03319 -0.68794 -0.16417 0.70618 3 
84.282 39.575 -13.52 0.40375 0.80542 0.00148 0.4339 1 100.906 57.201 -11.892 -0.24983 -0.75627 0.58143 -0.1661 2 64.336 -17.349 10.621 -0.03316 -0.68785 -0.16425 0.70625 3 
83.932 39.799 -14.015 0.38977 0.79135 0.00505 0.47098 1 99.576 57.843 -12.486 -0.24335 -0.76035 0.57392 -0.18239 2 64.329 -17.348 10.629 -0.03316 -0.6879 -0.16425 0.7062 3 
83.618 39.354 -14.249 0.38381 0.78162 0.04218 0.48989 1 98.388 58.773 -12.954 -0.23572 -0.75535 0.57809 -0.19923 2 64.331 -17.348 10.628 -0.03315 -0.6879 -0.16426 0.7062 3 
