-6.12323e-17          0.5     0.866025    -0.135545 1.6729e-16  -0.866025        0.5 -0.0672528            1  1.75493e-16 -3.06162e-17  2.00149e-18 0 0 0 1         0 -0.437398    1.4814         0 -0.437398    1.4814 -0.350398    1.3944         0 -0.785398  0.785398         0 -0.785398  0.785398 -0.785398  0.785398
0.280858
0.515922
0
100
7
93
0.127824
0.206346
0.121075 0.0702468 0.132565 0.118798 0.126523 0.0896145 0.110926 0.0783618 0.0807221 0.107923 0.119527 0.187323 0.0850408 0.197297 0.0893258 0.166969 0.128868 0.119883 0.0586612 0.134439 0.0812744 0.128132 0.0642909 0.0616639 0.120394 0.110489 0.110303 0.246027 0.00481574 0.108219 0.112606 0.00331072 0.262834 0.124695 0.112242 0.0674859 0.0190889 0.258816 0.114404 0.0686452 0.248928 0.0971609 0.25136 0.126152 0.111212 0.11391 0.127732 0.011189 0.0324565 0.106328 0.126973 0.0833966 0.0107084 0.0520878 0.162995 0.104698 0.12344 0.0577919 0.247467 0.132049 0.123063 0.166226 0.1785 0.138371 0.11789 0.259363 0.2647 0.109193 0.247036 0.19079 0.189106 0.135714 0.0958389 0.112013 0.249966 0.0626803 0.0752171 0.0858756 0.18652 0.252421 0.0996254 0.113426 0.244942 0.278425 0.130329 0.111733 0.156076 0.0516142 0.101823 0.257224 0.0774966 0.0759335 0.116652 
0.136116 0.230754 0.124934 0.0770963 0.246826 0.069845 0.0744221 0.0676638 0.0618923 0.124708 0.119389 0.214643 0.0716754 0.218571 0.11839 0.202007 0.251628 0.125129 0.0678539 0.268524 0.0711172 0.129443 0.237573 0.08216 0.0684087 0.203686 0.116067 0.489308 0.132824 0.212625 0.123841 0.104104 0.497898 0.116486 0.0613468 0.0702554 0.123362 0.497776 0.170782 0.0636588 0.391693 0.0770305 0.51059 0.228645 0.314927 0.440401 0.115939 0.13032 0.0608336 0.328114 0.315093 0.0695683 0.136459 0.0631639 0.295349 0.0740034 0.108329 0.228159 0.521975 0.335179 0.150184 0.25136 0.205919 0.313867 0.130713 0.505094 0.486526 0.168842 0.492035 0.209183 0.191351 0.249672 0.0988524 0.126577 0.485225 0.157499 0.0668209 0.246416 0.194973 0.508485 0.117247 0.0702875 0.295844 0.470545 0.258615 0.113784 0.266687 0.0502479 0.119137 0.512807 0.0702205 0.0632137 0.351341 
