         0  -0.984808   0.173648 -0.0168377 -6.12323e-17     0.173648     0.984808    -0.150373           -1 -1.06329e-17 -6.03021e-17  7.33758e-18 0 0 0 1         0 -0.437398    1.4814         0 -0.437398    1.4814 -0.350398    1.3944         0 -0.785398  0.785398         0 -0.785398  0.785398 -0.785398  0.785398
0.287703
0.551008
2.22045e-16
100
16
84
0.131922
0.230383
0.00349236 0.18596 0.016791 0.225686 0.177732 0.13311 0.25965 0.139279 0.170137 0.105555 0.14645 0.249355 0.0129516 0.24081 0.188807 0.0566721 0.0125432 0.0488307 0.130572 0.114427 0.261076 0.248711 0.283764 0.0331206 0.252246 0.0235087 0.0664558 0.123468 0.0455688 0.113385 0.136153 0.132519 0.0355518 0.0502696 0.140215 0.094385 0.22917 0.056547 0.159976 0.141972 0.139979 0.195362 0.067279 0.160485 0.0922294 0.185451 0.0244633 0.134609 0.0649948 0.135636 0.194168 0.254981 0.0015117 0.0475711 0.187034 0.156386 0.267978 0.0782178 0.119621 0.150694 0.194067 0.131834 0.123584 0.181021 0.0164671 0.212438 0.143277 0.177724 0.0904485 0.10417 0.138863 0.122814 0.0981618 0.126641 0.0309866 0.130166 0.141719 0.0743554 0.0341485 0.144841 0.123109 0.254692 0.107578 0.272824 
0.146218 0.213556 0.151789 0.405654 0.219057 0.120036 0.516343 0.324828 0.30333 0.0694044 0.190954 0.382305 0.172723 0.394008 0.221735 0.0473037 0.0548918 0.0603182 0.145219 0.242736 0.416388 0.426101 0.448936 0.0245757 0.520529 0.044424 0.0279001 0.135988 0.145869 0.355566 0.147983 0.147894 0.0493679 0.120849 0.149984 0.228221 0.393012 0.0594168 0.262409 0.156868 0.151062 0.219266 0.22973 0.270358 0.272968 0.207548 0.133594 0.378434 0.0311569 0.212094 0.203952 0.533109 0.135474 0.13143 0.300561 0.307217 0.423645 0.0637169 0.120338 0.271792 0.33355 0.288636 0.292858 0.20186 0.164405 0.261817 0.148813 0.348146 0.217909 0.360153 0.290389 0.136101 0.151813 0.367964 0.16728 0.288544 0.291967 0.190445 0.0431286 0.275804 0.135047 0.538311 0.0772023 0.53789 
