-1.20604e-16     0.984808     0.173648   -0.0356082 8.24981e-17   -0.173648    0.984808   -0.147063            1  1.33098e-16 -6.03021e-17  5.96783e-18 0 0 0 1         0 -0.350398    1.3944         0 -0.350398    1.3944 -0.437398    1.4814         0 -0.785398  0.785398         0 -0.785398  0.785398 -0.785398  0.785398
0.28214
0.588855
2.22045e-16
100
19
81
0.140368
0.239051
0.144829 0.0914094 0.0992169 0.055959 0.135134 0.0690255 0.156013 0.250932 0.261606 0.134905 0.263769 0.121118 0.0635781 0.097128 0.153751 0.18889 0.0514835 0.208163 0.13739 0.104525 0.187421 0.267947 0.108456 0.108735 0.101716 0.194506 0.197784 0.108284 0.0989692 0.098456 0.131953 0.107462 0.0906457 0.0904166 0.197813 0.269727 0.102186 0.111683 0.182766 0.254224 0.119251 0.136578 0.128686 0.128198 0.100582 0.136928 0.132144 0.119161 0.127676 0.193667 0.0535508 0.0948823 0.114213 0.0954364 0.123903 0.110669 0.25988 0.238155 0.131312 0.0942441 0.102562 0.141136 0.129172 0.179471 0.256712 0.105362 0.0596904 0.130765 0.228392 0.25776 0.00221743 0.0700421 0.116093 0.129547 0.236923 0.113684 0.259732 0.0790772 0.0579071 0.127738 0.146723 
0.154889 0.0775119 0.207585 0.0563507 0.287146 0.065423 0.373676 0.511921 0.515033 0.274011 0.509603 0.240965 0.220151 0.0831244 0.322701 0.394754 0.0560671 0.375501 0.302147 0.0850361 0.220877 0.493575 0.16838 0.138191 0.149054 0.387788 0.213915 0.132634 0.274114 0.121832 0.148471 0.0640978 0.13592 0.0807692 0.232457 0.526657 0.0727779 0.124212 0.390099 0.520783 0.285158 0.244238 0.292267 0.268662 0.0820024 0.167612 0.272778 0.132206 0.297924 0.21091 0.234032 0.22155 0.125312 0.0753067 0.279434 0.0811376 0.504354 0.384868 0.139183 0.140638 0.138989 0.29122 0.279454 0.214622 0.400792 0.145378 0.0590477 0.342068 0.389236 0.516016 0.0373472 0.0610513 0.147771 0.351102 0.495511 0.145357 0.528379 0.0837324 0.0597669 0.241499 0.285037 
