0.866025     -0.5        0 0.004765         -0.5    -0.866025 -1.22465e-16   0.00825322 6.12323e-17 1.06058e-16          -1    0.226689 0 0 0 1         0 -0.350398  0.785398         0 -0.350398  0.785398 -0.611398    1.2204         0 -0.785398  0.785398         0 -0.785398  0.785398 -0.785398  0.785398
0.158215
0.337043
0
100
31
69
0.151035
0.351124
0.27122 0.150439 0.156243 0.162901 0.108562 0.112151 0.146135 0.144811 0.121639 0.112313 0.147991 0.14534 0.246433 0.156651 0.141095 0.121063 0.226611 0.149126 0.157094 0.199703 0.0974339 0.145026 0.0491717 0.161125 0.154904 0.186066 0.18298 0.134099 0.101632 0.185627 0.111315 0.192255 0.0129832 0.204734 0.108775 0.182749 0.184 0.121018 0.193276 0.183357 0.0773214 0.0974774 0.119169 0.11205 0.249155 0.110449 0.1997 0.157879 0.149696 0.220496 0.236164 0.105395 0.127437 0.174959 0.255597 0.122144 0.102491 0.157489 0.151106 0.0671295 0.170909 0.125851 0.114731 0.175265 0.159016 0.194131 0.193145 0.111201 0.113812 
1.16876 0.300874 0.319564 0.296099 0.0468875 0.0481007 0.33678 0.326411 0.419835 0.0474075 0.32723 0.144406 0.826856 0.707138 0.316344 0.294894 0.735242 0.264452 0.339496 0.290784 0.045311 0.312809 0.411383 0.310045 0.277416 0.325461 0.76263 0.28897 0.245283 0.319358 0.0455633 0.324079 0.152302 0.764357 0.0467219 0.350384 0.324782 0.397094 0.282053 0.330473 0.439216 0.343687 0.245411 0.312844 0.807169 0.0471505 0.276652 0.324981 0.338559 0.648155 0.721074 0.0482397 0.299865 0.334901 0.798255 0.050787 0.422571 0.296515 0.556818 0.596497 0.305184 0.317116 0.0472723 0.340341 0.348908 0.347731 0.643265 0.0458012 0.048537 
