       0        1        0 -0.00953            1            0 -1.22465e-16  1.46958e-17 -1.22465e-16            0           -1     0.226689 0 0 0 1         0 -0.350398  0.785398         0 -0.350398  0.785398 -0.611398    1.3074         0 -0.785398  0.785398         0 -0.785398  0.785398 -0.785398  0.785398
0.199729
0.362862
0
100
27
73
0.142215
0.321589
0.07937 0.0989423 0.154366 0.114009 0.163411 0.17571 0.128763 0.184001 0.104491 0.139461 0.138092 0.10673 0.166614 0.18572 0.111553 0.109783 0.131884 0.129258 0.245944 0.112562 0.236676 0.0153211 0.134432 0.118736 0.240539 0.108036 0.188193 0.0311025 0.128294 0.126105 0.159746 0.168806 0.141093 0.16501 0.0845414 0.135646 0.0576467 0.145463 0.169807 0.14585 0.138277 0.178577 0.203261 0.18248 0.163534 0.0353746 0.221837 0.106721 0.0929444 0.243368 0.142025 0.201266 0.108129 0.087178 0.191502 0.264616 0.16609 0.233264 0.128475 0.131951 0.165847 0.172333 0.0509641 0.128462 0.213691 0.138832 0.110451 0.071633 0.116545 0.13258 0.176659 0.162171 0.0389467 
0.0435929 0.0438471 0.324112 0.0492107 0.263142 0.328256 0.274337 0.298601 0.385137 0.0481402 0.265167 0.431685 0.328655 0.691064 0.0463537 0.0461137 0.307409 0.636493 0.594421 0.315606 0.733982 0.0527925 0.122639 0.0493174 0.78181 0.0448091 0.636925 0.375032 0.308042 0.227862 0.348489 0.276275 0.118354 0.322336 0.0378936 0.317103 0.573977 0.248884 0.269407 0.27779 0.314967 0.601428 0.335718 0.311411 0.322617 0.380673 0.652078 0.0438722 0.0379031 0.798322 0.3204 0.348314 0.0446976 0.041918 0.576608 1.13753 0.33896 0.712814 0.327952 0.465719 0.136977 0.313895 0.042367 0.295702 0.753832 0.251677 0.0470319 0.246777 0.0491148 0.298248 0.721346 0.325554 0.0344816 
