  -0.173648    0.984808           0 -0.00938522     0.984808     0.173648 -1.22465e-16  -0.00165487 -1.20604e-16 -2.12658e-17           -1     0.226689 0 0 0 1         0 -0.350398  0.785398         0 -0.350398  0.785398 -0.611398    1.2204         0 -0.785398  0.785398         0 -0.785398  0.785398 -0.785398  0.785398
0.188699
0.361095
0
100
40
60
0.128603
0.285838
0.118485 0.146669 0.111254 0.112497 0.110633 0.107834 0.162221 0.158358 0.157155 0.156581 0.0334903 0.0625682 0.243825 0.128925 0.115634 0.0725157 0.120714 0.113378 0.131222 0.126426 0.103181 0.118585 0.0970658 0.13118 0.156519 0.0744549 0.176914 0.142276 0.155097 0.0363237 0.118692 0.217325 0.135724 0.197261 0.22612 0.21623 0.117122 0.105676 0.105556 0.141883 0.153148 0.130537 0.0713724 0.0281498 0.191653 0.171683 0.0945678 0.232741 0.0668896 0.0560975 0.108537 0.0163945 0.110964 0.167598 0.171404 0.184536 0.097926 0.128431 0.176075 0.0938994 
0.0501885 0.304672 0.0468621 0.128742 0.0459718 0.0451809 0.32781 0.311161 0.307268 0.628851 0.306622 0.43881 0.786029 0.0431094 0.0492036 0.248039 0.0504797 0.278002 0.28559 0.0512666 0.234969 0.283804 0.541995 0.127672 0.307665 0.0433799 0.315246 0.302384 0.323682 0.0485303 0.438465 0.766037 0.275123 0.624822 0.76973 0.657019 0.135623 0.0462531 0.0461562 0.141073 0.131123 0.283455 0.121857 0.379044 0.760134 0.548517 0.0351757 0.56492 0.0436082 0.241169 0.450735 0.063233 0.0465121 0.133149 0.781383 0.686666 0.0467298 0.293535 0.34004 0.0358041 
