   0.984808    0.173648           0 -0.00165487     0.173648    -0.984808 -1.22465e-16   0.00938522 -2.12658e-17  1.20604e-16           -1     0.226689 0 0 0 1         0 -0.350398  0.785398         0 -0.350398  0.785398 -0.611398    1.3074         0 -0.785398  0.785398         0 -0.785398  0.785398 -0.785398  0.785398
0.150857
0.304047
0
100
29
71
0.142515
0.344557
0.0522098 0.145017 0.225464 0.13295 0.157532 0.180027 0.158346 0.180953 0.164122 0.132271 0.243337 0.190244 0.17461 0.181877 0.10813 0.188839 0.113195 0.111716 0.165964 0.181701 0.118065 0.16735 0.246693 0.0930168 0.196861 0.125983 0.125198 0.0907082 0.219627 0.107636 0.152526 0.0433582 0.156303 0.115242 0.105038 0.108736 0.106812 0.241679 0.191577 0.0293023 0.0244825 0.172749 0.0576309 0.124451 0.100584 0.10205 0.179105 0.151533 0.18939 0.118619 0.0180555 0.183109 0.0340986 0.173778 0.283675 0.238586 0.254974 0.105751 0.196338 0.157273 0.171572 0.164399 0.144094 0.104939 0.0365859 0.0995095 0.134296 0.235995 0.0119736 0.109482 0.109302 
0.235726 0.252918 0.619107 0.298684 0.300169 0.784998 0.316363 0.338412 0.65819 0.321952 0.760074 0.402115 0.313006 0.331673 0.0467219 0.355488 0.314947 0.0470171 0.307528 0.966681 0.049647 0.293187 0.797898 0.230229 0.675344 0.0419145 0.243714 0.282144 0.62498 0.0458624 0.331608 0.138971 0.707393 0.657465 0.0464857 0.352545 0.046907 0.758566 0.711912 0.280498 0.111856 0.320408 0.0418534 0.321109 0.0464194 0.0463425 0.327986 0.31443 0.331697 0.415767 0.135549 0.322506 0.377737 0.310945 1.15498 0.6117 0.745747 0.0466486 0.331413 0.315747 0.326126 0.285831 0.316789 0.353759 0.295911 0.0463724 0.0487776 0.665199 0.11198 0.046867 0.0460877 
