         0  -0.766044   0.642788 -0.0897682 -6.12323e-17     0.642788     0.766044    -0.121808           -1 -3.93594e-17 -4.69067e-17   6.0039e-18 0 0 0 1         0 -0.437398    1.4814         0 -0.437398    1.4814 -0.350398    1.3944         0 -0.785398  0.785398         0 -0.785398  0.785398 -0.785398  0.785398
0.283984
0.618477
0
100
10
90
0.127709
0.172739
0.117613 0.127568 0.114434 0.0667364 0.136863 0.119041 0.0768153 0.126119 0.0951823 0.0567009 0.158869 0.0175267 0.197382 0.0969956 0.189464 0.102074 0.0939527 0.127678 0.157951 0.157164 0.0803275 0.0766142 0.0651812 0.135114 0.263713 0.117948 0.105576 0.192653 0.106656 0.133064 0.149083 0.105979 0.111637 0.129944 0.108064 0.0688124 0.186356 0.0197792 0.26715 0.0674759 0.0871657 0.132658 0.0713205 0.171758 0.242393 0.0943677 0.150406 0.265841 0.203371 0.0753416 0.109763 0.141406 0.154235 0.117101 0.120375 0.105822 0.123285 0.139894 0.123024 0.0938413 0.188105 0.1254 0.191395 0.107719 0.125262 0.200601 0.111059 0.188536 0.148189 0.101363 0.183597 0.117104 0.108236 0.127382 0.120036 0.0755006 0.140817 0.127005 0.1346 0.250192 0.0648239 0.144416 0.0764912 0.0657882 0.0681396 0.109845 0.179138 0.125233 0.130549 0.106691 
0.117569 0.346838 0.0661274 0.0552304 0.242774 0.12666 0.0827971 0.0635559 0.0731345 0.0688329 0.278197 0.10586 0.221495 0.0627831 0.201478 0.115314 0.0674622 0.111632 0.281059 0.249809 0.0829878 0.0731413 0.0711599 0.17667 0.432743 0.11633 0.155622 0.213839 0.103137 0.24621 0.277381 0.120244 0.312117 0.185542 0.117598 0.0675306 0.206312 0.0720163 0.405944 0.0624625 0.0710062 0.344805 0.128098 0.291547 0.506866 0.242433 0.27312 0.383398 0.214334 0.0552616 0.0722796 0.264039 0.261573 0.0764718 0.132966 0.119381 0.113933 0.254939 0.120052 0.0677716 0.216092 0.228277 0.379205 0.066335 0.0692838 0.21912 0.127841 0.214153 0.178524 0.0649341 0.186054 0.0666399 0.128728 0.134913 0.135629 0.079336 0.263765 0.244341 0.261435 0.426132 0.0702231 0.231086 0.0669415 0.0725076 0.115605 0.126084 0.210847 0.304889 0.100185 0.125542 
