-1.20604e-16     0.984808    -0.173648    0.0168377 3.99666e-17    0.173648    0.984808   -0.150373            1  1.11832e-16 -6.03021e-17  6.17049e-18 0 0 0 1         0 -0.437398    1.4814         0 -0.437398    1.4814 -0.350398    1.3944         0 -0.785398  0.785398         0 -0.785398  0.785398 -0.785398  0.785398
0.288544
0.54017
2.22045e-16
100
12
88
0.136559
0.207934
0.138721 0.0749371 0.154369 0.0774248 0.182585 0.0159509 0.189245 0.152427 0.133254 0.123442 0.0539895 0.210828 0.105358 0.141532 0.147829 0.184422 0.151957 0.113955 0.243808 0.120004 0.252139 0.154701 0.108926 0.141278 0.0724585 0.0368409 0.193876 0.026449 0.117262 0.185918 0.0489263 0.118585 0.187884 0.100353 0.142466 0.244111 0.185413 0.131563 0.185307 0.11772 0.149273 0.0447604 0.118751 0.151743 0.159616 0.073829 0.14908 0.0594588 0.124425 0.14356 0.105485 0.107859 0.0743178 0.178317 0.149474 0.1115 0.132321 0.12752 0.158227 0.284598 0.109891 0.0726402 0.180601 0.113864 0.135789 0.153793 0.0753146 0.247126 0.272926 0.065732 0.14499 0.190348 0.103064 0.00598998 0.24912 0.179867 0.0595249 0.117755 0.0861126 0.117746 0.144822 0.125707 0.172709 0.262797 0.145225 0.0616936 0.171662 0.178084 
0.253318 0.058857 0.290659 0.233163 0.21278 0.153671 0.40614 0.306579 0.0812012 0.141354 0.0601083 0.218763 0.209309 0.27261 0.276854 0.263533 0.28385 0.139313 0.405088 0.143808 0.411708 0.276613 0.133346 0.142096 0.065329 0.0579957 0.228112 0.129368 0.13387 0.206361 0.0401694 0.0823196 0.421916 0.13583 0.160623 0.543063 0.212188 0.140501 0.212476 0.240879 0.255254 0.0586401 0.08149 0.284662 0.271153 0.121623 0.281203 0.0606335 0.141266 0.146707 0.082557 0.242611 0.0578056 0.21047 0.286222 0.0911065 0.144158 0.264224 0.276609 0.408256 0.133383 0.0616097 0.189016 0.293413 0.159531 0.17495 0.0593015 0.374898 0.519533 0.0619453 0.313607 0.213408 0.133319 0.147904 0.398381 0.384551 0.0613238 0.1919 0.0778461 0.0800253 0.306713 0.13382 0.203815 0.533691 0.350616 0.0585037 0.321331 0.207521 
