   0.34202  -0.939693          0 0.00895527    -0.939693     -0.34202 -1.22465e-16   0.00325945 1.15079e-16 4.18854e-17          -1    0.226689 0 0 0 1         0 -0.350398  0.785398         0 -0.350398  0.785398 -0.611398    1.2204         0 -0.785398  0.785398         0 -0.785398  0.785398 -0.785398  0.785398
0.189814
0.343623
0
100
36
64
0.149627
0.318742
0.199505 0.184945 0.135717 0.241799 0.16668 0.206894 0.115213 0.0167592 0.0175096 0.145138 0.164914 0.180245 0.136934 0.280196 0.131628 0.185476 0.117506 0.186398 0.110156 0.159334 0.163463 0.108189 0.100898 0.156107 0.241608 0.187607 0.105211 0.138702 0.102498 0.106108 0.1104 0.187671 0.12426 0.177333 0.025121 0.185457 0.110513 0.108845 0.203182 0.16191 0.141892 0.184597 0.191001 0.119911 0.109409 0.0438924 0.136792 0.179349 0.214701 0.248132 0.2252 0.207325 0.170862 0.183171 0.110439 0.278689 0.108809 0.172069 0.15413 0.106007 0.015913 0.11712 0.110663 0.158016 
0.623609 0.298135 0.0445513 0.811544 0.321573 0.686239 0.285795 0.0673994 0.00360502 0.321799 0.315199 0.31673 0.30555 1.22453 0.363271 0.333469 0.119403 0.321557 0.0465667 0.33229 0.312996 0.0465803 0.286491 0.130433 0.765499 0.34485 0.0455581 0.134883 0.0440704 0.0442779 0.306475 0.318153 0.33516 0.631674 0.0448686 0.317514 0.0460827 0.0440592 0.365392 0.321584 0.476407 0.307052 0.333166 0.0500055 0.0489156 0.402903 0.307166 0.333976 0.664116 0.75753 0.791791 0.326177 0.765468 0.283711 0.0467991 1.19744 0.0465757 0.318984 0.129524 0.0469595 0.00297775 0.273484 0.1446 0.314359 
