   -0.34202    0.939693           0 -0.00895527     0.939693      0.34202 -1.22465e-16  -0.00325945 -1.15079e-16 -4.18854e-17           -1     0.226689 0 0 0 1         0 -0.350398  0.785398         0 -0.350398  0.785398 -0.611398    1.2204         0 -0.785398  0.785398         0 -0.785398  0.785398 -0.785398  0.785398
0.134107
0.287642
0
100
33
67
0.140316
0.298662
0.109109 0.169374 0.179982 0.117787 0.0848973 0.109506 0.114295 0.123017 0.111662 0.163775 0.16447 0.160285 0.130463 0.218244 0.0825948 0.159672 0.200316 0.0863924 0.181176 0.165685 0.151794 0.211307 0.276459 0.154293 0.108537 0.0985976 0.0419021 0.139445 0.118404 0.172841 0.14061 0.14237 0.258899 0.147181 0.109213 0.0192242 0.108819 0.153668 0.11536 0.156243 0.171351 0.179069 0.199706 0.25146 0.103813 0.177205 0.177599 0.148652 0.250337 0.0872444 0.022155 0.0088907 0.234767 0.116224 0.115315 0.0918931 0.15741 0.183257 0.137841 0.108497 0.085044 0.121481 0.149575 0.144223 0.101905 0.158455 0.059954 
0.316106 0.63501 0.284825 0.252392 0.0224439 0.0451082 0.050181 0.413456 0.0480422 0.300873 0.284628 0.294595 0.248894 0.680536 0.424079 0.305049 0.65464 0.0446643 0.298288 0.300172 0.311963 0.378091 1.27092 0.271615 0.0455019 0.0471627 0.395713 0.271358 0.0486239 0.311166 0.33394 0.319637 0.79354 0.319458 0.0453454 0.0535796 0.0465795 0.322193 0.0488829 0.305186 0.354565 0.303363 0.794878 0.788137 0.0457243 0.311118 0.320605 0.316206 0.796697 0.264377 0.131475 0.126176 0.666058 0.0493411 0.301224 0.0408862 0.327684 0.312193 0.308237 0.0440477 0.0408045 0.283773 0.327675 0.31123 0.0467314 0.31397 0.238761 
