           1  6.12323e-17            0 -5.83544e-19  6.12323e-17           -1 -1.22465e-16      0.00953 -7.4988e-33 1.22465e-16          -1    0.226689 0 0 0 1         0 -0.350398  0.785398         0 -0.350398  0.785398 -0.611398    1.3074         0 -0.785398  0.785398         0 -0.785398  0.785398 -0.785398  0.785398
0.132313
0.318045
0
100
36
64
0.137697
0.327851
0.124248 0.146653 0.147607 0.10674 0.198908 0.13226 0.00758187 0.187639 0.01289 0.163578 0.127647 0.0174031 0.170088 0.172364 0.149452 0.175088 0.228239 0.16056 0.138358 0.0261002 0.124398 0.142834 0.223353 0.125938 0.0982959 0.174329 0.0711927 0.140563 0.0963211 0.0759989 0.139176 0.25589 0.147277 0.136844 0.239513 0.118705 0.110802 0.185522 0.284433 0.218382 0.240645 0.224699 0.166932 0.0838133 0.175917 0.118837 0.173936 0.0202262 0.0796503 0.107936 0.100885 0.133554 0.180176 0.019016 0.13849 0.114946 0.129092 0.152601 0.111677 0.073553 0.146796 0.153052 0.106999 0.156015 
0.123892 0.320792 0.288574 0.0460118 0.341414 0.293943 0.288209 0.304505 0.0604816 0.333042 0.303047 0.296571 0.316041 0.274837 0.294039 0.708304 0.797984 0.284962 0.28385 0.464484 0.130548 0.483952 0.563121 0.235699 0.0434214 0.296266 0.221813 0.296153 0.0437164 0.0433808 0.124742 0.801239 0.306191 0.288618 0.712031 0.0477225 0.0481413 0.766656 1.34087 0.706348 0.823565 0.788053 0.318304 0.232212 0.311489 0.0521008 0.585881 0.03327 0.424596 0.045883 0.283906 0.320192 0.293426 0.0585844 0.319349 0.325098 0.128991 0.337336 0.375397 0.0413614 0.257953 0.338236 0.0458669 0.315822 
