          -1 -1.83697e-16            0  1.75063e-18 -1.83697e-16            1 -1.22465e-16     -0.00953  2.24964e-32 -1.22465e-16           -1     0.226689 0 0 0 1         0 -0.350398  0.785398         0 -0.350398  0.785398 -0.611398    1.3074         0 -0.785398  0.785398         0 -0.785398  0.785398 -0.785398  0.785398
0.127778
0.313778
0
100
37
63
0.147081
0.315808
0.036227 0.0767762 0.212173 0.137924 0.165987 0.159792 0.139253 0.194985 0.184067 0.0896949 0.176765 0.235188 0.14805 0.169282 0.119491 0.243357 0.116441 0.116374 0.252977 0.12366 0.225382 0.160301 0.136859 0.118069 0.187146 0.165602 0.119596 0.188334 0.180044 0.141154 0.19217 0.112584 0.131922 0.173537 0.0168844 0.0173404 0.16673 0.173818 0.12007 0.113354 0.127112 0.107066 0.227448 0.157479 0.231667 0.10887 0.166696 0.172514 0.243341 0.222515 0.281845 0.109944 0.0889161 0.0188977 0.113039 0.0533282 0.178119 0.148295 0.0905775 0.110982 0.171724 0.00228248 0.194105 
0.367313 0.0394911 0.339548 0.047007 0.629934 0.324219 0.137967 0.329226 0.322555 0.0380843 0.682191 0.633241 0.314946 0.269605 0.429115 0.749711 0.301306 0.296972 0.669085 0.273775 0.446215 0.330558 0.048534 0.0502274 0.341521 0.27076 0.0499625 0.322619 0.373367 0.332468 0.276063 0.044212 0.296082 0.311177 0.0468603 0.0552255 0.28663 0.317292 0.0498487 0.0460068 0.298874 0.0456534 0.769583 0.266803 0.779995 0.0467654 0.313575 0.263483 0.762512 0.667483 1.17993 0.0435506 0.390022 0.104379 0.659561 0.0358402 0.295888 0.326268 0.3376 0.0461089 0.331288 0.124582 0.31524 
