  -0.939693     0.34202           0 -0.00325945      0.34202     0.939693 -1.22465e-16  -0.00895527 -4.18854e-17 -1.15079e-16           -1     0.226689 0 0 0 1         0 -0.350398  0.785398         0 -0.350398  0.785398 -0.611398    1.2204         0 -0.785398  0.785398         0 -0.785398  0.785398 -0.785398  0.785398
0.179876
0.360195
0
100
37
63
0.144742
0.326075
0.249279 0.150037 0.28621 0.0142797 0.0962367 0.115077 0.169983 0.120424 0.150071 0.0669607 0.205346 0.123641 0.120402 0.152088 0.167519 0.162961 0.114802 0.0358457 0.0870107 0.108962 0.193523 0.243394 0.130929 0.238699 0.161558 0.16024 0.111866 0.192516 0.213909 0.158774 0.112383 0.126908 0.110158 0.0156182 0.111214 0.199851 0.158702 0.145697 0.119812 0.211467 0.281148 0.140517 0.0267278 0.122681 0.134029 0.102379 0.244407 0.181941 0.135177 0.200078 0.179128 0.138725 0.157071 0.157408 0.016228 0.131408 0.118457 0.137343 0.159036 0.112977 0.179454 0.0935244 0.154576 
0.804419 0.307601 1.23553 0.060654 0.333564 0.134879 0.311855 0.0517531 0.329513 0.401023 0.318212 0.0466318 0.2698 0.293288 0.382278 0.341066 0.0509812 0.407685 0.0402637 0.0465964 0.32171 0.80424 0.305286 0.809013 0.279901 0.311071 0.0470322 0.320434 0.569125 0.313711 0.0460313 0.516972 0.0487945 0.00321595 0.418413 0.354052 0.345921 0.308503 0.452234 0.337883 1.14486 0.51781 0.0496832 0.0521988 0.664291 0.304854 0.768393 0.357263 0.131104 0.317183 0.323785 0.320337 0.319561 0.302045 0.0540107 0.454355 0.0512729 0.264762 0.319382 0.0476252 0.336883 0.0452093 0.314718 
