   0.766044    0.642788           0 -0.00612577     0.642788    -0.766044 -1.22465e-16    0.0073004 -7.87188e-17  9.38134e-17           -1     0.226689 0 0 0 1         0 -0.350398  0.785398         0 -0.350398  0.785398 -0.611398    1.2204         0 -0.785398  0.785398         0 -0.785398  0.785398 -0.785398  0.785398
0.179939
0.349232
0
100
37
63
0.13996
0.30465
0.226219 0.14554 0.20955 0.0891173 0.109227 0.242302 0.166842 0.197904 0.156761 0.186119 0.163475 0.165411 0.104305 0.110023 0.17099 0.0481353 0.126079 0.109929 0.229737 0.11875 0.112951 0.151165 0.113693 0.198623 0.133633 0.0224633 0.112614 0.130681 0.200111 0.17009 0.131359 0.162443 0.226837 0.132173 0.113295 0.160463 0.114208 0.109647 0.109521 0.111963 0.0674646 0.124465 0.0502315 0.115535 0.112855 0.114533 0.145518 0.176677 0.184025 0.149112 0.107816 0.11301 0.125318 0.151609 0.142684 0.241409 0.135597 0.0922321 0.11422 0.119573 0.113693 0.112093 0.213471 
0.654884 0.304808 0.684367 0.373188 0.122732 0.634004 0.305191 0.721176 0.309389 0.312139 0.337503 0.318337 0.0471982 0.0468213 0.31921 0.430679 0.311115 0.275282 0.749856 0.0485473 0.0472615 0.338771 0.0472371 0.669615 0.34062 0.120631 0.316117 0.283034 0.87945 0.755637 0.31716 0.317204 0.69083 0.340397 0.0483651 0.324218 0.0474916 0.0458152 0.0471781 0.0463113 0.390498 0.333717 0.0337404 0.401874 0.0492937 0.319236 0.317375 0.326849 0.319571 0.329393 0.0463868 0.0468788 0.299443 0.283894 0.306012 0.808136 0.0448284 0.235894 0.0478817 0.0527987 0.0478558 0.0466538 0.774953 
