  0.939693   -0.34202          0 0.00325945     -0.34202    -0.939693 -1.22465e-16   0.00895527 4.18854e-17 1.15079e-16          -1    0.226689 0 0 0 1         0 -0.350398  0.785398         0 -0.350398  0.785398 -0.611398    1.2204         0 -0.785398  0.785398         0 -0.785398  0.785398 -0.785398  0.785398
0.164157
0.357735
0
100
41
59
0.139483
0.327064
0.184314 0.195227 0.146714 0.085491 0.163584 0.102492 0.152222 0.110623 0.278689 0.00263128 0.194372 0.13381 0.120951 0.16976 0.181623 0.175006 0.218857 0.222007 0.049801 0.174992 0.0554749 0.147349 0.109282 0.125296 0.119117 0.113111 0.00762694 0.107019 0.0839671 0.169944 0.125113 0.143074 0.172111 0.171535 0.156251 0.0898401 0.131187 0.171722 0.0204551 0.0438976 0.188483 0.111318 0.199715 0.172185 0.163482 0.223411 0.110997 0.155117 0.144202 0.0955938 0.150185 0.164298 0.184042 0.166068 0.171115 0.147613 0.200745 0.0105256 0.143884 
0.31572 0.339542 0.296238 0.0417849 0.319325 0.323403 0.310413 0.0463886 1.17822 0.127573 0.586073 0.328545 0.298636 0.289956 0.32958 0.2988 1.08701 0.73855 0.414149 0.312461 0.405613 0.287861 0.0473237 0.261332 0.383116 0.0468943 0.121 0.0462416 0.402805 0.297799 0.318077 0.421461 0.291719 0.352645 0.308374 0.101266 0.132113 0.303811 0.049749 0.0362622 0.770853 0.0472607 0.335353 0.326598 0.300843 0.70298 0.0459133 0.151148 0.33134 0.4102 0.326039 0.290645 0.590058 0.352646 0.318591 0.276925 0.692249 0.123181 0.306118 
