       0.5  -0.866025          0 0.00825322    -0.866025         -0.5 -1.22465e-16     0.004765 1.06058e-16 6.12323e-17          -1    0.226689 0 0 0 1         0 -0.350398  0.785398         0 -0.350398  0.785398 -0.611398    1.2204         0 -0.785398  0.785398         0 -0.785398  0.785398 -0.785398  0.785398
0.184632
0.344975
0
100
28
72
0.133734
0.281995
0.227689 0.142298 0.049546 0.180209 0.111535 0.126848 0.0734176 0.113657 0.200275 0.12201 0.14132 0.176554 0.118182 0.109418 0.110898 0.109175 0.151806 0.0704949 0.125599 0.107277 0.103912 0.119433 0.106393 0.106192 0.11355 0.206776 0.108863 0.115202 0.0365249 0.0597757 0.112136 0.16721 0.118092 0.153558 0.172969 0.117371 0.139136 0.155945 0.101312 0.148589 0.127046 0.128411 0.0459078 0.210718 0.0810008 0.224312 0.149641 0.248303 0.197514 0.160589 0.187493 0.16335 0.284999 0.090393 0.12994 0.109701 0.171581 0.131731 0.120052 0.210852 0.110264 0.242516 0.16137 0.112068 0.105389 0.00708969 0.107797 0.113964 0.062057 0.107657 0.180635 0.113387 
0.774877 0.321194 0.474325 0.30472 0.0458137 0.314431 0.241848 0.0472499 0.670187 0.249879 0.321488 0.307748 0.310233 0.0471769 0.0455123 0.0473914 0.313486 0.406909 0.127038 0.0469531 0.330562 0.0503719 0.0481253 0.317857 0.0470813 0.796427 0.0469176 0.0474485 0.141243 0.25193 0.0467711 0.298056 0.315181 0.3234 0.316761 0.049903 0.316105 0.304341 0.046594 0.27849 0.313653 0.118889 0.408819 0.713369 0.174204 0.763746 0.506524 0.825443 0.340799 0.305618 0.339851 0.318649 1.19834 0.0476185 0.292125 0.0472975 0.313518 0.317575 0.0496689 0.761818 0.0463469 0.790363 0.28871 0.0462337 0.0471004 0.00234923 0.236292 0.0474017 0.426357 0.0468296 0.331328 0.0447846 
