  0.642788   0.766044          0 -0.0073004     0.766044    -0.642788 -1.22465e-16   0.00612577 -9.38134e-17  7.87188e-17           -1     0.226689 0 0 0 1         0 -0.350398  0.785398         0 -0.350398  0.785398 -0.611398    1.2204         0 -0.785398  0.785398         0 -0.785398  0.785398 -0.785398  0.785398
0.123365
0.290836
0
100
38
62
0.134311
0.314856
0.134101 0.114196 0.098228 0.10995 0.063211 0.158452 0.00883136 0.257919 0.14292 0.173266 0.122817 0.11457 0.161646 0.181999 0.107452 0.0661589 0.130139 0.114249 0.0405143 0.178411 0.193852 0.0683966 0.115247 0.108833 0.185728 0.254462 0.137963 0.115395 0.0255077 0.170252 0.0861547 0.181663 0.241617 0.165505 0.161597 0.123721 0.110923 0.113725 0.128177 0.146328 0.142129 0.178419 0.158884 0.175238 0.117635 0.112009 0.223323 0.18471 0.119159 0.0460965 0.23797 0.22381 0.23828 0.133878 0.0440572 0.113749 0.0869313 0.112362 0.1071 0.0349879 0.173318 0.049163 
0.31444 0.048531 0.0557377 0.0459725 0.0356013 0.289092 0.138595 1.26416 0.0470936 0.379434 0.261505 0.422165 0.318097 0.340184 0.0475259 0.283074 0.31693 0.0470683 0.425301 0.379923 0.520163 0.34046 0.0479262 0.0469496 0.325353 0.808504 0.139088 0.0472028 0.218791 0.325284 0.280791 0.317015 0.855967 0.33789 0.330967 0.601988 0.0472802 0.0473324 0.330052 0.30901 0.317476 0.314799 0.319137 0.320799 0.245658 0.0469618 0.773194 0.756421 0.32359 0.0381963 0.806697 0.755471 0.676841 0.320392 0.408018 0.0473023 0.0381422 0.0469469 0.118384 0.368848 0.351341 0.38803 
