  -0.34202  -0.939693          0 0.00895527    -0.939693      0.34202 -1.22465e-16  -0.00325945  1.15079e-16 -4.18854e-17           -1     0.226689 0 0 0 1         0 -0.350398  0.785398         0 -0.350398  0.785398 -0.611398    1.2204         0 -0.785398  0.785398         0 -0.785398  0.785398 -0.785398  0.785398
0.185807
0.344143
0
100
37
63
0.151888
0.359203
0.245535 0.108496 0.0660237 0.111546 0.171873 0.152751 0.104293 0.146763 0.0635545 0.178139 0.276128 0.00224462 0.160077 0.117936 0.183628 0.151131 0.206068 0.156004 0.0812363 0.134861 0.149246 0.10357 0.0336245 0.189204 0.164837 0.17667 0.161509 0.121137 0.115964 0.15696 0.114264 0.118486 0.0618848 0.209481 0.154804 0.24163 0.246762 0.187972 0.128138 0.184742 0.143838 0.283741 0.119506 0.104749 0.0881935 0.2275 0.0905888 0.157491 0.197169 0.194363 0.153089 0.149696 0.117092 0.110551 0.255475 0.234082 0.193332 0.231408 0.0175186 0.217193 0.197849 0.109569 0.135808 
0.785234 0.294929 0.387743 0.0468126 0.616234 0.286737 0.0457325 0.474715 0.448377 0.310556 1.2247 0.118908 0.315236 0.0503955 0.318994 0.283112 0.773292 0.294373 0.041036 0.334582 0.391297 0.0467336 0.0396209 0.414383 0.264276 0.300875 0.294189 0.0506804 0.0453767 0.295526 0.048282 0.049935 0.0396937 0.8167 0.306048 0.693155 0.786078 0.35673 0.230672 0.338626 0.333304 1.17109 0.114633 0.0364325 0.24073 0.753388 0.0409305 0.319418 0.3347 0.299439 0.337213 0.340944 0.277991 0.325061 0.740909 0.803752 0.571592 0.773736 0.126443 0.753994 0.319423 0.0469663 0.307124 
