        0.5    0.866025           0 -0.00825322     0.866025         -0.5 -1.22465e-16     0.004765 -1.06058e-16  6.12323e-17           -1     0.226689 0 0 0 1         0 -0.350398  0.785398         0 -0.350398  0.785398 -0.611398    1.2204         0 -0.785398  0.785398         0 -0.785398  0.785398 -0.785398  0.785398
0.188938
0.355535
0
100
26
74
0.147721
0.318127
0.112055 0.140324 0.047673 0.212346 0.0930328 0.121009 0.140638 0.188424 0.0835017 0.173822 0.163001 0.255926 0.109161 0.155039 0.167305 0.184631 0.13558 0.125536 0.244974 0.0152008 0.107309 0.178585 0.0633757 0.169752 0.172829 0.236896 0.111724 0.108581 0.172734 0.127822 0.1359 0.179848 0.172989 0.19659 0.13896 0.111407 0.144867 0.213569 0.109722 0.0876989 0.113986 0.182854 0.112346 0.112753 0.0831694 0.218708 0.118352 0.0777193 0.215406 0.09039 0.227948 0.111047 0.182697 0.102789 0.156665 0.231297 0.206993 0.111736 0.197943 0.179797 0.220174 0.154132 0.110614 0.192483 0.104122 0.117116 0.221637 0.157021 0.125969 0.108418 0.154111 0.129916 0.181645 0.109099 
0.0487868 0.296216 0.435588 0.725108 0.480479 0.237774 0.33453 0.716291 0.035935 0.323538 0.338458 0.791706 0.0470288 0.329651 0.284694 0.310133 0.326265 0.32262 0.809693 0.0523329 0.0473774 0.324256 0.405856 0.560793 0.576671 1.00987 0.0468899 0.0464521 0.289787 0.0450002 0.313481 0.283752 0.327401 0.751249 0.529052 0.0473393 0.259438 0.695396 0.0467838 0.041658 0.0502593 0.605942 0.332668 0.298819 0.0371946 0.795904 0.314046 0.0353834 0.392664 0.0386022 0.614899 0.0468578 0.279504 0.135243 0.301817 0.755421 0.33682 0.0474157 0.325718 0.322002 0.706104 0.283116 0.0472718 0.323205 0.252294 0.29886 0.355811 0.322468 0.050605 0.050856 0.307619 0.21258 0.321727 0.0463956 
