-7.87188e-17     0.642788     0.766044    -0.121808 1.55046e-16   -0.766044    0.642788  -0.0897682            1  1.69371e-16 -3.93594e-17  3.10902e-18 0 0 0 1         0 -0.437398    1.4814         0 -0.437398    1.4814 -0.350398    1.3944         0 -0.785398  0.785398         0 -0.785398  0.785398 -0.785398  0.785398
0.27655
0.392942
0
100
9
91
0.13789
0.208941
0.24962 0.104981 0.0626076 0.148731 0.0855183 0.0912651 0.243021 0.150468 0.134247 0.0968331 0.118585 0.157197 0.103506 0.0995813 0.134557 0.135326 0.0897574 0.0954599 0.140295 0.10507 0.119751 0.139556 0.114475 0.147142 0.0711982 0.105496 0.207928 0.0856244 0.109983 0.176614 0.243507 0.0756327 0.139007 0.121677 0.0646268 0.0587198 0.0823482 0.250592 0.0920589 0.144197 0.193257 0.191993 0.0860886 0.252425 0.119943 0.111867 0.130311 0.123789 0.101124 0.101788 0.258053 0.255247 0.11916 0.155068 0.147126 0.247282 0.117184 0.160374 0.103065 0.103624 0.0717665 0.238972 0.0975732 0.160631 0.144016 0.106532 0.0537639 0.27666 0.115949 0.114758 0.191369 0.0995193 0.124703 0.127241 0.13625 0.131965 0.129384 0.180232 0.101032 0.252172 0.108104 0.127641 0.11668 0.133675 0.190048 0.117456 0.0828223 0.137937 0.149988 0.24387 0.109708 
0.495109 0.0643045 0.0710223 0.252708 0.0650092 0.234942 0.48497 0.254893 0.252643 0.221581 0.130012 0.25716 0.0811895 0.0685753 0.179418 0.174306 0.218731 0.0787964 0.246916 0.259768 0.105576 0.124276 0.120166 0.26065 0.0694133 0.118668 0.384104 0.0270381 0.196974 0.281669 0.504256 0.227949 0.257374 0.233337 0.0690901 0.068461 0.0681643 0.472198 0.115471 0.130109 0.477614 0.22 0.0721442 0.483759 0.244861 0.114276 0.254572 0.108642 0.126926 0.215444 0.460929 0.363705 0.0682839 0.270271 0.331043 0.504414 0.117146 0.277912 0.0661139 0.0758407 0.066138 0.506735 0.10749 0.206782 0.198697 0.124091 0.0692708 0.451109 0.23098 0.1187 0.210739 0.0694619 0.166313 0.24231 0.34207 0.13183 0.231958 0.208615 0.0733131 0.50341 0.122328 0.0839471 0.132037 0.234841 0.215275 0.112521 0.0740059 0.214663 0.20106 0.495616 0.0864257 
