-0.642788 -0.766044         0 0.0073004    -0.766044     0.642788 -1.22465e-16  -0.00612577  9.38134e-17 -7.87188e-17           -1     0.226689 0 0 0 1         0 -0.350398  0.785398         0 -0.350398  0.785398 -0.611398    1.2204         0 -0.785398  0.785398         0 -0.785398  0.785398 -0.785398  0.785398
0.170523
0.337296
1.49012e-08
100
35
65
0.14445
0.304319
0.107463 0.127164 0.175279 0.130055 0.144424 0.0271931 0.106528 0.108357 0.153325 0.156296 0.180339 0.182057 0.235587 0.0179752 0.170163 0.249377 0.0914602 0.0497789 0.0373151 0.117064 0.103371 0.161254 0.107224 0.271322 0.114719 0.125265 0.119956 0.162843 0.176628 0.178597 0.117868 0.15356 0.1834 0.213071 0.123678 0.256748 0.14254 0.223555 0.118046 0.14837 0.188162 0.111201 0.160303 0.109333 0.233587 0.113062 0.156626 0.107062 0.231525 0.108407 0.0710037 0.145811 0.184011 0.0884694 0.182974 0.169891 0.174842 0.202956 0.0732604 0.177764 0.169444 0.171491 0.108245 0.0902545 0.0903299 
0.135132 0.318839 0.301793 0.331845 0.320463 0.287521 0.0466343 0.0466698 0.317068 0.304852 0.324273 0.334218 0.797817 0.122452 0.340618 0.774914 0.0391425 0.398234 0.403021 0.305628 0.0479616 0.298157 0.127243 1.20718 0.0472818 0.290974 0.04758 0.286319 0.314194 0.344769 0.322907 0.289557 0.319963 0.530677 0.131852 0.77913 0.313588 0.640438 0.0480472 0.33204 0.319271 0.0475435 0.326955 0.0464153 0.829483 0.0473726 0.316373 0.120504 0.92654 0.0491379 0.0340836 0.289013 0.323531 0.0388491 0.310939 0.283878 0.331604 0.748668 0.353462 0.349834 0.283862 0.30086 0.0472844 0.0420342 0.0422392 
