-1.06058e-16     0.866025          0.5   -0.0837592 1.22465e-16        -0.5    0.866025   -0.126015            1  1.53081e-16 -5.30288e-17  4.90459e-18 0 0 0 1         0 -0.350398    1.3944         0 -0.350398    1.3944 -0.437398    1.4814         0 -0.785398  0.785398         0 -0.785398  0.785398 -0.785398  0.785398
0.258763
0.376725
2.22045e-16
100
11
89
0.127075
0.205418
0.226075 0.183387 0.0878464 0.0994612 0.127128 0.202657 0.124497 0.0743889 0.137892 0.197624 0.133653 0.129598 0.141074 0.0718684 0.105838 0.0481534 0.0661499 0.230201 0.14038 0.106162 0.280204 0.246883 0.102266 0.182784 0.103207 0.145221 0.0571271 0.0662913 0.086598 0.078589 0.1326 0.0963294 0.0605533 0.14518 0.0577546 0.0907219 0.257739 0.0686621 0.0900867 0.132402 0.0958115 0.127531 0.179314 0.0810187 0.110195 0.0748075 0.133439 0.0585716 0.122865 0.101995 0.145095 0.0426944 0.0358014 0.201964 0.0858668 0.0649742 0.122222 0.232332 0.184186 0.0981287 0.0968768 0.0979072 0.0677813 0.186339 0.133534 0.248207 0.0981323 0.195288 0.0446382 0.264227 0.185816 0.120942 0.195654 0.0872479 0.134485 0.118177 0.193936 0.0458309 0.0875995 0.250822 0.102619 0.0961848 0.063627 0.0889419 0.0886964 0.258153 0.112037 0.1479 0.0839887 
0.389922 0.405161 0.115001 0.124734 0.363505 0.216134 0.348196 0.148272 0.285666 0.226886 0.277501 0.277265 0.301964 0.0826422 0.0726718 0.0698387 0.0640354 0.474285 0.28222 0.0792496 0.535028 0.45616 0.0724122 0.21719 0.114113 0.249462 0.0665113 0.0719536 0.312945 0.233546 0.229387 0.117501 0.0702326 0.247276 0.0699123 0.124691 0.398744 0.225345 0.20396 0.234443 0.135453 0.0767602 0.199064 0.123342 0.0716445 0.0698934 0.24665 0.0658471 0.192157 0.192766 0.245233 0.0643186 0.0642861 0.224104 0.128465 0.211413 0.236732 0.459731 0.20662 0.0772413 0.138482 0.344126 0.0734895 0.217443 0.242827 0.478148 0.0744238 0.204342 0.0680312 0.503395 0.21653 0.224769 0.223448 0.11493 0.24067 0.160424 0.208732 0.0631806 0.305308 0.393513 0.136358 0.194812 0.0657093 0.105522 0.130492 0.493291 0.128945 0.256669 0.126512 
