 -0.939693   -0.34202          0 0.00325945     -0.34202     0.939693 -1.22465e-16  -0.00895527  4.18854e-17 -1.15079e-16           -1     0.226689 0 0 0 1         0 -0.350398  0.785398         0 -0.350398  0.785398 -0.611398    1.2204         0 -0.785398  0.785398         0 -0.785398  0.785398 -0.785398  0.785398
0.17444
0.345597
0
100
42
58
0.139184
0.263364
0.196879 0.183186 0.106513 0.0896974 0.109854 0.147972 0.162229 0.177429 0.107665 0.157862 0.189123 0.142856 0.111256 0.170858 0.084921 0.115962 0.109732 0.135664 0.161905 0.194442 0.210768 0.0151677 0.158621 0.107578 0.175921 0.167893 0.147572 0.119757 0.164857 0.138452 0.139695 0.182686 0.107929 0.0154333 0.146819 0.125623 0.117081 0.260802 0.175347 0.12599 0.108659 0.00311806 0.182687 0.137981 0.134824 0.120068 0.108351 0.16464 0.154627 0.1382 0.18049 0.112327 0.0146913 0.163579 0.17547 0.183168 0.149582 0.180197 
0.769797 0.330516 0.0468752 0.368854 0.0466469 0.309065 0.292523 0.3357 0.0470234 0.295154 0.316384 0.536588 0.0467317 0.652122 0.0406261 0.119081 0.0467142 0.305561 0.311856 0.521 0.646707 0.152093 0.331185 0.0461288 0.337093 0.275447 0.326807 0.0502562 0.258593 0.318817 0.269252 0.33626 0.0465571 0.119025 0.496104 0.120912 0.0449185 0.830165 0.321266 0.303556 0.0465892 0.121244 0.290812 0.341682 0.280284 0.049901 0.0457766 0.313168 0.293206 0.128614 0.296874 0.0453531 0.109772 0.290975 0.288644 0.315806 0.342552 0.303908 
