          0          -1 1.22465e-16     0.00953 -6.12323e-17  1.22465e-16            1    -0.151012           -1  -7.4988e-33 -6.12323e-17  7.34788e-18 0 0 0 1         0 -0.350398    1.3944         0 -0.350398    1.3944 -0.350398    1.3944         0 -0.785398  0.785398         0 -0.785398  0.785398 -0.785398  0.785398
0.276476
0.446094
2.22045e-16
100
18
82
0.148187
0.240211
0.178816 0.131244 0.259862 0.192807 0.270134 0.277502 0.130208 0.102645 0.207461 0.16421 0.191346 0.0634859 0.138098 0.18876 0.109499 0.0606062 0.137825 0.132492 0.155291 0.206348 0.145808 0.246959 0.104876 0.172435 0.123115 0.10886 0.149725 0.115069 0.109653 0.0796261 0.135658 0.147674 0.0590167 0.193746 0.164009 0.107077 0.119305 0.265655 0.134857 0.114682 0.131661 0.120511 0.112218 0.116466 0.114053 0.11987 0.107148 0.122741 0.251084 0.103896 0.117675 0.229474 0.130445 0.137856 0.130748 0.116245 0.137546 0.0406873 0.0515456 0.108507 0.276849 0.166659 0.189771 0.127876 0.267911 0.115031 0.118187 0.154845 0.062731 0.19598 0.165062 0.193508 0.0898101 0.104474 0.139074 0.256232 0.186035 0.254389 0.124146 0.0526871 0.129912 0.183361 
0.220014 0.275946 0.533449 0.220447 0.532396 0.536367 0.14656 0.185539 0.404559 0.33454 0.219914 0.237695 0.161391 0.219892 0.0802753 0.0532673 0.29312 0.290742 0.294574 0.203315 0.288635 0.527748 0.188164 0.213143 0.282403 0.0861962 0.176094 0.0939561 0.0623028 0.0550607 0.280757 0.313556 0.0575033 0.389321 0.255264 0.0827663 0.150283 0.534624 0.274353 0.0830667 0.128519 0.140077 0.0820069 0.273325 0.158998 0.136532 0.080174 0.127613 0.508912 0.0775649 0.155666 0.408354 0.296375 0.401433 0.280233 0.113075 0.3413 0.0550824 0.058551 0.210534 0.534416 0.39542 0.223508 0.0779651 0.551821 0.195267 0.149991 0.332804 0.0454872 0.240617 0.158119 0.223818 0.187215 0.19476 0.26045 0.554361 0.222149 0.522184 0.15389 0.135038 0.150362 0.314174 
