       -0.5    0.866025           0 -0.00825322     0.866025          0.5 -1.22465e-16    -0.004765 -1.06058e-16 -6.12323e-17           -1     0.226689 0 0 0 1         0 -0.350398  0.785398         0 -0.350398  0.785398 -0.611398    1.2204         0 -0.785398  0.785398         0 -0.785398  0.785398 -0.785398  0.785398
0.182198
0.319644
0
100
41
59
0.142985
0.28085
0.153704 0.110037 0.188765 0.162414 0.143404 0.148672 0.11022 0.110653 0.156745 0.126163 0.11178 0.143585 0.167794 0.0784282 0.228991 0.26059 0.0858403 0.00900801 0.114359 0.183084 0.148775 0.138998 0.167998 0.108836 0.113263 0.108125 0.116672 0.11655 0.114732 0.183003 0.131875 0.21139 0.159761 0.17711 0.187843 0.106347 0.108684 0.159973 0.145508 0.0496586 0.207936 0.202826 0.110388 0.183351 0.150944 0.10646 0.116641 0.171029 0.149955 0.182184 0.10624 0.186712 0.103371 0.0742341 0.227543 0.157796 0.109635 0.110651 0.228898 
0.284314 0.132848 0.695872 0.305389 0.25162 0.675467 0.049362 0.045877 0.291855 0.249131 0.0467193 0.320544 0.319001 0.0433851 0.745162 0.782293 0.0386533 0.154289 0.0466066 0.625416 0.264002 0.325378 0.30539 0.048161 0.0471248 0.0491533 0.31037 0.0467309 0.292051 0.327077 0.317769 0.694144 0.27797 0.339083 0.316983 0.40396 0.0467992 0.320047 0.319429 0.0362098 0.338679 0.326315 0.0480638 0.304989 0.320314 0.0473628 0.434806 0.32549 0.298129 0.310491 0.0474323 0.356207 0.372616 0.0422883 0.654701 0.257816 0.0465473 0.0464458 0.799827 
