 0.866025       0.5         0 -0.004765          0.5    -0.866025 -1.22465e-16   0.00825322 -6.12323e-17  1.06058e-16           -1     0.226689 0 0 0 1         0 -0.350398  0.785398         0 -0.350398  0.785398 -0.611398    1.2204         0 -0.785398  0.785398         0 -0.785398  0.785398 -0.785398  0.785398
0.157488
0.338776
0
100
37
63
0.154713
0.340899
0.119964 0.163028 0.156459 0.102674 0.171157 0.10281 0.186739 0.141293 0.059549 0.114578 0.278366 0.235727 0.157662 0.163763 0.186288 0.117137 0.116805 0.107923 0.171837 0.245076 0.10075 0.203187 0.113776 0.111008 0.172793 0.148584 0.141486 0.140104 0.173939 0.152401 0.0724681 0.19199 0.108465 0.149493 0.112369 0.16845 0.112532 0.181074 0.137877 0.113488 0.258709 0.144621 0.209691 0.218973 0.259652 0.140066 0.0564648 0.15879 0.203902 0.128085 0.261004 0.1544 0.170394 0.238507 0.0809463 0.197962 0.243324 0.0751323 0.172715 0.0828591 0.0405706 0.118403 0.226652 
0.0510881 0.285494 0.292247 0.506666 0.322151 0.0473122 0.329408 0.121291 0.372934 0.298825 1.19018 0.782519 0.279472 0.342788 0.343105 0.048695 0.0518604 0.0468453 0.279908 0.632106 0.0483957 0.332436 0.0497814 0.0466496 0.30293 0.136863 0.328692 0.328326 0.324916 0.283777 0.425826 0.274137 0.04714 0.319596 0.134379 0.321461 0.0465337 0.332379 0.324034 0.0479612 0.792485 0.322834 0.724127 0.755287 0.785496 0.308214 0.0310009 0.310824 0.347976 0.340997 0.808708 0.302937 0.318976 0.775538 0.299915 0.355294 0.837891 0.262373 0.254134 0.17394 0.488593 0.0497926 0.74818 
