-1.15079e-16     0.939693      0.34202   -0.0606044 1.03118e-16    -0.34202    0.939693   -0.138645            1  1.43407e-16 -5.75396e-17  5.53808e-18 0 0 0 1         0 -0.350398    1.3944         0 -0.350398    1.3944 -0.437398    1.4814         0 -0.785398  0.785398         0 -0.785398  0.785398 -0.785398  0.785398
0.27384
0.603583
2.22045e-16
100
21
79
0.13577
0.230349
0.199017 0.117133 0.111814 0.199183 0.122096 0.135804 0.104597 0.0409486 0.25643 0.0854047 0.0598837 0.0858721 0.253743 0.217257 0.237434 0.0825897 0.118897 0.100791 0.0871776 0.133411 0.141119 0.20119 0.263655 0.0962369 0.0869973 0.10665 0.101721 0.248827 0.267824 0.085128 0.0807836 0.124532 0.106881 0.105015 0.0812688 0.0904925 0.158142 0.20378 0.225434 0.162042 0.263904 0.0833346 0.142435 0.2561 0.228279 0.0657343 0.126648 0.104182 0.242381 0.146078 0.137517 0.244327 0.0911358 0.0879742 0.0234273 0.0130101 0.185463 0.0704791 0.00190594 0.0844913 0.19614 0.103894 0.0975758 0.0895728 0.111649 0.104023 0.119507 0.0863337 0.0751103 0.0665809 0.187802 0.251391 0.159364 0.112769 0.093663 0.0994048 0.121408 0.124648 0.239012 
0.372484 0.218969 0.0799583 0.313251 0.208891 0.311774 0.131702 0.0598794 0.4102 0.233073 0.230292 0.134679 0.35776 0.21471 0.442822 0.0643753 0.147438 0.29875 0.119319 0.200791 0.297129 0.384056 0.311102 0.0776595 0.0716136 0.346409 0.224813 0.372685 0.52163 0.055308 0.0615763 0.254269 0.32923 0.134593 0.127617 0.0672008 0.299892 0.21253 0.391032 0.248642 0.538654 0.0726051 0.283349 0.524951 0.374547 0.066185 0.288083 0.134592 0.374615 0.219337 0.298021 0.466756 0.355442 0.0641734 0.112372 0.107757 0.220311 0.0579015 0.138408 0.321343 0.217707 0.131954 0.265273 0.142569 0.13553 0.236054 0.284432 0.0773118 0.060053 0.229111 0.207671 0.294751 0.333144 0.137489 0.0743047 0.132872 0.246978 0.269444 0.361449 
