-0.866025      -0.5         0  0.004765         -0.5     0.866025 -1.22465e-16  -0.00825322  6.12323e-17 -1.06058e-16           -1     0.226689 0 0 0 1         0 -0.350398  0.785398         0 -0.350398  0.785398 -0.611398    1.2204         0 -0.785398  0.785398         0 -0.785398  0.785398 -0.785398  0.785398
0.181656
0.357961
0
100
38
62
0.156302
0.326833
0.186724 0.129971 0.112325 0.115375 0.110673 0.161608 0.18941 0.176521 0.17787 0.112095 0.171233 0.186786 0.136494 0.271431 0.184797 0.162893 0.113199 0.174395 0.238903 0.186269 0.143091 0.186921 0.102918 0.0807039 0.118733 0.188122 0.193464 0.119282 0.167599 0.16238 0.114609 0.136604 0.187405 0.229024 0.238712 0.206225 0.17104 0.106232 0.104712 0.0906798 0.20536 0.138647 0.182844 0.108707 0.117294 0.106862 0.107515 0.160588 0.180899 0.152374 0.0404337 0.175796 0.183366 0.241422 0.172842 0.229894 0.249366 0.162893 0.0145435 0.118156 0.124977 0.168547 
0.309825 0.332533 0.0489036 0.0468602 0.0496707 0.711057 0.314289 0.316473 0.299678 0.119001 0.377505 0.41979 0.244042 1.21815 0.337376 0.328411 0.0479459 0.348412 0.785521 0.356277 0.335244 0.300357 0.282477 0.236402 0.0513611 0.317214 0.318933 0.0452369 0.262119 0.345669 0.0473134 0.324668 0.593321 0.747756 0.767382 0.615197 0.323434 0.0471636 0.0468317 0.410962 0.353905 0.313444 0.327814 0.0479148 0.0507433 0.0486375 0.0473736 0.322763 0.343916 0.311065 0.403188 0.340936 0.309895 0.79867 0.342354 0.659425 0.779982 0.264451 0.0658832 0.0444442 0.0508971 0.60516 
