        0 -0.642788  0.766044 -0.109556 -6.12323e-17     0.766044     0.642788    -0.104369           -1 -4.69067e-17 -3.93594e-17  5.17015e-18 0 0 0 1         0 -0.350398    1.3944         0 -0.350398    1.3944 -0.437398    1.4814         0 -0.785398  0.785398         0 -0.785398  0.785398 -0.785398  0.785398
0.264921
0.491578
0
100
11
89
0.141656
0.216103
0.106342 0.117368 0.269671 0.0507625 0.100929 0.240553 0.134558 0.268539 0.115344 0.139258 0.120053 0.106732 0.259692 0.256684 0.139543 0.0702364 0.201958 0.12645 0.184279 0.159665 0.116784 0.137233 0.0890627 0.134177 0.116563 0.14036 0.11539 0.177697 0.154006 0.147768 0.149723 0.103577 0.126439 0.259048 0.13157 0.245959 0.134832 0.0910703 0.0562064 0.245137 0.248317 0.10647 0.128063 0.108014 0.0539018 0.105761 0.124068 0.185428 0.106867 0.0887577 0.0454718 0.24524 0.188558 0.12494 0.0882794 0.12452 0.145727 0.260463 0.109834 0.0790963 0.133508 0.114508 0.195988 0.0982545 0.201533 0.133071 0.0994639 0.143731 0.114038 0.149251 0.127055 0.11091 0.130674 0.226705 0.256524 0.0622018 0.131166 0.135926 0.121631 0.116213 0.114026 0.10127 0.0865367 0.156486 0.149501 0.102229 0.117272 0.137592 0.131108 
0.127991 0.115251 0.588795 0.0682924 0.0711857 0.391182 0.246724 0.40208 0.334266 0.255081 0.127922 0.121145 0.531014 0.438819 0.257656 0.0659561 0.208095 0.136527 0.217562 0.289441 0.109696 0.249552 0.0707222 0.120006 0.131959 0.35288 0.123654 0.357052 0.28362 0.266118 0.335397 0.1223 0.177221 0.422962 0.223215 0.473444 0.256337 0.0729094 0.0693457 0.48517 0.478286 0.0663299 0.251211 0.124048 0.0688094 0.434058 0.0779426 0.211916 0.122023 0.236932 0.0679618 0.413355 0.213066 0.123621 0.210124 0.155174 0.237598 0.367858 0.119913 0.0666884 0.227947 0.0763304 0.230876 0.0496589 0.41884 0.240185 0.075285 0.248542 0.121466 0.240494 0.0765151 0.0722652 0.120794 0.420936 0.500389 0.0717494 0.073428 0.267286 0.217147 0.215536 0.21965 0.0678509 0.0664151 0.198033 0.309299 0.0746553 0.0737977 0.335625 0.176675 
