      -0.5  -0.866025          0 0.00825322    -0.866025          0.5 -1.22465e-16    -0.004765  1.06058e-16 -6.12323e-17           -1     0.226689 0 0 0 1         0 -0.350398  0.785398         0 -0.350398  0.785398 -0.611398    1.2204         0 -0.785398  0.785398         0 -0.785398  0.785398 -0.785398  0.785398
0.175174
0.352489
0
100
31
69
0.139531
0.250254
0.109213 0.109021 0.10822 0.142581 0.158609 0.122788 0.183163 0.132813 0.117222 0.0157379 0.103857 0.111659 0.175575 0.217384 0.151437 0.161798 0.146587 0.158846 0.14379 0.110585 0.170663 0.123071 0.113914 0.0969118 0.198957 0.160026 0.227981 0.185218 0.176783 0.175795 0.112854 0.111155 0.115671 0.138822 0.112895 0.169766 0.112198 0.192218 0.0571359 0.146781 0.127434 0.105122 0.110785 0.162104 0.153448 0.0938416 0.192623 0.131585 0.0273213 0.116206 0.129768 0.114053 0.171536 0.186129 0.103523 0.111057 0.147236 0.181704 0.164554 0.178205 0.088652 0.136771 0.185307 0.246852 0.105677 0.0409742 0.147357 0.215603 0.172515 
0.0472198 0.0469617 0.338529 0.305985 0.334021 0.22473 0.317534 0.246586 0.26576 0.0592668 0.0461988 0.0483945 0.353291 0.796244 0.30471 0.328426 0.318201 0.265706 0.247811 0.047109 0.377185 0.0450264 0.0468312 0.29014 0.314906 0.298393 0.746245 0.348026 0.333405 0.322994 0.0468301 0.0468055 0.0469098 0.133119 0.0487082 0.306823 0.0481285 0.33609 0.0392487 0.334413 0.313123 0.0490489 0.0473012 0.288332 0.347432 0.0466104 0.351171 0.442471 0.132087 0.287708 0.32487 0.0467147 0.330085 0.310052 0.0466931 0.0471491 0.318417 0.337836 0.308265 0.262444 0.0437712 0.510522 0.309338 0.79113 0.0471005 0.467192 0.338653 0.333557 0.335522 
