-9.38134e-17     0.766044     0.642788    -0.104369 1.39951e-16   -0.642788    0.766044   -0.109556            1  1.61824e-16 -4.69067e-17  4.08662e-18 0 0 0 1         0 -0.350398    1.3944         0 -0.350398    1.3944 -0.437398    1.4814         0 -0.785398  0.785398         0 -0.785398  0.785398 -0.785398  0.785398
0.276771
0.371314
0
100
15
85
0.131556
0.186335
0.124265 0.142721 0.0833692 0.0563837 0.132657 0.108078 0.115274 0.118011 0.257129 0.118083 0.107421 0.109025 0.185673 0.214722 0.18459 0.250788 0.187778 0.0736809 0.0612824 0.133774 0.110959 0.182334 0.114843 0.11345 0.143128 0.127901 0.151553 0.104614 0.129834 0.105381 0.207829 0.0833157 0.148632 0.121071 0.236803 0.147671 0.250588 0.125421 0.0578842 0.101236 0.0616961 0.0568999 0.0926544 0.141338 0.0862875 0.249694 0.16571 0.143692 0.121647 0.107702 0.108894 0.0637158 0.109234 0.116651 0.155707 0.269969 0.0503461 0.192935 0.110644 0.111296 0.176587 0.103997 0.106212 0.141546 0.0665723 0.12164 0.0772868 0.0985435 0.131772 0.178935 0.11808 0.144256 0.0907357 0.113467 0.252648 0.080535 0.246593 0.0673795 0.108424 0.117513 0.10721 0.150658 0.104206 0.115981 0.115589 
0.0787657 0.245995 0.136622 0.0672925 0.224608 0.126529 0.0750674 0.0768522 0.427436 0.0754786 0.297201 0.159985 0.218379 0.431964 0.214087 0.404133 0.383647 0.0708491 0.0710813 0.231321 0.13431 0.274103 0.138439 0.0766194 0.240735 0.193932 0.264061 0.129775 0.2376 0.127688 0.226006 0.0722842 0.236717 0.0746615 0.47876 0.215336 0.500103 0.235083 0.107431 0.134472 0.0514165 0.0669039 0.127452 0.248539 0.147124 0.388266 0.208932 0.36247 0.13667 0.121533 0.0721408 0.0711231 0.0731254 0.103 0.308753 0.383236 0.070631 0.22097 0.17417 0.128598 0.214162 0.129257 0.0753454 0.243414 0.0676257 0.23801 0.0694713 0.0441611 0.252291 0.304686 0.111857 0.248741 0.043956 0.0817789 0.450074 0.0752681 0.473928 0.0661137 0.313375 0.131674 0.107728 0.264025 0.0664741 0.117206 0.0674179 
