 -0.766044  -0.642788          0 0.00612577    -0.642788     0.766044 -1.22465e-16   -0.0073004  7.87188e-17 -9.38134e-17           -1     0.226689 0 0 0 1         0 -0.350398  0.785398         0 -0.350398  0.785398 -0.611398    1.2204         0 -0.785398  0.785398         0 -0.785398  0.785398 -0.785398  0.785398
0.165553
0.34656
0
100
44
56
0.138657
0.306179
0.11213 0.160131 0.172323 0.140402 0.114657 0.0817499 0.141639 0.12477 0.066969 0.270246 0.0085899 0.193984 0.242881 0.137001 0.111564 0.10841 0.16246 0.108375 0.12513 0.172722 0.0906767 0.0178445 0.129449 0.105996 0.112058 0.125126 0.113549 0.161778 0.149504 0.240972 0.246986 0.0644469 0.11362 0.246286 0.129419 0.029319 0.11959 0.236652 0.109296 0.114877 0.13511 0.0820893 0.163306 0.112875 0.135248 0.18276 0.175422 0.123206 0.178635 0.115755 0.119965 0.121044 0.232318 0.220186 0.11055 0.142731 
0.0468674 0.29545 0.298533 0.26094 0.0467669 0.116783 0.320847 0.342702 0.0347921 1.31581 0.158802 0.3383 0.810496 0.323893 0.0487301 0.0470283 0.319666 0.0471695 0.312192 0.313519 0.0403146 0.0511388 0.308216 0.317258 0.047922 0.297926 0.0486666 0.313932 0.315478 0.727454 0.819723 0.409632 0.320319 0.824899 0.334943 0.0400908 0.330857 0.679661 0.0472567 0.0477973 0.328703 0.418446 0.330478 0.0468182 0.261848 0.624746 0.30929 0.0500603 0.322841 0.0481078 0.483952 0.0495927 0.639678 0.757248 0.0471669 0.304259 
