   0.173648    0.984808           0 -0.00938522     0.984808    -0.173648 -1.22465e-16   0.00165487 -1.20604e-16  2.12658e-17           -1     0.226689 0 0 0 1         0 -0.350398  0.785398         0 -0.350398  0.785398 -0.611398    1.2204         0 -0.785398  0.785398         0 -0.785398  0.785398 -0.785398  0.785398
0.17659
0.37223
0
100
36
64
0.139903
0.281856
0.11078 0.0497762 0.147405 0.169953 0.226286 0.168263 0.152874 0.178933 0.125976 0.00512976 0.247589 0.182322 0.110383 0.153496 0.136195 0.0882805 0.152976 0.122678 0.251241 0.146242 0.115521 0.0861708 0.108454 0.0263382 0.104528 0.0974147 0.23805 0.12927 0.173315 0.178278 0.245039 0.144007 0.110404 0.251976 0.171932 0.0996586 0.065595 0.105963 0.124503 0.10677 0.149473 0.113105 0.13828 0.102998 0.222276 0.194284 0.108573 0.154613 0.141835 0.109496 0.0670293 0.156821 0.156231 0.113061 0.176085 0.142643 0.11586 0.184627 0.0867386 0.106149 0.191361 0.104931 0.165863 0.141485 
0.0473707 0.420821 0.31656 0.270508 0.678514 0.308456 0.126838 0.305889 0.130578 0.113108 0.79762 0.308659 0.0455825 0.33146 0.313453 0.126694 0.324542 0.0512375 0.798723 0.14314 0.26074 0.0409808 0.0455494 0.381533 0.0455059 0.260229 0.792666 0.493121 0.333049 0.377139 0.775821 0.318938 0.045519 0.776136 0.320151 0.0410831 0.390346 0.044619 0.491373 0.0454066 0.31422 0.338756 0.282274 0.0442745 0.62161 0.302694 0.0454241 0.262482 0.305446 0.045669 0.401832 0.291929 0.323798 0.282177 0.320399 0.130143 0.22806 0.342739 0.037186 0.0452899 0.329207 0.046203 0.344236 0.113082 
