 0.642788 -0.766044         0 0.0073004    -0.766044    -0.642788 -1.22465e-16   0.00612577 9.38134e-17 7.87188e-17          -1    0.226689 0 0 0 1         0 -0.350398  0.785398         0 -0.350398  0.785398 -0.611398    1.2204         0 -0.785398  0.785398         0 -0.785398  0.785398 -0.785398  0.785398
0.166975
0.333877
0
100
34
66
0.138123
0.29678
0.183346 0.151259 0.0516136 0.124535 0.166733 0.172311 0.0634436 0.105733 0.113919 0.110345 0.174437 0.16473 0.176786 0.253693 0.283245 0.0147008 0.138242 0.00788807 0.20279 0.111457 0.1572 0.040233 0.0533167 0.176491 0.178641 0.00681413 0.162062 0.147968 0.112392 0.104858 0.110118 0.202922 0.174112 0.179809 0.248765 0.161682 0.112638 0.236542 0.102653 0.0235064 0.109418 0.156104 0.103652 0.110993 0.110414 0.107289 0.182541 0.142034 0.105291 0.108826 0.132231 0.11422 0.129899 0.1289 0.146338 0.210477 0.183629 0.231236 0.111804 0.154365 0.110391 0.194744 0.160462 0.114307 0.123712 0.168908 
0.321723 0.299433 0.245193 0.316728 0.355554 0.28929 0.398264 0.0470309 0.0467782 0.0481644 0.327841 0.330427 0.285835 0.779969 1.29674 0.058628 0.321377 0.108802 0.661798 0.046649 0.282198 0.293815 0.441789 0.316335 0.690113 0.13028 0.333233 0.298008 0.0460548 0.0436302 0.0462406 0.690734 0.31581 0.287566 0.613148 0.28303 0.246469 0.830052 0.0457397 0.129736 0.0465095 0.302304 0.278928 0.0473832 0.0476808 0.0472728 0.30118 0.312222 0.047561 0.046879 0.437381 0.24531 0.134664 0.4154 0.127624 0.993092 0.256546 0.773731 0.0463689 0.323235 0.0464518 0.331144 0.339048 0.0472013 0.31859 0.323556 
