    0.34202    0.939693           0 -0.00895527     0.939693     -0.34202 -1.22465e-16   0.00325945 -1.15079e-16  4.18854e-17           -1     0.226689 0 0 0 1         0 -0.350398  0.785398         0 -0.350398  0.785398 -0.611398    1.2204         0 -0.785398  0.785398         0 -0.785398  0.785398 -0.785398  0.785398
0.134774
0.295763
0
100
34
66
0.145174
0.30196
0.134651 0.248156 0.15618 0.017597 0.208934 0.182893 0.156174 0.10734 0.111154 0.158739 0.187749 0.122007 0.114474 0.128007 0.108548 0.0882418 0.115585 0.259188 0.0797737 0.0467369 0.162369 0.119106 0.163389 0.106544 0.0755634 0.161428 0.173093 0.166951 0.179771 0.106688 0.0866218 0.139621 0.181028 0.232792 0.158812 0.1418 0.177215 0.0245096 0.160622 0.11115 0.181357 0.108938 0.182212 0.164597 0.113759 0.127406 0.0745913 0.154767 0.155023 0.198675 0.149322 0.139854 0.165662 0.123479 0.115614 0.187631 0.174262 0.111285 0.22833 0.175286 0.179967 0.165579 0.244308 0.121557 0.108502 0.168346 
0.474682 0.800718 0.280421 0.0636355 0.333503 0.323075 0.340317 0.0454299 0.0446291 0.285805 0.317686 0.304377 0.049345 0.247351 0.0457353 0.254732 0.310144 0.845529 0.229408 0.386037 0.334431 0.702305 0.356414 0.0471772 0.0428864 0.303589 0.314844 0.296479 0.316015 0.0465494 0.281927 0.267184 0.310739 0.741113 0.345715 0.276914 0.294162 0.060444 0.23954 0.0467458 0.329425 0.0458871 0.328021 0.310206 0.047378 0.290676 0.263155 0.293351 0.32664 0.32472 0.282227 0.324235 0.253064 0.303245 0.267548 0.77457 0.329643 0.0476108 0.784126 0.300092 0.306288 0.310377 0.778652 0.334718 0.0454946 0.32027 
