  0.984808  -0.173648          0 0.00165487    -0.173648    -0.984808 -1.22465e-16   0.00938522 2.12658e-17 1.20604e-16          -1    0.226689 0 0 0 1         0 -0.350398  0.785398         0 -0.350398  0.785398 -0.611398    1.3074         0 -0.785398  0.785398         0 -0.785398  0.785398 -0.785398  0.785398
0.194856
0.355933
0
100
29
71
0.126484
0.306445
0.0192567 0.187252 0.174812 0.0654134 0.188219 0.184697 0.111223 0.0845394 0.112761 0.107492 0.159905 0.00274675 0.115085 0.125108 0.143776 0.14459 0.186058 0.162561 0.147966 0.0370333 0.245564 0.113051 0.171255 0.0403158 0.111755 0.178424 0.235634 0.0438223 0.133137 0.228904 0.0192568 0.190142 0.104923 0.111644 0.0537347 0.106463 0.162644 0.118967 0.0761523 0.126498 0.0900129 0.0190188 0.0667618 0.279559 0.174936 0.0187463 0.120222 0.188307 0.052362 0.0748539 0.111395 0.108593 0.119232 0.151108 0.0188148 0.182143 0.0988679 0.0150981 0.136958 0.11083 0.181021 0.240881 0.196642 0.10987 0.156941 0.15614 0.24097 0.104003 0.114921 0.176199 0.132206 
0.0512185 0.321387 0.357606 0.385021 0.577658 0.342905 0.0463633 0.0352386 0.046612 0.0469154 0.791665 0.116149 0.0467829 0.134427 0.312547 0.447158 0.232285 0.284947 0.303752 0.483602 0.796077 0.050808 0.290926 0.423781 0.0461138 0.770246 0.793625 0.321601 0.333058 0.72555 0.0625087 0.75032 0.184221 0.0470356 0.393812 0.0463235 0.303934 0.0505128 0.0439127 0.46648 0.182413 0.0722733 0.361012 1.10553 0.289978 0.0570922 0.0500557 0.32888 0.00329321 0.220312 0.0468811 0.046059 0.0501554 0.320792 0.0541919 0.982867 0.282453 0.105218 0.65759 0.0470741 0.308147 0.738759 0.758559 0.0466495 0.298487 0.317693 0.573009 0.0464631 0.503726 0.231272 0.405656 
