        0      -0.5  0.866025 -0.126015 -6.12323e-17     0.866025          0.5   -0.0837592           -1 -5.30288e-17 -3.06162e-17   4.1793e-18 0 0 0 1         0 -0.350398    1.3944         0 -0.350398    1.3944 -0.437398    1.4814         0 -0.785398  0.785398         0 -0.785398  0.785398 -0.785398  0.785398
0.279491
0.378426
0
100
14
86
0.134307
0.196372
0.00439106 0.117205 0.110723 0.186821 0.103662 0.0700885 0.136153 0.103103 0.239042 0.246665 0.101378 0.146308 0.140505 0.075965 0.189394 0.22669 0.10272 0.0853854 0.182919 0.243947 0.0813597 0.103305 0.0825251 0.103656 0.0984079 0.0613206 0.124543 0.08866 0.0968301 0.123686 0.10262 0.0996327 0.134174 0.0681149 0.0737137 0.0902812 0.0971655 0.0599862 0.150019 0.0570572 0.1183 0.125424 0.204775 0.168501 0.2242 0.087857 0.11485 0.101221 0.0363983 0.0865057 0.0907057 0.127672 0.0468194 0.0929826 0.189198 0.0927113 0.0995625 0.19596 0.0990698 0.198235 0.101932 0.189587 0.217114 0.25204 0.253233 0.132452 0.0545832 0.259244 0.0957792 0.184212 0.111541 0.249878 0.184436 0.109782 0.0790797 0.152708 0.234535 0.250848 0.145401 0.259294 0.105578 0.0497695 0.221606 0.0818208 0.246453 0.116402 
0.115289 0.136527 0.0676523 0.355877 0.1849 0.0754196 0.197551 0.116956 0.487329 0.520596 0.177574 0.201057 0.244835 0.0499139 0.21517 0.259314 0.180786 0.0707848 0.209325 0.487764 0.0686105 0.0709677 0.243704 0.133962 0.120105 0.0688897 0.220236 0.0722064 0.130741 0.173133 0.116759 0.11785 0.25184 0.0728153 0.0644882 0.0918384 0.11613 0.070045 0.303952 0.0679558 0.215541 0.149894 0.224387 0.334971 0.277347 0.0762605 0.159336 0.0740681 0.0665336 0.120837 0.120065 0.2258 0.067652 0.0758624 0.211568 0.173501 0.138576 0.203768 0.122658 0.225478 0.131349 0.371838 0.250619 0.38735 0.341344 0.236413 0.0621143 0.467181 0.123498 0.193304 0.137767 0.383178 0.218227 0.135121 0.0681818 0.241185 0.401137 0.495518 0.227992 0.479339 0.136175 0.0668694 0.428361 0.107533 0.470113 0.131298 
