 -0.984808  -0.173648          0 0.00165487    -0.173648     0.984808 -1.22465e-16  -0.00938522  2.12658e-17 -1.20604e-16           -1     0.226689 0 0 0 1         0 -0.350398  0.785398         0 -0.350398  0.785398 -0.611398    1.3074         0 -0.785398  0.785398         0 -0.785398  0.785398 -0.785398  0.785398
0.195376
0.358528
0
100
34
66
0.127939
0.272715
0.101814 0.106075 0.193934 0.114923 0.21521 0.183781 0.198028 0.175096 0.211742 0.191093 0.105409 0.0201151 0.101919 0.11902 0.111219 0.0174957 0.16388 0.168181 0.175136 0.103612 0.152832 0.186807 0.185511 0.156405 0.144899 0.125965 0.174019 0.0246481 0.0796939 0.094907 0.00533513 0.0160837 0.118162 0.00602178 0.108384 0.210052 0.106231 0.0188327 0.133569 0.170473 0.15411 0.116872 0.143323 0.15927 0.220684 0.131578 0.0894032 0.017752 0.043902 0.182609 0.0981336 0.247637 0.155873 0.107683 0.145804 0.139487 0.103279 0.271692 0.10652 0.0171912 0.181858 0.102563 0.178377 0.116105 0.103595 0.112129 
0.0455859 0.046479 0.309856 0.044529 0.66652 0.318565 0.331 0.315729 0.355485 0.328817 0.0463623 0.0706549 0.0462293 0.294583 0.0466786 0.0602857 0.32909 0.301732 0.294196 0.259784 0.311724 0.349415 0.32493 0.306882 0.330393 0.260872 0.580133 0.384981 0.248873 0.339552 0.136685 0.0471219 0.045443 0.127444 0.0461478 0.654344 0.0456458 0.00380859 0.265985 0.309313 0.528806 0.479417 0.140668 0.267656 0.583339 0.310646 0.309284 0.0721814 0.437679 0.311524 0.27571 0.552901 0.324979 0.0467358 0.331574 0.289023 0.311489 1.15235 0.0473089 0.00315128 0.306883 0.046951 0.378315 0.325532 0.486079 0.047132 
