0 42.074 93.543 42.718 0.06304 0.2134 0.38628 0.89514
1 19.434 119.866 73.5 0.59948 -0.28588 0.41552 0.62148
2 30.327 127.008 96.304 0.94687 0.31864 -0.00261 -0.04365
0 33.092 93.218 41.331 0.069 0.14597 0.38281 0.90961
1 19.421 119.83 73.564 0.59952 -0.28582 0.41524 0.62166
2 30.2 126.973 96.365 0.94687 0.31876 -0.0031 -0.04272
0 22.342 97.801 42.797 0.11994 0.16259 0.33781 0.91927
1 19.384 119.883 73.541 0.59941 -0.28557 0.41521 0.6219
2 30.273 127.034 96.312 0.94692 0.31853 -0.00265 -0.0433
0 16.468 106.37 48.925 0.17636 0.23874 0.26908 0.91624
1 19.423 119.898 73.51 0.59942 -0.28562 0.41544 0.62171
2 30.264 127.08 96.275 0.9469 0.31861 -0.00271 -0.04314
0 14.797 115.835 58.329 0.21981 0.29872 0.20794 0.9051
1 19.409 119.865 73.568 0.5996 -0.28553 0.415 0.62187
2 30.205 127.036 96.355 0.94688 0.31873 -0.00268 -0.0427
0 14.391 119.434 62.856 0.21806 0.30788 0.20134 0.90395
1 19.431 119.877 73.533 0.59963 -0.28562 0.41521 0.62167
2 30.246 127.084 96.286 0.94689 0.31868 -0.00263 -0.04277
0 14.255 120.693 64.993 0.18388 0.30456 0.23384 0.90485
1 19.098 120.035 73.885 0.60512 -0.25384 0.41169 0.63239
2 30.04 127.182 96.297 0.94695 0.31867 -0.00228 -0.04164
0 15.768 119.277 59.919 0.24025 0.20145 0.25027 0.916
1 18.296 119.521 66.997 0.61249 -0.33125 0.38315 0.6069
2 30.061 127.147 96.353 0.94687 0.3189 -0.00252 -0.04176
0 22.55 107.801 46.627 0.22546 0.03706 0.15795 0.96065
1 20.594 107.48 53.302 0.62702 -0.38786 0.21987 0.63879
2 30.157 127.109 96.324 0.94692 0.31866 -0.00297 -0.0424
0 26.088 101.89 44.804 0.17648 0.02849 -0.01665 0.98375
1 22.881 99.301 51.594 0.6539 -0.30941 0.05948 0.68785
2 30.296 127.027 96.301 0.9469 0.3186 -0.00287 -0.04308
0 26.793 102.616 45.659 0.26705 0.0013 -0.27365 0.92401
1 21.773 98.133 51.414 0.76219 -0.1565 -0.12048 0.61649
2 30.282 127.016 96.323 0.9469 0.31858 -0.00287 -0.04327
0 26.442 104.617 45.519 0.33382 -0.09802 -0.48571 0.8019
1 19.746 100.069 48.891 0.81947 -0.06564 -0.31894 0.47164
2 30.22 127.053 96.311 0.94696 0.31852 -0.00291 -0.04256
0 27.108 105.902 45.717 0.39472 -0.18398 -0.57742 0.6906
1 19.914 102.471 47.607 0.84645 -0.04382 -0.41963 0.32483
2 30.239 127.048 96.31 0.94689 0.31865 -0.00291 -0.04299
0 26.98 106.077 45.668 0.37415 -0.1547 -0.5537 0.72767
1 19.821 102.16 48.136 0.8389 -0.0451 -0.39366 0.37317
2 30.252 127.061 96.282 0.94693 0.31853 -0.00309 -0.04298
