0 59.662 80.517 42.297 -0.1221 0.048 0.42867 0.89388
1 42.37 87.832 48.778 0.22451 -0.65484 0.20236 0.6927
2 30.144 126.822 96.397 0.947 0.31954 -0.00815 -0.03207
0 54.484 80.793 42.475 -0.13307 0.02475 0.41608 0.8992
1 42.375 87.828 48.78 0.2245 -0.65484 0.20241 0.69269
2 30.229 126.801 96.386 0.94694 0.31964 -0.00785 -0.03278
0 48.3 82.751 44.854 -0.10556 0.06528 0.38103 0.9162
1 42.384 87.83 48.763 0.22448 -0.65474 0.20256 0.69274
2 30.185 126.859 96.334 0.94701 0.31946 -0.00815 -0.03234
0 46.782 83.926 46.179 -0.09946 0.05276 0.36286 0.92502
1 42.404 87.818 48.766 0.22463 -0.6548 0.2025 0.69265
2 30.249 126.767 96.428 0.94695 0.31959 -0.00818 -0.03279
0 45.884 84.598 46.635 -0.10822 0.0253 0.35029 0.93003
1 42.114 87.673 48.778 0.24589 -0.64493 0.22387 0.6881
2 30.202 126.802 96.411 0.94691 0.31975 -0.00798 -0.03239
0 45.054 84.787 46.528 -0.12008 0.00487 0.35227 0.92815
1 41.36 87.715 48.801 0.25798 -0.63748 0.23583 0.68662
2 30.212 126.817 96.377 0.94697 0.31955 -0.00815 -0.03273
0 45.219 85.769 45.04 -0.06463 -0.02172 0.27746 0.95832
1 41.744 88.251 47.954 0.30075 -0.59891 0.20406 0.7136
2 30.221 126.838 96.374 0.94699 0.31947 -0.00789 -0.0329
0 41.004 87.742 40.656 0.03342 -0.06114 0.16509 0.98381
1 37.569 89.538 44.589 0.40881 -0.55011 0.16202 0.70993
2 30.085 126.757 96.503 0.94686 0.31996 -0.00828 -0.0318
0 34.687 92.524 39.08 0.11852 -0.05623 0.02731 0.99098
1 31.346 93.349 44.218 0.52913 -0.46206 0.09646 0.70514
2 30.227 126.855 96.369 0.94701 0.31944 -0.00782 -0.0327
0 31.225 98.522 42.103 0.21232 -0.03298 -0.2207 0.95138
1 27.344 96.933 48.836 0.68061 -0.29439 -0.06383 0.66786
2 30.202 126.827 96.399 0.94693 0.31969 -0.00802 -0.03264
0 27.828 101.826 45.1 0.26751 -0.05496 -0.5125 0.8141
1 22.556 98.251 50.843 0.77217 -0.10208 -0.29524 0.55332
2 30.099 126.851 96.403 0.94696 0.31966 -0.00763 -0.03196
0 27.02 103.189 45.448 0.31803 -0.11519 -0.59743 0.72709
1 21.134 99.936 50.203 0.81409 -0.06045 -0.37827 0.43649
2 30.197 126.843 96.388 0.94697 0.31957 -0.00742 -0.03266
0 26.935 103.917 45.349 0.33149 -0.13486 -0.61707 0.70082
1 20.975 100.79 49.881 0.82247 -0.05078 -0.40096 0.40023
2 30.172 126.903 96.329 0.94705 0.31933 -0.00771 -0.03254
