0 51.877 88.958 41.264 0.04685 0.0719 0.39511 0.91462
1 47.651 101.188 58.393 0.47788 -0.50682 0.33712 0.63333
2 30.113 126.869 96.374 0.94702 0.31948 -0.00808 -0.0318
0 48.085 95.707 49.833 0.13172 0.21609 0.27999 0.92605
1 47.69 101.16 58.419 0.47817 -0.5065 0.33713 0.63337
2 30.127 126.835 96.423 0.94698 0.31959 -0.00821 -0.03207
0 46.489 97.726 53.326 0.14412 0.23839 0.23653 0.93083
1 47.668 101.167 58.406 0.47812 -0.5066 0.33705 0.63337
2 30.018 126.88 96.378 0.947 0.31957 -0.00828 -0.03149
0 46.186 98.78 54.333 0.16006 0.18364 0.23166 0.9418
1 47.087 101.444 58.773 0.49694 -0.48678 0.35446 0.62486
2 30.146 126.84 96.412 0.94698 0.31958 -0.00818 -0.03197
0 46.27 99.358 54.937 0.16008 0.14944 0.24775 0.94375
1 47.15 101.898 58.878 0.48705 -0.49414 0.33963 0.63503
2 30.17 126.84 96.394 0.94698 0.31955 -0.00804 -0.03236
0 46.61 99.411 54.828 0.1723 0.11934 0.25974 0.94266
1 47.177 101.903 58.53 0.47581 -0.49618 0.32818 0.64784
2 30.161 126.842 96.394 0.94697 0.31959 -0.00822 -0.03219
0 43.259 98.25 45.192 0.17555 0.01019 0.21581 0.96047
1 41.883 100.865 49.302 0.47647 -0.53643 0.26168 0.64555
2 30.113 126.851 96.406 0.94702 0.31947 -0.00812 -0.03201
0 36.553 98.549 40.339 0.18501 -0.02804 0.06519 0.98017
1 33.902 99.768 45.996 0.56318 -0.4968 0.12461 0.64845
2 30.164 126.867 96.371 0.94698 0.31956 -0.00819 -0.03227
0 31.677 100.641 41.913 0.22345 -0.00737 -0.21732 0.95015
1 28.153 98.893 49.23 0.69788 -0.32586 -0.07323 0.63357
2 30.007 126.85 96.441 0.94696 0.31972 -0.00832 -0.03106
0 29.244 101.875 43.4 0.25946 -0.04151 -0.42579 0.86583
1 24.478 98.552 50.134 0.77314 -0.20841 -0.23469 0.55112
2 30.08 126.875 96.408 0.94697 0.31963 -0.00847 -0.03173
0 27.556 103.386 43.903 0.30994 -0.15139 -0.61707 0.70728
1 21.672 100.072 48.422 0.82359 -0.11511 -0.4229 0.36
2 30.035 126.885 96.383 0.94697 0.31968 -0.00806 -0.03143
0 27.197 104.062 43.464 0.31559 -0.17435 -0.63966 0.67885
1 21.205 100.926 47.576 0.82438 -0.10389 -0.45321 0.3228
2 30.15 126.875 96.356 0.94699 0.31956 -0.00809 -0.03218
