0 47.094 84.733 35.778 0.08657 0.08512 0.38623 0.91438
1 3.084 92.713 51.693 0.40447 -0.49793 0.3961 0.65695
2 30.162 126.889 96.417 0.94695 0.31976 -0.00778 -0.03138
0 43.128 83.654 36.764 0.02883 0.05596 0.40964 0.91007
1 3.086 92.712 51.689 0.40447 -0.4979 0.39613 0.65694
2 30.165 126.892 96.385 0.94703 0.31951 -0.00791 -0.03149
0 26.598 81.815 37.174 -0.04103 0.05336 0.37723 0.92367
1 3.084 92.711 51.693 0.40454 -0.49786 0.39614 0.65693
2 30.152 126.858 96.455 0.94688 0.31994 -0.00805 -0.03136
0 17.204 83.705 39.305 -0.04931 0.08295 0.3601 0.92791
1 3.039 92.734 51.698 0.40456 -0.49768 0.39587 0.65721
2 30.077 126.943 96.393 0.94699 0.31968 -0.00786 -0.03095
0 11.146 85.685 41.747 -0.0597 0.0856 0.37291 0.92198
1 3.051 92.747 51.72 0.40469 -0.49731 0.39577 0.65747
2 30.112 126.938 96.419 0.94695 0.31977 -0.00726 -0.03123
0 7.149 87.791 43.786 -0.04774 0.10139 0.39567 0.91153
1 3.004 92.763 51.726 0.40475 -0.49726 0.39541 0.65769
2 30.111 126.975 96.385 0.94697 0.31968 -0.00714 -0.0315
0 4.366 90.613 46.394 -0.06587 0.11289 0.37125 0.91929
1 2.702 92.958 51.787 0.41947 -0.47427 0.39302 0.66682
2 30.102 127.014 96.363 0.947 0.3196 -0.00684 -0.03152
0 5.193 91.047 45.695 -0.04278 0.08242 0.34609 0.93359
1 3.358 92.809 50.755 0.42174 -0.47882 0.35267 0.68446
2 30.065 127.025 96.327 0.94702 0.31956 -0.00692 -0.03144
0 12.277 93.265 44.032 0.10231 0.02835 0.20017 0.97399
1 9.773 93.519 49.276 0.56041 -0.39505 0.27681 0.67324
2 30.057 127.023 96.345 0.94706 0.31945 -0.00694 -0.03131
0 19.483 96.295 44.429 0.20144 -0.0123 0.02677 0.97906
1 15.608 94.777 50.07 0.68393 -0.30329 0.14978 0.64639
2 30.057 127.01 96.35 0.94704 0.3195 -0.00703 -0.03128
0 24.166 102.278 46.292 0.40293 -0.1213 -0.36706 0.82958
1 17.023 99.295 50.537 0.87619 -0.07873 -0.17559 0.44188
2 30.096 126.987 96.361 0.94703 0.31952 -0.00706 -0.03161
0 25.998 104.218 47.932 0.48335 -0.17565 -0.50222 0.69519
1 18.593 102.325 50.592 0.90559 0.00943 -0.30289 0.29678
2 29.964 127.022 96.353 0.94707 0.31953 -0.00737 -0.03024
0 26.204 105.108 47.999 0.4786 -0.18675 -0.53307 0.67224
1 18.869 103.255 50.292 0.89638 0.0267 -0.34064 0.28241
2 30.083 126.975 96.375 0.94698 0.31971 -0.0071 -0.03112
