0 50.094 80.077 37.902 -0.09585 0.08257 0.47799 0.86921
1 22.62 88.59 49.347 0.40086 -0.52522 0.39151 0.64045
2 30.1 126.914 96.347 0.94705 0.31941 -0.00755 -0.03171
0 44.605 78.557 37.189 -0.10367 0.06073 0.45226 0.88376
1 22.62 88.587 49.35 0.40086 -0.52518 0.39147 0.64051
2 30.105 126.943 96.334 0.94707 0.31934 -0.00748 -0.03209
0 34.117 79.608 38.39 -0.06795 0.06643 0.41644 0.90418
1 22.634 88.577 49.342 0.40083 -0.52528 0.39165 0.64033
2 30.12 126.87 96.382 0.94697 0.31965 -0.00771 -0.03197
0 28.028 82.987 42.367 -0.06119 0.11093 0.40776 0.90426
1 22.618 88.59 49.35 0.40109 -0.525 0.39144 0.64053
2 30.14 126.924 96.335 0.94702 0.31945 -0.00732 -0.03235
0 24.941 86.37 45.651 -0.06715 0.11006 0.37233 0.9191
1 22.02 88.631 49.423 0.42953 -0.49603 0.41219 0.6321
2 30.145 126.958 96.33 0.94708 0.31928 -0.00725 -0.03246
0 23.815 86.665 45.965 -0.07319 0.09537 0.39462 0.91094
1 21.272 88.859 49.448 0.41367 -0.48364 0.41845 0.64797
2 30.08 126.951 96.337 0.94703 0.31945 -0.0073 -0.0321
0 24.091 88.264 44.967 -0.04743 0.06781 0.32428 0.94234
1 21.348 89.495 48.88 0.46422 -0.4376 0.36742 0.67677
2 30.064 126.966 96.308 0.94707 0.31936 -0.00709 -0.03194
0 25.255 95.185 41.3 0.14554 -0.01493 -0.01571 0.98912
1 20.324 93.703 46.83 0.71804 -0.2365 0.13301 0.64093
2 30.105 126.959 96.329 0.94707 0.31935 -0.00692 -0.03211
0 26.545 103.072 42.615 0.3097 -0.10598 -0.41628 0.84827
1 19.408 100.384 47.499 0.84946 0.03157 -0.18816 0.49196
2 30.105 126.915 96.359 0.94701 0.31953 -0.00746 -0.03208
0 27.382 104.626 44.182 0.36025 -0.17441 -0.56262 0.72337
1 19.931 102.756 47.371 0.85309 0.11531 -0.34176 0.37702
2 30.16 126.946 96.308 0.94707 0.31932 -0.00685 -0.03244
0 27.614 105.225 44.418 0.36771 -0.18485 -0.58771 0.69658
1 20.164 103.586 47.247 0.84829 0.13204 -0.37024 0.35482
2 30.128 126.942 96.335 0.94698 0.31957 -0.00722 -0.03237
0 27.467 104.972 44.212 0.35462 -0.16706 -0.57445 0.71857
1 19.997 103.01 47.293 0.8449 0.12938 -0.34931 0.38391
2 30.054 126.943 96.341 0.94703 0.31947 -0.00724 -0.03204
