0.438623
0.51442
0.559992
0.646369
1.13355
7.40582
22.438
36.4813
36.6189
32.1683
29.8107
28.7078
31.1301
36.0683
37.5528
38.576
41.7803
42.4125
41.1062
40.0102
41.4455
43.0439
44.9846
46.2456
46.8989
47.1286
47.4737
47.4059
47.5014
47.3426
47.3846
47.3006
47.313
47.4534
47.4186
47.2933
47.0637
46.9792
47.0197
46.8893
46.5886
46.5097
46.5873
46.6544
46.7367
46.6174
46.432
46.2207
46.0402
45.7037
44.5391
42.595
40.231
37.1525
35.9913
36.8159
36.9368
36.4208
37.8761
39.3812
38.1077
35.9042
36.2319
36.1448
35.7886
39.7234
38.7913
30.6466
29.9005
17.639
9.65919
12.0592
13.6193
23.6285
39.109
55.5716
40.9507
27.0244
15.9826
17.6707
32.7417
43.5209
47.874
51.6517
53.2041
54.3672
56.4227
