0
0.499482
0.649433
1.49936
1.88777
6.38467
14.474
23.3456
37.1511
51.7078
61.8316
68.8721
71.9007
72.9077
72.4348
70.3475
71.27
73.2546
74.7098
76.2934
81.0933
85.7778
87.5048
88.6464
89.0383
90.1983
91.1272
90.3927
89.7735
89.8299
91.6195
93.8053
95.1122
95.2428
94.8121
93.9557
93.0072
92.7979
92.9869
92.7526
92.4138
92.128
92.2116
92.2144
92.3889
92.4062
92.4552
92.4318
92.3392
92.2645
92.371
92.2987
92.0523
91.7872
91.8287
91.8546
91.76
91.2094
90.7622
90.2732
90.2422
90.4844
90.6573
90.4748
89.9873
90.7703
90.4109
88.8558
85.3464
87.4392
86.2072
76.7452
55.5284
30.0855
54.8649
75.9015
69.0146
71.3333
78.1828
78.7969
62.4307
43.3756
28.1602
37.2206
43.9619
49.1328
51.4027
53.2955
54.7176
56.0563
