0
0.206798
0.455333
0.377279
0.772688
1.03148
1.21057
0.935249
1.23655
1.76387
2.18785
3.3711
5.59483
8.2151
10.5137
13.0525
16.2218
18.8129
20.1684
21.3396
22.0262
22.3796
22.6747
22.9896
22.94
23.0621
23.814
24.3298
25.012
24.9443
24.3213
23.5857
22.7946
22.2399
22.0177
21.8468
21.6289
21.6444
21.4776
21.4273
21.4512
21.4871
21.5289
21.511
21.5105
21.5006
21.7246
21.8424
21.9909
22.1411
22.2829
22.3531
22.3699
22.3572
22.3883
22.4969
22.5602
22.592
22.4697
22.4325
22.5248
23.2055
23.9538
24.3247
24.3657
24.0948
24.0119
24.1642
24.0607
23.6047
23.0919
22.415
21.8613
21.3671
19.8216
14.6391
7.98536
4.86476
5.05403
7.69443
10.4065
11.2114
10.5545
8.27356
5.30125
2.35105
4.84254
14.0395
19.1848
17.645
32.9397
42.4864
36.4432
25.9676
14.9804
20.1253
34.7637
44.8286
47.0432
51.6402
54.3479
55.4781
57.8994
