0.175313
0.48226
0.547015
0.940725
1.54125
1.69157
3.62118
13.167
33.6966
55.9231
67.2774
69.0299
64.2614
59.6914
57.8554
56.9265
57.6649
63.1903
68.3459
71.2423
73.7482
75.5421
77.1255
77.9977
78.8634
78.7429
78.3163
78.2278
79.0886
79.8642
80.2719
80.9122
81.6796
82.1945
82.2779
82.1791
81.8912
81.527
81.271
81.5055
81.7619
81.7418
81.4118
81.3552
81.252
81.2588
81.1329
81.0942
81.1955
81.2335
81.2292
81.26
81.4199
81.333
81.2116
81.1107
80.859
80.7461
80.705
80.6371
80.4635
80.407
80.4674
80.4142
80.3625
80.3023
79.7363
78.81
78.0967
78.7097
79.6567
79.7702
78.7236
77.9933
77.5169
76.2136
76.2262
76.2745
75.3655
73.5789
73.6732
74.602
69.941
61.0781
50.8713
33.553
13.7765
21.0325
19.9688
18.4669
16.6225
14.7024
10.0098
18.912
32.5078
12.8828
20.5064
21.2963
16.3833
16.1019
21.6118
27.2309
31.4012
33.8582
36.4583
39.4042
40.5396
