0
0.695377
1.43611
1.71298
2.01518
2.07054
2.11518
1.90567
4.91632
10.2329
28.8839
52.5839
68.6552
78.0844
84.1717
88.6387
93.1953
97.9536
100.06
104.02
109.427
114.171
115.548
116.067
116.198
116.756
117.879
119.518
119.919
120.025
120.492
121.127
121.584
121.78
122.108
121.84
121.486
121.448
121.344
121.007
121.012
121.015
120.746
120.534
120.453
120.381
120.265
120.146
119.964
119.912
119.931
119.973
119.835
119.79
119.678
119.652
119.597
119.49
119.525
119.521
119.629
119.718
119.712
119.513
119.483
119.43
119.44
119.474
119.356
119.142
119.103
118.847
118.52
118.764
119.317
120.131
120.882
121.055
121.741
122.501
122.612
123.265
123.058
120.978
118.97
112.556
87.5004
55.8751
23.937
12.772
19.3183
18.0856
16.4946
11.4207
43.0981
59.2262
48.4974
31.9764
22.8856
23.5303
29.3863
39.7176
50.7323
52.3637
55.4585
55.9788
59.3143
61.8662
63.424
64.5105
64.6475
64.3913
61.6867
58.7278
57.3247
55.8602
53.6469
52.7061
54.7991
