0.233193
0
0.436973
0.461497
0.714639
0.635818
0.69823
1.06271
1.28716
1.27765
1.2772
1.10625
1.26707
1.53882
1.31247
1.35422
1.66138
1.5812
2.41461
4.20577
6.43773
8.59284
10.8093
13.1398
15.1574
16.9283
18.0686
19.0458
19.8544
20.1859
20.3242
20.3506
20.1264
19.8099
20.1315
20.2847
19.3506
18.7101
18.3153
18.0417
17.8855
17.7982
17.7265
17.8066
17.6679
17.6541
17.8001
17.8076
17.7835
17.7103
17.6505
17.6178
17.6113
17.7015
17.8819
17.8917
17.9694
18.163
18.2152
18.206
18.196
18.1885
18.1207
18.1602
18.194
18.1128
18.1653
18.2543
18.2427
18.1209
18.1105
18.556
18.8246
18.9245
19.4502
19.9216
20.3046
20.5071
20.6514
20.9275
20.9936
20.8026
20.4278
19.9123
19.4958
19.3045
18.7434
17.986
16.9895
14.737
10.9943
8.19511
6.50933
5.95381
6.47546
8.09418
9.95133
11.8589
14.3268
15.577
20.5129
22.2524
21.8231
45.0001
33.7789
16.5228
11.9794
20.6952
34.3892
45.4554
50.2919
51.6078
55.5795
58.6395
