0
0
0
0
0.494361
0.686168
0.872097
0.856716
4.41612
12.1166
25.9407
48.6396
69.5426
77.7901
78.4493
78.8612
80.8494
81.795
83.295
82.2806
79.7898
76.9526
72.7217
75.5029
79.4215
79.4428
75.344
76.7136
77.5969
78.4194
79.5082
81.6255
83.9666
84.1554
83.6385
83.8957
84.4456
84.2329
83.1112
83.6122
84.7568
85.5235
86.6834
88.4635
89.5775
89.9734
90.2999
90.4537
90.1134
89.7082
89.4404
89.2216
89.1839
88.9308
88.8023
88.8139
88.7809
88.7873
88.6572
88.4309
88.121
87.9085
87.7919
87.8661
87.6235
87.3922
87.5305
87.4967
87.3912
87.3491
87.4169
87.2834
87.24
87.2196
87.098
87.2473
87.2372
87.4642
87.8887
87.7802
87.8941
87.9487
87.8037
87.2565
87.0432
86.5827
86.5574
84.3419
81.3713
82.5041
77.9981
70.2829
63.2213
53.2188
39.7538
32.3588
23.5644
12.3822
11.3609
12.2363
14.2153
19.0284
24.4767
46.8346
37.4418
24.5257
22.7475
19.5148
21.185
37.3012
46.9062
53.0636
56.2164
56.9462
58.3113
