0
0
0
0.416782
0.466819
0.778151
1.0723
2.08903
2.52219
3.3967
4.44677
6.59419
9.39653
11.607
12.9314
13.9072
14.1367
13.6159
13.0635
13.3283
13.2513
12.1404
10.8907
10.4313
10.3641
10.5758
10.9913
11.3351
11.5328
11.3851
11.1209
11.1087
11.0158
10.993
10.9691
11.0375
11.1264
11.2743
11.4622
11.5979
11.705
11.7276
11.7577
11.7734
11.7457
11.7158
11.8824
11.8251
11.6755
11.6219
11.7586
11.8189
11.8368
11.8483
11.8062
11.5526
11.4912
11.8665
12.8066
13.7568
14.2142
14.7573
15.1541
14.8479
13.5053
11.3588
10.8317
10.0412
7.8263
4.94426
2.00867
2.84083
5.16132
6.74521
6.70902
5.61781
5.38066
5.67863
6.06853
9.84422
16.0244
16.8105
44.7721
47.8403
55.1215
46.1717
37.8676
35.5127
45.4525
56.0906
62.8075
66.2006
68.2114
68.9685
70.1128
