0
0.625165
1.61144
2.45345
3.10617
3.4251
3.16606
2.48557
2.79724
3.1361
3.61105
4.35774
5.74518
7.79968
10.5481
14.078
16.9944
19.1891
20.3569
20.9937
21.3432
21.2361
21.5498
22.2222
21.5841
20.0352
18.7466
17.6723
16.9749
16.2969
15.9891
15.8867
15.7439
15.5864
15.5494
15.5236
15.4897
15.5088
15.407
15.388
15.4511
15.5512
15.569
15.515
15.5332
15.4236
15.3727
15.4695
15.5325
15.4992
15.5055
15.5327
15.486
15.5181
15.5212
15.5241
15.5134
15.5372
15.5112
15.6398
16.1821
17.6842
20.1198
22.6168
24.5527
25.9904
26.5934
27.0741
27.3134
27.0286
26.1451
24.6262
22.4937
19.9269
17.455
15.4472
13.9343
12.4977
11.2317
10.9381
11.7062
13.1574
14.7299
13.2007
13.6474
14.843
24.5145
14.473
34.9567
24.5631
12.1225
7.8936
19.1188
27.8306
37.2575
42.2478
44.2492
50.0114
53.4369
55.9916
