0.333892
0.392793
0.720313
1.01401
0.804055
0.975111
1.46403
2.16738
9.0529
29.4049
53.7294
70.7255
79.6717
83.5614
86.0877
87.5243
93.0141
96.9018
97.5727
99.9261
100.936
101.264
101.738
102.203
102.404
101.613
100.51
98.9648
98.0697
97.3266
96.6999
96.1748
95.5734
95.0285
94.9884
95.0303
95.0991
94.9555
94.7676
94.6135
94.5624
94.3943
94.3281
94.3534
94.2123
94.221
94.2249
94.2088
94.2294
94.0526
93.9952
93.9625
93.8198
93.6422
93.6242
93.6235
93.5524
93.3147
93.1008
93.0947
93.1013
93.1084
92.9983
92.7958
92.8608
92.9235
92.7683
92.4554
91.5328
91.1472
93.7995
96.3355
97.2638
98.3674
99.6125
98.8222
99.3033
98.6707
94.9354
94.3347
89.4615
73.9455
57.3748
46.5284
32.8041
19.3212
11.71
10.2346
9.23449
9.65067
12.8746
18.6059
33.4535
44.2682
30.3635
20.8085
22.9872
28.7258
35.8832
42.1998
45.2463
47.8367
48.6914
50.777
52.3361
