0.443529
0.73169
0.842611
0.896648
0.849506
0.756289
0.537479
0.864587
3.05075
6.36439
9.30194
12.3264
16.0241
20.19
23.9508
26.7652
28.7312
30.3513
31.1655
31.4553
31.6695
31.8615
31.8087
31.5988
31.2177
30.8173
30.3609
29.8759
29.3025
28.6422
28.2756
27.9544
27.4778
27.2243
27.2775
27.2322
27.1636
27.0671
26.8552
26.7559
26.6881
26.6563
26.6102
26.6106
26.6605
26.7083
26.7765
26.7514
26.7359
26.7164
26.6829
26.7037
26.6928
26.7155
26.6794
26.6742
26.6114
26.5658
26.5366
26.4752
26.427
26.3646
26.359
26.3219
26.2965
26.3209
26.3364
26.3158
26.3994
26.3976
26.4645
26.816
27.3191
27.7118
27.9705
28.2257
28.2573
28.1001
27.9419
27.7085
27.7541
27.7003
27.3179
24.998
22.0672
18.2672
14.2459
10.9483
6.37041
5.49992
5.59289
5.6067
6.74092
8.79607
6.31022
11.2286
26.1622
40.5439
52.8859
62.9126
70.1319
75.2929
78.4296
79.6924
80.1479
80.699
81.0392
81.0084
81.2271
81.2797
81.2265
80.629
79.0202
77.8335
77.7928
78.5222
79.2333
79.862
80.467
