0.0800562
0.16847
0.276069
0.332904
0.329998
0.329833
0.596364
2.3263
5.34387
8.59257
12.9264
19.5316
26.041
32.0191
36.7199
40.7263
44.251
46.6455
47.5785
47.9993
48.2492
48.4413
48.4133
48.3431
48.1374
47.8397
47.3287
46.609
45.9339
45.5463
45.2306
44.8265
44.5668
44.339
44.2195
44.1106
44.1036
44.168
44.2791
44.4225
44.5384
44.6571
44.7436
44.8193
44.9428
45.0618
45.2185
45.3261
45.3797
45.4206
45.4668
45.5334
45.5421
45.5286
45.5285
45.5269
45.5272
45.5593
45.5778
45.5883
45.6058
45.6192
45.6233
45.7387
45.9343
46.3297
46.9804
47.745
48.2277
48.189
48.0933
48.2707
48.5195
48.7084
48.8915
48.9595
48.9648
47.7931
44.2565
39.0839
31.261
22.6469
14.7009
8.46519
3.45314
2.54265
2.43687
2.28811
1.88816
1.21344
2.60435
2.04906
7.01524
19.9845
35.4699
50.6863
63.4592
72.1065
76.3314
77.9104
78.3502
78.6221
79.122
79.397
79.4584
