0.203394
0.31273
0.417494
0.48493
0.515377
0.578057
0.712126
0.945931
1.10014
1.22498
1.3619
1.42025
1.52994
1.93397
2.6398
3.01534
3.13654
3.19641
3.28052
3.68728
4.25266
4.97965
5.70728
6.41493
7.10787
7.68529
8.08696
8.41802
8.66722
8.85281
8.88698
8.80187
8.56027
8.22873
8.10397
8.2849
8.34121
8.23137
8.10974
7.99184
7.91561
7.83073
7.74901
7.71542
7.61609
7.5463
7.56848
7.58741
7.58476
7.54768
7.50551
7.4921
7.47174
7.43085
7.45517
7.47962
7.47345
7.49738
7.50338
7.48049
7.4708
7.48111
7.49482
7.52817
7.5716
7.56714
7.5359
7.53714
7.53349
7.56846
7.65569
7.79507
8.0306
8.21959
8.43128
8.60557
8.81401
8.97932
9.05057
9.0743
9.08869
9.05105
8.93343
8.64494
8.28573
8.03063
7.7546
7.36925
7.21725
7.28103
7.19608
6.9158
6.64806
6.28229
6.04519
5.81111
5.64929
5.91623
5.99433
6.51926
8.87918
9.83021
12.097
23.241
35.1857
47.2596
59.7786
69.064
74.1935
76.2479
77.4396
78.4094
78.9256
78.9748
