0.19175
0.330204
0.384279
0.409334
0.637543
1.3103
3.4508
6.46298
8.6089
13.3964
19.3518
25.5707
30.15
33.3914
35.3541
35.8456
36.091
36.332
36.4723
36.4622
36.3584
35.8394
35.6196
35.6655
35.8327
35.7575
35.4839
35.2857
35.361
35.5249
35.5747
35.6296
35.6246
35.5802
35.4587
35.3362
35.1744
35.0406
34.913
34.8022
34.7448
34.6914
34.6439
34.6058
34.5566
34.5346
34.5158
34.4933
34.4751
34.4986
34.5106
34.522
34.5031
34.5048
34.523
34.5883
34.6811
34.8026
35.1551
35.3511
35.5359
35.7081
35.8405
35.8503
35.7927
35.7954
35.7323
35.7121
35.5827
34.6618
29.2312
20.756
12.9168
7.91963
4.11731
1.82084
1.58997
1.38997
1.38898
2.12253
4.86444
5.25823
11.3515
24.6419
37.8577
49.6699
59.5118
67.008
71.6939
74.9577
76.5528
77.7151
78.5445
79.1681
79.8123
80.0906
