0.0206398
0.0756439
0.178701
0.263769
0.856883
3.25894
6.70072
10.6407
15.2104
21.1022
27.4034
34.1825
41.0172
47.4278
53.4368
58.2572
61.844
64.2872
66.2733
67.6547
68.3522
68.6884
68.7728
68.7368
68.5855
68.3088
67.733
66.9975
66.2332
65.5084
64.9295
64.4646
64.0351
63.8273
63.8161
63.8658
63.853
63.7166
63.5782
63.4134
63.2599
63.1319
62.9862
62.8552
62.7309
62.6353
62.5449
62.49
62.4545
62.463
62.5045
62.5035
62.6053
62.8293
63.121
63.4935
64.0455
64.6853
65.3825
65.9987
66.4737
66.8603
67.1
67.286
67.3753
67.5006
67.3226
66.1842
62.8967
56.958
48.5103
39.5327
30.8707
20.3027
11.0278
11.2476
13.457
17.8021
26.24
38.5156
51.0538
63.4164
72.9701
77.5663
79.2958
80.0938
80.3041
80.7307
80.9125
80.8345
