0.0700143
0.112845
0.109531
0.260902
0.293508
0.696744
3.07661
5.92122
9.48223
15.9235
24.2873
33.0911
40.5507
46.1163
49.6113
51.9363
53.4291
54.3983
55.084
55.271
55.2806
55.374
55.4082
55.4023
55.3852
55.2478
54.95
54.6556
54.1415
53.3428
52.5438
52.1245
52.2
52.4573
52.5717
52.5383
52.5089
52.5075
52.4868
52.4874
52.4582
52.4232
52.3886
52.3499
52.3018
52.2335
52.1524
52.1025
52.0423
51.9826
51.9311
51.8876
51.8629
51.8767
51.9368
52.0123
52.1105
52.236
52.3472
52.4407
52.4709
52.5047
52.5073
52.5187
52.6016
53.0397
53.9017
54.7965
55.3334
55.5214
55.6394
55.5758
55.4741
55.5338
55.7585
55.6276
55.388
55.2506
53.7125
48.7634
41.0313
31.6538
20.7573
9.77804
1.29942
6.10391
10.6135
10.5113
10.6122
10.3414
9.91891
8.30135
7.35614
4.69278
9.32072
16.8748
28.0267
41.6685
53.5728
64.0959
71.5283
75.494
77.1718
78.1919
78.6877
78.7019
78.7546
