0.549714
0.92415
1.24265
1.47725
1.68167
1.79681
1.84458
1.85314
1.82072
1.75388
1.7585
1.75474
1.66885
1.4583
1.27185
1.13574
1.03591
0.903903
0.731501
0.55733
0.425742
0.426455
0.463265
0.586568
0.615676
0.604955
0.546738
0.424256
0.450683
0.494117
0.492058
0.547774
0.602749
0.60728
0.627626
0.575918
0.512722
0.424634
0.304687
0.196769
0.0886172
0.0375766
0.0896995
0.154221
0.206436
0.217101
0.221497
0.239621
0.267122
0.381237
0.461474
0.550775
0.699749
0.750654
0.785735
0.668927
0.64485
0.593021
0.570254
0.884625
2.87823
4.97015
5.57451
4.504
4.92185
8.24741
15.7872
21.6981
31.0947
40.5671
49.8037
59.0912
66.2291
72.4624
76.4513
79.0804
80.8255
81.9315
82.3754
82.6319
82.8817
82.8845
