0.56491
1.06195
1.54068
1.90489
2.10579
2.26807
2.43505
2.94849
3.36979
3.76352
3.98999
4.02791
3.97578
3.64278
2.98515
2.66279
2.50954
2.69926
2.95493
3.21376
3.37177
3.33217
3.50635
3.62324
3.63251
3.51575
3.32832
3.13338
2.92354
2.75905
2.62927
2.53311
2.4469
2.39771
2.42086
2.45546
2.54506
2.65327
2.71463
2.79103
2.83542
2.87846
2.85873
2.88576
2.90519
2.89715
2.92131
2.88556
2.86944
2.87778
2.91066
2.92721
2.94244
2.94808
2.97134
3.00337
3.02551
3.01509
2.96066
2.82419
2.87593
3.1354
3.48724
3.81743
4.05185
4.12264
4.18989
4.28086
4.24498
4.03554
3.83304
3.48634
3.25444
3.25771
3.4068
3.87248
4.41651
5.07287
5.77836
6.46772
6.93268
6.93021
6.61862
5.73702
4.19012
2.32927
3.69487
7.69802
19.9358
32.5234
45.3429
57.3855
67.4768
73.2578
75.4289
76.8879
77.7431
78.0773
78.338
78.6016
