0.015843
0.0502892
0.159819
0.297931
0.427769
0.5184
0.554265
0.985356
3.20794
5.84502
8.22865
11.8991
17.1411
22.3398
28.2026
34.4656
40.1359
44.3436
46.2795
47.2342
46.5162
44.2031
43.802
48.2618
55.1509
60.0444
63.5148
65.8869
67.5529
68.6938
69.3035
69.3447
69.4289
69.5793
69.4514
69.164
68.5953
67.6577
66.5028
65.048
63.2409
61.6802
60.6159
60.0269
59.5917
59.3702
59.159
58.9487
58.8562
58.8634
58.9169
59.0299
59.1596
59.2586
59.3309
59.3931
59.3962
59.4055
59.4429
59.5186
59.5774
59.6384
59.6813
59.7445
59.8264
59.8436
59.8699
59.9292
59.984
60.0583
60.1948
60.3941
60.695
61.1584
61.8535
62.9414
64.2587
65.4963
66.641
67.4874
68.0586
68.4116
68.844
69.2183
69.4952
69.444
69.2991
68.45
65.9854
60.6627
52.4007
43.3544
33.6325
24.7988
19.0618
11.954
6.27295
6.52572
6.67806
6.42732
7.64777
8.58247
2.90863
8.89734
23.7428
39.183
52.2361
63.1858
71.6215
76.0524
78.3066
79.3394
79.8617
80.651
81.3099
