0.0791265
0.168956
0.234132
0.371681
2.47694
5.77365
8.29254
12.6925
18.0947
22.5444
25.0008
25.7939
25.9832
26.1258
26.2168
26.1354
26.3822
26.7491
27.5176
28.3636
29.1341
29.6075
29.9239
30.2074
30.418
30.5294
30.5342
30.5421
30.5986
30.5662
30.5649
30.5208
30.4546
30.3871
30.3636
30.3418
30.3344
30.3321
30.3149
30.3037
30.2486
30.1535
30.0486
29.9688
29.9085
29.8834
29.8702
29.8584
29.836
29.9492
30.2271
30.4383
30.3004
29.7485
29.2425
28.8189
28.6094
28.4163
28.0406
27.7911
27.379
27.1429
27.0482
26.1802
21.5142
14.199
12.7311
12.8128
6.55075
4.195
3.92189
3.19834
3.85019
4.10135
7.57599
20.4997
35.5499
49.5022
63.454
74.4026
80.257
82.7641
84.1048
84.5572
84.9009
85.1533
85.1292
