0.30328
0.472232
0.590529
0.643323
0.569936
0.647097
1.79853
4.6128
8.47528
9.99039
9.4414
9.55705
10.3492
10.9327
11.7015
11.8906
11.7011
11.5966
11.5821
11.5236
11.2576
10.5098
10.2152
10.4424
11.3189
12.0691
12.8234
13.5848
14.1772
14.4862
14.6545
14.7175
14.8063
14.8652
14.8084
14.7774
14.702
14.6182
14.4812
14.2986
14.0687
13.85
13.6556
13.5373
13.4766
13.4185
13.3802
13.3302
13.2781
13.1575
12.8993
12.4844
12.4649
12.5312
12.0839
11.5239
11.0993
10.9243
10.9462
10.7625
10.6002
10.7079
10.7881
10.1457
8.36903
10.1599
11.4929
8.7279
5.40111
4.97504
3.86912
5.08883
2.61684
8.96998
22.7732
37.2586
51.6206
63.781
72.8368
78.7348
81.9256
83.5077
84.4361
85.1245
85.5451
85.5988
85.7359
