0.185049
0.24781
0.282195
0.345411
0.467091
0.579346
0.676643
0.775285
0.904151
1.15831
1.40505
1.9066
2.3961
2.73762
2.99114
2.98403
2.78738
2.43526
2.35815
2.25017
1.96042
1.79121
1.75856
1.69132
1.66657
1.61692
1.57502
1.52102
1.32902
1.14392
1.07059
1.03587
1.10203
1.1833
1.34765
1.46297
1.56728
1.68841
1.7937
1.86286
1.90907
1.95459
1.94657
1.92278
1.85738
1.8623
1.77738
1.69969
1.6462
1.64018
1.61906
1.55105
1.51853
1.55465
1.605
1.82296
2.15341
2.60025
2.93736
3.08806
3.20433
3.31253
3.2992
2.92836
2.25863
1.94542
1.51627
0.577022
0.666904
1.77707
2.87385
3.72187
4.17763
4.2909
4.14841
3.99309
3.81331
3.75566
5.2515
6.20896
6.21345
12.1339
18.4531
27.4935
38.9119
51.2565
62.3023
71.6969
76.512
78.2688
79.1058
79.5524
80.0835
80.544
80.7186
