0 1 0.263187 1.71191 0.810163
0 0 1000 1000 0.011746
1 1 0.254559 1.15188 0.794274
1 0 1000 1000 1.78663
2 1 0.257318 2.71157 1.16709
2 1 0.372004 1.46725 1.6822
3 1 0.237772 1.97534 1.11199
3 0 1000 1000 1.47886
4 1 0.248119 1.47713 0.615844
4 1 0.245272 1.5779 2.92121
5 1 0.269138 1.16557 0.518007
5 1 0.24598 3.0231 0.955327
6 1 0.228781 1.44553 0.38832
6 0 1000 1000 0.008259
7 1 0.237095 1.63275 1.14146
7 1 0.232413 1.90108 0.615384
8 1 0.276813 1.13495 0.901081
8 0 1000 1000 1.08375
9 1 0.252358 1.37001 0.258934
9 0 1000 1000 1.3224
10 1 0.246408 1.23756 0.755109
10 0 1000 1000 1.48325
11 1 0.263674 1.44209 0.625955
11 1 0.296015 1.83567 2.52419
12 1 0.259615 1.63885 0.346973
12 1 0.37997 1.85228 0.967014
13 1 0.271586 2.14072 0.646176
13 0 1000 1000 0.742529
14 1 0.250732 1.84475 0.731706
14 0 1000 1000 1.50776
15 1 0.275749 1.59921 0.477829
15 0 1000 1000 1.50953
16 1 0.255631 1.61652 0.677298
16 0 1000 1000 8.51042
17 1 0.268337 2.68375 1.02053
17 0 1000 1000 1.32918
18 1 0.216985 1.82805 0.701446
18 0 1000 1000 0.024447
19 1 0.261887 1.12716 0.480069
19 0 1000 1000 7.49459
20 1 0.278615 1.67492 1.08681
20 0 1000 1000 0.816486
21 1 0.252064 1.50974 0.411035
21 0 1000 1000 0.00989
22 1 0.259813 3.12092 1.28343
22 0 1000 1000 1.75696
23 1 0.356781 1.56103 0.996769
23 0 1000 1000 0.005372
24 1 0.264745 2.92962 0.976627
24 0 1000 1000 0.96478
25 1 0.272272 1.3124 0.378724
25 0 1000 1000 0.006244
26 1 0.239463 1.35818 0.288727
26 0 1000 1000 0.018505
27 1 0.246012 1.46659 0.860369
27 0 1000 1000 0.953201
28 1 0.255935 2.064 0.675732
28 0 1000 1000 2.06453
29 1 0.243273 1.42261 0.404352
29 0 1000 1000 0.003341
30 1 0.248659 1.3453 0.607221
30 0 1000 1000 1.37234
31 1 0.258982 2.03227 0.887249
31 0 1000 1000 1.12479
32 1 0.252086 1.46444 0.39177
32 0 1000 1000 0.819028
33 1 0.215411 1.65163 1.32462
33 0 1000 1000 224.005
34 1 0.256156 1.34636 0.644882
34 0 1000 1000 0.551037
35 1 0.271214 1.58434 0.630355
35 0 1000 1000 0.005271
36 1 0.249552 2.39967 1.08393
36 0 1000 1000 237.916
37 1 0.266152 1.69228 0.602521
37 0 1000 1000 79.0962
38 1 0.267578 1.24934 1.17247
38 0 1000 1000 1.42088
39 1 0.235999 1.31195 0.485333
39 0 1000 1000 0.706116
40 1 0.272544 3.31002 0.896941
40 0 1000 1000 2.15798
41 1 0.225499 2.6463 1.33319
41 0 1000 1000 0.996172
42 1 0.234152 1.11251 0.268344
42 0 1000 1000 1.18432
43 1 0.245757 1.56004 0.692209
43 1 0.347623 1.78922 99.4308
44 1 0.263048 1.44617 1.13116
44 1 0.251738 1.47035 0.604198
45 1 0.271871 1.82988 0.638808
45 0 1000 1000 0.564517
46 1 0.247803 1.87845 0.650873
46 0 1000 1000 1.53079
47 1 0.26398 1.97528 0.803415
47 0 1000 1000 1.16236
48 1 0.254099 1.41423 0.542848
48 1 0.274746 1.51468 0.977599
49 1 0.251325 1.21816 0.334443
49 0 1000 1000 0.00523
50 1 0.262503 1.78613 0.487116
50 0 1000 1000 1.75967
51 1 0.237912 2.87665 1.02257
51 0 1000 1000 1.31462
52 1 0.254559 2.00645 1.12727
52 0 1000 1000 1.48764
53 1 0.266862 3.16519 0.930549
53 1 0.353649 1.81636 7.83746
54 1 0.295958 1.60642 0.695489
54 0 1000 1000 1.47196
55 1 0.266174 1.33024 0.437593
55 0 1000 1000 31.4696
56 1 0.275805 1.82434 0.619278
56 0 1000 1000 0.571722
57 1 0.250239 2.68236 0.499688
57 0 1000 1000 0.857216
58 1 0.216473 1.57243 0.858228
58 0 1000 1000 1.52596
59 1 0.244153 1.69016 0.795977
59 0 1000 1000 0.001789
60 1 0.274598 2.02988 1.03734
60 0 1000 1000 0.807119
61 1 0.300979 1.84274 0.774922
61 0 1000 1000 0.019028
62 1 0.26554 1.27583 1.02898
62 0 1000 1000 1.32609
63 1 0.244251 1.54543 0.882382
63 0 1000 1000 1.54481
64 1 0.29855 1.47418 1.08186
64 1 0.348459 1.86516 4.63016
65 1 0.257748 3.20484 1.14491
65 0 1000 1000 1.30895
66 1 0.26736 1.25444 0.622005
66 0 1000 1000 2.32207
67 1 0.233229 2.44532 0.708555
67 0 1000 1000 1.18848
68 1 0.250022 1.7425 1.21659
68 0 1000 1000 2.73608
69 1 0.248515 1.53637 0.468279
69 0 1000 1000 0.017705
70 1 0.260294 1.29521 0.981561
70 0 1000 1000 0.878309
71 1 0.26797 1.31446 0.37278
71 0 1000 1000 3.45405
72 1 0.230517 1.69681 0.850657
72 0 1000 1000 2.81557
73 1 0.256089 1.41097 0.726301
73 0 1000 1000 4.55256
74 1 0.257031 1.80295 0.921186
74 0 1000 1000 0.01357
75 1 0.2431 1.37236 0.34621
75 0 1000 1000 2.23305
76 1 0.241059 3.07618 0.897877
76 0 1000 1000 1.28104
77 1 0.254069 1.8022 0.92245
77 0 1000 1000 0.861892
78 1 0.263008 1.49243 0.67961
78 0 1000 1000 1.63125
79 1 0.238491 1.66461 1.01399
79 0 1000 1000 0.87365
80 1 0.258521 1.28051 0.515625
80 1 0.334999 1.43821 1.33824
81 1 0.258349 1.70789 1.37174
81 0 1000 1000 0.544822
82 1 0.268961 1.931 0.811777
82 0 1000 1000 5.03454
83 1 0.270479 1.72826 0.922043
83 0 1000 1000 1.05401
84 1 0.254821 1.88005 1.12182
84 0 1000 1000 1.2295
85 1 0.243314 2.47885 0.593999
85 0 1000 1000 0.738564
86 1 0.274166 1.76837 0.786878
86 0 1000 1000 0.004777
87 1 0.258382 1.4183 0.783393
87 0 1000 1000 3.27555
88 1 0.319899 1.70961 1.05364
88 0 1000 1000 27.4921
89 1 0.325995 1.85398 0.657048
89 0 1000 1000 0.021453
90 1 0.35985 2.06423 1.64003
90 0 1000 1000 0.776304
91 1 0.280595 1.99161 1.06289
91 0 1000 1000 1.6366
92 1 0.247185 1.33152 0.811927
92 0 1000 1000 0.010858
93 1 0.260585 2.43329 0.512588
93 0 1000 1000 0.948954
94 1 0.240621 1.71682 0.677632
94 0 1000 1000 1.72335
95 1 0.289356 1.82146 0.757551
95 0 1000 1000 9.23969
96 1 0.251044 1.69492 0.791856
96 0 1000 1000 0.559662
97 1 0.313969 1.83456 0.782067
97 0 1000 1000 1.22161
98 1 0.267477 2.86175 0.566916
98 0 1000 1000 0.005232
99 1 0.231558 1.95316 0.755083
99 0 1000 1000 69.6061
