0 1 0.236835 2.71817 0.85998
0 1 0.330928 1.60178 3.3496
1 1 0.281328 1.61878 0.485428
1 0 1000 1000 2.90199
2 1 0.266881 1.7893 0.578577
2 0 1000 1000 2.88332
3 1 0.246881 2.09754 0.262337
3 0 1000 1000 0.716768
4 1 0.235376 3.10017 0.927435
4 0 1000 1000 0.876588
5 1 0.255614 3.32395 0.750904
5 1 0.277817 1.87093 1.60539
6 1 0.278806 1.51578 1.15249
6 0 1000 1000 0.719426
7 1 0.24464 1.82467 1.21513
7 1 0.24891 1.30521 1.10472
8 1 0.259108 1.87562 0.688015
8 1 0.29579 1.8212 1.41894
9 1 0.254976 3.12868 0.641532
9 1 0.301342 1.36949 1.10299
10 1 0.220471 1.61885 0.660744
10 0 1000 1000 0.61133
11 1 0.263229 1.67696 0.920256
11 0 1000 1000 0.723472
12 1 0.25138 1.32719 0.485096
12 0 1000 1000 1.25719
13 1 0.229494 1.48349 1.29355
13 0 1000 1000 0.759456
14 1 0.268958 1.53286 0.980239
14 0 1000 1000 0.866048
15 1 0.24412 1.59381 1.04325
15 1 0.26312 1.38094 1.37581
16 1 0.196449 1.31467 0.693134
16 0 1000 1000 0.719686
17 1 0.257065 3.20058 1.38722
17 0 1000 1000 0.699128
18 1 0.297104 1.80839 1.08984
18 0 1000 1000 1.4795
19 1 0.257376 1.53723 0.730124
19 0 1000 1000 0.94737
20 1 0.271986 1.77138 1.17544
20 0 1000 1000 2.91713
21 1 0.210143 1.93838 1.21202
21 0 1000 1000 0.635239
22 1 0.266913 1.22129 0.890539
22 1 0.261766 2.21693 2.03429
23 1 0.233886 1.69578 0.415864
23 1 0.271698 1.65147 0.995023
24 1 0.302055 1.49994 0.575234
24 0 1000 1000 1.12417
25 1 0.239639 1.85434 0.583311
25 1 0.283246 2.01673 1.11866
26 0 1000 1000 0.502311
26 0 1000 1000 0.829703
27 1 0.212908 1.45325 0.331822
27 0 1000 1000 2.44256
28 1 0.279165 1.7964 0.716706
28 0 1000 1000 25.985
29 1 0.257496 3.33033 0.826377
29 0 1000 1000 0.793754
30 1 0.240489 1.75928 0.485722
30 1 0.255907 1.76919 0.456151
31 1 0.267981 1.76936 0.542974
31 0 1000 1000 0.745765
32 1 0.2466 2.2536 0.910488
32 0 1000 1000 0.541123
33 1 0.261561 1.79504 1.15321
33 1 0.269789 1.87314 3.4872
34 0 1000 1000 0.520579
34 0 1000 1000 1.01285
35 1 0.226129 2.93378 1.01257
35 0 1000 1000 1.86529
36 1 0.28681 1.79079 0.7494
36 0 1000 1000 0.665361
37 1 0.232274 1.75073 0.395355
37 0 1000 1000 1.20725
38 1 0.229843 2.9605 0.852375
38 0 1000 1000 6.22687
39 1 0.249324 1.38442 0.812173
39 0 1000 1000 1.52674
40 0 1000 1000 5.86664
40 0 1000 1000 1.50209
41 1 0.252659 1.59277 0.44116
41 1 0.261573 1.43267 0.745526
42 1 0.256205 1.82051 1.28811
42 0 1000 1000 1.04571
43 1 0.242418 1.81269 1.93077
43 1 0.28192 1.94123 1.48279
44 1 0.298632 1.7424 0.948058
44 0 1000 1000 1.13544
45 1 0.232259 2.72518 0.753401
45 1 0.24764 1.55039 1.04617
46 1 0.256462 1.95215 0.688559
46 0 1000 1000 1.04476
47 1 0.287983 1.24162 1.14806
47 0 1000 1000 0.608074
48 1 0.248326 3.11626 0.771209
48 0 1000 1000 0.781085
49 1 0.255692 1.41964 1.02878
49 1 0.333136 1.75563 0.738833
50 1 0.231343 2.5832 0.557686
50 0 1000 1000 0.85963
51 1 0.248974 3.20424 1.01624
51 1 0.28844 1.69366 1.82045
52 1 0.237243 1.87331 0.997335
52 0 1000 1000 0.931604
53 1 0.247313 1.74436 0.760022
53 0 1000 1000 0.759921
54 1 0.259621 1.36195 0.547066
54 0 1000 1000 0.825695
55 1 0.237757 1.48297 0.455908
55 1 0.241191 1.39025 0.38772
56 1 0.292528 1.61071 0.593077
56 0 1000 1000 1.77023
57 1 0.261619 1.72371 0.688212
57 1 0.267222 1.7748 0.690561
58 1 0.276534 1.51894 1.10956
58 0 1000 1000 1.10643
59 1 0.238653 1.53 1.16198
59 1 0.29241 1.77143 1.5246
60 1 0.240818 1.66802 1.10738
60 0 1000 1000 0.716392
61 1 0.270497 1.31846 0.949479
61 0 1000 1000 1.49395
62 1 0.25936 2.63004 1.52101
62 1 0.298786 1.78103 0.843359
63 1 0.273232 1.24418 0.825136
63 0 1000 1000 2.6256
64 1 0.25626 1.80808 0.84176
64 0 1000 1000 1.33429
65 0 1000 1000 0.390758
65 0 1000 1000 0.701317
66 0 1000 1000 0.623094
66 0 1000 1000 0.699365
67 1 0.310999 1.86038 0.924404
67 0 1000 1000 2.04609
68 1 0.243386 2.95387 0.644901
68 0 1000 1000 1.72541
69 1 0.255113 1.36597 0.787383
69 0 1000 1000 1.17002
70 1 0.244535 1.93142 1.26864
70 1 0.266311 1.5164 0.947555
71 1 0.267425 1.75214 0.611594
71 0 1000 1000 1.08162
72 1 0.233752 1.58322 0.506456
72 0 1000 1000 2.36535
73 1 0.20844 1.25983 0.414979
73 1 0.333276 1.47147 0.893993
74 0 1000 1000 3.19763
74 0 1000 1000 1.31223
75 1 0.28481 1.69826 1.68295
75 0 1000 1000 1.05657
76 1 0.242956 1.63559 0.619579
76 0 1000 1000 19.4428
77 1 0.243025 2.98207 1.109
77 1 0.298247 1.72147 3.70555
78 0 1000 1000 0.770935
78 0 1000 1000 0.717403
79 1 0.253212 1.25143 0.421542
79 1 0.300866 1.4926 1.14167
80 1 0.262114 2.97491 0.55088
80 1 0.275154 1.76288 1.48989
81 1 0.24827 1.61422 0.838527
81 0 1000 1000 0.732751
82 0 1000 1000 0.869587
82 1 0.245723 1.90246 1.11043
83 1 0.26042 2.95115 0.794646
83 1 0.315181 1.4133 1.41654
84 0 1000 1000 2.29365
84 0 1000 1000 0.661762
85 1 0.234666 1.59475 1.02087
85 0 1000 1000 1.25373
86 1 0.245593 2.83619 1.22439
86 1 0.269142 1.68376 0.805746
87 1 0.356852 1.92544 44.1767
87 0 1000 1000 1.71994
88 1 0.242964 1.57579 0.360476
88 0 1000 1000 1.42217
89 1 0.229544 1.3134 0.305357
89 0 1000 1000 1.31215
90 1 0.312448 1.72944 1.15879
90 0 1000 1000 0.626748
91 1 0.2698 1.18788 1.17024
91 0 1000 1000 1.39656
92 1 0.258129 1.59388 1.11077
92 0 1000 1000 1.02903
93 1 0.240119 3.06411 0.950609
93 1 0.240273 1.95568 0.349274
94 1 0.20053 1.32953 0.63384
94 1 0.251639 1.48935 0.878184
95 1 0.281036 1.36845 0.482111
95 0 1000 1000 0.683282
96 1 0.252866 1.65616 0.492873
96 0 1000 1000 0.612016
97 1 0.251143 3.10468 0.685157
97 0 1000 1000 1.42328
98 1 0.267766 1.84345 0.789786
98 0 1000 1000 0.797517
99 1 0.244223 1.49905 0.862932
99 1 0.249032 1.76097 1.16398
