0 1 0.273473 2.22581 0.664625
0 0 1000 1000 0.008728
1 1 0.275465 1.96267 0.546547
1 0 1000 1000 0.010877
2 1 0.257272 2.21716 1.14504
2 0 1000 1000 1.17817
3 1 0.260791 2.34551 1.14387
3 0 1000 1000 90.7393
4 1 0.261725 1.67443 0.337144
4 1 0.261671 3.3532 0.661274
5 1 0.265706 3.13237 1.10843
5 0 1000 1000 0.007655
6 1 0.273384 1.10694 0.617552
6 0 1000 1000 1.11856
7 1 0.251376 1.66248 1.23208
7 0 1000 1000 0.009069
8 1 0.265489 1.33442 0.861501
8 0 1000 1000 1.27248
9 1 0.253239 2.18685 1.51133
9 0 1000 1000 0.02278
10 1 0.25218 1.50252 0.317159
10 0 1000 1000 0.002278
11 1 0.268971 1.30057 0.485184
11 0 1000 1000 0.735883
12 1 0.273487 1.23288 0.516331
12 0 1000 1000 1.61974
13 1 0.243404 1.49326 0.801677
13 0 1000 1000 1.15823
14 1 0.255324 2.08648 1.06593
14 0 1000 1000 1.25642
15 1 0.234978 1.70542 0.819866
15 0 1000 1000 1.41466
16 1 0.269239 1.70145 0.530891
16 0 1000 1000 0.034002
17 1 0.276835 2.21019 0.754408
17 0 1000 1000 0.851616
18 1 0.253296 1.77313 0.859503
18 0 1000 1000 0.01758
19 1 0.270448 1.58749 1.2296
19 0 1000 1000 1.44748
20 1 0.247288 1.22536 0.744358
20 0 1000 1000 0.99039
21 1 0.257105 3.32451 1.53122
21 0 1000 1000 1.63911
22 1 0.264389 1.95657 0.779328
22 0 1000 1000 0.009284
23 1 0.259324 2.45169 0.95038
23 0 1000 1000 1.05294
24 1 0.264235 1.82707 0.591505
24 0 1000 1000 0.680467
25 1 0.261642 1.63873 0.421935
25 0 1000 1000 0.008095
26 1 0.272587 2.15594 1.05107
26 0 1000 1000 0.844229
27 1 0.254859 2.01207 0.758412
27 0 1000 1000 0.016782
28 1 0.258889 1.40314 0.832575
28 0 1000 1000 1.44282
29 1 0.25632 1.17202 0.377923
29 0 1000 1000 1.15092
30 1 0.238658 1.65614 0.426802
30 0 1000 1000 0.008541
31 1 0.259229 1.43947 0.457081
31 0 1000 1000 0.023552
32 1 0.272611 1.29636 0.405485
32 0 1000 1000 0.855796
33 1 0.25297 1.5227 0.969099
33 0 1000 1000 0.914629
34 1 0.263746 1.84986 0.712569
34 0 1000 1000 0.858339
35 1 0.257929 1.55233 0.480032
35 0 1000 1000 0.009392
36 1 0.248357 2.38284 0.614593
36 0 1000 1000 0.641331
37 1 0.277411 1.93293 0.819778
37 1 0.218535 1.97923 0.900855
38 1 0.27309 3.02523 1.26347
38 0 1000 1000 0.006674
39 1 0.263292 2.99991 1.17535
39 0 1000 1000 0.00811
40 1 0.260202 2.30321 1.38788
40 0 1000 1000 0.868559
41 1 0.246963 1.24937 0.76818
41 0 1000 1000 3.74207
42 1 0.265249 1.68869 1.29588
42 0 1000 1000 1.87445
43 1 0.272058 1.78038 0.534512
43 0 1000 1000 0.010892
44 1 0.258712 2.25211 0.938811
44 0 1000 1000 1.49474
45 1 0.248598 1.59103 0.84
45 0 1000 1000 1.40633
46 1 0.244486 1.59019 1.03423
46 0 1000 1000 0.01423
47 1 0.274051 1.36347 0.397041
47 0 1000 1000 0.011841
48 1 0.26535 2.09139 0.656104
48 0 1000 1000 0.01534
49 1 0.2475 1.73228 0.849293
49 0 1000 1000 0.853787
50 1 0.265545 1.37789 0.38817
50 0 1000 1000 0.008285
51 1 0.274589 2.30944 1.02293
51 0 1000 1000 1.19555
52 1 0.333733 1.65709 0.786185
52 0 1000 1000 1.43043
53 1 0.250612 1.93736 1.6985
53 0 1000 1000 1.61167
54 1 0.249498 1.53589 1.58622
54 0 1000 1000 2.87648
55 1 0.270297 1.71672 1.45109
55 0 1000 1000 2.30849
56 1 0.26398 1.3594 1.32061
56 0 1000 1000 0.428485
57 1 0.254724 1.40038 0.758171
57 0 1000 1000 0.007921
58 1 0.390774 2.2619 1.00523
58 0 1000 1000 2.15857
59 1 0.268671 1.71301 1.18985
59 0 1000 1000 1.07877
60 1 0.249328 1.44817 1.00433
60 0 1000 1000 0.479276
61 1 0.24985 3.2103 1.13817
61 0 1000 1000 0.536486
62 1 0.237771 1.57553 0.364746
62 0 1000 1000 1.34477
63 1 0.264786 1.4074 0.761908
63 0 1000 1000 1.81374
64 1 0.250544 1.51086 0.523574
64 0 1000 1000 0.008069
65 1 0.233364 1.26098 0.294584
65 0 1000 1000 0.058495
66 1 0.254794 1.43867 0.909972
66 0 1000 1000 1.52249
67 1 0.26296 1.55578 1.35705
67 0 1000 1000 0.773405
68 1 0.261047 1.72641 0.340012
68 0 1000 1000 1.74504
69 1 0.260726 2.19933 0.68901
69 0 1000 1000 0.032286
70 1 0.231781 1.34603 0.439838
70 0 1000 1000 1.38566
71 1 0.265935 1.36552 0.653521
71 0 1000 1000 0.771305
72 1 0.259213 1.79822 0.58194
72 0 1000 1000 14.4025
73 1 0.236463 1.72384 0.748101
73 0 1000 1000 3.12702
74 1 0.242977 3.01871 0.534226
74 0 1000 1000 1.35508
75 1 0.263673 1.91016 0.713053
75 0 1000 1000 1.27689
76 1 0.265207 1.73327 0.587705
76 0 1000 1000 0.009931
77 1 0.251629 3.40988 0.930827
77 0 1000 1000 0.015596
78 1 0.271198 1.87303 0.830826
78 0 1000 1000 1.34132
79 1 0.259617 1.34539 0.817668
79 0 1000 1000 1.31304
80 1 0.244459 1.50351 0.696659
80 0 1000 1000 1.06094
81 1 0.271458 2.03234 0.740847
81 0 1000 1000 1.71098
82 1 0.266556 1.28143 0.68293
82 0 1000 1000 0.034377
83 1 0.274907 1.90807 0.745088
83 0 1000 1000 0.017448
84 1 0.268997 3.33782 0.666432
84 0 1000 1000 0.008226
85 1 0.263272 2.82209 1.3671
85 0 1000 1000 0.023218
86 1 0.261174 1.95954 0.651286
86 0 1000 1000 0.031737
87 1 0.248857 1.64024 1.08153
87 0 1000 1000 0.911694
88 1 0.263204 1.22464 0.55332
88 1 0.242803 2.88736 0.965297
89 1 0.260932 3.08301 0.904841
89 0 1000 1000 1.30133
90 1 0.262211 1.53136 1.00051
90 0 1000 1000 0.014389
91 1 0.460309 2.59174 1.10359
91 0 1000 1000 0.014394
92 1 0.251379 1.50026 1.28089
92 0 1000 1000 1.24862
93 1 0.263094 1.53986 0.789953
93 0 1000 1000 0.006678
94 1 0.285109 1.45522 0.738109
94 0 1000 1000 0.719759
95 1 0.255148 1.62653 0.336878
95 0 1000 1000 1.37441
96 1 0.277912 1.26908 0.794239
96 0 1000 1000 1.73823
97 1 0.240189 1.57997 0.999469
97 0 1000 1000 1.13024
98 1 0.251922 1.5822 1.05581
98 0 1000 1000 0.035415
99 1 0.252533 1.60644 1.15931
99 0 1000 1000 0.007317
