0 1 0.244012 1.28525 0.879576
0 1 0.24286 1.41652 2.24687
1 1 0.28825 1.57233 1.17246
1 0 1000 1000 1.18427
2 1 0.252106 1.74701 1.91439
2 0 1000 1000 2.17986
3 1 0.24876 1.71638 0.560695
3 0 1000 1000 0.999234
4 1 0.262838 1.51954 0.558582
4 0 1000 1000 1.26989
5 1 0.251635 1.68002 0.389633
5 0 1000 1000 2.28852
6 1 0.250698 1.79321 0.411865
6 0 1000 1000 4.11658
7 0 1000 1000 0.806077
7 1 0.267838 1.95431 0.480995
8 1 0.258666 1.83856 1.16891
8 1 0.283903 1.78228 2.51284
9 1 0.24113 1.99122 0.896879
9 0 1000 1000 1.5602
10 1 0.252451 1.83295 0.730087
10 0 1000 1000 1.75066
11 0 1000 1000 0.608719
11 1 0.253844 3.3155 1.46116
12 1 0.269252 1.532 1.01253
12 1 0.270651 1.64874 1.23345
13 0 1000 1000 0.815325
13 1 0.241097 3.29857 1.31416
14 1 0.271328 1.56047 0.922165
14 1 0.301164 1.74086 4.239
15 1 0.19231 1.5843 1.0501
15 1 0.283381 1.74389 0.541356
16 0 1000 1000 0.836467
16 0 1000 1000 2.9029
17 1 0.277276 1.73561 0.512052
17 1 0.272536 1.83145 0.465809
18 1 0.268602 1.82667 0.890381
18 1 0.264803 1.93374 1.18861
19 1 0.257255 1.57445 0.590337
19 0 1000 1000 1.48678
20 1 0.261537 1.29035 0.642741
20 1 0.37587 1.82371 1.30682
21 1 0.24879 1.13704 0.658783
21 0 1000 1000 238.202
22 1 0.311721 1.74152 1.74308
22 1 0.43233 1.73542 6.67994
23 1 0.253452 1.76836 1.32908
23 0 1000 1000 2.924
24 1 0.328945 1.47336 0.799543
24 0 1000 1000 0.964125
25 1 0.256628 1.60608 0.453004
25 0 1000 1000 1.45999
26 1 0.253701 1.34476 0.692971
26 0 1000 1000 2.52331
27 0 1000 1000 1.00503
27 1 0.295033 1.95816 1.7439
28 0 1000 1000 1.09425
28 0 1000 1000 6.95477
29 1 0.276381 1.15309 1.03016
29 1 0.285948 1.50846 1.55889
30 1 0.258164 1.81391 0.810555
30 0 1000 1000 1.54485
31 1 0.342567 1.77531 1.62302
31 1 0.295976 1.66615 0.917323
32 1 0.282281 1.77268 0.623754
32 1 0.191564 1.85847 0.712602
33 0 1000 1000 0.683963
33 1 0.239558 1.38272 1.04078
34 1 0.25682 1.6844 0.381882
34 1 0.264947 2.07861 1.34404
35 1 0.307572 1.42885 0.961723
35 1 0.206468 1.41081 0.826312
36 1 0.287644 1.41152 0.544259
36 0 1000 1000 2.46519
37 1 0.233792 1.553 1.20028
37 0 1000 1000 250.819
38 1 0.251337 1.672 0.977763
38 1 0.315226 1.79782 1.74533
39 1 0.258033 1.44794 0.78493
39 0 1000 1000 1.00736
40 1 0.299387 1.79254 1.84519
40 1 0.330807 2.39235 1.65256
41 1 0.280171 1.31385 0.613742
41 0 1000 1000 0.877209
42 1 0.269137 1.54727 0.492814
42 1 0.250997 1.45358 1.83795
43 1 0.25945 1.6263 0.406692
43 0 1000 1000 1.4189
44 1 0.238061 1.6268 1.81109
44 1 0.313837 1.99276 5.95307
45 0 1000 1000 0.93597
45 0 1000 1000 2.93597
46 1 0.263922 1.15322 1.1714
46 1 0.349111 1.76899 89.1124
47 1 0.318619 1.81511 0.698776
47 1 0.239747 1.67542 0.643462
48 0 1000 1000 1.27342
48 1 0.251915 1.64593 1.03848
49 1 0.202362 1.38762 0.553224
49 1 0.451055 1.74457 0.801278
50 1 0.254656 1.36938 1.13002
50 1 0.25949 1.33115 0.581632
51 1 0.375112 1.39382 1.26566
51 0 1000 1000 4.86646
52 1 0.242443 1.5224 0.742576
52 1 0.2323 1.58438 1.20229
53 1 0.256531 1.79008 0.369889
53 1 0.354218 2.30363 2.31561
54 1 0.344837 1.35478 0.862606
54 0 1000 1000 2.69948
55 1 0.277353 1.82568 0.629959
55 0 1000 1000 4.19109
56 1 0.248258 1.80465 0.699275
56 0 1000 1000 0.524897
