0 1 0.272561 1.98262 1.52727
0 0 1000 1000 235.358
1 1 0.260351 1.82435 0.634261
1 1 0.245377 1.75369 1.13637
2 1 0.250771 1.62506 0.385785
2 1 0.353063 2.13536 1.38464
3 1 0.280113 1.56278 0.969295
3 1 0.255389 1.4904 1.12266
4 1 0.272873 1.56071 0.534564
4 0 1000 1000 1.14467
5 1 0.261783 1.67281 1.10343
5 1 0.272352 1.82889 2.97424
6 1 0.246957 2.10208 1.28152
6 0 1000 1000 5.49037
7 1 0.250031 1.4298 0.588656
7 0 1000 1000 1.10564
8 1 0.275772 1.33973 0.721524
8 0 1000 1000 1.93919
9 1 0.337391 1.42523 0.534639
9 0 1000 1000 0.694101
10 1 0.249547 1.10711 0.753668
10 0 1000 1000 2.62105
11 1 0.257181 1.63317 0.966046
11 0 1000 1000 1.59873
12 1 0.270194 1.91874 0.617177
12 1 0.267234 1.68282 0.706127
13 1 0.260416 1.57486 0.640197
13 1 0.306225 1.69688 2.43931
14 1 0.267105 1.37585 0.923321
14 0 1000 1000 2.94063
15 1 0.262631 1.53475 1.05779
15 0 1000 1000 0.8527
16 1 0.280122 1.42491 0.474737
16 1 0.283033 1.6461 0.684662
17 1 0.257801 1.99382 1.75059
17 0 1000 1000 0.976325
18 1 0.25872 1.73866 1.05471
18 0 1000 1000 1.5954
19 1 0.289074 1.95007 1.16629
19 0 1000 1000 0.898038
20 1 0.273932 1.52633 0.822719
20 0 1000 1000 2.0665
21 1 0.267749 1.69042 0.762709
21 1 0.258148 1.42852 1.03847
22 1 0.247351 1.29268 0.882282
22 1 0.215085 1.65894 1.30475
23 1 0.260846 1.6042 0.638093
23 0 1000 1000 1.26486
24 1 0.246297 2.58068 1.02863
24 1 0.30015 1.61427 1.49568
25 1 0.272456 1.66017 0.846526
25 0 1000 1000 1.00616
26 1 0.300547 1.34927 1.18396
26 1 0.26276 2.86656 0.793969
27 1 0.286621 2.15103 2.05606
27 0 1000 1000 0.593366
28 1 0.267043 1.42257 0.867008
28 1 0.337554 2.78451 2.27373
29 1 0.240113 2.15594 0.73092
29 0 1000 1000 0.93827
30 1 0.260004 1.89935 0.388091
30 1 0.275096 1.93171 1.6592
31 1 0.240002 1.90851 1.89704
31 1 0.231598 1.88549 0.710823
32 1 0.269424 1.37212 1.67429
32 1 0.278333 1.31505 2.01361
33 1 0.233718 1.27413 1.33208
33 1 0.306579 1.44995 2.03293
34 1 0.283756 1.50759 0.74236
34 1 0.324834 1.61809 3.21773
35 1 0.382234 1.5875 1.58958
35 0 1000 1000 0.953709
36 1 0.251342 1.37403 1.53931
36 0 1000 1000 1.84657
37 1 0.26743 1.2443 0.722481
37 0 1000 1000 1.83124
38 1 0.302682 1.60087 1.03876
38 1 0.212749 1.53058 1.02013
39 1 0.323356 1.55527 0.931322
39 0 1000 1000 2.13194
40 1 0.274441 1.29129 1.21392
40 0 1000 1000 1.1224
41 1 0.278955 1.63497 0.57203
41 1 0.286505 1.71026 0.813701
42 1 0.269365 1.72072 0.672694
42 1 0.249822 1.77047 1.22981
43 1 0.263677 1.95693 0.725686
43 0 1000 1000 0.872545
44 1 0.256385 1.25664 1.27725
44 0 1000 1000 1.36202
45 1 0.29492 1.40365 1.0784
45 0 1000 1000 1.78209
46 1 0.266249 1.73016 0.599719
46 0 1000 1000 1.63635
47 1 0.273492 1.74764 0.875309
47 1 0.271262 1.94403 2.32651
48 1 0.266285 1.66013 1.41107
48 0 1000 1000 2.4578
49 1 0.309457 2.09432 1.21505
49 0 1000 1000 1.25548
50 0 1000 1000 0.817569
50 1 0.258089 1.83324 1.25064
51 1 0.368673 1.33586 1.15098
51 1 0.284589 1.42803 1.4336
52 1 0.378115 1.68839 0.86275
52 0 1000 1000 1.48289
53 1 0.273122 1.19584 0.588459
53 0 1000 1000 3.52059
54 1 0.255086 1.20562 0.650557
54 0 1000 1000 1.17253
55 1 0.264911 1.56527 1.096
55 0 1000 1000 0.701865
56 1 0.272897 1.36725 0.82863
56 1 0.292239 1.46822 1.61526
57 1 0.281384 1.23446 0.855115
57 1 0.280569 2.82972 0.989697
58 1 0.252557 1.68681 0.473764
58 0 1000 1000 0.757683
59 1 0.244295 1.73579 0.958229
59 0 1000 1000 3.49258
60 1 0.306271 1.49483 0.771712
60 0 1000 1000 0.000224
61 1 0.285413 1.65203 1.1235
61 0 1000 1000 0.998794
62 1 0.268579 1.57454 0.760439
62 0 1000 1000 0.91055
63 1 0.327772 1.56559 0.700188
63 0 1000 1000 0.866738
64 1 0.243211 1.77301 1.00581
64 1 0.31611 1.87347 0.657612
65 1 0.362241 1.72838 1.17768
65 0 1000 1000 1.37809
66 1 0.239756 1.46869 0.739588
66 0 1000 1000 1.40388
67 1 0.286155 1.50101 0.873943
67 1 0.233413 1.77642 1.93364
68 1 0.26992 1.7964 0.901163
68 0 1000 1000 11.01
69 1 0.294919 1.36114 1.32979
69 0 1000 1000 6.05219
70 1 0.265372 1.82275 0.726748
70 0 1000 1000 1.43619
71 1 0.280054 1.65621 1.22265
71 0 1000 1000 239.011
72 1 0.279308 1.38745 0.49778
72 0 1000 1000 1.06286
73 1 0.271377 1.28821 1.68885
73 0 1000 1000 15.9415
74 1 0.318126 1.54418 1.33728
74 1 0.265385 1.79576 8.39564
75 1 0.295233 1.99416 0.819161
75 0 1000 1000 1.80004
76 1 0.269344 1.53756 0.959739
76 0 1000 1000 1.17898
77 1 0.269329 1.75327 0.741682
77 0 1000 1000 1.38567
78 1 0.263325 1.51228 0.592175
78 0 1000 1000 0.724351
79 1 0.295725 1.46516 1.26676
79 1 0.324133 1.36891 1.67735
80 1 0.412499 1.59644 1.55855
80 0 1000 1000 5.36338
81 1 0.257688 1.78726 0.577149
81 0 1000 1000 1.48951
82 1 0.267286 1.49388 1.36248
82 0 1000 1000 0.00021
83 1 0.261354 1.91585 0.497814
83 0 1000 1000 2.24234
84 1 0.405038 1.52542 1.13753
84 0 1000 1000 0.000228
85 1 0.284272 1.48089 0.6281
85 1 0.297931 3.01195 1.84328
86 1 0.248702 1.91536 1.01797
86 0 1000 1000 1.7443
87 1 0.328041 1.17725 0.894386
87 1 0.194349 1.32382 0.783775
88 1 0.271733 1.55928 1.29306
88 1 0.266113 1.71491 0.662909
89 1 0.254966 1.73354 0.536522
89 0 1000 1000 1.29516
90 1 0.278195 1.77945 0.442064
90 0 1000 1000 7.15168
91 1 0.239086 2.06195 0.823673
91 1 0.245835 1.83467 1.02847
92 1 0.269649 1.55263 0.691585
92 1 0.209026 1.78397 0.857388
93 1 0.271454 1.55604 0.808943
93 0 1000 1000 1.39167
94 1 0.239323 1.89411 0.956001
94 0 1000 1000 1.69465
95 1 0.208669 1.49486 0.697211
95 0 1000 1000 1.03336
96 1 0.252652 1.78575 0.752097
96 0 1000 1000 1.88599
97 1 0.284069 1.5968 0.489769
97 0 1000 1000 3.32628
98 1 0.259306 1.77023 0.521541
98 1 0.266352 1.96167 9.05552
99 1 0.411105 1.81416 0.783922
99 0 1000 1000 3.20124
