0 1 0.252882 2.75083 0.526268
0 1 0.295249 1.55791 0.734165
1 1 0.242803 1.4866 0.652284
1 1 0.258475 1.50101 1.15562
2 1 0.301099 1.66469 1.52576
2 0 1000 1000 0.661845
3 1 0.253528 1.55958 0.8897
3 0 1000 1000 117.396
4 1 0.249472 1.38127 0.35567
4 1 0.24668 1.5025 0.326424
5 1 0.244752 1.18139 1.14765
5 0 1000 1000 1.13727
6 1 0.262387 1.94432 0.965828
6 1 0.248559 1.97893 1.0745
7 1 0.25349 1.29411 0.688824
7 1 0.312766 1.62958 23.9456
8 1 0.270947 1.6897 0.80211
8 0 1000 1000 0.031119
9 1 0.265811 2.15214 1.05656
9 0 1000 1000 0.561622
10 1 0.240357 2.06905 1.04869
10 0 1000 1000 2.57005
11 1 0.281659 1.67543 0.979998
11 1 0.414125 1.5018 1.37516
12 1 0.281504 2.04679 1.40903
12 0 1000 1000 1.43327
13 1 0.257858 1.29217 0.741038
13 0 1000 1000 1.37362
14 1 0.273834 1.22225 1.45982
14 0 1000 1000 1.51931
15 1 0.279535 1.60572 0.496728
15 0 1000 1000 0.029936
16 1 0.229438 1.26727 0.917774
16 1 0.253898 1.43121 0.664876
17 1 0.264265 3.01956 0.978116
17 0 1000 1000 1.86597
18 1 0.254285 1.29273 0.421247
18 0 1000 1000 27.7029
19 1 0.248226 1.85443 1.16122
19 0 1000 1000 1.51146
20 1 0.439791 1.29142 1.19931
20 1 0.31949 1.94743 2.07836
21 1 0.234578 1.34297 0.714243
21 1 0.186872 1.4747 0.477418
22 1 0.252094 1.60988 0.379982
22 0 1000 1000 203.429
23 1 0.232749 1.98081 1.11135
23 0 1000 1000 0.008327
24 1 0.267864 1.72386 1.338
24 0 1000 1000 0.022999
25 1 0.317846 1.44231 0.704838
25 1 0.253012 1.53955 0.561583
26 1 0.300708 1.54877 0.481231
26 1 0.281456 1.92275 0.973191
27 1 0.262578 1.87758 1.72576
27 0 1000 1000 1.39215
28 1 0.256386 1.99096 0.987078
28 0 1000 1000 1.01841
29 1 0.254367 1.75159 0.820203
29 0 1000 1000 0.010208
30 0 1000 1000 0.746929
30 0 1000 1000 0.391392
31 1 0.236239 2.00643 0.793098
31 0 1000 1000 0.016879
32 1 0.236885 1.8212 0.436411
32 0 1000 1000 1.39292
33 1 0.232435 1.48908 0.747055
33 0 1000 1000 10.8496
34 1 0.254247 1.68924 0.921789
34 1 0.355919 1.77048 2.32275
35 1 0.24629 1.38692 0.416654
35 0 1000 1000 1.56963
36 1 0.259425 1.63506 0.846134
36 0 1000 1000 4.42984
37 1 0.255116 1.68124 0.440622
37 0 1000 1000 0.377648
38 1 0.234649 1.38007 0.5367
38 1 0.239232 1.38822 2.03498
39 1 0.243233 2.10471 0.814597
39 0 1000 1000 1.32623
40 1 0.266584 1.84802 0.484403
40 0 1000 1000 1.49336
41 1 0.246974 1.81095 0.939288
41 1 0.235449 1.64885 0.455457
42 1 0.307442 1.72114 0.778325
42 0 1000 1000 0.046501
43 1 0.240345 1.67807 0.382969
43 0 1000 1000 0.004437
44 1 0.268258 2.09564 0.721838
44 0 1000 1000 0.012567
45 1 0.263928 3.28178 0.846979
45 0 1000 1000 1.08625
46 1 0.261384 2.00106 1.0715
46 1 0.334427 1.63234 2.84053
47 1 0.24475 1.53445 1.27854
47 1 0.263019 1.51132 1.1324
48 1 0.251101 1.54993 0.38434
48 1 0.271501 1.67145 1.31326
49 1 0.269182 2.61954 1.00252
49 1 0.281016 1.62753 2.11658
50 1 0.257549 1.49217 0.786222
50 0 1000 1000 1.32332
51 1 0.282817 1.59093 0.91448
51 0 1000 1000 2.32205
52 1 0.261009 1.88688 1.16389
52 1 0.293527 1.91623 0.467837
53 1 0.276344 1.82514 0.771634
53 0 1000 1000 0.02297
54 1 0.264434 1.76609 1.43905
54 0 1000 1000 0.024306
55 1 0.25194 1.43808 0.702245
55 1 0.254162 1.56011 1.70544
56 1 0.24916 1.34074 0.553177
56 1 0.445284 2.38093 2.06262
57 1 0.247366 1.55581 0.566499
57 1 0.241348 1.51867 1.50313
58 1 0.263553 3.19759 1.106
58 0 1000 1000 2.05975
59 1 0.231235 3.00829 1.04872
59 0 1000 1000 2.19432
60 1 0.280519 3.25451 1.34986
60 1 0.269105 1.97414 1.57323
61 1 0.262024 1.70195 0.611145
61 0 1000 1000 0.009827
62 1 0.26685 2.5276 0.757918
62 1 0.263143 1.15623 0.74987
63 1 0.27532 2.01149 1.40945
63 1 0.218573 1.85516 1.17835
64 1 0.24988 1.85142 0.447077
64 0 1000 1000 1.27217
65 1 0.284349 1.43882 1.29375
65 1 0.238401 1.60935 1.02462
66 1 0.224873 1.64455 0.956227
66 0 1000 1000 0.027798
67 1 0.274202 1.7097 0.819215
67 0 1000 1000 1.30933
68 1 0.265808 2.78592 1.37997
68 0 1000 1000 2.05741
69 1 0.239169 1.79333 0.41446
69 1 0.308987 2.1422 2.52691
70 1 0.263196 2.03983 0.704691
70 1 0.274583 1.76096 0.728322
71 1 0.252254 1.51415 0.432946
71 1 0.31777 1.82098 3.04625
72 1 0.235123 1.40484 0.94548
72 1 0.304977 1.45239 5.11876
73 1 0.239059 1.58169 0.705158
73 1 0.268205 1.63659 20.8955
74 1 0.266419 1.07664 1.32148
74 1 0.281752 1.51482 1.06842
75 1 0.270232 1.8812 0.767002
75 0 1000 1000 0.010635
76 1 0.265326 1.82708 0.564272
76 1 0.277533 2.00323 1.12713
77 1 0.272486 1.16028 0.837177
77 1 0.264656 1.50777 1.05424
78 1 0.241726 1.95087 0.723726
78 0 1000 1000 0.59813
79 1 0.248302 1.32813 0.582385
79 1 0.244234 1.61364 2.09169
80 1 0.247004 1.5939 0.569053
80 1 0.318106 1.76694 19.6878
81 1 0.240392 2.16301 0.851281
81 0 1000 1000 0.0178
82 1 0.240927 1.70522 0.706136
82 1 0.264899 1.53376 0.727973
83 1 0.250623 1.49733 0.386273
83 0 1000 1000 120.622
84 1 0.253961 1.1901 0.346875
84 1 0.310106 1.73103 4.71967
85 1 0.307478 1.35877 1.02314
85 1 0.321891 1.79434 0.762104
86 1 0.233212 1.59112 0.63642
86 0 1000 1000 18.9533
87 1 0.251235 1.4344 0.807926
87 1 0.303841 1.56496 0.625918
88 1 0.271006 1.55708 1.08619
88 0 1000 1000 0.033977
89 1 0.268353 1.85288 1.07274
89 1 0.248609 1.88921 0.627018
90 1 0.241979 1.41422 0.760136
90 1 0.240402 1.67172 1.44832
91 1 0.26768 1.3168 0.600758
91 0 1000 1000 237.245
92 1 0.244687 1.45435 0.535499
92 0 1000 1000 1.43638
93 1 0.285631 1.54198 0.756125
93 0 1000 1000 0.033598
94 1 0.274547 1.75761 0.823155
94 0 1000 1000 0.335648
95 1 0.256553 1.23118 0.330837
95 1 0.268399 1.5324 1.7886
96 1 0.267978 1.41771 0.694228
96 1 0.246509 1.4492 0.428049
97 1 0.259498 1.77293 0.77507
97 1 0.241149 1.53614 0.76735
98 1 0.243331 1.46477 1.11396
98 1 0.326295 1.98279 186.502
99 1 0.246554 1.54355 0.826657
99 1 0.243525 1.67061 0.555652
