0 1 0.272831 1.39064 0.499459
0 1 0.28242 1.60274 3.41583
1 1 0.280362 1.64101 0.621273
1 1 0.308947 2.63545 1.4537
2 1 0.255314 1.80461 0.377668
2 1 0.300152 1.94779 0.85585
3 1 0.268157 1.12324 0.692986
3 1 0.222653 2.18488 1.16501
4 1 0.24443 1.36562 0.634204
4 0 1000 1000 1.09683
5 1 0.236792 2.9117 0.849951
5 0 1000 1000 1.36262
6 1 0.264693 1.33685 0.452075
6 0 1000 1000 1.57283
7 1 0.257477 2.86238 1.11474
7 1 0.243554 1.65718 3.26554
8 1 0.248159 1.89706 0.984344
8 0 1000 1000 0.966404
9 1 0.270955 1.2343 0.381084
9 1 0.23981 1.44326 1.65336
10 1 0.303145 1.691 0.821283
10 0 1000 1000 0.915693
11 1 0.26883 2.90257 0.856909
11 1 0.219731 1.89397 1.03996
12 1 0.264204 2.95407 1.05657
12 0 1000 1000 4.67481
13 1 0.264863 1.28603 1.0349
13 1 0.36249 1.95169 3.95748
14 1 0.33946 2.15558 1.56871
14 0 1000 1000 0.890847
15 1 0.277001 1.80832 0.868624
15 1 0.232407 1.91183 0.640342
16 1 0.274409 1.16433 0.686434
16 0 1000 1000 2.70038
17 1 0.262089 1.55268 0.797736
17 1 0.363239 1.64953 2.02563
18 1 0.259859 1.48445 0.929497
18 0 1000 1000 2.60375
19 1 0.251643 2.01578 1.13392
19 0 1000 1000 51.4048
20 1 0.258541 3.24153 1.07966
20 0 1000 1000 1.32226
21 1 0.259894 1.7673 0.393378
21 1 0.247312 2.15778 0.833779
22 1 0.275484 2.85839 1.16556
22 1 0.361124 2.13646 3.23378
23 1 0.244731 1.9086 0.710828
23 1 0.326265 1.98484 1.39253
24 1 0.263274 2.95862 1.01514
24 0 1000 1000 0.849596
25 1 0.25238 1.3669 0.36562
25 1 0.279619 1.5173 5.64045
26 1 0.273725 1.54004 0.439896
26 0 1000 1000 1.04633
27 1 0.239066 2.12918 1.4194
27 0 1000 1000 15.8125
28 1 0.25829 1.3422 0.573704
28 1 0.261992 1.52617 1.46461
29 1 0.24681 1.89694 1.05318
29 0 1000 1000 1.22238
30 1 0.258203 1.66536 0.700324
30 0 1000 1000 1.04537
31 1 0.282379 1.57999 0.956906
31 0 1000 1000 8.76118
32 1 0.246673 3.011 0.694163
32 1 0.301375 1.79158 3.07912
33 1 0.261032 2.96669 1.27897
33 0 1000 1000 1.57418
34 1 0.269786 1.75868 0.84648
34 1 0.300396 1.41414 1.46131
35 1 0.255198 1.32771 0.529563
35 1 0.259288 1.43656 1.32188
36 1 0.260891 1.22824 0.7165
36 1 0.317985 1.72744 2.19863
37 1 0.268787 3.39238 0.969487
37 0 1000 1000 0.011351
38 1 0.251727 1.34313 1.00649
38 0 1000 1000 0.855393
39 1 0.271708 1.27643 1.04255
39 0 1000 1000 1.30863
40 1 0.241646 2.45059 0.869064
40 1 0.258965 1.67818 2.2908
41 1 0.250162 3.1871 0.562185
41 0 1000 1000 1.17956
42 1 0.263357 1.87615 0.694165
42 0 1000 1000 8.44639
43 1 0.403543 2.24715 0.626637
43 0 1000 1000 0.91202
44 1 0.251141 1.53121 0.917782
44 0 1000 1000 7.67555
45 1 0.260347 1.81917 0.573139
45 0 1000 1000 1.61184
46 1 0.268166 1.40699 0.760265
46 0 1000 1000 14.2328
47 1 0.26442 1.63369 0.733408
47 0 1000 1000 1.65059
48 1 0.275145 1.61814 0.635072
48 0 1000 1000 1.56518
49 1 0.253666 2.1331 0.995083
49 1 0.406962 2.02509 5.53071
50 1 0.262576 1.45888 0.383991
50 0 1000 1000 1.15973
51 1 0.253544 1.65104 0.402625
51 1 0.339744 2.15302 1.96959
52 1 0.246469 1.05167 0.39661
52 0 1000 1000 2.00707
53 1 0.256077 1.71069 0.748985
53 0 1000 1000 1.45257
54 1 0.262619 1.10607 0.516263
54 1 0.246501 1.81509 0.408627
55 1 0.270258 1.41175 0.988274
55 1 0.244232 2.00516 0.457042
56 1 0.258095 1.79392 0.867006
56 0 1000 1000 0.008041
57 1 0.251112 2.11957 0.953676
57 1 0.34432 1.5942 1.59702
58 1 0.285762 1.83197 1.67921
58 0 1000 1000 1.07984
59 1 0.25032 1.12522 0.478726
59 1 0.249665 1.51644 1.12926
60 1 0.273008 3.17114 0.737959
60 0 1000 1000 1.38332
61 1 0.235509 2.81783 0.923448
61 1 0.247632 1.64404 0.760926
62 1 0.267543 1.28618 0.346289
62 1 0.327019 1.6303 2.29626
63 1 0.250715 2.04159 0.66739
63 1 0.245134 1.66897 2.67562
64 1 0.270371 2.92655 0.992988
64 1 0.204253 1.42727 1.59055
65 1 0.268093 2.42026 0.759731
65 0 1000 1000 0.376225
66 1 0.24615 2.87096 0.546364
66 1 0.340114 1.76386 1.42818
67 1 0.254529 2.06539 0.819145
67 0 1000 1000 1.90582
68 1 0.249849 1.41458 1.51266
68 1 0.264014 1.67393 24.055
69 1 0.279593 1.52064 0.618706
69 1 0.31925 1.56369 2.88552
70 1 0.258445 1.56965 1.19019
70 1 0.338642 1.85951 2.15401
71 1 0.241439 1.5612 0.962342
71 0 1000 1000 1.80462
72 1 0.274889 1.6333 1.78048
72 0 1000 1000 0.608974
73 1 0.274877 2.93845 1.39985
73 1 0.250931 1.74152 0.986007
74 1 0.315683 1.79927 0.959682
74 0 1000 1000 1.23532
75 1 0.287408 1.52128 1.21836
75 1 0.378632 2.33902 1.15359
76 1 0.260196 1.84678 0.406927
76 0 1000 1000 0.038621
77 1 0.246277 1.41918 0.983999
77 1 0.315628 1.9971 3.6125
78 1 0.265184 1.21436 0.76546
78 1 0.311896 1.72691 1.05277
79 1 0.251972 1.70531 1.0057
79 0 1000 1000 1.07479
80 1 0.264094 2.13769 0.73873
80 1 0.245504 1.99904 1.53352
81 1 0.270408 1.81876 1.03828
81 0 1000 1000 0.006843
82 1 0.26191 1.71857 0.715436
82 0 1000 1000 2.09676
83 1 0.247097 1.74196 0.411918
83 0 1000 1000 1.23173
84 1 0.347313 1.63917 1.27158
84 0 1000 1000 0.872356
85 1 0.260797 1.08842 0.765088
85 1 0.272854 1.45303 3.10058
86 1 0.278769 1.63562 0.862932
86 1 0.392129 1.98733 1.72842
87 1 0.248446 2.54368 0.754869
87 0 1000 1000 0.960394
88 1 0.303249 1.63511 0.908954
88 1 0.310154 2.29488 1.70904
89 1 0.241074 1.93912 0.957389
89 0 1000 1000 1.42111
90 1 0.258447 1.82182 1.26128
90 0 1000 1000 0.005779
91 1 0.226081 1.89535 0.800843
91 0 1000 1000 1.5157
92 1 0.279878 1.20807 0.978378
92 0 1000 1000 9.04044
93 1 0.254509 1.30237 0.69161
93 0 1000 1000 0.777588
94 1 0.251923 1.14299 0.483287
94 1 0.264318 1.94287 7.63396
95 1 0.256443 1.7509 0.76992
95 1 0.379258 2.34213 1.42877
96 1 0.248354 1.32001 0.570446
96 1 0.246001 1.41513 2.27821
97 1 0.243928 1.2061 1.01083
97 1 0.325988 1.43523 4.23793
98 1 0.247121 2.85154 0.984794
98 0 1000 1000 2.77923
99 1 0.272408 3.2754 1.16894
99 0 1000 1000 56.5861
