0 40
1 0 0 0 0.000000 0.000000 0.000000 0.000000 2.858204
28 1 54 55 0.251326 1.864798 0.656864 1.040009 2.277739
29 1 56 37 0.243570 3.020856 0.474495 0.883270 2.637607
26 1 53 124 0.275223 2.094256 0.538409 2.819703 1.293033
29 1 56 37 0.243570 3.020856 0.474495 0.883270 2.637607
24 1 55 93 0.258946 3.070340 0.456424 2.293435 2.231970
29 1 56 37 0.243570 3.020856 0.474495 0.883270 2.637607
24 1 55 93 0.258946 3.070340 0.456424 2.293435 2.231970
1 8
0 0 0 0 0.000000 0.000000 0.000000 0.000000 2.831717
7 1 57 80 0.210295 1.984097 0.867898 1.106130 6.106719
7 1 57 80 0.210295 1.984097 0.867898 1.106130 6.106719
5 0 0 0 0.000000 0.000000 0.000000 0.000000 4.159824
7 1 57 80 0.210295 1.984097 0.867898 1.106130 6.106719
6 1 55 117 0.290550 1.957208 0.604170 1.248125 7.621777
6 1 55 117 0.290550 1.957208 0.604170 1.248125 7.621777
7 1 57 80 0.210295 1.984097 0.867898 1.106130 6.106719
2 37
3 0 0 0 0.000000 0.000000 0.000000 0.000000 2.864067
0 0 0 0 0.000000 0.000000 0.000000 0.000000 252.442910
27 1 49 53 0.249247 3.222943 0.537492 0.850586 1.729211
24 1 63 54 0.284016 1.539189 0.475468 0.904944 1.445915
27 1 49 53 0.249247 3.222943 0.537492 0.850586 1.729211
34 1 50 94 0.228782 3.149826 0.594166 3.763684 3.161086
27 1 49 53 0.249247 3.222943 0.537492 0.850586 1.729211
29 1 51 92 0.239295 3.147850 0.431474 1.714744 2.270569
3 41
5 0 0 0 0.000000 0.000000 0.000000 0.000000 8.895027
28 1 59 50 0.265451 3.283014 0.405283 1.112848 1.287847
26 1 57 54 0.273043 3.228510 0.341950 1.020443 2.712078
25 0 0 0 0.000000 0.000000 0.000000 0.000000 1.645105
26 1 57 54 0.273043 3.228510 0.341950 1.020443 2.712078
35 1 49 50 0.254041 3.320361 0.506433 1.022880 3.420874
31 1 50 106 0.253600 3.312994 0.717394 3.992663 1.937192
28 1 59 50 0.265451 3.283014 0.405283 1.112848 1.287847
4 35
3 0 0 0 0.000000 0.000000 0.000000 0.000000 3.478794
1 0 0 0 0.000000 0.000000 0.000000 0.000000 9.714631
27 1 51 66 0.261065 1.732982 0.436189 0.784831 4.357682
30 1 50 65 0.280962 1.677269 0.686312 0.670277 9.295339
27 1 51 66 0.261065 1.732982 0.436189 0.784831 4.357682
26 1 51 79 0.252732 1.651147 0.450064 1.928397 32.620152
27 1 51 66 0.261065 1.732982 0.436189 0.784831 4.357682
26 1 51 79 0.252732 1.651147 0.450064 1.928397 32.620152
5 26
0 0 0 0 0.000000 0.000000 0.000000 0.000000 2.419607
13 0 0 0 0.000000 0.000000 0.000000 0.000000 4.553412
22 1 55 53 0.247141 3.336921 0.475999 1.415900 2.111212
25 1 60 82 0.277500 1.958911 0.605015 1.178381 2.616667
22 1 55 53 0.247141 3.336921 0.475999 1.415900 2.111212
23 1 45 104 0.267007 1.861561 0.441715 2.109005 1.897283
21 1 55 59 0.295491 1.979653 0.439723 1.291301 4.518525
23 1 45 104 0.267007 1.861561 0.441715 2.109005 1.897283
6 37
5 0 0 0 0.000000 0.000000 0.000000 0.000000 3.838904
36 0 0 0 0.000000 0.000000 0.000000 0.000000 0.555684
26 1 50 77 0.249852 3.309089 0.457810 1.973025 24.810875
24 1 54 148 0.228590 2.008757 0.814593 3.977179 8.431680
26 1 50 77 0.249852 3.309089 0.457810 1.973025 24.810875
35 1 47 52 0.232641 1.794392 0.623587 1.002151 1.630930
29 1 56 87 0.240247 2.176164 0.481391 2.081506 2.502828
27 1 51 98 0.241814 3.228587 0.540258 2.737390 2.065949
7 35
2 0 0 0 0.000000 0.000000 0.000000 0.000000 3.005912
12 0 0 0 0.000000 0.000000 0.000000 0.000000 14.440566
34 1 48 39 0.229468 2.927593 0.494931 0.653254 1.532568
28 1 75 104 0.320472 1.772762 0.559481 0.886730 2.938929
34 1 48 39 0.229468 2.927593 0.494931 0.653254 1.532568
29 1 49 116 0.268134 1.689478 0.518283 2.715538 4.340448
34 1 48 39 0.229468 2.927593 0.494931 0.653254 1.532568
29 1 49 116 0.268134 1.689478 0.518283 2.715538 4.340448
8 45
3 0 0 0 0.000000 0.000000 0.000000 0.000000 4.409286
29 0 0 0 0.000000 0.000000 0.000000 0.000000 0.634998
30 1 46 38 0.245873 1.616118 0.576545 0.647049 1.981132
29 0 0 0 0.000000 0.000000 0.000000 0.000000 0.634998
30 1 46 38 0.245873 1.616118 0.576545 0.647049 1.981132
32 1 42 56 0.242141 1.590383 0.574747 0.746211 1.559926
30 1 46 38 0.245873 1.616118 0.576545 0.647049 1.981132
25 1 62 82 0.269224 1.715571 0.430470 1.549458 2.343430
9 30
1 0 0 0 0.000000 0.000000 0.000000 0.000000 2.340895
6 0 0 0 0.000000 0.000000 0.000000 0.000000 10.313125
24 1 52 69 0.397133 1.971980 0.354944 1.132283 3.489608
28 1 60 65 0.405287 2.088767 0.511762 0.988941 2.830001
25 1 56 66 0.242313 3.319944 0.374675 1.027945 5.713240
26 1 50 90 0.242888 2.076323 0.481164 2.043933 1.396935
25 1 56 66 0.242313 3.319944 0.374675 1.027945 5.713240
26 1 50 90 0.242888 2.076323 0.481164 2.043933 1.396935
10 27
25 1 42 103 0.265938 1.511237 0.671599 2.553868 1.876381
13 0 0 0 0.000000 0.000000 0.000000 0.000000 10.656917
26 1 54 67 0.242841 1.528853 0.455614 1.006574 4.282997
19 0 0 0 0.000000 0.000000 0.000000 0.000000 3.165586
26 1 54 67 0.242841 1.528853 0.455614 1.006574 4.282997
20 1 61 99 0.279251 1.746541 0.639220 1.244580 4.011545
23 1 49 40 0.258552 1.699935 0.366572 0.706322 1.937317
24 1 53 93 0.265667 1.734391 0.491085 1.776364 3.486982
11 32
2 0 0 0 0.000000 0.000000 0.000000 0.000000 5.294222
18 1 58 39 0.301748 1.685668 0.583914 0.731130 6.623061
24 1 47 81 0.231022 3.193520 0.522371 1.885153 3.536950
22 1 44 116 0.244971 1.474290 0.563351 2.634848 1.578430
24 1 47 81 0.231022 3.193520 0.522371 1.885153 3.536950
18 1 58 39 0.301748 1.685668 0.583914 0.731130 6.623061
24 1 47 81 0.231022 3.193520 0.522371 1.885153 3.536950
18 1 58 39 0.301748 1.685668 0.583914 0.731130 6.623061
12 34
7 0 0 0 0.000000 0.000000 0.000000 0.000000 26.870408
4 0 0 0 0.000000 0.000000 0.000000 0.000000 5.900091
25 1 54 84 0.245602 1.809780 0.524324 0.950818 3.193983
24 1 42 52 0.239470 1.675911 0.521697 0.838727 1.347415
25 1 54 84 0.245602 1.809780 0.524324 0.950818 3.193983
32 1 45 38 0.238971 1.728406 0.409002 0.952291 3.075553
32 1 45 38 0.238971 1.728406 0.409002 0.952291 3.075553
27 1 53 45 0.240795 3.158061 0.463454 0.825087 1.880493
13 46
4 0 0 0 0.000000 0.000000 0.000000 0.000000 1.719243
27 0 0 0 0.000000 0.000000 0.000000 0.000000 2.160315
39 1 54 47 0.259034 3.162573 0.445893 0.991230 2.175740
32 0 0 0 0.000000 0.000000 0.000000 0.000000 0.819014
39 1 54 47 0.259034 3.162573 0.445893 0.991230 2.175740
44 1 56 57 0.263935 3.252900 0.444339 1.105610 1.478455
39 1 54 47 0.259034 3.162573 0.445893 0.991230 2.175740
42 1 57 50 0.262769 3.321247 0.580567 1.037396 2.559978
14 30
3 0 0 0 0.000000 0.000000 0.000000 0.000000 6.971781
16 1 59 40 0.257412 1.899886 0.441141 0.871744 1.411592
15 1 52 54 0.257576 3.299075 0.553078 0.861632 5.382988
14 1 51 82 0.258315 1.690319 0.734656 0.831821 2.479693
15 1 52 54 0.257576 3.299075 0.553078 0.861632 5.382988
23 1 48 48 0.249661 1.759859 0.658562 0.862166 1.315566
26 1 46 43 0.246489 1.746833 0.401520 0.868322 1.780277
16 1 59 40 0.257412 1.899886 0.441141 0.871744 1.411592
15 44
3 0 0 0 0.000000 0.000000 0.000000 0.000000 1.371044
30 1 53 67 0.251156 1.899917 0.625249 0.897343 1.895955
29 1 55 45 0.258280 3.276957 0.315161 0.946981 2.387090
28 0 0 0 0.000000 0.000000 0.000000 0.000000 2.341496
29 1 55 45 0.258280 3.276957 0.315161 0.946981 2.387090
31 1 58 89 0.254746 3.064119 0.521702 1.915915 1.954568
40 1 51 85 0.259961 3.247423 0.439896 1.673037 1.092591
30 1 53 67 0.251156 1.899917 0.625249 0.897343 1.895955
16 44
3 0 0 0 0.000000 0.000000 0.000000 0.000000 3.915833
24 0 0 0 0.000000 0.000000 0.000000 0.000000 1.169809
32 1 51 88 0.263817 1.624478 0.450930 1.286276 1.854721
31 0 0 0 0.000000 0.000000 0.000000 0.000000 0.751452
32 1 51 88 0.263817 1.624478 0.450930 1.286276 1.854721
34 1 48 64 0.261626 1.517497 0.794631 0.615957 1.597233
32 1 51 88 0.263817 1.624478 0.450930 1.286276 1.854721
34 1 48 64 0.261626 1.517497 0.794631 0.615957 1.597233
17 42
7 0 0 0 0.000000 0.000000 0.000000 0.000000 49.481962
38 0 0 0 0.000000 0.000000 0.000000 0.000000 0.858923
27 1 45 79 0.235189 1.547336 0.536475 1.336649 2.128090
24 1 50 86 0.253393 1.667643 0.741643 0.739059 1.766952
27 1 45 79 0.235189 1.547336 0.536475 1.336649 2.128090
36 1 55 47 0.242141 2.025809 0.589469 0.652332 1.103743
27 1 45 79 0.235189 1.547336 0.536475 1.336649 2.128090
30 1 50 43 0.238194 3.167599 0.561454 0.610899 1.379732
18 36
6 0 0 0 0.000000 0.000000 0.000000 0.000000 6.121682
32 1 45 81 0.285878 1.762202 0.377181 1.523608 1.550048
28 1 49 42 0.231600 3.117582 0.431735 0.805234 6.819334
21 1 49 98 0.264169 1.617215 0.687134 2.710617 2.330784
28 1 49 42 0.231600 3.117582 0.431735 0.805234 6.819334
32 1 45 81 0.285878 1.762202 0.377181 1.523608 1.550048
23 1 50 43 0.244343 3.275009 0.627021 0.783694 4.303859
32 1 45 81 0.285878 1.762202 0.377181 1.523608 1.550048
19 43
3 0 0 0 0.000000 0.000000 0.000000 0.000000 65.339583
20 0 0 0 0.000000 0.000000 0.000000 0.000000 0.991719
33 1 47 84 0.236137 1.846509 0.585150 2.122138 2.116650
24 1 54 49 0.353123 1.897975 0.380660 0.877110 1.187527
33 1 47 84 0.236137 1.846509 0.585150 2.122138 2.116650
31 1 51 45 0.254090 3.260912 0.503404 0.889633 1.650907
28 1 47 50 0.248374 3.327540 0.371471 1.055012 1.541893
31 1 51 45 0.254090 3.260912 0.503404 0.889633 1.650907
20 46
2 0 0 0 0.000000 0.000000 0.000000 0.000000 14.290920
39 1 54 46 0.259515 3.233433 0.547196 0.955803 3.191074
31 1 60 54 0.257615 1.879809 0.586401 0.931135 2.046401
30 1 48 54 0.266401 2.030210 0.466204 1.033095 0.672377
31 1 60 54 0.257615 1.879809 0.586401 0.931135 2.046401
32 1 55 65 0.251523 1.894649 0.776815 1.102762 2.365223
41 1 59 43 0.259030 3.123675 0.521442 0.953203 3.756090
31 1 60 54 0.257615 1.879809 0.586401 0.931135 2.046401
21 43
