0 29
28 0 0 0 0.000000 0.000000 0.000000 0.000000 1.333070
3 1 55 91 0.235939 3.035272 0.470660 1.376709 3.375244
5 1 54 34 0.246944 3.233087 0.338547 0.707683 5.845188
1 0 0 0 0.000000 0.000000 0.000000 0.000000 3.815377
5 1 54 34 0.246944 3.233087 0.338547 0.707683 5.845188
19 1 57 42 0.242416 3.302826 0.620359 0.727924 2.037831
5 1 54 34 0.246944 3.233087 0.338547 0.707683 5.845188
6 1 54 40 0.246044 1.664288 0.459175 0.687721 2.715259
1 25
24 0 0 0 0.000000 0.000000 0.000000 0.000000 1.464166
3 0 0 0 0.000000 0.000000 0.000000 0.000000 1.415872
12 1 55 124 0.243946 3.389908 0.527129 2.944776 2.127864
5 0 0 0 0.000000 0.000000 0.000000 0.000000 5.034823
12 1 55 124 0.243946 3.389908 0.527129 2.944776 2.127864
16 1 55 104 0.243773 2.037512 0.795442 2.014408 2.381246
12 1 55 124 0.243946 3.389908 0.527129 2.944776 2.127864
9 1 55 55 0.243144 3.371037 0.537933 1.048981 1.825529
2 27
23 0 0 0 0.000000 0.000000 0.000000 0.000000 1.054070
3 0 0 0 0.000000 0.000000 0.000000 0.000000 92.195448
12 1 62 50 0.261739 2.179470 0.481226 0.637299 2.258220
7 0 0 0 0.000000 0.000000 0.000000 0.000000 3.428303
12 1 62 50 0.261739 2.179470 0.481226 0.637299 2.258220
10 1 53 91 0.259220 3.327622 0.590215 2.890360 6.127293
12 1 62 50 0.261739 2.179470 0.481226 0.637299 2.258220
8 1 54 102 0.265631 1.605810 0.508489 1.257175 1.566981
3 29
21 1 52 92 0.237652 2.177804 0.519349 2.823089 2.245287
28 0 0 0 0.000000 0.000000 0.000000 0.000000 0.659212
14 1 54 101 0.252067 2.070402 0.532996 2.020595 1.545506
2 0 0 0 0.000000 0.000000 0.000000 0.000000 3.059858
14 1 54 101 0.252067 2.070402 0.532996 2.020595 1.545506
7 1 53 41 0.252895 3.408030 0.338898 0.907683 1.757850
14 1 54 101 0.252067 2.070402 0.532996 2.020595 1.545506
9 1 55 58 0.252079 3.386598 0.577733 0.927366 3.201246
4 7
2 0 0 0 0.000000 0.000000 0.000000 0.000000 2.289576
0 0 0 0 0.000000 0.000000 0.000000 0.000000 2.953509
6 1 46 43 0.275967 1.793208 0.551252 0.978703 1.937274
2 0 0 0 0.000000 0.000000 0.000000 0.000000 2.289576
6 1 46 43 0.275967 1.793208 0.551252 0.978703 1.937274
3 1 62 59 0.267692 3.417788 0.532038 1.072240 5.734647
6 1 46 43 0.275967 1.793208 0.551252 0.978703 1.937274
3 1 62 59 0.267692 3.417788 0.532038 1.072240 5.734647
5 30
29 1 60 126 0.258798 2.048476 0.790439 2.913959 1.780785
4 0 0 0 0.000000 0.000000 0.000000 0.000000 0.798638
19 1 56 64 0.263077 3.115135 0.609820 0.819817 2.728032
7 0 0 0 0.000000 0.000000 0.000000 0.000000 21.164584
25 1 56 80 0.260892 3.452642 0.525023 1.547850 1.812407
8 1 59 48 0.238872 1.926897 0.465070 0.767658 18.939227
26 1 55 91 0.277428 3.324198 0.529283 1.182770 2.686513
29 1 60 126 0.258798 2.048476 0.790439 2.913959 1.780785
6 10
9 1 57 45 0.260338 3.063695 0.463445 0.609658 2.352410
2 0 0 0 0.000000 0.000000 0.000000 0.000000 2.782316
8 1 55 73 0.239791 1.493477 0.521329 1.434199 8.374508
3 0 0 0 0.000000 0.000000 0.000000 0.000000 5.700604
8 1 55 73 0.239791 1.493477 0.521329 1.434199 8.374508
4 1 47 65 0.221882 1.690220 0.525918 0.795928 4.185939
8 1 55 73 0.239791 1.493477 0.521329 1.434199 8.374508
4 1 47 65 0.221882 1.690220 0.525918 0.795928 4.185939
7 27
23 1 52 121 0.262961 1.890491 0.600796 2.092042 1.399151
11 1 55 40 0.244353 3.343939 0.441843 0.961553 2.368068
12 1 55 78 0.241718 3.319382 0.475737 1.405487 1.758589
4 0 0 0 0.000000 0.000000 0.000000 0.000000 0.823836
12 1 55 78 0.241718 3.319382 0.475737 1.405487 1.758589
5 1 55 51 0.241120 3.303547 0.664914 0.975429 3.591531
12 1 55 78 0.241718 3.319382 0.475737 1.405487 1.758589
5 1 55 51 0.241120 3.303547 0.664914 0.975429 3.591531
8 9
8 1 59 95 0.251049 2.765780 0.580270 4.275580 6.841677
1 0 0 0 0.000000 0.000000 0.000000 0.000000 2.433244
5 1 57 76 0.250931 1.554735 0.766334 0.810151 4.888089
2 0 0 0 0.000000 0.000000 0.000000 0.000000 14.001632
5 1 57 76 0.250931 1.554735 0.766334 0.810151 4.888089
4 1 46 77 0.250633 1.670743 0.774180 0.817932 2.091589
5 1 57 76 0.250931 1.554735 0.766334 0.810151 4.888089
4 1 46 77 0.250633 1.670743 0.774180 0.817932 2.091589
9 29
26 1 56 51 0.268737 1.784091 0.476453 0.913756 1.061982
7 1 55 71 0.241136 1.995130 0.536454 1.154024 7.698885
15 1 56 49 0.249157 3.323628 0.586126 0.946122 2.633701
5 0 0 0 0.000000 0.000000 0.000000 0.000000 2.636310
15 1 56 49 0.249157 3.323628 0.586126 0.946122 2.633701
8 1 58 46 0.248209 1.836274 0.537272 0.860029 3.118616
15 1 56 49 0.249157 3.323628 0.586126 0.946122 2.633701
26 1 56 51 0.268737 1.784091 0.476453 0.913756 1.061982
10 31
27 1 49 68 0.235848 2.772170 0.496566 1.343670 0.999213
3 0 0 0 0.000000 0.000000 0.000000 0.000000 9.304417
22 1 57 42 0.288575 1.686199 0.689884 0.675125 2.355006
5 0 0 0 0.000000 0.000000 0.000000 0.000000 6.434588
22 1 57 42 0.288575 1.686199 0.689884 0.675125 2.355006
26 1 52 43 0.236010 1.432476 0.668407 0.588205 3.355649
30 1 52 65 0.259594 2.568743 0.458334 1.004078 1.355578
23 1 54 75 0.246995 2.767951 0.546661 1.500557 1.485987
11 24
4 0 0 0 0.000000 0.000000 0.000000 0.000000 10.385808
1 0 0 0 0.000000 0.000000 0.000000 0.000000 177.973190
13 1 57 110 0.254026 3.070726 0.597672 3.979166 1.686488
5 0 0 0 0.000000 0.000000 0.000000 0.000000 26.657038
13 1 57 110 0.254026 3.070726 0.597672 3.979166 1.686488
14 1 56 57 0.257008 1.616561 0.651703 0.852064 1.426665
20 1 56 89 0.314340 1.667276 0.866553 1.014889 2.588284
13 1 57 110 0.254026 3.070726 0.597672 3.979166 1.686488
12 10
9 1 59 45 0.338990 2.039277 0.462150 0.981534 3.481219
5 1 53 78 0.249434 2.047011 0.511223 1.302901 2.278568
6 1 50 53 0.227287 3.255808 0.576893 0.969457 2.452533
2 0 0 0 0.000000 0.000000 0.000000 0.000000 1.685634
6 1 50 53 0.227287 3.255808 0.576893 0.969457 2.452533
5 1 53 78 0.249434 2.047011 0.511223 1.302901 2.278568
9 1 59 45 0.338990 2.039277 0.462150 0.981534 3.481219
5 1 53 78 0.249434 2.047011 0.511223 1.302901 2.278568
13 10
9 1 41 96 0.258550 1.656819 0.448412 1.243331 6.205631
1 0 0 0 0.000000 0.000000 0.000000 0.000000 0.952689
6 1 55 46 0.265520 3.313490 0.472072 0.799232 4.108870
2 0 0 0 0.000000 0.000000 0.000000 0.000000 1.814331
6 1 55 46 0.265520 3.313490 0.472072 0.799232 4.108870
7 1 45 45 0.243657 1.718662 0.471713 0.805881 6.082154
6 1 55 46 0.265520 3.313490 0.472072 0.799232 4.108870
5 1 54 65 0.267790 1.856391 0.552848 1.022174 3.512475
14 5
1 0 0 0 0.000000 0.000000 0.000000 0.000000 1.929668
2 1 56 51 0.257443 3.343627 0.406463 0.875898 1.871203
3 1 45 62 0.246021 1.773734 0.446291 0.952663 2.133675
1 0 0 0 0.000000 0.000000 0.000000 0.000000 1.929668
3 1 45 62 0.246021 1.773734 0.446291 0.952663 2.133675
2 1 56 51 0.257443 3.343627 0.406463 0.875898 1.871203
3 1 45 62 0.246021 1.773734 0.446291 0.952663 2.133675
2 1 56 51 0.257443 3.343627 0.406463 0.875898 1.871203
15 31
28 0 0 0 0.000000 0.000000 0.000000 0.000000 1.231831
6 1 56 66 0.200310 1.948425 0.765501 1.027316 10.481955
20 1 55 44 0.250423 3.164170 0.569547 0.862270 4.214194
3 0 0 0 0.000000 0.000000 0.000000 0.000000 10.914180
30 1 54 54 0.216081 1.694788 0.675335 0.849424 2.125464
24 1 56 41 0.261405 3.360660 0.357757 0.878751 1.909366
30 1 54 54 0.216081 1.694788 0.675335 0.849424 2.125464
24 1 56 41 0.261405 3.360660 0.357757 0.878751 1.909366
16 27
24 0 0 0 0.000000 0.000000 0.000000 0.000000 1.185414
9 1 69 97 0.354297 2.061047 0.457616 3.491687 1.033659
16 1 54 89 0.251350 3.252095 0.576980 2.489782 2.788753
3 0 0 0 0.000000 0.000000 0.000000 0.000000 6.376595
16 1 54 89 0.251350 3.252095 0.576980 2.489782 2.788753
24 0 0 0 0.000000 0.000000 0.000000 0.000000 1.185414
10 1 56 52 0.259037 1.899236 0.594651 1.082403 1.751286
9 1 69 97 0.354297 2.061047 0.457616 3.491687 1.033659
17 28
27 0 0 0 0.000000 0.000000 0.000000 0.000000 0.829680
0 0 0 0 0.000000 0.000000 0.000000 0.000000 2.095235
26 1 49 41 0.241371 1.726394 0.679639 0.696755 1.389148
3 0 0 0 0.000000 0.000000 0.000000 0.000000 2.583490
26 1 49 41 0.241371 1.726394 0.679639 0.696755 1.389148
21 1 58 57 0.244337 3.360115 0.800008 0.781541 3.668069
15 1 53 87 0.246470 1.896053 0.646906 1.442019 0.562050
21 1 58 57 0.244337 3.360115 0.800008 0.781541 3.668069
18 8
7 1 42 44 0.260564 1.637574 0.645789 0.976284 1.162845
1 0 0 0 0.000000 0.000000 0.000000 0.000000 3.760257
5 1 43 39 0.253184 1.666347 0.552972 0.763444 8.573673
2 0 0 0 0.000000 0.000000 0.000000 0.000000 2.376590
5 1 43 39 0.253184 1.666347 0.552972 0.763444 8.573673
4 1 49 46 0.241052 1.808323 0.350427 0.765430 2.937170
5 1 43 39 0.253184 1.666347 0.552972 0.763444 8.573673
4 1 49 46 0.241052 1.808323 0.350427 0.765430 2.937170
19 25
24 0 0 0 0.000000 0.000000 0.000000 0.000000 1.301538
9 1 54 52 0.246709 3.029516 0.582688 0.686993 7.326969
10 1 56 47 0.248973 3.075112 0.594666 0.826325 1.541639
4 0 0 0 0.000000 0.000000 0.000000 0.000000 1.554817
10 1 56 47 0.248973 3.075112 0.594666 0.826325 1.541639
12 1 61 81 0.266841 3.448425 0.605602 1.451109 1.964044
8 1 55 65 0.266216 1.667842 0.647407 0.820827 2.359723
10 1 56 47 0.248973 3.075112 0.594666 0.826325 1.541639
20 31
23 1 56 71 0.265963 3.274176 0.547274 0.953282 3.993949
3 0 0 0 0.000000 0.000000 0.000000 0.000000 2.004407
23 1 56 71 0.265963 3.274176 0.547274 0.953282 3.993949
5 0 0 0 0.000000 0.000000 0.000000 0.000000 5.284220
23 1 56 71 0.265963 3.274176 0.547274 0.953282 3.993949
9 1 54 42 0.246783 3.074302 0.493487 0.955153 2.317135
23 1 56 71 0.265963 3.274176 0.547274 0.953282 3.993949
9 1 54 42 0.246783 3.074302 0.493487 0.955153 2.317135
21 31
23 0 0 0 0.000000 0.000000 0.000000 0.000000 0.653793
16 1 57 92 0.252659 3.132352 0.536277 3.869584 2.677529
10 1 57 69 0.279552 1.891793 0.897800 0.884932 8.052365
2 0 0 0 0.000000 0.000000 0.000000 0.000000 29.962755
14 1 46 44 0.245168 1.683269 0.519246 0.892789 1.755500
9 1 47 81 0.247635 1.719912 0.727439 0.772014 2.686234
14 1 46 44 0.245168 1.683269 0.519246 0.892789 1.755500
10 1 57 69 0.279552 1.891793 0.897800 0.884932 8.052365
22 18
15 1 55 106 0.254438 3.392500 0.512033 1.686791 1.430680
0 0 0 0 0.000000 0.000000 0.000000 0.000000 3.953895
7 1 51 84 0.236576 3.490168 0.606525 2.024380 1.873629
4 0 0 0 0.000000 0.000000 0.000000 0.000000 1.924361
7 1 51 84 0.236576 3.490168 0.606525 2.024380 1.873629
16 1 58 46 0.250928 3.251508 0.676618 1.033282 1.798722
7 1 51 84 0.236576 3.490168 0.606525 2.024380 1.873629
16 1 58 46 0.250928 3.251508 0.676618 1.033282 1.798722
23 31
28 1 52 93 0.259259 3.109474 0.602768 2.068341 1.185317
6 1 54 49 0.239989 2.891922 0.699735 0.690501 7.359228
20 1 55 49 0.273623 1.528901 0.572938 0.639737 2.639503
3 0 0 0 0.000000 0.000000 0.000000 0.000000 7.555366
20 1 55 49 0.273623 1.528901 0.572938 0.639737 2.639503
9 1 61 90 0.274569 3.432857 0.429524 1.107830 4.298032
20 1 55 49 0.273623 1.528901 0.572938 0.639737 2.639503
6 1 54 49 0.239989 2.891922 0.699735 0.690501 7.359228
24 32
29 0 0 0 0.000000 0.000000 0.000000 0.000000 0.986848
8 0 0 0 0.000000 0.000000 0.000000 0.000000 1.279567
9 1 55 41 0.243912 3.120713 0.546631 0.615115 2.298538
3 0 0 0 0.000000 0.000000 0.000000 0.000000 6.857555
21 1 53 58 0.245478 1.793099 0.599745 0.602630 4.051587
25 1 57 68 0.261937 3.052440 0.564825 0.799304 4.490293
21 1 53 58 0.245478 1.793099 0.599745 0.602630 4.051587
9 1 55 41 0.243912 3.120713 0.546631 0.615115 2.298538
25 11
10 0 0 0 0.000000 0.000000 0.000000 0.000000 0.670261
8 1 53 45 0.245775 2.001003 0.455570 1.030330 1.401667
5 1 45 52 0.234285 1.828188 0.543933 0.940588 7.093276
2 0 0 0 0.000000 0.000000 0.000000 0.000000 9.166084
5 1 45 52 0.234285 1.828188 0.543933 0.940588 7.093276
6 1 51 92 0.251987 1.889160 0.448796 1.483380 5.007003
5 1 45 52 0.234285 1.828188 0.543933 0.940588 7.093276
6 1 51 92 0.251987 1.889160 0.448796 1.483380 5.007003
26 28
27 0 0 0 0.000000 0.000000 0.000000 0.000000 0.867513
17 1 56 49 0.248584 3.386686 0.563558 0.966284 2.493936
13 1 55 79 0.238291 3.292598 0.822433 1.202466 2.088186
5 0 0 0 0.000000 0.000000 0.000000 0.000000 1.256835
13 1 55 79 0.238291 3.292598 0.822433 1.202466 2.088186
22 1 55 126 0.246350 3.329515 0.740365 4.050897 2.065005
13 1 55 79 0.238291 3.292598 0.822433 1.202466 2.088186
6 1 55 40 0.239468 3.283289 0.577049 0.937274 3.777546
27 31
26 1 61 43 0.251638 2.908782 0.537534 0.692784 1.143567
2 0 0 0 0.000000 0.000000 0.000000 0.000000 17.708830
21 1 51 58 0.229757 1.643538 0.528417 0.812025 5.444195
4 0 0 0 0.000000 0.000000 0.000000 0.000000 2.000108
30 1 57 89 0.298192 1.551426 0.552303 1.716153 5.084656
22 1 54 81 0.242072 1.580129 0.440311 1.817331 1.746573
30 1 57 89 0.298192 1.551426 0.552303 1.716153 5.084656
22 1 54 81 0.242072 1.580129 0.440311 1.817331 1.746573
28 31
27 1 59 62 0.287020 1.523001 0.725227 0.735766 1.880165
7 1 54 70 0.205404 1.650976 0.495029 1.068108 2.481412
15 1 57 50 0.267010 1.690222 0.569118 0.760706 1.919767
5 0 0 0 0.000000 0.000000 0.000000 0.000000 3.268114
15 1 57 50 0.267010 1.690222 0.569118 0.760706 1.919767
13 1 53 54 0.252709 2.958489 0.617656 0.722276 10.534820
15 1 57 50 0.267010 1.690222 0.569118 0.760706 1.919767
20 1 54 94 0.249194 3.330368 0.588707 1.871823 2.605264
29 31
25 0 0 0 0.000000 0.000000 0.000000 0.000000 1.202684
3 0 0 0 0.000000 0.000000 0.000000 0.000000 45.538082
7 1 58 90 0.259593 2.023973 0.597209 1.310932 2.480927
2 0 0 0 0.000000 0.000000 0.000000 0.000000 15.416347
7 1 58 90 0.259593 2.023973 0.597209 1.310932 2.480927
8 1 42 48 0.249473 1.418168 0.631034 0.588734 2.538094
7 1 58 90 0.259593 2.023973 0.597209 1.310932 2.480927
12 1 56 59 0.241912 3.096177 0.479697 0.738385 2.526621
30 26
0 0 0 0 0.000000 0.000000 0.000000 0.000000 6.051775
15 0 0 0 0.000000 0.000000 0.000000 0.000000 0.861931
17 1 54 79 0.265999 3.339740 0.464579 1.796914 4.441112
4 0 0 0 0.000000 0.000000 0.000000 0.000000 3.012893
17 1 54 79 0.265999 3.339740 0.464579 1.796914 4.441112
10 1 56 134 0.252499 1.907843 0.597345 3.587962 4.946593
11 1 56 87 0.262099 1.895879 0.481406 1.480305 1.721749
10 1 56 134 0.252499 1.907843 0.597345 3.587962 4.946593
31 33
27 1 55 103 0.252544 1.894808 0.437705 3.061872 4.432239
0 0 0 0 0.000000 0.000000 0.000000 0.000000 7.331402
28 1 55 43 0.263338 3.385651 0.497624 0.777398 2.947251
3 0 0 0 0.000000 0.000000 0.000000 0.000000 1.271476
25 1 55 69 0.295873 1.699780 0.440446 0.946317 3.609074
31 1 59 51 0.264540 3.265746 0.511143 0.781675 4.870904
25 1 55 69 0.295873 1.699780 0.440446 0.946317 3.609074
28 1 55 43 0.263338 3.385651 0.497624 0.777398 2.947251
32 23
7 0 0 0 0.000000 0.000000 0.000000 0.000000 0.702244
4 0 0 0 0.000000 0.000000 0.000000 0.000000 1.072113
19 1 50 61 0.230979 3.407909 0.370590 1.045722 1.241314
4 0 0 0 0.000000 0.000000 0.000000 0.000000 1.072113
19 1 50 61 0.230979 3.407909 0.370590 1.045722 1.241314
18 1 58 71 0.257882 1.968669 0.520256 1.415734 1.557016
19 1 50 61 0.230979 3.407909 0.370590 1.045722 1.241314
12 1 55 73 0.272307 1.940675 0.573991 1.324236 2.491764
33 31
27 1 48 70 0.238398 2.984005 0.698466 0.838629 1.895038
3 0 0 0 0.000000 0.000000 0.000000 0.000000 2.225531
12 1 56 99 0.246776 3.369134 0.434490 2.456142 4.707596
5 0 0 0 0.000000 0.000000 0.000000 0.000000 7.421375
12 1 56 99 0.246776 3.369134 0.434490 2.456142 4.707596
22 1 56 58 0.282999 1.892397 0.549103 1.018180 2.725858
12 1 56 99 0.246776 3.369134 0.434490 2.456142 4.707596
27 1 48 70 0.238398 2.984005 0.698466 0.838629 1.895038
34 16
15 1 45 89 0.240103 1.552394 0.438035 1.398212 0.925933
1 0 0 0 0.000000 0.000000 0.000000 0.000000 4.292917
15 1 45 89 0.240103 1.552394 0.438035 1.398212 0.925933
2 0 0 0 0.000000 0.000000 0.000000 0.000000 2.130930
15 1 45 89 0.240103 1.552394 0.438035 1.398212 0.925933
7 1 51 35 0.244427 1.593681 0.440838 0.615763 2.972030
15 1 45 89 0.240103 1.552394 0.438035 1.398212 0.925933
5 1 51 46 0.284866 1.650204 0.562740 0.735086 2.450301
35 31
26 1 52 121 0.237430 2.001890 1.061777 2.025104 0.937100
3 0 0 0 0.000000 0.000000 0.000000 0.000000 1.441991
24 1 53 86 0.239237 1.940991 1.159620 1.040480 1.729602
5 0 0 0 0.000000 0.000000 0.000000 0.000000 11.529683
27 1 55 37 0.269876 3.357345 0.468946 0.797277 5.227501
25 1 51 63 0.239113 1.869281 1.000516 0.835740 1.523179
27 1 55 37 0.269876 3.357345 0.468946 0.797277 5.227501
10 1 55 102 0.299607 1.937046 0.503929 1.840661 2.428992
36 30
25 1 47 43 0.262462 1.582550 0.588019 0.697237 1.635234
2 0 0 0 0.000000 0.000000 0.000000 0.000000 15.114853
25 1 47 43 0.262462 1.582550 0.588019 0.697237 1.635234
3 0 0 0 0.000000 0.000000 0.000000 0.000000 10.575094
25 1 47 43 0.262462 1.582550 0.588019 0.697237 1.635234
24 1 55 91 0.246192 3.127677 0.832616 2.103064 1.068621
25 1 47 43 0.262462 1.582550 0.588019 0.697237 1.635234
4 1 58 84 0.236875 3.197535 0.538401 1.684624 1.375821
37 28
27 0 0 0 0.000000 0.000000 0.000000 0.000000 1.192731
6 1 57 85 0.258361 2.003677 0.440266 1.701545 1.771270
19 1 58 80 0.228326 1.814913 0.691732 1.332647 1.758137
5 0 0 0 0.000000 0.000000 0.000000 0.000000 29.698637
19 1 58 80 0.228326 1.814913 0.691732 1.332647 1.758137
26 1 55 48 0.258507 3.155722 0.489452 0.884568 1.103191
20 1 57 76 0.273880 1.908646 0.609003 1.362967 2.415604
27 0 0 0 0.000000 0.000000 0.000000 0.000000 1.192731
38 9
8 1 55 83 0.262023 1.596401 0.512260 1.192835 1.254468
2 0 0 0 0.000000 0.000000 0.000000 0.000000 1.981711
8 1 55 83 0.262023 1.596401 0.512260 1.192835 1.254468
3 0 0 0 0.000000 0.000000 0.000000 0.000000 2.303885
8 1 55 83 0.262023 1.596401 0.512260 1.192835 1.254468
5 1 65 62 0.370072 3.394278 0.695908 0.696121 26.625520
8 1 55 83 0.262023 1.596401 0.512260 1.192835 1.254468
4 1 60 78 0.258423 3.358627 0.618564 1.779109 2.657156
39 32
24 1 49 77 0.270986 1.815971 0.593582 2.017100 2.118919
3 0 0 0 0.000000 0.000000 0.000000 0.000000 1.228037
24 1 49 77 0.270986 1.815971 0.593582 2.017100 2.118919
3 0 0 0 0.000000 0.000000 0.000000 0.000000 1.228037
24 1 49 77 0.270986 1.815971 0.593582 2.017100 2.118919
7 1 54 63 0.252049 1.945084 0.457013 1.218469 2.501689
24 1 49 77 0.270986 1.815971 0.593582 2.017100 2.118919
13 1 56 102 0.252287 3.384485 0.624678 4.173410 8.432114
40 25
24 0 0 0 0.000000 0.000000 0.000000 0.000000 1.191022
0 0 0 0 0.000000 0.000000 0.000000 0.000000 2.063371
15 1 60 49 0.400161 1.909543 0.678669 0.924036 2.300250
3 0 0 0 0.000000 0.000000 0.000000 0.000000 1.753664
23 1 56 85 0.245921 3.403946 0.580869 1.825711 1.475000
4 1 55 48 0.234387 3.208069 0.566201 0.974824 3.019533
13 1 54 88 0.245466 2.047114 0.454808 1.503541 0.668664
11 1 53 53 0.232021 2.042908 0.689056 1.039799 3.565769
41 8
7 1 41 96 0.259327 1.615192 0.564686 2.093109 0.617739
1 0 0 0 0.000000 0.000000 0.000000 0.000000 17.024834
5 1 43 70 0.258766 1.613540 0.459591 0.892011 4.561223
2 0 0 0 0.000000 0.000000 0.000000 0.000000 7.568591
5 1 43 70 0.258766 1.613540 0.459591 0.892011 4.561223
3 1 53 88 0.256534 3.275546 0.494258 1.388966 8.839000
5 1 43 70 0.258766 1.613540 0.459591 0.892011 4.561223
4 1 53 38 0.260828 1.788829 0.530851 0.745564 7.076422
42 13
12 1 50 94 0.244573 2.861837 0.543563 3.368002 3.828654
2 0 0 0 0.000000 0.000000 0.000000 0.000000 6.809722
7 1 57 35 0.262628 2.859047 0.417434 0.593919 2.181040
3 0 0 0 0.000000 0.000000 0.000000 0.000000 4.841961
7 1 57 35 0.262628 2.859047 0.417434 0.593919 2.181040
9 1 54 39 0.246014 1.656528 0.507874 0.739814 1.676962
7 1 57 35 0.262628 2.859047 0.417434 0.593919 2.181040
5 1 44 50 0.252144 1.577869 0.585201 0.579269 6.614447
43 5
1 0 0 0 0.000000 0.000000 0.000000 0.000000 3.306865
3 1 48 88 0.250074 1.849503 0.559832 2.943580 4.209309
2 1 57 80 0.260212 3.430704 0.411978 1.352711 1.787288
1 0 0 0 0.000000 0.000000 0.000000 0.000000 3.306865
2 1 57 80 0.260212 3.430704 0.411978 1.352711 1.787288
3 1 48 88 0.250074 1.849503 0.559832 2.943580 4.209309
2 1 57 80 0.260212 3.430704 0.411978 1.352711 1.787288
4 1 46 55 0.232863 1.827409 0.411544 0.989477 1.253018
44 8
7 1 49 81 0.259276 1.762108 0.915188 1.170788 1.451576
0 0 0 0 0.000000 0.000000 0.000000 0.000000 2.052314
6 1 47 43 0.270888 1.800237 0.564775 0.908376 3.319691
2 0 0 0 0.000000 0.000000 0.000000 0.000000 4.169259
6 1 47 43 0.270888 1.800237 0.564775 0.908376 3.319691
3 1 52 41 0.263641 1.984948 0.329336 0.934293 5.107260
6 1 47 43 0.270888 1.800237 0.564775 0.908376 3.319691
3 1 52 41 0.263641 1.984948 0.329336 0.934293 5.107260
45 30
27 0 0 0 0.000000 0.000000 0.000000 0.000000 1.368964
6 1 58 93 0.240110 3.022816 0.480276 2.610501 2.298434
7 1 55 45 0.254643 3.340509 0.415275 0.726254 2.419505
3 0 0 0 0.000000 0.000000 0.000000 0.000000 2.285917
19 1 59 75 0.250114 2.988042 0.565348 0.958843 4.822735
13 1 53 92 0.245475 1.840161 0.473886 2.321598 3.833582
19 1 59 75 0.250114 2.988042 0.565348 0.958843 4.822735
7 1 55 45 0.254643 3.340509 0.415275 0.726254 2.419505
46 30
26 1 57 46 0.255196 2.258572 0.453895 0.879709 0.893610
7 1 55 63 0.259768 3.430760 0.418009 1.117912 2.145676
14 1 55 98 0.263956 3.406122 0.620037 3.736611 4.129432
5 0 0 0 0.000000 0.000000 0.000000 0.000000 3.578870
14 1 55 98 0.263956 3.406122 0.620037 3.736611 4.129432
8 1 53 77 0.261444 1.807976 0.655914 1.036390 2.284882
14 1 55 98 0.263956 3.406122 0.620037 3.736611 4.129432
29 0 0 0 0.000000 0.000000 0.000000 0.000000 0.929766
47 25
2 0 0 0 0.000000 0.000000 0.000000 0.000000 3.888531
17 0 0 0 0.000000 0.000000 0.000000 0.000000 1.104723
14 1 56 54 0.251594 1.750061 0.421653 0.897662 4.801838
4 0 0 0 0.000000 0.000000 0.000000 0.000000 2.126079
14 1 56 54 0.251594 1.750061 0.421653 0.897662 4.801838
10 1 56 68 0.253885 1.759915 0.510135 1.210376 1.658739
14 1 56 54 0.251594 1.750061 0.421653 0.897662 4.801838
10 1 56 68 0.253885 1.759915 0.510135 1.210376 1.658739
48 24
13 1 44 42 0.181021 1.636177 0.629647 0.782390 3.290237
2 0 0 0 0.000000 0.000000 0.000000 0.000000 3.329097
8 1 50 64 0.241251 3.192327 0.551867 0.769644 4.529132
3 0 0 0 0.000000 0.000000 0.000000 0.000000 27.116730
8 1 50 64 0.241251 3.192327 0.551867 0.769644 4.529132
9 1 52 95 0.238382 3.247909 0.516204 3.718586 1.706499
8 1 50 64 0.241251 3.192327 0.551867 0.769644 4.529132
7 1 54 89 0.242618 1.913315 0.225876 2.053119 4.762674
49 17
14 0 0 0 0.000000 0.000000 0.000000 0.000000 0.758273
9 1 56 62 0.258283 3.324438 0.503231 1.028014 2.380589
10 1 58 79 0.264076 1.588645 0.569249 1.198316 2.285195
8 0 0 0 0.000000 0.000000 0.000000 0.000000 3.822990
10 1 58 79 0.264076 1.588645 0.569249 1.198316 2.285195
9 1 56 62 0.258283 3.324438 0.503231 1.028014 2.380589
10 1 58 79 0.264076 1.588645 0.569249 1.198316 2.285195
9 1 56 62 0.258283 3.324438 0.503231 1.028014 2.380589
50 28
24 0 0 0 0.000000 0.000000 0.000000 0.000000 1.274046
16 1 57 87 0.247086 3.408026 0.457782 1.263937 4.171897
16 1 57 87 0.247086 3.408026 0.457782 1.263937 4.171897
3 0 0 0 0.000000 0.000000 0.000000 0.000000 2.693832
16 1 57 87 0.247086 3.408026 0.457782 1.263937 4.171897
4 1 56 46 0.248141 3.379192 0.411934 0.949430 3.046099
14 0 0 0 0.000000 0.000000 0.000000 0.000000 0.817100
10 1 55 56 0.244055 3.292039 0.816091 0.933580 3.577388
51 7
6 1 55 49 0.259213 2.016580 0.615849 0.954174 1.636509
4 1 53 85 0.249461 1.975801 0.470843 2.961502 2.019226
3 1 50 58 0.292667 1.833795 0.571147 0.942402 2.697838
1 0 0 0 0.000000 0.000000 0.000000 0.000000 2.382710
6 1 55 49 0.259213 2.016580 0.615849 0.954174 1.636509
4 1 53 85 0.249461 1.975801 0.470843 2.961502 2.019226
6 1 55 49 0.259213 2.016580 0.615849 0.954174 1.636509
4 1 53 85 0.249461 1.975801 0.470843 2.961502 2.019226
53 27
