0 49
48 1 48 53 0.313343 1.424667 0.800058 0.592670 1.672194
8 1 94 37 0.482569 2.210980 0.632002 0.525221 43.636985
3 1 66 89 0.372225 1.795574 0.390015 0.919270 10.412993
43 1 44 42 0.218178 1.342742 0.285712 0.578141 1.470818
11 1 65 110 0.375567 1.806923 0.607624 3.665226 10.601576
8 1 94 37 0.482569 2.210980 0.632002 0.525221 43.636985
48 1 48 53 0.313343 1.424667 0.800058 0.592670 1.672194
18 0 0 0 0.000000 0.000000 0.000000 0.000000 1.447990
1 27
26 1 45 43 0.249260 1.694465 0.574824 0.880092 1.348224
20 1 49 39 0.247332 1.781954 0.442490 0.862026 1.145224
2 1 49 39 0.449552 1.872806 0.462068 0.805898 5.298302
20 1 49 39 0.247332 1.781954 0.442490 0.862026 1.145224
7 1 61 95 0.301304 1.992191 0.497513 0.987666 2.422408
20 1 49 39 0.247332 1.781954 0.442490 0.862026 1.145224
26 1 45 43 0.249260 1.694465 0.574824 0.880092 1.348224
20 1 49 39 0.247332 1.781954 0.442490 0.862026 1.145224
2 38
37 1 51 94 0.240343 1.715753 0.809187 1.100037 2.254192
8 1 67 48 0.345725 1.624594 0.558064 0.688109 1.404857
1 1 61 28 0.364642 1.507390 0.445616 0.492781 31.094699
32 0 0 0 0.000000 0.000000 0.000000 0.000000 0.394087
12 1 48 99 0.283912 1.529263 0.497184 1.945034 2.357400
34 1 48 31 0.232410 2.912887 0.518824 0.515122 0.873563
26 1 54 110 0.244636 1.760937 0.576995 2.418611 1.135675
27 0 0 0 0.000000 0.000000 0.000000 0.000000 0.925388
3 36
8 1 58 43 0.471891 1.289948 0.617970 0.568497 1.905701
22 1 55 62 0.247718 2.370320 0.914481 0.593687 1.214464
2 1 59 40 0.320081 2.307076 0.685838 0.518050 11.446423
27 0 0 0 0.000000 0.000000 0.000000 0.000000 1.825035
7 1 48 38 0.327352 1.424255 0.502214 0.537719 4.948077
16 1 50 51 0.326921 1.881289 0.603231 0.555598 4.388492
7 1 48 38 0.327352 1.424255 0.502214 0.537719 4.948077
22 1 55 62 0.247718 2.370320 0.914481 0.593687 1.214464
4 30
12 1 49 49 0.307205 1.778845 0.451074 0.898794 2.994802
1 0 0 0 0.000000 0.000000 0.000000 0.000000 4.076407
0 1 68 45 0.459340 2.315798 0.691493 0.862609 2.748105
23 1 51 90 0.241070 3.279615 0.442384 3.445205 2.193472
12 1 49 49 0.307205 1.778845 0.451074 0.898794 2.994802
24 1 56 86 0.245762 2.184388 0.429799 2.178060 1.160400
12 1 49 49 0.307205 1.778845 0.451074 0.898794 2.994802
1 0 0 0 0.000000 0.000000 0.000000 0.000000 4.076407
5 39
8 1 53 53 0.293384 1.853683 0.462368 0.954264 3.259950
9 0 0 0 0.000000 0.000000 0.000000 0.000000 0.950917
0 0 0 0 0.000000 0.000000 0.000000 0.000000 1.656486
12 1 53 128 0.289840 1.767749 0.568550 3.255637 2.661548
1 1 65 83 0.383408 1.961748 0.421766 1.119722 3.766542
29 1 51 53 0.257917 3.395317 0.431302 1.111586 2.150607
4 1 69 66 0.333042 2.243953 0.784808 0.933680 2.762391
6 0 0 0 0.000000 0.000000 0.000000 0.000000 1.855569
6 23
22 1 42 74 0.256688 1.452110 0.267807 1.313279 1.527835
4 1 49 73 0.262067 1.719683 0.400571 1.563506 3.207261
0 1 48 65 0.315665 1.796209 0.440242 1.343545 1.845027
14 1 43 45 0.249276 1.582415 0.620309 0.638970 1.813025
22 1 42 74 0.256688 1.452110 0.267807 1.313279 1.527835
4 1 49 73 0.262067 1.719683 0.400571 1.563506 3.207261
22 1 42 74 0.256688 1.452110 0.267807 1.313279 1.527835
4 1 49 73 0.262067 1.719683 0.400571 1.563506 3.207261
7 44
43 1 50 83 0.235336 3.166653 0.580210 1.840235 2.118306
8 1 62 137 0.391172 2.319467 0.732397 1.841404 10.518965
3 1 74 85 0.387903 1.873901 0.399920 0.990408 4.531310
37 1 57 113 0.254442 2.043773 0.488894 1.843732 1.428590
6 1 48 39 0.250541 1.911074 0.472337 0.805285 7.428480
16 1 55 36 0.248054 1.981810 0.388019 0.882718 2.486607
43 1 50 83 0.235336 3.166653 0.580210 1.840235 2.118306
31 0 0 0 0.000000 0.000000 0.000000 0.000000 0.494267
8 47
42 1 43 51 0.256613 1.669662 0.371706 0.851844 1.016831
19 1 59 87 0.258449 1.972519 0.530801 1.330652 2.755831
1 1 61 114 0.338631 2.114500 0.505680 1.557899 2.416107
41 0 0 0 0.000000 0.000000 0.000000 0.000000 1.219411
2 1 53 56 0.453311 1.995437 0.712033 0.851187 40.047240
38 1 48 40 0.243643 1.714397 0.394749 0.843434 0.913999
42 1 43 51 0.256613 1.669662 0.371706 0.851844 1.016831
19 1 59 87 0.258449 1.972519 0.530801 1.330652 2.755831
9 44
43 1 55 38 0.262990 1.545326 0.432546 0.706807 1.797537
7 1 63 77 0.258246 1.849952 0.567493 1.117162 2.850826
2 1 57 44 0.324049 1.845737 0.528950 0.643979 1.148538
19 0 0 0 0.000000 0.000000 0.000000 0.000000 1.016353
43 1 55 38 0.262990 1.545326 0.432546 0.706807 1.797537
7 1 63 77 0.258246 1.849952 0.567493 1.117162 2.850826
43 1 55 38 0.262990 1.545326 0.432546 0.706807 1.797537
3 0 0 0 0.000000 0.000000 0.000000 0.000000 2.431018
10 50
4 1 58 62 0.291149 1.841199 0.899614 0.847881 5.952209
17 0 0 0 0.000000 0.000000 0.000000 0.000000 3.124881
3 1 57 40 0.417983 2.360496 0.423984 0.827256 3.979789
16 0 0 0 0.000000 0.000000 0.000000 0.000000 1.890530
3 1 57 40 0.417983 2.360496 0.423984 0.827256 3.979789
17 0 0 0 0.000000 0.000000 0.000000 0.000000 3.124881
3 1 57 40 0.417983 2.360496 0.423984 0.827256 3.979789
26 0 0 0 0.000000 0.000000 0.000000 0.000000 1.728252
11 25
17 1 48 93 0.245701 2.814113 0.555722 2.860679 2.007971
7 1 47 46 0.255089 1.646846 0.711231 0.580168 2.405179
1 1 63 103 0.282959 1.669168 0.919582 1.152600 10.896709
16 1 56 39 0.257946 1.580017 0.619310 0.547383 7.874092
17 1 48 93 0.245701 2.814113 0.555722 2.860679 2.007971
16 1 56 39 0.257946 1.580017 0.619310 0.547383 7.874092
17 1 48 93 0.245701 2.814113 0.555722 2.860679 2.007971
7 1 47 46 0.255089 1.646846 0.711231 0.580168 2.405179
12 45
17 1 52 46 0.243393 2.118874 0.273227 0.631843 3.286044
11 1 63 125 0.213864 1.841577 0.528613 2.645144 7.173247
1 1 61 42 0.375345 2.265641 0.725046 0.584569 2.915856
44 0 0 0 0.000000 0.000000 0.000000 0.000000 0.407308
17 1 52 46 0.243393 2.118874 0.273227 0.631843 3.286044
7 0 0 0 0.000000 0.000000 0.000000 0.000000 6.857649
37 1 50 101 0.229062 3.052301 0.516212 3.700740 0.866143
0 1 58 114 0.272171 1.694037 0.685615 2.617239 10.880072
13 50
37 0 0 0 0.000000 0.000000 0.000000 0.000000 0.692277
44 1 53 77 0.253578 2.997201 0.370990 1.088358 2.580386
2 1 70 37 0.395037 1.892296 0.494644 0.535945 3.701609
31 0 0 0 0.000000 0.000000 0.000000 0.000000 1.504808
3 1 55 49 0.279365 1.334741 0.573212 0.702876 5.142876
45 1 57 98 0.267166 1.547492 0.453140 1.900049 2.314181
49 1 55 53 0.271279 1.437913 0.429051 0.665628 1.625179
44 1 53 77 0.253578 2.997201 0.370990 1.088358 2.580386
14 43
8 1 67 85 0.392041 1.580281 0.701838 0.977858 1.467122
40 1 50 101 0.239041 3.282052 0.614066 3.385254 1.351335
0 1 64 42 0.339017 2.266579 0.381143 0.743170 13.291486
40 1 50 101 0.239041 3.282052 0.614066 3.385254 1.351335
5 1 58 86 0.357986 1.591312 0.665549 1.038052 37.552592
22 1 49 70 0.238780 1.831678 0.413837 1.200645 1.766720
8 1 67 85 0.392041 1.580281 0.701838 0.977858 1.467122
22 1 49 70 0.238780 1.831678 0.413837 1.200645 1.766720
15 21
2 1 67 108 0.341905 1.971464 0.433582 1.851006 3.851331
11 1 43 36 0.228124 1.647939 0.252212 0.801722 1.513222
0 1 63 124 0.355308 1.645904 0.780425 3.245994 11.187804
18 0 0 0 0.000000 0.000000 0.000000 0.000000 0.872677
2 1 67 108 0.341905 1.971464 0.433582 1.851006 3.851331
11 1 43 36 0.228124 1.647939 0.252212 0.801722 1.513222
2 1 67 108 0.341905 1.971464 0.433582 1.851006 3.851331
11 1 43 36 0.228124 1.647939 0.252212 0.801722 1.513222
16 23
22 1 54 44 0.237933 1.660352 0.550292 0.766225 2.278381
4 1 53 72 0.327741 1.769048 0.596785 1.262443 7.735884
2 1 77 49 0.495106 2.422695 0.559297 0.750701 6.866074
13 1 47 41 0.257244 1.749867 0.439507 0.772309 3.356884
7 1 46 39 0.262623 1.797066 0.607615 0.736870 3.342419
8 1 49 42 0.290921 1.845803 0.569714 0.731755 3.531364
22 1 54 44 0.237933 1.660352 0.550292 0.766225 2.278381
4 1 53 72 0.327741 1.769048 0.596785 1.262443 7.735884
17 46
37 0 0 0 0.000000 0.000000 0.000000 0.000000 1.230723
7 0 0 0 0.000000 0.000000 0.000000 0.000000 2.364865
0 0 0 0 0.000000 0.000000 0.000000 0.000000 7.311180
45 0 0 0 0.000000 0.000000 0.000000 0.000000 0.602981
40 1 57 36 0.237751 1.571315 0.279933 0.536004 2.964748
16 1 54 45 0.279102 1.661010 0.415640 0.539608 10.130137
17 1 48 91 0.244632 2.954217 0.640726 2.945597 2.439300
37 0 0 0 0.000000 0.000000 0.000000 0.000000 1.230723
18 47
41 1 56 64 0.277464 1.708024 0.470128 1.056180 1.805666
6 1 58 99 0.304158 1.993127 0.546561 1.358519 4.132491
1 1 74 116 0.310936 2.551538 0.663164 1.057363 10.741059
40 0 0 0 0.000000 0.000000 0.000000 0.000000 0.410670
41 1 56 64 0.277464 1.708024 0.470128 1.056180 1.805666
13 1 54 43 0.254190 1.810897 0.554231 0.819854 2.783153
41 1 56 64 0.277464 1.708024 0.470128 1.056180 1.805666
6 1 58 99 0.304158 1.993127 0.546561 1.358519 4.132491
19 14
3 1 44 52 0.291477 1.819210 0.376555 1.218120 2.215596
7 1 54 40 0.235947 1.965778 0.482524 0.955141 2.663151
0 1 50 34 0.290803 1.954662 0.307612 0.914509 2.098361
8 1 52 37 0.236819 2.030070 0.306166 0.910620 1.284505
4 1 48 42 0.246820 1.875585 0.590909 0.884756 1.936769
7 1 54 40 0.235947 1.965778 0.482524 0.955141 2.663151
3 1 44 52 0.291477 1.819210 0.376555 1.218120 2.215596
7 1 54 40 0.235947 1.965778 0.482524 0.955141 2.663151
20 26
9 1 47 44 0.296328 1.809569 0.644538 0.864952 3.365118
25 1 46 39 0.234604 1.838162 0.417582 0.921618 0.699777
2 1 48 116 0.372284 1.950662 0.616574 2.692584 1.456136
25 1 46 39 0.234604 1.838162 0.417582 0.921618 0.699777
5 1 60 66 0.266482 2.070442 0.563569 0.832100 2.276907
25 1 46 39 0.234604 1.838162 0.417582 0.921618 0.699777
9 1 47 44 0.296328 1.809569 0.644538 0.864952 3.365118
25 1 46 39 0.234604 1.838162 0.417582 0.921618 0.699777
21 30
10 1 48 36 0.288347 2.055807 0.284823 0.940714 4.190930
3 1 68 48 0.332264 2.401983 0.436638 0.879362 3.472855
1 1 61 44 0.331640 2.156132 0.255431 0.998883 3.673639
26 1 49 42 0.238343 1.891627 0.530852 0.977155 1.494947
2 0 0 0 0.000000 0.000000 0.000000 0.000000 2.226967
29 1 50 46 0.220780 3.304351 0.463173 1.010157 1.403150
10 1 48 36 0.288347 2.055807 0.284823 0.940714 4.190930
3 1 68 48 0.332264 2.401983 0.436638 0.879362 3.472855
22 52
47 0 0 0 0.000000 0.000000 0.000000 0.000000 0.676215
46 1 45 42 0.238478 1.573923 0.454963 0.635257 0.849171
2 1 60 41 0.281278 1.846031 0.650931 0.580834 4.928660
45 0 0 0 0.000000 0.000000 0.000000 0.000000 1.054398
5 1 60 39 0.398439 2.011627 0.679102 0.571397 2.863877
46 1 45 42 0.238478 1.573923 0.454963 0.635257 0.849171
29 1 48 57 0.241450 2.916137 0.714351 0.609779 1.208481
12 1 60 64 0.265001 1.479656 0.774811 0.744361 3.352184
23 25
3 1 46 67 0.324627 1.990356 0.581094 1.307326 4.547127
4 0 0 0 0.000000 0.000000 0.000000 0.000000 3.301183
1 1 46 42 0.298423 1.914716 0.542782 0.905836 1.679030
8 0 0 0 0.000000 0.000000 0.000000 0.000000 1.581193
1 1 46 42 0.298423 1.914716 0.542782 0.905836 1.679030
15 1 55 84 0.235231 2.022242 0.451480 1.331912 1.958075
3 1 46 67 0.324627 1.990356 0.581094 1.307326 4.547127
2 0 0 0 0.000000 0.000000 0.000000 0.000000 4.511974
24 46
41 1 47 43 0.226526 3.186237 0.444061 0.886345 7.878278
8 1 62 76 0.263787 2.048212 0.852332 0.924807 2.151856
2 0 0 0 0.000000 0.000000 0.000000 0.000000 1.582688
40 0 0 0 0.000000 0.000000 0.000000 0.000000 1.567919
9 1 59 33 0.263777 1.951583 0.229252 0.829281 1.841593
37 1 45 43 0.238583 1.760847 0.430078 0.875579 1.565117
41 1 47 43 0.226526 3.186237 0.444061 0.886345 7.878278
34 0 0 0 0.000000 0.000000 0.000000 0.000000 0.415808
25 49
48 1 49 82 0.248009 2.941260 0.587927 1.452443 0.955121
7 1 60 42 0.307088 2.471231 0.650746 0.551972 5.323668
2 0 0 0 0.000000 0.000000 0.000000 0.000000 26.565055
43 0 0 0 0.000000 0.000000 0.000000 0.000000 1.247196
9 1 58 32 0.385375 1.631930 0.484750 0.535309 3.925446
7 1 60 42 0.307088 2.471231 0.650746 0.551972 5.323668
48 1 49 82 0.248009 2.941260 0.587927 1.452443 0.955121
3 1 58 51 0.220467 1.716518 0.393618 0.573526 3.324460
26 32
31 0 0 0 0.000000 0.000000 0.000000 0.000000 0.537189
2 1 60 47 0.252394 1.796052 0.513738 0.622539 5.666470
0 0 0 0 0.000000 0.000000 0.000000 0.000000 1.361411
30 0 0 0 0.000000 0.000000 0.000000 0.000000 1.187755
6 1 46 36 0.255197 1.523096 0.360990 0.608551 2.830869
14 1 41 35 0.241783 1.545756 0.382782 0.637722 2.371425
6 1 46 36 0.255197 1.523096 0.360990 0.608551 2.830869
2 1 60 47 0.252394 1.796052 0.513738 0.622539 5.666470
27 19
2 1 58 54 0.395723 1.894096 0.620166 0.743091 2.348591
13 1 49 47 0.223343 3.314783 0.512745 0.830562 1.697491
1 0 0 0 0.000000 0.000000 0.000000 0.000000 33.481375
18 0 0 0 0.000000 0.000000 0.000000 0.000000 0.932857
1 0 0 0 0.000000 0.000000 0.000000 0.000000 33.481375
12 1 43 42 0.225790 1.705870 0.428260 0.766078 1.380286
2 1 58 54 0.395723 1.894096 0.620166 0.743091 2.348591
12 1 43 42 0.225790 1.705870 0.428260 0.766078 1.380286
28 45
40 1 49 65 0.246970 3.067585 0.424173 0.816545 1.943225
7 1 63 38 0.221903 1.799677 0.543159 0.618005 2.936089
1 1 56 64 0.275782 1.736335 0.516518 0.801156 5.844373
39 0 0 0 0.000000 0.000000 0.000000 0.000000 0.355313
15 1 53 59 0.261688 3.363521 0.471812 0.793737 2.993740
21 1 51 90 0.238541 3.216555 0.444431 3.442357 1.612201
28 1 55 55 0.236012 3.198224 0.438094 0.623190 1.038648
29 0 0 0 0.000000 0.000000 0.000000 0.000000 0.926187
29 46
12 1 52 96 0.248387 1.995049 0.630765 1.053151 1.743166
26 1 54 50 0.263166 3.288824 0.544828 0.873186 2.095950
3 0 0 0 0.000000 0.000000 0.000000 0.000000 22.171049
19 1 52 51 0.242234 2.132545 0.762856 0.798944 1.558417
0 1 54 45 0.309189 2.084821 0.554924 0.736448 4.902479
26 1 54 50 0.263166 3.288824 0.544828 0.873186 2.095950
6 1 52 50 0.283194 1.860959 0.663861 0.803342 3.307861
26 1 54 50 0.263166 3.288824 0.544828 0.873186 2.095950
30 38
3 1 46 38 0.275002 2.011359 0.298236 1.001288 2.515674
8 0 0 0 0.000000 0.000000 0.000000 0.000000 2.491324
1 0 0 0 0.000000 0.000000 0.000000 0.000000 1.499279
19 0 0 0 0.000000 0.000000 0.000000 0.000000 0.862758
1 0 0 0 0.000000 0.000000 0.000000 0.000000 1.499279
8 0 0 0 0.000000 0.000000 0.000000 0.000000 2.491324
3 1 46 38 0.275002 2.011359 0.298236 1.001288 2.515674
12 0 0 0 0.000000 0.000000 0.000000 0.000000 3.034056
31 47
12 1 61 42 0.281868 1.765435 0.433860 0.753417 31.825805
23 1 58 45 0.254109 1.833443 0.257639 0.874053 1.869014
2 1 58 109 0.272303 2.047578 0.535006 3.969648 19.060335
28 0 0 0 0.000000 0.000000 0.000000 0.000000 0.693090
4 1 58 53 0.264980 1.900369 0.744167 0.846953 20.446289
41 1 55 77 0.260848 1.871172 0.362816 1.182368 1.599776
12 1 61 42 0.281868 1.765435 0.433860 0.753417 31.825805
23 1 58 45 0.254109 1.833443 0.257639 0.874053 1.869014
32 44
9 1 59 116 0.333093 1.660923 0.425316 1.826639 3.132512
5 1 58 83 0.232326 1.704410 0.649786 0.884253 7.793075
10 1 55 40 0.272159 1.643401 0.514843 0.603017 3.330661
38 0 0 0 0.000000 0.000000 0.000000 0.000000 1.097491
9 1 59 116 0.333093 1.660923 0.425316 1.826639 3.132512
14 1 43 95 0.240479 1.550735 0.540561 2.884952 1.590209
33 1 53 33 0.266573 2.902940 0.297407 0.564576 2.736680
1 0 0 0 0.000000 0.000000 0.000000 0.000000 73.538143
33 35
34 1 58 40 0.253882 1.776375 0.408872 0.855949 1.261893
1 1 61 131 0.241469 1.934267 0.690638 1.679581 28.889681
0 1 63 94 0.371343 1.959999 0.629152 3.574069 3.618346
28 0 0 0 0.000000 0.000000 0.000000 0.000000 0.799384
3 1 78 54 0.401625 1.888205 0.415793 0.818127 4.959900
24 1 52 38 0.246100 3.365376 0.388271 0.846962 2.712753
32 1 53 39 0.255482 1.875465 0.405444 0.817791 1.891146
0 1 63 94 0.371343 1.959999 0.629152 3.574069 3.618346
34 48
41 1 55 46 0.263615 1.542961 0.432930 0.690057 0.902061
42 1 56 88 0.264323 3.303894 0.441898 3.451682 2.283311
2 1 55 112 0.268195 1.612082 0.590209 2.938324 16.541992
29 0 0 0 0.000000 0.000000 0.000000 0.000000 1.119812
7 1 61 61 0.233939 1.886086 0.421744 0.590057 7.194567
42 1 56 88 0.264323 3.303894 0.441898 3.451682 2.283311
47 1 51 85 0.250306 1.667565 0.603069 1.610716 1.929556
42 1 56 88 0.264323 3.303894 0.441898 3.451682 2.283311
35 35
11 1 48 47 0.257449 1.787835 0.469077 0.812714 2.910811
8 1 62 38 0.252100 1.969752 0.419031 0.773489 8.223640
1 1 52 56 0.291223 1.943487 0.378778 0.893156 13.728807
28 1 55 101 0.243427 1.866768 0.649451 2.254202 1.511002
5 1 57 45 0.371714 1.903621 0.598094 0.774356 4.241027
8 1 62 38 0.252100 1.969752 0.419031 0.773489 8.223640
11 1 48 47 0.257449 1.787835 0.469077 0.812714 2.910811
28 1 55 101 0.243427 1.866768 0.649451 2.254202 1.511002
36 51
46 1 48 46 0.346337 1.530563 0.573199 0.518928 1.052389
11 1 63 29 0.262874 1.684676 0.233174 0.478748 12.309410
1 1 61 67 0.343255 1.578936 0.606138 0.897113 25.565176
45 0 0 0 0.000000 0.000000 0.000000 0.000000 1.393013
16 1 50 54 0.271323 1.454549 0.462047 0.594517 1.856720
13 1 56 58 0.279068 1.817572 0.679722 0.555936 2.769102
46 1 48 46 0.346337 1.530563 0.573199 0.518928 1.052389
0 1 59 108 0.337564 1.846496 0.571103 1.064524 11.169840
37 46
45 1 52 90 0.243458 1.834405 0.503051 2.777475 1.888385
8 1 56 100 0.266505 1.759147 0.498886 1.640793 6.082801
2 0 0 0 0.000000 0.000000 0.000000 0.000000 1.366289
21 0 0 0 0.000000 0.000000 0.000000 0.000000 0.491908
45 1 52 90 0.243458 1.834405 0.503051 2.777475 1.888385
8 1 56 100 0.266505 1.759147 0.498886 1.640793 6.082801
45 1 52 90 0.243458 1.834405 0.503051 2.777475 1.888385
19 0 0 0 0.000000 0.000000 0.000000 0.000000 1.466867
38 16
9 1 43 37 0.229298 1.730130 0.387590 0.829040 2.024766
10 1 53 46 0.258366 1.802171 0.539435 0.833748 2.151718
0 1 51 83 0.298673 1.876476 0.460183 1.291075 2.761568
12 1 45 37 0.249743 1.769059 0.405411 0.827639 2.014700
4 1 45 67 0.239138 1.879907 0.411465 1.124615 1.080079
10 1 53 46 0.258366 1.802171 0.539435 0.833748 2.151718
9 1 43 37 0.229298 1.730130 0.387590 0.829040 2.024766
10 1 53 46 0.258366 1.802171 0.539435 0.833748 2.151718
39 36
6 1 63 35 0.354158 1.984620 0.355448 0.744829 4.636412
2 0 0 0 0.000000 0.000000 0.000000 0.000000 14.468033
0 0 0 0 0.000000 0.000000 0.000000 0.000000 6.862702
32 1 55 94 0.243122 2.130929 0.516693 2.662248 1.329353
1 1 57 95 0.352405 1.950376 0.439410 1.745905 2.764187
20 1 63 72 0.220329 1.919275 0.302671 1.184533 2.452232
6 1 63 35 0.354158 1.984620 0.355448 0.744829 4.636412
29 1 51 131 0.233516 3.204644 0.263043 3.963484 1.432292
40 45
7 1 60 47 0.453932 1.575697 0.696904 0.740550 6.203509
11 0 0 0 0.000000 0.000000 0.000000 0.000000 1.341595
3 1 55 121 0.302656 1.851395 0.784657 1.470410 2.076828
15 1 59 43 0.405537 1.844326 0.685945 0.747364 2.157742
2 1 64 45 0.296923 1.863939 0.616760 0.721920 5.326572
25 1 50 56 0.254152 3.393537 0.386708 0.983346 1.471248
2 1 64 45 0.296923 1.863939 0.616760 0.721920 5.326572
11 0 0 0 0.000000 0.000000 0.000000 0.000000 1.341595
41 34
19 1 39 35 0.247333 1.565035 0.524058 0.640198 0.543688
5 1 57 93 0.259056 1.681397 0.582713 2.388674 13.490185
0 1 61 106 0.299893 1.782573 0.518503 1.297185 3.726022
28 0 0 0 0.000000 0.000000 0.000000 0.000000 0.580267
8 1 55 51 0.323352 1.592927 0.577512 0.618100 2.552111
4 1 59 86 0.248832 1.772210 0.574492 0.972942 7.642681
19 1 39 35 0.247333 1.565035 0.524058 0.640198 0.543688
28 0 0 0 0.000000 0.000000 0.000000 0.000000 0.580267
42 33
29 1 44 38 0.250114 1.700047 0.446385 0.880548 1.553073
6 0 0 0 0.000000 0.000000 0.000000 0.000000 0.792743
1 1 58 99 0.277592 1.947289 0.530403 3.030636 5.008916
26 1 45 40 0.236344 1.793944 0.450469 0.869922 1.538266
10 1 54 91 0.289815 1.939139 0.255861 2.967404 2.230386
26 1 45 40 0.236344 1.793944 0.450469 0.869922 1.538266
29 1 44 38 0.250114 1.700047 0.446385 0.880548 1.553073
3 1 60 107 0.284315 2.006084 0.557792 1.701553 19.685258
43 35
10 1 59 38 0.338997 1.699298 0.623050 0.610807 2.887522
19 1 55 43 0.256299 1.614706 0.353387 0.663691 1.603754
0 1 60 39 0.316408 1.772638 0.573806 0.588232 6.764144
17 1 51 140 0.339352 1.867290 0.637501 3.099870 1.809081
0 1 60 39 0.316408 1.772638 0.573806 0.588232 6.764144
19 1 55 43 0.256299 1.614706 0.353387 0.663691 1.603754
28 1 51 54 0.254690 3.364793 0.431812 0.766914 1.129278
19 1 55 43 0.256299 1.614706 0.353387 0.663691 1.603754
44 14
13 1 53 46 0.255827 2.105598 0.511606 0.920659 1.693216
3 0 0 0 0.000000 0.000000 0.000000 0.000000 1.404906
0 1 66 43 0.251739 1.919320 0.630178 0.898947 29.506283
10 1 53 46 0.240266 3.346620 0.442991 1.030668 1.788829
9 1 48 116 0.270749 1.867931 0.708649 3.228292 1.597308
3 0 0 0 0.000000 0.000000 0.000000 0.000000 1.404906
13 1 53 46 0.255827 2.105598 0.511606 0.920659 1.693216
3 0 0 0 0.000000 0.000000 0.000000 0.000000 1.404906
45 39
38 0 0 0 0.000000 0.000000 0.000000 0.000000 0.687946
2 1 61 33 0.263816 1.671319 0.381374 0.555326 3.812872
1 1 87 39 0.396164 2.253921 0.546760 0.548710 6.636933
32 0 0 0 0.000000 0.000000 0.000000 0.000000 0.652698
33 1 50 57 0.301601 1.498490 0.372672 0.849234 2.976007
2 1 61 33 0.263816 1.671319 0.381374 0.555326 3.812872
33 1 50 57 0.301601 1.498490 0.372672 0.849234 2.976007
38 0 0 0 0.000000 0.000000 0.000000 0.000000 0.687946
46 44
8 1 61 43 0.373581 1.849812 0.376616 0.742807 243.895222
5 1 61 133 0.218724 1.916344 0.311644 2.088329 6.999022
1 1 63 119 0.309754 1.905629 0.808381 3.610604 44.464736
38 0 0 0 0.000000 0.000000 0.000000 0.000000 0.716045
0 1 64 151 0.348173 1.955142 0.853552 1.622337 9.107793
16 1 50 38 0.248223 1.800320 0.268846 0.906342 1.401174
8 1 61 43 0.373581 1.849812 0.376616 0.742807 243.895222
43 1 44 46 0.247252 1.602947 0.689241 0.837058 2.061998
47 8
7 1 46 40 0.258575 1.814984 0.550724 0.932332 1.944472
4 1 56 66 0.272604 1.988838 0.716524 0.893866 1.921272
0 1 50 58 0.315853 1.979601 0.351628 0.988189 3.062054
2 1 47 43 0.257896 1.926689 0.489457 0.919300 3.489886
7 1 46 40 0.258575 1.814984 0.550724 0.932332 1.944472
4 1 56 66 0.272604 1.988838 0.716524 0.893866 1.921272
7 1 46 40 0.258575 1.814984 0.550724 0.932332 1.944472
4 1 56 66 0.272604 1.988838 0.716524 0.893866 1.921272
48 39
26 1 37 33 0.246551 1.425484 0.462771 0.569740 0.935191
8 1 49 88 0.306209 1.677974 0.511780 0.971274 6.494647
2 1 54 46 0.260198 1.652457 0.441975 0.529283 26.382665
38 0 0 0 0.000000 0.000000 0.000000 0.000000 1.004302
16 1 47 75 0.259073 1.480306 0.469090 1.959216 2.725993
8 1 49 88 0.306209 1.677974 0.511780 0.971274 6.494647
26 1 37 33 0.246551 1.425484 0.462771 0.569740 0.935191
37 1 38 92 0.347474 1.383689 0.599413 1.476705 1.398334
