0 49
19 1 61 42 0.265305 2.894265 0.418377 0.610817 14.895388
11 0 0 0 0.000000 0.000000 0.000000 0.000000 4.244257
24 1 50 70 0.250702 3.375010 0.799512 0.636169 2.313983
15 0 0 0 0.000000 0.000000 0.000000 0.000000 5.722889
19 1 61 42 0.265305 2.894265 0.418377 0.610817 14.895388
25 1 42 53 0.241290 1.444791 0.828886 0.653880 2.932008
19 1 61 42 0.265305 2.894265 0.418377 0.610817 14.895388
30 1 50 91 0.236120 3.291314 0.445209 3.128879 2.155616
1 38
34 1 50 44 0.250572 3.240824 0.591536 0.686946 7.485977
10 0 0 0 0.000000 0.000000 0.000000 0.000000 1.524469
25 1 64 81 0.266722 3.426286 0.461516 1.258326 17.410189
5 0 0 0 0.000000 0.000000 0.000000 0.000000 1.668719
25 1 64 81 0.266722 3.426286 0.461516 1.258326 17.410189
7 1 48 42 0.254694 1.653306 0.536327 0.707482 1.983973
19 1 64 94 0.265733 3.432595 0.613526 3.070049 2.234879
11 1 54 50 0.251338 1.636154 0.652333 0.690478 2.781858
2 21
20 1 51 86 0.249106 1.811131 0.439843 2.540874 2.384807
7 0 0 0 0.000000 0.000000 0.000000 0.000000 26.425072
20 1 51 86 0.249106 1.811131 0.439843 2.540874 2.384807
14 0 0 0 0.000000 0.000000 0.000000 0.000000 3.932913
20 1 51 86 0.249106 1.811131 0.439843 2.540874 2.384807
15 1 51 58 0.261953 1.849686 0.656665 0.835964 2.284017
20 1 51 86 0.249106 1.811131 0.439843 2.540874 2.384807
15 1 51 58 0.261953 1.849686 0.656665 0.835964 2.284017
3 44
0 0 0 0 0.000000 0.000000 0.000000 0.000000 3.224580
14 0 0 0 0.000000 0.000000 0.000000 0.000000 28.529609
24 1 48 56 0.266091 1.389661 0.760939 0.579139 2.662468
19 0 0 0 0.000000 0.000000 0.000000 0.000000 5.423455
24 1 48 56 0.266091 1.389661 0.760939 0.579139 2.662468
25 1 48 77 0.260231 1.474185 0.253617 1.186438 3.924744
24 1 48 56 0.266091 1.389661 0.760939 0.579139 2.662468
25 1 48 77 0.260231 1.474185 0.253617 1.186438 3.924744
4 22
8 0 0 0 0.000000 0.000000 0.000000 0.000000 10.012506
6 0 0 0 0.000000 0.000000 0.000000 0.000000 1.986068
21 1 44 43 0.263104 1.815602 0.395622 0.975521 2.236964
15 0 0 0 0.000000 0.000000 0.000000 0.000000 3.070360
21 1 44 43 0.263104 1.815602 0.395622 0.975521 2.236964
16 1 52 55 0.248989 1.974799 0.355307 1.088057 5.259486
21 1 44 43 0.263104 1.815602 0.395622 0.975521 2.236964
16 1 52 55 0.248989 1.974799 0.355307 1.088057 5.259486
5 40
6 0 0 0 0.000000 0.000000 0.000000 0.000000 2.350253
22 0 0 0 0.000000 0.000000 0.000000 0.000000 0.796544
25 1 60 85 0.258551 2.246332 0.418977 1.828948 1.971392
8 0 0 0 0.000000 0.000000 0.000000 0.000000 2.636235
25 1 60 85 0.258551 2.246332 0.418977 1.828948 1.971392
30 1 56 37 0.253418 3.197565 0.475621 0.903014 3.109637
19 1 57 82 0.225609 1.965237 0.435494 1.336331 3.633922
12 1 55 38 0.258455 2.021522 0.497360 0.980623 3.219948
6 40
39 0 0 0 0.000000 0.000000 0.000000 0.000000 0.766642
2 0 0 0 0.000000 0.000000 0.000000 0.000000 6.397554
24 1 51 88 0.235276 3.348386 0.574492 1.831791 5.089763
4 0 0 0 0.000000 0.000000 0.000000 0.000000 25.704381
24 1 51 88 0.235276 3.348386 0.574492 1.831791 5.089763
12 1 58 44 0.257571 1.750974 0.607236 0.924299 1.972718
18 1 57 47 0.258046 1.729888 0.477763 1.087510 2.742822
12 1 58 44 0.257571 1.750974 0.607236 0.924299 1.972718
7 11
10 1 42 81 0.258233 1.601589 0.365176 1.244901 1.547923
1 0 0 0 0.000000 0.000000 0.000000 0.000000 1.579450
6 1 52 51 0.249348 1.873571 0.767852 0.796489 1.829733
4 0 0 0 0.000000 0.000000 0.000000 0.000000 4.207933
6 1 52 51 0.249348 1.873571 0.767852 0.796489 1.829733
6 1 52 51 0.249348 1.873571 0.767852 0.796489 1.829733
6 1 52 51 0.249348 1.873571 0.767852 0.796489 1.829733
6 1 52 51 0.249348 1.873571 0.767852 0.796489 1.829733
8 26
25 1 54 60 0.236997 3.209333 0.589641 0.780778 2.278116
4 0 0 0 0.000000 0.000000 0.000000 0.000000 20.064268
14 1 51 44 0.245426 1.814032 0.697714 0.861092 1.434798
4 0 0 0 0.000000 0.000000 0.000000 0.000000 20.064268
14 1 51 44 0.245426 1.814032 0.697714 0.861092 1.434798
7 1 57 76 0.251600 1.855805 0.484872 1.262500 3.633742
21 1 55 98 0.262311 3.159598 0.769349 4.157885 4.390605
6 1 59 38 0.256298 2.127257 0.448029 0.841117 2.668699
9 52
51 1 49 46 0.252042 2.875746 0.596033 0.568441 0.778120
9 0 0 0 0.000000 0.000000 0.000000 0.000000 28.616984
39 1 53 42 0.248627 3.069539 0.453300 0.571215 2.493529
18 0 0 0 0.000000 0.000000 0.000000 0.000000 2.194771
39 1 53 42 0.248627 3.069539 0.453300 0.571215 2.493529
45 1 52 41 0.241947 2.453992 0.601936 0.611256 3.615879
32 1 52 57 0.244010 1.678620 0.562255 0.627481 4.699601
42 1 52 69 0.242293 2.737122 0.460618 1.116942 2.080128
10 18
9 1 41 66 0.245862 1.629924 0.732712 0.828975 6.937647
1 0 0 0 0.000000 0.000000 0.000000 0.000000 14.276480
13 1 53 39 0.252793 1.842888 0.577889 0.682169 1.671148
4 0 0 0 0.000000 0.000000 0.000000 0.000000 9.041516
13 1 53 39 0.252793 1.842888 0.577889 0.682169 1.671148
11 1 42 34 0.240914 1.596163 0.444280 0.679011 2.519042
13 1 53 39 0.252793 1.842888 0.577889 0.682169 1.671148
6 1 53 46 0.260510 1.657278 0.720498 0.784628 3.654608
11 10
9 0 0 0 0.000000 0.000000 0.000000 0.000000 5.634227
3 0 0 0 0.000000 0.000000 0.000000 0.000000 1.604456
1 0 0 0 0.000000 0.000000 0.000000 0.000000 2.885725
9 0 0 0 0.000000 0.000000 0.000000 0.000000 5.634227
-1 0 0 0 0.000000 0.000000 0.000000 0.000000 2.885725
-1 0 0 0 0.000000 0.000000 0.000000 0.000000 2.885725
-1 0 0 0 0.000000 0.000000 0.000000 0.000000 2.885725
-1 0 0 0 0.000000 0.000000 0.000000 0.000000 2.885725
12 43
25 1 51 262 0.251715 2.843370 2.347200 4.208096 1.570317
6 0 0 0 0.000000 0.000000 0.000000 0.000000 12.347410
23 1 51 44 0.242446 3.145596 0.685098 0.538779 4.075396
6 0 0 0 0.000000 0.000000 0.000000 0.000000 12.347410
23 1 51 44 0.242446 3.145596 0.685098 0.538779 4.075396
16 1 50 35 0.252172 3.059973 0.515035 0.620690 1.224084
23 1 51 44 0.242446 3.145596 0.685098 0.538779 4.075396
11 1 54 95 0.248102 2.969130 0.560674 3.407800 2.254732
13 46
45 1 57 61 0.261702 1.828953 0.731879 0.955016 1.233150
8 0 0 0 0.000000 0.000000 0.000000 0.000000 114.167794
31 1 67 57 0.298132 2.155401 0.690457 1.028831 2.730637
13 0 0 0 0.000000 0.000000 0.000000 0.000000 2.623164
31 1 67 57 0.298132 2.155401 0.690457 1.028831 2.730637
38 1 54 44 0.244445 3.344925 0.553381 0.911111 2.633130
24 1 55 52 0.247605 3.360701 0.671090 0.946343 2.066858
25 1 55 103 0.244554 3.362595 0.561412 3.782198 2.378943
14 42
41 0 0 0 0.000000 0.000000 0.000000 0.000000 1.285235
9 1 45 43 0.239977 1.516944 0.649244 0.570574 2.838058
21 1 56 50 0.260822 1.574816 0.687202 0.571264 3.830127
7 0 0 0 0.000000 0.000000 0.000000 0.000000 9.555633
21 1 56 50 0.260822 1.574816 0.687202 0.571264 3.830127
