0 49
47 1 50 66 0.252442 2.629764 0.484623 1.110634 1.942879
2 0 0 0 0.000000 0.000000 0.000000 0.000000 1.699593
11 1 56 79 0.258353 3.129501 0.469528 1.138819 3.692513
10 0 0 0 0.000000 0.000000 0.000000 0.000000 2.947781
11 1 56 79 0.258353 3.129501 0.469528 1.138819 3.692513
14 1 48 60 0.246209 1.715647 0.697564 0.785221 1.665541
25 1 50 60 0.250265 3.322187 0.810471 0.825368 2.462293
11 1 56 79 0.258353 3.129501 0.469528 1.138819 3.692513
1 40
28 1 49 53 0.245341 2.917207 0.418034 1.010426 2.493685
2 0 0 0 0.000000 0.000000 0.000000 0.000000 5.256291
28 1 49 53 0.245341 2.917207 0.418034 1.010426 2.493685
4 0 0 0 0.000000 0.000000 0.000000 0.000000 1.144085
28 1 49 53 0.245341 2.917207 0.418034 1.010426 2.493685
21 1 46 83 0.237704 1.818774 0.512211 1.419111 1.715847
28 1 49 53 0.245341 2.917207 0.418034 1.010426 2.493685
39 0 0 0 0.000000 0.000000 0.000000 0.000000 0.774211
2 35
31 1 53 52 0.281224 1.907999 0.479346 1.098459 7.792313
1 0 0 0 0.000000 0.000000 0.000000 0.000000 3.966071
31 1 53 52 0.281224 1.907999 0.479346 1.098459 7.792313
8 0 0 0 0.000000 0.000000 0.000000 0.000000 1.534059
31 1 53 52 0.281224 1.907999 0.479346 1.098459 7.792313
18 1 56 92 0.235893 1.979058 0.496289 1.585916 1.989367
31 1 53 52 0.281224 1.907999 0.479346 1.098459 7.792313
9 1 56 62 0.238477 2.077869 0.745993 1.219656 1.538075
3 23
21 1 59 42 0.300020 1.821547 0.246861 0.929324 2.299629
1 0 0 0 0.000000 0.000000 0.000000 0.000000 1.760204
8 1 53 90 0.259499 1.976444 0.571244 1.765550 2.118840
4 0 0 0 0.000000 0.000000 0.000000 0.000000 25.913939
8 1 53 90 0.259499 1.976444 0.571244 1.765550 2.118840
10 1 55 101 0.245183 3.240068 0.530463 3.650628 3.235601
13 0 0 0 0.000000 0.000000 0.000000 0.000000 1.063026
11 1 53 96 0.242117 2.013000 0.542219 2.889554 2.202429
4 55
54 0 0 0 0.000000 0.000000 0.000000 0.000000 1.578796
16 0 0 0 0.000000 0.000000 0.000000 0.000000 6.235459
24 1 56 46 0.251002 2.878276 0.636026 0.617544 2.354846
20 0 0 0 0.000000 0.000000 0.000000 0.000000 6.202870
24 1 56 46 0.251002 2.878276 0.636026 0.617544 2.354846
27 1 51 62 0.254737 3.188182 0.802907 0.769183 1.679182
41 1 48 91 0.263165 1.455111 0.554412 1.234344 1.636281
53 0 0 0 0.000000 0.000000 0.000000 0.000000 0.879088
5 10
1 0 0 0 0.000000 0.000000 0.000000 0.000000 2.543109
0 0 0 0 0.000000 0.000000 0.000000 0.000000 2.251955
5 0 0 0 0.000000 0.000000 0.000000 0.000000 1.280194
3 0 0 0 0.000000 0.000000 0.000000 0.000000 2.351108
5 0 0 0 0.000000 0.000000 0.000000 0.000000 1.280194
4 1 51 46 0.240768 1.793268 0.533847 0.942186 17.677109
5 0 0 0 0.000000 0.000000 0.000000 0.000000 1.280194
6 1 55 53 0.257340 3.344791 0.289512 1.199748 3.397727
6 12
11 1 51 105 0.259820 1.316522 0.602552 3.010975 12.052822
0 0 0 0 0.000000 0.000000 0.000000 0.000000 184.811589
11 1 51 105 0.259820 1.316522 0.602552 3.010975 12.052822
0 0 0 0 0.000000 0.000000 0.000000 0.000000 184.811589
11 1 51 105 0.259820 1.316522 0.602552 3.010975 12.052822
5 1 43 37 0.229872 1.546989 0.446662 0.546951 1.954952
11 1 51 105 0.259820 1.316522 0.602552 3.010975 12.052822
5 1 43 37 0.229872 1.546989 0.446662 0.546951 1.954952
7 8
3 0 0 0 0.000000 0.000000 0.000000 0.000000 1.573844
5 1 50 93 0.258593 1.840813 0.496960 2.125737 2.635345
6 1 49 53 0.237100 3.180923 0.572989 0.922067 2.722724
0 0 0 0 0.000000 0.000000 0.000000 0.000000 2.371754
6 1 49 53 0.237100 3.180923 0.572989 0.922067 2.722724
5 1 50 93 0.258593 1.840813 0.496960 2.125737 2.635345
7 1 42 48 0.235232 1.732149 0.390456 0.982056 1.366332
5 1 50 93 0.258593 1.840813 0.496960 2.125737 2.635345
8 39
36 1 61 88 0.248859 1.602919 0.506963 1.454799 1.708619
2 0 0 0 0.000000 0.000000 0.000000 0.000000 86.979989
7 1 54 51 0.242362 1.918227 0.605580 0.791877 2.693492
3 0 0 0 0.000000 0.000000 0.000000 0.000000 7.390340
24 1 48 71 0.252947 1.767668 0.474386 1.033421 2.487766
27 1 51 83 0.240461 3.230309 0.544973 2.113503 1.448026
30 0 0 0 0.000000 0.000000 0.000000 0.000000 1.396398
27 1 51 83 0.240461 3.230309 0.544973 2.113503 1.448026
9 49
46 1 48 76 0.298355 1.739198 0.859063 0.899993 2.093719
9 0 0 0 0.000000 0.000000 0.000000 0.000000 3.923406
27 1 53 61 0.250759 1.771125 0.728858 0.825202 1.812143
9 0 0 0 0.000000 0.000000 0.000000 0.000000 3.923406
27 1 53 61 0.250759 1.771125 0.728858 0.825202 1.812143
46 1 48 76 0.298355 1.739198 0.859063 0.899993 2.093719
36 1 57 84 0.261310 3.229971 0.508362 1.358584 2.140481
23 0 0 0 0.000000 0.000000 0.000000 0.000000 0.832053
10 57
49 0 0 0 0.000000 0.000000 0.000000 0.000000 1.074499
7 0 0 0 0.000000 0.000000 0.000000 0.000000 7.330755
22 1 54 47 0.257060 3.037353 0.642361 0.709400 2.904755
13 0 0 0 0.000000 0.000000 0.000000 0.000000 36.504323
31 1 45 56 0.250134 1.459038 0.698861 0.699478 2.549666
17 1 53 53 0.270625 3.285659 0.622003 0.701368 2.812130
31 1 45 56 0.250134 1.459038 0.698861 0.699478 2.549666
56 0 0 0 0.000000 0.000000 0.000000 0.000000 1.204462
11 11
10 1 49 50 0.271330 1.781589 0.607523 0.968477 1.541100
0 0 0 0 0.000000 0.000000 0.000000 0.000000 4.240849
7 1 44 47 0.210514 1.723590 0.664530 0.873569 1.972135
2 0 0 0 0.000000 0.000000 0.000000 0.000000 3.070339
10 1 49 50 0.271330 1.781589 0.607523 0.968477 1.541100
4 1 59 85 0.256626 2.074929 0.279511 2.375588 1.540406
10 1 49 50 0.271330 1.781589 0.607523 0.968477 1.541100
8 1 50 44 0.246129 1.716019 0.334241 0.860857 2.935394
12 48
47 0 0 0 0.000000 0.000000 0.000000 0.000000 1.999216
4 0 0 0 0.000000 0.000000 0.000000 0.000000 5.871438
28 1 56 43 0.258444 1.799001 0.431999 0.879044 2.691282
13 0 0 0 0.000000 0.000000 0.000000 0.000000 2.992394
36 1 52 55 0.255975 1.801865 0.683980 0.912547 2.367304
19 1 53 50 0.254248 1.831610 0.379757 0.919077 0.921527
36 1 52 55 0.255975 1.801865 0.683980 0.912547 2.367304
19 1 53 50 0.254248 1.831610 0.379757 0.919077 0.921527
13 39
37 0 0 0 0.000000 0.000000 0.000000 0.000000 0.877452
22 0 0 0 0.000000 0.000000 0.000000 0.000000 30.649370
38 0 0 0 0.000000 0.000000 0.000000 0.000000 1.663072
26 0 0 0 0.000000 0.000000 0.000000 0.000000 29.864035
-1 0 0 0 0.000000 0.000000 0.000000 0.000000 29.864035
-1 0 0 0 0.000000 0.000000 0.000000 0.000000 29.864035
-1 0 0 0 0.000000 0.000000 0.000000 0.000000 29.864035
-1 0 0 0 0.000000 0.000000 0.000000 0.000000 29.864035
14 34
31 1 48 50 0.242117 3.146727 0.441355 0.901473 2.162537
1 0 0 0 0.000000 0.000000 0.000000 0.000000 16.629283
18 1 53 64 0.253542 3.178021 0.485734 1.149874 3.032408
4 0 0 0 0.000000 0.000000 0.000000 0.000000 3.361908
18 1 53 64 0.253542 3.178021 0.485734 1.149874 3.032408
27 1 51 41 0.240098 3.191653 0.405320 0.934669 1.346996
25 0 0 0 0.000000 0.000000 0.000000 0.000000 0.603248
5 1 51 42 0.242507 1.856489 0.429161 0.870959 1.826132
15 43
42 0 0 0 0.000000 0.000000 0.000000 0.000000 1.202510
0 0 0 0 0.000000 0.000000 0.000000 0.000000 3.085627
19 1 55 52 0.252347 3.326620 0.474178 0.998349 2.401632
6 0 0 0 0.000000 0.000000 0.000000 0.000000 32.661436
27 1 55 55 0.251273 1.912819 0.490728 1.294644 3.426647
17 1 57 48 0.248670 2.015846 0.635834 1.048885 3.657056
27 1 55 55 0.251273 1.912819 0.490728 1.294644 3.426647
37 1 48 45 0.258221 1.706333 0.488360 0.940827 1.678382
16 41
35 1 52 45 0.240934 2.194543 0.670825 0.995180 1.622485
6 0 0 0 0.000000 0.000000 0.000000 0.000000 39.983728
40 0 0 0 0.000000 0.000000 0.000000 0.000000 1.318293
9 0 0 0 0.000000 0.000000 0.000000 0.000000 2.874748
40 0 0 0 0.000000 0.000000 0.000000 0.000000 1.318293
15 1 59 62 0.254357 3.323234 0.489076 1.221266 1.808455
40 0 0 0 0.000000 0.000000 0.000000 0.000000 1.318293
29 1 54 38 0.251056 3.307385 0.247123 0.967540 3.874420
17 45
43 0 0 0 0.000000 0.000000 0.000000 0.000000 0.655789
4 0 0 0 0.000000 0.000000 0.000000 0.000000 1.746513
11 1 54 95 0.244797 1.679973 0.442982 2.662519 3.500921
6 0 0 0 0.000000 0.000000 0.000000 0.000000 34.459571
44 1 59 46 0.269865 2.227717 0.609172 0.479892 1.925800
25 1 50 95 0.245815 1.391711 0.592279 1.982201 2.511705
43 0 0 0 0.000000 0.000000 0.000000 0.000000 0.655789
24 1 51 74 0.239309 1.467130 0.540725 0.919298 3.793541
18 38
30 1 44 44 0.234502 1.382217 0.556590 0.692444 7.024232
5 0 0 0 0.000000 0.000000 0.000000 0.000000 8.050878
26 1 57 60 0.266563 3.188672 0.406778 0.771501 3.124205
6 0 0 0 0.000000 0.000000 0.000000 0.000000 1.445200
22 1 48 85 0.240427 3.079956 0.440051 1.878445 2.253192
10 1 52 76 0.264666 3.288578 0.474323 1.821936 2.857123
22 1 48 85 0.240427 3.079956 0.440051 1.878445 2.253192
34 0 0 0 0.000000 0.000000 0.000000 0.000000 0.798673
19 45
43 1 51 85 0.256478 2.778723 0.553597 1.730535 0.810736
14 0 0 0 0.000000 0.000000 0.000000 0.000000 30.795865
21 1 54 66 0.264310 3.254184 0.751253 0.678356 1.575158
