0 15
8 1 61 91 0.264289 1.701074 0.560927 1.540841 1.066110
0 1 53 37 0.250641 1.871064 0.399870 0.795072 1.879457
0 1 53 37 0.250641 1.871064 0.399870 0.795072 1.879457
8 1 61 91 0.264289 1.701074 0.560927 1.540841 1.066110
6 1 51 49 0.239810 3.060348 0.587293 0.805075 1.156845
1 1 50 61 0.265379 1.810709 0.476950 1.206848 3.470063
7 1 42 43 0.290041 1.594611 0.545325 0.809953 1.468698
0 1 53 37 0.250641 1.871064 0.399870 0.795072 1.879457
1 25
23 1 56 39 0.248865 1.927951 0.404456 0.629403 0.918610
9 1 52 85 0.255653 1.696012 0.635020 0.923629 3.813733
0 1 50 75 0.295281 1.602803 0.463943 1.216713 2.105962
10 1 48 56 0.243673 2.035899 0.677715 0.594791 1.552251
23 1 56 39 0.248865 1.927951 0.404456 0.629403 0.918610
2 1 64 34 0.217219 1.652545 0.485258 0.711618 1.289165
23 1 56 39 0.248865 1.927951 0.404456 0.629403 0.918610
9 1 52 85 0.255653 1.696012 0.635020 0.923629 3.813733
2 15
1 1 44 85 0.233888 1.566763 0.568946 2.556566 2.112032
2 1 64 41 0.202939 1.726875 0.400433 0.715171 3.226486
4 1 54 42 0.254722 3.247130 0.436289 0.748114 2.669764
9 1 61 38 0.255068 1.849459 0.361636 0.737914 0.843003
1 1 44 85 0.233888 1.566763 0.568946 2.556566 2.112032
2 1 64 41 0.202939 1.726875 0.400433 0.715171 3.226486
1 1 44 85 0.233888 1.566763 0.568946 2.556566 2.112032
2 1 64 41 0.202939 1.726875 0.400433 0.715171 3.226486
3 21
7 1 50 62 0.253218 2.041292 0.749501 0.801953 1.399362
1 1 53 95 0.253793 3.272234 0.454079 2.987703 2.209994
2 1 53 35 0.242138 1.843518 0.424058 0.738089 1.985531
7 1 50 62 0.253218 2.041292 0.749501 0.801953 1.399362
12 1 54 97 0.251223 1.691715 0.505297 1.474095 0.957038
6 1 53 78 0.250167 1.842492 0.512194 1.268804 2.457263
7 1 50 62 0.253218 2.041292 0.749501 0.801953 1.399362
1 1 53 95 0.253793 3.272234 0.454079 2.987703 2.209994
4 28
2 1 52 41 0.267392 1.861692 0.237049 0.660769 2.505080
4 1 54 37 0.251309 1.869129 0.524746 0.730196 2.400272
8 1 54 56 0.277028 1.779552 0.424560 0.910540 2.884641
14 1 53 43 0.269797 1.587694 0.391280 0.725341 1.566750
2 1 52 41 0.267392 1.861692 0.237049 0.660769 2.505080
4 1 54 37 0.251309 1.869129 0.524746 0.730196 2.400272
2 1 52 41 0.267392 1.861692 0.237049 0.660769 2.505080
4 1 54 37 0.251309 1.869129 0.524746 0.730196 2.400272
5 23
9 0 0 0 0.000000 0.000000 0.000000 0.000000 0.690288
1 1 58 39 0.240008 1.828717 0.398984 0.652284 2.638942
16 1 54 42 0.249480 3.000609 0.373106 0.708502 1.887395
13 0 0 0 0.000000 0.000000 0.000000 0.000000 1.074821
18 1 55 88 0.281018 1.688827 0.375586 1.325483 1.120388
1 1 58 39 0.240008 1.828717 0.398984 0.652284 2.638942
18 1 55 88 0.281018 1.688827 0.375586 1.325483 1.120388
20 0 0 0 0.000000 0.000000 0.000000 0.000000 1.288165
6 19
10 0 0 0 0.000000 0.000000 0.000000 0.000000 1.668522
5 1 55 41 0.245220 1.550260 0.347707 0.573031 1.582608
6 1 56 94 0.264989 3.271732 0.534371 2.292067 3.229424
14 0 0 0 0.000000 0.000000 0.000000 0.000000 1.072999
6 1 56 94 0.264989 3.271732 0.534371 2.292067 3.229424
1 1 56 46 0.262737 1.677712 0.599334 0.560147 3.222332
6 1 56 94 0.264989 3.271732 0.534371 2.292067 3.229424
2 1 55 41 0.250530 1.735368 0.320366 0.652134 1.620612
7 21
20 1 61 84 0.257542 2.201910 0.500941 2.502220 2.495949
9 1 62 37 0.372030 1.680597 0.453583 0.667642 1.555956
6 0 0 0 0.000000 0.000000 0.000000 0.000000 0.000152
14 1 53 90 0.228298 1.633359 0.819711 1.115970 1.701189
20 1 61 84 0.257542 2.201910 0.500941 2.502220 2.495949
2 1 55 49 0.248472 1.860557 0.527174 0.717157 1.074542
20 1 61 84 0.257542 2.201910 0.500941 2.502220 2.495949
6 0 0 0 0.000000 0.000000 0.000000 0.000000 0.000152
8 22
2 0 0 0 0.000000 0.000000 0.000000 0.000000 0.617552
5 1 55 43 0.243579 1.894065 0.248249 0.792793 2.133019
17 1 57 54 0.262480 1.724962 0.527595 0.917497 1.314116
12 0 0 0 0.000000 0.000000 0.000000 0.000000 1.092786
17 1 57 54 0.262480 1.724962 0.527595 0.917497 1.314116
4 1 56 92 0.248864 3.282649 0.623089 1.921036 2.355880
17 1 57 54 0.262480 1.724962 0.527595 0.917497 1.314116
4 1 56 92 0.248864 3.282649 0.623089 1.921036 2.355880
9 15
3 1 61 49 0.277502 1.835741 0.411234 0.936557 1.450050
1 1 56 37 0.241841 2.059746 0.338484 0.963370 2.086857
1 1 56 37 0.241841 2.059746 0.338484 0.963370 2.086857
8 1 45 38 0.237151 1.790810 0.292404 1.022234 1.485394
3 1 61 49 0.277502 1.835741 0.411234 0.936557 1.450050
0 1 53 92 0.243388 3.333960 0.436163 1.785481 3.639527
3 1 61 49 0.277502 1.835741 0.411234 0.936557 1.450050
0 1 53 92 0.243388 3.333960 0.436163 1.785481 3.639527
10 19
9 0 0 0 0.000000 0.000000 0.000000 0.000000 1.187287
4 1 55 87 0.244593 1.835901 0.356765 1.155107 1.926597
16 1 57 57 0.269428 3.423994 0.568556 0.990433 1.629092
13 0 0 0 0.000000 0.000000 0.000000 0.000000 0.957104
16 1 57 57 0.269428 3.423994 0.568556 0.990433 1.629092
4 1 55 87 0.244593 1.835901 0.356765 1.155107 1.926597
16 1 57 57 0.269428 3.423994 0.568556 0.990433 1.629092
4 1 55 87 0.244593 1.835901 0.356765 1.155107 1.926597
11 24
7 1 53 39 0.256180 2.763331 0.328098 0.693102 1.369972
1 1 56 43 0.260845 3.375443 0.467678 0.779572 1.920245
15 1 57 58 0.263242 1.717130 0.500397 0.731371 2.038456
11 0 0 0 0.000000 0.000000 0.000000 0.000000 0.920585
16 1 50 52 0.244142 1.653066 0.491173 0.799471 2.323040
4 1 57 39 0.256078 1.745490 0.257835 0.737759 1.177698
19 1 49 94 0.251418 1.614590 0.494167 1.943035 1.250562
6 0 0 0 0.000000 0.000000 0.000000 0.000000 1.055826
12 23
21 1 53 42 0.269999 1.742851 0.427620 0.815743 1.692653
3 0 0 0 0.000000 0.000000 0.000000 0.000000 1.155391
1 1 51 52 0.293731 1.633146 0.480974 0.771701 1.055998
10 1 49 93 0.237483 1.646575 0.495982 1.654255 0.712475
21 1 53 42 0.269999 1.742851 0.427620 0.815743 1.692653
0 1 50 42 0.296894 1.456823 0.379018 0.792490 1.793908
21 1 53 42 0.269999 1.742851 0.427620 0.815743 1.692653
2 1 57 35 0.258074 3.262092 0.320343 0.793547 2.112280
13 13
0 1 48 45 0.285832 1.765486 0.306948 1.047457 1.205023
7 1 54 75 0.254366 3.381718 0.566364 1.505548 2.085285
7 1 54 75 0.254366 3.381718 0.566364 1.505548 2.085285
3 1 46 44 0.261514 1.798814 0.265259 0.976312 1.159305
9 1 58 97 0.264200 3.429926 0.489788 4.117919 0.906475
7 1 54 75 0.254366 3.381718 0.566364 1.505548 2.085285
9 1 58 97 0.264200 3.429926 0.489788 4.117919 0.906475
7 1 54 75 0.254366 3.381718 0.566364 1.505548 2.085285
14 23
1 1 53 57 0.295631 1.508282 0.436809 0.671619 1.491538
6 0 0 0 0.000000 0.000000 0.000000 0.000000 1.441584
17 1 56 90 0.261600 3.286778 0.445862 2.147125 2.146515
13 0 0 0 0.000000 0.000000 0.000000 0.000000 1.165172
20 1 54 48 0.276539 1.704757 0.652340 0.702155 1.606998
3 1 59 59 0.250233 1.570799 0.363728 0.856903 1.736202
21 1 54 55 0.259823 1.664563 0.412949 0.809609 1.234024
3 1 59 59 0.250233 1.570799 0.363728 0.856903 1.736202
15 13
12 1 47 31 0.244842 1.516816 0.341968 0.595723 2.213866
2 1 53 35 0.246150 3.075716 0.411723 0.595993 2.054045
2 1 53 35 0.246150 3.075716 0.411723 0.595993 2.054045
0 1 51 43 0.248723 1.746362 0.519951 0.611914 1.849782
12 1 47 31 0.244842 1.516816 0.341968 0.595723 2.213866
0 1 51 43 0.248723 1.746362 0.519951 0.611914 1.849782
12 1 47 31 0.244842 1.516816 0.341968 0.595723 2.213866
2 1 53 35 0.246150 3.075716 0.411723 0.595993 2.054045
16 20
17 1 54 87 0.254094 3.085377 0.473671 1.338430 1.888895
0 1 58 39 0.291243 1.582850 0.363031 0.550719 1.496086
6 1 53 48 0.245318 2.989550 0.588816 0.634340 2.898580
12 1 49 106 0.253518 2.080948 0.538212 3.024072 1.833607
17 1 54 87 0.254094 3.085377 0.473671 1.338430 1.888895
1 1 55 35 0.314879 1.719918 0.391279 0.542067 2.643030
17 1 54 87 0.254094 3.085377 0.473671 1.338430 1.888895
3 1 53 58 0.235956 1.607367 0.430859 0.719509 3.147025
17 14
7 1 40 78 0.217472 1.651475 0.617065 1.136625 1.364418
3 1 50 52 0.261080 1.723951 0.621187 0.841778 2.253870
2 1 55 85 0.321755 1.818598 0.628712 0.956877 1.702889
7 1 40 78 0.217472 1.651475 0.617065 1.136625 1.364418
1 1 58 74 0.254072 1.710583 0.467141 1.873664 26.657588
11 1 45 39 0.265845 1.615360 0.500657 0.763215 1.488796
7 1 40 78 0.217472 1.651475 0.617065 1.136625 1.364418
3 1 50 52 0.261080 1.723951 0.621187 0.841778 2.253870
18 21
12 1 52 36 0.246216 1.812901 0.274554 0.742500 0.516943
2 1 60 85 0.262473 3.339873 0.541711 1.758293 2.713028
2 1 60 85 0.262473 3.339873 0.541711 1.758293 2.713028
12 1 52 36 0.246216 1.812901 0.274554 0.742500 0.516943
9 1 50 35 0.247823 1.727047 0.404647 0.748105 1.072102
1 1 54 37 0.244152 1.841573 0.445968 0.728220 2.720093
20 1 51 95 0.250609 1.784232 0.415253 2.126694 0.820261
2 1 60 85 0.262473 3.339873 0.541711 1.758293 2.713028
19 23
1 0 0 0 0.000000 0.000000 0.000000 0.000000 0.733594
5 1 55 39 0.238813 1.792285 0.395718 0.639212 1.571608
19 1 52 48 0.255528 1.573188 0.302145 0.910278 1.095910
15 0 0 0 0.000000 0.000000 0.000000 0.000000 0.716606
19 1 52 48 0.255528 1.573188 0.302145 0.910278 1.095910
2 1 59 43 0.212133 1.848924 0.417519 0.666796 2.626053
19 1 52 48 0.255528 1.573188 0.302145 0.910278 1.095910
2 1 59 43 0.212133 1.848924 0.417519 0.666796 2.626053
20 15
4 1 55 51 0.229626 2.551436 0.478363 0.619208 1.241904
0 1 54 38 0.251557 1.773494 0.421160 0.619210 3.328192
12 1 46 55 0.250187 1.480109 0.494950 0.728229 1.096314
9 0 0 0 0.000000 0.000000 0.000000 0.000000 0.700921
12 1 46 55 0.250187 1.480109 0.494950 0.728229 1.096314
0 1 54 38 0.251557 1.773494 0.421160 0.619210 3.328192
12 1 46 55 0.250187 1.480109 0.494950 0.728229 1.096314
13 0 0 0 0.000000 0.000000 0.000000 0.000000 0.635524
21 15
1 1 48 93 0.261730 1.806485 0.501710 3.842554 1.377980
0 1 70 35 0.372344 1.905260 0.315002 0.853150 24.842388
2 1 53 59 0.251454 2.072866 0.652805 0.972400 1.074320
11 1 47 48 0.248069 1.736606 0.363715 0.909116 1.089329
9 1 50 47 0.257536 1.860428 0.453944 0.953956 2.103953
11 1 47 48 0.248069 1.736606 0.363715 0.909116 1.089329
1 1 48 93 0.261730 1.806485 0.501710 3.842554 1.377980
0 1 70 35 0.372344 1.905260 0.315002 0.853150 24.842388
22 18
17 1 41 59 0.263816 1.595463 0.528150 0.738401 1.316647
2 1 63 37 0.304816 2.242794 0.317417 0.808215 4.378142
4 1 53 39 0.244658 1.858820 0.396738 0.720843 1.870737
6 1 56 55 0.275912 2.003642 0.617374 0.812612 2.173400
17 1 41 59 0.263816 1.595463 0.528150 0.738401 1.316647
9 1 54 40 0.261393 1.807185 0.383029 0.732311 1.855980
17 1 41 59 0.263816 1.595463 0.528150 0.738401 1.316647
2 1 63 37 0.304816 2.242794 0.317417 0.808215 4.378142
23 23
22 0 0 0 0.000000 0.000000 0.000000 0.000000 0.677086
2 1 53 39 0.259848 1.802295 0.545955 0.677796 2.087735
3 1 53 38 0.236699 1.853379 0.462331 0.801984 2.624590
12 1 49 42 0.295737 1.522434 0.563409 0.724534 0.857596
18 1 54 49 0.254207 3.181741 0.384649 0.878693 3.011547
0 1 55 31 0.244138 1.838828 0.284193 0.707629 1.414626
18 1 54 49 0.254207 3.181741 0.384649 0.878693 3.011547
2 1 53 39 0.259848 1.802295 0.545955 0.677796 2.087735
24 16
12 1 57 47 0.248800 2.613033 0.555787 0.589682 1.578641
8 1 56 31 0.237602 1.750177 0.383042 0.587586 2.615459
4 1 56 45 0.255302 2.985017 0.556216 0.595755 1.766857
7 1 48 89 0.234875 1.448722 0.495955 2.440984 1.396671
11 1 57 42 0.257762 2.157927 0.600372 0.659199 2.565183
0 1 55 36 0.278485 1.671136 0.427626 0.552204 1.628773
12 1 57 47 0.248800 2.613033 0.555787 0.589682 1.578641
3 1 58 35 0.245986 1.726195 0.288927 0.585848 1.239810
25 21
20 1 50 57 0.263160 1.544148 0.456539 0.796952 1.622669
9 1 58 50 0.275990 1.561623 0.468300 0.658022 2.555049
6 1 59 37 0.282831 1.831470 0.473524 0.715705 3.714560
14 1 58 83 0.246678 2.707572 0.479630 3.525908 0.821882
20 1 50 57 0.263160 1.544148 0.456539 0.796952 1.622669
2 1 53 88 0.248211 1.621868 0.477042 1.586688 24.894001
20 1 50 57 0.263160 1.544148 0.456539 0.796952 1.622669
6 1 59 37 0.282831 1.831470 0.473524 0.715705 3.714560
26 9
1 1 42 38 0.236269 1.721443 0.294532 0.915886 0.780476
0 1 55 57 0.263626 1.781711 0.285281 1.082521 25.072077
3 1 62 51 0.280881 1.818676 0.636245 0.901392 1.294876
8 1 57 53 0.272852 1.776460 0.307206 1.015547 1.402275
3 1 62 51 0.280881 1.818676 0.636245 0.901392 1.294876
5 1 53 41 0.249367 1.938551 0.251976 0.885863 1.365707
1 1 42 38 0.236269 1.721443 0.294532 0.915886 0.780476
0 1 55 57 0.263626 1.781711 0.285281 1.082521 25.072077
27 10
2 1 44 40 0.247456 1.760938 0.248748 0.909742 0.944610
0 1 54 83 0.255707 3.420974 0.445282 2.510044 1.721910
0 1 54 83 0.255707 3.420974 0.445282 2.510044 1.721910
6 1 50 40 0.242823 2.014393 0.477446 0.925066 0.641606
2 1 44 40 0.247456 1.760938 0.248748 0.909742 0.944610
0 1 54 83 0.255707 3.420974 0.445282 2.510044 1.721910
2 1 44 40 0.247456 1.760938 0.248748 0.909742 0.944610
0 1 54 83 0.255707 3.420974 0.445282 2.510044 1.721910
28 20
19 0 0 0 0.000000 0.000000 0.000000 0.000000 1.061959
1 1 60 54 0.260826 1.650913 0.457309 0.681974 1.746909
15 1 56 51 0.258917 3.419760 0.575601 0.600675 1.985026
12 0 0 0 0.000000 0.000000 0.000000 0.000000 0.861581
17 1 50 97 0.269842 1.540437 0.413977 1.708360 3.191877
1 1 60 54 0.260826 1.650913 0.457309 0.681974 1.746909
17 1 50 97 0.269842 1.540437 0.413977 1.708360 3.191877
18 0 0 0 0.000000 0.000000 0.000000 0.000000 0.793963
29 20
19 1 41 45 0.210123 1.468587 0.593902 0.721647 1.456333
2 1 49 90 0.254522 1.660842 0.649657 1.185651 2.256948
4 1 55 29 0.257546 3.303825 0.250104 0.524667 1.770698
9 1 52 48 0.234219 2.511794 0.396057 0.553592 2.456686
17 1 55 33 0.238627 1.534651 0.527132 0.548254 1.268762
2 1 49 90 0.254522 1.660842 0.649657 1.185651 2.256948
19 1 41 45 0.210123 1.468587 0.593902 0.721647 1.456333
2 1 49 90 0.254522 1.660842 0.649657 1.185651 2.256948
30 20
4 1 53 64 0.260263 2.241496 0.709554 1.094548 1.863511
0 1 58 37 0.283564 1.923113 0.333829 0.864029 2.031065
2 1 62 39 0.268007 2.005417 0.472044 0.918372 2.494947
9 1 50 39 0.240182 2.000634 0.391493 0.891177 0.744280
4 1 53 64 0.260263 2.241496 0.709554 1.094548 1.863511
0 1 58 37 0.283564 1.923113 0.333829 0.864029 2.031065
4 1 53 64 0.260263 2.241496 0.709554 1.094548 1.863511
0 1 58 37 0.283564 1.923113 0.333829 0.864029 2.031065
31 25
24 0 0 0 0.000000 0.000000 0.000000 0.000000 0.805212
3 1 55 39 0.254195 3.146728 0.600819 0.643064 2.915011
2 1 55 41 0.263772 3.435441 0.359924 0.582452 1.974738
12 0 0 0 0.000000 0.000000 0.000000 0.000000 1.459806
2 1 55 41 0.263772 3.435441 0.359924 0.582452 1.974738
3 1 55 39 0.254195 3.146728 0.600819 0.643064 2.915011
7 1 57 64 0.228574 1.959088 0.450309 0.605796 1.603275
21 0 0 0 0.000000 0.000000 0.000000 0.000000 1.422508
32 26
2 1 66 45 0.264539 2.534329 0.532522 0.577577 2.325481
3 1 60 35 0.244810 1.673221 0.424589 0.604533 2.410454
7 1 63 51 0.259773 1.748713 0.715391 0.584476 1.947118
14 0 0 0 0.000000 0.000000 0.000000 0.000000 1.026820
2 1 66 45 0.264539 2.534329 0.532522 0.577577 2.325481
3 1 60 35 0.244810 1.673221 0.424589 0.604533 2.410454
2 1 66 45 0.264539 2.534329 0.532522 0.577577 2.325481
7 1 63 51 0.259773 1.748713 0.715391 0.584476 1.947118
33 21
6 1 52 49 0.259343 2.734428 0.426200 0.821790 1.412844
0 1 63 50 0.280842 1.670373 0.366872 0.780208 2.170535
1 1 54 33 0.239108 1.899153 0.344045 0.766993 1.970595
10 1 41 44 0.235249 1.553355 0.548112 0.896467 1.353148
6 1 52 49 0.259343 2.734428 0.426200 0.821790 1.412844
0 1 63 50 0.280842 1.670373 0.366872 0.780208 2.170535
5 1 52 46 0.363252 1.576688 0.563342 0.767526 2.427666
18 0 0 0 0.000000 0.000000 0.000000 0.000000 0.929853
34 15
14 1 49 35 0.320308 1.707035 0.290359 0.874782 0.890778
8 1 54 48 0.249276 1.939864 0.464990 0.897989 2.109762
8 1 54 48 0.249276 1.939864 0.464990 0.897989 2.109762
9 1 54 42 0.254580 1.938109 0.472045 0.814328 1.115033
14 1 49 35 0.320308 1.707035 0.290359 0.874782 0.890778
10 1 52 41 0.257723 1.787970 0.257590 0.907863 1.037340
14 1 49 35 0.320308 1.707035 0.290359 0.874782 0.890778
8 1 54 48 0.249276 1.939864 0.464990 0.897989 2.109762
35 20
2 1 61 62 0.260860 2.044751 0.540106 0.651063 1.715420
6 1 57 55 0.264606 3.225471 0.443339 0.721401 1.702345
4 1 53 58 0.241185 1.783893 0.608562 0.680264 3.787174
13 1 51 70 0.231824 1.658624 0.653020 0.666331 0.838367
2 1 61 62 0.260860 2.044751 0.540106 0.651063 1.715420
18 1 44 91 0.243444 1.571165 0.464569 1.447915 1.602408
2 1 61 62 0.260860 2.044751 0.540106 0.651063 1.715420
6 1 57 55 0.264606 3.225471 0.443339 0.721401 1.702345
36 15
14 0 0 0 0.000000 0.000000 0.000000 0.000000 0.634336
3 1 60 39 0.229570 1.657034 0.266431 0.588971 3.259469
7 1 49 37 0.263816 1.616191 0.364973 0.634880 2.417301
10 0 0 0 0.000000 0.000000 0.000000 0.000000 0.694558
2 1 51 88 0.263847 1.661869 0.637930 1.025976 3.755467
3 1 60 39 0.229570 1.657034 0.266431 0.588971 3.259469
1 1 50 67 0.225665 2.521169 0.436653 0.663819 1.239269
14 0 0 0 0.000000 0.000000 0.000000 0.000000 0.634336
37 12
4 1 48 58 0.236384 3.108327 0.392090 1.154050 1.584839
1 1 53 60 0.255572 1.986660 0.335214 1.067541 3.379644
1 1 53 60 0.255572 1.986660 0.335214 1.067541 3.379644
8 1 43 39 0.252965 1.629987 0.331061 0.918151 0.741050
4 1 48 58 0.236384 3.108327 0.392090 1.154050 1.584839
0 1 52 56 0.242792 3.244502 0.316165 0.982413 2.096707
4 1 48 58 0.236384 3.108327 0.392090 1.154050 1.584839
9 1 55 44 0.250193 2.016263 0.387984 0.951325 2.351235
38 16
7 1 53 68 0.252719 1.517110 0.268989 1.051765 1.538035
5 1 58 39 0.265355 3.302911 0.470184 0.930601 3.010708
2 1 56 30 0.250367 1.875974 0.271972 0.784696 1.912139
4 1 49 89 0.207415 1.562802 0.530538 1.735127 1.641782
15 1 56 41 0.262300 3.214900 0.442864 0.762299 1.456265
3 1 53 49 0.214770 1.616948 0.650129 0.711091 1.171133
7 1 53 68 0.252719 1.517110 0.268989 1.051765 1.538035
9 1 61 64 0.273425 3.363801 0.423203 1.145903 1.746046
39 19
7 1 52 49 0.294614 1.579781 0.295513 0.912636 0.962445
0 0 0 0 0.000000 0.000000 0.000000 0.000000 0.881873
16 1 53 74 0.264719 1.845900 0.489768 1.117439 1.725861
3 0 0 0 0.000000 0.000000 0.000000 0.000000 0.496217
17 1 59 47 0.262597 1.824219 0.374845 1.009195 1.664730
11 1 56 45 0.257895 3.346147 0.369736 1.027104 0.892750
17 1 59 47 0.262597 1.824219 0.374845 1.009195 1.664730
11 1 56 45 0.257895 3.346147 0.369736 1.027104 0.892750
40 19
3 1 43 54 0.281986 1.454896 0.645424 0.640064 1.129991
0 1 65 39 0.274670 3.269964 0.399340 0.662709 3.122197
13 1 49 37 0.262442 1.588000 0.279472 0.647588 1.996433
12 0 0 0 0.000000 0.000000 0.000000 0.000000 0.906667
13 1 49 37 0.262442 1.588000 0.279472 0.647588 1.996433
2 1 56 39 0.271830 3.368157 0.406689 0.677965 2.032917
14 1 44 86 0.244985 1.489849 0.513047 1.464808 2.059261
5 1 51 40 0.260359 1.629634 0.589988 0.645474 1.828517
41 15
6 1 48 44 0.268331 1.725273 0.342033 0.886229 1.447827
8 1 60 33 0.290799 1.676163 0.244955 0.820619 5.410298
4 1 60 37 0.244747 1.959025 0.491316 0.804111 5.837798
3 1 45 43 0.237760 1.701262 0.388308 0.832183 0.658445
14 1 58 52 0.265823 3.409418 0.391213 0.929555 1.938737
8 1 60 33 0.290799 1.676163 0.244955 0.820619 5.410298
6 1 48 44 0.268331 1.725273 0.342033 0.886229 1.447827
8 1 60 33 0.290799 1.676163 0.244955 0.820619 5.410298
42 28
16 1 51 90 0.252000 1.903692 0.250685 1.627633 1.368077
3 1 55 50 0.252282 1.802293 0.551915 0.618280 2.845058
2 1 48 38 0.275060 1.577088 0.247357 0.582862 1.254647
14 1 47 90 0.296411 1.424842 0.621895 1.522155 0.677956
1 1 58 52 0.294416 1.645291 0.703846 0.586393 1.903782
4 1 52 37 0.255051 1.767574 0.444161 0.632181 2.372698
1 1 58 52 0.294416 1.645291 0.703846 0.586393 1.903782
3 1 55 50 0.252282 1.802293 0.551915 0.618280 2.845058
43 21
4 1 50 37 0.259235 1.509235 0.284324 0.858738 1.503535
0 1 56 37 0.268239 1.951670 0.345683 0.822224 1.955110
3 1 54 89 0.254771 1.933050 0.428652 1.695633 3.247586
10 0 0 0 0.000000 0.000000 0.000000 0.000000 0.981615
4 1 50 37 0.259235 1.509235 0.284324 0.858738 1.503535
0 1 56 37 0.268239 1.951670 0.345683 0.822224 1.955110
13 1 54 42 0.255591 2.050521 0.575213 0.815570 1.598296
0 1 56 37 0.268239 1.951670 0.345683 0.822224 1.955110
44 10
0 1 51 50 0.256960 1.895405 0.664232 0.944659 1.089542
1 1 56 35 0.244929 1.936558 0.273267 0.857593 1.614452
8 1 57 38 0.253262 1.850677 0.459307 0.903219 2.287527
3 1 52 36 0.246583 1.852968 0.281146 0.931788 1.314732
0 1 51 50 0.256960 1.895405 0.664232 0.944659 1.089542
2 1 52 49 0.254788 1.933357 0.557845 0.905274 2.037124
0 1 51 50 0.256960 1.895405 0.664232 0.944659 1.089542
1 1 56 35 0.244929 1.936558 0.273267 0.857593 1.614452
45 14
6 1 48 53 0.225397 3.133761 0.469166 1.066411 2.406202
2 1 54 41 0.247693 1.997532 0.479745 0.882654 3.381219
5 1 53 35 0.262022 1.993156 0.260374 0.961114 1.741561
3 1 53 42 0.264986 1.746801 0.282957 0.917789 1.618385
8 1 50 55 0.264043 1.768409 0.379837 1.017611 1.296580
0 1 53 61 0.225898 1.905164 0.296026 1.157881 1.204732
6 1 48 53 0.225397 3.133761 0.469166 1.066411 2.406202
2 1 54 41 0.247693 1.997532 0.479745 0.882654 3.381219
46 22
21 1 56 87 0.244227 1.533514 0.416097 1.399335 1.870075
2 0 0 0 0.000000 0.000000 0.000000 0.000000 0.000137
8 1 57 43 0.266568 3.311076 0.583088 0.596196 1.423145
15 0 0 0 0.000000 0.000000 0.000000 0.000000 1.285083
21 1 56 87 0.244227 1.533514 0.416097 1.399335 1.870075
2 0 0 0 0.000000 0.000000 0.000000 0.000000 0.000137
21 1 56 87 0.244227 1.533514 0.416097 1.399335 1.870075
2 0 0 0 0.000000 0.000000 0.000000 0.000000 0.000137
47 14
8 1 60 51 0.278746 1.696575 0.481539 0.817454 1.554541
7 1 61 36 0.252095 1.886245 0.386276 0.773771 2.984148
7 1 61 36 0.252095 1.886245 0.386276 0.773771 2.984148
1 1 42 37 0.220247 1.703203 0.250010 0.816530 0.350847
8 1 60 51 0.278746 1.696575 0.481539 0.817454 1.554541
9 1 52 50 0.240995 1.914197 0.560941 0.853331 1.529268
8 1 60 51 0.278746 1.696575 0.481539 0.817454 1.554541
7 1 61 36 0.252095 1.886245 0.386276 0.773771 2.984148
48 23
22 0 0 0 0.000000 0.000000 0.000000 0.000000 0.936539
1 1 52 45 0.260750 1.647030 0.650038 0.526982 2.080658
1 1 52 45 0.260750 1.647030 0.650038 0.526982 2.080658
12 0 0 0 0.000000 0.000000 0.000000 0.000000 0.723032
7 1 50 99 0.259487 2.992093 0.466912 4.104857 1.618794
0 1 54 31 0.235874 1.710142 0.351205 0.533097 1.213168
19 1 55 44 0.249027 2.894414 0.499370 0.603354 1.715496
20 0 0 0 0.000000 0.000000 0.000000 0.000000 0.994313
49 23
21 1 48 42 0.253566 1.499656 0.654602 0.581914 1.254073
0 1 58 38 0.257240 3.129073 0.391292 0.533172 3.936973
5 1 58 78 0.276357 3.335760 0.583520 1.459635 1.239516
2 1 43 34 0.247080 1.602871 0.449319 0.634767 1.822591
21 1 48 42 0.253566 1.499656 0.654602 0.581914 1.254073
0 1 58 38 0.257240 3.129073 0.391292 0.533172 3.936973
21 1 48 42 0.253566 1.499656 0.654602 0.581914 1.254073
0 1 58 38 0.257240 3.129073 0.391292 0.533172 3.936973
50 13
1 1 52 103 0.243995 2.008370 0.419735 2.544869 1.855959
2 1 55 65 0.289773 1.930515 0.406975 1.066156 1.731949
2 1 55 65 0.289773 1.930515 0.406975 1.066156 1.731949
6 0 0 0 0.000000 0.000000 0.000000 0.000000 0.820632
0 1 53 46 0.259919 1.580431 0.677850 0.762204 1.142732
8 1 56 39 0.256623 1.967571 0.408831 0.807528 1.698563
0 1 53 46 0.259919 1.580431 0.677850 0.762204 1.142732
2 1 55 65 0.289773 1.930515 0.406975 1.066156 1.731949
51 28
26 1 55 73 0.272131 3.077163 0.456742 1.447046 2.545808
10 1 60 42 0.271540 3.215251 0.417718 0.567185 1.897988
7 1 57 35 0.247680 1.748471 0.420710 0.574928 1.733953
15 1 56 91 0.248755 2.641819 0.652097 1.476629 1.111684
27 1 52 37 0.248816 1.824303 0.504910 0.604914 2.403890
2 1 59 39 0.250294 3.009998 0.541615 0.647524 1.404946
26 1 55 73 0.272131 3.077163 0.456742 1.447046 2.545808
10 1 60 42 0.271540 3.215251 0.417718 0.567185 1.897988
52 27
1 1 44 59 0.303829 1.575198 0.383950 0.797906 1.743572
4 1 54 37 0.258024 1.873171 0.406892 0.777027 1.319063
6 1 58 85 0.268700 1.706187 0.529407 1.090985 1.503404
12 0 0 0 0.000000 0.000000 0.000000 0.000000 0.924848
1 1 44 59 0.303829 1.575198 0.383950 0.797906 1.743572
5 1 55 45 0.222887 1.892184 0.388800 0.813991 1.814672
1 1 44 59 0.303829 1.575198 0.383950 0.797906 1.743572
4 1 54 37 0.258024 1.873171 0.406892 0.777027 1.319063
53 20
19 0 0 0 0.000000 0.000000 0.000000 0.000000 1.051985
2 1 56 42 0.259603 1.777924 0.560146 0.615576 2.933539
12 1 64 111 0.274310 1.653700 0.623999 1.588401 0.890742
16 0 0 0 0.000000 0.000000 0.000000 0.000000 0.790905
1 1 60 95 0.275030 1.512987 0.444912 2.330954 1.092089
2 1 56 42 0.259603 1.777924 0.560146 0.615576 2.933539
1 1 60 95 0.275030 1.512987 0.444912 2.330954 1.092089
19 0 0 0 0.000000 0.000000 0.000000 0.000000 1.051985
54 16
1 1 52 50 0.271352 2.022725 0.679571 0.772762 1.273288
0 1 56 37 0.249022 1.926316 0.266546 0.880499 1.955258
10 1 55 48 0.272322 3.426764 0.532893 0.933420 2.324654
9 0 0 0 0.000000 0.000000 0.000000 0.000000 1.361062
3 1 50 50 0.252184 2.236166 0.588393 0.795313 1.983550
0 1 56 37 0.249022 1.926316 0.266546 0.880499 1.955258
1 1 52 50 0.271352 2.022725 0.679571 0.772762 1.273288
2 1 57 41 0.250508 1.930290 0.345380 0.834335 2.003781
55 12
5 1 50 52 0.241041 3.066036 0.481970 0.908542 1.547310
0 1 52 37 0.254081 1.936946 0.303128 0.910022 1.777125
2 1 53 39 0.256130 1.997948 0.483382 0.925854 3.265600
9 1 50 43 0.241310 1.957089 0.435645 0.874570 0.950685
5 1 50 52 0.241041 3.066036 0.481970 0.908542 1.547310
0 1 52 37 0.254081 1.936946 0.303128 0.910022 1.777125
5 1 50 52 0.241041 3.066036 0.481970 0.908542 1.547310
0 1 52 37 0.254081 1.936946 0.303128 0.910022 1.777125
56 23
8 1 56 35 0.263799 2.032537 0.335159 0.635660 1.492987
10 0 0 0 0.000000 0.000000 0.000000 0.000000 0.000143
2 1 54 91 0.255741 1.810191 0.553435 2.067892 1.175937
4 1 53 114 0.230895 1.514944 0.640725 2.574309 0.734040
11 1 54 48 0.269834 1.572529 0.277713 0.788102 2.066284
10 0 0 0 0.000000 0.000000 0.000000 0.000000 0.000143
8 1 56 35 0.263799 2.032537 0.335159 0.635660 1.492987
15 0 0 0 0.000000 0.000000 0.000000 0.000000 1.439912
57 17
4 1 57 46 0.268964 1.816493 0.576578 1.001305 2.569819
1 1 52 36 0.261405 1.935016 0.285410 0.982974 1.504024
10 1 52 97 0.247243 2.010115 0.527429 2.338916 1.410267
0 1 53 40 0.240829 1.719719 0.352030 0.883631 0.926119
4 1 57 46 0.268964 1.816493 0.576578 1.001305 2.569819
11 1 55 48 0.242111 1.981634 0.410068 0.917292 1.175330
4 1 57 46 0.268964 1.816493 0.576578 1.001305 2.569819
1 1 52 36 0.261405 1.935016 0.285410 0.982974 1.504024
58 24
4 1 50 54 0.262664 1.534083 0.430969 0.687908 1.887509
1 1 53 86 0.258626 1.720810 0.323303 0.981625 3.968431
2 1 60 62 0.272412 3.235177 0.743294 0.747006 2.997530
10 0 0 0 0.000000 0.000000 0.000000 0.000000 0.904834
6 1 53 63 0.367658 1.600094 0.680026 0.605242 2.676685
1 1 53 86 0.258626 1.720810 0.323303 0.981625 3.968431
14 1 50 42 0.389940 1.532246 0.504881 0.593884 1.586138
1 1 53 86 0.258626 1.720810 0.323303 0.981625 3.968431
59 15
14 1 49 42 0.236991 1.847191 0.500780 0.787184 1.150015
6 1 52 81 0.255139 1.854158 0.523387 1.410634 3.449893
6 1 52 81 0.255139 1.854158 0.523387 1.410634 3.449893
7 1 49 62 0.234472 2.928077 0.514653 1.220930 1.378476
5 1 50 34 0.262754 1.847740 0.407666 0.759626 1.913351
8 1 44 38 0.250051 1.662432 0.575844 0.764819 1.362224
14 1 49 42 0.236991 1.847191 0.500780 0.787184 1.150015
6 1 52 81 0.255139 1.854158 0.523387 1.410634 3.449893
60 16
15 0 0 0 0.000000 0.000000 0.000000 0.000000 1.181053
3 1 52 41 0.254771 1.691890 0.498890 0.565807 1.981325
5 1 52 51 0.247787 2.900142 0.585403 0.639655 1.541942
11 0 0 0 0.000000 0.000000 0.000000 0.000000 0.865795
8 1 55 88 0.275116 1.430574 0.463603 1.817848 3.021859
3 1 52 41 0.254771 1.691890 0.498890 0.565807 1.981325
14 1 52 45 0.240945 2.664805 0.703278 0.583619 1.405164
3 1 52 41 0.254771 1.691890 0.498890 0.565807 1.981325
61 15
8 0 0 0 0.000000 0.000000 0.000000 0.000000 0.944675
2 1 56 40 0.214295 1.914613 0.269163 0.878619 1.528953
10 1 59 42 0.318488 1.802576 0.304458 0.928934 1.379139
8 0 0 0 0.000000 0.000000 0.000000 0.000000 0.944675
12 1 53 46 0.244830 1.741115 0.297428 1.139115 2.133656
1 1 55 39 0.253084 1.912750 0.340175 0.869289 3.089034
12 1 53 46 0.244830 1.741115 0.297428 1.139115 2.133656
13 0 0 0 0.000000 0.000000 0.000000 0.000000 1.290245
62 21
19 0 0 0 0.000000 0.000000 0.000000 0.000000 0.717326
5 0 0 0 0.000000 0.000000 0.000000 0.000000 1.546923
17 1 56 74 0.270436 3.229860 0.454986 1.148315 1.169674
16 0 0 0 0.000000 0.000000 0.000000 0.000000 1.427751
17 1 56 74 0.270436 3.229860 0.454986 1.148315 1.169674
2 1 59 46 0.263617 3.150466 0.511143 0.645662 1.216325
17 1 56 74 0.270436 3.229860 0.454986 1.148315 1.169674
2 1 59 46 0.263617 3.150466 0.511143 0.645662 1.216325
63 17
13 0 0 0 0.000000 0.000000 0.000000 0.000000 1.392407
2 1 55 37 0.252699 3.075146 0.415900 0.530529 1.541550
4 1 53 60 0.251784 2.890871 0.445062 0.707952 3.260972
9 1 48 91 0.335711 1.423279 0.412394 2.025401 1.303608
11 1 51 35 0.254107 1.456956 0.438767 0.518608 2.985469
2 1 55 37 0.252699 3.075146 0.415900 0.530529 1.541550
11 1 51 35 0.254107 1.456956 0.438767 0.518608 2.985469
2 1 55 37 0.252699 3.075146 0.415900 0.530529 1.541550
64 18
5 1 55 40 0.258762 1.792154 0.294008 0.944315 0.866162
9 1 63 40 0.263648 1.938319 0.465499 0.877945 3.448832
2 1 55 44 0.236923 3.283548 0.350534 0.952063 1.003602
1 1 45 52 0.227976 1.799023 0.477173 0.915878 0.446042
12 1 56 36 0.256504 1.855957 0.284815 0.969566 1.310512
9 1 63 40 0.263648 1.938319 0.465499 0.877945 3.448832
5 1 55 40 0.258762 1.792154 0.294008 0.944315 0.866162
9 1 63 40 0.263648 1.938319 0.465499 0.877945 3.448832
65 17
2 1 48 51 0.276928 1.959586 0.435798 0.637694 1.656860
0 1 56 36 0.255101 3.296562 0.272901 0.680161 1.529854
6 1 57 79 0.256660 2.495309 0.575065 1.052670 0.788009
9 0 0 0 0.000000 0.000000 0.000000 0.000000 0.614308
6 1 57 79 0.256660 2.495309 0.575065 1.052670 0.788009
7 1 48 43 0.248817 1.637075 0.635540 0.704439 0.781150
2 1 48 51 0.276928 1.959586 0.435798 0.637694 1.656860
0 1 56 36 0.255101 3.296562 0.272901 0.680161 1.529854
66 16
12 0 0 0 0.000000 0.000000 0.000000 0.000000 0.293250
7 1 62 39 0.271125 1.681447 0.444423 0.722151 3.400033
4 1 55 83 0.264874 1.749774 0.480951 1.195748 1.931078
10 1 46 39 0.236015 1.622727 0.530920 0.820372 0.656213
5 1 55 68 0.249727 1.703781 0.575859 0.925423 1.892592
7 1 62 39 0.271125 1.681447 0.444423 0.722151 3.400033
5 1 55 68 0.249727 1.703781 0.575859 0.925423 1.892592
7 1 62 39 0.271125 1.681447 0.444423 0.722151 3.400033
67 26
25 1 53 73 0.243525 1.475942 0.490047 1.072774 1.470218
8 1 57 39 0.262214 3.264780 0.450781 0.587585 1.883955
5 1 56 41 0.258020 2.957410 0.447616 0.616739 2.204425
11 0 0 0 0.000000 0.000000 0.000000 0.000000 0.832406
25 1 53 73 0.243525 1.475942 0.490047 1.072774 1.470218
0 1 52 79 0.253544 1.590259 0.429497 1.266311 1.355552
25 1 53 73 0.243525 1.475942 0.490047 1.072774 1.470218
8 1 57 39 0.262214 3.264780 0.450781 0.587585 1.883955
68 12
1 1 56 47 0.254369 1.715558 0.547777 0.793599 1.553306
6 1 56 41 0.284532 1.881209 0.450486 0.767522 1.828995
1 1 56 47 0.254369 1.715558 0.547777 0.793599 1.553306
9 1 49 43 0.258190 1.683460 0.439769 0.849542 1.653086
1 1 56 47 0.254369 1.715558 0.547777 0.793599 1.553306
11 1 45 55 0.227003 1.810927 0.400637 0.920456 0.804491
1 1 56 47 0.254369 1.715558 0.547777 0.793599 1.553306
6 1 56 41 0.284532 1.881209 0.450486 0.767522 1.828995
69 8
7 1 59 41 0.268169 1.732809 0.290906 0.971139 1.303687
2 1 52 42 0.260507 1.916903 0.320748 0.893923 1.409084
0 1 54 67 0.245106 1.960322 0.433667 1.311360 1.669894
3 1 51 77 0.233545 3.222700 0.582268 1.802403 1.329693
7 1 59 41 0.268169 1.732809 0.290906 0.971139 1.303687
3 1 51 77 0.233545 3.222700 0.582268 1.802403 1.329693
7 1 59 41 0.268169 1.732809 0.290906 0.971139 1.303687
2 1 52 42 0.260507 1.916903 0.320748 0.893923 1.409084
70 22
1 1 49 94 0.269613 1.930351 0.505560 2.610807 0.947617
0 1 57 48 0.250392 1.800672 0.555058 0.612546 2.163240
16 1 57 79 0.319089 1.806722 0.427326 0.984267 3.786501
13 0 0 0 0.000000 0.000000 0.000000 0.000000 0.804758
16 1 57 79 0.319089 1.806722 0.427326 0.984267 3.786501
0 1 57 48 0.250392 1.800672 0.555058 0.612546 2.163240
19 1 49 46 0.256728 1.576738 0.548791 0.745660 1.734862
0 1 57 48 0.250392 1.800672 0.555058 0.612546 2.163240
71 22
17 1 51 43 0.262262 1.452042 0.476660 0.522272 1.419484
4 1 51 25 0.241299 1.617509 0.261205 0.515930 4.062248
18 1 46 98 0.237355 1.418396 0.507257 3.307176 2.546599
11 0 0 0 0.000000 0.000000 0.000000 0.000000 0.853112
18 1 46 98 0.237355 1.418396 0.507257 3.307176 2.546599
0 1 53 37 0.256333 1.669157 0.555449 0.478543 3.629337
18 1 46 98 0.237355 1.418396 0.507257 3.307176 2.546599
3 1 55 61 0.266873 3.332339 0.418032 0.659986 2.008082
72 8
7 1 53 53 0.268643 1.847522 0.389383 0.938811 0.748260
0 1 52 38 0.258147 1.991140 0.305044 0.958509 1.593307
0 1 52 38 0.258147 1.991140 0.305044 0.958509 1.593307
2 1 57 79 0.243766 3.450704 0.448099 1.555691 1.781152
7 1 53 53 0.268643 1.847522 0.389383 0.938811 0.748260
1 1 50 47 0.266140 1.922313 0.559999 0.921658 1.261991
7 1 53 53 0.268643 1.847522 0.389383 0.938811 0.748260
0 1 52 38 0.258147 1.991140 0.305044 0.958509 1.593307
73 17
7 1 51 67 0.258486 2.085269 0.777876 0.851864 1.446041
1 1 52 35 0.242688 1.838106 0.411684 0.670858 2.541542
2 1 56 30 0.234990 1.771482 0.327389 0.666834 2.452002
13 1 48 38 0.243805 1.737996 0.480449 0.677822 1.477137
9 1 49 46 0.227198 2.792835 0.340554 0.713691 1.628526
4 1 53 33 0.244440 1.929096 0.411728 0.655208 1.532354
7 1 51 67 0.258486 2.085269 0.777876 0.851864 1.446041
1 1 52 35 0.242688 1.838106 0.411684 0.670858 2.541542
74 16
13 1 59 54 0.264415 2.988028 0.445327 0.784738 2.038659
1 1 56 71 0.240273 1.817376 0.847581 0.782706 36.127971
5 1 54 44 0.256476 3.128485 0.429332 0.660350 2.013711
10 0 0 0 0.000000 0.000000 0.000000 0.000000 0.946922
13 1 59 54 0.264415 2.988028 0.445327 0.784738 2.038659
4 1 57 86 0.249554 3.026978 0.425354 1.246610 25.717290
13 1 59 54 0.264415 2.988028 0.445327 0.784738 2.038659
8 0 0 0 0.000000 0.000000 0.000000 0.000000 1.294761
75 22
3 1 51 46 0.232118 2.887119 0.396061 0.807443 1.141591
0 1 56 42 0.290641 1.886979 0.525607 0.762597 1.788284
12 1 57 58 0.260261 1.770694 0.425227 0.897820 1.487305
10 0 0 0 0.000000 0.000000 0.000000 0.000000 0.794391
16 1 52 91 0.256882 3.383091 0.571415 3.743095 0.913036
2 1 62 40 0.269147 1.784512 0.401412 0.783066 1.222608
13 1 50 44 0.257822 1.740684 0.544661 0.808228 1.215764
20 0 0 0 0.000000 0.000000 0.000000 0.000000 1.123532
76 26
21 1 55 91 0.232359 1.438529 0.456049 0.935037 2.289440
4 1 56 39 0.251125 3.197497 0.423191 0.551660 2.151068
21 1 55 91 0.232359 1.438529 0.456049 0.935037 2.289440
13 0 0 0 0.000000 0.000000 0.000000 0.000000 1.259182
21 1 55 91 0.232359 1.438529 0.456049 0.935037 2.289440
22 0 0 0 0.000000 0.000000 0.000000 0.000000 0.721016
21 1 55 91 0.232359 1.438529 0.456049 0.935037 2.289440
24 1 55 41 0.247069 1.307807 0.368292 0.526100 0.921546
77 20
18 1 54 108 0.249256 2.874334 0.620631 3.461597 0.990630
2 1 60 44 0.242998 1.771221 0.365031 0.801349 1.212054
14 1 54 50 0.252995 3.182992 0.416910 0.845336 1.447226
8 1 56 97 0.253132 1.957176 0.404863 3.189205 0.931075
14 1 54 50 0.252995 3.182992 0.416910 0.845336 1.447226
2 1 60 44 0.242998 1.771221 0.365031 0.801349 1.212054
14 1 54 50 0.252995 3.182992 0.416910 0.845336 1.447226
2 1 60 44 0.242998 1.771221 0.365031 0.801349 1.212054
78 20
2 1 50 41 0.275614 1.718828 0.541057 0.822000 1.141797
5 0 0 0 0.000000 0.000000 0.000000 0.000000 1.188232
17 1 57 52 0.294582 1.896131 0.623309 0.939947 1.920945
10 0 0 0 0.000000 0.000000 0.000000 0.000000 0.688011
17 1 57 52 0.294582 1.896131 0.623309 0.939947 1.920945
4 1 57 46 0.268051 1.975755 0.333471 0.872546 1.626588
2 1 50 41 0.275614 1.718828 0.541057 0.822000 1.141797
16 0 0 0 0.000000 0.000000 0.000000 0.000000 1.095413
79 19
2 1 48 47 0.266803 1.629069 0.588008 0.860156 1.341923
16 1 52 36 0.258743 1.896590 0.390514 0.816754 2.207645
1 1 51 56 0.340379 1.610833 0.413009 0.906401 1.086294
13 1 40 38 0.235177 1.691500 0.278643 0.891138 1.696538
1 1 51 56 0.340379 1.610833 0.413009 0.906401 1.086294
18 1 44 48 0.230695 1.788480 0.384072 0.841716 1.267215
2 1 48 47 0.266803 1.629069 0.588008 0.860156 1.341923
16 1 52 36 0.258743 1.896590 0.390514 0.816754 2.207645
80 16
2 1 66 71 0.285401 1.699571 0.764508 1.198488 0.952728
6 0 0 0 0.000000 0.000000 0.000000 0.000000 1.302752
13 1 56 50 0.259039 3.417460 0.374066 0.982651 1.690740
11 0 0 0 0.000000 0.000000 0.000000 0.000000 0.567911
13 1 56 50 0.259039 3.417460 0.374066 0.982651 1.690740
5 1 62 87 0.269726 1.900776 0.395018 0.890217 1.439955
13 1 56 50 0.259039 3.417460 0.374066 0.982651 1.690740
4 1 60 54 0.272033 1.904969 0.514595 0.820980 1.755167
81 16
2 1 55 62 0.264797 2.268854 0.691235 1.023142 1.067046
4 0 0 0 0.000000 0.000000 0.000000 0.000000 0.924226
11 1 57 45 0.338175 2.078184 0.434987 1.042504 3.310241
9 0 0 0 0.000000 0.000000 0.000000 0.000000 0.564987
2 1 55 62 0.264797 2.268854 0.691235 1.023142 1.067046
5 1 58 42 0.262089 1.937431 0.313994 1.007844 1.244001
2 1 55 62 0.264797 2.268854 0.691235 1.023142 1.067046
11 1 57 45 0.338175 2.078184 0.434987 1.042504 3.310241
82 11
1 1 48 39 0.252378 1.828013 0.343419 0.970191 1.277800
10 1 48 43 0.237458 1.976999 0.454378 0.977444 1.416988
0 1 47 78 0.284982 1.795764 0.357322 1.104831 0.965267
4 1 55 43 0.266587 1.943707 0.370804 0.900881 1.971352
0 1 47 78 0.284982 1.795764 0.357322 1.104831 0.965267
4 1 55 43 0.266587 1.943707 0.370804 0.900881 1.971352
1 1 48 39 0.252378 1.828013 0.343419 0.970191 1.277800
10 1 48 43 0.237458 1.976999 0.454378 0.977444 1.416988
83 21
20 1 45 94 0.253747 1.511700 0.477715 1.374035 1.380465
3 1 62 32 0.244112 1.649452 0.454924 0.599485 1.957795
7 1 54 85 0.259176 3.429776 0.559763 1.113952 1.853426
16 1 39 40 0.298783 1.404186 0.580926 0.647903 1.354115
17 1 51 43 0.246462 1.511165 0.442337 0.637061 1.295976
20 1 45 94 0.253747 1.511700 0.477715 1.374035 1.380465
17 1 51 43 0.246462 1.511165 0.442337 0.637061 1.295976
20 1 45 94 0.253747 1.511700 0.477715 1.374035 1.380465
84 13
8 1 58 57 0.274904 3.373783 0.733772 1.034545 1.269405
3 0 0 0 0.000000 0.000000 0.000000 0.000000 1.056819
8 1 58 57 0.274904 3.373783 0.733772 1.034545 1.269405
5 1 51 119 0.231484 3.287981 0.541867 4.157900 1.227451
8 1 58 57 0.274904 3.373783 0.733772 1.034545 1.269405
6 1 62 47 0.271616 3.409064 0.387683 1.012786 1.992419
8 1 58 57 0.274904 3.373783 0.733772 1.034545 1.269405
6 1 62 47 0.271616 3.409064 0.387683 1.012786 1.992419
85 14
1 1 53 49 0.260125 1.868227 0.382062 0.747839 1.091208
2 1 56 40 0.344314 1.967203 0.488992 0.828974 1.355245
2 1 56 40 0.344314 1.967203 0.488992 0.828974 1.355245
7 0 0 0 0.000000 0.000000 0.000000 0.000000 0.936886
0 1 49 48 0.247365 1.621945 0.694078 0.926646 1.124502
9 1 56 40 0.297160 1.963729 0.294810 0.891947 1.698893
0 1 49 48 0.247365 1.621945 0.694078 0.926646 1.124502
2 1 56 40 0.344314 1.967203 0.488992 0.828974 1.355245
86 26
13 0 0 0 0.000000 0.000000 0.000000 0.000000 1.471516
1 1 57 96 0.270387 1.752185 0.377644 2.149675 1.043975
4 1 54 37 0.254767 3.057620 0.535077 0.630285 5.932444
13 0 0 0 0.000000 0.000000 0.000000 0.000000 1.471516
20 1 55 44 0.272046 3.392596 0.333297 0.703829 1.408083
1 1 57 96 0.270387 1.752185 0.377644 2.149675 1.043975
20 1 55 44 0.272046 3.392596 0.333297 0.703829 1.408083
5 1 54 96 0.270322 1.643273 0.650390 1.421431 1.838024
87 18
16 1 50 42 0.240764 2.960683 0.440031 0.703235 1.721401
2 1 57 63 0.271795 1.613911 0.283765 0.739674 1.678264
1 1 67 63 0.339771 1.644311 0.306201 0.819139 1.037047
7 1 50 81 0.230814 1.429767 0.548320 1.105459 1.683195
15 1 53 75 0.269569 1.641906 0.517095 2.133031 2.339374
12 1 47 71 0.229110 2.749856 0.359121 1.226956 1.544207
16 1 50 42 0.240764 2.960683 0.440031 0.703235 1.721401
2 1 57 63 0.271795 1.613911 0.283765 0.739674 1.678264
88 17
14 1 51 87 0.251899 3.166372 0.516338 1.284778 1.576973
3 1 59 52 0.247179 1.552058 0.364792 0.602046 12.477636
4 1 53 44 0.267552 3.190948 0.314861 0.701177 2.734070
11 0 0 0 0.000000 0.000000 0.000000 0.000000 0.956230
14 1 51 87 0.251899 3.166372 0.516338 1.284778 1.576973
3 1 59 52 0.247179 1.552058 0.364792 0.602046 12.477636
14 1 51 87 0.251899 3.166372 0.516338 1.284778 1.576973
7 0 0 0 0.000000 0.000000 0.000000 0.000000 1.155928
89 21
18 1 42 31 0.231714 1.611121 0.351786 0.621895 0.767285
1 1 51 80 0.248542 1.703914 0.567370 1.130219 10.064019
5 1 51 53 0.243442 1.708419 0.673141 0.663942 3.360828
8 1 48 82 0.238069 1.580017 0.646203 1.051450 1.143143
5 1 51 53 0.243442 1.708419 0.673141 0.663942 3.360828
1 1 51 80 0.248542 1.703914 0.567370 1.130219 10.064019
18 1 42 31 0.231714 1.611121 0.351786 0.621895 0.767285
1 1 51 80 0.248542 1.703914 0.567370 1.130219 10.064019
90 26
5 1 46 42 0.250554 2.069197 0.485737 0.591191 0.560431
1 1 53 38 0.261907 1.715942 0.438048 0.618851 1.835154
15 1 48 44 0.236424 1.536289 0.542203 0.616836 2.613823
12 0 0 0 0.000000 0.000000 0.000000 0.000000 1.110286
15 1 48 44 0.236424 1.536289 0.542203 0.616836 2.613823
10 1 57 39 0.249253 1.698758 0.400991 0.590240 1.535154
16 1 54 36 0.257920 2.093207 0.482967 0.605013 1.110623
10 1 57 39 0.249253 1.698758 0.400991 0.590240 1.535154
91 17
6 0 0 0 0.000000 0.000000 0.000000 0.000000 0.610076
1 1 59 52 0.270258 1.706689 0.598331 0.624348 1.361854
14 1 57 53 0.274316 1.579375 0.412774 0.698035 1.554763
13 0 0 0 0.000000 0.000000 0.000000 0.000000 0.987209
14 1 57 53 0.274316 1.579375 0.412774 0.698035 1.554763
3 1 56 41 0.258160 1.757493 0.550616 0.602923 0.886314
14 1 57 53 0.274316 1.579375 0.412774 0.698035 1.554763
1 1 59 52 0.270258 1.706689 0.598331 0.624348 1.361854
92 21
10 0 0 0 0.000000 0.000000 0.000000 0.000000 0.664940
0 1 54 39 0.244387 1.895942 0.426143 0.784366 2.000038
0 1 54 39 0.244387 1.895942 0.426143 0.784366 2.000038
10 0 0 0 0.000000 0.000000 0.000000 0.000000 0.664940
5 1 46 49 0.256478 1.600369 0.573332 0.869474 1.556048
7 1 50 40 0.244057 2.988868 0.307797 0.852059 1.440901
13 1 49 38 0.237183 1.743008 0.437903 0.799251 1.296073
0 1 54 39 0.244387 1.895942 0.426143 0.784366 2.000038
93 15
6 1 58 52 0.249564 2.989371 0.490018 1.016919 0.998201
7 0 0 0 0.000000 0.000000 0.000000 0.000000 0.655243
11 1 54 87 0.259526 3.251355 0.461386 1.978907 1.529862
3 1 59 58 0.285345 1.768817 0.543404 1.001203 1.003725
11 1 54 87 0.259526 3.251355 0.461386 1.978907 1.529862
14 1 57 83 0.252068 3.459828 0.531653 1.726839 1.390084
6 1 58 52 0.249564 2.989371 0.490018 1.016919 0.998201
12 1 54 45 0.262714 3.414707 0.260476 1.076565 1.746882
94 18
7 1 53 49 0.260025 1.983117 0.474876 0.945382 1.475331
16 1 55 43 0.260340 1.919305 0.305336 0.990852 1.182367
12 1 53 84 0.258884 3.262789 0.464667 1.856991 1.525692
3 1 57 47 0.247027 2.146618 0.513498 0.925017 0.789519
12 1 53 84 0.258884 3.262789 0.464667 1.856991 1.525692
16 1 55 43 0.260340 1.919305 0.305336 0.990852 1.182367
7 1 53 49 0.260025 1.983117 0.474876 0.945382 1.475331
16 1 55 43 0.260340 1.919305 0.305336 0.990852 1.182367
95 16
8 1 48 46 0.328712 1.813989 0.361204 0.741983 0.854450
1 1 57 88 0.228210 1.776296 0.788186 1.145344 2.083874
11 1 54 87 0.269247 3.355574 0.501713 2.544820 1.746477
9 0 0 0 0.000000 0.000000 0.000000 0.000000 0.536875
13 1 59 86 0.262853 3.026183 0.510489 1.609939 1.772967
2 1 54 51 0.259968 3.308995 0.380019 0.845387 3.005165
13 1 59 86 0.262853 3.026183 0.510489 1.609939 1.772967
14 0 0 0 0.000000 0.000000 0.000000 0.000000 0.726349
96 13
0 1 39 41 0.218361 1.789062 0.583569 0.934805 0.497972
3 1 54 40 0.251973 1.998598 0.337947 0.903698 1.852650
10 1 61 40 0.250637 1.925890 0.382242 0.852762 1.509977
6 1 45 45 0.258080 1.761414 0.364278 0.984319 1.206305
0 1 39 41 0.218361 1.789062 0.583569 0.934805 0.497972
1 1 52 62 0.249996 1.874085 0.573122 0.942882 1.137299
0 1 39 41 0.218361 1.789062 0.583569 0.934805 0.497972
3 1 54 40 0.251973 1.998598 0.337947 0.903698 1.852650
97 16
8 1 51 50 0.290096 1.699189 0.446224 0.959001 0.645111
6 1 60 39 0.270151 2.002732 0.352272 0.992606 2.581732
11 1 57 39 0.224134 2.006644 0.305172 1.048029 1.099275
1 0 0 0 0.000000 0.000000 0.000000 0.000000 0.450678
15 1 54 49 0.274476 3.448092 0.381900 0.938693 1.544086
6 1 60 39 0.270151 2.002732 0.352272 0.992606 2.581732
8 1 51 50 0.290096 1.699189 0.446224 0.959001 0.645111
11 1 57 39 0.224134 2.006644 0.305172 1.048029 1.099275
98 19
6 1 50 58 0.277885 1.714662 0.487949 0.917537 0.890418
0 0 0 0 0.000000 0.000000 0.000000 0.000000 1.148849
16 1 54 42 0.268994 1.856686 0.288466 0.894064 2.213401
7 1 49 46 0.255182 1.654749 0.342005 0.841183 0.853218
16 1 54 42 0.268994 1.856686 0.288466 0.894064 2.213401
9 1 58 47 0.205376 1.908391 0.289192 0.926442 1.756324
17 1 55 97 0.254715 1.775524 0.443437 3.113211 1.153430
9 1 58 47 0.205376 1.908391 0.289192 0.926442 1.756324
99 22
1 1 51 54 0.312376 1.895141 0.273479 0.937612 1.152118
6 1 59 38 0.285939 1.956911 0.279918 0.871385 1.380855
3 1 54 84 0.237772 1.820950 0.439814 1.110403 0.910357
12 1 46 42 0.242443 1.794289 0.379496 0.987918 1.152936
1 1 51 54 0.312376 1.895141 0.273479 0.937612 1.152118
6 1 59 38 0.285939 1.956911 0.279918 0.871385 1.380855
1 1 51 54 0.312376 1.895141 0.273479 0.937612 1.152118
16 1 55 54 0.199621 1.995153 0.533569 0.919747 1.786939
100 18
13 0 0 0 0.000000 0.000000 0.000000 0.000000 1.481723
3 1 56 41 0.262689 1.774263 0.408638 0.701702 27.011221
14 1 53 49 0.262445 1.722807 0.480495 0.911905 2.250540
12 0 0 0 0.000000 0.000000 0.000000 0.000000 0.819528
14 1 53 49 0.262445 1.722807 0.480495 0.911905 2.250540
5 1 57 42 0.253147 3.104202 0.259264 0.735399 1.386091
14 1 53 49 0.262445 1.722807 0.480495 0.911905 2.250540
3 1 56 41 0.262689 1.774263 0.408638 0.701702 27.011221
101 24
7 1 48 64 0.255956 1.206102 0.462569 0.615549 1.801341
2 1 57 41 0.259631 1.836079 0.535372 0.681673 1.974353
18 1 50 50 0.251427 1.655624 0.430407 0.802637 1.260450
13 0 0 0 0.000000 0.000000 0.000000 0.000000 0.724679
19 1 52 65 0.251875 3.369458 0.479319 1.303266 1.656287
2 1 57 41 0.259631 1.836079 0.535372 0.681673 1.974353
19 1 52 65 0.251875 3.369458 0.479319 1.303266 1.656287
21 0 0 0 0.000000 0.000000 0.000000 0.000000 1.494826
102 15
1 1 50 38 0.269490 1.721276 0.342056 0.785193 1.588093
4 1 64 35 0.279888 1.792942 0.265524 0.943285 1.683578
4 1 64 35 0.279888 1.792942 0.265524 0.943285 1.683578
9 1 54 38 0.244828 1.742078 0.284659 0.966115 1.112865
2 1 52 49 0.255790 2.022253 0.237565 0.905417 1.820041
6 1 54 46 0.202804 1.761964 0.648778 0.888549 1.200477
1 1 50 38 0.269490 1.721276 0.342056 0.785193 1.588093
4 1 64 35 0.279888 1.792942 0.265524 0.943285 1.683578
103 13
3 1 54 49 0.257289 3.247918 0.445859 0.903028 1.507167
5 1 46 46 0.244050 1.812451 0.318168 0.878803 0.654120
2 1 58 35 0.259007 1.799463 0.258350 0.914594 2.176027
8 1 43 38 0.230644 1.742455 0.376609 0.878610 0.728665
3 1 54 49 0.257289 3.247918 0.445859 0.903028 1.507167
5 1 46 46 0.244050 1.812451 0.318168 0.878803 0.654120
3 1 54 49 0.257289 3.247918 0.445859 0.903028 1.507167
5 1 46 46 0.244050 1.812451 0.318168 0.878803 0.654120
104 17
7 1 55 40 0.277295 1.662574 0.314653 0.885419 0.943444
8 1 65 35 0.262323 2.009878 0.401239 0.805240 1.476602
8 1 65 35 0.262323 2.009878 0.401239 0.805240 1.476602
1 1 42 39 0.222090 1.721624 0.317046 0.830777 0.666370
7 1 55 40 0.277295 1.662574 0.314653 0.885419 0.943444
9 1 52 90 0.245833 1.941239 0.505088 2.337538 1.544026
7 1 55 40 0.277295 1.662574 0.314653 0.885419 0.943444
8 1 65 35 0.262323 2.009878 0.401239 0.805240 1.476602
105 17
0 1 50 93 0.259515 2.008859 0.351756 1.040894 0.764159
4 1 54 82 0.235914 1.882997 0.422097 1.324820 1.599982
5 1 55 58 0.275998 3.419899 0.497464 0.930721 1.553415
9 0 0 0 0.000000 0.000000 0.000000 0.000000 0.811636
0 1 50 93 0.259515 2.008859 0.351756 1.040894 0.764159
3 1 55 40 0.261772 3.332854 0.585191 0.760426 3.225861
0 1 50 93 0.259515 2.008859 0.351756 1.040894 0.764159
11 1 55 40 0.187835 1.827192 0.234540 0.770261 1.761766
106 13
2 1 47 42 0.267906 1.778950 0.337819 0.859127 2.011852
4 1 84 68 0.358712 2.795458 0.731900 1.104280 24.701086
2 1 47 42 0.267906 1.778950 0.337819 0.859127 2.011852
10 1 56 35 0.270481 1.711470 0.279348 0.966494 0.916695
2 1 47 42 0.267906 1.778950 0.337819 0.859127 2.011852
6 1 49 42 0.248463 1.922100 0.440108 1.077047 1.272416
2 1 47 42 0.267906 1.778950 0.337819 0.859127 2.011852
4 1 84 68 0.358712 2.795458 0.731900 1.104280 24.701086
107 14
10 1 42 39 0.238445 1.664763 0.426316 0.814491 0.914660
3 1 55 36 0.228652 1.925239 0.341677 0.798511 2.455622
1 1 51 92 0.240626 2.149892 0.699775 1.063600 1.751995
10 1 42 39 0.238445 1.664763 0.426316 0.814491 0.914660
1 1 51 92 0.240626 2.149892 0.699775 1.063600 1.751995
7 1 58 32 0.271027 1.864585 0.246459 0.795306 1.996031
8 1 54 37 0.240631 1.707751 0.292841 0.848172 1.496458
3 1 55 36 0.228652 1.925239 0.341677 0.798511 2.455622
108 25
7 1 53 69 0.259852 3.069501 0.454811 0.864316 1.542708
3 1 55 34 0.245807 1.879923 0.376288 0.757885 1.655435
5 1 55 43 0.261425 1.730639 0.436062 0.765351 2.470982
12 1 53 115 0.254196 1.695631 0.700115 2.024846 0.573486
7 1 53 69 0.259852 3.069501 0.454811 0.864316 1.542708
6 1 55 35 0.249783 1.890966 0.403551 0.740985 1.540120
15 1 61 40 0.253749 1.668909 0.374149 0.722948 1.464008
3 1 55 34 0.245807 1.879923 0.376288 0.757885 1.655435
109 16
