0 29
17 1 45 107 0.266246 1.566216 0.550727 1.239883 1.870954
0 0 0 0 0.000000 0.000000 0.000000 0.000000 43.401708
14 1 50 79 0.273718 1.754585 0.422776 1.988948 4.077300
21 1 45 51 0.255614 1.611957 0.417506 0.748926 0.759827
14 1 50 79 0.273718 1.754585 0.422776 1.988948 4.077300
23 1 61 81 0.199709 1.777395 0.499918 1.028900 24.788369
14 1 50 79 0.273718 1.754585 0.422776 1.988948 4.077300
5 0 0 0 0.000000 0.000000 0.000000 0.000000 139.705470
1 42
13 0 0 0 0.000000 0.000000 0.000000 0.000000 8.004067
36 0 0 0 0.000000 0.000000 0.000000 0.000000 1.215283
38 1 56 48 0.263880 2.803057 0.384686 0.708876 1.073487
35 1 62 91 0.271272 2.163360 0.546732 1.242619 2.651070
38 1 56 48 0.263880 2.803057 0.384686 0.708876 1.073487
32 1 74 60 0.231941 2.213281 0.593008 0.827784 2.242702
38 1 56 48 0.263880 2.803057 0.384686 0.708876 1.073487
37 1 55 88 0.246430 2.806590 0.683967 1.400838 3.423407
2 25
12 1 49 69 0.256880 1.686809 0.552487 1.152369 1.526529
22 1 54 42 0.250130 1.896954 0.640080 0.904260 1.910583
9 1 58 76 0.336819 1.880483 0.802549 0.964648 2.262317
15 1 55 94 0.251429 1.716889 0.431181 1.475223 1.956535
10 1 49 72 0.310509 1.698815 0.541186 1.171671 4.145102
23 1 55 96 0.248856 1.934506 0.414040 2.549169 1.403992
8 1 44 81 0.249210 1.665367 0.464509 1.360251 1.851914
22 1 54 42 0.250130 1.896954 0.640080 0.904260 1.910583
3 26
4 0 0 0 0.000000 0.000000 0.000000 0.000000 5.543935
22 1 47 85 0.231127 1.850539 0.608213 2.253918 1.853313
19 1 50 41 0.331301 1.975617 0.254753 0.947872 9.315705
10 1 44 88 0.252974 1.841291 0.746153 1.525624 21.013622
13 1 47 92 0.265121 1.945690 0.393316 3.947626 2.587188
17 1 60 108 0.232820 1.962594 0.526480 3.786382 2.868338
13 1 47 92 0.265121 1.945690 0.393316 3.947626 2.587188
25 1 43 45 0.245511 1.837117 0.526622 0.999039 1.243078
4 31
