0 26
3 1 46 57 0.254746 1.663760 0.450801 1.132819 1.629320
2 0 0 0 0.000000 0.000000 0.000000 0.000000 2.793012
6 1 56 32 0.280254 1.753271 0.251863 0.828256 4.422854
25 0 0 0 0.000000 0.000000 0.000000 0.000000 0.418198
7 1 54 60 0.261441 1.949380 0.768073 0.773505 2.562515
2 0 0 0 0.000000 0.000000 0.000000 0.000000 2.793012
3 1 46 57 0.254746 1.663760 0.450801 1.132819 1.629320
23 0 0 0 0.000000 0.000000 0.000000 0.000000 0.666560
1 30
25 1 49 42 0.250758 1.881577 0.499930 0.635749 7.371095
2 1 59 92 0.243849 1.793174 0.805548 0.708056 24.530935
20 1 51 29 0.249963 1.740911 0.257844 0.646483 3.156155
7 0 0 0 0.000000 0.000000 0.000000 0.000000 1.056048
25 1 49 42 0.250758 1.881577 0.499930 0.635749 7.371095
21 1 54 77 0.242213 1.799968 0.444029 1.103846 1.748853
25 1 49 42 0.250758 1.881577 0.499930 0.635749 7.371095
6 0 0 0 0.000000 0.000000 0.000000 0.000000 1.118943
2 31
27 1 46 34 0.285615 1.367168 0.298577 0.537803 1.233927
3 0 0 0 0.000000 0.000000 0.000000 0.000000 11.785272
22 1 50 32 0.251662 1.563453 0.395174 0.532688 3.228330
9 0 0 0 0.000000 0.000000 0.000000 0.000000 1.115752
22 1 50 32 0.251662 1.563453 0.395174 0.532688 3.228330
25 1 49 90 0.223411 1.535768 0.552385 1.792493 1.149029
30 1 47 70 0.235720 1.415797 0.624729 0.871446 2.064194
0 0 0 0 0.000000 0.000000 0.000000 0.000000 238.809502
3 31
30 0 0 0 0.000000 0.000000 0.000000 0.000000 0.818403
3 1 59 56 0.242903 1.583954 0.478279 0.722609 5.388066
7 1 50 58 0.263670 1.638744 0.533960 0.810889 1.981978
26 0 0 0 0.000000 0.000000 0.000000 0.000000 1.143161
7 1 50 58 0.263670 1.638744 0.533960 0.810889 1.981978
8 1 55 36 0.242155 1.550856 0.355752 0.634676 2.102898
27 1 56 51 0.264140 3.184877 0.609170 0.649142 2.082720
0 0 0 0 0.000000 0.000000 0.000000 0.000000 32.335285
4 28
22 1 55 32 0.248150 1.592487 0.393719 0.560585 0.875141
2 0 0 0 0.000000 0.000000 0.000000 0.000000 0.008205
12 1 53 51 0.226986 1.696656 0.475434 0.652745 3.422406
27 0 0 0 0.000000 0.000000 0.000000 0.000000 0.703809
3 1 54 57 0.267301 3.198630 0.341782 0.686733 1.568152
2 0 0 0 0.000000 0.000000 0.000000 0.000000 0.008205
22 1 55 32 0.248150 1.592487 0.393719 0.560585 0.875141
25 0 0 0 0.000000 0.000000 0.000000 0.000000 0.869018
5 27
21 1 48 42 0.260460 1.743199 0.515467 0.828375 1.565135
0 1 58 54 0.249212 1.992971 0.657915 0.754597 3.465466
0 1 58 54 0.249212 1.992971 0.657915 0.754597 3.465466
25 0 0 0 0.000000 0.000000 0.000000 0.000000 0.794486
21 1 48 42 0.260460 1.743199 0.515467 0.828375 1.565135
18 1 47 40 0.244325 1.755890 0.409478 0.819508 0.933344
21 1 48 42 0.260460 1.743199 0.515467 0.828375 1.565135
2 1 65 37 0.293459 2.000279 0.340340 0.764543 3.181751
6 17
11 0 0 0 0.000000 0.000000 0.000000 0.000000 0.760577
1 1 50 53 0.323244 2.027065 0.674803 0.674379 6.092454
0 1 60 74 0.269217 1.377133 0.489208 0.867078 4.096938
12 0 0 0 0.000000 0.000000 0.000000 0.000000 0.856436
0 1 60 74 0.269217 1.377133 0.489208 0.867078 4.096938
10 1 56 50 0.264533 3.189983 0.367742 0.864985 0.999966
0 1 60 74 0.269217 1.377133 0.489208 0.867078 4.096938
11 0 0 0 0.000000 0.000000 0.000000 0.000000 0.760577
7 30
27 1 49 47 0.279885 1.741800 0.578077 0.565331 1.527553
6 1 54 52 0.259805 1.563798 0.835424 0.584022 2.160816
1 1 60 121 0.362122 1.591219 0.547559 1.230898 6.785325
26 0 0 0 0.000000 0.000000 0.000000 0.000000 1.239683
27 1 49 47 0.279885 1.741800 0.578077 0.565331 1.527553
6 1 54 52 0.259805 1.563798 0.835424 0.584022 2.160816
27 1 49 47 0.279885 1.741800 0.578077 0.565331 1.527553
6 1 54 52 0.259805 1.563798 0.835424 0.584022 2.160816
8 33
29 1 45 74 0.322193 1.493975 0.524212 0.844990 1.249990
3 1 55 61 0.399156 1.995186 0.391113 0.874929 27.539353
2 0 0 0 0.000000 0.000000 0.000000 0.000000 5.675842
28 0 0 0 0.000000 0.000000 0.000000 0.000000 0.682692
2 0 0 0 0.000000 0.000000 0.000000 0.000000 5.675842
8 1 53 83 0.238010 2.835347 0.503633 1.288269 1.615846
29 1 45 74 0.322193 1.493975 0.524212 0.844990 1.249990
3 1 55 61 0.399156 1.995186 0.391113 0.874929 27.539353
9 27
25 0 0 0 0.000000 0.000000 0.000000 0.000000 0.903207
16 0 0 0 0.000000 0.000000 0.000000 0.000000 0.950101
0 1 57 49 0.347626 2.382444 0.591934 0.800777 2.084940
21 0 0 0 0.000000 0.000000 0.000000 0.000000 0.767735
1 1 59 148 0.313394 1.642434 1.026190 2.702039 1.499243
11 1 59 116 0.258243 3.182541 0.465699 3.251578 0.878121
1 1 59 148 0.313394 1.642434 1.026190 2.702039 1.499243
8 1 55 79 0.266416 3.358389 0.346504 1.412752 1.868740
10 7
2 1 45 38 0.268912 1.905380 0.432330 0.911605 2.122669
1 1 72 63 0.354219 2.712672 0.510910 0.932912 0.848950
0 1 50 99 0.276076 2.091177 1.009032 1.449035 2.754862
6 1 44 66 0.243533 1.843130 0.526808 1.001230 1.874642
2 1 45 38 0.268912 1.905380 0.432330 0.911605 2.122669
1 1 72 63 0.354219 2.712672 0.510910 0.932912 0.848950
2 1 45 38 0.268912 1.905380 0.432330 0.911605 2.122669
1 1 72 63 0.354219 2.712672 0.510910 0.932912 0.848950
11 27
26 1 42 35 0.233246 1.495681 0.411487 0.591309 0.834402
1 1 60 61 0.277389 1.648229 0.391202 0.633302 10.289640
4 1 51 78 0.250799 1.709873 0.425219 1.018798 3.576199
8 0 0 0 0.000000 0.000000 0.000000 0.000000 0.880248
4 1 51 78 0.250799 1.709873 0.425219 1.018798 3.576199
19 1 51 47 0.251339 1.610245 0.533285 0.624005 1.902507
23 1 51 45 0.273455 1.458195 0.438044 0.690410 4.878102
1 1 60 61 0.277389 1.648229 0.391202 0.633302 10.289640
12 29
20 1 55 38 0.256387 1.947513 0.518283 0.761428 2.317819
2 0 0 0 0.000000 0.000000 0.000000 0.000000 237.136131
5 1 53 32 0.241467 1.888459 0.293288 0.766035 1.976351
28 1 45 36 0.239930 1.721662 0.385814 0.762936 0.471037
20 1 55 38 0.256387 1.947513 0.518283 0.761428 2.317819
9 1 48 93 0.226441 1.820111 0.522290 2.032578 0.489455
20 1 55 38 0.256387 1.947513 0.518283 0.761428 2.317819
0 1 60 68 0.295214 1.878007 0.578999 0.755844 2.735630
13 10
8 1 55 50 0.244464 3.234537 0.503483 1.059011 1.522220
2 1 50 96 0.260500 2.022048 0.482481 1.638977 1.328272
0 0 0 0 0.000000 0.000000 0.000000 0.000000 2.728381
9 1 50 36 0.247696 1.879223 0.305763 1.050815 1.777238
1 1 57 102 0.283755 1.925365 0.594847 1.675245 3.233417
9 1 50 36 0.247696 1.879223 0.305763 1.050815 1.777238
8 1 55 50 0.244464 3.234537 0.503483 1.059011 1.522220
2 1 50 96 0.260500 2.022048 0.482481 1.638977 1.328272
14 17
4 1 56 44 0.344286 1.850786 0.522492 0.593357 8.025034
8 1 55 70 0.253359 1.746653 0.712965 0.875908 2.338250
1 1 64 66 0.377678 1.688959 0.631605 0.701926 9.527565
7 1 61 40 0.314979 1.473460 0.530620 0.607573 1.885894
1 1 64 66 0.377678 1.688959 0.631605 0.701926 9.527565
10 1 58 87 0.279227 1.767827 0.555518 1.093053 1.626837
1 1 64 66 0.377678 1.688959 0.631605 0.701926 9.527565
0 0 0 0 0.000000 0.000000 0.000000 0.000000 235.497416
15 28
25 0 0 0 0.000000 0.000000 0.000000 0.000000 1.482771
20 0 0 0 0.000000 0.000000 0.000000 0.000000 1.255828
0 1 67 54 0.381200 2.211922 0.612706 0.785103 7.834542
20 0 0 0 0.000000 0.000000 0.000000 0.000000 1.255828
1 1 71 64 0.395026 1.786881 0.454855 0.996710 12.541462
5 1 55 54 0.250422 3.193471 0.362987 0.978882 2.252429
27 1 53 39 0.235369 1.981231 0.340516 0.839118 0.946847
5 1 55 54 0.250422 3.193471 0.362987 0.978882 2.252429
16 33
25 1 53 46 0.288405 1.780584 0.388995 0.754142 1.100479
3 1 85 61 0.433923 2.318751 0.673360 0.766600 1.219175
1 0 0 0 0.000000 0.000000 0.000000 0.000000 1.869728
29 0 0 0 0.000000 0.000000 0.000000 0.000000 0.826598
25 1 53 46 0.288405 1.780584 0.388995 0.754142 1.100479
8 1 59 38 0.223542 1.809303 0.361905 0.813749 1.358328
25 1 53 46 0.288405 1.780584 0.388995 0.754142 1.100479
0 1 71 41 0.336232 1.885718 0.512267 0.737778 2.024223
17 31
23 0 0 0 0.000000 0.000000 0.000000 0.000000 0.581663
2 1 69 37 0.321672 1.702489 0.442656 0.587880 9.665645
10 1 58 36 0.387916 1.815545 0.455863 0.630456 2.009906
27 0 0 0 0.000000 0.000000 0.000000 0.000000 1.326340
11 1 48 36 0.294687 1.501616 0.259444 0.625048 1.127459
10 1 58 36 0.387916 1.815545 0.455863 0.630456 2.009906
11 1 48 36 0.294687 1.501616 0.259444 0.625048 1.127459
2 1 69 37 0.321672 1.702489 0.442656 0.587880 9.665645
18 4
1 1 49 76 0.312299 1.915590 0.407437 0.977778 3.454894
2 1 52 44 0.264060 1.922513 0.444548 0.924079 2.671787
0 0 0 0 0.000000 0.000000 0.000000 0.000000 2.862331
2 1 52 44 0.264060 1.922513 0.444548 0.924079 2.671787
1 1 49 76 0.312299 1.915590 0.407437 0.977778 3.454894
2 1 52 44 0.264060 1.922513 0.444548 0.924079 2.671787
1 1 49 76 0.312299 1.915590 0.407437 0.977778 3.454894
2 1 52 44 0.264060 1.922513 0.444548 0.924079 2.671787
19 29
28 1 56 81 0.240919 3.304767 0.514399 1.711682 1.263250
2 0 0 0 0.000000 0.000000 0.000000 0.000000 2.963842
0 0 0 0 0.000000 0.000000 0.000000 0.000000 5.681781
5 0 0 0 0.000000 0.000000 0.000000 0.000000 1.709491
1 1 58 71 0.337384 2.024449 0.622853 0.835300 5.082413
25 1 58 113 0.243187 3.321765 0.557085 4.392279 0.681794
16 1 55 54 0.258416 3.325090 0.506137 1.135742 2.359018
2 0 0 0 0.000000 0.000000 0.000000 0.000000 2.963842
20 17
16 1 43 35 0.247051 1.501376 0.487316 0.635420 5.835862
2 1 47 36 0.285213 1.715097 0.417038 0.564753 2.291689
0 1 47 30 0.283930 1.682421 0.305076 0.547885 2.279369
6 1 45 37 0.236420 1.625077 0.403502 0.580573 2.744707
5 1 53 49 0.263032 1.572526 0.611618 0.614172 2.191556
2 1 47 36 0.285213 1.715097 0.417038 0.564753 2.291689
16 1 43 35 0.247051 1.501376 0.487316 0.635420 5.835862
2 1 47 36 0.285213 1.715097 0.417038 0.564753 2.291689
21 13
12 1 42 35 0.265647 1.518752 0.493409 0.728185 1.080289
2 1 47 38 0.256240 1.831706 0.422944 0.670356 23.710177
1 1 61 98 0.379934 1.703255 0.285963 3.248379 3.576381
11 1 44 34 0.242606 1.674721 0.362530 0.701463 2.661756
1 1 61 98 0.379934 1.703255 0.285963 3.248379 3.576381
2 1 47 38 0.256240 1.831706 0.422944 0.670356 23.710177
12 1 42 35 0.265647 1.518752 0.493409 0.728185 1.080289
2 1 47 38 0.256240 1.831706 0.422944 0.670356 23.710177
22 25
21 1 48 65 0.256431 1.618521 0.529050 0.910624 0.886189
3 1 71 40 0.287565 1.840736 0.419364 0.820293 9.141382
1 1 59 34 0.263889 2.031099 0.304412 0.865101 14.302010
6 0 0 0 0.000000 0.000000 0.000000 0.000000 0.490883
21 1 48 65 0.256431 1.618521 0.529050 0.910624 0.886189
17 1 56 40 0.248572 3.138499 0.491426 0.878792 1.811160
21 1 48 65 0.256431 1.618521 0.529050 0.910624 0.886189
11 0 0 0 0.000000 0.000000 0.000000 0.000000 1.045586
23 26
25 0 0 0 0.000000 0.000000 0.000000 0.000000 0.733475
4 1 54 40 0.394577 1.477571 0.407881 0.572340 24.273489
1 1 51 46 0.319511 1.896979 0.602538 0.562178 6.245192
7 0 0 0 0.000000 0.000000 0.000000 0.000000 3.835128
2 1 65 88 0.486068 1.519904 0.485637 0.841209 6.886773
8 1 57 78 0.258294 2.926571 0.445401 1.109709 1.414248
2 1 65 88 0.486068 1.519904 0.485637 0.841209 6.886773
4 1 54 40 0.394577 1.477571 0.407881 0.572340 24.273489
24 32
31 0 0 0 0.000000 0.000000 0.000000 0.000000 1.089755
2 0 0 0 0.000000 0.000000 0.000000 0.000000 236.684239
8 1 53 60 0.244504 3.041694 0.507592 0.631807 1.993507
28 0 0 0 0.000000 0.000000 0.000000 0.000000 0.486820
8 1 53 60 0.244504 3.041694 0.507592 0.631807 1.993507
6 1 54 40 0.234998 2.802842 0.486263 0.567074 1.953876
29 1 52 43 0.227902 1.762946 0.667553 0.548712 1.553154
0 0 0 0 0.000000 0.000000 0.000000 0.000000 2.988872
25 5
4 1 56 75 0.246166 3.440166 0.459440 1.795589 1.627378
3 1 61 39 0.267671 2.071027 0.266962 0.986119 1.631493
0 1 65 43 0.309211 1.887811 0.487564 0.885469 11.390343
3 1 61 39 0.267671 2.071027 0.266962 0.986119 1.631493
1 1 49 38 0.252170 1.909522 0.292837 0.926184 4.034156
3 1 61 39 0.267671 2.071027 0.266962 0.986119 1.631493
4 1 56 75 0.246166 3.440166 0.459440 1.795589 1.627378
3 1 61 39 0.267671 2.071027 0.266962 0.986119 1.631493
26 31
27 1 55 104 0.267141 1.562081 0.692028 1.618520 1.816956
8 1 54 72 0.249146 1.811594 0.535828 1.126479 2.397980
2 1 82 33 0.426643 1.833951 0.373245 0.663373 16.389784
26 0 0 0 0.000000 0.000000 0.000000 0.000000 0.882225
27 1 55 104 0.267141 1.562081 0.692028 1.618520 1.816956
10 1 53 92 0.240257 1.904895 0.562598 1.482451 3.504702
27 1 55 104 0.267141 1.562081 0.692028 1.618520 1.816956
3 1 61 63 0.298076 2.251313 0.467610 0.938115 7.826329
27 27
21 1 40 45 0.211942 1.410857 0.287058 0.522123 1.063583
2 0 0 0 0.000000 0.000000 0.000000 0.000000 52.762244
11 1 53 43 0.223399 1.585131 0.459502 0.552122 3.701290
26 0 0 0 0.000000 0.000000 0.000000 0.000000 0.331262
6 1 49 50 0.232165 2.724687 0.446540 0.631476 3.253852
2 0 0 0 0.000000 0.000000 0.000000 0.000000 52.762244
21 1 40 45 0.211942 1.410857 0.287058 0.522123 1.063583
24 0 0 0 0.000000 0.000000 0.000000 0.000000 1.514428
28 15
5 1 54 37 0.260877 1.733645 0.510246 0.576508 1.265029
1 1 62 37 0.249699 1.507529 0.549238 0.581623 32.581531
0 1 46 68 0.269318 1.729705 0.543928 1.455182 4.582804
9 1 43 33 0.239067 1.493934 0.367321 0.568415 3.233092
5 1 54 37 0.260877 1.733645 0.510246 0.576508 1.265029
12 1 47 32 0.241963 1.568987 0.380290 0.595161 2.479800
5 1 54 37 0.260877 1.733645 0.510246 0.576508 1.265029
1 1 62 37 0.249699 1.507529 0.549238 0.581623 32.581531
29 26
0 1 57 51 0.410030 2.345236 0.604477 0.872147 4.104629
22 1 55 88 0.251032 3.328481 0.522710 1.557278 0.757336
0 1 57 51 0.410030 2.345236 0.604477 0.872147 4.104629
4 1 55 64 0.256711 1.926608 0.534238 0.977200 1.142006
0 1 57 51 0.410030 2.345236 0.604477 0.872147 4.104629
22 1 55 88 0.251032 3.328481 0.522710 1.557278 0.757336
0 1 57 51 0.410030 2.345236 0.604477 0.872147 4.104629
22 1 55 88 0.251032 3.328481 0.522710 1.557278 0.757336
30 14
12 1 52 48 0.244111 3.327916 0.602812 1.058301 0.992518
2 0 0 0 0.000000 0.000000 0.000000 0.000000 23.277259
1 0 0 0 0.000000 0.000000 0.000000 0.000000 1.771678
11 1 70 40 0.307011 2.063799 0.471174 0.951813 1.456204
4 1 45 37 0.297315 1.931365 0.462994 0.891138 1.956320
11 1 70 40 0.307011 2.063799 0.471174 0.951813 1.456204
12 1 52 48 0.244111 3.327916 0.602812 1.058301 0.992518
2 0 0 0 0.000000 0.000000 0.000000 0.000000 23.277259
31 25
24 0 0 0 0.000000 0.000000 0.000000 0.000000 0.528121
4 1 50 44 0.346140 2.003165 0.530670 0.542784 25.227623
2 1 56 61 0.275922 1.215224 0.597184 0.536167 1.005601
7 1 64 57 0.408604 1.572589 0.623890 0.518920 18.669189
2 1 56 61 0.275922 1.215224 0.597184 0.536167 1.005601
4 1 50 44 0.346140 2.003165 0.530670 0.542784 25.227623
20 1 53 60 0.258583 1.710789 0.424087 0.784295 1.218450
17 0 0 0 0.000000 0.000000 0.000000 0.000000 0.790534
32 29
22 1 57 39 0.286587 1.604406 0.344125 0.699292 0.708100
2 0 0 0 0.000000 0.000000 0.000000 0.000000 12.883344
1 1 60 88 0.356810 1.842262 0.517095 3.547301 3.822660
26 0 0 0 0.000000 0.000000 0.000000 0.000000 0.630842
1 1 60 88 0.356810 1.842262 0.517095 3.547301 3.822660
19 1 44 54 0.246026 1.630124 0.546850 0.740407 1.955357
11 1 50 74 0.251083 3.307042 0.476148 1.439237 1.868883
27 0 0 0 0.000000 0.000000 0.000000 0.000000 0.742028
33 31
30 1 55 44 0.267854 2.989068 0.390574 0.641949 1.621634
3 1 63 36 0.387847 2.407647 0.429274 0.593404 1.754219
25 1 55 41 0.243511 3.181737 0.633042 0.638390 3.757406
11 0 0 0 0.000000 0.000000 0.000000 0.000000 1.320396
30 1 55 44 0.267854 2.989068 0.390574 0.641949 1.621634
28 1 53 58 0.251750 1.625022 0.463591 0.638428 1.920808
30 1 55 44 0.267854 2.989068 0.390574 0.641949 1.621634
12 0 0 0 0.000000 0.000000 0.000000 0.000000 0.931470
34 29
25 1 48 42 0.274365 1.725969 0.479546 0.848718 2.122249
15 1 56 38 0.266797 1.905541 0.355437 0.875837 1.446789
25 1 48 42 0.274365 1.725969 0.479546 0.848718 2.122249
8 0 0 0 0.000000 0.000000 0.000000 0.000000 1.226118
25 1 48 42 0.274365 1.725969 0.479546 0.848718 2.122249
5 1 54 78 0.251678 3.374022 0.519185 1.419908 1.412778
25 1 48 42 0.274365 1.725969 0.479546 0.848718 2.122249
15 1 56 38 0.266797 1.905541 0.355437 0.875837 1.446789
35 3
1 1 57 93 0.258142 3.271305 0.623828 1.525869 1.523555
0 1 51 53 0.259635 1.960454 0.724282 0.943280 2.165200
0 1 51 53 0.259635 1.960454 0.724282 0.943280 2.165200
1 1 57 93 0.258142 3.271305 0.623828 1.525869 1.523555
2 1 56 76 0.257756 2.107659 0.715224 1.138861 1.381977
0 1 51 53 0.259635 1.960454 0.724282 0.943280 2.165200
1 1 57 93 0.258142 3.271305 0.623828 1.525869 1.523555
0 1 51 53 0.259635 1.960454 0.724282 0.943280 2.165200
36 8
7 1 52 42 0.253869 1.672802 0.473186 0.776324 1.286674
1 1 47 77 0.259714 1.859662 0.673802 0.921135 4.207509
0 1 48 41 0.260664 1.826628 0.582232 0.706482 14.343234
7 1 52 42 0.253869 1.672802 0.473186 0.776324 1.286674
0 1 48 41 0.260664 1.826628 0.582232 0.706482 14.343234
3 1 49 43 0.237859 1.809110 0.306375 0.751136 1.288287
7 1 52 42 0.253869 1.672802 0.473186 0.776324 1.286674
1 1 47 77 0.259714 1.859662 0.673802 0.921135 4.207509
37 29
25 0 0 0 0.000000 0.000000 0.000000 0.000000 0.805515
24 1 53 100 0.241974 2.024377 0.464115 1.624094 0.788389
0 1 67 57 0.346231 1.742209 0.626586 0.837389 9.054859
4 1 56 51 0.341592 1.789424 0.352741 0.873927 13.056256
1 1 59 78 0.332884 1.766994 0.567308 1.524205 24.681401
24 1 53 100 0.241974 2.024377 0.464115 1.624094 0.788389
1 1 59 78 0.332884 1.766994 0.567308 1.524205 24.681401
24 1 53 100 0.241974 2.024377 0.464115 1.624094 0.788389
38 19
11 1 52 53 0.242083 3.403357 0.568881 1.081607 3.248761
6 1 54 54 0.238272 2.008995 0.507715 1.040496 1.572583
0 1 62 54 0.304697 1.843128 0.644855 0.877330 4.497077
15 0 0 0 0.000000 0.000000 0.000000 0.000000 1.826090
11 1 52 53 0.242083 3.403357 0.568881 1.081607 3.248761
3 1 53 76 0.232099 2.104519 0.285322 1.118651 1.192602
11 1 52 53 0.242083 3.403357 0.568881 1.081607 3.248761
6 1 54 54 0.238272 2.008995 0.507715 1.040496 1.572583
39 6
4 1 53 45 0.253183 1.875909 0.498185 0.883922 1.719397
2 1 46 34 0.316895 1.940330 0.299061 0.939598 0.899569
0 1 59 118 0.340497 2.016515 0.605831 1.223805 1.841602
4 1 53 45 0.253183 1.875909 0.498185 0.883922 1.719397
1 1 46 38 0.328494 1.949600 0.490172 0.893931 1.744676
5 1 46 50 0.233959 1.879858 0.248309 1.037725 1.249058
4 1 53 45 0.253183 1.875909 0.498185 0.883922 1.719397
2 1 46 34 0.316895 1.940330 0.299061 0.939598 0.899569
40 26
25 0 0 0 0.000000 0.000000 0.000000 0.000000 1.123465
11 0 0 0 0.000000 0.000000 0.000000 0.000000 1.597962
12 1 56 44 0.260130 3.360543 0.328435 0.733639 3.414955
7 1 67 39 0.362688 1.950028 0.388897 0.641409 1.226827
2 1 61 36 0.301532 1.490188 0.581214 0.624035 13.164158
8 1 57 95 0.262040 3.236664 0.475155 3.887481 1.539129
2 1 61 36 0.301532 1.490188 0.581214 0.624035 13.164158
8 1 57 95 0.262040 3.236664 0.475155 3.887481 1.539129
41 32
28 0 0 0 0.000000 0.000000 0.000000 0.000000 0.868168
2 0 0 0 0.000000 0.000000 0.000000 0.000000 7.532084
8 1 53 36 0.341891 1.645795 0.491201 0.580947 3.544414
12 0 0 0 0.000000 0.000000 0.000000 0.000000 0.716462
1 1 56 56 0.330179 1.535906 0.522010 0.546764 1.997930
2 0 0 0 0.000000 0.000000 0.000000 0.000000 7.532084
30 1 48 38 0.250359 1.555338 0.380045 0.619992 1.224075
31 1 59 94 0.260715 3.052405 0.446124 3.817336 1.617617
42 31
23 1 52 40 0.261024 3.132068 0.437045 0.746179 1.860658
3 1 67 87 0.251698 2.044840 0.589446 0.985609 3.124316
1 1 59 64 0.311362 1.773432 0.773061 0.716564 28.638311
27 0 0 0 0.000000 0.000000 0.000000 0.000000 0.797901
23 1 52 40 0.261024 3.132068 0.437045 0.746179 1.860658
6 1 59 50 0.265761 3.425765 0.343559 0.989696 2.173572
23 1 52 40 0.261024 3.132068 0.437045 0.746179 1.860658
28 1 43 42 0.263694 1.561304 0.427913 0.801356 1.459436
43 32
29 1 46 90 0.259350 1.394532 0.475734 1.471825 1.943529
3 1 72 46 0.341822 2.164671 0.668062 0.546258 23.744851
24 1 53 34 0.370803 1.623449 0.470616 0.563238 4.013677
11 0 0 0 0.000000 0.000000 0.000000 0.000000 1.007402
29 1 46 90 0.259350 1.394532 0.475734 1.471825 1.943529
8 1 54 44 0.229681 1.522876 0.506050 0.615438 1.301166
29 1 46 90 0.259350 1.394532 0.475734 1.471825 1.943529
6 0 0 0 0.000000 0.000000 0.000000 0.000000 1.140326
44 30
27 1 45 41 0.248168 1.748831 0.450130 0.901388 1.432043
11 1 58 36 0.229290 1.904058 0.293152 0.977850 1.379988
1 1 49 38 0.409866 1.883021 0.323114 0.850593 2.279398
26 0 0 0 0.000000 0.000000 0.000000 0.000000 0.696372
22 1 50 45 0.242338 3.269025 0.581724 0.928028 1.600788
28 1 55 109 0.237160 3.328481 0.638757 2.585597 1.590510
27 1 45 41 0.248168 1.748831 0.450130 0.901388 1.432043
28 1 55 109 0.237160 3.328481 0.638757 2.585597 1.590510
45 27
19 1 53 47 0.253056 3.213297 0.314508 0.977479 1.736652
0 1 72 39 0.369114 2.023205 0.455474 0.871129 1.452915
0 1 72 39 0.369114 2.023205 0.455474 0.871129 1.452915
23 0 0 0 0.000000 0.000000 0.000000 0.000000 1.455482
19 1 53 47 0.253056 3.213297 0.314508 0.977479 1.736652
20 1 54 41 0.247913 1.913696 0.393797 0.951935 1.975138
19 1 53 47 0.253056 3.213297 0.314508 0.977479 1.736652
2 0 0 0 0.000000 0.000000 0.000000 0.000000 2.414618
46 13
12 1 50 47 0.269948 1.843210 0.405250 0.953727 2.760978
2 0 0 0 0.000000 0.000000 0.000000 0.000000 2.209886
0 1 48 38 0.397457 1.965704 0.273885 0.944044 6.945653
4 1 48 94 0.245699 1.943793 0.598058 2.395652 0.776105
9 1 53 37 0.267357 1.853939 0.260607 0.965963 1.304966
7 1 53 70 0.250317 2.053022 0.393315 1.021094 1.292514
12 1 50 47 0.269948 1.843210 0.405250 0.953727 2.760978
1 0 0 0 0.000000 0.000000 0.000000 0.000000 2.518599
47 29
20 1 52 74 0.246532 2.305648 0.572717 0.860072 0.958173
4 0 0 0 0.000000 0.000000 0.000000 0.000000 5.862582
0 0 0 0 0.000000 0.000000 0.000000 0.000000 9.927762
24 0 0 0 0.000000 0.000000 0.000000 0.000000 0.720583
2 1 70 124 0.325258 2.552200 0.768907 3.351625 26.391467
19 1 54 92 0.250792 1.804474 0.470782 1.480977 2.088123
2 1 70 124 0.325258 2.552200 0.768907 3.351625 26.391467
25 0 0 0 0.000000 0.000000 0.000000 0.000000 1.168066
48 30
24 1 50 95 0.235180 1.859718 0.547403 2.679763 1.387234
2 1 59 87 0.302289 1.755475 0.545197 0.803605 1.641011
1 1 69 53 0.285083 1.865386 0.652356 0.633325 8.215033
28 0 0 0 0.000000 0.000000 0.000000 0.000000 0.357112
1 1 69 53 0.285083 1.865386 0.652356 0.633325 8.215033
9 1 43 41 0.221770 1.479170 0.308907 0.590907 2.291051
21 1 42 37 0.243226 1.463863 0.260087 0.583829 1.508679
2 1 59 87 0.302289 1.755475 0.545197 0.803605 1.641011
49 21
3 1 55 41 0.395162 2.034649 0.565011 0.676452 6.741895
9 1 56 94 0.270644 3.468257 0.518194 4.037018 1.764366
0 1 64 123 0.348602 2.135308 0.931555 1.378302 3.240005
8 1 59 43 0.445376 1.864930 0.658187 0.792184 6.430730
3 1 55 41 0.395162 2.034649 0.565011 0.676452 6.741895
12 1 57 77 0.238230 1.881896 0.354968 1.298438 1.271319
3 1 55 41 0.395162 2.034649 0.565011 0.676452 6.741895
10 1 56 44 0.251653 3.288194 0.349093 0.842623 1.872320
50 30
25 1 47 44 0.239566 2.793968 0.447453 0.630687 1.979998
2 1 60 136 0.230300 1.792854 0.461133 2.240527 4.347721
20 1 54 35 0.247615 3.178755 0.459847 0.675218 1.510171
7 0 0 0 0.000000 0.000000 0.000000 0.000000 1.240941
25 1 47 44 0.239566 2.793968 0.447453 0.630687 1.979998
21 1 55 42 0.243883 3.169885 0.538103 0.682475 1.287507
25 1 47 44 0.239566 2.793968 0.447453 0.630687 1.979998
6 1 57 90 0.236840 3.126986 0.513629 2.139568 0.761516
51 30
25 1 54 75 0.255348 3.303426 0.372174 1.252290 0.881206
3 0 0 0 0.000000 0.000000 0.000000 0.000000 1.222352
0 0 0 0 0.000000 0.000000 0.000000 0.000000 2.854446
9 0 0 0 0.000000 0.000000 0.000000 0.000000 0.666643
25 1 54 75 0.255348 3.303426 0.372174 1.252290 0.881206
6 1 55 76 0.246442 2.091433 0.276934 1.130027 1.010283
25 1 54 75 0.255348 3.303426 0.372174 1.252290 0.881206
14 0 0 0 0.000000 0.000000 0.000000 0.000000 1.101774
52 21
17 1 70 91 0.437706 2.014860 0.459389 1.305054 1.065511
9 1 56 41 0.219941 1.857633 0.389099 0.774733 1.795246
0 1 54 45 0.262366 2.269325 0.596189 0.694599 26.490794
8 1 65 84 0.346147 1.722356 0.399303 1.197438 5.604747
3 1 59 43 0.341710 1.687855 0.339712 0.687077 1.996467
9 1 56 41 0.219941 1.857633 0.389099 0.774733 1.795246
3 1 59 43 0.341710 1.687855 0.339712 0.687077 1.996467
16 0 0 0 0.000000 0.000000 0.000000 0.000000 0.959546
53 30
22 1 49 38 0.266137 1.771719 0.265208 0.982401 0.978823
0 1 61 49 0.324514 1.929629 0.664362 0.874844 7.841985
1 1 71 84 0.281019 1.728565 0.561358 1.247888 3.360962
26 0 0 0 0.000000 0.000000 0.000000 0.000000 1.266509
22 1 49 38 0.266137 1.771719 0.265208 0.982401 0.978823
11 1 56 63 0.253949 3.379697 0.474201 1.085068 1.718561
22 1 49 38 0.266137 1.771719 0.265208 0.982401 0.978823
2 1 65 34 0.303623 2.045413 0.259398 0.923947 2.593642
54 31
27 1 58 43 0.263079 1.511460 0.344887 0.703798 1.249870
7 1 57 43 0.251128 1.734014 0.457755 0.705999 2.668795
1 1 63 47 0.322107 1.628070 0.694342 0.654557 2.028606
26 0 0 0 0.000000 0.000000 0.000000 0.000000 0.642508
1 1 63 47 0.322107 1.628070 0.694342 0.654557 2.028606
7 1 57 43 0.251128 1.734014 0.457755 0.705999 2.668795
24 1 54 48 0.255556 3.277128 0.531430 0.765267 1.546610
7 1 57 43 0.251128 1.734014 0.457755 0.705999 2.668795
55 9
5 1 47 41 0.248908 1.852420 0.432926 0.934700 5.717835
2 0 0 0 0.000000 0.000000 0.000000 0.000000 0.632533
0 1 48 39 0.242425 2.017195 0.480560 0.910177 2.176880
6 1 51 65 0.232299 2.011318 0.302581 1.173577 3.095729
5 1 47 41 0.248908 1.852420 0.432926 0.934700 5.717835
6 1 51 65 0.232299 2.011318 0.302581 1.173577 3.095729
5 1 47 41 0.248908 1.852420 0.432926 0.934700 5.717835
2 0 0 0 0.000000 0.000000 0.000000 0.000000 0.632533
56 10
9 1 52 36 0.264158 1.611088 0.466755 0.735073 1.168932
2 1 48 82 0.266442 1.855850 0.540150 1.355067 3.993530
1 1 57 71 0.255088 1.816342 0.577277 0.742523 4.723398
9 1 52 36 0.264158 1.611088 0.466755 0.735073 1.168932
4 1 49 74 0.375682 1.821890 0.459420 0.892233 6.065735
2 1 48 82 0.266442 1.855850 0.540150 1.355067 3.993530
9 1 52 36 0.264158 1.611088 0.466755 0.735073 1.168932
2 1 48 82 0.266442 1.855850 0.540150 1.355067 3.993530
57 16
11 1 51 35 0.243589 1.851758 0.431810 0.678065 1.658867
2 1 48 37 0.221037 1.832896 0.560264 0.692697 4.398892
6 1 50 57 0.260443 1.780106 0.450703 0.894283 3.555607
7 1 43 44 0.229496 1.716520 0.289261 0.782411 1.033538
11 1 51 35 0.243589 1.851758 0.431810 0.678065 1.658867
7 1 43 44 0.229496 1.716520 0.289261 0.782411 1.033538
11 1 51 35 0.243589 1.851758 0.431810 0.678065 1.658867
2 1 48 37 0.221037 1.832896 0.560264 0.692697 4.398892
58 3
1 1 51 39 0.299609 1.841196 0.308089 0.885691 3.529508
0 1 50 89 0.427468 1.921802 0.549843 1.514061 0.843543
1 1 51 39 0.299609 1.841196 0.308089 0.885691 3.529508
2 1 49 82 0.243722 1.846931 0.476144 1.368553 1.835259
1 1 51 39 0.299609 1.841196 0.308089 0.885691 3.529508
0 1 50 89 0.427468 1.921802 0.549843 1.514061 0.843543
1 1 51 39 0.299609 1.841196 0.308089 0.885691 3.529508
0 1 50 89 0.427468 1.921802 0.549843 1.514061 0.843543
59 29
1 1 61 48 0.330446 2.014538 0.553411 0.837523 10.149797
7 1 55 47 0.246884 3.341128 0.290940 0.916801 1.782232
0 1 65 137 0.266863 1.999588 0.713215 2.279495 4.838139
25 0 0 0 0.000000 0.000000 0.000000 0.000000 0.682932
1 1 61 48 0.330446 2.014538 0.553411 0.837523 10.149797
8 1 57 52 0.260770 3.434904 0.358985 1.030295 2.507188
1 1 61 48 0.330446 2.014538 0.553411 0.837523 10.149797
8 1 57 52 0.260770 3.434904 0.358985 1.030295 2.507188
60 10
9 1 52 76 0.243471 2.157203 0.719717 1.136420 1.427781
6 1 55 36 0.256024 1.963884 0.263580 1.039291 1.809292
0 1 47 35 0.311269 2.020701 0.322866 0.974142 2.155361
6 1 55 36 0.256024 1.963884 0.263580 1.039291 1.809292
9 1 52 76 0.243471 2.157203 0.719717 1.136420 1.427781
6 1 55 36 0.256024 1.963884 0.263580 1.039291 1.809292
9 1 52 76 0.243471 2.157203 0.719717 1.136420 1.427781
6 1 55 36 0.256024 1.963884 0.263580 1.039291 1.809292
61 30
22 1 49 74 0.242569 2.928894 0.388795 1.869298 1.396612
2 0 0 0 0.000000 0.000000 0.000000 0.000000 28.731040
1 0 0 0 0.000000 0.000000 0.000000 0.000000 1.216943
26 0 0 0 0.000000 0.000000 0.000000 0.000000 1.206764
22 1 49 74 0.242569 2.928894 0.388795 1.869298 1.396612
2 0 0 0 0.000000 0.000000 0.000000 0.000000 28.731040
22 1 49 74 0.242569 2.928894 0.388795 1.869298 1.396612
21 0 0 0 0.000000 0.000000 0.000000 0.000000 1.284826
62 32
31 1 48 94 0.254641 1.642327 0.257827 2.984102 1.531418
14 1 58 43 0.259961 3.288361 0.348665 0.792507 1.746937
26 1 55 40 0.266839 1.850446 0.380653 0.739018 2.193522
12 0 0 0 0.000000 0.000000 0.000000 0.000000 0.863354
31 1 48 94 0.254641 1.642327 0.257827 2.984102 1.531418
14 1 58 43 0.259961 3.288361 0.348665 0.792507 1.746937
31 1 48 94 0.254641 1.642327 0.257827 2.984102 1.531418
14 1 58 43 0.259961 3.288361 0.348665 0.792507 1.746937
63 32
28 1 56 46 0.261836 1.455938 0.643120 0.602546 1.652777
2 1 58 102 0.245973 1.704678 0.577051 1.046550 4.358467
23 1 53 71 0.242842 1.610919 0.688701 0.796803 2.091538
10 0 0 0 0.000000 0.000000 0.000000 0.000000 0.794347
28 1 56 46 0.261836 1.455938 0.643120 0.602546 1.652777
7 1 58 46 0.250729 2.947098 0.408892 0.674310 1.449238
28 1 56 46 0.261836 1.455938 0.643120 0.602546 1.652777
5 0 0 0 0.000000 0.000000 0.000000 0.000000 0.505812
64 9
5 1 54 34 0.267720 1.830595 0.273201 0.923861 1.651894
3 1 52 38 0.235580 2.015901 0.262012 0.938379 1.466961
0 1 70 49 0.245251 1.874391 0.458977 0.918906 3.402481
7 1 54 36 0.219173 1.878959 0.291909 0.963890 1.213509
2 1 48 66 0.317577 1.866992 0.484209 0.902349 0.723478
7 1 54 36 0.219173 1.878959 0.291909 0.963890 1.213509
5 1 54 34 0.267720 1.830595 0.273201 0.923861 1.651894
3 1 52 38 0.235580 2.015901 0.262012 0.938379 1.466961
65 7
6 1 42 43 0.246288 1.565767 0.614808 0.658054 2.354879
1 1 48 60 0.300412 1.730367 0.414677 0.782056 1.261851
0 1 46 35 0.289225 1.805603 0.408862 0.647254 1.798579
6 1 42 43 0.246288 1.565767 0.614808 0.658054 2.354879
4 1 44 42 0.254138 1.576672 0.546803 0.736042 1.767674
3 1 46 55 0.240182 1.648145 0.440081 0.756182 2.770872
6 1 42 43 0.246288 1.565767 0.614808 0.658054 2.354879
1 1 48 60 0.300412 1.730367 0.414677 0.782056 1.261851
66 33
25 1 56 132 0.258605 3.052897 0.663244 4.516350 1.121278
3 1 74 58 0.379089 2.206731 0.466937 0.671350 4.064124
1 1 59 118 0.288753 1.995793 0.581232 3.646852 14.422141
29 0 0 0 0.000000 0.000000 0.000000 0.000000 0.631960
2 1 58 64 0.410720 1.744241 0.568537 0.638003 34.352382
18 1 48 40 0.247995 1.640957 0.358878 0.683094 2.179858
19 1 50 82 0.246324 3.194281 0.500518 1.533169 2.440696
25 1 56 132 0.258605 3.052897 0.663244 4.516350 1.121278
67 10
9 1 43 31 0.251050 1.653411 0.390224 0.711533 2.254239
2 1 47 54 0.217584 1.792864 0.581054 0.765023 1.764318
1 1 63 75 0.349897 1.788849 0.380177 1.110620 1.463710
4 1 51 81 0.242626 1.820156 0.514556 2.015097 2.155722
3 1 58 59 0.236932 1.862299 0.391219 0.759601 24.032829
4 1 51 81 0.242626 1.820156 0.514556 2.015097 2.155722
9 1 43 31 0.251050 1.653411 0.390224 0.711533 2.254239
2 1 47 54 0.217584 1.792864 0.581054 0.765023 1.764318
68 17
13 1 41 38 0.242683 1.687185 0.344883 0.752794 2.343349
8 1 56 90 0.245585 2.028002 0.516550 2.220183 1.947308
5 1 49 38 0.252930 1.531348 0.559450 0.707012 2.524292
15 1 40 44 0.243550 1.582507 0.396685 0.745784 0.879401
16 1 40 33 0.244353 1.647344 0.331795 0.735361 0.566026
8 1 56 90 0.245585 2.028002 0.516550 2.220183 1.947308
13 1 41 38 0.242683 1.687185 0.344883 0.752794 2.343349
1 1 57 56 0.255051 1.791168 0.747162 0.762232 2.154370
69 31
23 1 49 36 0.235734 2.146734 0.562656 0.624123 1.369559
2 1 68 39 0.305108 1.690650 0.666655 0.610261 1.497937
1 0 0 0 0.000000 0.000000 0.000000 0.000000 2.344281
27 0 0 0 0.000000 0.000000 0.000000 0.000000 1.244630
23 1 49 36 0.235734 2.146734 0.562656 0.624123 1.369559
2 1 68 39 0.305108 1.690650 0.666655 0.610261 1.497937
23 1 49 36 0.235734 2.146734 0.562656 0.624123 1.369559
28 1 53 34 0.255458 1.952662 0.428589 0.631228 0.895630
70 7
2 1 46 63 0.289488 1.884378 0.435335 0.932590 1.673245
1 1 51 67 0.249353 1.915273 0.693374 0.966501 3.022388
0 1 60 83 0.260362 1.933263 0.620586 1.268713 3.750456
4 0 0 0 0.000000 0.000000 0.000000 0.000000 0.866889
2 1 46 63 0.289488 1.884378 0.435335 0.932590 1.673245
4 0 0 0 0.000000 0.000000 0.000000 0.000000 0.866889
2 1 46 63 0.289488 1.884378 0.435335 0.932590 1.673245
1 1 51 67 0.249353 1.915273 0.693374 0.966501 3.022388
71 8
7 1 52 37 0.251959 1.603773 0.479102 0.713355 1.699135
1 1 47 67 0.264258 1.845188 0.467392 1.169979 2.555291
0 1 47 70 0.312631 1.832050 0.594999 0.812247 5.031175
7 1 52 37 0.251959 1.603773 0.479102 0.713355 1.699135
0 1 47 70 0.312631 1.832050 0.594999 0.812247 5.031175
1 1 47 67 0.264258 1.845188 0.467392 1.169979 2.555291
7 1 52 37 0.251959 1.603773 0.479102 0.713355 1.699135
1 1 47 67 0.264258 1.845188 0.467392 1.169979 2.555291
72 32
22 0 0 0 0.000000 0.000000 0.000000 0.000000 1.123372
2 0 0 0 0.000000 0.000000 0.000000 0.000000 4.675176
10 1 54 43 0.247409 1.629815 0.526512 0.587099 2.860015
5 0 0 0 0.000000 0.000000 0.000000 0.000000 8.265061
1 1 54 58 0.357465 1.527018 0.375159 0.550342 22.716103
3 1 63 44 0.289326 1.462385 0.562236 0.547967 27.067126
19 1 44 54 0.251668 1.375623 0.387535 0.657764 1.468493
6 1 60 44 0.276298 3.454878 0.375932 0.660693 2.223717
73 30
21 0 0 0 0.000000 0.000000 0.000000 0.000000 0.623154
20 1 54 52 0.256187 1.754743 0.415212 0.859970 1.735560
9 0 0 0 0.000000 0.000000 0.000000 0.000000 0.000127
22 0 0 0 0.000000 0.000000 0.000000 0.000000 0.583435
0 1 65 38 0.421455 1.996444 0.450388 0.723660 2.113315
20 1 54 52 0.256187 1.754743 0.415212 0.859970 1.735560
18 1 52 49 0.268961 3.332975 0.338728 0.849665 1.065553
9 0 0 0 0.000000 0.000000 0.000000 0.000000 0.000127
74 30
22 1 62 43 0.241773 1.859149 0.281298 0.962887 1.672083
7 1 55 43 0.254669 2.014464 0.485396 0.968905 1.250604
0 1 65 53 0.299421 1.810351 0.673479 0.860574 3.809040
6 0 0 0 0.000000 0.000000 0.000000 0.000000 1.099336
22 1 62 43 0.241773 1.859149 0.281298 0.962887 1.672083
9 1 56 54 0.261563 1.910411 0.635559 1.011014 2.173369
22 1 62 43 0.241773 1.859149 0.281298 0.962887 1.672083
12 1 56 104 0.258849 3.416414 0.633378 3.909477 2.256158
75 8
7 1 50 47 0.254632 1.839758 0.541603 0.948403 1.358407
2 1 59 41 0.330822 2.006585 0.416512 0.840914 1.952749
0 1 48 36 0.233779 1.936184 0.312602 0.907981 16.437781
7 1 50 47 0.254632 1.839758 0.541603 0.948403 1.358407
1 1 59 68 0.298160 1.952224 0.754538 1.148935 4.254245
4 1 56 76 0.266457 3.383582 0.531461 2.160838 1.722555
7 1 50 47 0.254632 1.839758 0.541603 0.948403 1.358407
2 1 59 41 0.330822 2.006585 0.416512 0.840914 1.952749
76 29
28 0 0 0 0.000000 0.000000 0.000000 0.000000 1.121585
2 1 60 92 0.268666 1.885514 0.566952 2.529220 2.309302
7 1 53 50 0.248268 1.782861 0.355496 0.851105 2.408073
26 0 0 0 0.000000 0.000000 0.000000 0.000000 0.992912
7 1 53 50 0.248268 1.782861 0.355496 0.851105 2.408073
2 1 60 92 0.268666 1.885514 0.566952 2.529220 2.309302
27 1 57 97 0.246510 2.994157 0.570050 4.187297 2.102543
28 0 0 0 0.000000 0.000000 0.000000 0.000000 1.121585
77 26
6 1 52 47 0.262830 1.566052 0.279957 0.849542 1.750115
2 0 0 0 0.000000 0.000000 0.000000 0.000000 3.942813
6 1 52 47 0.262830 1.566052 0.279957 0.849542 1.750115
25 1 53 134 0.245753 1.811420 0.455148 2.615224 1.294205
6 1 52 47 0.262830 1.566052 0.279957 0.849542 1.750115
2 0 0 0 0.000000 0.000000 0.000000 0.000000 3.942813
6 1 52 47 0.262830 1.566052 0.279957 0.849542 1.750115
23 1 53 94 0.248324 1.778966 0.442517 2.094203 1.254746
78 25
24 1 55 34 0.222684 1.757610 0.296823 0.904955 0.652751
1 0 0 0 0.000000 0.000000 0.000000 0.000000 4.183324
0 1 51 111 0.322951 1.922403 0.667935 3.192662 1.148888
17 0 0 0 0.000000 0.000000 0.000000 0.000000 0.968297
0 1 51 111 0.322951 1.922403 0.667935 3.192662 1.148888
1 0 0 0 0.000000 0.000000 0.000000 0.000000 4.183324
12 1 54 47 0.259043 3.288681 0.384176 0.902035 1.272399
24 1 55 34 0.222684 1.757610 0.296823 0.904955 0.652751
79 31
23 1 61 42 0.265470 2.429130 0.272798 0.590468 1.565205
0 1 60 100 0.317399 1.695685 0.538905 2.824062 1.899497
1 1 58 49 0.389230 1.629989 0.457218 0.557536 46.662679
27 0 0 0 0.000000 0.000000 0.000000 0.000000 1.328795
1 1 58 49 0.389230 1.629989 0.457218 0.557536 46.662679
16 1 45 48 0.245993 1.538358 0.544366 0.596857 0.961277
17 1 51 74 0.260467 1.699497 0.838617 0.923733 1.480693
23 1 61 42 0.265470 2.429130 0.272798 0.590468 1.565205
80 30
27 1 43 36 0.284092 1.451408 0.505980 0.618212 1.376447
2 1 57 105 0.285533 1.760867 0.967923 1.173032 2.642516
7 1 52 103 0.251462 3.220978 0.565088 3.834875 2.519621
26 0 0 0 0.000000 0.000000 0.000000 0.000000 0.424887
27 1 43 36 0.284092 1.451408 0.505980 0.618212 1.376447
2 1 57 105 0.285533 1.760867 0.967923 1.173032 2.642516
27 1 43 36 0.284092 1.451408 0.505980 0.618212 1.376447
21 0 0 0 0.000000 0.000000 0.000000 0.000000 1.563312
81 17
10 0 0 0 0.000000 0.000000 0.000000 0.000000 1.038017
16 0 0 0 0.000000 0.000000 0.000000 0.000000 1.068494
7 1 61 77 0.270936 3.369307 0.755249 0.939982 2.390975
6 1 60 50 0.419384 1.492129 0.483778 0.616097 2.108959
0 1 57 54 0.299428 1.425535 0.717362 0.622753 31.830989
4 1 56 46 0.257018 2.434917 0.612697 0.623370 5.045060
2 1 60 55 0.406146 1.852462 0.436453 0.655186 2.618887
7 1 61 77 0.270936 3.369307 0.755249 0.939982 2.390975
82 25
19 1 39 43 0.243821 1.499174 0.626123 0.581374 2.193299
4 1 47 54 0.227904 1.707625 0.627848 0.530459 10.137838
13 1 59 44 0.254120 3.289267 0.526190 0.531443 1.814423
24 0 0 0 0.000000 0.000000 0.000000 0.000000 0.968366
13 1 59 44 0.254120 3.289267 0.526190 0.531443 1.814423
24 0 0 0 0.000000 0.000000 0.000000 0.000000 0.968366
22 1 53 90 0.245472 1.827715 0.527137 2.276929 1.178196
3 1 47 41 0.287155 1.649024 0.640363 0.577656 2.701727
83 3
1 1 52 42 0.271789 1.843678 0.401889 0.991529 3.565657
0 1 53 37 0.349258 1.944752 0.281109 0.930569 2.714045
0 1 53 37 0.349258 1.944752 0.281109 0.930569 2.714045
2 1 47 49 0.252866 1.830921 0.357816 1.028675 1.377607
1 1 52 42 0.271789 1.843678 0.401889 0.991529 3.565657
2 1 47 49 0.252866 1.830921 0.357816 1.028675 1.377607
1 1 52 42 0.271789 1.843678 0.401889 0.991529 3.565657
0 1 53 37 0.349258 1.944752 0.281109 0.930569 2.714045
84 4
3 1 51 43 0.269819 1.791054 0.595402 0.834121 2.336037
0 1 60 102 0.276969 1.878875 0.761644 1.663654 1.503748
0 1 60 102 0.276969 1.878875 0.761644 1.663654 1.503748
3 1 51 43 0.269819 1.791054 0.595402 0.834121 2.336037
2 1 52 38 0.274635 1.889251 0.248551 0.843615 11.417166
1 1 51 40 0.281706 1.882935 0.297312 0.863174 2.110002
3 1 51 43 0.269819 1.791054 0.595402 0.834121 2.336037
0 1 60 102 0.276969 1.878875 0.761644 1.663654 1.503748
85 24
8 0 0 0 0.000000 0.000000 0.000000 0.000000 0.861143
19 1 57 40 0.229739 1.962136 0.295070 1.047579 1.525919
0 1 48 46 0.318436 2.063151 0.487793 0.946621 2.111432
2 1 50 66 0.349385 2.004440 0.423309 1.080457 24.186912
0 1 48 46 0.318436 2.063151 0.487793 0.946621 2.111432
19 1 57 40 0.229739 1.962136 0.295070 1.047579 1.525919
0 1 48 46 0.318436 2.063151 0.487793 0.946621 2.111432
8 0 0 0 0.000000 0.000000 0.000000 0.000000 0.861143
86 9
8 1 53 52 0.261435 1.620778 0.450579 0.880824 1.723674
1 1 47 35 0.284946 1.849866 0.375650 0.719943 1.318726
0 1 59 35 0.281499 1.868213 0.345964 0.705692 2.286116
8 1 53 52 0.261435 1.620778 0.450579 0.880824 1.723674
3 1 47 89 0.327356 1.785751 0.648090 1.392603 2.125885
1 1 47 35 0.284946 1.849866 0.375650 0.719943 1.318726
8 1 53 52 0.261435 1.620778 0.450579 0.880824 1.723674
1 1 47 35 0.284946 1.849866 0.375650 0.719943 1.318726
87 20
16 1 49 47 0.249063 1.817539 0.409181 1.004993 1.382445
7 1 55 41 0.250384 1.925900 0.380116 0.938913 1.911196
0 1 57 86 0.240873 2.016706 0.826201 1.101941 4.776695
3 0 0 0 0.000000 0.000000 0.000000 0.000000 1.131730
16 1 49 47 0.249063 1.817539 0.409181 1.004993 1.382445
7 1 55 41 0.250384 1.925900 0.380116 0.938913 1.911196
16 1 49 47 0.249063 1.817539 0.409181 1.004993 1.382445
7 1 55 41 0.250384 1.925900 0.380116 0.938913 1.911196
88 31
23 1 59 31 0.340291 1.543693 0.293736 0.750515 0.732785
2 1 66 85 0.364887 1.843740 0.486823 1.227190 12.840758
1 0 0 0 0.000000 0.000000 0.000000 0.000000 28.671515
27 0 0 0 0.000000 0.000000 0.000000 0.000000 0.647233
23 1 59 31 0.340291 1.543693 0.293736 0.750515 0.732785
6 1 53 68 0.251324 1.855768 0.538650 1.000811 1.992529
23 1 59 31 0.340291 1.543693 0.293736 0.750515 0.732785
28 1 50 44 0.304369 1.658245 0.373726 0.755282 1.349097
89 27
19 1 50 44 0.232350 3.342173 0.282031 1.023979 1.233353
23 0 0 0 0.000000 0.000000 0.000000 0.000000 0.904538
1 1 60 113 0.306887 2.114931 0.536810 1.390928 3.233565
23 0 0 0 0.000000 0.000000 0.000000 0.000000 0.904538
19 1 50 44 0.232350 3.342173 0.282031 1.023979 1.233353
6 1 57 47 0.267421 2.102578 0.556757 1.063339 2.078735
19 1 50 44 0.232350 3.342173 0.282031 1.023979 1.233353
6 1 57 47 0.267421 2.102578 0.556757 1.063339 2.078735
90 32
30 0 0 0 0.000000 0.000000 0.000000 0.000000 0.673027
7 0 0 0 0.000000 0.000000 0.000000 0.000000 1.023226
1 1 69 48 0.375222 2.262556 0.624863 0.574354 26.223979
13 0 0 0 0.000000 0.000000 0.000000 0.000000 1.102011
31 1 49 60 0.261649 1.602021 0.822884 0.635821 1.810782
12 1 55 54 0.251064 1.545540 0.544096 0.631451 0.917680
31 1 49 60 0.261649 1.602021 0.822884 0.635821 1.810782
9 1 55 78 0.182806 1.763092 0.475230 1.008130 1.775697
91 27
25 1 45 92 0.234871 1.495562 0.509189 1.764700 1.016180
3 1 47 32 0.249810 1.700409 0.490382 0.602866 4.550643
7 1 52 43 0.253753 3.122254 0.480204 0.604755 3.591948
19 1 46 91 0.234659 1.552185 0.593843 2.062525 0.661834
24 1 44 38 0.285807 1.441430 0.501457 0.607807 4.235887
19 1 46 91 0.234659 1.552185 0.593843 2.062525 0.661834
14 1 45 38 0.243510 1.616746 0.514638 0.603505 1.356855
19 1 46 91 0.234659 1.552185 0.593843 2.062525 0.661834
92 11
10 1 46 34 0.251766 1.530813 0.394804 0.691290 1.310474
2 1 65 30 0.288478 1.621507 0.291684 0.649336 0.978000
1 1 65 38 0.279483 1.742209 0.449610 0.654834 3.718109
8 1 43 34 0.241523 1.664542 0.572323 0.656242 1.830022
4 1 50 73 0.261663 1.750391 0.610251 0.842627 2.268329
2 1 65 30 0.288478 1.621507 0.291684 0.649336 0.978000
10 1 46 34 0.251766 1.530813 0.394804 0.691290 1.310474
2 1 65 30 0.288478 1.621507 0.291684 0.649336 0.978000
93 18
17 0 0 0 0.000000 0.000000 0.000000 0.000000 0.886904
2 1 53 57 0.211131 2.169215 0.378878 0.709494 2.880237
0 1 55 58 0.269205 2.172728 0.740921 0.686663 12.445873
9 1 56 51 0.368795 1.350686 0.597477 0.661524 2.901223
1 1 55 47 0.232963 2.371841 0.644570 0.679095 24.326474
14 0 0 0 0.000000 0.000000 0.000000 0.000000 0.880009
1 1 55 47 0.232963 2.371841 0.644570 0.679095 24.326474
0 1 55 58 0.269205 2.172728 0.740921 0.686663 12.445873
94 29
25 1 45 39 0.308495 1.572037 0.450861 0.667880 5.727016
2 1 58 40 0.371242 2.206187 0.622333 0.650745 4.846765
20 1 53 42 0.228531 1.781334 0.363933 0.652814 1.840424
7 0 0 0 0.000000 0.000000 0.000000 0.000000 1.304002
25 1 45 39 0.308495 1.572037 0.450861 0.667880 5.727016
4 1 56 79 0.230160 1.592368 0.572215 1.145718 1.527564
25 1 45 39 0.308495 1.572037 0.450861 0.667880 5.727016
6 0 0 0 0.000000 0.000000 0.000000 0.000000 0.836278
95 35
25 0 0 0 0.000000 0.000000 0.000000 0.000000 0.985094
5 1 61 59 0.327475 2.275713 0.658885 0.630260 9.744777
12 1 54 60 0.284318 1.772629 0.500452 0.736343 2.425196
7 0 0 0 0.000000 0.000000 0.000000 0.000000 3.117407
0 1 55 37 0.364268 2.029365 0.592037 0.595963 28.727276
5 1 61 59 0.327475 2.275713 0.658885 0.630260 9.744777
16 1 59 50 0.255175 2.203271 0.376373 0.675794 1.516581
12 1 54 60 0.284318 1.772629 0.500452 0.736343 2.425196
96 26
25 0 0 0 0.000000 0.000000 0.000000 0.000000 1.576460
8 1 55 71 0.217533 1.704011 0.471265 1.207581 2.097645
6 1 57 41 0.234633 1.773097 0.300463 0.692063 2.316891
5 1 59 47 0.295133 1.616489 0.532066 0.620666 13.307606
1 1 59 40 0.359917 1.435499 0.473645 0.628119 2.957982
12 1 53 58 0.244674 2.909597 0.403895 0.768709 0.830452
1 1 59 40 0.359917 1.435499 0.473645 0.628119 2.957982
3 1 59 68 0.277372 1.806118 0.520827 0.917755 25.224447
97 13
9 1 57 46 0.275958 3.466869 0.395350 0.884506 1.385234
4 0 0 0 0.000000 0.000000 0.000000 0.000000 1.164314
0 1 52 43 0.299742 2.029431 0.651849 0.861321 2.074091
7 1 57 51 0.236397 3.158333 0.441482 0.978405 2.140947
3 1 44 60 0.283227 1.918546 0.668191 1.027094 3.752157
7 1 57 51 0.236397 3.158333 0.441482 0.978405 2.140947
9 1 57 46 0.275958 3.466869 0.395350 0.884506 1.385234
4 0 0 0 0.000000 0.000000 0.000000 0.000000 1.164314
98 30
22 1 49 87 0.252799 1.878558 0.592995 2.614807 0.850628
2 0 0 0 0.000000 0.000000 0.000000 0.000000 11.910853
1 1 63 38 0.444839 1.975422 0.437701 0.602926 28.325899
26 0 0 0 0.000000 0.000000 0.000000 0.000000 1.154216
3 1 50 71 0.293553 1.699265 0.537471 1.024166 2.479899
2 0 0 0 0.000000 0.000000 0.000000 0.000000 11.910853
11 1 53 78 0.248014 2.726074 0.492331 1.129848 1.667507
27 0 0 0 0.000000 0.000000 0.000000 0.000000 1.172894
99 23
21 1 42 45 0.250188 1.526459 0.559669 0.628817 1.803846
2 1 48 49 0.311977 1.701958 0.595656 0.588351 4.464099
1 1 57 50 0.287701 1.868382 0.672287 0.657371 5.674574
11 1 41 37 0.252119 1.549384 0.476562 0.641220 3.595102
21 1 42 45 0.250188 1.526459 0.559669 0.628817 1.803846
9 1 51 86 0.241858 3.055361 0.503468 3.228226 1.775326
21 1 42 45 0.250188 1.526459 0.559669 0.628817 1.803846
2 1 48 49 0.311977 1.701958 0.595656 0.588351 4.464099
100 4
1 1 48 35 0.413728 1.920733 0.280293 0.907801 1.719386
3 1 49 41 0.252798 1.836573 0.275941 0.953341 2.509081
0 1 52 44 0.311484 1.880484 0.279103 0.926212 1.927787
3 1 49 41 0.252798 1.836573 0.275941 0.953341 2.509081
1 1 48 35 0.413728 1.920733 0.280293 0.907801 1.719386
3 1 49 41 0.252798 1.836573 0.275941 0.953341 2.509081
1 1 48 35 0.413728 1.920733 0.280293 0.907801 1.719386
3 1 49 41 0.252798 1.836573 0.275941 0.953341 2.509081
101 3
2 1 53 38 0.255504 1.928804 0.258853 1.024259 1.491025
1 1 49 36 0.314474 1.936545 0.295041 0.983319 2.449022
0 1 50 81 0.300062 2.012961 0.850447 1.095770 1.651351
2 1 53 38 0.255504 1.928804 0.258853 1.024259 1.491025
2 1 53 38 0.255504 1.928804 0.258853 1.024259 1.491025
1 1 49 36 0.314474 1.936545 0.295041 0.983319 2.449022
2 1 53 38 0.255504 1.928804 0.258853 1.024259 1.491025
1 1 49 36 0.314474 1.936545 0.295041 0.983319 2.449022
102 31
28 1 60 53 0.273152 2.094720 0.630424 0.588506 1.320394
7 1 52 43 0.255247 1.472976 0.248150 0.618396 8.540030
2 1 65 117 0.363254 1.716867 0.598436 1.211709 27.727979
27 0 0 0 0.000000 0.000000 0.000000 0.000000 1.276283
28 1 60 53 0.273152 2.094720 0.630424 0.588506 1.320394
7 1 52 43 0.255247 1.472976 0.248150 0.618396 8.540030
28 1 60 53 0.273152 2.094720 0.630424 0.588506 1.320394
3 1 65 41 0.302138 2.310520 0.509504 0.516553 10.504686
103 20
13 1 53 55 0.258334 1.584826 0.625870 0.557789 2.548424
3 1 62 31 0.232550 1.453865 0.371873 0.521281 19.491879
13 1 53 55 0.258334 1.584826 0.625870 0.557789 2.548424
9 1 39 37 0.241592 1.401512 0.548876 0.540753 1.641173
13 1 53 55 0.258334 1.584826 0.625870 0.557789 2.548424
14 1 59 35 0.324385 1.488335 0.505881 0.609554 1.606539
13 1 53 55 0.258334 1.584826 0.625870 0.557789 2.548424
3 1 62 31 0.232550 1.453865 0.371873 0.521281 19.491879
104 29
25 0 0 0 0.000000 0.000000 0.000000 0.000000 0.908154
2 1 68 33 0.385766 1.988629 0.319460 0.694063 5.625503
20 1 53 58 0.252412 3.208900 0.437646 0.929749 1.730762
7 0 0 0 0.000000 0.000000 0.000000 0.000000 0.797337
20 1 53 58 0.252412 3.208900 0.437646 0.929749 1.730762
24 1 54 51 0.238659 1.744642 0.549541 0.759935 1.523861
27 1 53 53 0.247239 2.947499 0.447117 0.920124 1.126258
25 0 0 0 0.000000 0.000000 0.000000 0.000000 0.908154
105 31
27 1 58 50 0.268003 1.942346 0.674120 0.624274 1.068507
2 1 65 66 0.340789 1.658931 0.803766 0.710297 5.626201
4 1 59 55 0.237083 1.563963 0.393526 0.716812 2.575267
26 0 0 0 0.000000 0.000000 0.000000 0.000000 1.086094
27 1 58 50 0.268003 1.942346 0.674120 0.624274 1.068507
6 1 54 38 0.247090 1.661963 0.268666 0.605429 1.934347
27 1 58 50 0.268003 1.942346 0.674120 0.624274 1.068507
30 0 0 0 0.000000 0.000000 0.000000 0.000000 1.227907
106 29
22 0 0 0 0.000000 0.000000 0.000000 0.000000 0.741157
1 0 0 0 0.000000 0.000000 0.000000 0.000000 155.801150
9 1 52 38 0.230297 1.662495 0.571696 0.581245 1.530646
26 0 0 0 0.000000 0.000000 0.000000 0.000000 1.668923
3 1 52 34 0.251735 2.751365 0.525851 0.519786 1.973055
1 0 0 0 0.000000 0.000000 0.000000 0.000000 155.801150
19 1 57 42 0.247097 2.000648 0.441252 0.526748 1.790111
22 0 0 0 0.000000 0.000000 0.000000 0.000000 0.741157
107 22
4 1 63 48 0.271301 2.046629 0.622848 0.679265 3.680388
10 1 55 79 0.254496 1.783455 0.407510 1.168989 2.620681
0 1 53 57 0.373758 1.935201 0.743038 0.738849 33.722716
18 0 0 0 0.000000 0.000000 0.000000 0.000000 1.423324
4 1 63 48 0.271301 2.046629 0.622848 0.679265 3.680388
12 1 53 53 0.256303 1.670031 0.485788 0.886062 1.255597
4 1 63 48 0.271301 2.046629 0.622848 0.679265 3.680388
10 1 55 79 0.254496 1.783455 0.407510 1.168989 2.620681
108 10
9 1 42 41 0.245368 1.743527 0.518062 0.863796 1.164714
1 1 48 39 0.418316 1.872175 0.411191 0.832904 2.059076
0 1 48 37 0.257591 1.943966 0.425862 0.832794 1.909984
7 1 46 60 0.247199 1.808947 0.445212 0.829934 2.390854
2 1 50 79 0.318915 1.874502 0.375545 1.641345 2.122953
7 1 46 60 0.247199 1.808947 0.445212 0.829934 2.390854
9 1 42 41 0.245368 1.743527 0.518062 0.863796 1.164714
1 1 48 39 0.418316 1.872175 0.411191 0.832904 2.059076
110 28
0 1 61 34 0.448575 1.374199 0.517903 0.503062 7.961527
5 1 56 117 0.344251 2.333587 0.637382 0.968927 6.000421
0 1 61 34 0.448575 1.374199 0.517903 0.503062 7.961527
22 1 53 74 0.254009 3.324756 0.483009 1.106128 0.760281
0 1 61 34 0.448575 1.374199 0.517903 0.503062 7.961527
23 1 57 47 0.246790 2.893301 0.653927 0.553462 1.130261
9 1 51 57 0.271000 2.932118 0.662627 0.659394 1.651905
23 1 57 47 0.246790 2.893301 0.653927 0.553462 1.130261
111 29
19 0 0 0 0.000000 0.000000 0.000000 0.000000 0.715631
6 0 0 0 0.000000 0.000000 0.000000 0.000000 16.364667
8 1 56 60 0.263982 3.400587 0.489163 0.871259 1.500682
7 1 64 115 0.365860 1.683921 0.970391 1.307797 2.892149
0 1 55 38 0.273971 1.775163 0.497882 0.597193 27.401283
24 1 60 82 0.263067 1.758270 0.380408 1.291159 1.778709
10 1 51 54 0.250757 3.414429 0.525009 0.752197 2.179355
19 0 0 0 0.000000 0.000000 0.000000 0.000000 0.715631
112 24
10 1 54 101 0.241101 2.276277 0.580490 1.915749 1.346470
22 1 54 44 0.256884 3.417501 0.459676 1.061420 2.184019
1 1 68 77 0.392714 2.275259 0.493573 0.897592 5.793609
2 1 55 57 0.296478 1.901181 0.376542 1.016313 2.032149
0 1 53 55 0.235076 1.972485 0.566715 0.940546 1.022411
23 1 60 44 0.266600 2.046388 0.397852 1.000817 2.230277
20 1 60 45 0.260483 2.322253 0.506543 0.972532 1.527240
23 1 60 44 0.266600 2.046388 0.397852 1.000817 2.230277
113 31
28 1 45 42 0.302761 1.369181 0.413563 0.532296 0.798497
2 1 59 117 0.334203 1.768543 0.618729 1.031710 1.620170
1 1 61 145 0.286383 2.048768 0.657851 2.518861 2.629433
11 0 0 0 0.000000 0.000000 0.000000 0.000000 0.637949
30 1 50 56 0.253403 1.936206 0.567394 0.608093 1.801771
10 1 50 90 0.240601 1.553734 0.452340 1.252791 1.279412
30 1 50 56 0.253403 1.936206 0.567394 0.608093 1.801771
28 1 45 42 0.302761 1.369181 0.413563 0.532296 0.798497
114 32
24 1 62 39 0.322071 1.772552 0.470535 0.723589 1.348543
3 0 0 0 0.000000 0.000000 0.000000 0.000000 3.572376
9 1 51 47 0.257796 1.765873 0.429882 0.781869 6.772037
28 0 0 0 0.000000 0.000000 0.000000 0.000000 0.523456
24 1 62 39 0.322071 1.772552 0.470535 0.723589 1.348543
3 0 0 0 0.000000 0.000000 0.000000 0.000000 3.572376
24 1 62 39 0.322071 1.772552 0.470535 0.723589 1.348543
23 0 0 0 0.000000 0.000000 0.000000 0.000000 0.543522
115 21
19 1 52 42 0.256443 2.014223 0.374582 0.935492 0.914016
7 1 59 37 0.254755 2.001655 0.301692 1.052435 4.427962
1 1 46 35 0.303766 2.010670 0.311188 0.980451 2.022591
20 1 54 91 0.240329 3.353186 0.482202 4.115455 1.043133
15 1 48 45 0.269241 1.823960 0.535806 1.004662 1.309471
7 1 59 37 0.254755 2.001655 0.301692 1.052435 4.427962
15 1 48 45 0.269241 1.823960 0.535806 1.004662 1.309471
7 1 59 37 0.254755 2.001655 0.301692 1.052435 4.427962
116 17
10 1 43 33 0.244475 1.671808 0.477696 0.707573 1.921548
0 1 46 36 0.267426 1.832585 0.485237 0.660030 116.916563
1 1 74 42 0.377539 2.224731 0.417628 0.650315 1.131366
9 1 56 79 0.256341 1.736806 0.442986 1.281289 1.420118
6 1 43 54 0.260032 1.532884 0.536186 0.762845 1.651231
7 1 46 36 0.205069 1.603317 0.497243 0.682893 1.099173
10 1 43 33 0.244475 1.671808 0.477696 0.707573 1.921548
0 1 46 36 0.267426 1.832585 0.485237 0.660030 116.916563
117 18
17 0 0 0 0.000000 0.000000 0.000000 0.000000 0.979175
2 1 49 51 0.345855 1.944556 0.614589 0.691314 5.784145
1 1 57 51 0.230779 1.436284 0.783306 0.687649 2.229218
9 0 0 0 0.000000 0.000000 0.000000 0.000000 35.013404
1 1 57 51 0.230779 1.436284 0.783306 0.687649 2.229218
15 0 0 0 0.000000 0.000000 0.000000 0.000000 1.636234
1 1 57 51 0.230779 1.436284 0.783306 0.687649 2.229218
0 1 55 48 0.311274 2.088163 0.593764 0.656637 9.742452
118 31
23 0 0 0 0.000000 0.000000 0.000000 0.000000 1.367340
2 1 60 41 0.268265 1.959501 0.586620 0.697660 1.842445
6 1 58 32 0.258073 1.749440 0.256123 0.806971 1.394687
27 0 0 0 0.000000 0.000000 0.000000 0.000000 1.306231
17 1 56 76 0.259067 2.127855 0.563155 1.126253 1.141868
22 1 56 52 0.251782 1.849177 0.406940 0.762251 1.460239
11 1 65 43 0.267744 3.361152 0.492336 0.805713 1.466457
2 1 60 41 0.268265 1.959501 0.586620 0.697660 1.842445
119 32
24 1 48 53 0.260758 1.650919 0.615086 0.802353 0.900324
2 0 0 0 0.000000 0.000000 0.000000 0.000000 99.589908
0 1 59 120 0.342199 1.877117 0.777550 3.232936 10.200694
28 0 0 0 0.000000 0.000000 0.000000 0.000000 1.385725
1 0 0 0 0.000000 0.000000 0.000000 0.000000 20.650404
17 1 56 43 0.246054 1.871328 0.439471 0.797291 1.625235
18 1 56 45 0.252043 1.642612 0.485678 0.772192 7.702465
24 1 48 53 0.260758 1.650919 0.615086 0.802353 0.900324
120 31
23 0 0 0 0.000000 0.000000 0.000000 0.000000 0.927960
1 1 64 36 0.381788 1.897253 0.341871 0.623116 1.626021
11 1 55 69 0.411513 1.862921 0.603328 1.046906 2.884837
27 0 0 0 0.000000 0.000000 0.000000 0.000000 0.876680
2 0 0 0 0.000000 0.000000 0.000000 0.000000 24.175193
22 1 47 53 0.251917 1.655418 0.392125 0.679761 1.270469
17 1 48 49 0.327285 1.573159 0.345419 0.737093 1.098307
11 1 55 69 0.411513 1.862921 0.603328 1.046906 2.884837
121 35
34 1 49 91 0.254690 2.008146 0.517246 2.661815 1.161927
4 1 57 38 0.253413 2.171072 0.490026 0.562817 25.507996
1 1 59 144 0.261434 1.937944 0.719662 3.725015 31.863295
7 1 61 68 0.286234 1.601896 0.517102 0.770320 32.403873
1 1 59 144 0.261434 1.937944 0.719662 3.725015 31.863295
8 1 60 48 0.262455 2.905249 0.535865 0.604492 1.622194
33 1 53 50 0.273841 1.451928 0.516349 0.718758 1.717123
4 1 57 38 0.253413 2.171072 0.490026 0.562817 25.507996
122 33
32 1 56 74 0.262744 1.448771 0.640953 1.064888 1.747167
30 1 59 91 0.255764 3.446736 0.641480 3.101496 2.330131
2 0 0 0 0.000000 0.000000 0.000000 0.000000 5.797150
14 0 0 0 0.000000 0.000000 0.000000 0.000000 1.377886
1 1 55 98 0.234754 1.580344 0.672725 1.443919 1.331264
10 1 59 39 0.247201 3.054764 0.405662 0.601063 2.341012
4 1 59 45 0.320626 1.757578 0.656264 0.559453 31.829029
10 1 59 39 0.247201 3.054764 0.405662 0.601063 2.341012
123 31
28 1 49 44 0.264658 1.719755 0.375492 0.899044 1.393434
11 1 57 41 0.282095 1.967206 0.377682 0.863957 1.923058
23 1 57 62 0.253388 1.972189 0.442574 1.057614 2.666526
10 0 0 0 0.000000 0.000000 0.000000 0.000000 0.985621
28 1 49 44 0.264658 1.719755 0.375492 0.899044 1.393434
7 1 53 89 0.253489 1.823541 0.725095 1.411915 1.843211
28 1 49 44 0.264658 1.719755 0.375492 0.899044 1.393434
23 1 57 62 0.253388 1.972189 0.442574 1.057614 2.666526
124 25
17 1 60 86 0.273099 2.914462 0.420725 3.305450 1.621962
6 1 55 42 0.247186 3.060195 0.432964 0.639033 3.022440
1 1 59 38 0.306929 1.446482 0.603936 0.527660 26.500898
20 0 0 0 0.000000 0.000000 0.000000 0.000000 0.767532
17 1 60 86 0.273099 2.914462 0.420725 3.305450 1.621962
9 1 58 91 0.249749 3.039779 0.423788 3.473543 1.803367
17 1 60 86 0.273099 2.914462 0.420725 3.305450 1.621962
6 1 55 42 0.247186 3.060195 0.432964 0.639033 3.022440
125 24
18 1 43 75 0.255047 1.699628 0.471697 1.120541 1.958411
2 0 0 0 0.000000 0.000000 0.000000 0.000000 1.040995
0 1 78 56 0.331849 2.659292 0.704954 0.820487 5.801283
9 1 60 51 0.256939 1.848611 0.371060 0.856278 1.341938
1 1 52 37 0.458824 1.839693 0.445427 0.804507 3.981400
9 1 60 51 0.256939 1.848611 0.371060 0.856278 1.341938
18 1 43 75 0.255047 1.699628 0.471697 1.120541 1.958411
2 0 0 0 0.000000 0.000000 0.000000 0.000000 1.040995
126 4
1 1 47 36 0.346524 1.930639 0.313381 0.948570 4.798985
0 1 66 102 0.373243 1.934588 0.488803 2.123962 3.242266
0 1 66 102 0.373243 1.934588 0.488803 2.123962 3.242266
3 1 49 52 0.258670 1.884089 0.514768 0.977598 1.769485
1 1 47 36 0.346524 1.930639 0.313381 0.948570 4.798985
3 1 49 52 0.258670 1.884089 0.514768 0.977598 1.769485
1 1 47 36 0.346524 1.930639 0.313381 0.948570 4.798985
0 1 66 102 0.373243 1.934588 0.488803 2.123962 3.242266
127 24
23 1 51 43 0.238168 3.319171 0.452265 0.990155 1.193475
1 0 0 0 0.000000 0.000000 0.000000 0.000000 3.063245
0 1 64 48 0.292613 1.868699 0.617940 0.904006 1.710097
8 0 0 0 0.000000 0.000000 0.000000 0.000000 0.902654
0 1 64 48 0.292613 1.868699 0.617940 0.904006 1.710097
19 1 56 48 0.267615 3.435090 0.538758 1.068469 1.899497
0 1 64 48 0.292613 1.868699 0.617940 0.904006 1.710097
19 1 56 48 0.267615 3.435090 0.538758 1.068469 1.899497
128 12
11 1 55 34 0.348031 1.547585 0.408559 0.763178 1.882841
1 1 47 101 0.292207 1.789779 0.470942 1.791898 0.701517
5 1 53 33 0.263775 1.866614 0.451730 0.733189 1.347438
7 1 53 40 0.229311 3.200547 0.436211 0.737943 2.108666
2 1 45 64 0.255681 1.645435 0.485169 1.034136 1.147707
7 1 53 40 0.229311 3.200547 0.436211 0.737943 2.108666
11 1 55 34 0.348031 1.547585 0.408559 0.763178 1.882841
1 1 47 101 0.292207 1.789779 0.470942 1.791898 0.701517
129 15
13 1 56 40 0.253235 1.871808 0.420079 0.571230 1.312784
2 1 47 30 0.297933 1.626729 0.492536 0.518787 4.740322
5 1 56 105 0.258250 3.244784 0.592493 3.779824 6.749465
6 1 47 44 0.256184 1.489474 0.572930 0.605534 2.214147
5 1 56 105 0.258250 3.244784 0.592493 3.779824 6.749465
2 1 47 30 0.297933 1.626729 0.492536 0.518787 4.740322
13 1 56 40 0.253235 1.871808 0.420079 0.571230 1.312784
2 1 47 30 0.297933 1.626729 0.492536 0.518787 4.740322
130 30
26 1 59 51 0.272721 1.773444 0.469175 1.062906 1.185153
7 1 57 41 0.262674 1.951738 0.350905 0.953653 1.540558
0 1 63 132 0.290509 2.082851 0.796619 4.187847 1.468901
25 0 0 0 0.000000 0.000000 0.000000 0.000000 1.243960
0 1 63 132 0.290509 2.082851 0.796619 4.187847 1.468901
11 1 56 48 0.264691 3.419258 0.369762 0.958448 1.664959
2 1 62 61 0.286028 1.787395 0.634158 0.821395 3.415020
11 1 56 48 0.264691 3.419258 0.369762 0.958448 1.664959
131 31
21 0 0 0 0.000000 0.000000 0.000000 0.000000 1.227662
1 1 79 47 0.383469 2.289167 0.519182 0.677219 4.078125
9 1 56 44 0.256030 3.328972 0.435966 0.734209 2.055867
25 0 0 0 0.000000 0.000000 0.000000 0.000000 0.561349
0 1 51 47 0.383629 1.762463 0.670605 0.658559 3.923985
26 0 0 0 0.000000 0.000000 0.000000 0.000000 0.000138
18 1 46 51 0.251676 1.622269 0.425006 0.765783 0.818983
1 1 79 47 0.383469 2.289167 0.519182 0.677219 4.078125
132 18
17 0 0 0 0.000000 0.000000 0.000000 0.000000 0.500793
5 1 50 43 0.402434 1.718043 0.436649 0.546001 5.695804
0 1 53 61 0.336316 1.955727 0.471415 0.757325 9.530917
8 0 0 0 0.000000 0.000000 0.000000 0.000000 1.772279
1 1 66 135 0.350962 1.641299 0.647419 3.385706 7.630334
14 0 0 0 0.000000 0.000000 0.000000 0.000000 1.595667
1 1 66 135 0.350962 1.641299 0.647419 3.385706 7.630334
13 1 57 52 0.265494 3.381976 0.343683 0.716267 3.744003
133 29
25 1 69 86 0.307004 2.272721 0.982389 1.217499 0.776618
8 1 58 48 0.269359 1.917256 0.436736 1.153416 1.873058
0 1 54 59 0.370176 2.161817 0.723728 0.890614 4.846879
24 0 0 0 0.000000 0.000000 0.000000 0.000000 1.399571
0 1 54 59 0.370176 2.161817 0.723728 0.890614 4.846879
10 1 56 61 0.267295 3.426730 0.303144 1.313380 1.972383
0 1 54 59 0.370176 2.161817 0.723728 0.890614 4.846879
10 1 56 61 0.267295 3.426730 0.303144 1.313380 1.972383
134 13
12 1 44 92 0.236676 1.617662 0.605039 1.843690 0.803684
2 1 48 52 0.292990 1.917206 0.447536 0.876614 20.371186
6 1 54 33 0.303511 1.799708 0.336153 0.751577 5.417435
8 1 54 41 0.232882 3.228733 0.560282 0.759256 1.588485
12 1 44 92 0.236676 1.617662 0.605039 1.843690 0.803684
8 1 54 41 0.232882 3.228733 0.560282 0.759256 1.588485
12 1 44 92 0.236676 1.617662 0.605039 1.843690 0.803684
2 1 48 52 0.292990 1.917206 0.447536 0.876614 20.371186
135 27
23 1 53 43 0.247359 2.124025 0.336754 0.898894 1.825506
11 1 55 41 0.248257 3.390522 0.320744 1.024378 3.303800
0 1 70 40 0.358691 1.966860 0.456645 0.884919 5.445063
4 1 47 64 0.326151 1.916844 0.451102 1.089805 12.556461
23 1 53 43 0.247359 2.124025 0.336754 0.898894 1.825506
8 1 56 81 0.218838 2.030966 0.409684 1.556389 2.110955
23 1 53 43 0.247359 2.124025 0.336754 0.898894 1.825506
8 1 56 81 0.218838 2.030966 0.409684 1.556389 2.110955
136 32
24 1 48 62 0.263209 1.886342 0.576769 0.712323 2.318242
3 1 71 38 0.290762 1.644438 0.639415 0.516703 9.718726
2 1 69 87 0.366999 1.584096 0.558639 2.406936 16.203048
28 0 0 0 0.000000 0.000000 0.000000 0.000000 0.934068
24 1 48 62 0.263209 1.886342 0.576769 0.712323 2.318242
0 1 58 71 0.318176 1.612810 0.471924 0.815547 4.371548
24 1 48 62 0.263209 1.886342 0.576769 0.712323 2.318242
1 1 61 110 0.375233 2.009784 0.565204 2.620618 9.900532
137 33
29 1 55 67 0.257046 2.197776 0.539665 0.688037 1.931459
3 1 59 61 0.262483 1.579652 0.503178 0.645838 6.647362
2 1 57 44 0.351742 1.883315 0.474984 0.504061 1.656861
28 0 0 0 0.000000 0.000000 0.000000 0.000000 0.823006
29 1 55 67 0.257046 2.197776 0.539665 0.688037 1.931459
3 1 59 61 0.262483 1.579652 0.503178 0.645838 6.647362
29 1 55 67 0.257046 2.197776 0.539665 0.688037 1.931459
32 0 0 0 0.000000 0.000000 0.000000 0.000000 1.113215
138 18
12 0 0 0 0.000000 0.000000 0.000000 0.000000 0.718409
8 1 53 50 0.308057 2.135695 0.717365 0.607335 4.315948
1 1 53 50 0.367085 1.979705 0.731652 0.595111 26.042171
9 1 54 97 0.311239 1.314377 0.491127 2.961384 7.457275
2 1 53 38 0.239876 1.335932 0.462752 0.597350 27.872358
13 1 55 48 0.243991 1.698705 0.544765 0.618314 1.280453
2 1 53 38 0.239876 1.335932 0.462752 0.597350 27.872358
8 1 53 50 0.308057 2.135695 0.717365 0.607335 4.315948
139 31
3 1 55 43 0.261871 1.372066 0.576917 0.612481 9.671122
5 1 80 45 0.378250 2.320341 0.572313 0.597540 21.465130
29 1 55 81 0.269007 3.399087 0.561374 1.703241 2.243406
4 1 61 57 0.537070 1.586733 0.734769 0.667200 4.784176
3 1 55 43 0.261871 1.372066 0.576917 0.612481 9.671122
12 1 54 40 0.247759 1.778484 0.414842 0.651154 1.190552
3 1 55 43 0.261871 1.372066 0.576917 0.612481 9.671122
5 1 80 45 0.378250 2.320341 0.572313 0.597540 21.465130
140 26
21 1 56 51 0.251670 2.937183 0.386486 0.591657 1.109779
1 1 56 57 0.259399 1.711856 0.385225 0.546984 5.653760
0 1 58 42 0.297714 1.719926 0.628939 0.573182 4.274185
25 0 0 0 0.000000 0.000000 0.000000 0.000000 0.412697
21 1 56 51 0.251670 2.937183 0.386486 0.591657 1.109779
7 1 43 34 0.253213 1.492586 0.492018 0.592673 1.313460
21 1 56 51 0.251670 2.937183 0.386486 0.591657 1.109779
24 1 55 31 0.296369 1.597439 0.368415 0.614619 1.441680
143 5
0 1 51 47 0.241675 1.893895 0.501007 0.900264 1.591523
4 1 47 94 0.262221 1.859192 0.450913 1.747817 0.531967
0 1 51 47 0.241675 1.893895 0.501007 0.900264 1.591523
4 1 47 94 0.262221 1.859192 0.450913 1.747817 0.531967
0 1 51 47 0.241675 1.893895 0.501007 0.900264 1.591523
4 1 47 94 0.262221 1.859192 0.450913 1.747817 0.531967
0 1 51 47 0.241675 1.893895 0.501007 0.900264 1.591523
4 1 47 94 0.262221 1.859192 0.450913 1.747817 0.531967
144 17
2 1 56 39 0.319128 1.599894 0.543306 0.569857 29.616576
6 1 47 48 0.258210 1.895915 0.605324 0.614132 4.563668
1 1 58 43 0.310421 1.434838 0.561530 0.557031 4.957095
9 0 0 0 0.000000 0.000000 0.000000 0.000000 1.378809
1 1 58 43 0.310421 1.434838 0.561530 0.557031 4.957095
6 1 47 48 0.258210 1.895915 0.605324 0.614132 4.563668
5 1 56 45 0.339066 2.166896 0.651772 0.558253 2.055093
0 1 55 48 0.280536 2.071347 0.707159 0.584506 12.464639
145 27
24 1 61 42 0.275977 1.848023 0.297094 1.026826 1.585654
6 1 59 81 0.243855 2.090763 0.448883 1.410218 1.097208
0 1 62 41 0.332394 1.942369 0.383112 0.942684 3.173835
9 0 0 0 0.000000 0.000000 0.000000 0.000000 0.747879
24 1 61 42 0.275977 1.848023 0.297094 1.026826 1.585654
13 0 0 0 0.000000 0.000000 0.000000 0.000000 1.089810
24 1 61 42 0.275977 1.848023 0.297094 1.026826 1.585654
6 1 59 81 0.243855 2.090763 0.448883 1.410218 1.097208
146 30
27 0 0 0 0.000000 0.000000 0.000000 0.000000 1.157147
5 1 54 82 0.235161 1.788435 0.470642 1.274907 1.525129
6 1 54 39 0.289471 1.841976 0.609944 0.695127 3.377667
10 0 0 0 0.000000 0.000000 0.000000 0.000000 1.019997
0 1 58 34 0.407189 1.914961 0.485155 0.657464 11.755294
4 1 53 39 0.244611 1.780563 0.297572 0.727294 1.254581
29 1 50 79 0.276284 1.574910 0.610160 1.508352 0.829778
6 1 54 39 0.289471 1.841976 0.609944 0.695127 3.377667
147 3
1 1 47 35 0.286806 1.942311 0.311151 0.987475 1.883159
0 1 50 37 0.334288 1.984627 0.288735 0.971239 3.001645
0 1 50 37 0.334288 1.984627 0.288735 0.971239 3.001645
2 1 53 49 0.267640 1.945533 0.459323 0.917494 2.098452
1 1 47 35 0.286806 1.942311 0.311151 0.987475 1.883159
2 1 53 49 0.267640 1.945533 0.459323 0.917494 2.098452
1 1 47 35 0.286806 1.942311 0.311151 0.987475 1.883159
0 1 50 37 0.334288 1.984627 0.288735 0.971239 3.001645
148 26
25 1 50 37 0.238953 1.921523 0.289058 0.927590 1.121831
1 0 0 0 0.000000 0.000000 0.000000 0.000000 49.338925
0 1 49 44 0.374701 1.846152 0.576320 0.880771 2.785356
18 0 0 0 0.000000 0.000000 0.000000 0.000000 1.250789
0 1 49 44 0.374701 1.846152 0.576320 0.880771 2.785356
7 1 54 50 0.238997 2.015904 0.302654 0.962748 0.683038
23 1 55 51 0.244731 1.853862 0.374837 1.157895 1.518528
7 1 54 50 0.238997 2.015904 0.302654 0.962748 0.683038
149 29
22 1 56 36 0.275197 1.856523 0.297371 0.861067 3.279573
6 1 55 67 0.248735 3.345870 0.575909 1.204044 1.997198
1 1 75 87 0.412536 1.929298 0.902975 1.084204 8.442163
26 0 0 0 0.000000 0.000000 0.000000 0.000000 0.956575
22 1 56 36 0.275197 1.856523 0.297371 0.861067 3.279573
10 1 55 46 0.253763 3.399253 0.463236 0.881884 1.836121
22 1 56 36 0.275197 1.856523 0.297371 0.861067 3.279573
6 1 55 67 0.248735 3.345870 0.575909 1.204044 1.997198
150 27
21 1 48 49 0.250916 1.785095 0.377930 1.040255 1.359996
0 1 60 42 0.273607 2.161589 0.456817 0.911149 5.006128
1 1 60 41 0.337142 1.749895 0.264541 0.917626 2.025087
25 0 0 0 0.000000 0.000000 0.000000 0.000000 1.050957
21 1 48 49 0.250916 1.785095 0.377930 1.040255 1.359996
10 1 56 86 0.245766 2.184485 0.229191 2.475682 6.046095
21 1 48 49 0.250916 1.785095 0.377930 1.040255 1.359996
26 0 0 0 0.000000 0.000000 0.000000 0.000000 1.220767
151 10
9 1 51 34 0.290880 1.830065 0.282417 1.003004 1.403647
1 1 45 38 0.279598 1.937737 0.416360 0.894179 3.471511
0 1 49 36 0.298409 1.993557 0.398679 0.917061 1.128829
6 1 54 87 0.245573 2.039498 0.482148 2.354515 2.735561
9 1 51 34 0.290880 1.830065 0.282417 1.003004 1.403647
6 1 54 87 0.245573 2.039498 0.482148 2.354515 2.735561
9 1 51 34 0.290880 1.830065 0.282417 1.003004 1.403647
1 1 45 38 0.279598 1.937737 0.416360 0.894179 3.471511
152 15
12 1 45 48 0.261979 1.808528 0.663678 1.004499 2.167473
2 1 60 37 0.267831 2.064162 0.298560 0.997173 6.287414
1 1 47 66 0.254146 2.033113 0.580658 0.964505 4.364375
8 1 53 45 0.261669 1.911338 0.494525 0.970170 3.373189
12 1 45 48 0.261979 1.808528 0.663678 1.004499 2.167473
2 1 60 37 0.267831 2.064162 0.298560 0.997173 6.287414
12 1 45 48 0.261979 1.808528 0.663678 1.004499 2.167473
0 1 60 39 0.265660 2.099509 0.434416 0.901796 6.155567
153 33
24 1 55 56 0.264357 1.496725 0.640805 0.579495 1.218673
3 1 66 36 0.344705 1.681752 0.485129 0.517109 17.309918
1 1 56 35 0.373890 1.948439 0.674352 0.537642 5.377524
28 0 0 0 0.000000 0.000000 0.000000 0.000000 1.117717
1 1 56 35 0.373890 1.948439 0.674352 0.537642 5.377524
12 1 58 48 0.247235 3.081343 0.548677 0.558491 19.729712
18 1 46 49 0.271062 1.456291 0.447874 0.640301 1.903619
12 1 58 48 0.247235 3.081343 0.548677 0.558491 19.729712
154 32
24 0 0 0 0.000000 0.000000 0.000000 0.000000 1.109047
3 0 0 0 0.000000 0.000000 0.000000 0.000000 5.032117
11 1 56 39 0.239879 3.013694 0.586665 0.567953 3.138039
28 0 0 0 0.000000 0.000000 0.000000 0.000000 0.951802
1 1 61 54 0.363313 1.653834 0.623911 0.526913 32.338261
3 0 0 0 0.000000 0.000000 0.000000 0.000000 5.032117
21 1 43 62 0.236571 1.420486 0.515436 0.763511 1.164775
29 0 0 0 0.000000 0.000000 0.000000 0.000000 0.427296
155 24
21 1 69 45 0.421686 1.669813 0.364181 1.030713 1.373831
4 1 56 42 0.238284 2.076157 0.444575 1.076800 2.343036
0 1 64 60 0.366977 2.299863 0.660951 0.912920 6.577957
20 0 0 0 0.000000 0.000000 0.000000 0.000000 1.051805
21 1 69 45 0.421686 1.669813 0.364181 1.030713 1.373831
4 1 56 42 0.238284 2.076157 0.444575 1.076800 2.343036
21 1 69 45 0.421686 1.669813 0.364181 1.030713 1.373831
4 1 56 42 0.238284 2.076157 0.444575 1.076800 2.343036
156 10
4 1 51 66 0.335984 1.809974 0.448275 1.348328 2.064607
2 1 49 89 0.280513 1.863318 0.591073 1.809331 2.047033
1 1 54 72 0.374196 1.777580 0.528158 1.015941 0.735837
8 1 46 50 0.230115 1.716310 0.474196 0.773282 1.654946
1 1 54 72 0.374196 1.777580 0.528158 1.015941 0.735837
2 1 49 89 0.280513 1.863318 0.591073 1.809331 2.047033
4 1 51 66 0.335984 1.809974 0.448275 1.348328 2.064607
2 1 49 89 0.280513 1.863318 0.591073 1.809331 2.047033
157 26
21 1 44 38 0.249072 1.712165 0.298470 0.927020 0.645563
3 0 0 0 0.000000 0.000000 0.000000 0.000000 1.573244
1 1 57 91 0.274667 1.975295 0.569473 1.885364 1.129692
6 0 0 0 0.000000 0.000000 0.000000 0.000000 1.122318
21 1 44 38 0.249072 1.712165 0.298470 0.927020 0.645563
17 1 53 43 0.248862 1.835685 0.557016 0.871326 2.316723
21 1 44 38 0.249072 1.712165 0.298470 0.927020 0.645563
11 0 0 0 0.000000 0.000000 0.000000 0.000000 1.262870
158 29
23 1 55 65 0.269185 1.646843 0.517082 0.728438 1.379770
27 1 59 61 0.266640 3.354529 0.535376 1.085403 1.856714
24 1 57 36 0.261141 1.872695 0.261173 0.770515 5.039095
10 0 0 0 0.000000 0.000000 0.000000 0.000000 0.912355
1 1 54 36 0.367611 1.773664 0.452474 0.678011 7.132097
27 1 59 61 0.266640 3.354529 0.535376 1.085403 1.856714
23 1 55 65 0.269185 1.646843 0.517082 0.728438 1.379770
24 1 57 36 0.261141 1.872695 0.261173 0.770515 5.039095
159 27
21 1 47 31 0.351165 1.316373 0.353522 0.560678 1.269352
1 1 57 106 0.283724 1.761923 0.613662 1.461088 2.562375
0 1 60 64 0.357525 1.836616 0.726165 0.724588 24.345498
25 0 0 0 0.000000 0.000000 0.000000 0.000000 0.816588
21 1 47 31 0.351165 1.316373 0.353522 0.560678 1.269352
9 1 53 46 0.253673 1.642770 0.420687 0.587934 2.121701
21 1 47 31 0.351165 1.316373 0.353522 0.560678 1.269352
26 0 0 0 0.000000 0.000000 0.000000 0.000000 1.214241
160 28
3 1 53 61 0.348498 1.936898 0.577292 1.081123 5.968781
4 0 0 0 0.000000 0.000000 0.000000 0.000000 5.687713
0 0 0 0 0.000000 0.000000 0.000000 0.000000 4.829122
24 1 56 102 0.251830 1.968752 0.644465 2.237913 1.302098
3 1 53 61 0.348498 1.936898 0.577292 1.081123 5.968781
10 1 55 53 0.246689 2.033688 0.366414 1.005795 1.441379
3 1 53 61 0.348498 1.936898 0.577292 1.081123 5.968781
20 0 0 0 0.000000 0.000000 0.000000 0.000000 1.469266
161 17
16 0 0 0 0.000000 0.000000 0.000000 0.000000 1.245651
7 1 54 44 0.251915 3.088202 0.270750 0.699378 1.954841
0 1 60 95 0.315147 1.455401 0.551880 0.979578 27.457773
13 0 0 0 0.000000 0.000000 0.000000 0.000000 0.891671
3 1 52 44 0.377309 1.715633 0.616440 0.603109 25.755782
8 1 56 47 0.245286 3.098673 0.481837 0.733031 1.451876
3 1 52 44 0.377309 1.715633 0.616440 0.603109 25.755782
14 0 0 0 0.000000 0.000000 0.000000 0.000000 1.274886
162 29
25 0 0 0 0.000000 0.000000 0.000000 0.000000 0.833889
17 1 54 76 0.265594 1.910166 0.275863 1.081196 1.534251
1 1 63 144 0.391737 2.094962 0.554878 3.163634 1.237209
4 1 59 74 0.256631 1.789253 0.518908 0.929468 1.262423
0 1 61 132 0.295446 2.331111 0.758427 1.455127 4.081613
8 1 55 51 0.219036 1.934371 0.308894 0.988187 0.833468
0 1 61 132 0.295446 2.331111 0.758427 1.455127 4.081613
8 1 55 51 0.219036 1.934371 0.308894 0.988187 0.833468
163 32
28 1 53 41 0.248946 1.993496 0.297112 0.697988 1.608231
8 1 55 65 0.248190 3.255484 0.377214 0.949186 1.857094
1 1 57 59 0.334729 1.978450 0.377817 0.851695 1.385447
27 0 0 0 0.000000 0.000000 0.000000 0.000000 1.475899
28 1 53 41 0.248946 1.993496 0.297112 0.697988 1.608231
11 1 56 40 0.264512 1.652450 0.257476 0.836995 2.308396
28 1 53 41 0.248946 1.993496 0.297112 0.697988 1.608231
10 1 55 46 0.252886 3.381095 0.356530 0.799903 1.610873
164 9
8 1 58 51 0.239491 1.867342 0.423610 1.015686 1.265557
1 1 49 41 0.282143 1.996890 0.526235 0.913758 0.885967
0 1 50 38 0.301994 2.022228 0.295770 0.919157 8.630364
5 1 53 47 0.255200 1.978344 0.457401 0.965955 3.671612
3 1 45 109 0.261046 1.935914 0.474510 2.789124 1.465163
5 1 53 47 0.255200 1.978344 0.457401 0.965955 3.671612
8 1 58 51 0.239491 1.867342 0.423610 1.015686 1.265557
1 1 49 41 0.282143 1.996890 0.526235 0.913758 0.885967
165 9
8 1 55 39 0.260635 1.990795 0.469215 0.912595 1.101114
2 1 49 36 0.349997 1.932748 0.292015 0.916608 2.297463
0 1 48 69 0.241139 1.968397 0.544325 1.662506 4.469317
5 1 53 39 0.256213 1.898476 0.380457 0.908415 1.956819
1 1 60 54 0.384489 1.976674 0.676634 0.899050 3.821714
5 1 53 39 0.256213 1.898476 0.380457 0.908415 1.956819
8 1 55 39 0.260635 1.990795 0.469215 0.912595 1.101114
2 1 49 36 0.349997 1.932748 0.292015 0.916608 2.297463
166 24
21 1 54 48 0.241416 2.310676 0.610787 1.030048 1.602367
3 0 0 0 0.000000 0.000000 0.000000 0.000000 1.538053
0 1 65 98 0.261377 2.049624 0.858744 1.271725 14.209965
7 0 0 0 0.000000 0.000000 0.000000 0.000000 0.797232
21 1 54 48 0.241416 2.310676 0.610787 1.030048 1.602367
3 0 0 0 0.000000 0.000000 0.000000 0.000000 1.538053
21 1 54 48 0.241416 2.310676 0.610787 1.030048 1.602367
11 0 0 0 0.000000 0.000000 0.000000 0.000000 0.735081
167 13
8 1 46 32 0.264794 1.614094 0.291375 0.694204 1.536598
2 1 65 38 0.258554 1.590465 0.543355 0.701364 4.721673
5 1 53 40 0.229638 1.835858 0.466400 0.707671 2.080672
7 1 42 45 0.236392 1.676140 0.384520 0.702516 0.853894
8 1 46 32 0.264794 1.614094 0.291375 0.694204 1.536598
4 1 40 49 0.231674 1.624782 0.304368 0.763150 0.591092
8 1 46 32 0.264794 1.614094 0.291375 0.694204 1.536598
2 1 65 38 0.258554 1.590465 0.543355 0.701364 4.721673
168 29
26 1 50 42 0.248555 2.918274 0.554643 0.690374 2.106261
1 0 0 0 0.000000 0.000000 0.000000 0.000000 123.295378
6 1 52 48 0.252176 3.202022 0.374714 0.658935 1.745716
25 0 0 0 0.000000 0.000000 0.000000 0.000000 0.697233
26 1 50 42 0.248555 2.918274 0.554643 0.690374 2.106261
1 0 0 0 0.000000 0.000000 0.000000 0.000000 123.295378
26 1 50 42 0.248555 2.918274 0.554643 0.690374 2.106261
20 0 0 0 0.000000 0.000000 0.000000 0.000000 1.072299
169 31
28 1 50 89 0.234559 2.888855 0.564075 3.408554 0.689083
3 0 0 0 0.000000 0.000000 0.000000 0.000000 1.459425
1 1 58 96 0.301265 1.828865 0.551088 3.538964 13.724470
27 0 0 0 0.000000 0.000000 0.000000 0.000000 0.985945
28 1 50 89 0.234559 2.888855 0.564075 3.408554 0.689083
3 0 0 0 0.000000 0.000000 0.000000 0.000000 1.459425
28 1 50 89 0.234559 2.888855 0.564075 3.408554 0.689083
22 0 0 0 0.000000 0.000000 0.000000 0.000000 1.315572
170 9
8 1 45 40 0.261862 1.564619 0.515436 0.691939 1.147691
2 1 46 35 0.252594 1.787082 0.467935 0.670964 4.468280
4 1 59 49 0.266554 3.355694 0.456732 0.803312 1.412112
8 1 45 40 0.261862 1.564619 0.515436 0.691939 1.147691
4 1 59 49 0.266554 3.355694 0.456732 0.803312 1.412112
5 0 0 0 0.000000 0.000000 0.000000 0.000000 1.305520
8 1 45 40 0.261862 1.564619 0.515436 0.691939 1.147691
2 1 46 35 0.252594 1.787082 0.467935 0.670964 4.468280
171 32
24 1 50 44 0.241312 2.182153 0.446051 0.673678 1.219829
6 1 56 77 0.273653 1.653424 0.532115 0.932808 1.444458
2 0 0 0 0.000000 0.000000 0.000000 0.000000 33.388242
28 0 0 0 0.000000 0.000000 0.000000 0.000000 0.580650
1 1 63 43 0.340222 2.239777 0.652732 0.591641 5.604988
12 1 54 37 0.266410 1.792176 0.294572 0.649656 2.799008
18 1 45 47 0.255584 1.446239 0.446465 0.714763 2.113374
12 1 54 37 0.266410 1.792176 0.294572 0.649656 2.799008
172 28
27 1 53 43 0.260213 1.680182 0.420587 0.578643 0.886601
2 0 0 0 0.000000 0.000000 0.000000 0.000000 58.012257
7 1 46 63 0.241090 1.468821 0.522244 0.753493 4.302365
26 0 0 0 0.000000 0.000000 0.000000 0.000000 0.421722
27 1 53 43 0.260213 1.680182 0.420587 0.578643 0.886601
2 0 0 0 0.000000 0.000000 0.000000 0.000000 58.012257
27 1 53 43 0.260213 1.680182 0.420587 0.578643 0.886601
21 0 0 0 0.000000 0.000000 0.000000 0.000000 0.758422
173 29
11 0 0 0 0.000000 0.000000 0.000000 0.000000 0.680624
17 1 58 39 0.253204 1.892507 0.243276 0.914418 2.518887
1 1 76 44 0.379561 2.213225 0.680704 0.786716 6.958383
10 0 0 0 0.000000 0.000000 0.000000 0.000000 1.004609
0 0 0 0 0.000000 0.000000 0.000000 0.000000 4.542054
7 1 58 50 0.253363 3.171106 0.534273 0.918128 1.067374
22 1 52 94 0.264535 3.194940 0.616890 1.896153 1.635776
17 1 58 39 0.253204 1.892507 0.243276 0.914418 2.518887
174 32
10 1 49 43 0.234415 2.086514 0.264080 0.566945 1.665852
5 0 0 0 0.000000 0.000000 0.000000 0.000000 4.543497
15 1 53 97 0.238399 1.655228 0.489502 1.571170 3.446767
31 1 39 58 0.245581 1.460575 0.553477 0.640429 0.564994
10 1 49 43 0.234415 2.086514 0.264080 0.566945 1.665852
14 1 41 53 0.240891 1.447234 0.527911 0.523222 2.124921
10 1 49 43 0.234415 2.086514 0.264080 0.566945 1.665852
1 0 0 0 0.000000 0.000000 0.000000 0.000000 5.588866
175 9
8 1 59 38 0.218188 1.585105 0.514752 0.667651 1.999710
1 1 46 42 0.261854 1.808656 0.276466 0.644009 8.465123
0 1 48 85 0.284387 1.790942 0.467243 1.801492 4.597829
6 1 53 36 0.251877 1.680921 0.428029 0.722043 2.066346
5 1 54 45 0.255160 2.053815 0.296180 0.697067 2.061831
7 1 49 59 0.254297 1.582094 0.428507 1.027729 1.618343
8 1 59 38 0.218188 1.585105 0.514752 0.667651 1.999710
1 1 46 42 0.261854 1.808656 0.276466 0.644009 8.465123
176 30
21 1 49 101 0.256305 2.107572 0.468475 2.604214 0.992141
3 1 71 104 0.332670 1.795421 0.773159 0.902308 2.327734
2 1 61 57 0.317712 2.089681 0.413573 0.661959 2.693116
25 0 0 0 0.000000 0.000000 0.000000 0.000000 1.622066
1 1 62 52 0.327088 1.657375 0.621073 0.609125 5.687601
10 1 55 39 0.297815 1.839169 0.375294 0.659529 4.549033
13 1 60 50 0.268299 1.654157 0.413320 0.701892 1.950714
3 1 71 104 0.332670 1.795421 0.773159 0.902308 2.327734
177 18
17 0 0 0 0.000000 0.000000 0.000000 0.000000 0.694376
10 1 59 51 0.260578 3.246261 0.392557 0.756378 1.770765
1 1 53 49 0.376436 1.910713 0.650027 0.683923 25.660752
9 1 61 49 0.347565 1.550655 0.332899 0.700898 1.203687
1 1 53 49 0.376436 1.910713 0.650027 0.683923 25.660752
10 1 59 51 0.260578 3.246261 0.392557 0.756378 1.770765
1 1 53 49 0.376436 1.910713 0.650027 0.683923 25.660752
15 0 0 0 0.000000 0.000000 0.000000 0.000000 1.177228
178 4
1 1 49 38 0.244092 1.807843 0.305157 0.872165 1.732873
0 1 49 38 0.220793 1.860383 0.413072 0.829074 1.889260
1 1 49 38 0.244092 1.807843 0.305157 0.872165 1.732873
3 1 50 41 0.251344 1.718040 0.537714 0.854914 2.768544
1 1 49 38 0.244092 1.807843 0.305157 0.872165 1.732873
0 1 49 38 0.220793 1.860383 0.413072 0.829074 1.889260
1 1 49 38 0.244092 1.807843 0.305157 0.872165 1.732873
0 1 49 38 0.220793 1.860383 0.413072 0.829074 1.889260
179 30
23 0 0 0 0.000000 0.000000 0.000000 0.000000 0.679358
2 1 59 57 0.325417 1.793103 0.499617 0.757434 16.658234
1 1 57 63 0.386473 1.711603 0.436006 0.588888 54.847160
27 0 0 0 0.000000 0.000000 0.000000 0.000000 0.390100
1 1 57 63 0.386473 1.711603 0.436006 0.588888 54.847160
10 1 52 31 0.278826 1.648656 0.313281 0.506852 1.557248
11 1 55 64 0.270481 1.976961 0.683241 0.749921 2.474668
23 0 0 0 0.000000 0.000000 0.000000 0.000000 0.679358
180 26
25 1 44 38 0.218180 1.410821 0.645371 0.540126 1.360176
2 1 48 31 0.262735 1.672670 0.308566 0.519441 4.618565
17 1 51 67 0.297340 1.586597 0.544875 0.812286 1.755940
11 0 0 0 0.000000 0.000000 0.000000 0.000000 1.085625
17 1 51 67 0.297340 1.586597 0.544875 0.812286 1.755940
0 1 49 28 0.437113 1.716907 0.343978 0.514580 41.299403
25 1 44 38 0.218180 1.410821 0.645371 0.540126 1.360176
11 0 0 0 0.000000 0.000000 0.000000 0.000000 1.085625
181 29
25 0 0 0 0.000000 0.000000 0.000000 0.000000 0.657159
8 1 54 103 0.232177 1.866529 0.625765 2.068159 1.607330
1 1 62 63 0.344716 1.774838 0.479936 0.819392 1.752012
20 0 0 0 0.000000 0.000000 0.000000 0.000000 0.950634
0 0 0 0 0.000000 0.000000 0.000000 0.000000 21.680541
8 1 54 103 0.232177 1.866529 0.625765 2.068159 1.607330
26 1 55 42 0.265766 1.781750 0.404175 0.837284 1.809044
25 0 0 0 0.000000 0.000000 0.000000 0.000000 0.657159
182 14
7 1 49 39 0.250590 1.897780 0.283222 0.946579 2.110264
10 1 50 37 0.234173 2.007416 0.282768 0.948610 2.252526
0 0 0 0 0.000000 0.000000 0.000000 0.000000 2.778102
10 1 50 37 0.234173 2.007416 0.282768 0.948610 2.252526
1 1 61 72 0.287106 1.904603 0.540933 1.179364 3.545659
10 1 50 37 0.234173 2.007416 0.282768 0.948610 2.252526
7 1 49 39 0.250590 1.897780 0.283222 0.946579 2.110264
10 1 50 37 0.234173 2.007416 0.282768 0.948610 2.252526
183 9
2 1 54 36 0.318407 1.843173 0.201777 0.811855 3.048657
1 1 49 134 0.278502 1.884699 0.286971 3.398325 1.385019
0 1 50 114 0.256660 1.856056 0.894748 1.114451 2.721664
7 1 53 37 0.254848 1.806036 0.399146 0.826089 1.906362
0 1 50 114 0.256660 1.856056 0.894748 1.114451 2.721664
1 1 49 134 0.278502 1.884699 0.286971 3.398325 1.385019
2 1 54 36 0.318407 1.843173 0.201777 0.811855 3.048657
1 1 49 134 0.278502 1.884699 0.286971 3.398325 1.385019
185 8
7 1 51 40 0.248964 2.796158 0.447135 0.571245 1.660831
1 1 45 83 0.277636 1.664544 0.478942 1.026161 1.879870
4 1 57 34 0.289881 1.515718 0.462431 0.581821 3.775111
6 0 0 0 0.000000 0.000000 0.000000 0.000000 1.302406
7 1 51 40 0.248964 2.796158 0.447135 0.571245 1.660831
1 1 45 83 0.277636 1.664544 0.478942 1.026161 1.879870
7 1 51 40 0.248964 2.796158 0.447135 0.571245 1.660831
1 1 45 83 0.277636 1.664544 0.478942 1.026161 1.879870
186 29
21 1 50 47 0.265758 1.810631 0.487775 0.926703 0.512517
6 1 55 41 0.253460 3.364200 0.433052 0.937520 1.884291
1 1 60 44 0.296752 2.071695 0.552219 0.851811 5.237861
25 0 0 0 0.000000 0.000000 0.000000 0.000000 0.999941
21 1 50 47 0.265758 1.810631 0.487775 0.926703 0.512517
8 1 54 46 0.262320 3.420670 0.349121 0.933449 1.242327
21 1 50 47 0.265758 1.810631 0.487775 0.926703 0.512517
6 1 55 41 0.253460 3.364200 0.433052 0.937520 1.884291
187 31
27 1 59 45 0.342158 1.979898 0.538492 0.899786 0.605525
3 0 0 0 0.000000 0.000000 0.000000 0.000000 1.659884
0 0 0 0 0.000000 0.000000 0.000000 0.000000 7.723607
9 0 0 0 0.000000 0.000000 0.000000 0.000000 0.664095
2 1 65 156 0.224693 1.894163 0.788972 3.964782 2.133113
6 1 54 74 0.246424 2.099244 0.318357 1.099034 1.404314
30 1 50 42 0.254098 1.834391 0.574196 0.870597 1.518851
3 0 0 0 0.000000 0.000000 0.000000 0.000000 1.659884
188 30
13 0 0 0 0.000000 0.000000 0.000000 0.000000 1.006000
26 1 52 81 0.269114 1.933510 0.519255 1.354624 2.406671
1 1 65 107 0.355358 1.870165 0.487408 2.038159 1.021398
12 0 0 0 0.000000 0.000000 0.000000 0.000000 1.125178
2 1 72 41 0.362261 2.277860 0.467011 0.848469 5.520851
9 1 58 78 0.261641 1.996406 0.482267 1.445844 1.653402
2 1 72 41 0.362261 2.277860 0.467011 0.848469 5.520851
24 1 53 47 0.255996 3.375366 0.399595 0.981824 1.990840
189 29
24 1 50 50 0.270273 1.418593 0.488311 0.670864 1.771457
2 1 55 109 0.259857 1.690521 0.848142 2.290789 2.650412
19 1 54 49 0.247143 3.184454 0.344991 0.677015 3.751170
7 0 0 0 0.000000 0.000000 0.000000 0.000000 1.069762
24 1 50 50 0.270273 1.418593 0.488311 0.670864 1.771457
20 1 51 47 0.235716 1.607050 0.595642 0.729200 1.181244
24 1 50 50 0.270273 1.418593 0.488311 0.670864 1.771457
6 0 0 0 0.000000 0.000000 0.000000 0.000000 1.347920
190 8
3 1 59 46 0.360824 1.797090 0.563044 0.747786 4.075167
2 1 54 49 0.204198 1.761163 0.776229 0.734332 5.268739
1 1 58 39 0.336589 1.877097 0.281627 0.816200 25.700126
5 1 54 41 0.253461 1.751850 0.507904 0.778347 0.901966
1 1 58 39 0.336589 1.877097 0.281627 0.816200 25.700126
2 1 54 49 0.204198 1.761163 0.776229 0.734332 5.268739
3 1 59 46 0.360824 1.797090 0.563044 0.747786 4.075167
2 1 54 49 0.204198 1.761163 0.776229 0.734332 5.268739
191 28
23 1 44 95 0.211369 1.509950 0.465891 2.562477 0.847119
2 1 58 92 0.306530 1.817806 0.523564 2.927007 5.525226
8 1 49 39 0.241066 3.068460 0.359510 0.636085 1.666447
27 0 0 0 0.000000 0.000000 0.000000 0.000000 0.553388
