0 12
7 0 0 0 0.000000 0.000000 0.000000 0.000000 1.391870
2 0 0 0 0.000000 0.000000 0.000000 0.000000 2.692954
11 1 51 84 0.260862 1.914016 0.285034 2.148145 1.327396
9 0 0 0 0.000000 0.000000 0.000000 0.000000 1.016228
11 1 51 84 0.260862 1.914016 0.285034 2.148145 1.327396
6 1 52 52 0.242270 3.395370 0.300555 0.930404 1.658145
10 1 54 80 0.246913 3.365601 0.375334 2.273538 3.379150
6 1 52 52 0.242270 3.395370 0.300555 0.930404 1.658145
1 20
2 0 0 0 0.000000 0.000000 0.000000 0.000000 1.043784
6 0 0 0 0.000000 0.000000 0.000000 0.000000 1.121978
15 1 59 64 0.273482 3.450389 0.416020 1.199647 1.903150
12 0 0 0 0.000000 0.000000 0.000000 0.000000 0.533335
15 1 59 64 0.273482 3.450389 0.416020 1.199647 1.903150
5 1 57 58 0.253086 2.008905 0.709387 0.940947 2.220765
15 1 59 64 0.273482 3.450389 0.416020 1.199647 1.903150
5 1 57 58 0.253086 2.008905 0.709387 0.940947 2.220765
2 14
3 0 0 0 0.000000 0.000000 0.000000 0.000000 0.880885
0 1 54 33 0.253452 3.353819 0.339536 0.772528 2.623021
10 1 56 93 0.257366 3.411532 0.247256 1.897072 1.881203
9 0 0 0 0.000000 0.000000 0.000000 0.000000 0.698499
11 1 57 43 0.261215 1.778799 0.618440 0.821784 2.031061
1 1 53 37 0.249611 1.886622 0.486003 0.814683 16.500183
11 1 57 43 0.261215 1.778799 0.618440 0.821784 2.031061
1 1 53 37 0.249611 1.886622 0.486003 0.814683 16.500183
3 19
2 0 0 0 0.000000 0.000000 0.000000 0.000000 0.715718
10 1 56 79 0.261488 1.966215 0.471150 1.395672 2.268307
14 1 58 46 0.263128 3.468229 0.463719 1.021212 1.747673
7 0 0 0 0.000000 0.000000 0.000000 0.000000 1.250826
14 1 58 46 0.263128 3.468229 0.463719 1.021212 1.747673
10 1 56 79 0.261488 1.966215 0.471150 1.395672 2.268307
14 1 58 46 0.263128 3.468229 0.463719 1.021212 1.747673
10 1 56 79 0.261488 1.966215 0.471150 1.395672 2.268307
4 22
0 0 0 0 0.000000 0.000000 0.000000 0.000000 1.564643
2 1 57 80 0.265008 3.330126 0.428725 1.619010 2.032135
17 1 55 57 0.268296 3.222076 0.747516 0.877190 5.368285
13 0 0 0 0.000000 0.000000 0.000000 0.000000 0.930293
17 1 55 57 0.268296 3.222076 0.747516 0.877190 5.368285
2 1 57 80 0.265008 3.330126 0.428725 1.619010 2.032135
17 1 55 57 0.268296 3.222076 0.747516 0.877190 5.368285
2 1 57 80 0.265008 3.330126 0.428725 1.619010 2.032135
5 24
18 1 56 48 0.262572 2.716419 0.583565 0.555453 4.590283
4 1 56 71 0.232210 1.588892 0.770240 0.612361 1.717824
19 1 45 49 0.210443 1.387565 0.738521 0.633392 2.849319
9 1 50 40 0.262336 1.590499 0.407764 0.543108 1.103838
19 1 45 49 0.210443 1.387565 0.738521 0.633392 2.849319
0 1 52 49 0.240009 1.698057 0.632373 0.612376 2.133884
15 1 53 36 0.242392 1.776055 0.559470 0.583773 2.182775
23 0 0 0 0.000000 0.000000 0.000000 0.000000 1.270183
6 13
5 1 54 81 0.259881 1.825161 0.579941 1.697046 1.530559
7 0 0 0 0.000000 0.000000 0.000000 0.000000 1.531795
8 1 56 93 0.254681 1.917023 0.453512 1.708523 25.401213
6 0 0 0 0.000000 0.000000 0.000000 0.000000 1.415295
11 1 55 48 0.258721 2.024474 0.826587 0.878748 1.377801
8 1 56 93 0.254681 1.917023 0.453512 1.708523 25.401213
11 1 55 48 0.258721 2.024474 0.826587 0.878748 1.377801
8 1 56 93 0.254681 1.917023 0.453512 1.708523 25.401213
7 10
2 0 0 0 0.000000 0.000000 0.000000 0.000000 2.192134
4 1 51 71 0.265418 1.935592 0.689710 1.165065 3.267344
3 1 54 60 0.259815 1.912709 0.807564 0.954985 3.054161
7 0 0 0 0.000000 0.000000 0.000000 0.000000 1.773230
3 1 54 60 0.259815 1.912709 0.807564 0.954985 3.054161
1 0 0 0 0.000000 0.000000 0.000000 0.000000 2.299910
3 1 54 60 0.259815 1.912709 0.807564 0.954985 3.054161
6 1 59 47 0.262408 3.323980 0.502289 0.913890 2.450822
8 25
1 0 0 0 0.000000 0.000000 0.000000 0.000000 1.404326
3 1 55 95 0.254706 3.276868 0.429351 2.938754 2.183392
20 1 58 48 0.241748 3.414198 0.573566 0.839936 23.168897
11 0 0 0 0.000000 0.000000 0.000000 0.000000 1.031539
20 1 58 48 0.241748 3.414198 0.573566 0.839936 23.168897
21 1 51 149 0.234225 1.866829 2.093311 1.093101 1.632860
19 1 54 57 0.243536 1.959825 0.693410 0.787626 2.152837
21 1 51 149 0.234225 1.866829 2.093311 1.093101 1.632860
9 14
11 0 0 0 0.000000 0.000000 0.000000 0.000000 1.307887
1 1 53 52 0.245786 1.899307 0.620763 0.845513 1.579886
13 1 50 97 0.256811 1.759344 0.573133 1.902291 4.801015
11 0 0 0 0.000000 0.000000 0.000000 0.000000 1.307887
13 1 50 97 0.256811 1.759344 0.573133 1.902291 4.801015
4 1 50 48 0.226863 1.755129 0.421832 0.815170 4.852986
13 1 50 97 0.256811 1.759344 0.573133 1.902291 4.801015
3 1 51 91 0.251882 1.872422 0.478171 2.112963 4.245525
10 18
1 0 0 0 0.000000 0.000000 0.000000 0.000000 1.382042
4 1 53 94 0.239530 2.066576 0.886722 1.226132 1.929086
15 1 53 44 0.249440 2.007220 0.539418 0.949361 2.361252
10 0 0 0 0.000000 0.000000 0.000000 0.000000 1.182031
17 1 52 88 0.245612 1.868433 0.461700 1.545967 1.970437
6 1 52 66 0.257732 1.919852 0.607254 1.082540 5.565863
17 1 52 88 0.245612 1.868433 0.461700 1.545967 1.970437
4 1 53 94 0.239530 2.066576 0.886722 1.226132 1.929086
11 10
0 0 0 0 0.000000 0.000000 0.000000 0.000000 1.339855
3 0 0 0 0.000000 0.000000 0.000000 0.000000 0.740604
4 1 63 86 0.274240 2.049500 0.626920 2.264027 2.545426
8 0 0 0 0.000000 0.000000 0.000000 0.000000 2.112406
6 1 60 74 0.259669 3.337123 0.597628 1.926647 2.191180
4 1 63 86 0.274240 2.049500 0.626920 2.264027 2.545426
5 1 46 82 0.251389 1.849253 0.458981 1.443520 1.619950
6 1 60 74 0.259669 3.337123 0.597628 1.926647 2.191180
12 24
7 1 59 59 0.296323 1.847183 0.425740 0.931264 1.549551
1 1 55 97 0.260704 3.356391 0.535537 2.797618 4.831930
19 1 54 77 0.256635 2.999852 0.571017 1.207844 1.791995
12 0 0 0 0.000000 0.000000 0.000000 0.000000 0.924326
19 1 54 77 0.256635 2.999852 0.571017 1.207844 1.791995
20 0 0 0 0.000000 0.000000 0.000000 0.000000 0.684750
19 1 54 77 0.256635 2.999852 0.571017 1.207844 1.791995
18 1 60 50 0.258044 3.119098 0.653833 0.773395 1.719522
13 15
8 0 0 0 0.000000 0.000000 0.000000 0.000000 0.876608
