  0.584982   0.770514    0.25319 -0.0532211   0.707122  -0.637423   0.306054 -0.0492743  0.397208         0 -0.917729  0.173773 0 0 0 1         0 -0.263398  0.872398         0 -0.176398  0.872398 -0.350398  0.872398         0 -0.785398  0.785398         0 -0.785398  0.785398 -0.785398  0.785398
0.207432
1.02065
0.408473
100
5
95
0.127381
0.665519
0.202196 0.0738505 0.029121 0.243001 0.196632 0.198644 0.0292515 0.0296286 0.02718 0.0317427 0.243664 0.101113 0.0295624 0.219904 0.144532 0.182193 0.0427224 0.156089 0.0373238 0.025408 0.135342 0.174585 0.0179266 0.160955 0.0350826 0.118827 0.138254 0.182248 0.0286043 0.213567 0.0371352 0.168581 0.213582 0.177448 0.160665 0.1667 0.144299 0.125555 0.0327475 0.0378307 0.250476 0.193154 0.102466 0.191485 0.291109 0.191013 0.0209078 0.293687 0.029065 0.0330343 0.101808 0.202083 0.266104 0.0319865 0.228631 0.0275999 0.0347892 0.203599 0.0940124 0.0240046 0.0322002 0.208741 0.231257 0.214212 0.134836 0.0309679 0.157082 0.020982 0.107424 0.0337058 0.0222463 0.0313834 0.201004 0.039843 0.0349966 0.158049 0.188611 0.184608 0.267057 0.0342535 0.217216 0.0349362 0.0272634 0.0165957 0.0226365 0.225255 0.273935 0.297279 0.258626 0.17034 0.0271861 0.185557 0.237277 0.034946 0.214017 
0.907223 0.732452 0.0627847 1.10324 0.874074 1.10684 0.054203 0.0572391 0.694449 0.0598417 1.0693 0.916511 0.0539517 1.09133 1.09928 0.936754 0.0695433 0.809407 0.0698692 0.0431339 1.04257 1.00656 0.0413144 0.865231 0.0645921 1.1034 0.965872 1.03458 0.0527679 0.924127 0.0636718 0.91312 1.0742 0.884589 0.816731 1.0623 0.754946 0.812684 0.059155 0.0707789 1.34436 0.885771 0.812126 1.0053 1.10057 1.01826 0.0389188 1.41236 0.0526789 0.0656582 0.739671 1.1107 1.06961 0.0600511 1.05803 0.0528236 0.061947 1.14233 0.801899 0.0459727 0.0565729 0.917412 1.02062 1.18763 1.15887 0.0574802 0.805625 0.0406954 0.935057 0.0608631 0.042154 0.0539869 1.23032 0.0690904 0.936864 0.902667 0.964058 0.848565 1.06367 0.0646509 1.35519 0.0647826 0.0513201 0.595527 0.0435502 1.13735 1.24514 1.38809 1.11298 1.03152 0.059112 1.14749 0.947379 0.0617091 1.2627 
