 0.338961 -0.730595  0.592737 -0.101346 -0.362681 -0.682811 -0.634217  0.122291  0.868083         0 -0.496419 0.0954655 0 0 0 1         0 -0.263398  0.872398         0 -0.176398  0.959398 -0.350398  0.959398         0 -0.785398  0.785398         0 -0.785398  0.785398 -0.785398  0.785398
0.138327
1.01773
0.519469
100
21
79
0.126934
0.774285
0.128384 0.146601 0.188013 0.29185 0.137702 0.177424 0.209372 0.197244 0.0294911 0.233067 0.307949 0.107373 0.146756 0.107908 0.13012 0.110365 0.197305 0.147551 0.144743 0.143197 0.0292962 0.192488 0.1102 0.0240136 0.028877 0.1711 0.193644 0.316681 0.0317275 0.224369 0.0280485 0.0276571 0.0248685 0.0967661 0.0237055 0.0813315 0.275464 0.245001 0.077026 0.23589 0.0276877 0.24771 0.115726 0.0300012 0.0336806 0.184753 0.202258 0.228554 0.0313555 0.141279 0.124052 0.0230098 0.0248917 0.142251 0.280757 0.0167614 0.188121 0.186394 0.0693394 0.203975 0.0257998 0.0250506 0.0305504 0.0326908 0.0256459 0.313616 0.183035 0.0285217 0.0472087 0.157121 0.198151 0.0800547 0.0262394 0.185249 0.189532 0.0442245 0.106557 0.0956195 0.00980867 
1.02914 1.03442 1.0429 1.39053 1.04234 1.11683 1.0657 1.19788 0.0507095 1.14162 1.27585 0.850248 1.06943 0.911311 1.01834 1.06533 1.1928 0.893141 0.95398 1.17533 0.0555354 1.1559 1.05885 0.0446682 0.0567098 1.0096 1.13868 1.39336 0.0563241 1.21844 0.0560556 0.0507692 0.045158 0.910147 0.067843 0.855836 1.24093 1.28061 0.917815 1.22599 0.0490818 1.1908 0.932179 0.059003 0.0524744 1.21029 1.15847 1.21192 0.055198 0.978379 0.983861 0.0427795 0.0526818 0.998118 1.31029 0.0430763 1.21514 1.07633 0.924325 1.15179 0.0533344 0.0455787 0.0565965 0.0606823 0.0552147 1.20332 1.02559 0.694282 0.976883 1.01188 1.11133 0.905979 0.0497717 1.03429 0.988041 0.849139 0.97986 0.951395 0.0621348 
