-0.00281907    0.730595    0.682806   -0.109198 -0.00301635   -0.682812    0.730588   -0.102779   0.999991          0 0.00412863  0.0155016 0 0 0 1         0 -0.263398    1.4814         0 -0.785398  0.785398 -0.263398    1.4814         0 -0.785398  0.785398         0 -0.785398  0.785398 -0.785398  0.785398
-1
0.00229987
0.00412864
100
23
77
0.13629
0.733739
0.0399892 0.294401 0.0395177 0.249782 0.263942 0.0574263 0.285372 0.23079 0.0385578 0.046988 0.0343694 0.0411657 0.0108356 0.203447 0.128505 0.0287828 0.0785717 0.0510832 0.0336552 0.0461276 0.0791418 0.0535929 0.2475 0.0371024 0.00911291 0.0495956 0.0313814 0.437507 0.0731101 0.0467744 0.484684 0.0473331 0.0286258 0.0512611 0.0487886 0.114914 0.076417 0.251459 0.0601052 0.375705 0.261195 0.262632 0.0549374 0.035551 0.358102 0.221874 0.0397864 0.0500659 0.0227346 0.25974 0.329416 0.0535395 0.0395031 0.200841 0.354464 0.0540794 0.365933 0.237295 0.121497 0.10766 0.2812 0.300023 0.124148 0.0811096 0.199918 0.0318231 0.0524516 0.163035 0.0342612 0.224257 0.245604 0.0500529 0.0674809 0.071734 0.070205 0.190842 0.0679547 
0.0693975 2.6872 0.0718741 1.02804 1.64481 0.273689 1.11031 1.27329 0.325106 0.0836542 0.0616262 0.072358 0.0208052 0.947058 1.43892 0.0610269 0.380038 0.0895318 0.058889 0.4053 0.317431 0.0952465 1.15869 0.0687117 0.496715 0.0892982 0.056608 3.21823 0.305087 0.0845239 4.19383 0.0866056 0.0537514 0.0908611 0.0870711 0.488475 0.315462 1.65421 0.287435 1.48571 1.92782 1.16889 0.0939517 0.0661798 1.418 1.45652 0.0773942 0.0915203 0.0532375 1.18745 1.37335 0.260646 0.0652126 0.959001 1.73591 0.0944074 1.39267 1.7884 1.33174 1.37135 1.42036 1.04359 0.481291 0.276381 1.0198 0.252106 0.0903964 1.37791 0.0606003 1.11615 1.92036 0.0899025 0.346208 0.307869 0.29764 1.37465 0.372129 
