  0.584981  -0.770514    0.25319 -0.0385352 -0.707122 -0.637423 -0.306055 0.0614236  0.397209         0 -0.917728  0.173773 0 0 0 1         0 -0.263398  0.872398         0 -0.176398  0.872398 -0.350398  0.872398         0 -0.785398  0.785398         0 -0.785398  0.785398 -0.785398  0.785398
0.182826
1.01712
0.408473
100
1
99
0.128985
0.645954
0.0310975 0.041185 0.0250383 0.319733 0.264455 0.146971 0.184557 0.0338029 0.0321296 0.0249519 0.0234235 0.0161972 0.0335971 0.251801 0.197124 0.193065 0.207747 0.163753 0.0291329 0.114187 0.207567 0.114236 0.0231073 0.14789 0.266834 0.257277 0.198899 0.0363951 0.294205 0.026294 0.18251 0.14413 0.159566 0.285207 0.034737 0.170766 0.0250705 0.184583 0.227703 0.132288 0.0339091 0.0375272 0.0296703 0.280458 0.284835 0.0359624 0.176863 0.0366681 0.218544 0.252519 0.121325 0.0277568 0.283288 0.0410106 0.179793 0.0384688 0.201614 0.0354304 0.243936 0.0402215 0.129076 0.0268452 0.160197 0.290323 0.0251881 0.0365287 0.247014 0.0322483 0.20723 0.175239 0.243725 0.188078 0.0356319 0.0296738 0.00587513 0.037422 0.029519 0.23936 0.0298544 0.0403077 0.033713 0.207041 0.0194663 0.18141 0.209653 0.173069 0.105078 0.241872 0.179329 0.0459231 0.255769 0.23841 0.237424 0.027419 0.0329651 0.0365635 0.120932 0.0394902 0.121686 
0.824979 0.0732924 0.0497945 1.16824 1.10265 1.0622 0.907394 0.0578695 0.0598162 0.044519 0.0420057 0.0388879 0.0633131 1.34343 1.02808 1.16089 1.3502 0.991319 0.051363 0.708328 0.995385 0.823685 0.0467426 0.897927 1.06324 1.05288 1.02687 0.0656094 1.44838 0.0467345 1.02997 0.976918 0.856841 1.15647 0.0636839 1.03299 0.0495476 0.839017 1.26078 1.0171 0.0645455 0.0648214 0.0561274 1.15187 1.3922 0.066662 0.776712 0.0660957 0.979649 1.23526 1.01641 0.0517854 1.36431 0.0722239 0.887926 0.0678323 1.1011 0.0653329 1.00225 0.0721927 0.898127 0.0471432 0.871076 1.17844 0.0431085 0.0638461 1.20935 0.0598779 1.02232 0.956234 1.06448 0.985796 0.0618937 0.0531555 0.685749 0.0719868 0.0487187 0.966515 0.0548347 0.0723534 0.0553672 0.995018 0.0427017 1.23078 1.16598 0.980296 1.11697 1.19137 1.21115 0.872076 1.19928 0.789917 1.09469 0.0509148 0.0619101 0.0676448 0.89612 0.0721193 1.00553 
