0.315235  -0.2755 0.908145 -0.15543 -0.0903433  -0.961301  -0.260266  0.0544748  0.944704         0 -0.327925 0.0604836 0 0 0 1          0  -0.176398   0.785398          0 -0.0893982   0.872398  -0.263398   0.872398         0 -0.785398  0.785398         0 -0.785398  0.785398 -0.785398  0.785398
0.0418889
0.812133
0.334106
100
33
67
0.0790184
0.692713
0.158007 0.182658 0.143049 0.0299185 0.159396 0.217132 0.0141949 0.202873 0.0243952 0.0991782 0.0041635 0.238805 0.111414 0.022302 0.0171916 0.0979859 0.0512342 0.0224017 0.0629116 0.0112107 0.165433 0.00750692 0.0736717 0.171558 0.0156173 0.0886436 0.167423 0.139268 0.025716 0.0397432 0.0471549 0.0559239 0.0968559 0.130787 0.143645 0.122196 0.0358253 0.109007 0.0261391 0.0179636 0.134427 0.115933 0.0261508 0.0620959 0.0971874 0.0179357 0.116214 0.0180336 0.0302021 0.0447034 0.0292521 0.109081 0.0542523 0.01364 0.0422472 0.0554815 0.0191239 0.149517 0.048398 0.0259023 0.00602768 0.0199968 0.171782 0.130553 0.107254 0.0086012 0.0897365 
0.973041 1.06389 0.91796 0.052259 0.961529 1.1522 0.587559 1.04355 0.657399 0.911864 0.507864 1.22778 0.952012 0.661682 0.0354217 0.806988 0.739641 0.0493935 0.723849 0.0352625 0.938553 0.553216 0.728145 0.953702 0.0309793 0.96687 1.04573 0.910351 0.047126 0.689112 0.746169 0.757244 0.873521 1.01806 1.0545 0.994314 0.803904 0.8489 0.742429 0.0422042 0.984946 0.955714 0.0476104 0.770946 0.707823 0.754051 0.833963 0.0400148 0.741176 0.788849 0.621058 0.911672 0.701264 0.769305 0.698022 0.796436 0.0409206 1.06594 0.776852 0.0473213 0.0310058 0.0429804 1.08501 0.947169 0.927447 0.653924 0.864168 
