 0.0618028   0.983492    0.17007 -0.0395712  0.335905 -0.180951  0.924351 -0.158932  0.939866         0 -0.341544 0.0628752 0 0 0 1          0  -0.176398   0.785398          0 -0.0893982   0.872398  -0.263398   0.872398         0 -0.785398  0.785398         0 -0.785398  0.785398 -0.785398  0.785398
0.0217654
0.790275
0.348559
100
35
65
0.0925656
0.781125
0.12454 0.160307 0.241241 0.0205609 0.015064 0.120549 0.13394 0.218277 0.0927736 0.082333 0.00692626 0.117687 0.168073 0.18569 0.0680221 0.0681662 0.1804 0.154623 0.108132 0.190889 0.113014 0.182157 0.0443501 0.112568 0.0159944 0.136181 0.0614525 0.0958972 0.105508 0.196943 0.0859623 0.0341224 0.0878423 0.0792233 0.169613 0.128747 0.122001 0.0217093 0.108898 0.100292 0.0274707 0.0553557 0.0465516 0.0768199 0.00731318 0.0625645 0.115494 0.0891307 0.0574768 0.00650397 0.0506439 0.113586 0.101516 0.16475 0.0302861 0.0247581 0.0613925 0.225941 0.00482217 0.0612715 0.0324511 0.0254504 0.0195662 0.022146 0.0728325 
0.882143 0.908343 1.08392 0.0486272 0.586324 0.793396 0.838422 1.07674 0.841251 0.768728 0.63302 0.934534 0.97834 0.981431 0.855486 0.808642 0.998812 1.03425 0.903532 1.09504 0.821281 0.966205 0.998295 0.845574 0.0427865 0.999217 0.674469 0.901577 0.934779 1.17538 0.85596 0.604314 0.866927 0.694993 1.13759 1.00691 0.940202 0.0393177 0.967789 0.466335 0.795824 0.713921 0.718091 0.828845 0.571122 0.70257 0.940469 0.964598 0.647047 0.573531 0.718218 0.825995 0.915913 1.02642 0.654897 0.741379 0.789485 1.14322 0.515828 0.863666 0.672031 0.600497 0.043999 0.0440928 0.770608 
