 0.338961  0.730595  0.592737 -0.115271  0.362682 -0.682812  0.634216 -0.109277  0.868082         0  -0.49642 0.0954656 0 0 0 1         0 -0.263398  0.872398         0 -0.176398  0.959398 -0.350398  0.959398         0 -0.785398  0.785398         0 -0.785398  0.785398 -0.785398  0.785398
0.116472
0.96882
0.51947
100
17
83
0.11416
0.708242
0.183797 0.122573 0.0990362 0.193538 0.24198 0.204662 0.12232 0.137817 0.00475785 0.00952296 0.0335853 0.00665527 0.0299656 0.0179108 0.193077 0.208573 0.0302696 0.0396912 0.0723351 0.152608 0.0309397 0.106575 0.233016 0.0260984 0.186919 0.0283218 0.149729 0.169543 0.183795 0.192884 0.146403 0.0286586 0.0295088 0.0271345 0.0263487 0.0345501 0.121452 0.0999991 0.0294372 0.141596 0.287019 0.0767643 0.0146012 0.143012 0.243298 0.145825 0.0306767 0.204824 0.264298 0.102958 0.0952437 0.0500725 0.0279874 0.0274499 0.10025 0.232639 0.247193 0.0280299 0.116545 0.029419 0.186008 0.0393234 0.0252302 0.16592 0.0181973 0.030823 0.0386581 0.278563 0.237063 0.240772 0.0204373 0.101053 0.180496 0.163661 0.193289 0.154995 0.01236 0.0309263 0.215182 0.21274 0.0336289 0.242083 0.0881479 
1.17616 0.973016 0.927161 1.08445 1.30931 1.17346 1.12911 0.943882 0.0397442 0.033883 0.061691 0.0407391 0.0575178 0.0437209 1.09896 1.17009 0.0554721 0.834231 1.17034 0.980978 0.0560696 0.985841 1.21511 0.0469355 1.15517 0.0526219 1.02234 1.05563 1.15678 1.19847 1.063 0.0525666 0.0539379 0.0499939 0.763355 0.0610509 0.923367 0.953266 0.0552058 1.02278 1.78952 0.741639 0.0406936 1.10398 1.23669 1.08998 0.0581979 1.2369 1.13521 0.917372 0.874049 0.967208 0.0494712 0.0479456 0.873765 1.14709 1.15297 0.0532808 0.868338 0.0524715 1.16805 0.0706109 0.0450941 1.12925 0.0360274 0.0538675 0.0684359 1.29763 1.25857 1.15435 0.0459999 0.954052 1.09046 0.970311 1.21372 0.937487 0.037808 0.0563052 1.21186 1.18157 0.0592769 1.15284 0.90633 
