-0.584982  0.770514  -0.25319 0.0385351   0.707122   0.637424   0.306054 -0.0614235  0.397208         0 -0.917729  0.173773 0 0 0 1         0 -0.263398  0.872398         0 -0.176398  0.872398 -0.350398  0.872398         0 -0.785398  0.785398         0 -0.785398  0.785398 -0.785398  0.785398
0.190757
1.01415
0.408473
100
0
100
0.144522
0.711972
0.0343442 0.0356204 0.203262 0.148319 0.14603 0.231271 0.244846 0.317365 0.0261339 0.34229 0.183748 0.0311931 0.0250231 0.132761 0.135479 0.311175 0.249288 0.0344117 0.02771 0.263461 0.0347236 0.0361706 0.157606 0.0310936 0.0348806 0.194983 0.0281814 0.0420977 0.0344118 0.0281704 0.195991 0.0239411 0.0515069 0.259324 0.1397 0.0367732 0.0327964 0.223835 0.163087 0.257897 0.18498 0.0331197 0.0315046 0.10104 0.0679147 0.0258102 0.178112 0.197402 0.181727 0.223291 0.235077 0.157946 0.120653 0.267307 0.181965 0.195432 0.0326041 0.166382 0.106715 0.100798 0.0908343 0.147039 0.0394979 0.169648 0.0200149 0.201262 0.0340305 0.0245578 0.198321 0.247159 0.0344046 0.0219876 0.180469 0.0369621 0.24623 0.29556 0.26707 0.0696816 0.0541858 0.19652 0.0340172 0.0289378 0.0262554 0.200954 0.345615 0.36235 0.283306 0.176809 0.263831 0.294379 0.12903 0.13174 0.263822 0.251042 0.230011 0.28277 0.238154 0.0325438 0.154033 0.226519 
0.0581367 0.0663481 1.08649 0.808764 0.772932 1.27902 1.10188 1.18238 0.047993 1.46968 1.05115 0.0590092 0.0495994 1.03798 0.869231 1.1379 1.10878 0.0634813 0.0555688 1.2098 0.065828 0.0615599 0.765921 0.0550961 0.0609852 0.970091 0.0563782 0.0726053 0.06125 0.0468948 0.947151 0.0415667 0.867127 1.40594 0.902173 0.0669666 0.0567372 1.23687 0.848743 1.0701 0.899723 0.058498 0.05346 0.740718 0.754877 0.0452189 0.870207 0.887096 0.881016 1.06037 1.16705 0.868952 0.837353 1.10081 0.90466 1.17339 0.0626107 0.940405 0.820564 1.02446 0.930734 0.778983 0.0712863 0.973641 0.0432117 0.909109 0.0639195 0.0445516 0.853565 1.13673 0.0605309 0.0415288 0.809085 0.0628007 1.28093 1.47433 1.1076 0.724152 0.84856 0.944687 0.0626701 0.0496209 0.0494039 0.886148 1.47003 1.41103 1.15878 0.763876 1.19479 1.18652 1.03486 1.2559 1.06806 1.41456 1.02796 1.19303 1.21909 0.058678 1.14888 1.05582 
