 0.315235    0.2755  0.908145 -0.160681  0.0903432  -0.961301   0.260266 -0.0361524  0.944704         0 -0.327925 0.0604836 0 0 0 1          0  -0.176398   0.785398          0 -0.0893982   0.872398  -0.263398   0.872398         0 -0.785398  0.785398         0 -0.785398  0.785398 -0.785398  0.785398
0.0963622
0.782524
0.334106
100
38
62
0.0832463
0.777697
0.140487 0.142503 0.14076 0.0234459 0.0223372 0.0265858 0.0804451 0.0141554 0.0740857 0.118313 0.0485634 0.0443101 0.181876 0.0390498 0.0290112 0.126349 0.201048 0.0769415 0.0534815 0.0120031 0.0990609 0.0757105 0.0123255 0.0499861 0.109482 0.00892155 0.0110781 0.147716 0.0526129 0.111038 0.0473448 0.141254 0.0651617 0.129805 0.0136471 0.0772483 0.0302483 0.0324981 0.0146673 0.176702 0.144804 0.0923467 0.120691 0.0496408 0.0706838 0.0617704 0.166078 0.0963963 0.170518 0.108847 0.13747 0.173676 0.0194135 0.0612343 0.0424344 0.143247 0.0122261 0.0723479 0.119578 0.171243 0.0313676 0.092998 
0.805084 1.04186 0.961311 0.727736 0.0365226 0.0429391 0.702972 0.630137 0.726047 0.872706 0.83357 0.709017 1.03274 0.659829 0.842969 0.904443 1.07938 0.811571 0.655889 0.748466 0.908977 0.671367 0.586547 0.608321 0.937246 0.601581 0.569306 1.05904 0.745844 0.903413 0.737786 0.887567 0.919659 0.986497 0.0405362 0.664797 0.63357 0.651051 0.036029 1.0154 0.889353 0.764681 0.898012 0.865401 0.784595 0.826621 1.03461 0.889274 1.03542 0.760242 0.964706 1.10353 0.606255 0.796949 0.841243 0.844108 0.723458 0.737929 1.23624 0.984038 0.724925 0.915885 
