0 13
2 1 49 22 0.248680 1.858666 0.245542 0.136946 0.930567
12 1 46 11 0.255637 1.913399 0.246254 0.152595 0.688643
2 1 49 22 0.248680 1.858666 0.245542 0.136946 0.930567
12 1 46 11 0.255637 1.913399 0.246254 0.152595 0.688643
2 1 49 22 0.248680 1.858666 0.245542 0.136946 0.930567
12 1 46 11 0.255637 1.913399 0.246254 0.152595 0.688643
2 1 49 22 0.248680 1.858666 0.245542 0.136946 0.930567
12 1 46 11 0.255637 1.913399 0.246254 0.152595 0.688643
1 12
3 1 48 28 0.259185 1.805802 0.497582 0.321420 0.589920
0 1 53 29 0.298398 1.895377 0.453369 0.321225 2.396166
3 1 48 28 0.259185 1.805802 0.497582 0.321420 0.589920
9 1 57 32 0.265463 1.916284 0.245235 0.341484 1.206839
3 1 48 28 0.259185 1.805802 0.497582 0.321420 0.589920
6 1 53 43 0.310899 1.932288 0.626880 0.343656 2.047769
3 1 48 28 0.259185 1.805802 0.497582 0.321420 0.589920
0 1 53 29 0.298398 1.895377 0.453369 0.321225 2.396166
2 31
9 1 52 17 0.264748 1.435249 0.212553 0.337600 1.446260
0 1 50 27 0.431618 2.145496 0.552611 0.347056 10.634283
9 1 52 17 0.264748 1.435249 0.212553 0.337600 1.446260
20 0 0 0 0.000000 0.000000 0.000000 0.000000 1.229805
9 1 52 17 0.264748 1.435249 0.212553 0.337600 1.446260
20 0 0 0 0.000000 0.000000 0.000000 0.000000 1.229805
9 1 52 17 0.264748 1.435249 0.212553 0.337600 1.446260
0 1 50 27 0.431618 2.145496 0.552611 0.347056 10.634283
3 34
13 1 45 22 0.266908 1.520325 0.412655 0.381626 1.053716
19 1 62 39 0.260758 1.717319 0.260357 0.468477 7.155241
8 1 54 20 0.254504 1.442748 0.424731 0.352393 0.635058
30 1 56 34 0.375012 1.755305 0.208673 0.495854 1.329113
13 1 45 22 0.266908 1.520325 0.412655 0.381626 1.053716
19 1 62 39 0.260758 1.717319 0.260357 0.468477 7.155241
13 1 45 22 0.266908 1.520325 0.412655 0.381626 1.053716
19 1 62 39 0.260758 1.717319 0.260357 0.468477 7.155241
4 32
6 1 48 23 0.288901 1.542075 0.235198 0.486538 0.708284
0 1 51 31 0.402430 1.794794 0.253754 0.473139 10.588156
11 1 43 26 0.251181 1.463344 0.445412 0.476791 1.252201
28 1 52 26 0.272255 1.593608 0.175146 0.503451 1.276428
11 1 43 26 0.251181 1.463344 0.445412 0.476791 1.252201
28 1 52 26 0.272255 1.593608 0.175146 0.503451 1.276428
6 1 48 23 0.288901 1.542075 0.235198 0.486538 0.708284
0 1 51 31 0.402430 1.794794 0.253754 0.473139 10.588156
5 47
9 1 43 27 0.247222 1.042189 0.178020 0.874509 0.984037
42 1 49 52 0.285528 1.263862 0.349667 1.026688 8.945264
40 1 44 51 0.267459 1.238855 0.723784 0.871695 3.371637
42 1 49 52 0.285528 1.263862 0.349667 1.026688 8.945264
10 1 42 35 0.243276 1.005956 0.299283 0.786662 0.660211
42 1 49 52 0.285528 1.263862 0.349667 1.026688 8.945264
9 1 43 27 0.247222 1.042189 0.178020 0.874509 0.984037
42 1 49 52 0.285528 1.263862 0.349667 1.026688 8.945264
6 35
18 1 44 27 0.245435 1.143955 0.476349 0.836907 1.126280
1 1 50 28 0.248572 1.043204 0.503921 0.804489 1.813203
8 1 50 31 0.253905 0.963408 0.522830 0.977702 1.099564
31 1 48 43 0.277022 1.169018 0.408335 1.107474 1.555813
8 1 50 31 0.253905 0.963408 0.522830 0.977702 1.099564
30 1 48 43 0.238225 1.106935 0.435508 0.957043 1.307502
18 1 44 27 0.245435 1.143955 0.476349 0.836907 1.126280
1 1 50 28 0.248572 1.043204 0.503921 0.804489 1.813203
7 6
1 1 51 28 0.273911 1.140541 0.459368 0.838350 0.596202
0 1 54 35 0.235411 1.175391 0.434843 0.964137 0.963598
1 1 51 28 0.273911 1.140541 0.459368 0.838350 0.596202
4 1 52 29 0.264388 1.191475 0.239162 0.991675 1.201360
1 1 51 28 0.273911 1.140541 0.459368 0.838350 0.596202
0 1 54 35 0.235411 1.175391 0.434843 0.964137 0.963598
1 1 51 28 0.273911 1.140541 0.459368 0.838350 0.596202
0 1 54 35 0.235411 1.175391 0.434843 0.964137 0.963598
8 20
6 1 46 30 0.254335 1.735002 0.262600 0.414635 0.944180
0 1 61 34 0.285023 1.901338 0.202455 0.340929 2.320590
7 1 46 13 0.260994 1.792836 0.328262 0.144716 0.559066
18 1 48 21 0.270254 2.079943 0.357463 0.187976 2.081191
7 1 46 13 0.260994 1.792836 0.328262 0.144716 0.559066
18 1 48 21 0.270254 2.079943 0.357463 0.187976 2.081191
6 1 46 30 0.254335 1.735002 0.262600 0.414635 0.944180
0 1 61 34 0.285023 1.901338 0.202455 0.340929 2.320590
9 12
3 1 48 27 0.259185 1.805802 0.629523 0.166201 0.554698
0 1 53 24 0.204713 1.890837 0.355738 0.268393 0.526104
3 1 48 27 0.259185 1.805802 0.629523 0.166201 0.554698
9 1 62 26 0.320803 1.954119 0.409335 0.213518 110.708937
3 1 48 27 0.259185 1.805802 0.629523 0.166201 0.554698
6 1 56 25 0.289192 1.968379 0.444676 0.223752 1.190296
3 1 48 27 0.259185 1.805802 0.629523 0.166201 0.554698
0 1 53 24 0.204713 1.890837 0.355738 0.268393 0.526104
10 31
9 1 51 32 0.268504 1.437343 0.190497 0.645241 0.883850
0 1 55 25 0.336793 1.786126 0.428535 0.357565 2.432301
9 1 51 32 0.268504 1.437343 0.190497 0.645241 0.883850
20 0 0 0 0.000000 0.000000 0.000000 0.000000 2.531561
9 1 51 32 0.268504 1.437343 0.190497 0.645241 0.883850
0 1 55 25 0.336793 1.786126 0.428535 0.357565 2.432301
9 1 51 32 0.268504 1.437343 0.190497 0.645241 0.883850
0 1 55 25 0.336793 1.786126 0.428535 0.357565 2.432301
11 34
13 1 45 27 0.268750 1.488161 0.190943 0.426136 1.412626
19 1 86 25 0.369500 2.492643 0.153253 0.404470 10.527796
8 1 43 19 0.256229 1.366388 0.380688 0.340210 0.635062
30 1 56 22 0.326215 1.703502 0.317302 0.363932 1.959193
13 1 45 27 0.268750 1.488161 0.190943 0.426136 1.412626
19 1 86 25 0.369500 2.492643 0.153253 0.404470 10.527796
13 1 45 27 0.268750 1.488161 0.190943 0.426136 1.412626
19 1 86 25 0.369500 2.492643 0.153253 0.404470 10.527796
12 32
6 1 57 31 0.311687 1.718144 0.189677 0.732833 1.741476
0 1 52 32 0.406490 1.741896 0.576457 0.401361 10.642713
11 1 43 24 0.251181 1.463344 0.199383 0.550768 0.432978
28 1 47 18 0.221592 1.583788 0.283317 0.354232 1.382170
11 1 43 24 0.251181 1.463344 0.199383 0.550768 0.432978
28 1 47 18 0.221592 1.583788 0.283317 0.354232 1.382170
6 1 57 31 0.311687 1.718144 0.189677 0.732833 1.741476
0 1 52 32 0.406490 1.741896 0.576457 0.401361 10.642713
13 47
9 1 42 34 0.235819 1.048802 0.527977 0.863653 0.661786
42 1 55 22 0.271060 1.082601 0.170367 0.807817 1.575263
40 1 44 47 0.266609 1.247888 0.628714 0.999533 2.836597
41 1 50 30 0.257099 1.255041 0.255960 0.841292 1.309314
10 1 50 32 0.306636 0.968716 0.530269 0.869921 1.437533
42 1 55 22 0.271060 1.082601 0.170367 0.807817 1.575263
9 1 42 34 0.235819 1.048802 0.527977 0.863653 0.661786
42 1 55 22 0.271060 1.082601 0.170367 0.807817 1.575263
14 35
18 1 47 29 0.248383 1.142320 0.183211 0.821506 1.002671
1 1 58 28 0.279909 1.377552 0.513154 0.733605 2.123053
18 1 47 29 0.248383 1.142320 0.183211 0.821506 1.002671
30 1 48 25 0.249441 1.120282 0.367760 0.822135 1.066550
8 1 41 20 0.250854 1.011393 0.205710 0.879475 0.526965
30 1 48 25 0.249441 1.120282 0.367760 0.822135 1.066550
18 1 47 29 0.248383 1.142320 0.183211 0.821506 1.002671
1 1 58 28 0.279909 1.377552 0.513154 0.733605 2.123053
15 6
1 1 53 25 0.274251 1.132216 0.234506 0.965996 0.778722
0 1 56 30 0.315520 1.613406 0.416679 0.774387 1.033095
1 1 53 25 0.274251 1.132216 0.234506 0.965996 0.778722
4 1 52 25 0.262881 1.197780 0.327217 0.855423 0.781397
1 1 53 25 0.274251 1.132216 0.234506 0.965996 0.778722
0 1 56 30 0.315520 1.613406 0.416679 0.774387 1.033095
1 1 53 25 0.274251 1.132216 0.234506 0.965996 0.778722
0 1 56 30 0.315520 1.613406 0.416679 0.774387 1.033095
16 20
6 1 56 17 0.260700 1.858633 0.206342 0.333348 0.939439
0 1 56 38 0.248552 2.010409 0.234736 0.515643 3.012121
2 1 51 26 0.231574 1.818696 0.300176 0.549914 1.592781
18 1 48 25 0.272563 2.025704 0.333657 0.387819 0.807854
6 1 56 17 0.260700 1.858633 0.206342 0.333348 0.939439
18 1 48 25 0.272563 2.025704 0.333657 0.387819 0.807854
6 1 56 17 0.260700 1.858633 0.206342 0.333348 0.939439
0 1 56 38 0.248552 2.010409 0.234736 0.515643 3.012121
17 16
5 1 41 17 0.218239 1.796720 0.180452 0.225479 1.015983
1 0 0 0 0.000000 0.000000 0.000000 0.000000 10.572674
5 1 41 17 0.218239 1.796720 0.180452 0.225479 1.015983
3 0 0 0 0.000000 0.000000 0.000000 0.000000 10.326740
5 1 41 17 0.218239 1.796720 0.180452 0.225479 1.015983
1 0 0 0 0.000000 0.000000 0.000000 0.000000 10.572674
5 1 41 17 0.218239 1.796720 0.180452 0.225479 1.015983
1 0 0 0 0.000000 0.000000 0.000000 0.000000 10.572674
18 31
9 1 54 33 0.265371 1.431580 0.132682 0.604711 1.183937
0 1 54 28 0.400907 2.265244 0.302810 0.587545 10.503424
9 1 54 33 0.265371 1.431580 0.132682 0.604711 1.183937
20 0 0 0 0.000000 0.000000 0.000000 0.000000 1.930987
9 1 54 33 0.265371 1.431580 0.132682 0.604711 1.183937
20 0 0 0 0.000000 0.000000 0.000000 0.000000 1.930987
9 1 54 33 0.265371 1.431580 0.132682 0.604711 1.183937
0 1 54 28 0.400907 2.265244 0.302810 0.587545 10.503424
19 34
13 1 46 27 0.264846 1.452784 0.523229 0.402295 0.784784
19 1 65 24 0.294268 1.785467 0.268911 0.391084 4.270944
8 1 46 24 0.251950 1.435344 0.175198 0.518819 1.377072
30 1 56 31 0.296541 1.584512 0.569039 0.370446 1.391938
13 1 46 27 0.264846 1.452784 0.523229 0.402295 0.784784
19 1 65 24 0.294268 1.785467 0.268911 0.391084 4.270944
13 1 46 27 0.264846 1.452784 0.523229 0.402295 0.784784
19 1 65 24 0.294268 1.785467 0.268911 0.391084 4.270944
20 32
6 1 57 16 0.437853 1.563629 0.358778 0.362638 0.564217
0 0 0 0 0.000000 0.000000 0.000000 0.000000 10.605237
11 1 43 23 0.254475 1.463343 0.238445 0.533295 0.754661
28 1 56 14 0.266974 1.569201 0.310328 0.292236 1.386621
11 1 43 23 0.254475 1.463343 0.238445 0.533295 0.754661
28 1 56 14 0.266974 1.569201 0.310328 0.292236 1.386621
6 1 57 16 0.437853 1.563629 0.358778 0.362638 0.564217
0 0 0 0 0.000000 0.000000 0.000000 0.000000 10.605237
21 47
9 1 42 52 0.237008 1.048803 0.896709 1.067254 1.402081
42 1 52 33 0.265477 1.051221 0.248611 0.915640 1.581867
40 1 46 63 0.261489 1.032511 0.407314 1.812280 1.499741
42 1 52 33 0.265477 1.051221 0.248611 0.915640 1.581867
10 1 42 50 0.243276 1.005956 0.774597 0.869662 1.461987
42 1 52 33 0.265477 1.051221 0.248611 0.915640 1.581867
9 1 42 52 0.237008 1.048803 0.896709 1.067254 1.402081
42 1 52 33 0.265477 1.051221 0.248611 0.915640 1.581867
22 35
18 1 46 36 0.254761 1.158221 0.371044 0.874412 1.654092
1 1 44 29 0.262656 1.248475 0.011427 0.877486 0.979977
8 1 46 26 0.254927 0.963169 0.320339 0.841216 1.063308
31 1 49 23 0.217263 1.253231 0.356109 0.778100 1.693313
8 1 46 26 0.254927 0.963169 0.320339 0.841216 1.063308
30 1 46 22 0.201628 1.185315 0.196977 0.776326 1.056551
18 1 46 36 0.254761 1.158221 0.371044 0.874412 1.654092
1 1 44 29 0.262656 1.248475 0.011427 0.877486 0.979977
23 6
1 1 47 21 0.316121 1.127197 0.331035 0.796096 1.045026
0 1 56 26 0.279437 1.190467 0.272465 0.763352 0.771847
1 1 47 21 0.316121 1.127197 0.331035 0.796096 1.045026
4 1 46 25 0.261030 1.203626 0.244361 0.823810 6.366064
1 1 47 21 0.316121 1.127197 0.331035 0.796096 1.045026
0 1 56 26 0.279437 1.190467 0.272465 0.763352 0.771847
1 1 47 21 0.316121 1.127197 0.331035 0.796096 1.045026
0 1 56 26 0.279437 1.190467 0.272465 0.763352 0.771847
24 15
9 1 46 21 0.245963 1.736768 0.259498 0.328198 1.118539
0 1 55 21 0.365029 2.028190 0.178107 0.405698 10.201151
1 1 60 21 0.417776 2.500465 0.152689 0.348023 10.215965
14 1 46 28 0.249319 1.770662 0.392323 0.374204 1.404263
2 1 59 21 0.338640 1.790985 0.148407 0.377197 2.548818
5 1 52 24 0.268211 1.807392 0.467283 0.353194 0.709868
9 1 46 21 0.245963 1.736768 0.259498 0.328198 1.118539
0 1 55 21 0.365029 2.028190 0.178107 0.405698 10.201151
25 14
5 1 42 33 0.238971 1.783939 0.314523 0.500139 1.134360
0 0 0 0 0.000000 0.000000 0.000000 0.000000 10.316971
2 1 55 20 0.263155 1.806799 0.196271 0.392206 3.064611
1 0 0 0 0.000000 0.000000 0.000000 0.000000 10.342729
2 1 55 20 0.263155 1.806799 0.196271 0.392206 3.064611
0 0 0 0 0.000000 0.000000 0.000000 0.000000 10.316971
5 1 42 33 0.238971 1.783939 0.314523 0.500139 1.134360
0 0 0 0 0.000000 0.000000 0.000000 0.000000 10.316971
26 12
3 1 48 45 0.259172 1.805802 0.734133 0.553047 1.176366
0 1 54 44 0.390644 1.945862 0.576943 0.510585 2.844133
3 1 48 45 0.259172 1.805802 0.734133 0.553047 1.176366
9 1 63 49 0.368848 1.893664 0.621815 0.681127 1.072081
3 1 48 45 0.259172 1.805802 0.734133 0.553047 1.176366
9 1 63 49 0.368848 1.893664 0.621815 0.681127 1.072081
3 1 48 45 0.259172 1.805802 0.734133 0.553047 1.176366
0 1 54 44 0.390644 1.945862 0.576943 0.510585 2.844133
27 23
2 1 50 16 0.254363 1.313588 0.297887 0.126594 1.309144
12 1 47 27 0.282068 1.630354 0.107543 0.190832 0.953600
0 1 43 19 0.256244 1.366388 0.446577 0.148551 0.634562
19 1 60 36 0.220429 1.752937 0.206092 0.403669 2.918955
2 1 50 16 0.254363 1.313588 0.297887 0.126594 1.309144
8 0 0 0 0.000000 0.000000 0.000000 0.000000 10.477381
2 1 50 16 0.254363 1.313588 0.297887 0.126594 1.309144
12 1 47 27 0.282068 1.630354 0.107543 0.190832 0.953600
28 21
4 1 52 27 0.234610 1.562674 0.203747 0.439643 1.107241
1 1 46 63 0.320874 1.704967 0.599328 0.992296 2.916038
0 1 51 22 0.281949 1.495183 0.251936 0.408626 0.767188
17 1 58 37 0.238149 1.618986 0.188123 0.580715 1.693359
4 1 52 27 0.234610 1.562674 0.203747 0.439643 1.107241
17 1 58 37 0.238149 1.618986 0.188123 0.580715 1.693359
4 1 52 27 0.234610 1.562674 0.203747 0.439643 1.107241
1 1 46 63 0.320874 1.704967 0.599328 0.992296 2.916038
29 42
6 1 42 25 0.237016 1.048803 0.341923 0.426725 0.543132
37 1 53 47 0.343873 1.286121 0.414725 0.711180 8.653436
35 1 44 26 0.266609 1.247888 0.279958 0.508472 0.954935
37 1 53 47 0.343873 1.286121 0.414725 0.711180 8.653436
7 1 43 31 0.234010 1.011911 0.304886 0.417532 1.335753
37 1 53 47 0.343873 1.286121 0.414725 0.711180 8.653436
6 1 42 25 0.237016 1.048803 0.341923 0.426725 0.543132
37 1 53 47 0.343873 1.286121 0.414725 0.711180 8.653436
30 33
6 1 49 15 0.344623 1.195933 0.037676 0.446886 2.094521
1 1 44 27 0.309952 1.187087 0.467971 0.421810 1.093579
7 1 44 26 0.245813 1.141496 0.472463 0.446631 1.065735
29 1 46 84 0.230205 1.318567 0.646517 1.535004 3.485052
7 1 44 26 0.245813 1.141496 0.472463 0.446631 1.065735
28 1 47 63 0.228293 1.124210 0.430126 0.670384 3.273161
6 1 49 15 0.344623 1.195933 0.037676 0.446886 2.094521
1 1 44 27 0.309952 1.187087 0.467971 0.421810 1.093579
31 6
1 1 55 31 0.244831 1.177159 0.401372 0.500521 1.204455
0 1 56 38 0.299373 1.189839 0.065779 0.549934 1.363362
1 1 55 31 0.244831 1.177159 0.401372 0.500521 1.204455
4 1 53 51 0.246352 1.217551 0.315894 1.162706 1.053495
1 1 55 31 0.244831 1.177159 0.401372 0.500521 1.204455
0 1 56 38 0.299373 1.189839 0.065779 0.549934 1.363362
1 1 55 31 0.244831 1.177159 0.401372 0.500521 1.204455
0 1 56 38 0.299373 1.189839 0.065779 0.549934 1.363362
32 19
5 1 47 16 0.211326 1.789411 0.309630 0.320392 1.057587
0 1 55 17 0.255674 1.796810 0.158853 0.458697 1.328674
2 1 61 24 0.346812 2.091158 0.290792 0.337831 2.170225
18 1 50 18 0.269180 1.860794 0.408068 0.395584 0.931933
5 1 47 16 0.211326 1.789411 0.309630 0.320392 1.057587
18 1 50 18 0.269180 1.860794 0.408068 0.395584 0.931933
5 1 47 16 0.211326 1.789411 0.309630 0.320392 1.057587
0 1 55 17 0.255674 1.796810 0.158853 0.458697 1.328674
33 14
7 1 47 20 0.253582 1.784042 0.346730 0.278789 0.954619
1 0 0 0 0.000000 0.000000 0.000000 0.000000 10.387768
2 1 51 18 0.295115 1.790616 0.022175 0.332895 1.783162
13 1 44 17 0.246065 1.769208 0.292256 0.341180 0.642812
4 1 46 16 0.242038 1.781822 0.172130 0.317947 0.807401
1 0 0 0 0.000000 0.000000 0.000000 0.000000 10.387768
7 1 47 20 0.253582 1.784042 0.346730 0.278789 0.954619
1 0 0 0 0.000000 0.000000 0.000000 0.000000 10.387768
34 12
3 1 48 21 0.267265 1.794298 0.204775 0.430334 0.983916
0 1 61 26 0.273812 1.887546 0.247852 0.399084 1.667686
3 1 48 21 0.267265 1.794298 0.204775 0.430334 0.983916
9 1 51 28 0.253437 1.919824 0.420828 0.350936 4.306047
3 1 48 21 0.267265 1.794298 0.204775 0.430334 0.983916
9 1 51 28 0.253437 1.919824 0.420828 0.350936 4.306047
3 1 48 21 0.267265 1.794298 0.204775 0.430334 0.983916
0 1 61 26 0.273812 1.887546 0.247852 0.399084 1.667686
35 31
9 1 51 16 0.268504 1.437343 0.359258 0.185538 1.118265
0 1 49 21 0.415483 2.220961 0.287865 0.149235 2.116381
9 1 51 16 0.268504 1.437343 0.359258 0.185538 1.118265
20 0 0 0 0.000000 0.000000 0.000000 0.000000 1.457180
9 1 51 16 0.268504 1.437343 0.359258 0.185538 1.118265
20 0 0 0 0.000000 0.000000 0.000000 0.000000 1.457180
9 1 51 16 0.268504 1.437343 0.359258 0.185538 1.118265
0 1 49 21 0.415483 2.220961 0.287865 0.149235 2.116381
36 21
0 1 43 21 0.251172 1.463344 0.381562 0.201520 0.630806
5 1 54 29 0.292570 1.585105 0.197241 0.228600 6.004214
0 1 43 21 0.251172 1.463344 0.381562 0.201520 0.630806
17 1 49 42 0.359278 1.641923 0.403815 0.422897 1.137414
0 1 43 21 0.251172 1.463344 0.381562 0.201520 0.630806
17 1 49 42 0.359278 1.641923 0.403815 0.422897 1.137414
0 1 43 21 0.251172 1.463344 0.381562 0.201520 0.630806
5 1 54 29 0.292570 1.585105 0.197241 0.228600 6.004214
37 46
8 1 42 26 0.237008 1.048803 0.380222 0.501328 1.181141
41 1 51 25 0.326295 1.234471 0.253623 0.495934 3.402473
39 1 44 23 0.266609 1.247888 0.059980 0.552584 1.012340
41 1 51 25 0.326295 1.234471 0.253623 0.495934 3.402473
9 1 56 24 0.307535 1.060352 0.364372 0.510838 0.929662
41 1 51 25 0.326295 1.234471 0.253623 0.495934 3.402473
8 1 42 26 0.237008 1.048803 0.380222 0.501328 1.181141
41 1 51 25 0.326295 1.234471 0.253623 0.495934 3.402473
38 35
18 1 41 25 0.253107 0.928662 0.541986 0.474836 2.092967
1 1 42 24 0.264232 1.239558 0.408558 0.453495 0.925131
8 1 57 20 0.261043 1.024451 0.254128 0.474223 1.375622
31 1 46 30 0.229606 1.308880 0.502602 0.455603 7.121451
8 1 57 20 0.261043 1.024451 0.254128 0.474223 1.375622
30 1 48 22 0.261716 1.100008 0.345059 0.485452 1.294026
18 1 41 25 0.253107 0.928662 0.541986 0.474836 2.092967
1 1 42 24 0.264232 1.239558 0.408558 0.453495 0.925131
39 6
1 1 53 26 0.272614 1.133025 0.310040 0.482017 0.765277
0 1 47 31 0.242293 1.199958 0.378654 0.517031 2.972623
1 1 53 26 0.272614 1.133025 0.310040 0.482017 0.765277
4 1 46 28 0.261027 1.203626 0.324895 0.559329 0.546755
1 1 53 26 0.272614 1.133025 0.310040 0.482017 0.765277
0 1 47 31 0.242293 1.199958 0.378654 0.517031 2.972623
1 1 53 26 0.272614 1.133025 0.310040 0.482017 0.765277
0 1 47 31 0.242293 1.199958 0.378654 0.517031 2.972623
40 20
6 1 48 20 0.264895 1.976661 0.235570 0.510202 0.795556
0 1 55 23 0.229903 1.957018 0.368338 0.452503 2.494989
2 1 61 22 0.440905 2.136705 0.284709 0.465074 1.561500
17 1 46 20 0.248873 1.766842 0.198154 0.450512 0.941907
6 1 48 20 0.264895 1.976661 0.235570 0.510202 0.795556
19 1 47 18 0.253081 1.736237 0.361372 0.450605 0.879619
6 1 48 20 0.264895 1.976661 0.235570 0.510202 0.795556
0 1 55 23 0.229903 1.957018 0.368338 0.452503 2.494989
41 16
5 1 41 20 0.223200 1.796808 0.487102 0.336323 0.810295
1 0 0 0 0.000000 0.000000 0.000000 0.000000 10.373255
2 1 55 14 0.213167 1.926454 0.281057 0.408453 1.661064
3 1 60 23 0.309988 2.056736 0.548598 0.368956 5.163425
4 1 54 18 0.298954 1.959490 0.266619 0.410078 1.452528
1 0 0 0 0.000000 0.000000 0.000000 0.000000 10.373255
5 1 41 20 0.223200 1.796808 0.487102 0.336323 0.810295
1 0 0 0 0.000000 0.000000 0.000000 0.000000 10.373255
42 12
3 1 48 15 0.259184 1.805802 0.286565 0.272075 1.102840
0 1 53 19 0.416322 1.930014 0.304469 0.358440 2.433593
3 1 48 15 0.259184 1.805802 0.286565 0.272075 1.102840
9 1 51 19 0.382371 1.941699 0.326975 0.361698 1.829529
3 1 48 15 0.259184 1.805802 0.286565 0.272075 1.102840
9 1 51 19 0.382371 1.941699 0.326975 0.361698 1.829529
3 1 48 15 0.259184 1.805802 0.286565 0.272075 1.102840
0 1 53 19 0.416322 1.930014 0.304469 0.358440 2.433593
43 31
9 1 57 22 0.289984 1.476011 0.246596 0.515714 0.948728
0 1 57 22 0.354837 1.716064 0.131857 0.458948 10.777484
9 1 57 22 0.289984 1.476011 0.246596 0.515714 0.948728
20 0 0 0 0.000000 0.000000 0.000000 0.000000 1.681512
9 1 57 22 0.289984 1.476011 0.246596 0.515714 0.948728
20 0 0 0 0.000000 0.000000 0.000000 0.000000 1.681512
9 1 57 22 0.289984 1.476011 0.246596 0.515714 0.948728
0 1 57 22 0.354837 1.716064 0.131857 0.458948 10.777484
44 34
13 1 43 16 0.255589 1.332216 0.209119 0.313396 1.208142
19 1 59 24 0.283975 1.686025 0.452471 0.211005 11.511917
8 1 43 13 0.256244 1.366388 0.219835 0.197284 0.656046
30 1 56 21 0.247026 1.623036 0.419653 0.239860 2.979333
13 1 43 16 0.255589 1.332216 0.209119 0.313396 1.208142
19 1 59 24 0.283975 1.686025 0.452471 0.211005 11.511917
13 1 43 16 0.255589 1.332216 0.209119 0.313396 1.208142
19 1 59 24 0.283975 1.686025 0.452471 0.211005 11.511917
45 47
9 1 52 24 0.198129 0.972277 0.306635 0.585229 0.614266
42 1 52 18 0.268899 1.049608 0.371699 0.533124 0.929046
40 1 44 35 0.266564 1.247888 0.532091 0.671305 5.375465
42 1 52 18 0.268899 1.049608 0.371699 0.533124 0.929046
10 1 42 28 0.243308 1.005956 0.450181 0.617732 0.578182
42 1 52 18 0.268899 1.049608 0.371699 0.533124 0.929046
9 1 52 24 0.198129 0.972277 0.306635 0.585229 0.614266
42 1 52 18 0.268899 1.049608 0.371699 0.533124 0.929046
46 35
18 1 51 21 0.252506 0.959249 0.469802 0.507379 1.244624
1 1 51 20 0.246872 1.047211 0.201205 0.609130 1.525732
8 1 48 23 0.252676 0.961495 0.509333 0.513902 0.802288
31 1 55 21 0.251336 1.121503 0.372446 0.503568 23.256476
8 1 48 23 0.252676 0.961495 0.509333 0.513902 0.802288
30 1 49 18 0.298322 1.128257 0.424350 0.438343 1.392442
18 1 51 21 0.252506 0.959249 0.469802 0.507379 1.244624
1 1 51 20 0.246872 1.047211 0.201205 0.609130 1.525732
47 6
1 1 47 19 0.288417 1.081183 0.274355 0.442676 0.825365
0 1 54 28 0.264133 1.191726 0.555314 0.445526 0.670325
1 1 47 19 0.288417 1.081183 0.274355 0.442676 0.825365
4 1 46 20 0.259826 1.189838 0.184419 0.575914 0.869920
1 1 47 19 0.288417 1.081183 0.274355 0.442676 0.825365
0 1 54 28 0.264133 1.191726 0.555314 0.445526 0.670325
1 1 47 19 0.288417 1.081183 0.274355 0.442676 0.825365
0 1 54 28 0.264133 1.191726 0.555314 0.445526 0.670325
48 20
6 1 50 36 0.248591 2.056266 0.213547 0.972533 1.120475
0 1 54 31 0.261030 1.782164 0.237882 0.843708 0.576851
2 1 54 23 0.277871 1.799687 0.169727 0.817609 2.002733
19 1 50 32 0.276476 1.629871 0.274327 0.901128 1.062005
5 1 54 22 0.272181 1.859786 0.227687 0.843226 1.256441
19 1 50 32 0.276476 1.629871 0.274327 0.901128 1.062005
6 1 50 36 0.248591 2.056266 0.213547 0.972533 1.120475
0 1 54 31 0.261030 1.782164 0.237882 0.843708 0.576851
49 16
5 1 41 26 0.223200 1.796808 0.238099 0.913209 2.127641
1 0 0 0 0.000000 0.000000 0.000000 0.000000 10.545586
3 0 0 0 0.000000 0.000000 0.000000 0.000000 10.462685
15 1 44 26 0.246065 1.769208 0.268453 0.928391 0.894609
3 0 0 0 0.000000 0.000000 0.000000 0.000000 10.462685
15 1 44 26 0.246065 1.769208 0.268453 0.928391 0.894609
5 1 41 26 0.223200 1.796808 0.238099 0.913209 2.127641
1 0 0 0 0.000000 0.000000 0.000000 0.000000 10.545586
50 12
3 1 55 25 0.276967 1.813577 0.226526 0.958729 2.084546
0 1 53 32 0.279914 1.880762 0.237416 0.945927 1.811258
6 1 52 28 0.242137 1.938565 0.218913 0.931387 1.286099
11 1 47 29 0.264744 1.788131 0.215844 0.980604 0.876406
3 1 55 25 0.276967 1.813577 0.226526 0.958729 2.084546
2 1 51 33 0.217363 1.852721 0.222142 0.982326 1.002924
3 1 55 25 0.276967 1.813577 0.226526 0.958729 2.084546
0 1 53 32 0.279914 1.880762 0.237416 0.945927 1.811258
51 31
9 1 48 20 0.268886 1.494866 0.433939 0.460504 0.832590
0 1 54 18 0.385923 1.659714 0.173738 0.407417 1.673665
5 1 51 22 0.390585 1.975643 0.164587 0.513847 3.648282
30 1 53 22 0.274588 1.507342 0.324576 0.463963 0.611381
9 1 48 20 0.268886 1.494866 0.433939 0.460504 0.832590
30 1 53 22 0.274588 1.507342 0.324576 0.463963 0.611381
9 1 48 20 0.268886 1.494866 0.433939 0.460504 0.832590
0 1 54 18 0.385923 1.659714 0.173738 0.407417 1.673665
52 34
13 1 46 23 0.268346 1.429722 0.210732 0.567998 1.122411
19 1 65 18 0.288655 1.958165 0.220395 0.458229 10.230104
19 1 65 18 0.288655 1.958165 0.220395 0.458229 10.230104
33 1 44 29 0.273034 1.695330 0.440767 0.508223 0.974326
9 1 57 23 0.284789 2.037929 0.412695 0.472881 2.737760
33 1 44 29 0.273034 1.695330 0.440767 0.508223 0.974326
13 1 46 23 0.268346 1.429722 0.210732 0.567998 1.122411
19 1 65 18 0.288655 1.958165 0.220395 0.458229 10.230104
53 32
6 1 49 27 0.226259 1.518620 0.291078 0.612650 1.894224
0 0 0 0 0.000000 0.000000 0.000000 0.000000 5.548652
4 1 46 30 0.281640 1.743947 0.604710 0.624145 4.151832
31 1 42 22 0.261861 1.390876 0.218288 0.591186 1.080191
6 1 49 27 0.226259 1.518620 0.291078 0.612650 1.894224
31 1 42 22 0.261861 1.390876 0.218288 0.591186 1.080191
6 1 49 27 0.226259 1.518620 0.291078 0.612650 1.894224
0 0 0 0 0.000000 0.000000 0.000000 0.000000 5.548652
54 28
5 1 47 26 0.281076 1.137192 0.565816 0.189039 0.806144
25 1 48 27 0.258774 1.179602 0.454135 0.184942 0.960857
0 1 45 23 0.339552 1.137972 0.629347 0.177144 1.390932
24 1 47 17 0.255508 1.222460 0.255966 0.161715 1.502473
0 1 45 23 0.339552 1.137972 0.629347 0.177144 1.390932
25 1 48 27 0.258774 1.179602 0.454135 0.184942 0.960857
5 1 47 26 0.281076 1.137192 0.565816 0.189039 0.806144
25 1 48 27 0.258774 1.179602 0.454135 0.184942 0.960857
55 6
1 1 47 23 0.257521 1.178774 0.230820 0.376073 1.660682
0 1 60 33 0.284956 1.202804 0.428170 0.394469 1.470335
0 1 60 33 0.284956 1.202804 0.428170 0.394469 1.470335
5 1 55 31 0.241015 1.456380 0.237986 0.385240 1.221700
1 1 47 23 0.257521 1.178774 0.230820 0.376073 1.660682
5 1 55 31 0.241015 1.456380 0.237986 0.385240 1.221700
1 1 47 23 0.257521 1.178774 0.230820 0.376073 1.660682
0 1 60 33 0.284956 1.202804 0.428170 0.394469 1.470335
56 20
6 1 51 24 0.269557 1.832956 0.314545 0.753934 1.645740
0 1 62 22 0.312285 1.948590 0.185479 0.757314 3.634815
2 1 54 24 0.269448 1.860943 0.285555 0.760032 2.964026
18 1 54 26 0.267540 1.663252 0.235091 0.785449 3.157586
7 1 47 29 0.260297 1.786419 0.286197 0.846392 1.324623
18 1 54 26 0.267540 1.663252 0.235091 0.785449 3.157586
6 1 51 24 0.269557 1.832956 0.314545 0.753934 1.645740
0 1 62 22 0.312285 1.948590 0.185479 0.757314 3.634815
57 16
5 1 41 25 0.223200 1.796808 0.404432 0.727873 0.603519
1 0 0 0 0.000000 0.000000 0.000000 0.000000 10.678564
3 1 58 37 0.337307 2.079717 0.581351 0.879048 10.499001
15 1 44 19 0.246066 1.769208 0.043746 0.765410 1.580871
5 1 41 25 0.223200 1.796808 0.404432 0.727873 0.603519
15 1 44 19 0.246066 1.769208 0.043746 0.765410 1.580871
5 1 41 25 0.223200 1.796808 0.404432 0.727873 0.603519
1 0 0 0 0.000000 0.000000 0.000000 0.000000 10.678564
58 12
3 1 48 22 0.259185 1.805802 0.162863 0.852814 1.360386
0 1 53 23 0.254233 1.885252 0.031146 0.839979 1.710550
6 1 52 29 0.268550 1.937849 0.592077 0.865197 1.329124
11 1 47 30 0.258824 1.796113 0.570308 0.773250 0.617555
3 1 48 22 0.259185 1.805802 0.162863 0.852814 1.360386
2 1 58 24 0.346742 1.904377 0.180687 0.856806 0.971870
3 1 48 22 0.259185 1.805802 0.162863 0.852814 1.360386
0 1 53 23 0.254233 1.885252 0.031146 0.839979 1.710550
59 31
9 1 50 23 0.276333 1.569161 0.276937 0.426566 1.944279
0 1 50 25 0.378041 2.082292 0.409618 0.502064 7.973881
5 0 0 0 0.000000 0.000000 0.000000 0.000000 1.180699
30 1 51 17 0.299506 1.473106 0.165424 0.418920 1.144292
9 1 50 23 0.276333 1.569161 0.276937 0.426566 1.944279
30 1 51 17 0.299506 1.473106 0.165424 0.418920 1.144292
9 1 50 23 0.276333 1.569161 0.276937 0.426566 1.944279
0 1 50 25 0.378041 2.082292 0.409618 0.502064 7.973881
60 34
13 1 51 16 0.266260 1.406414 0.268193 0.450654 1.244782
19 1 67 15 0.322201 1.933086 0.179714 0.440671 10.730364
19 1 67 15 0.322201 1.933086 0.179714 0.440671 10.730364
33 1 43 17 0.246344 1.290092 0.211122 0.456441 1.141805
19 1 67 15 0.322201 1.933086 0.179714 0.440671 10.730364
33 1 43 17 0.246344 1.290092 0.211122 0.456441 1.141805
13 1 51 16 0.266260 1.406414 0.268193 0.450654 1.244782
19 1 67 15 0.322201 1.933086 0.179714 0.440671 10.730364
61 32
6 1 55 22 0.274352 1.538665 0.300265 0.467156 2.052110
0 0 0 0 0.000000 0.000000 0.000000 0.000000 10.701956
4 1 49 24 0.331573 1.682993 0.217631 0.587711 2.306845
31 1 47 20 0.392947 1.470252 0.360052 0.442833 1.407905
6 1 55 22 0.274352 1.538665 0.300265 0.467156 2.052110
31 1 47 20 0.392947 1.470252 0.360052 0.442833 1.407905
6 1 55 22 0.274352 1.538665 0.300265 0.467156 2.052110
0 0 0 0 0.000000 0.000000 0.000000 0.000000 10.701956
62 47
9 1 53 15 0.404412 1.099929 0.237453 0.187721 0.836134
42 1 55 16 0.271060 1.082601 0.442145 0.222860 1.499099
7 1 53 15 0.377226 1.356293 0.359822 0.186758 1.685010
46 1 42 21 0.260209 1.238926 0.426965 0.186150 0.740821
12 1 59 17 0.350121 1.323419 0.324529 0.202497 2.613464
44 1 48 14 0.262494 0.972307 0.257429 0.168172 2.045805
9 1 53 15 0.404412 1.099929 0.237453 0.187721 0.836134
42 1 55 16 0.271060 1.082601 0.442145 0.222860 1.499099
63 6
1 1 57 23 0.257885 1.120239 0.297502 0.226251 0.980526
0 1 55 23 0.248003 1.214570 0.377985 0.244853 0.895698
2 1 47 20 0.260698 1.225472 0.277957 0.247746 0.523132
1 1 57 23 0.257885 1.120239 0.297502 0.226251 0.980526
2 1 47 20 0.260698 1.225472 0.277957 0.247746 0.523132
5 1 44 20 0.230789 1.106248 0.273085 0.210404 0.930892
1 1 57 23 0.257885 1.120239 0.297502 0.226251 0.980526
0 1 55 23 0.248003 1.214570 0.377985 0.244853 0.895698
64 20
6 1 49 28 0.258471 1.976692 0.147913 0.849228 23.833017
0 1 58 33 0.243407 1.894843 0.444540 0.880531 1.942844
2 1 50 29 0.228596 1.765538 0.157296 0.871749 23.419794
19 1 48 29 0.261790 2.028506 0.496086 0.818189 1.352938
5 1 56 31 0.287333 1.887697 0.296699 0.897449 0.902034
19 1 48 29 0.261790 2.028506 0.496086 0.818189 1.352938
6 1 49 28 0.258471 1.976692 0.147913 0.849228 23.833017
0 1 58 33 0.243407 1.894843 0.444540 0.880531 1.942844
65 16
5 1 42 23 0.248856 1.795010 0.174203 0.819956 0.555327
1 0 0 0 0.000000 0.000000 0.000000 0.000000 10.418803
3 0 0 0 0.000000 0.000000 0.000000 0.000000 10.478899
15 1 44 31 0.247746 1.766572 0.545001 0.833691 0.767188
3 0 0 0 0.000000 0.000000 0.000000 0.000000 10.478899
15 1 44 31 0.247746 1.766572 0.545001 0.833691 0.767188
5 1 42 23 0.248856 1.795010 0.174203 0.819956 0.555327
1 0 0 0 0.000000 0.000000 0.000000 0.000000 10.418803
66 12
3 1 48 16 0.254861 1.810824 0.123827 0.731469 0.427209
0 1 52 23 0.297050 1.890102 0.209584 0.767135 1.635817
6 1 55 29 0.299817 2.058311 0.179001 0.807238 1.629970
11 1 47 23 0.273809 1.770096 0.379195 0.730912 1.028088
3 1 48 16 0.254861 1.810824 0.123827 0.731469 0.427209
2 1 61 26 0.366030 1.920170 0.192360 0.780308 1.516228
3 1 48 16 0.254861 1.810824 0.123827 0.731469 0.427209
0 1 52 23 0.297050 1.890102 0.209584 0.767135 1.635817
67 31
9 1 50 35 0.240944 1.354296 0.468770 0.545993 1.167115
0 1 53 41 0.291929 1.576335 0.620425 0.659641 10.765757
5 1 54 44 0.330206 2.312782 0.566658 0.589077 4.718493
30 1 55 23 0.276269 1.367802 0.147576 0.512084 1.062966
9 1 50 35 0.240944 1.354296 0.468770 0.545993 1.167115
30 1 55 23 0.276269 1.367802 0.147576 0.512084 1.062966
9 1 50 35 0.240944 1.354296 0.468770 0.545993 1.167115
0 1 53 41 0.291929 1.576335 0.620425 0.659641 10.765757
68 34
13 1 46 22 0.264846 1.452784 0.088917 0.436616 0.795665
19 1 63 27 0.308625 1.901049 0.424929 0.511162 10.968935
4 1 64 28 0.283449 1.611766 0.380170 0.512347 3.270105
33 1 44 21 0.272820 1.667153 0.285224 0.433323 1.374579
9 1 53 33 0.386902 1.733520 0.181659 0.639388 3.740863
33 1 44 21 0.272820 1.667153 0.285224 0.433323 1.374579
13 1 46 22 0.264846 1.452784 0.088917 0.436616 0.795665
19 1 63 27 0.308625 1.901049 0.424929 0.511162 10.968935
69 32
6 1 47 17 0.313839 1.572276 0.167947 0.407184 0.623412
0 1 66 27 0.298499 1.651739 0.441964 0.444893 3.390390
4 1 64 16 0.361892 1.605097 0.251760 0.456289 3.287205
30 1 47 19 0.267830 1.505269 0.390376 0.452501 1.382501
6 1 47 17 0.313839 1.572276 0.167947 0.407184 0.623412
30 1 47 19 0.267830 1.505269 0.390376 0.452501 1.382501
6 1 47 17 0.313839 1.572276 0.167947 0.407184 0.623412
0 1 66 27 0.298499 1.651739 0.441964 0.444893 3.390390
70 47
9 1 42 25 0.237010 1.048803 0.176038 0.556021 0.646399
42 1 52 21 0.265477 1.051221 0.124276 0.393911 1.574689
8 1 43 32 0.244708 1.132129 0.395122 0.432795 1.803685
42 1 52 21 0.265477 1.051221 0.124276 0.393911 1.574689
9 1 42 25 0.237010 1.048803 0.176038 0.556021 0.646399
42 1 52 21 0.265477 1.051221 0.124276 0.393911 1.574689
9 1 42 25 0.237010 1.048803 0.176038 0.556021 0.646399
42 1 52 21 0.265477 1.051221 0.124276 0.393911 1.574689
71 35
18 1 43 18 0.302043 1.018664 0.174076 0.291914 0.963121
1 1 44 23 0.369075 1.152628 0.356401 0.267266 1.971868
3 1 42 20 0.261593 1.243796 0.298314 0.363930 0.789960
31 1 49 20 0.294225 1.171584 0.326705 0.185041 0.656795
6 1 42 23 0.281386 1.193831 0.188117 0.391798 1.210806
30 1 49 16 0.221244 1.113608 0.236002 0.187409 1.297761
18 1 43 18 0.302043 1.018664 0.174076 0.291914 0.963121
1 1 44 23 0.369075 1.152628 0.356401 0.267266 1.971868
