0 8
2 1 43 21 0.240060 1.821412 0.181458 0.298550 0.956411
5 1 50 25 0.380874 1.942012 0.353402 0.190670 2.858312
4 1 42 19 0.250769 1.811899 0.374705 0.132259 0.769119
5 1 50 25 0.380874 1.942012 0.353402 0.190670 2.858312
4 1 42 19 0.250769 1.811899 0.374705 0.132259 0.769119
5 1 50 25 0.380874 1.942012 0.353402 0.190670 2.858312
2 1 43 21 0.240060 1.821412 0.181458 0.298550 0.956411
5 1 50 25 0.380874 1.942012 0.353402 0.190670 2.858312
2 28
11 1 52 30 0.261452 1.341502 0.388476 0.351356 1.295655
0 1 48 46 0.250947 2.021098 0.747236 0.385684 2.912205
12 1 51 21 0.269227 1.588084 0.215828 0.505239 1.049115
23 0 0 0 0.000000 0.000000 0.000000 0.000000 2.523841
11 1 52 30 0.261452 1.341502 0.388476 0.351356 1.295655
23 0 0 0 0.000000 0.000000 0.000000 0.000000 2.523841
11 1 52 30 0.261452 1.341502 0.388476 0.351356 1.295655
0 1 48 46 0.250947 2.021098 0.747236 0.385684 2.912205
3 27
15 1 42 20 0.254299 1.375856 0.313915 0.353156 0.621146
21 0 0 0 0.000000 0.000000 0.000000 0.000000 0.001023
10 1 42 19 0.254365 1.397203 0.406570 0.398617 0.500874
21 0 0 0 0.000000 0.000000 0.000000 0.000000 0.001023
10 1 42 19 0.254365 1.397203 0.406570 0.398617 0.500874
21 0 0 0 0.000000 0.000000 0.000000 0.000000 0.001023
15 1 42 20 0.254299 1.375856 0.313915 0.353156 0.621146
21 0 0 0 0.000000 0.000000 0.000000 0.000000 0.001023
4 16
7 1 48 29 0.276997 1.529745 0.234143 0.645360 0.949050
0 1 46 29 0.229830 1.605670 0.172278 0.365105 1.354338
11 1 44 27 0.269395 1.456944 0.547108 0.483612 1.099654
13 1 50 34 0.278536 1.637208 0.478691 0.551136 1.577503
7 1 48 29 0.276997 1.529745 0.234143 0.645360 0.949050
0 1 46 29 0.229830 1.605670 0.172278 0.365105 1.354338
7 1 48 29 0.276997 1.529745 0.234143 0.645360 0.949050
0 1 46 29 0.229830 1.605670 0.172278 0.365105 1.354338
5 31
13 1 53 38 0.275058 0.965050 0.702052 0.782951 4.856421
4 1 48 62 0.214619 1.463187 0.600643 0.970225 1.497177
13 1 53 38 0.275058 0.965050 0.702052 0.782951 4.856421
26 1 50 43 0.243959 1.091134 0.388923 0.968873 24.313011
13 1 53 38 0.275058 0.965050 0.702052 0.782951 4.856421
4 1 48 62 0.214619 1.463187 0.600643 0.970225 1.497177
13 1 53 38 0.275058 0.965050 0.702052 0.782951 4.856421
4 1 48 62 0.214619 1.463187 0.600643 0.970225 1.497177
6 22
16 1 46 22 0.252615 1.006200 0.265263 0.782703 10.147761
0 1 53 39 0.261700 1.123575 0.518268 0.667124 1.806680
9 1 46 36 0.298577 1.185567 0.379068 1.017125 1.043446
19 1 45 42 0.240126 1.231179 0.336984 0.998454 1.543705
12 1 45 26 0.269014 1.235405 0.451659 0.817651 0.956344
15 1 43 52 0.255497 1.304982 0.409943 1.030352 1.331078
16 1 46 22 0.252615 1.006200 0.265263 0.782703 10.147761
0 1 53 39 0.261700 1.123575 0.518268 0.667124 1.806680
8 21
9 1 45 13 0.229224 1.847034 0.206637 0.194219 1.695756
0 1 63 26 0.294875 2.045933 0.564621 0.161312 1.344156
7 1 46 22 0.286987 1.805196 0.210754 0.151737 0.852066
0 1 63 26 0.294875 2.045933 0.564621 0.161312 1.344156
14 1 44 22 0.207502 1.813449 0.381396 0.197948 1.422551
0 1 63 26 0.294875 2.045933 0.564621 0.161312 1.344156
9 1 45 13 0.229224 1.847034 0.206637 0.194219 1.695756
0 1 63 26 0.294875 2.045933 0.564621 0.161312 1.344156
10 28
11 1 47 25 0.284625 1.378194 0.195635 0.448842 1.985599
0 1 54 26 0.246157 2.209271 0.455850 0.301801 4.273928
12 1 53 21 0.258223 1.634466 0.160918 0.442581 1.597701
23 0 0 0 0.000000 0.000000 0.000000 0.000000 4.003015
11 1 47 25 0.284625 1.378194 0.195635 0.448842 1.985599
23 0 0 0 0.000000 0.000000 0.000000 0.000000 4.003015
11 1 47 25 0.284625 1.378194 0.195635 0.448842 1.985599
0 1 54 26 0.246157 2.209271 0.455850 0.301801 4.273928
11 28
10 1 43 28 0.258308 1.376942 0.385032 0.361267 1.296793
22 0 0 0 0.000000 0.000000 0.000000 0.000000 0.001046
11 1 42 20 0.254363 1.397203 0.325803 0.364645 0.884819
22 0 0 0 0.000000 0.000000 0.000000 0.000000 0.001046
11 1 42 20 0.254363 1.397203 0.325803 0.364645 0.884819
22 0 0 0 0.000000 0.000000 0.000000 0.000000 0.001046
10 1 43 28 0.258308 1.376942 0.385032 0.361267 1.296793
22 0 0 0 0.000000 0.000000 0.000000 0.000000 0.001046
12 16
7 1 46 24 0.271501 1.584926 0.357038 0.412354 0.710155
0 1 47 28 0.323198 1.673530 0.345058 0.258187 1.532067
11 1 44 19 0.254181 1.488291 0.368847 0.409565 0.504784
13 1 46 24 0.276221 1.624315 0.329615 0.414591 2.039243
7 1 46 24 0.271501 1.584926 0.357038 0.412354 0.710155
0 1 47 28 0.323198 1.673530 0.345058 0.258187 1.532067
7 1 46 24 0.271501 1.584926 0.357038 0.412354 0.710155
0 1 47 28 0.323198 1.673530 0.345058 0.258187 1.532067
13 31
13 1 53 28 0.239193 0.968637 0.457632 0.795298 1.373193
4 0 0 0 0.000000 0.000000 0.000000 0.000000 1.315961
13 1 53 28 0.239193 0.968637 0.457632 0.795298 1.373193
26 1 51 35 0.252016 1.081820 0.639239 0.856212 1.146933
13 1 53 28 0.239193 0.968637 0.457632 0.795298 1.373193
4 0 0 0 0.000000 0.000000 0.000000 0.000000 1.315961
13 1 53 28 0.239193 0.968637 0.457632 0.795298 1.373193
4 0 0 0 0.000000 0.000000 0.000000 0.000000 1.315961
14 22
16 1 46 37 0.273661 1.258377 0.403390 0.809433 1.841135
0 1 47 25 0.238116 1.074189 0.437864 0.617220 2.451908
9 1 45 30 0.250476 1.010124 0.230008 1.003489 1.072405
19 1 44 28 0.247561 1.285024 0.150577 0.838528 0.724489
12 1 44 26 0.266414 1.125286 0.205376 0.919045 2.106652
19 1 44 28 0.247561 1.285024 0.150577 0.838528 0.724489
16 1 46 37 0.273661 1.258377 0.403390 0.809433 1.841135
0 1 47 25 0.238116 1.074189 0.437864 0.617220 2.451908
16 21
9 1 44 21 0.258174 1.849669 0.155266 0.473531 0.699767
0 1 57 27 0.235554 1.935385 0.393939 0.371645 2.192847
5 0 0 0 0.000000 0.000000 0.000000 0.000000 9.460441
20 1 50 24 0.267537 1.829925 0.103718 0.349700 2.297803
7 1 59 25 0.259587 1.686462 0.197608 0.459795 0.926403
10 0 0 0 0.000000 0.000000 0.000000 0.000000 4.339740
9 1 44 21 0.258174 1.849669 0.155266 0.473531 0.699767
0 1 57 27 0.235554 1.935385 0.393939 0.371645 2.192847
17 16
9 1 43 18 0.247614 1.817757 0.122247 0.222967 0.511739
0 1 48 19 0.270928 1.809120 0.426470 0.216482 1.366929
4 1 56 26 0.271104 1.828725 0.466843 0.282250 1.968580
2 1 46 25 0.276267 1.782056 0.571339 0.235630 1.043611
9 1 43 18 0.247614 1.817757 0.122247 0.222967 0.511739
7 1 58 22 0.338361 2.026677 0.431119 0.215109 1.932998
9 1 43 18 0.247614 1.817757 0.122247 0.222967 0.511739
0 1 48 19 0.270928 1.809120 0.426470 0.216482 1.366929
18 24
7 1 50 27 0.268584 1.435890 0.273307 0.669176 1.455173
19 0 0 0 0.000000 0.000000 0.000000 0.000000 10.705829
6 1 52 28 0.221827 1.417401 0.295848 0.636621 1.215079
19 0 0 0 0.000000 0.000000 0.000000 0.000000 10.705829
7 1 50 27 0.268584 1.435890 0.273307 0.669176 1.455173
19 0 0 0 0.000000 0.000000 0.000000 0.000000 10.705829
7 1 50 27 0.268584 1.435890 0.273307 0.669176 1.455173
19 0 0 0 0.000000 0.000000 0.000000 0.000000 10.705829
19 27
9 1 50 25 0.267346 1.467899 0.221139 0.515950 1.736080
21 0 0 0 0.000000 0.000000 0.000000 0.000000 0.000988
9 1 50 25 0.267346 1.467899 0.221139 0.515950 1.736080
21 0 0 0 0.000000 0.000000 0.000000 0.000000 0.000988
9 1 50 25 0.267346 1.467899 0.221139 0.515950 1.736080
21 0 0 0 0.000000 0.000000 0.000000 0.000000 0.000988
9 1 50 25 0.267346 1.467899 0.221139 0.515950 1.736080
21 0 0 0 0.000000 0.000000 0.000000 0.000000 0.000988
20 16
7 1 52 21 0.237225 1.519221 0.317086 0.370333 1.182627
0 1 48 27 0.220733 1.659898 0.230474 0.509540 1.801408
11 1 44 16 0.259887 1.476766 0.388447 0.356784 0.481690
13 1 45 21 0.258498 1.620786 0.389827 0.354487 1.307245
7 1 52 21 0.237225 1.519221 0.317086 0.370333 1.182627
0 1 48 27 0.220733 1.659898 0.230474 0.509540 1.801408
7 1 52 21 0.237225 1.519221 0.317086 0.370333 1.182627
0 1 48 27 0.220733 1.659898 0.230474 0.509540 1.801408
21 30
12 1 54 53 0.192830 1.014786 0.468016 0.889245 3.672135
4 1 48 32 0.302217 1.430698 0.308127 0.893509 1.432100
12 1 54 53 0.192830 1.014786 0.468016 0.889245 3.672135
26 1 52 27 0.258662 1.105912 0.203971 0.831416 1.226341
12 1 54 53 0.192830 1.014786 0.468016 0.889245 3.672135
26 1 52 27 0.258662 1.105912 0.203971 0.831416 1.226341
12 1 54 53 0.192830 1.014786 0.468016 0.889245 3.672135
4 1 48 32 0.302217 1.430698 0.308127 0.893509 1.432100
22 22
16 1 44 27 0.309277 1.191556 0.125741 0.912154 1.005749
0 0 0 0 0.000000 0.000000 0.000000 0.000000 1.423272
9 1 53 36 0.260372 1.197370 0.211018 0.903421 2.078932
19 1 43 27 0.254294 1.285009 0.181894 0.835801 0.790415
12 1 43 38 0.272102 1.230080 0.776374 0.824576 1.584692
19 1 43 27 0.254294 1.285009 0.181894 0.835801 0.790415
16 1 44 27 0.309277 1.191556 0.125741 0.912154 1.005749
0 0 0 0 0.000000 0.000000 0.000000 0.000000 1.423272
24 11
7 1 60 20 0.311221 1.946332 0.143505 0.368420 1.641457
10 1 63 24 0.243383 1.891703 0.207767 0.378962 0.560880
4 0 0 0 0.000000 0.000000 0.000000 0.000000 10.284149
10 1 63 24 0.243383 1.891703 0.207767 0.378962 0.560880
7 1 60 20 0.311221 1.946332 0.143505 0.368420 1.641457
10 1 63 24 0.243383 1.891703 0.207767 0.378962 0.560880
7 1 60 20 0.311221 1.946332 0.143505 0.368420 1.641457
10 1 63 24 0.243383 1.891703 0.207767 0.378962 0.560880
25 10
6 1 43 27 0.253045 1.807750 0.248437 0.390076 0.534904
0 1 67 22 0.379193 2.288739 0.094841 0.416968 2.884240
2 1 59 27 0.355785 1.989828 0.188118 0.522812 2.531769
9 1 49 23 0.266495 1.805310 0.325850 0.358139 0.760147
2 1 59 27 0.355785 1.989828 0.188118 0.522812 2.531769
0 1 67 22 0.379193 2.288739 0.094841 0.416968 2.884240
6 1 43 27 0.253045 1.807750 0.248437 0.390076 0.534904
0 1 67 22 0.379193 2.288739 0.094841 0.416968 2.884240
27 4
1 1 43 20 0.252102 1.352926 0.387646 0.125861 0.639648
2 1 53 25 0.286659 1.622257 0.513503 0.114111 1.402120
1 1 43 20 0.252102 1.352926 0.387646 0.125861 0.639648
0 1 49 16 0.268726 1.384773 0.294445 0.118387 0.792287
1 1 43 20 0.252102 1.352926 0.387646 0.125861 0.639648
2 1 53 25 0.286659 1.622257 0.513503 0.114111 1.402120
1 1 43 20 0.252102 1.352926 0.387646 0.125861 0.639648
2 1 53 25 0.286659 1.622257 0.513503 0.114111 1.402120
28 6
3 1 48 28 0.273092 1.548650 0.370885 0.316790 0.914900
4 1 66 29 0.286123 1.593748 0.410712 0.313670 0.778528
0 1 47 40 0.255817 1.561399 0.229897 0.499503 0.815316
1 1 61 42 0.259307 1.629768 0.335229 0.993702 1.220314
3 1 48 28 0.273092 1.548650 0.370885 0.316790 0.914900
1 1 61 42 0.259307 1.629768 0.335229 0.993702 1.220314
3 1 48 28 0.273092 1.548650 0.370885 0.316790 0.914900
4 1 66 29 0.286123 1.593748 0.410712 0.313670 0.778528
29 22
8 1 41 26 0.256353 1.180228 0.327993 0.416485 21.581661
2 1 50 68 0.387161 1.291834 0.141142 0.840836 2.239894
15 1 49 19 0.238907 1.084719 0.367222 0.422833 0.689928
18 1 52 35 0.283682 1.108071 0.231801 0.621391 0.989116
8 1 41 26 0.256353 1.180228 0.327993 0.416485 21.581661
14 1 52 41 0.246040 1.080271 0.194743 0.693285 5.881685
8 1 41 26 0.256353 1.180228 0.327993 0.416485 21.581661
2 1 50 68 0.387161 1.291834 0.141142 0.840836 2.239894
30 18
12 1 47 24 0.253700 1.017353 0.419746 0.430345 0.923278
0 0 0 0 0.000000 0.000000 0.000000 0.000000 1.597985
12 1 47 24 0.253700 1.017353 0.419746 0.430345 0.923278
15 1 52 38 0.266286 1.164697 0.094418 0.531566 0.680669
9 1 53 24 0.256266 1.280958 0.239662 0.427860 0.943906
15 1 52 38 0.266286 1.164697 0.094418 0.531566 0.680669
12 1 47 24 0.253700 1.017353 0.419746 0.430345 0.923278
0 0 0 0 0.000000 0.000000 0.000000 0.000000 1.597985
32 20
12 1 54 16 0.249043 1.725020 0.183579 0.397076 1.030999
16 0 0 0 0.000000 0.000000 0.000000 0.000000 1.315068
10 1 56 21 0.262718 2.067056 0.204546 0.417980 3.298557
19 1 46 19 0.259875 1.879296 0.286940 0.376000 0.547253
8 1 53 18 0.266321 1.779745 0.203057 0.382044 1.229006
19 1 46 19 0.259875 1.879296 0.286940 0.376000 0.547253
12 1 54 16 0.249043 1.725020 0.183579 0.397076 1.030999
16 0 0 0 0.000000 0.000000 0.000000 0.000000 1.315068
33 11
4 1 59 21 0.274305 1.972142 0.514762 0.343659 0.861318
0 1 51 22 0.368259 1.943793 0.388741 0.352545 1.946974
4 1 59 21 0.274305 1.972142 0.514762 0.343659 0.861318
9 1 49 24 0.355634 1.895343 0.218571 0.350053 1.618303
4 1 59 21 0.274305 1.972142 0.514762 0.343659 0.861318
0 1 51 22 0.368259 1.943793 0.388741 0.352545 1.946974
4 1 59 21 0.274305 1.972142 0.514762 0.343659 0.861318
0 1 51 22 0.368259 1.943793 0.388741 0.352545 1.946974
35 28
11 1 52 17 0.258974 1.849271 0.299828 0.184179 0.903703
0 1 57 22 0.247306 1.631685 0.488195 0.201500 2.726510
11 1 52 17 0.258974 1.849271 0.299828 0.184179 0.903703
23 0 0 0 0.000000 0.000000 0.000000 0.000000 1.559658
11 1 52 17 0.258974 1.849271 0.299828 0.184179 0.903703
23 0 0 0 0.000000 0.000000 0.000000 0.000000 1.559658
11 1 52 17 0.258974 1.849271 0.299828 0.184179 0.903703
0 1 57 22 0.247306 1.631685 0.488195 0.201500 2.726510
37 29
11 1 48 22 0.209343 1.012943 0.221907 0.618084 22.643450
3 1 61 24 0.298565 1.281290 0.389364 0.393111 2.411898
11 1 48 22 0.209343 1.012943 0.221907 0.618084 22.643450
25 1 60 27 0.242032 1.640242 0.233849 0.597140 2.318573
11 1 48 22 0.209343 1.012943 0.221907 0.618084 22.643450
25 1 60 27 0.242032 1.640242 0.233849 0.597140 2.318573
11 1 48 22 0.209343 1.012943 0.221907 0.618084 22.643450
3 1 61 24 0.298565 1.281290 0.389364 0.393111 2.411898
38 22
16 1 45 19 0.273609 1.118444 0.302780 0.388741 1.454191
0 1 53 31 0.248649 1.090782 0.263652 0.389486 0.816668
9 1 45 15 0.290276 1.293544 0.031234 0.477056 1.263292
19 1 43 20 0.254331 1.285009 0.262769 0.450570 0.694723
12 1 47 24 0.266823 1.062951 0.363660 0.438458 0.938606
19 1 43 20 0.254331 1.285009 0.262769 0.450570 0.694723
16 1 45 19 0.273609 1.118444 0.302780 0.388741 1.454191
0 1 53 31 0.248649 1.090782 0.263652 0.389486 0.816668
40 21
9 1 45 19 0.261219 1.847957 0.177582 0.458019 0.958883
0 1 57 27 0.231825 1.876660 0.142266 0.630582 1.644954
5 0 0 0 0.000000 0.000000 0.000000 0.000000 6.959561
20 1 50 18 0.261175 1.933940 0.153811 0.503311 1.008357
7 1 51 16 0.250578 1.749787 0.167534 0.496405 1.074301
10 0 0 0 0.000000 0.000000 0.000000 0.000000 2.559617
9 1 45 19 0.261219 1.847957 0.177582 0.458019 0.958883
0 1 57 27 0.231825 1.876660 0.142266 0.630582 1.644954
41 16
9 1 48 16 0.259909 1.928419 0.184184 0.344226 1.641861
0 0 0 0 0.000000 0.000000 0.000000 0.000000 1.206405
4 1 50 31 0.289084 1.970925 0.166184 0.443026 1.100201
2 1 45 17 0.263024 1.840660 0.335042 0.414403 1.453734
9 1 48 16 0.259909 1.928419 0.184184 0.344226 1.641861
7 1 57 18 0.260143 1.894227 0.273447 0.425481 1.240990
9 1 48 16 0.259909 1.928419 0.184184 0.344226 1.641861
0 0 0 0 0.000000 0.000000 0.000000 0.000000 1.206405
43 28
11 1 53 27 0.267593 1.438106 0.217157 0.487346 0.866528
0 1 47 32 0.282055 1.943178 0.559203 0.400624 6.850555
10 1 51 20 0.278743 1.345758 0.273981 0.509705 1.243412
23 0 0 0 0.000000 0.000000 0.000000 0.000000 10.591594
11 1 53 27 0.267593 1.438106 0.217157 0.487346 0.866528
23 0 0 0 0.000000 0.000000 0.000000 0.000000 10.591594
11 1 53 27 0.267593 1.438106 0.217157 0.487346 0.866528
0 1 47 32 0.282055 1.943178 0.559203 0.400624 6.850555
44 28
10 1 43 24 0.253851 1.378801 0.366047 0.201734 0.918365
22 0 0 0 0.000000 0.000000 0.000000 0.000000 0.000997
10 1 43 24 0.253851 1.378801 0.366047 0.201734 0.918365
22 0 0 0 0.000000 0.000000 0.000000 0.000000 0.000997
10 1 43 24 0.253851 1.378801 0.366047 0.201734 0.918365
22 0 0 0 0.000000 0.000000 0.000000 0.000000 0.000997
10 1 43 24 0.253851 1.378801 0.366047 0.201734 0.918365
22 0 0 0 0.000000 0.000000 0.000000 0.000000 0.000997
45 31
13 1 47 22 0.322660 1.180303 0.161353 0.691347 0.714360
4 1 51 20 0.349473 1.371689 0.364064 0.562418 0.843328
13 1 47 22 0.322660 1.180303 0.161353 0.691347 0.714360
27 1 55 20 0.257456 1.100022 0.393682 0.522428 1.311344
13 1 47 22 0.322660 1.180303 0.161353 0.691347 0.714360
27 1 55 20 0.257456 1.100022 0.393682 0.522428 1.311344
13 1 47 22 0.322660 1.180303 0.161353 0.691347 0.714360
4 1 51 20 0.349473 1.371689 0.364064 0.562418 0.843328
46 22
16 1 45 23 0.268979 1.063638 0.123090 0.540645 0.594364
0 1 47 24 0.239472 1.080621 0.432084 0.361389 1.507262
9 1 44 24 0.286249 1.261628 0.444674 0.490732 1.350544
19 1 43 22 0.254331 1.285009 0.316277 0.512287 1.042981
12 1 49 25 0.270524 1.133584 0.406679 0.518003 1.423035
19 1 43 22 0.254331 1.285009 0.316277 0.512287 1.042981
16 1 45 23 0.268979 1.063638 0.123090 0.540645 0.594364
0 1 47 24 0.239472 1.080621 0.432084 0.361389 1.507262
48 21
9 1 51 33 0.273315 1.840234 0.356926 0.854633 0.632346
0 1 60 26 0.290571 1.829183 0.310415 0.630967 2.155951
5 0 0 0 0.000000 0.000000 0.000000 0.000000 3.994347
20 1 45 25 0.252800 1.825185 0.175606 0.895225 0.478392
1 0 0 0 0.000000 0.000000 0.000000 0.000000 1.284132
4 1 45 23 0.199088 1.815992 0.092268 0.836988 0.944259
9 1 51 33 0.273315 1.840234 0.356926 0.854633 0.632346
0 1 60 26 0.290571 1.829183 0.310415 0.630967 2.155951
49 14
7 1 45 23 0.262911 1.793809 0.182632 0.834059 0.536068
0 1 55 29 0.326506 1.876985 0.408106 0.777946 1.561669
2 1 50 23 0.314499 2.029149 0.251660 0.839568 1.667647
13 1 42 26 0.253741 1.799530 0.152402 0.924308 0.574622
8 1 49 29 0.314210 1.940557 0.235220 0.891485 1.682330
0 1 55 29 0.326506 1.876985 0.408106 0.777946 1.561669
7 1 45 23 0.262911 1.793809 0.182632 0.834059 0.536068
0 1 55 29 0.326506 1.876985 0.408106 0.777946 1.561669
51 28
11 1 50 18 0.268581 1.435890 0.272107 0.454356 1.265984
0 1 61 24 0.247462 1.480783 0.206436 0.586822 1.322804
24 1 63 23 0.317163 1.755577 0.343642 0.410430 1.647917
27 1 51 22 0.266400 1.638279 0.325026 0.471729 1.348064
5 1 53 18 0.333560 1.703930 0.360715 0.448637 1.184390
27 1 51 22 0.266400 1.638279 0.325026 0.471729 1.348064
11 1 50 18 0.268581 1.435890 0.272107 0.454356 1.265984
0 1 61 24 0.247462 1.480783 0.206436 0.586822 1.322804
52 28
10 1 48 17 0.398403 1.625547 0.257036 0.480741 0.636857
22 0 0 0 0.000000 0.000000 0.000000 0.000000 0.001020
7 1 60 19 0.224058 1.679701 0.371777 0.428488 10.654847
27 1 42 21 0.253770 1.356851 0.364162 0.477776 0.820388
15 1 43 15 0.253861 1.371964 0.231703 0.489068 0.787778
1 1 59 19 0.262975 1.496771 0.438849 0.415683 1.305998
10 1 48 17 0.398403 1.625547 0.257036 0.480741 0.636857
22 0 0 0 0.000000 0.000000 0.000000 0.000000 0.001020
53 16
7 1 44 25 0.258187 1.496271 0.337168 0.581852 1.305952
0 1 45 20 0.246972 1.656781 0.217388 0.661257 1.029973
9 1 46 27 0.239419 1.657676 0.207657 0.675157 1.257067
15 1 43 20 0.261646 1.469226 0.196567 0.607599 0.407470
7 1 44 25 0.258187 1.496271 0.337168 0.581852 1.305952
12 1 48 19 0.431033 1.589027 0.193895 0.600771 1.246523
7 1 44 25 0.258187 1.496271 0.337168 0.581852 1.305952
0 1 45 20 0.246972 1.656781 0.217388 0.661257 1.029973
54 5
4 1 43 15 0.254331 1.285009 0.365877 0.198780 1.354260
0 0 0 0 0.000000 0.000000 0.000000 0.000000 1.139037
0 0 0 0 0.000000 0.000000 0.000000 0.000000 1.139037
4 1 43 15 0.254331 1.285009 0.365877 0.198780 1.354260
2 1 51 12 0.244185 1.192867 0.246641 0.124755 1.107467
1 1 46 15 0.272854 1.300590 0.256531 0.130921 0.876553
4 1 43 15 0.254331 1.285009 0.365877 0.198780 1.354260
0 0 0 0 0.000000 0.000000 0.000000 0.000000 1.139037
56 21
9 1 60 22 0.281579 1.886683 0.139912 0.819832 0.796907
0 1 59 28 0.277090 1.942670 0.453421 0.732709 1.210355
5 0 0 0 0.000000 0.000000 0.000000 0.000000 3.753925
20 1 45 22 0.252749 1.825185 0.177019 0.786114 1.223534
1 0 0 0 0.000000 0.000000 0.000000 0.000000 1.837787
4 1 52 20 0.254373 1.795717 0.153534 0.752569 0.811420
9 1 60 22 0.281579 1.886683 0.139912 0.819832 0.796907
0 1 59 28 0.277090 1.942670 0.453421 0.732709 1.210355
57 16
9 1 43 19 0.247609 1.817757 0.189678 0.747405 1.112082
0 1 56 29 0.227977 1.892352 0.435025 0.725430 1.729774
4 1 50 26 0.261535 1.964815 0.224296 0.770154 1.904563
15 1 44 24 0.229780 1.812749 0.491142 0.736833 0.605806
10 1 53 21 0.305160 2.024680 0.141395 0.788306 1.335752
0 1 56 29 0.227977 1.892352 0.435025 0.725430 1.729774
9 1 43 19 0.247609 1.817757 0.189678 0.747405 1.112082
0 1 56 29 0.227977 1.892352 0.435025 0.725430 1.729774
59 28
11 1 50 16 0.250864 1.736742 0.201196 0.431432 2.122045
0 1 51 19 0.334576 1.904206 0.204720 0.431509 2.737912
8 1 56 30 0.335804 2.106739 0.221947 0.483221 4.326715
27 1 51 20 0.266400 1.638278 0.239059 0.493442 0.648883
5 1 54 18 0.275123 1.596981 0.036610 0.500578 1.023465
27 1 51 20 0.266400 1.638278 0.239059 0.493442 0.648883
11 1 50 16 0.250864 1.736742 0.201196 0.431432 2.122045
0 1 51 19 0.334576 1.904206 0.204720 0.431509 2.737912
60 25
13 1 46 15 0.265757 1.483900 0.326942 0.385263 1.237181
19 0 0 0 0.000000 0.000000 0.000000 0.000000 0.001062
5 1 60 16 0.282681 1.749350 0.140397 0.447591 2.761671
19 0 0 0 0.000000 0.000000 0.000000 0.000000 0.001062
6 1 47 22 0.331694 1.562612 0.355208 0.403790 2.871699
19 0 0 0 0.000000 0.000000 0.000000 0.000000 0.001062
13 1 46 15 0.265757 1.483900 0.326942 0.385263 1.237181
19 0 0 0 0.000000 0.000000 0.000000 0.000000 0.001062
61 16
7 1 44 17 0.258187 1.496271 0.277516 0.495064 0.925365
0 1 46 17 0.304388 1.648112 0.237733 0.376976 1.466884
4 1 64 19 0.235188 1.544073 0.373718 0.496323 2.317716
3 1 44 19 0.258434 1.499024 0.396793 0.484764 0.629342
5 1 54 19 0.271696 1.531447 0.319361 0.507765 0.981444
0 1 46 17 0.304388 1.648112 0.237733 0.376976 1.466884
7 1 44 17 0.258187 1.496271 0.277516 0.495064 0.925365
0 1 46 17 0.304388 1.648112 0.237733 0.376976 1.466884
62 31
13 1 47 15 0.303343 1.177143 0.394664 0.214267 0.743103
4 1 51 11 0.328480 1.401590 0.278666 0.141292 2.033593
13 1 47 15 0.303343 1.177143 0.394664 0.214267 0.743103
27 1 50 13 0.221771 1.359414 0.370397 0.212156 0.927185
13 1 47 15 0.303343 1.177143 0.394664 0.214267 0.743103
27 1 50 13 0.221771 1.359414 0.370397 0.212156 0.927185
13 1 47 15 0.303343 1.177143 0.394664 0.214267 0.743103
4 1 51 11 0.328480 1.401590 0.278666 0.141292 2.033593
64 21
9 0 0 0 0.000000 0.000000 0.000000 0.000000 0.914701
0 1 58 53 0.276303 1.888355 0.674367 0.867701 1.967350
5 0 0 0 0.000000 0.000000 0.000000 0.000000 3.848433
20 1 45 26 0.252790 1.825185 0.186082 0.867073 0.601534
9 0 0 0 0.000000 0.000000 0.000000 0.000000 0.914701
0 1 58 53 0.276303 1.888355 0.674367 0.867701 1.967350
9 0 0 0 0.000000 0.000000 0.000000 0.000000 0.914701
0 1 58 53 0.276303 1.888355 0.674367 0.867701 1.967350
65 15
8 1 43 26 0.247614 1.817757 0.200166 0.855700 0.462338
0 1 55 25 0.237728 1.891180 0.237687 0.675503 1.325652
3 0 0 0 0.000000 0.000000 0.000000 0.000000 1.788338
14 1 42 27 0.239826 1.806527 0.339935 0.824916 0.836281
8 1 43 26 0.247614 1.817757 0.200166 0.855700 0.462338
0 1 55 25 0.237728 1.891180 0.237687 0.675503 1.325652
8 1 43 26 0.247614 1.817757 0.200166 0.855700 0.462338
0 1 55 25 0.237728 1.891180 0.237687 0.675503 1.325652
67 28
11 1 48 30 0.263517 1.610000 0.303889 0.525855 1.802423
0 1 54 82 0.300632 2.209765 0.970399 1.022475 3.083905
8 1 56 42 0.398402 2.105958 0.697594 0.601618 10.551760
27 1 51 29 0.266400 1.638279 0.191617 0.557910 0.767021
11 1 48 30 0.263517 1.610000 0.303889 0.525855 1.802423
0 1 54 82 0.300632 2.209765 0.970399 1.022475 3.083905
11 1 48 30 0.263517 1.610000 0.303889 0.525855 1.802423
0 1 54 82 0.300632 2.209765 0.970399 1.022475 3.083905
68 27
9 0 0 0 0.000000 0.000000 0.000000 0.000000 0.956871
21 0 0 0 0.000000 0.000000 0.000000 0.000000 0.001016
6 0 0 0 0.000000 0.000000 0.000000 0.000000 4.652388
26 1 42 45 0.253770 1.356851 0.702607 0.505875 0.591305
9 0 0 0 0.000000 0.000000 0.000000 0.000000 0.956871
21 0 0 0 0.000000 0.000000 0.000000 0.000000 0.001016
9 0 0 0 0.000000 0.000000 0.000000 0.000000 0.956871
21 0 0 0 0.000000 0.000000 0.000000 0.000000 0.001016
69 16
7 0 0 0 0.000000 0.000000 0.000000 0.000000 0.787243
0 1 62 33 0.264207 1.484164 0.486361 0.425034 0.660997
4 1 47 22 0.242579 1.663992 0.464589 0.407693 1.895321
15 0 0 0 0.000000 0.000000 0.000000 0.000000 0.499392
7 0 0 0 0.000000 0.000000 0.000000 0.000000 0.787243
0 1 62 33 0.264207 1.484164 0.486361 0.425034 0.660997
7 0 0 0 0.000000 0.000000 0.000000 0.000000 0.787243
0 1 62 33 0.264207 1.484164 0.486361 0.425034 0.660997
70 31
13 1 59 26 0.254631 1.661568 0.176482 0.606730 1.109731
4 0 0 0 0.000000 0.000000 0.000000 0.000000 0.984479
8 1 54 42 0.278956 1.182728 0.580177 0.360793 0.921820
29 1 56 40 0.220688 1.398025 0.365635 0.729003 1.096263
13 1 59 26 0.254631 1.661568 0.176482 0.606730 1.109731
4 0 0 0 0.000000 0.000000 0.000000 0.000000 0.984479
13 1 59 26 0.254631 1.661568 0.176482 0.606730 1.109731
4 0 0 0 0.000000 0.000000 0.000000 0.000000 0.984479
71 22
16 0 0 0 0.000000 0.000000 0.000000 0.000000 0.769871
0 0 0 0 0.000000 0.000000 0.000000 0.000000 1.266394
6 1 68 21 0.350320 1.359722 0.376504 0.208338 0.925549
21 0 0 0 0.000000 0.000000 0.000000 0.000000 0.641842
16 0 0 0 0.000000 0.000000 0.000000 0.000000 0.769871
0 0 0 0 0.000000 0.000000 0.000000 0.000000 1.266394
16 0 0 0 0.000000 0.000000 0.000000 0.000000 0.769871
0 0 0 0 0.000000 0.000000 0.000000 0.000000 1.266394
