0 4
1 1 42 17 0.250769 1.811899 0.415231 0.101084 0.643597
2 1 52 18 0.249752 1.987773 0.222672 0.130634 0.940462
1 1 42 17 0.250769 1.811899 0.415231 0.101084 0.643597
2 1 52 18 0.249752 1.987773 0.222672 0.130634 0.940462
1 1 42 17 0.250769 1.811899 0.415231 0.101084 0.643597
2 1 52 18 0.249752 1.987773 0.222672 0.130634 0.940462
1 1 42 17 0.250769 1.811899 0.415231 0.101084 0.643597
2 1 52 18 0.249752 1.987773 0.222672 0.130634 0.940462
2 28
11 1 49 28 0.224729 1.330811 0.185845 0.467714 1.413819
0 1 54 49 0.298736 2.195845 0.445661 0.351440 2.827909
12 1 51 27 0.323315 1.580604 0.242632 0.555464 0.860786
23 0 0 0 0.000000 0.000000 0.000000 0.000000 4.870207
11 1 49 28 0.224729 1.330811 0.185845 0.467714 1.413819
23 0 0 0 0.000000 0.000000 0.000000 0.000000 4.870207
11 1 49 28 0.224729 1.330811 0.185845 0.467714 1.413819
0 1 54 49 0.298736 2.195845 0.445661 0.351440 2.827909
3 28
16 1 42 22 0.254299 1.375856 0.419189 0.368249 1.005300
22 0 0 0 0.000000 0.000000 0.000000 0.000000 0.001169
11 1 42 20 0.254362 1.397203 0.196719 0.397276 1.312807
22 0 0 0 0.000000 0.000000 0.000000 0.000000 0.001169
11 1 42 20 0.254362 1.397203 0.196719 0.397276 1.312807
22 0 0 0 0.000000 0.000000 0.000000 0.000000 0.001169
16 1 42 22 0.254299 1.375856 0.419189 0.368249 1.005300
22 0 0 0 0.000000 0.000000 0.000000 0.000000 0.001169
4 16
7 1 55 28 0.241244 1.636866 0.221687 0.804470 1.204091
0 1 46 26 0.231403 1.611736 0.282601 0.310080 1.196635
11 1 43 22 0.267660 1.476746 0.249623 0.466248 1.124154
13 1 45 37 0.255328 1.603452 0.559708 0.448610 1.456721
7 1 55 28 0.241244 1.636866 0.221687 0.804470 1.204091
0 1 46 26 0.231403 1.611736 0.282601 0.310080 1.196635
7 1 55 28 0.241244 1.636866 0.221687 0.804470 1.204091
0 1 46 26 0.231403 1.611736 0.282601 0.310080 1.196635
5 31
13 1 41 37 0.272507 1.113810 0.649416 0.752598 1.850813
4 1 47 62 0.268709 1.444244 0.803972 1.091281 1.557911
13 1 41 37 0.272507 1.113810 0.649416 0.752598 1.850813
26 1 61 33 0.266807 1.351143 0.182081 0.978518 1.311581
13 1 41 37 0.272507 1.113810 0.649416 0.752598 1.850813
4 1 47 62 0.268709 1.444244 0.803972 1.091281 1.557911
13 1 41 37 0.272507 1.113810 0.649416 0.752598 1.850813
4 1 47 62 0.268709 1.444244 0.803972 1.091281 1.557911
6 22
16 1 45 28 0.269369 1.272751 0.270033 0.805447 1.202856
0 1 50 30 0.288531 1.367550 0.242981 0.668140 1.264274
9 1 49 26 0.339158 1.115136 0.130502 0.939268 0.964884
19 1 50 42 0.241445 1.181862 0.254735 1.134384 1.826586
12 1 53 27 0.262233 1.241126 0.496737 0.746744 0.919927
15 1 44 62 0.239182 1.304998 0.469809 0.887904 2.031155
16 1 45 28 0.269369 1.272751 0.270033 0.805447 1.202856
0 1 50 30 0.288531 1.367550 0.242981 0.668140 1.264274
8 16
11 1 56 13 0.275303 1.853140 0.372330 0.189087 1.205885
1 1 46 19 0.224660 1.705096 0.488169 0.170504 0.642476
11 1 56 13 0.275303 1.853140 0.372330 0.189087 1.205885
0 1 58 18 0.213280 1.908093 0.269527 0.154898 1.853615
11 1 56 13 0.275303 1.853140 0.372330 0.189087 1.205885
0 1 58 18 0.213280 1.908093 0.269527 0.154898 1.853615
11 1 56 13 0.275303 1.853140 0.372330 0.189087 1.205885
1 1 46 19 0.224660 1.705096 0.488169 0.170504 0.642476
10 28
11 1 57 27 0.255763 1.483154 0.351572 0.477684 1.216442
0 1 51 26 0.278480 2.154725 0.325005 0.306064 25.089386
11 1 57 27 0.255763 1.483154 0.351572 0.477684 1.216442
23 0 0 0 0.000000 0.000000 0.000000 0.000000 3.384496
11 1 57 27 0.255763 1.483154 0.351572 0.477684 1.216442
23 0 0 0 0.000000 0.000000 0.000000 0.000000 3.384496
11 1 57 27 0.255763 1.483154 0.351572 0.477684 1.216442
0 1 51 26 0.278480 2.154725 0.325005 0.306064 25.089386
11 28
10 1 43 27 0.257101 1.368714 0.250552 0.448216 1.321016
22 0 0 0 0.000000 0.000000 0.000000 0.000000 0.001196
11 1 42 22 0.254365 1.397203 0.344551 0.365306 1.304815
22 0 0 0 0.000000 0.000000 0.000000 0.000000 0.001196
11 1 42 22 0.254365 1.397203 0.344551 0.365306 1.304815
22 0 0 0 0.000000 0.000000 0.000000 0.000000 0.001196
10 1 43 27 0.257101 1.368714 0.250552 0.448216 1.321016
22 0 0 0 0.000000 0.000000 0.000000 0.000000 0.001196
12 16
7 1 50 24 0.249800 1.568503 0.351592 0.344377 1.610356
0 1 47 23 0.226422 1.600301 0.395310 0.243431 1.635258
11 1 47 17 0.258839 1.502326 0.222487 0.344545 0.608172
13 1 46 19 0.260222 1.603039 0.292160 0.316146 1.000041
7 1 50 24 0.249800 1.568503 0.351592 0.344377 1.610356
0 1 47 23 0.226422 1.600301 0.395310 0.243431 1.635258
7 1 50 24 0.249800 1.568503 0.351592 0.344377 1.610356
0 1 47 23 0.226422 1.600301 0.395310 0.243431 1.635258
13 30
12 1 50 31 0.260151 0.995908 0.247524 0.802067 2.863272
4 1 48 42 0.381099 1.492071 0.586489 0.744177 1.606712
12 1 50 31 0.260151 0.995908 0.247524 0.802067 2.863272
26 1 48 30 0.312646 1.157447 0.517843 0.768536 1.614638
12 1 50 31 0.260151 0.995908 0.247524 0.802067 2.863272
26 1 48 30 0.312646 1.157447 0.517843 0.768536 1.614638
12 1 50 31 0.260151 0.995908 0.247524 0.802067 2.863272
4 1 48 42 0.381099 1.492071 0.586489 0.744177 1.606712
14 22
16 1 43 20 0.281552 1.115372 0.222565 0.890207 1.151610
0 1 53 24 0.231525 1.115721 0.312149 0.690520 1.190572
9 1 42 26 0.288174 1.222291 0.323789 0.708415 0.673577
19 1 44 38 0.247562 1.285024 0.672235 0.742780 0.642538
12 1 44 21 0.281457 0.997007 0.229303 0.832435 0.990815
19 1 44 38 0.247562 1.285024 0.672235 0.742780 0.642538
16 1 43 20 0.281552 1.115372 0.222565 0.890207 1.151610
0 1 53 24 0.231525 1.115721 0.312149 0.690520 1.190572
16 21
9 1 44 17 0.263360 1.849804 0.147506 0.311921 1.308883
0 1 61 32 0.350206 1.914539 0.499398 0.361415 1.819192
6 1 57 24 0.252192 1.886813 0.214856 0.392922 1.386775
20 1 45 17 0.252806 1.825188 0.186624 0.298812 0.748356
11 1 56 28 0.249557 2.070399 0.145618 0.460045 2.457766
18 1 53 29 0.268479 1.996796 0.455953 0.358309 1.183983
9 1 44 17 0.263360 1.849804 0.147506 0.311921 1.308883
0 1 61 32 0.350206 1.914539 0.499398 0.361415 1.819192
17 16
9 1 43 24 0.247614 1.817757 0.477257 0.273071 0.824932
0 1 58 29 0.245936 1.881618 0.182727 0.342514 2.034672
5 1 57 20 0.262387 1.905269 0.150095 0.302354 0.999387
14 1 44 27 0.251266 1.793140 0.503028 0.259757 0.664628
5 1 57 20 0.262387 1.905269 0.150095 0.302354 0.999387
14 1 44 27 0.251266 1.793140 0.503028 0.259757 0.664628
9 1 43 24 0.247614 1.817757 0.477257 0.273071 0.824932
0 1 58 29 0.245936 1.881618 0.182727 0.342514 2.034672
18 28
11 1 50 24 0.244088 1.267488 0.192155 0.495293 0.892682
0 1 49 32 0.306094 2.107167 0.364278 0.462645 6.076327
9 1 50 34 0.244046 1.467731 0.490469 0.518986 1.736543
23 0 0 0 0.000000 0.000000 0.000000 0.000000 1.613502
11 1 50 24 0.244088 1.267488 0.192155 0.495293 0.892682
23 0 0 0 0.000000 0.000000 0.000000 0.000000 1.613502
11 1 50 24 0.244088 1.267488 0.192155 0.495293 0.892682
0 1 49 32 0.306094 2.107167 0.364278 0.462645 6.076327
19 28
10 1 54 27 0.268267 1.481836 0.190087 0.700095 0.890787
22 0 0 0 0.000000 0.000000 0.000000 0.000000 0.001204
9 1 46 28 0.289577 1.402950 0.189783 0.566695 1.014354
22 0 0 0 0.000000 0.000000 0.000000 0.000000 0.001204
11 1 42 30 0.254300 1.397203 0.511989 0.427045 1.829744
22 0 0 0 0.000000 0.000000 0.000000 0.000000 0.001204
10 1 54 27 0.268267 1.481836 0.190087 0.700095 0.890787
22 0 0 0 0.000000 0.000000 0.000000 0.000000 0.001204
20 15
6 1 46 21 0.344172 1.526688 0.286259 0.399578 0.719125
0 1 47 23 0.335019 1.651767 0.220787 0.414213 0.716548
4 1 53 19 0.282449 1.520898 0.241431 0.288456 0.848635
8 1 47 15 0.276379 1.641952 0.185835 0.395350 1.380213
4 1 53 19 0.282449 1.520898 0.241431 0.288456 0.848635
0 1 47 23 0.335019 1.651767 0.220787 0.414213 0.716548
6 1 46 21 0.344172 1.526688 0.286259 0.399578 0.719125
0 1 47 23 0.335019 1.651767 0.220787 0.414213 0.716548
21 30
12 1 46 31 0.199071 1.135864 0.241467 0.971531 1.621471
4 1 48 38 0.306065 1.416408 0.225471 1.149247 1.830795
12 1 46 31 0.199071 1.135864 0.241467 0.971531 1.621471
26 1 50 30 0.269927 1.263167 0.280808 0.909204 2.037142
12 1 46 31 0.199071 1.135864 0.241467 0.971531 1.621471
26 1 50 30 0.269927 1.263167 0.280808 0.909204 2.037142
12 1 46 31 0.199071 1.135864 0.241467 0.971531 1.621471
4 1 48 38 0.306065 1.416408 0.225471 1.149247 1.830795
22 22
16 1 56 30 0.257215 1.062067 0.412806 0.776419 1.597357
0 1 51 33 0.263666 1.139366 0.369120 0.799817 3.137182
9 1 43 22 0.327766 1.067798 0.198710 0.913535 0.819392
19 1 47 21 0.263876 1.166418 0.292920 0.725225 1.099947
12 1 46 25 0.275309 1.206114 0.181088 0.848104 1.440115
19 1 47 21 0.263876 1.166418 0.292920 0.725225 1.099947
16 1 56 30 0.257215 1.062067 0.412806 0.776419 1.597357
0 1 51 33 0.263666 1.139366 0.369120 0.799817 3.137182
24 9
6 1 61 21 0.299207 2.072212 0.033336 0.415183 3.364539
3 0 0 0 0.000000 0.000000 0.000000 0.000000 2.062878
3 0 0 0 0.000000 0.000000 0.000000 0.000000 2.062878
5 0 0 0 0.000000 0.000000 0.000000 0.000000 5.309221
6 1 61 21 0.299207 2.072212 0.033336 0.415183 3.364539
5 0 0 0 0.000000 0.000000 0.000000 0.000000 5.309221
6 1 61 21 0.299207 2.072212 0.033336 0.415183 3.364539
3 0 0 0 0.000000 0.000000 0.000000 0.000000 2.062878
25 8
4 1 49 30 0.314356 1.932415 0.196554 0.483810 2.652035
0 1 57 28 0.332651 2.219810 0.341750 0.423343 2.073542
2 1 77 67 0.394243 2.106001 0.530443 0.520718 2.496520
7 1 48 20 0.262848 1.804925 0.318604 0.385777 0.449736
2 1 77 67 0.394243 2.106001 0.530443 0.520718 2.496520
7 1 48 20 0.262848 1.804925 0.318604 0.385777 0.449736
4 1 49 30 0.314356 1.932415 0.196554 0.483810 2.652035
6 1 57 43 0.238838 1.976743 0.715861 0.506207 1.372055
29 22
9 1 46 24 0.231517 1.137425 0.369290 0.389904 1.263353
18 1 51 41 0.290013 1.083037 0.155653 0.620038 1.533633
21 1 43 22 0.236182 0.968847 0.388601 0.395844 1.260844
18 1 51 41 0.290013 1.083037 0.155653 0.620038 1.533633
9 1 46 24 0.231517 1.137425 0.369290 0.389904 1.263353
18 1 51 41 0.290013 1.083037 0.155653 0.620038 1.533633
9 1 46 24 0.231517 1.137425 0.369290 0.389904 1.263353
18 1 51 41 0.290013 1.083037 0.155653 0.620038 1.533633
30 17
12 1 43 22 0.257600 1.198799 0.186156 0.382092 5.560511
0 1 58 62 0.263215 1.037800 0.824136 0.876335 1.096831
12 1 43 22 0.257600 1.198799 0.186156 0.382092 5.560511
14 1 48 27 0.269674 1.114045 0.222588 0.480359 1.015579
12 1 43 22 0.257600 1.198799 0.186156 0.382092 5.560511
0 1 58 62 0.263215 1.037800 0.824136 0.876335 1.096831
12 1 43 22 0.257600 1.198799 0.186156 0.382092 5.560511
0 1 58 62 0.263215 1.037800 0.824136 0.876335 1.096831
32 17
12 1 51 16 0.238689 2.084589 0.290515 0.442727 1.830524
9 0 0 0 0.000000 0.000000 0.000000 0.000000 10.584531
10 1 52 18 0.313825 1.904150 0.355765 0.293922 5.737842
16 1 49 18 0.260316 2.075618 0.248562 0.427159 0.660251
8 1 54 21 0.252676 1.907275 0.157053 0.455718 4.954369
2 1 49 21 0.290648 1.826259 0.394942 0.450182 3.104138
12 1 51 16 0.238689 2.084589 0.290515 0.442727 1.830524
9 0 0 0 0.000000 0.000000 0.000000 0.000000 10.584531
33 11
8 1 47 18 0.259274 1.812804 0.244300 0.400914 1.615919
0 1 61 21 0.231698 1.956278 0.178204 0.376964 1.128435
4 1 54 21 0.278186 1.865271 0.471217 0.399179 1.707324
9 1 48 25 0.233482 1.904167 0.342725 0.264789 1.181997
4 1 54 21 0.278186 1.865271 0.471217 0.399179 1.707324
0 1 61 21 0.231698 1.956278 0.178204 0.376964 1.128435
8 1 47 18 0.259274 1.812804 0.244300 0.400914 1.615919
0 1 61 21 0.231698 1.956278 0.178204 0.376964 1.128435
35 24
10 1 48 19 0.272917 1.440040 0.412739 0.263722 0.681105
15 1 54 19 0.315610 2.203528 0.200782 0.170836 2.879859
10 1 48 19 0.272917 1.440040 0.412739 0.263722 0.681105
20 0 0 0 0.000000 0.000000 0.000000 0.000000 11.116213
10 1 48 19 0.272917 1.440040 0.412739 0.263722 0.681105
20 0 0 0 0.000000 0.000000 0.000000 0.000000 11.116213
10 1 48 19 0.272917 1.440040 0.412739 0.263722 0.681105
15 1 54 19 0.315610 2.203528 0.200782 0.170836 2.879859
37 26
9 1 47 25 0.329598 1.135197 0.277258 0.508828 1.224131
22 1 52 22 0.401567 1.321520 0.265646 0.535815 1.645385
9 1 47 25 0.329598 1.135197 0.277258 0.508828 1.224131
22 1 52 22 0.401567 1.321520 0.265646 0.535815 1.645385
9 1 47 25 0.329598 1.135197 0.277258 0.508828 1.224131
22 1 52 22 0.401567 1.321520 0.265646 0.535815 1.645385
9 1 47 25 0.329598 1.135197 0.277258 0.508828 1.224131
22 1 52 22 0.401567 1.321520 0.265646 0.535815 1.645385
38 22
16 1 45 28 0.263892 1.079735 0.215257 0.537225 10.440201
19 1 45 32 0.239422 1.329125 0.321814 0.548105 0.528021
9 1 49 23 0.267276 1.283892 0.279073 0.423359 1.271801
19 1 45 32 0.239422 1.329125 0.321814 0.548105 0.528021
12 1 45 18 0.270705 1.070704 0.349648 0.380927 0.608917
19 1 45 32 0.239422 1.329125 0.321814 0.548105 0.528021
16 1 45 28 0.263892 1.079735 0.215257 0.537225 10.440201
19 1 45 32 0.239422 1.329125 0.321814 0.548105 0.528021
40 21
9 1 55 19 0.268884 1.864608 0.321582 0.392398 1.131452
0 1 61 24 0.258252 1.778337 0.179767 0.424078 1.178581
8 1 56 20 0.304263 1.952570 0.393735 0.441938 0.956319
19 1 46 18 0.291662 1.781931 0.320821 0.442413 1.017546
8 1 56 20 0.304263 1.952570 0.393735 0.441938 0.956319
3 1 54 21 0.255264 1.850334 0.141705 0.571664 1.310039
9 1 55 19 0.268884 1.864608 0.321582 0.392398 1.131452
0 1 61 24 0.258252 1.778337 0.179767 0.424078 1.178581
41 16
9 1 45 19 0.246948 1.799157 0.347591 0.464899 0.827121
0 1 58 25 0.189463 1.887255 0.534944 0.329266 2.006029
12 1 43 16 0.253208 1.826993 0.100551 0.305568 1.703049
15 1 43 23 0.231783 1.817106 0.404171 0.467432 0.911346
12 1 43 16 0.253208 1.826993 0.100551 0.305568 1.703049
3 1 56 13 0.270513 1.837921 0.321451 0.291688 1.752467
9 1 45 19 0.246948 1.799157 0.347591 0.464899 0.827121
0 1 58 25 0.189463 1.887255 0.534944 0.329266 2.006029
43 28
11 1 49 24 0.242975 1.617100 0.202235 0.462380 0.714444
0 1 48 24 0.393257 1.930457 0.324176 0.392195 2.460692
10 1 54 31 0.303914 1.632844 0.279299 0.382791 2.102926
23 0 0 0 0.000000 0.000000 0.000000 0.000000 11.155233
11 1 49 24 0.242975 1.617100 0.202235 0.462380 0.714444
23 0 0 0 0.000000 0.000000 0.000000 0.000000 11.155233
11 1 49 24 0.242975 1.617100 0.202235 0.462380 0.714444
0 1 48 24 0.393257 1.930457 0.324176 0.392195 2.460692
44 28
10 1 44 25 0.230683 1.396762 0.071123 0.234335 1.110346
22 0 0 0 0.000000 0.000000 0.000000 0.000000 0.001131
10 1 44 25 0.230683 1.396762 0.071123 0.234335 1.110346
22 0 0 0 0.000000 0.000000 0.000000 0.000000 0.001131
10 1 44 25 0.230683 1.396762 0.071123 0.234335 1.110346
22 0 0 0 0.000000 0.000000 0.000000 0.000000 0.001131
10 1 44 25 0.230683 1.396762 0.071123 0.234335 1.110346
22 0 0 0 0.000000 0.000000 0.000000 0.000000 0.001131
45 31
13 1 45 25 0.237956 1.094998 0.338347 0.597784 0.984060
4 0 0 0 0.000000 0.000000 0.000000 0.000000 1.164905
13 1 45 25 0.237956 1.094998 0.338347 0.597784 0.984060
27 1 51 26 0.256224 1.111953 0.464220 0.477206 1.691476
13 1 45 25 0.237956 1.094998 0.338347 0.597784 0.984060
27 1 51 26 0.256224 1.111953 0.464220 0.477206 1.691476
13 1 45 25 0.237956 1.094998 0.338347 0.597784 0.984060
4 0 0 0 0.000000 0.000000 0.000000 0.000000 1.164905
46 22
16 1 51 20 0.270067 1.157431 0.488232 0.430966 0.942326
0 1 52 58 0.251407 1.088800 0.575641 0.756344 1.342736
9 1 52 25 0.285278 1.311479 0.216393 0.564586 0.931888
19 1 43 26 0.254331 1.285009 0.542482 0.517408 1.397160
12 1 43 26 0.247543 1.178373 0.442701 0.540481 0.784821
19 1 43 26 0.254331 1.285009 0.542482 0.517408 1.397160
16 1 51 20 0.270067 1.157431 0.488232 0.430966 0.942326
0 1 52 58 0.251407 1.088800 0.575641 0.756344 1.342736
48 21
9 1 44 25 0.264382 1.844127 0.201556 0.916438 1.077114
0 1 58 30 0.288360 1.931592 0.408312 0.604125 1.917715
5 0 0 0 0.000000 0.000000 0.000000 0.000000 1.670822
20 1 45 25 0.252802 1.825188 0.180531 0.929089 0.746676
1 0 0 0 0.000000 0.000000 0.000000 0.000000 1.473793
4 1 46 25 0.245652 1.841834 0.179893 0.901214 1.574644
9 1 44 25 0.264382 1.844127 0.201556 0.916438 1.077114
0 1 58 30 0.288360 1.931592 0.408312 0.604125 1.917715
49 15
8 1 43 23 0.247613 1.817757 0.001074 0.901353 0.550640
0 1 58 32 0.272978 1.874724 0.437754 0.627464 1.032963
9 1 49 36 0.236668 1.937838 0.435018 0.927824 1.806164
14 1 42 25 0.239826 1.806527 0.199391 0.909694 0.786642
9 1 49 36 0.236668 1.937838 0.435018 0.927824 1.806164
0 1 58 32 0.272978 1.874724 0.437754 0.627464 1.032963
8 1 43 23 0.247613 1.817757 0.001074 0.901353 0.550640
0 1 58 32 0.272978 1.874724 0.437754 0.627464 1.032963
51 27
11 1 48 19 0.265834 1.548618 0.321746 0.514634 1.659781
26 1 60 18 0.291317 1.348839 0.217213 0.383082 0.943213
8 1 54 20 0.399720 1.852895 0.191753 0.417676 5.122380
26 1 60 18 0.291317 1.348839 0.217213 0.383082 0.943213
5 1 53 15 0.417394 1.411475 0.174149 0.331074 1.684608
26 1 60 18 0.291317 1.348839 0.217213 0.383082 0.943213
11 1 48 19 0.265834 1.548618 0.321746 0.514634 1.659781
26 1 60 18 0.291317 1.348839 0.217213 0.383082 0.943213
52 26
9 1 51 24 0.276592 1.458893 0.394629 0.540267 1.563352
20 0 0 0 0.000000 0.000000 0.000000 0.000000 0.001270
6 1 59 18 0.241564 1.677632 0.286117 0.427727 3.221148
25 1 42 19 0.253770 1.356851 0.234865 0.538136 0.657326
13 1 51 27 0.230807 1.757475 0.351718 0.540239 1.023903
21 1 61 20 0.284143 1.761927 0.176658 0.528441 1.221492
9 1 51 24 0.276592 1.458893 0.394629 0.540267 1.563352
20 0 0 0 0.000000 0.000000 0.000000 0.000000 0.001270
53 14
5 1 44 20 0.258186 1.496271 0.243115 0.651281 1.041227
0 1 46 23 0.229830 1.605670 0.189261 0.686841 0.745425
2 1 47 24 0.249137 1.670092 0.344431 0.612005 2.363613
10 1 46 27 0.350810 1.606944 0.507456 0.654917 1.173671
8 1 45 28 0.259468 1.464840 0.478816 0.644893 0.924719
10 1 46 27 0.350810 1.606944 0.507456 0.654917 1.173671
5 1 44 20 0.258186 1.496271 0.243115 0.651281 1.041227
0 1 46 23 0.229830 1.605670 0.189261 0.686841 0.745425
56 21
9 1 45 25 0.255204 1.836768 0.250890 0.757513 0.746955
0 1 59 26 0.306749 1.936118 0.182714 0.711547 2.531451
5 0 0 0 0.000000 0.000000 0.000000 0.000000 1.982931
20 1 50 26 0.258820 1.948494 0.230353 0.969715 1.496529
1 1 60 44 0.289029 1.871452 0.689259 0.840261 1.356246
4 1 45 27 0.236964 1.829680 0.384719 0.705848 1.568845
9 1 45 25 0.255204 1.836768 0.250890 0.757513 0.746955
0 1 59 26 0.306749 1.936118 0.182714 0.711547 2.531451
57 15
8 1 43 20 0.247614 1.817757 0.225524 0.747964 1.137556
0 0 0 0 0.000000 0.000000 0.000000 0.000000 1.274669
3 1 56 26 0.300161 1.985063 0.284987 0.720557 0.644131
14 1 42 25 0.248257 1.803165 0.345788 0.745532 0.599443
9 0 0 0 0.000000 0.000000 0.000000 0.000000 23.838204
0 0 0 0 0.000000 0.000000 0.000000 0.000000 1.274669
8 1 43 20 0.247614 1.817757 0.225524 0.747964 1.137556
0 0 0 0 0.000000 0.000000 0.000000 0.000000 1.274669
59 28
11 1 50 26 0.250864 1.736741 0.124716 0.569877 0.747525
0 1 48 26 0.220740 2.076056 0.257947 0.578444 1.737290
8 1 55 20 0.285485 2.056752 0.103870 0.521405 27.413577
27 1 51 20 0.304021 1.523821 0.003883 0.579105 0.766914
5 1 50 26 0.256560 1.434928 0.446834 0.385757 1.753786
27 1 51 20 0.304021 1.523821 0.003883 0.579105 0.766914
11 1 50 26 0.250864 1.736741 0.124716 0.569877 0.747525
0 1 48 26 0.220740 2.076056 0.257947 0.578444 1.737290
60 24
12 1 47 21 0.250496 1.676039 0.210655 0.586823 1.612260
18 0 0 0 0.000000 0.000000 0.000000 0.000000 0.001172
4 1 63 21 0.260725 1.809380 0.369246 0.404065 3.513799
18 0 0 0 0.000000 0.000000 0.000000 0.000000 0.001172
5 1 56 24 0.390784 1.721545 0.498258 0.462982 1.133440
18 0 0 0 0.000000 0.000000 0.000000 0.000000 0.001172
12 1 47 21 0.250496 1.676039 0.210655 0.586823 1.612260
18 0 0 0 0.000000 0.000000 0.000000 0.000000 0.001172
61 16
7 1 59 19 0.307321 1.513936 0.305944 0.556027 1.587804
0 1 46 15 0.196262 1.626155 0.169910 0.567714 1.426280
4 1 49 21 0.307437 1.629473 0.474634 0.425370 1.615499
12 1 47 20 0.272666 1.646129 0.391562 0.550476 1.407439
5 1 58 21 0.279202 1.626686 0.208903 0.409718 1.007437
12 1 47 20 0.272666 1.646129 0.391562 0.550476 1.407439
7 1 59 19 0.307321 1.513936 0.305944 0.556027 1.587804
0 1 46 15 0.196262 1.626155 0.169910 0.567714 1.426280
62 27
11 1 43 29 0.262764 1.124572 0.194074 0.394059 4.265236
13 1 52 15 0.276791 1.185322 0.373550 0.139658 1.036403
11 1 43 29 0.262764 1.124572 0.194074 0.394059 4.265236
23 1 48 31 0.346888 1.325882 0.473035 0.245686 1.553327
11 1 43 29 0.262764 1.124572 0.194074 0.394059 4.265236
23 1 48 31 0.346888 1.325882 0.473035 0.245686 1.553327
11 1 43 29 0.262764 1.124572 0.194074 0.394059 4.265236
13 1 52 15 0.276791 1.185322 0.373550 0.139658 1.036403
64 21
9 1 49 30 0.231574 1.841938 0.523848 0.804234 1.064985
0 1 63 26 0.223332 1.954992 0.304203 0.761191 1.607392
5 0 0 0 0.000000 0.000000 0.000000 0.000000 2.271305
20 1 50 21 0.259961 1.940994 0.209721 0.803789 1.613975
1 1 65 37 0.272568 2.176140 0.720165 0.812585 2.465704
4 1 56 31 0.277034 1.850274 0.230563 1.075420 0.852021
9 1 49 30 0.231574 1.841938 0.523848 0.804234 1.064985
0 1 63 26 0.223332 1.954992 0.304203 0.761191 1.607392
65 14
7 1 43 36 0.247614 1.817757 0.465140 0.895987 1.129755
0 1 58 22 0.221319 1.865933 0.223632 0.770117 1.962422
2 1 61 25 0.274144 1.987075 0.267901 0.752988 8.249730
13 1 42 30 0.239833 1.806527 0.136412 0.920356 0.518288
8 1 56 36 0.350090 1.963994 0.172898 0.945530 23.691139
0 1 58 22 0.221319 1.865933 0.223632 0.770117 1.962422
7 1 43 36 0.247614 1.817757 0.465140 0.895987 1.129755
0 1 58 22 0.221319 1.865933 0.223632 0.770117 1.962422
67 28
11 1 48 27 0.262928 1.633288 0.333871 0.497909 0.933887
0 1 48 40 0.386885 1.898329 0.823002 0.605516 2.299023
8 1 57 32 0.372138 1.830184 0.167906 0.625828 24.634876
27 1 51 27 0.266400 1.638279 0.337805 0.524210 0.995691
5 1 49 41 0.239324 1.486299 0.562926 0.640133 0.663924
27 1 51 27 0.266400 1.638279 0.337805 0.524210 0.995691
11 1 48 27 0.262928 1.633288 0.333871 0.497909 0.933887
0 1 48 40 0.386885 1.898329 0.823002 0.605516 2.299023
68 28
10 1 51 22 0.271128 1.460793 0.208252 0.531009 2.184241
22 0 0 0 0.000000 0.000000 0.000000 0.000000 0.001103
8 1 59 38 0.299834 1.712941 0.311928 0.590688 3.718595
27 1 48 26 0.263042 1.417539 0.398436 0.440629 1.018078
15 1 49 19 0.270283 1.679933 0.191017 0.417605 0.582140
22 0 0 0 0.000000 0.000000 0.000000 0.000000 0.001103
10 1 51 22 0.271128 1.460793 0.208252 0.531009 2.184241
22 0 0 0 0.000000 0.000000 0.000000 0.000000 0.001103
69 16
7 1 44 19 0.261163 1.486353 0.362637 0.485418 0.776551
0 1 46 24 0.205192 1.652764 0.259952 0.529788 0.872254
4 1 47 22 0.360554 1.652446 0.146173 0.562928 1.316604
11 1 44 21 0.259891 1.476766 0.178745 0.513622 0.450939
10 1 47 32 0.343999 1.536481 0.414017 0.516191 1.219440
0 1 46 24 0.205192 1.652764 0.259952 0.529788 0.872254
7 1 44 19 0.261163 1.486353 0.362637 0.485418 0.776551
0 1 46 24 0.205192 1.652764 0.259952 0.529788 0.872254
70 30
12 1 42 28 0.334123 1.097872 0.195284 0.462420 1.161155
4 1 48 43 0.260370 1.428977 0.753131 0.379795 2.440706
12 1 42 28 0.334123 1.097872 0.195284 0.462420 1.161155
26 1 50 24 0.235981 1.148176 0.342559 0.334393 1.191458
12 1 42 28 0.334123 1.097872 0.195284 0.462420 1.161155
26 1 50 24 0.235981 1.148176 0.342559 0.334393 1.191458
12 1 42 28 0.334123 1.097872 0.195284 0.462420 1.161155
4 1 48 43 0.260370 1.428977 0.753131 0.379795 2.440706
71 22
16 1 45 19 0.268981 1.063639 0.350546 0.241073 0.925851
0 1 51 22 0.288882 1.343994 0.469696 0.210028 2.145053
9 1 46 25 0.312159 1.058116 0.322560 0.240285 0.763467
18 1 44 18 0.262858 1.160384 0.293581 0.245992 1.651598
9 1 46 25 0.312159 1.058116 0.322560 0.240285 0.763467
0 1 51 22 0.288882 1.343994 0.469696 0.210028 2.145053
16 1 45 19 0.268981 1.063639 0.350546 0.241073 0.925851
0 1 51 22 0.288882 1.343994 0.469696 0.210028 2.145053
