0 13
2 1 48 14 0.258316 1.792540 0.324069 0.103754 1.729307
12 1 47 21 0.261312 1.883318 0.451513 0.108778 0.861174
2 1 48 14 0.258316 1.792540 0.324069 0.103754 1.729307
12 1 47 21 0.261312 1.883318 0.451513 0.108778 0.861174
2 1 48 14 0.258316 1.792540 0.324069 0.103754 1.729307
12 1 47 21 0.261312 1.883318 0.451513 0.108778 0.861174
2 1 48 14 0.258316 1.792540 0.324069 0.103754 1.729307
12 1 47 21 0.261312 1.883318 0.451513 0.108778 0.861174
1 12
3 1 48 21 0.259185 1.805802 0.247158 0.262714 0.549234
0 0 0 0 0.000000 0.000000 0.000000 0.000000 0.904818
3 1 48 21 0.259185 1.805802 0.247158 0.262714 0.549234
9 1 57 33 0.264729 1.928761 0.205104 0.522344 138.273918
3 1 48 21 0.259185 1.805802 0.247158 0.262714 0.549234
6 1 55 48 0.317156 2.040671 0.367507 0.504508 1.854108
3 1 48 21 0.259185 1.805802 0.247158 0.262714 0.549234
0 0 0 0 0.000000 0.000000 0.000000 0.000000 0.904818
2 31
9 1 59 23 0.293813 1.240080 0.056710 0.468101 1.537238
0 1 54 25 0.342426 1.636416 0.596972 0.262765 11.154471
9 1 59 23 0.293813 1.240080 0.056710 0.468101 1.537238
20 0 0 0 0.000000 0.000000 0.000000 0.000000 5.075871
9 1 59 23 0.293813 1.240080 0.056710 0.468101 1.537238
0 1 54 25 0.342426 1.636416 0.596972 0.262765 11.154471
9 1 59 23 0.293813 1.240080 0.056710 0.468101 1.537238
0 1 54 25 0.342426 1.636416 0.596972 0.262765 11.154471
3 34
13 1 46 24 0.269563 1.424126 0.445440 0.377736 1.131246
19 1 62 42 0.322422 2.336963 0.047056 0.567700 11.156029
8 1 43 20 0.256244 1.366388 0.351724 0.390745 0.609421
30 1 55 41 0.305097 1.819441 0.220853 0.489606 1.405098
13 1 46 24 0.269563 1.424126 0.445440 0.377736 1.131246
19 1 62 42 0.322422 2.336963 0.047056 0.567700 11.156029
13 1 46 24 0.269563 1.424126 0.445440 0.377736 1.131246
19 1 62 42 0.322422 2.336963 0.047056 0.567700 11.156029
4 32
6 1 46 29 0.285311 1.514857 0.426474 0.518747 1.973448
0 0 0 0 0.000000 0.000000 0.000000 0.000000 10.740374
11 1 49 23 0.226465 1.503042 0.246072 0.460157 1.241911
28 1 52 32 0.225670 1.582074 0.168083 0.596663 2.285561
11 1 49 23 0.226465 1.503042 0.246072 0.460157 1.241911
28 1 52 32 0.225670 1.582074 0.168083 0.596663 2.285561
6 1 46 29 0.285311 1.514857 0.426474 0.518747 1.973448
0 0 0 0 0.000000 0.000000 0.000000 0.000000 10.740374
5 47
9 1 53 32 0.389588 1.121662 0.405629 0.822012 1.781573
42 1 54 60 0.253402 1.415658 0.501583 1.084779 1.810471
40 1 45 38 0.261831 1.270355 0.365704 0.902485 1.773406
41 1 49 69 0.241150 1.140359 0.488356 1.002165 7.488188
10 1 42 42 0.243276 1.005956 0.616114 0.900251 1.299494
42 1 54 60 0.253402 1.415658 0.501583 1.084779 1.810471
9 1 53 32 0.389588 1.121662 0.405629 0.822012 1.781573
42 1 54 60 0.253402 1.415658 0.501583 1.084779 1.810471
6 35
18 1 49 28 0.254444 1.015824 0.406094 0.819841 1.253136
1 1 47 30 0.249311 1.244578 0.534479 0.757403 0.899222
18 1 49 28 0.254444 1.015824 0.406094 0.819841 1.253136
30 1 48 49 0.259238 1.101039 0.283695 0.996366 1.977844
8 1 46 27 0.238028 1.130019 0.242710 0.962485 1.302398
30 1 48 49 0.259238 1.101039 0.283695 0.996366 1.977844
18 1 49 28 0.254444 1.015824 0.406094 0.819841 1.253136
1 1 47 30 0.249311 1.244578 0.534479 0.757403 0.899222
7 6
1 1 48 36 0.205554 1.140523 0.283787 0.873748 0.448112
0 1 54 33 0.263093 1.197325 0.234263 0.888873 22.421855
1 1 48 36 0.205554 1.140523 0.283787 0.873748 0.448112
4 1 51 36 0.278909 1.168458 0.286921 0.920402 0.979620
1 1 48 36 0.205554 1.140523 0.283787 0.873748 0.448112
0 1 54 33 0.263093 1.197325 0.234263 0.888873 22.421855
1 1 48 36 0.205554 1.140523 0.283787 0.873748 0.448112
0 1 54 33 0.263093 1.197325 0.234263 0.888873 22.421855
8 19
5 1 52 13 0.265885 1.668967 0.187253 0.149456 0.873499
0 1 55 19 0.250111 1.929061 0.315757 0.235505 2.282098
5 1 52 13 0.265885 1.668967 0.187253 0.149456 0.873499
17 1 50 17 0.250593 2.229472 0.297759 0.133269 0.792589
5 1 52 13 0.265885 1.668967 0.187253 0.149456 0.873499
0 1 55 19 0.250111 1.929061 0.315757 0.235505 2.282098
5 1 52 13 0.265885 1.668967 0.187253 0.149456 0.873499
0 1 55 19 0.250111 1.929061 0.315757 0.235505 2.282098
9 11
2 1 48 17 0.263307 1.800106 0.253955 0.109310 1.272453
5 1 53 23 0.384157 1.936923 0.407703 0.228992 1.524469
2 1 48 17 0.263307 1.800106 0.253955 0.109310 1.272453
8 1 53 28 0.349948 1.960773 0.417442 0.238191 1.266009
2 1 48 17 0.263307 1.800106 0.253955 0.109310 1.272453
8 1 53 28 0.349948 1.960773 0.417442 0.238191 1.266009
2 1 48 17 0.263307 1.800106 0.253955 0.109310 1.272453
5 1 53 23 0.384157 1.936923 0.407703 0.228992 1.524469
10 31
9 1 52 26 0.268666 1.431681 0.219533 0.506101 0.691270
0 1 52 24 0.371935 1.790552 0.487912 0.322197 3.955183
9 1 52 26 0.268666 1.431681 0.219533 0.506101 0.691270
20 0 0 0 0.000000 0.000000 0.000000 0.000000 1.225786
9 1 52 26 0.268666 1.431681 0.219533 0.506101 0.691270
0 1 52 24 0.371935 1.790552 0.487912 0.322197 3.955183
9 1 52 26 0.268666 1.431681 0.219533 0.506101 0.691270
0 1 52 24 0.371935 1.790552 0.487912 0.322197 3.955183
11 34
13 1 48 20 0.257327 1.412243 0.303633 0.371409 1.006509
19 1 62 13 0.232518 1.752999 0.274304 0.268622 4.243269
8 1 43 24 0.256244 1.366388 0.268847 0.387929 0.792668
30 1 61 20 0.270343 1.823786 0.419942 0.397287 1.616672
13 1 48 20 0.257327 1.412243 0.303633 0.371409 1.006509
19 1 62 13 0.232518 1.752999 0.274304 0.268622 4.243269
13 1 48 20 0.257327 1.412243 0.303633 0.371409 1.006509
19 1 62 13 0.232518 1.752999 0.274304 0.268622 4.243269
12 32
6 1 52 35 0.292606 1.475483 0.434674 0.367862 1.860252
0 0 0 0 0.000000 0.000000 0.000000 0.000000 5.158995
11 1 43 23 0.253829 1.453800 0.385903 0.374771 0.759704
28 1 58 21 0.210712 1.595580 0.385273 0.325533 1.195085
11 1 43 23 0.253829 1.453800 0.385903 0.374771 0.759704
28 1 58 21 0.210712 1.595580 0.385273 0.325533 1.195085
6 1 52 35 0.292606 1.475483 0.434674 0.367862 1.860252
0 0 0 0 0.000000 0.000000 0.000000 0.000000 5.158995
13 47
9 1 43 40 0.247223 1.042189 0.694356 0.828477 1.298486
42 1 51 28 0.284290 1.077765 0.471790 0.758599 1.075891
40 1 44 58 0.266609 1.247888 0.685184 0.840668 1.473330
42 1 51 28 0.284290 1.077765 0.471790 0.758599 1.075891
10 1 42 34 0.243276 1.005956 0.213589 0.814316 2.132716
42 1 51 28 0.284290 1.077765 0.471790 0.758599 1.075891
9 1 43 40 0.247223 1.042189 0.694356 0.828477 1.298486
42 1 51 28 0.284290 1.077765 0.471790 0.758599 1.075891
14 35
18 1 49 25 0.279280 1.031761 0.464935 0.799242 4.398926
1 1 46 31 0.258701 1.040216 0.385975 0.766542 0.899911
8 1 48 36 0.301731 1.192382 0.605180 0.834961 1.468458
31 1 47 33 0.226076 1.264696 0.161380 0.851504 1.607052
8 1 48 36 0.301731 1.192382 0.605180 0.834961 1.468458
30 1 50 28 0.268464 1.098734 0.202949 0.708510 1.147851
18 1 49 25 0.279280 1.031761 0.464935 0.799242 4.398926
1 1 46 31 0.258701 1.040216 0.385975 0.766542 0.899911
15 6
1 1 46 24 0.282979 1.115763 0.399981 0.763818 0.539514
0 1 54 25 0.304902 1.562861 0.211375 0.932826 1.405669
1 1 46 24 0.282979 1.115763 0.399981 0.763818 0.539514
4 1 49 25 0.222281 1.156378 0.343506 0.989109 1.266537
1 1 46 24 0.282979 1.115763 0.399981 0.763818 0.539514
0 1 54 25 0.304902 1.562861 0.211375 0.932826 1.405669
1 1 46 24 0.282979 1.115763 0.399981 0.763818 0.539514
0 1 54 25 0.304902 1.562861 0.211375 0.932826 1.405669
16 20
6 1 45 28 0.254444 1.770108 0.216278 0.356280 1.092677
0 1 58 29 0.235916 1.893329 0.287674 0.335287 1.156273
6 1 45 28 0.254444 1.770108 0.216278 0.356280 1.092677
18 1 48 25 0.271292 2.052722 0.455732 0.312194 0.619018
6 1 45 28 0.254444 1.770108 0.216278 0.356280 1.092677
18 1 48 25 0.271292 2.052722 0.455732 0.312194 0.619018
6 1 45 28 0.254444 1.770108 0.216278 0.356280 1.092677
0 1 58 29 0.235916 1.893329 0.287674 0.335287 1.156273
17 16
5 1 45 15 0.251508 1.792890 0.147902 0.245711 0.898336
1 0 0 0 0.000000 0.000000 0.000000 0.000000 10.672067
5 1 45 15 0.251508 1.792890 0.147902 0.245711 0.898336
15 1 47 17 0.265581 1.860142 0.433246 0.196903 0.589362
5 1 45 15 0.251508 1.792890 0.147902 0.245711 0.898336
1 0 0 0 0.000000 0.000000 0.000000 0.000000 10.672067
5 1 45 15 0.251508 1.792890 0.147902 0.245711 0.898336
1 0 0 0 0.000000 0.000000 0.000000 0.000000 10.672067
18 31
9 1 49 32 0.260499 1.556948 0.300576 0.532253 1.172846
0 1 52 28 0.341171 1.989092 0.311662 0.651742 5.167917
9 1 49 32 0.260499 1.556948 0.300576 0.532253 1.172846
20 0 0 0 0.000000 0.000000 0.000000 0.000000 6.153257
9 1 49 32 0.260499 1.556948 0.300576 0.532253 1.172846
0 1 52 28 0.341171 1.989092 0.311662 0.651742 5.167917
9 1 49 32 0.260499 1.556948 0.300576 0.532253 1.172846
0 1 52 28 0.341171 1.989092 0.311662 0.651742 5.167917
19 34
13 1 46 29 0.258332 1.602850 0.209146 0.414203 0.658289
19 1 60 23 0.316589 1.651784 0.363084 0.335896 10.712640
8 1 45 26 0.251002 1.356736 0.214124 0.610947 0.549062
30 1 60 25 0.217299 1.734438 0.288947 0.518282 1.934807
13 1 46 29 0.258332 1.602850 0.209146 0.414203 0.658289
19 1 60 23 0.316589 1.651784 0.363084 0.335896 10.712640
13 1 46 29 0.258332 1.602850 0.209146 0.414203 0.658289
19 1 60 23 0.316589 1.651784 0.363084 0.335896 10.712640
20 32
6 1 57 22 0.267263 1.569391 0.437056 0.271720 1.955608
0 0 0 0 0.000000 0.000000 0.000000 0.000000 11.126091
11 1 48 20 0.239981 1.503382 0.129327 0.483134 0.604152
28 1 60 13 0.283757 1.610911 0.326926 0.277421 1.679539
11 1 48 20 0.239981 1.503382 0.129327 0.483134 0.604152
28 1 60 13 0.283757 1.610911 0.326926 0.277421 1.679539
6 1 57 22 0.267263 1.569391 0.437056 0.271720 1.955608
0 0 0 0 0.000000 0.000000 0.000000 0.000000 11.126091
21 47
9 1 42 38 0.237008 1.048803 0.368913 0.863586 1.849577
42 1 49 25 0.228074 1.296229 0.197144 0.922015 0.993420
40 1 45 45 0.263612 1.274509 0.520119 1.154408 1.613584
42 1 49 25 0.228074 1.296229 0.197144 0.922015 0.993420
10 1 43 44 0.245608 1.003146 0.363622 0.915061 1.333872
42 1 49 25 0.228074 1.296229 0.197144 0.922015 0.993420
9 1 42 38 0.237008 1.048803 0.368913 0.863586 1.849577
42 1 49 25 0.228074 1.296229 0.197144 0.922015 0.993420
22 35
18 1 49 24 0.257490 1.036183 0.285364 0.861472 1.135938
1 1 61 29 0.298569 1.144233 0.459990 0.826943 1.661949
8 1 49 25 0.267479 1.043282 0.125823 0.887859 1.827899
31 1 48 22 0.222859 1.253221 0.333028 0.732982 1.306454
8 1 49 25 0.267479 1.043282 0.125823 0.887859 1.827899
30 1 45 23 0.239783 1.159307 0.337191 0.719074 1.465318
18 1 49 24 0.257490 1.036183 0.285364 0.861472 1.135938
1 1 61 29 0.298569 1.144233 0.459990 0.826943 1.661949
23 6
1 1 46 19 0.305205 1.126285 0.203941 0.833208 0.726235
0 1 47 21 0.254784 1.204019 0.195766 0.884344 2.217257
1 1 46 19 0.305205 1.126285 0.203941 0.833208 0.726235
4 1 50 22 0.275891 1.161445 0.349971 0.691761 0.531938
1 1 46 19 0.305205 1.126285 0.203941 0.833208 0.726235
0 1 47 21 0.254784 1.204019 0.195766 0.884344 2.217257
1 1 46 19 0.305205 1.126285 0.203941 0.833208 0.726235
0 1 47 21 0.254784 1.204019 0.195766 0.884344 2.217257
24 15
9 1 51 23 0.242418 2.189837 0.244260 0.412333 0.795052
0 1 53 28 0.335096 2.144945 0.255117 0.428409 10.709979
1 1 63 29 0.387607 2.069278 0.538863 0.410685 10.413082
14 1 49 24 0.263073 1.946155 0.407867 0.358733 1.569045
2 1 55 30 0.303865 1.870448 0.614104 0.422641 6.528170
8 1 46 19 0.251593 1.778481 0.217720 0.370408 0.568046
9 1 51 23 0.242418 2.189837 0.244260 0.412333 0.795052
0 1 53 28 0.335096 2.144945 0.255117 0.428409 10.709979
25 14
7 1 43 25 0.242610 1.775679 0.222535 0.451752 0.683456
2 1 58 25 0.250638 1.909618 0.201139 0.505223 1.116046
2 1 58 25 0.250638 1.909618 0.201139 0.505223 1.116046
1 1 59 52 0.302456 2.132211 0.651186 0.540618 10.455288
7 1 43 25 0.242610 1.775679 0.222535 0.451752 0.683456
0 0 0 0 0.000000 0.000000 0.000000 0.000000 10.545674
7 1 43 25 0.242610 1.775679 0.222535 0.451752 0.683456
2 1 58 25 0.250638 1.909618 0.201139 0.505223 1.116046
26 12
3 1 48 43 0.259185 1.805802 0.627410 0.508786 0.585274
0 1 56 52 0.341941 1.993182 0.393795 0.671733 1.546172
3 1 48 43 0.259185 1.805802 0.627410 0.508786 0.585274
9 1 57 39 0.403536 1.989410 0.173468 0.755847 2.762485
3 1 48 43 0.259185 1.805802 0.627410 0.508786 0.585274
9 1 57 39 0.403536 1.989410 0.173468 0.755847 2.762485
3 1 48 43 0.259185 1.805802 0.627410 0.508786 0.585274
0 1 56 52 0.341941 1.993182 0.393795 0.671733 1.546172
27 22
1 1 45 14 0.270891 1.462959 0.411170 0.116903 0.578992
11 1 46 22 0.247218 1.350330 0.371613 0.092690 1.300946
0 1 52 15 0.258850 1.431491 0.374396 0.155522 1.661707
18 1 60 35 0.247013 1.766926 0.187565 0.291921 2.160861
1 1 45 14 0.270891 1.462959 0.411170 0.116903 0.578992
7 1 66 47 0.308450 2.003841 0.158057 0.499935 10.604101
1 1 45 14 0.270891 1.462959 0.411170 0.116903 0.578992
11 1 46 22 0.247218 1.350330 0.371613 0.092690 1.300946
28 20
11 1 42 28 0.254235 1.412548 0.444848 0.285111 0.782809
1 1 46 50 0.315608 1.676786 0.606680 0.368252 4.328932
0 0 0 0 0.000000 0.000000 0.000000 0.000000 0.399234
16 1 53 44 0.271265 1.608835 0.645891 0.553771 0.950916
4 1 42 23 0.252261 1.442262 0.140450 0.296463 0.565431
16 1 53 44 0.271265 1.608835 0.645891 0.553771 0.950916
11 1 42 28 0.254235 1.412548 0.444848 0.285111 0.782809
1 1 46 50 0.315608 1.676786 0.606680 0.368252 4.328932
29 42
