0 15
4 1 52 7 0.229876 1.886835 0.191500 0.067412 1.571327
0 1 44 24 0.242050 1.831265 0.448886 0.094019 1.292959
4 1 52 7 0.229876 1.886835 0.191500 0.067412 1.571327
2 1 58 39 0.298577 2.018301 0.184744 0.280742 4.799963
4 1 52 7 0.229876 1.886835 0.191500 0.067412 1.571327
2 1 58 39 0.298577 2.018301 0.184744 0.280742 4.799963
4 1 52 7 0.229876 1.886835 0.191500 0.067412 1.571327
0 1 44 24 0.242050 1.831265 0.448886 0.094019 1.292959
1 12
3 1 48 20 0.259185 1.805802 0.331144 0.256930 1.292227
0 1 52 40 0.239950 1.889532 0.609724 0.252408 2.401299
3 1 48 20 0.259185 1.805802 0.331144 0.256930 1.292227
9 1 63 36 0.299405 2.000059 0.268752 0.346238 3.231657
3 1 48 20 0.259185 1.805802 0.331144 0.256930 1.292227
6 1 64 35 0.332798 1.940749 0.434669 0.361012 3.065868
3 1 48 20 0.259185 1.805802 0.331144 0.256930 1.292227
0 1 52 40 0.239950 1.889532 0.609724 0.252408 2.401299
2 32
9 1 50 27 0.218556 1.408945 0.458937 0.337630 1.229958
20 0 0 0 0.000000 0.000000 0.000000 0.000000 1.477658
9 1 50 27 0.218556 1.408945 0.458937 0.337630 1.229958
20 0 0 0 0.000000 0.000000 0.000000 0.000000 1.477658
9 1 50 27 0.218556 1.408945 0.458937 0.337630 1.229958
20 0 0 0 0.000000 0.000000 0.000000 0.000000 1.477658
9 1 50 27 0.218556 1.408945 0.458937 0.337630 1.229958
20 0 0 0 0.000000 0.000000 0.000000 0.000000 1.477658
3 34
13 1 44 15 0.252673 1.326865 0.271812 0.315642 0.615614
19 1 62 45 0.253556 1.720648 0.137655 0.757788 1.095070
8 1 43 18 0.256224 1.366388 0.485869 0.332012 0.885209
30 1 62 32 0.267882 1.848337 0.184576 0.616886 4.132249
13 1 44 15 0.252673 1.326865 0.271812 0.315642 0.615614
19 1 62 45 0.253556 1.720648 0.137655 0.757788 1.095070
13 1 44 15 0.252673 1.326865 0.271812 0.315642 0.615614
19 1 62 45 0.253556 1.720648 0.137655 0.757788 1.095070
4 32
6 1 46 26 0.251764 1.506042 0.221718 0.448018 1.953470
0 1 50 29 0.362212 1.787245 0.198398 0.536815 10.937575
11 1 49 20 0.249219 1.752260 0.364469 0.463240 1.377047
28 1 52 44 0.259776 1.620421 0.143731 0.647995 0.995480
11 1 49 20 0.249219 1.752260 0.364469 0.463240 1.377047
28 1 52 44 0.259776 1.620421 0.143731 0.647995 0.995480
6 1 46 26 0.251764 1.506042 0.221718 0.448018 1.953470
0 1 50 29 0.362212 1.787245 0.198398 0.536815 10.937575
5 46
9 1 42 33 0.247469 0.988341 0.568020 0.744334 1.552387
41 1 52 49 0.327361 1.179713 0.382264 1.164265 1.580186
39 1 44 35 0.267584 1.223733 0.409245 0.910523 5.115136
40 1 51 51 0.313708 1.419903 0.361474 1.053924 10.936239
9 1 42 33 0.247469 0.988341 0.568020 0.744334 1.552387
41 1 52 49 0.327361 1.179713 0.382264 1.164265 1.580186
9 1 42 33 0.247469 0.988341 0.568020 0.744334 1.552387
41 1 52 49 0.327361 1.179713 0.382264 1.164265 1.580186
6 35
18 1 44 25 0.364465 1.028889 0.209335 0.946022 2.955105
1 1 52 28 0.268771 1.206721 0.421499 0.689558 1.314746
18 1 44 25 0.364465 1.028889 0.209335 0.946022 2.955105
30 1 53 52 0.267675 1.577360 0.619989 1.089377 2.776068
8 1 42 22 0.397837 1.002577 0.150329 0.821221 0.742139
30 1 53 52 0.267675 1.577360 0.619989 1.089377 2.776068
18 1 44 25 0.364465 1.028889 0.209335 0.946022 2.955105
1 1 52 28 0.268771 1.206721 0.421499 0.689558 1.314746
7 6
1 1 53 24 0.271501 1.129416 0.219771 0.835974 1.158714
0 1 64 34 0.277425 1.245040 0.237446 0.976710 2.241905
1 1 53 24 0.271501 1.129416 0.219771 0.835974 1.158714
4 1 61 32 0.278071 1.232686 0.045071 0.943181 0.939107
1 1 53 24 0.271501 1.129416 0.219771 0.835974 1.158714
0 1 64 34 0.277425 1.245040 0.237446 0.976710 2.241905
1 1 53 24 0.271501 1.129416 0.219771 0.835974 1.158714
0 1 64 34 0.277425 1.245040 0.237446 0.976710 2.241905
8 20
6 1 56 18 0.260312 1.870084 0.181112 0.323643 1.205151
0 1 59 28 0.242305 1.898828 0.216616 0.369940 2.501725
2 1 59 5 0.374409 1.905926 0.000000 0.119070 2.274115
18 1 51 5 0.247696 2.271694 0.297786 0.135738 1.435904
6 1 56 18 0.260312 1.870084 0.181112 0.323643 1.205151
18 1 51 5 0.247696 2.271694 0.297786 0.135738 1.435904
6 1 56 18 0.260312 1.870084 0.181112 0.323643 1.205151
0 1 59 28 0.242305 1.898828 0.216616 0.369940 2.501725
9 12
3 1 48 13 0.259185 1.805802 0.329378 0.098585 0.508166
0 1 55 20 0.220737 1.866079 0.370079 0.225815 0.617671
3 1 48 13 0.259185 1.805802 0.329378 0.098585 0.508166
9 1 52 25 0.294186 1.943367 0.442071 0.222201 1.489294
3 1 48 13 0.259185 1.805802 0.329378 0.098585 0.508166
6 1 58 20 0.265050 1.933649 0.401071 0.217484 1.969159
3 1 48 13 0.259185 1.805802 0.329378 0.098585 0.508166
0 1 55 20 0.220737 1.866079 0.370079 0.225815 0.617671
10 32
9 1 51 27 0.249152 1.397516 0.203698 0.598981 1.089492
20 0 0 0 0.000000 0.000000 0.000000 0.000000 1.130515
9 1 51 27 0.249152 1.397516 0.203698 0.598981 1.089492
20 0 0 0 0.000000 0.000000 0.000000 0.000000 1.130515
9 1 51 27 0.249152 1.397516 0.203698 0.598981 1.089492
20 0 0 0 0.000000 0.000000 0.000000 0.000000 1.130515
9 1 51 27 0.249152 1.397516 0.203698 0.598981 1.089492
20 0 0 0 0.000000 0.000000 0.000000 0.000000 1.130515
11 34
13 1 43 24 0.255589 1.332216 0.478520 0.392038 1.617120
19 1 63 19 0.293675 1.851438 0.305793 0.376504 1.753593
8 1 43 16 0.256244 1.366388 0.236796 0.352082 0.593277
30 1 56 17 0.263529 1.610248 0.365994 0.218309 1.779320
13 1 43 24 0.255589 1.332216 0.478520 0.392038 1.617120
19 1 63 19 0.293675 1.851438 0.305793 0.376504 1.753593
13 1 43 24 0.255589 1.332216 0.478520 0.392038 1.617120
19 1 63 19 0.293675 1.851438 0.305793 0.376504 1.753593
12 32
6 1 59 21 0.297481 1.679816 0.004646 0.363222 0.845143
0 1 55 23 0.383891 1.665710 0.215883 0.381712 3.708363
11 1 43 15 0.251181 1.463344 0.197968 0.387100 0.612565
28 1 46 20 0.243470 1.582580 0.218900 0.342701 1.690983
11 1 43 15 0.251181 1.463344 0.197968 0.387100 0.612565
28 1 46 20 0.243470 1.582580 0.218900 0.342701 1.690983
6 1 59 21 0.297481 1.679816 0.004646 0.363222 0.845143
0 1 55 23 0.383891 1.665710 0.215883 0.381712 3.708363
13 46
9 1 51 28 0.360630 0.996910 0.354471 0.819284 0.991949
41 1 54 27 0.273845 1.062883 0.216118 1.011035 1.367728
39 1 45 42 0.267496 1.239180 0.704992 0.868559 1.330999
41 1 54 27 0.273845 1.062883 0.216118 1.011035 1.367728
9 1 51 28 0.360630 0.996910 0.354471 0.819284 0.991949
41 1 54 27 0.273845 1.062883 0.216118 1.011035 1.367728
9 1 51 28 0.360630 0.996910 0.354471 0.819284 0.991949
41 1 54 27 0.273845 1.062883 0.216118 1.011035 1.367728
14 35
18 1 41 26 0.217444 0.949415 0.413234 0.758509 0.854589
1 1 45 22 0.254722 1.041366 0.334373 0.701504 1.373902
8 1 47 22 0.252434 1.163934 0.214306 0.754097 1.354360
31 1 46 33 0.229751 1.288381 0.355420 0.869184 0.980841
8 1 47 22 0.252434 1.163934 0.214306 0.754097 1.354360
30 1 46 28 0.214813 1.166815 0.338113 0.854523 1.276577
18 1 41 26 0.217444 0.949415 0.413234 0.758509 0.854589
1 1 45 22 0.254722 1.041366 0.334373 0.701504 1.373902
15 6
1 1 52 22 0.296829 1.136102 0.368840 0.714978 1.048053
0 1 54 22 0.254829 1.207393 0.254996 0.751431 1.095856
1 1 52 22 0.296829 1.136102 0.368840 0.714978 1.048053
4 1 54 26 0.239447 1.226869 0.222317 0.800596 7.659263
1 1 52 22 0.296829 1.136102 0.368840 0.714978 1.048053
0 1 54 22 0.254829 1.207393 0.254996 0.751431 1.095856
1 1 52 22 0.296829 1.136102 0.368840 0.714978 1.048053
0 1 54 22 0.254829 1.207393 0.254996 0.751431 1.095856
16 20
6 1 55 22 0.256430 1.679617 0.191160 0.389207 1.151352
0 1 55 32 0.250774 1.857929 0.325935 0.338153 3.106489
2 1 54 32 0.261186 1.916294 0.400924 0.421879 3.664256
18 1 49 14 0.266633 2.204499 0.209818 0.316723 1.677401
6 1 55 22 0.256430 1.679617 0.191160 0.389207 1.151352
18 1 49 14 0.266633 2.204499 0.209818 0.316723 1.677401
6 1 55 22 0.256430 1.679617 0.191160 0.389207 1.151352
0 1 55 32 0.250774 1.857929 0.325935 0.338153 3.106489
17 16
5 1 41 17 0.242548 1.796338 0.097658 0.164141 1.043938
1 0 0 0 0.000000 0.000000 0.000000 0.000000 17.582453
5 1 41 17 0.242548 1.796338 0.097658 0.164141 1.043938
14 1 45 20 0.248628 1.711639 0.329591 0.131290 2.449407
5 1 41 17 0.242548 1.796338 0.097658 0.164141 1.043938
14 1 45 20 0.248628 1.711639 0.329591 0.131290 2.449407
5 1 41 17 0.242548 1.796338 0.097658 0.164141 1.043938
1 0 0 0 0.000000 0.000000 0.000000 0.000000 17.582453
18 32
9 1 56 30 0.372300 1.326720 0.270460 0.579500 2.470825
20 0 0 0 0.000000 0.000000 0.000000 0.000000 6.345114
9 1 56 30 0.372300 1.326720 0.270460 0.579500 2.470825
20 0 0 0 0.000000 0.000000 0.000000 0.000000 6.345114
9 1 56 30 0.372300 1.326720 0.270460 0.579500 2.470825
20 0 0 0 0.000000 0.000000 0.000000 0.000000 6.345114
9 1 56 30 0.372300 1.326720 0.270460 0.579500 2.470825
20 0 0 0 0.000000 0.000000 0.000000 0.000000 6.345114
19 34
13 1 43 26 0.255589 1.332216 0.386033 0.454109 1.510018
19 1 64 24 0.290944 1.892215 0.495352 0.292033 17.569424
8 1 43 20 0.256244 1.366388 0.155988 0.554221 3.053426
30 1 58 31 0.213775 1.627759 0.437917 0.352511 9.713057
13 1 43 26 0.255589 1.332216 0.386033 0.454109 1.510018
19 1 64 24 0.290944 1.892215 0.495352 0.292033 17.569424
13 1 43 26 0.255589 1.332216 0.386033 0.454109 1.510018
19 1 64 24 0.290944 1.892215 0.495352 0.292033 17.569424
20 32
6 1 46 30 0.291230 1.577509 0.351411 0.415001 3.136266
0 0 0 0 0.000000 0.000000 0.000000 0.000000 17.871664
11 1 43 23 0.251181 1.463344 0.442128 0.425954 1.004131
28 1 51 15 0.256361 1.585425 0.239052 0.248255 2.372227
11 1 43 23 0.251181 1.463344 0.442128 0.425954 1.004131
28 1 51 15 0.256361 1.585425 0.239052 0.248255 2.372227
6 1 46 30 0.291230 1.577509 0.351411 0.415001 3.136266
0 0 0 0 0.000000 0.000000 0.000000 0.000000 17.871664
21 46
9 1 50 34 0.297602 0.990591 0.198616 1.142996 1.665795
41 1 56 26 0.268877 1.090172 0.305532 0.801471 2.021370
39 1 49 56 0.267885 0.780437 0.647219 1.362572 5.108973
41 1 56 26 0.268877 1.090172 0.305532 0.801471 2.021370
9 1 50 34 0.297602 0.990591 0.198616 1.142996 1.665795
41 1 56 26 0.268877 1.090172 0.305532 0.801471 2.021370
9 1 50 34 0.297602 0.990591 0.198616 1.142996 1.665795
41 1 56 26 0.268877 1.090172 0.305532 0.801471 2.021370
22 35
18 1 42 26 0.281065 1.041459 0.271356 0.895617 2.363249
1 1 44 27 0.246766 1.238256 0.220842 0.842822 3.487801
8 1 47 23 0.252435 1.163934 0.206346 0.912811 1.161369
31 1 49 34 0.313906 1.187369 0.545260 0.909238 2.364963
8 1 47 23 0.252435 1.163934 0.206346 0.912811 1.161369
30 1 45 22 0.240314 1.180191 0.238170 0.721970 1.561442
18 1 42 26 0.281065 1.041459 0.271356 0.895617 2.363249
1 1 44 27 0.246766 1.238256 0.220842 0.842822 3.487801
23 6
1 1 49 25 0.251521 1.089591 0.410447 0.809064 1.932147
0 1 51 36 0.346020 1.180807 0.509209 0.789789 3.262611
1 1 49 25 0.251521 1.089591 0.410447 0.809064 1.932147
4 1 63 25 0.277925 1.286455 0.442309 0.746791 3.174705
1 1 49 25 0.251521 1.089591 0.410447 0.809064 1.932147
0 1 51 36 0.346020 1.180807 0.509209 0.789789 3.262611
1 1 49 25 0.251521 1.089591 0.410447 0.809064 1.932147
0 1 51 36 0.346020 1.180807 0.509209 0.789789 3.262611
24 18
5 1 49 21 0.249330 1.788540 0.467908 0.392302 1.584877
0 1 56 17 0.372223 2.215041 0.234433 0.360393 5.129693
1 1 59 18 0.271052 1.836509 0.112035 0.425314 3.471047
17 1 49 18 0.252580 1.712903 0.119279 0.399470 1.307577
1 1 59 18 0.271052 1.836509 0.112035 0.425314 3.471047
17 1 49 18 0.252580 1.712903 0.119279 0.399470 1.307577
5 1 49 21 0.249330 1.788540 0.467908 0.392302 1.584877
0 1 56 17 0.372223 2.215041 0.234433 0.360393 5.129693
25 15
4 1 48 22 0.258316 1.792540 0.225794 0.475656 1.110266
1 1 44 21 0.256047 1.795238 0.025210 0.450108 2.066877
1 1 44 21 0.256047 1.795238 0.025210 0.450108 2.066877
14 1 48 20 0.235596 2.001644 0.237761 0.349817 2.831148
3 1 53 22 0.273418 1.824235 0.251597 0.452126 2.328229
14 1 48 20 0.235596 2.001644 0.237761 0.349817 2.831148
4 1 48 22 0.258316 1.792540 0.225794 0.475656 1.110266
1 1 44 21 0.256047 1.795238 0.025210 0.450108 2.066877
26 12
3 1 48 37 0.259185 1.805802 0.512255 0.563685 1.589749
0 1 55 42 0.328463 2.010065 0.531627 0.535625 3.110990
3 1 48 37 0.259185 1.805802 0.512255 0.563685 1.589749
10 1 57 41 0.251640 1.854074 0.337482 0.573324 4.733842
3 1 48 37 0.259185 1.805802 0.512255 0.563685 1.589749
9 1 63 52 0.314434 1.916456 0.681678 0.820009 7.169173
3 1 48 37 0.259185 1.805802 0.512255 0.563685 1.589749
0 1 55 42 0.328463 2.010065 0.531627 0.535625 3.110990
27 30
9 1 45 13 0.248385 1.325278 0.337211 0.124218 1.771304
15 1 64 51 0.277929 1.828533 0.241596 0.954339 4.818938
4 1 43 17 0.256244 1.366388 0.364595 0.173565 1.005455
26 1 60 7 0.250670 1.675488 0.148597 0.081460 11.635660
9 1 45 13 0.248385 1.325278 0.337211 0.124218 1.771304
15 1 64 51 0.277929 1.828533 0.241596 0.954339 4.818938
9 1 45 13 0.248385 1.325278 0.337211 0.124218 1.771304
15 1 64 51 0.277929 1.828533 0.241596 0.954339 4.818938
28 28
7 1 43 22 0.252502 1.458376 0.159692 0.439549 0.835403
0 1 49 46 0.417360 1.724955 0.582367 0.557396 16.044051
7 1 43 22 0.252502 1.458376 0.159692 0.439549 0.835403
24 1 54 45 0.275497 1.586884 0.693805 0.647695 5.772869
7 1 43 22 0.252502 1.458376 0.159692 0.439549 0.835403
24 1 54 45 0.275497 1.586884 0.693805 0.647695 5.772869
7 1 43 22 0.252502 1.458376 0.159692 0.439549 0.835403
0 1 49 46 0.417360 1.724955 0.582367 0.557396 16.044051
29 45
8 1 42 21 0.247493 0.988341 0.384053 0.357909 1.605440
40 1 49 66 0.311684 1.209881 0.404352 0.663575 6.235290
38 1 44 30 0.267585 1.223733 0.501996 0.433917 2.415719
40 1 49 66 0.311684 1.209881 0.404352 0.663575 6.235290
8 1 42 21 0.247493 0.988341 0.384053 0.357909 1.605440
40 1 49 66 0.311684 1.209881 0.404352 0.663575 6.235290
8 1 42 21 0.247493 0.988341 0.384053 0.357909 1.605440
40 1 49 66 0.311684 1.209881 0.404352 0.663575 6.235290
30 35
7 1 44 23 0.248395 1.179916 0.449134 0.344256 1.846092
1 1 61 18 0.309845 1.392992 0.128532 0.372659 1.605663
8 1 44 25 0.249378 1.139889 0.455923 0.361971 2.400252
31 1 46 73 0.231140 1.327657 0.740442 0.976369 4.661199
8 1 44 25 0.249378 1.139889 0.455923 0.361971 2.400252
30 1 48 47 0.241699 1.122246 0.354277 0.540518 7.765228
7 1 44 23 0.248395 1.179916 0.449134 0.344256 1.846092
1 1 61 18 0.309845 1.392992 0.128532 0.372659 1.605663
31 6
1 1 54 32 0.250489 1.141292 0.608095 0.448172 1.725953
0 1 58 69 0.231368 1.181372 0.755707 0.958467 3.649421
1 1 54 32 0.250489 1.141292 0.608095 0.448172 1.725953
4 1 54 53 0.199135 1.189468 0.747748 0.508443 6.979531
1 1 54 32 0.250489 1.141292 0.608095 0.448172 1.725953
0 1 58 69 0.231368 1.181372 0.755707 0.958467 3.649421
1 1 54 32 0.250489 1.141292 0.608095 0.448172 1.725953
0 1 58 69 0.231368 1.181372 0.755707 0.958467 3.649421
32 20
6 1 49 18 0.267844 1.910841 0.359157 0.414950 2.832845
0 1 58 22 0.270297 1.887957 0.187950 0.511049 4.251808
2 1 58 19 0.250448 1.905742 0.383093 0.475274 5.919104
17 1 50 14 0.247178 2.088915 0.390480 0.494525 1.530825
6 1 49 18 0.267844 1.910841 0.359157 0.414950 2.832845
19 1 47 16 0.250304 1.743804 0.294093 0.315429 2.341724
6 1 49 18 0.267844 1.910841 0.359157 0.414950 2.832845
0 1 58 22 0.270297 1.887957 0.187950 0.511049 4.251808
33 16
5 1 41 17 0.223200 1.796808 0.288688 0.392428 0.903272
1 0 0 0 0.000000 0.000000 0.000000 0.000000 17.252091
2 1 45 19 0.230732 1.799035 0.458862 0.258970 2.570306
3 0 0 0 0.000000 0.000000 0.000000 0.000000 17.576033
4 1 48 26 0.282528 1.766976 0.171139 0.456343 1.828726
1 0 0 0 0.000000 0.000000 0.000000 0.000000 17.252091
5 1 41 17 0.223200 1.796808 0.288688 0.392428 0.903272
1 0 0 0 0.000000 0.000000 0.000000 0.000000 17.252091
34 12
3 1 48 21 0.254861 1.810824 0.230419 0.448124 1.968359
0 1 56 24 0.234777 1.864999 0.316786 0.441083 3.410220
3 1 48 21 0.254861 1.810824 0.230419 0.448124 1.968359
9 1 51 19 0.300686 1.920184 0.270796 0.268674 2.757585
3 1 48 21 0.254861 1.810824 0.230419 0.448124 1.968359
9 1 51 19 0.300686 1.920184 0.270796 0.268674 2.757585
3 1 48 21 0.254861 1.810824 0.230419 0.448124 1.968359
0 1 56 24 0.234777 1.864999 0.316786 0.441083 3.410220
35 32
9 1 49 21 0.265891 1.482072 0.478392 0.198602 2.800049
20 0 0 0 0.000000 0.000000 0.000000 0.000000 5.455660
9 1 49 21 0.265891 1.482072 0.478392 0.198602 2.800049
20 0 0 0 0.000000 0.000000 0.000000 0.000000 5.455660
9 1 49 21 0.265891 1.482072 0.478392 0.198602 2.800049
20 0 0 0 0.000000 0.000000 0.000000 0.000000 5.455660
9 1 49 21 0.265891 1.482072 0.478392 0.198602 2.800049
20 0 0 0 0.000000 0.000000 0.000000 0.000000 5.455660
36 28
7 1 43 21 0.251181 1.463344 0.336842 0.120645 1.204110
0 1 51 28 0.341329 1.752292 0.492094 0.257806 11.214404
7 1 43 21 0.251181 1.463344 0.336842 0.120645 1.204110
24 1 47 46 0.356669 1.604828 0.374165 0.397830 8.575040
7 1 43 21 0.251181 1.463344 0.336842 0.120645 1.204110
24 1 47 46 0.356669 1.604828 0.374165 0.397830 8.575040
7 1 43 21 0.251181 1.463344 0.336842 0.120645 1.204110
0 1 51 28 0.341329 1.752292 0.492094 0.257806 11.214404
37 46
9 1 42 24 0.247493 0.988341 0.193451 0.403626 1.135988
41 1 50 21 0.328575 1.189087 0.371612 0.552432 6.788434
39 1 44 23 0.267665 1.223733 0.173793 0.559334 1.687093
41 1 50 21 0.328575 1.189087 0.371612 0.552432 6.788434
9 1 42 24 0.247493 0.988341 0.193451 0.403626 1.135988
41 1 50 21 0.328575 1.189087 0.371612 0.552432 6.788434
9 1 42 24 0.247493 0.988341 0.193451 0.403626 1.135988
41 1 50 21 0.328575 1.189087 0.371612 0.552432 6.788434
38 35
18 1 41 18 0.247291 0.932809 0.371914 0.438303 1.438148
1 1 45 21 0.310823 1.177782 0.323161 0.503192 1.845700
8 1 48 21 0.263301 1.299855 0.405800 0.374470 2.991952
31 1 47 33 0.227059 1.339368 0.269209 0.536634 8.376605
8 1 48 21 0.263301 1.299855 0.405800 0.374470 2.991952
30 1 47 25 0.229219 1.119123 0.410342 0.502527 0.993262
18 1 41 18 0.247291 0.932809 0.371914 0.438303 1.438148
1 1 45 21 0.310823 1.177782 0.323161 0.503192 1.845700
39 6
1 1 48 20 0.300989 1.156897 0.220410 0.360005 2.616916
0 1 48 28 0.249873 1.196602 0.433194 0.542648 3.287627
1 1 48 20 0.300989 1.156897 0.220410 0.360005 2.616916
4 1 46 31 0.261027 1.203626 0.459536 0.526253 8.187141
1 1 48 20 0.300989 1.156897 0.220410 0.360005 2.616916
0 1 48 28 0.249873 1.196602 0.433194 0.542648 3.287627
1 1 48 20 0.300989 1.156897 0.220410 0.360005 2.616916
0 1 48 28 0.249873 1.196602 0.433194 0.542648 3.287627
40 20
6 1 46 23 0.207831 1.776037 0.166417 0.397652 1.503017
0 1 58 17 0.247798 1.886408 0.313237 0.484784 8.880677
6 1 46 23 0.207831 1.776037 0.166417 0.397652 1.503017
18 1 50 11 0.256477 2.251458 0.334579 0.439171 2.975954
6 1 46 23 0.207831 1.776037 0.166417 0.397652 1.503017
18 1 50 11 0.256477 2.251458 0.334579 0.439171 2.975954
6 1 46 23 0.207831 1.776037 0.166417 0.397652 1.503017
0 1 58 17 0.247798 1.886408 0.313237 0.484784 8.880677
41 16
5 1 41 16 0.223199 1.796808 0.234443 0.261970 2.107228
1 0 0 0 0.000000 0.000000 0.000000 0.000000 17.580889
5 1 41 16 0.223199 1.796808 0.234443 0.261970 2.107228
15 1 44 16 0.246065 1.769208 0.421831 0.300729 1.743556
5 1 41 16 0.223199 1.796808 0.234443 0.261970 2.107228
15 1 44 16 0.246065 1.769208 0.421831 0.300729 1.743556
5 1 41 16 0.223199 1.796808 0.234443 0.261970 2.107228
1 0 0 0 0.000000 0.000000 0.000000 0.000000 17.580889
42 12
3 1 49 17 0.264128 1.789002 0.183367 0.300231 1.398635
0 1 56 19 0.237307 1.860511 0.274155 0.401606 3.284282
3 1 49 17 0.264128 1.789002 0.183367 0.300231 1.398635
9 1 51 16 0.275129 1.930944 0.430449 0.235359 3.019890
3 1 49 17 0.264128 1.789002 0.183367 0.300231 1.398635
9 1 51 16 0.275129 1.930944 0.430449 0.235359 3.019890
3 1 49 17 0.264128 1.789002 0.183367 0.300231 1.398635
0 1 56 19 0.237307 1.860511 0.274155 0.401606 3.284282
43 32
9 1 51 26 0.223257 1.313089 0.167013 0.465959 2.028562
20 0 0 0 0.000000 0.000000 0.000000 0.000000 3.757726
9 1 51 26 0.223257 1.313089 0.167013 0.465959 2.028562
31 1 50 27 0.258445 1.259990 0.404575 0.342995 1.319259
9 1 51 26 0.223257 1.313089 0.167013 0.465959 2.028562
20 0 0 0 0.000000 0.000000 0.000000 0.000000 3.757726
9 1 51 26 0.223257 1.313089 0.167013 0.465959 2.028562
20 0 0 0 0.000000 0.000000 0.000000 0.000000 3.757726
44 34
13 1 46 17 0.265983 1.443948 0.395659 0.180788 1.674504
19 1 80 18 0.441898 2.486815 0.188616 0.201081 5.561971
8 1 43 17 0.256244 1.366388 0.338242 0.167997 1.953848
30 1 61 8 0.270343 1.823786 0.246653 0.140247 4.806707
13 1 46 17 0.265983 1.443948 0.395659 0.180788 1.674504
19 1 80 18 0.441898 2.486815 0.188616 0.201081 5.561971
13 1 46 17 0.265983 1.443948 0.395659 0.180788 1.674504
19 1 80 18 0.441898 2.486815 0.188616 0.201081 5.561971
45 46
9 1 42 27 0.247493 0.988341 0.213541 0.744662 0.844707
41 1 53 20 0.267237 1.046477 0.330917 0.478068 2.634025
39 1 48 27 0.379631 0.964776 0.354102 0.661735 2.462586
41 1 53 20 0.267237 1.046477 0.330917 0.478068 2.634025
9 1 42 27 0.247493 0.988341 0.213541 0.744662 0.844707
41 1 53 20 0.267237 1.046477 0.330917 0.478068 2.634025
9 1 42 27 0.247493 0.988341 0.213541 0.744662 0.844707
41 1 53 20 0.267237 1.046477 0.330917 0.478068 2.634025
46 35
18 1 46 18 0.249796 1.135568 0.253544 0.446832 3.747420
1 1 45 27 0.238924 1.256565 0.452576 0.494203 2.264886
8 1 43 16 0.278859 1.060791 0.360536 0.527345 1.388038
31 1 48 22 0.264966 1.159183 0.444398 0.506990 2.411058
8 1 43 16 0.278859 1.060791 0.360536 0.527345 1.388038
30 1 48 20 0.266008 1.102646 0.370700 0.571139 2.484375
18 1 46 18 0.249796 1.135568 0.253544 0.446832 3.747420
1 1 45 27 0.238924 1.256565 0.452576 0.494203 2.264886
47 6
1 1 51 27 0.261959 1.157262 0.438971 0.497666 10.534840
0 1 47 18 0.256857 1.204361 0.276247 0.407665 1.852313
1 1 51 27 0.261959 1.157262 0.438971 0.497666 10.534840
4 1 46 21 0.261027 1.203626 0.294535 0.367223 0.892460
1 1 51 27 0.261959 1.157262 0.438971 0.497666 10.534840
0 1 47 18 0.256857 1.204361 0.276247 0.407665 1.852313
1 1 51 27 0.261959 1.157262 0.438971 0.497666 10.534840
0 1 47 18 0.256857 1.204361 0.276247 0.407665 1.852313
48 20
6 1 49 31 0.266166 1.929829 0.161698 0.978892 1.496380
0 1 60 37 0.312071 1.853931 0.493403 0.898583 2.518625
2 1 54 26 0.264338 1.844275 0.245019 0.863344 6.203068
19 1 49 35 0.261924 2.004869 0.274105 0.976725 3.238569
2 1 54 26 0.264338 1.844275 0.245019 0.863344 6.203068
19 1 49 35 0.261924 2.004869 0.274105 0.976725 3.238569
6 1 49 31 0.266166 1.929829 0.161698 0.978892 1.496380
0 1 60 37 0.312071 1.853931 0.493403 0.898583 2.518625
49 16
5 1 41 25 0.223203 1.796808 0.200566 0.957173 1.490814
1 0 0 0 0.000000 0.000000 0.000000 0.000000 17.069784
3 0 0 0 0.000000 0.000000 0.000000 0.000000 17.640010
15 1 45 33 0.248799 1.753308 0.494394 0.883516 25.580892
3 0 0 0 0.000000 0.000000 0.000000 0.000000 17.640010
15 1 45 33 0.248799 1.753308 0.494394 0.883516 25.580892
5 1 41 25 0.223203 1.796808 0.200566 0.957173 1.490814
1 0 0 0 0.000000 0.000000 0.000000 0.000000 17.069784
50 12
3 1 50 32 0.268038 1.787598 0.381401 0.994835 3.076878
0 1 53 33 0.282343 1.889226 0.595695 0.827994 3.197918
0 1 53 33 0.282343 1.889226 0.595695 0.827994 3.197918
11 1 47 37 0.264842 1.788131 0.458220 0.985742 1.790070
0 1 53 33 0.282343 1.889226 0.595695 0.827994 3.197918
9 1 51 34 0.258307 1.926142 0.414130 0.853543 3.759280
3 1 50 32 0.268038 1.787598 0.381401 0.994835 3.076878
0 1 53 33 0.282343 1.889226 0.595695 0.827994 3.197918
51 32
9 1 59 16 0.308794 1.600205 0.230901 0.317313 2.459638
20 0 0 0 0.000000 0.000000 0.000000 0.000000 2.495992
