0 13
6 1 43 17 0.247614 1.817757 0.404448 0.066501 0.655506
4 1 53 25 0.271244 1.793368 0.659577 0.116632 1.956352
3 1 42 13 0.249929 1.818557 0.187312 0.062915 0.542978
10 1 57 24 0.380704 1.933280 0.341676 0.128541 4.513797
3 1 42 13 0.249929 1.818557 0.187312 0.062915 0.542978
10 1 57 24 0.380704 1.933280 0.341676 0.128541 4.513797
6 1 43 17 0.247614 1.817757 0.404448 0.066501 0.655506
4 1 53 25 0.271244 1.793368 0.659577 0.116632 1.956352
2 28
11 1 51 22 0.287733 1.327026 0.328724 0.340058 0.901872
23 0 0 0 0.000000 0.000000 0.000000 0.000000 11.142756
12 1 54 24 0.277226 1.415713 0.226812 0.480229 0.913688
23 0 0 0 0.000000 0.000000 0.000000 0.000000 11.142756
11 1 51 22 0.287733 1.327026 0.328724 0.340058 0.901872
23 0 0 0 0.000000 0.000000 0.000000 0.000000 11.142756
11 1 51 22 0.287733 1.327026 0.328724 0.340058 0.901872
23 0 0 0 0.000000 0.000000 0.000000 0.000000 11.142756
3 27
9 1 57 22 0.261171 1.952290 0.486130 0.409973 0.806512
21 0 0 0 0.000000 0.000000 0.000000 0.000000 0.001197
10 1 52 19 0.257194 1.441872 0.110641 0.391864 1.391539
21 0 0 0 0.000000 0.000000 0.000000 0.000000 0.001197
10 1 52 19 0.257194 1.441872 0.110641 0.391864 1.391539
21 0 0 0 0.000000 0.000000 0.000000 0.000000 0.001197
9 1 57 22 0.261171 1.952290 0.486130 0.409973 0.806512
21 0 0 0 0.000000 0.000000 0.000000 0.000000 0.001197
4 15
6 1 44 21 0.262704 1.481799 0.179106 0.464077 1.145078
0 1 47 31 0.226426 1.600301 0.466246 0.339151 0.770927
4 1 44 21 0.261854 1.491606 0.230798 0.545528 2.421437
12 1 51 29 0.275754 1.580278 0.440497 0.408908 2.289387
6 1 44 21 0.262704 1.481799 0.179106 0.464077 1.145078
0 1 47 31 0.226426 1.600301 0.466246 0.339151 0.770927
6 1 44 21 0.262704 1.481799 0.179106 0.464077 1.145078
0 1 47 31 0.226426 1.600301 0.466246 0.339151 0.770927
5 33
14 1 51 27 0.286966 1.037220 0.361565 0.813206 1.024361
1 1 49 27 0.302542 1.387816 0.487303 0.559333 1.365729
14 1 51 27 0.286966 1.037220 0.361565 0.813206 1.024361
28 1 51 46 0.265865 1.074834 0.191819 1.183290 5.555073
14 1 51 27 0.286966 1.037220 0.361565 0.813206 1.024361
16 1 52 44 0.203771 1.130803 0.186432 1.249453 22.088534
14 1 51 27 0.286966 1.037220 0.361565 0.813206 1.024361
1 1 49 27 0.302542 1.387816 0.487303 0.559333 1.365729
6 21
15 1 49 28 0.262823 1.052296 0.529887 0.822725 0.956840
0 1 49 29 0.302863 1.096652 0.188348 0.782762 0.834503
8 1 46 29 0.254082 1.010973 0.199631 1.019210 1.416900
18 1 50 43 0.241445 1.181862 0.186134 1.397250 1.423563
11 1 46 22 0.277846 1.136985 0.181507 0.926848 1.179712
14 1 57 32 0.265734 1.183629 0.249792 0.792188 2.114208
15 1 49 28 0.262823 1.052296 0.529887 0.822725 0.956840
0 1 49 29 0.302863 1.096652 0.188348 0.782762 0.834503
8 20
13 1 50 23 0.254587 1.981355 0.287208 0.312711 2.153286
9 0 0 0 0.000000 0.000000 0.000000 0.000000 4.067707
7 1 47 21 0.218073 1.816989 0.347214 0.098233 1.028307
17 1 59 5 0.251865 1.940668 0.000000 0.063375 1.796431
7 1 47 21 0.218073 1.816989 0.347214 0.098233 1.028307
17 1 59 5 0.251865 1.940668 0.000000 0.063375 1.796431
13 1 50 23 0.254587 1.981355 0.287208 0.312711 2.153286
9 0 0 0 0.000000 0.000000 0.000000 0.000000 4.067707
10 28
11 1 59 22 0.266466 1.661649 0.128518 0.407046 1.616901
23 0 0 0 0.000000 0.000000 0.000000 0.000000 5.584181
10 1 50 30 0.349376 1.527677 0.217100 0.585150 2.759629
23 0 0 0 0.000000 0.000000 0.000000 0.000000 5.584181
5 1 54 29 0.240591 1.763222 0.258541 0.382961 1.076100
23 0 0 0 0.000000 0.000000 0.000000 0.000000 5.584181
11 1 59 22 0.266466 1.661649 0.128518 0.407046 1.616901
23 0 0 0 0.000000 0.000000 0.000000 0.000000 5.584181
11 28
10 1 56 22 0.256632 1.508350 0.357809 0.274031 1.177572
22 0 0 0 0.000000 0.000000 0.000000 0.000000 0.001190
10 1 56 22 0.256632 1.508350 0.357809 0.274031 1.177572
22 0 0 0 0.000000 0.000000 0.000000 0.000000 0.001190
10 1 56 22 0.256632 1.508350 0.357809 0.274031 1.177572
22 0 0 0 0.000000 0.000000 0.000000 0.000000 0.001190
10 1 56 22 0.256632 1.508350 0.357809 0.274031 1.177572
22 0 0 0 0.000000 0.000000 0.000000 0.000000 0.001190
12 16
7 1 50 24 0.254954 1.549784 0.331814 0.298277 0.961107
0 1 47 17 0.226422 1.600301 0.351459 0.223126 0.779865
11 1 44 18 0.259888 1.476766 0.308948 0.300065 1.363188
13 1 47 14 0.243692 1.598998 0.193279 0.326132 2.263487
7 1 50 24 0.254954 1.549784 0.331814 0.298277 0.961107
0 1 47 17 0.226422 1.600301 0.351459 0.223126 0.779865
7 1 50 24 0.254954 1.549784 0.331814 0.298277 0.961107
0 1 47 17 0.226422 1.600301 0.351459 0.223126 0.779865
13 33
14 1 49 44 0.362475 0.948405 0.646988 0.946531 1.437778
1 1 51 42 0.246481 1.314008 0.527323 0.864930 1.907308
14 1 49 44 0.362475 0.948405 0.646988 0.946531 1.437778
29 1 51 40 0.283233 1.186819 0.429593 0.789831 1.632770
14 1 49 44 0.362475 0.948405 0.646988 0.946531 1.437778
29 1 51 40 0.283233 1.186819 0.429593 0.789831 1.632770
14 1 49 44 0.362475 0.948405 0.646988 0.946531 1.437778
1 1 51 42 0.246481 1.314008 0.527323 0.864930 1.907308
14 22
16 1 50 22 0.266207 1.047507 0.275617 0.754222 1.323667
0 0 0 0 0.000000 0.000000 0.000000 0.000000 0.895825
9 1 47 21 0.267475 1.122481 0.222763 0.849530 0.857139
19 1 43 32 0.254331 1.285009 0.284017 0.716221 0.890455
12 1 46 24 0.329269 1.276394 0.263394 0.675719 0.872774
19 1 43 32 0.254331 1.285009 0.284017 0.716221 0.890455
16 1 50 22 0.266207 1.047507 0.275617 0.754222 1.323667
0 0 0 0 0.000000 0.000000 0.000000 0.000000 0.895825
16 22
15 1 51 26 0.253638 1.830828 0.185945 0.400009 0.724219
11 0 0 0 0.000000 0.000000 0.000000 0.000000 5.211054
6 0 0 0 0.000000 0.000000 0.000000 0.000000 1.060854
21 1 51 14 0.262872 1.906389 0.194237 0.318765 0.974132
14 1 54 30 0.264034 1.869890 0.539616 0.419877 1.155843
11 0 0 0 0.000000 0.000000 0.000000 0.000000 5.211054
15 1 51 26 0.253638 1.830828 0.185945 0.400009 0.724219
11 0 0 0 0.000000 0.000000 0.000000 0.000000 5.211054
17 16
9 1 57 9 0.258067 1.867422 0.240485 0.170783 1.003633
0 1 55 19 0.294061 1.841378 0.396918 0.239144 1.479795
4 1 51 28 0.240421 1.845816 0.182143 0.279354 1.136400
3 1 57 22 0.252983 1.809566 0.556720 0.193131 0.663510
6 1 43 25 0.227473 1.821025 0.360084 0.213742 0.674509
0 1 55 19 0.294061 1.841378 0.396918 0.239144 1.479795
9 1 57 9 0.258067 1.867422 0.240485 0.170783 1.003633
0 1 55 19 0.294061 1.841378 0.396918 0.239144 1.479795
18 27
10 1 50 33 0.253094 1.726429 0.321261 0.673112 1.773615
22 0 0 0 0.000000 0.000000 0.000000 0.000000 1.949758
9 1 53 41 0.278454 1.595752 0.431587 0.559267 2.117151
22 0 0 0 0.000000 0.000000 0.000000 0.000000 1.949758
9 1 53 41 0.278454 1.595752 0.431587 0.559267 2.117151
22 0 0 0 0.000000 0.000000 0.000000 0.000000 1.949758
10 1 50 33 0.253094 1.726429 0.321261 0.673112 1.773615
22 0 0 0 0.000000 0.000000 0.000000 0.000000 1.949758
19 26
14 1 48 23 0.239930 1.590748 0.215166 0.591828 0.833131
20 0 0 0 0.000000 0.000000 0.000000 0.000000 0.001189
8 1 44 23 0.256229 1.368904 0.212982 0.421840 1.477731
20 0 0 0 0.000000 0.000000 0.000000 0.000000 0.001189
8 1 44 23 0.256229 1.368904 0.212982 0.421840 1.477731
20 0 0 0 0.000000 0.000000 0.000000 0.000000 0.001189
14 1 48 23 0.239930 1.590748 0.215166 0.591828 0.833131
20 0 0 0 0.000000 0.000000 0.000000 0.000000 0.001189
20 16
7 1 57 23 0.253715 1.768221 0.160085 0.437163 1.057661
0 1 47 31 0.210077 1.653568 0.218494 0.407738 2.498593
11 1 43 25 0.267660 1.476746 0.455256 0.435446 0.972399
13 1 52 16 0.264334 1.598201 0.354602 0.256439 1.373637
7 1 57 23 0.253715 1.768221 0.160085 0.437163 1.057661
0 1 47 31 0.210077 1.653568 0.218494 0.407738 2.498593
7 1 57 23 0.253715 1.768221 0.160085 0.437163 1.057661
0 1 47 31 0.210077 1.653568 0.218494 0.407738 2.498593
21 32
13 1 49 38 0.247893 1.036212 0.575977 0.889374 1.684809
1 1 52 59 0.294632 1.205130 0.775723 1.208222 21.735727
13 1 49 38 0.247893 1.036212 0.575977 0.889374 1.684809
28 1 50 26 0.244224 1.125682 0.196643 0.873814 1.747246
13 1 49 38 0.247893 1.036212 0.575977 0.889374 1.684809
28 1 50 26 0.244224 1.125682 0.196643 0.873814 1.747246
13 1 49 38 0.247893 1.036212 0.575977 0.889374 1.684809
1 1 52 59 0.294632 1.205130 0.775723 1.208222 21.735727
22 22
16 1 46 26 0.254215 1.206029 0.256534 0.781691 0.884994
0 1 55 32 0.250359 1.111718 0.440048 0.640300 0.894524
9 1 54 29 0.342601 1.121725 0.186902 1.053493 1.547705
19 1 44 27 0.247452 1.269476 0.444528 0.715516 0.508896
12 1 47 27 0.252285 1.022391 0.305665 0.762339 0.799212
19 1 44 27 0.247452 1.269476 0.444528 0.715516 0.508896
16 1 46 26 0.254215 1.206029 0.256534 0.781691 0.884994
0 1 55 32 0.250359 1.111718 0.440048 0.640300 0.894524
24 18
14 1 52 18 0.266220 1.841692 0.165553 0.430980 1.269478
7 0 0 0 0.000000 0.000000 0.000000 0.000000 3.219209
3 0 0 0 0.000000 0.000000 0.000000 0.000000 4.412400
17 1 45 22 0.251296 1.824938 0.334859 0.382919 1.463451
8 1 57 25 0.220905 2.101406 0.357115 0.445618 2.868192
14 1 52 18 0.266220 1.841692 0.165553 0.430980 1.269478
14 1 52 18 0.266220 1.841692 0.165553 0.430980 1.269478
7 0 0 0 0.000000 0.000000 0.000000 0.000000 3.219209
25 12
8 1 45 23 0.259852 1.806164 0.465375 0.405060 0.919983
0 1 56 29 0.373868 2.376214 0.574091 0.335608 8.911139
1 1 58 26 0.252038 2.017653 0.477151 0.466980 1.734225
11 1 47 20 0.261502 1.805597 0.326684 0.406624 0.836442
7 1 46 19 0.265741 1.741724 0.208172 0.465903 0.949852
3 1 61 26 0.310845 2.072642 0.317608 0.422602 1.318754
8 1 45 23 0.259852 1.806164 0.465375 0.405060 0.919983
1 1 58 26 0.252038 2.017653 0.477151 0.466980 1.734225
27 18
6 1 46 11 0.257120 1.434174 0.227956 0.128385 1.396704
12 0 0 0 0.000000 0.000000 0.000000 0.000000 0.001230
6 1 46 11 0.257120 1.434174 0.227956 0.128385 1.396704
12 0 0 0 0.000000 0.000000 0.000000 0.000000 0.001230
6 1 46 11 0.257120 1.434174 0.227956 0.128385 1.396704
12 0 0 0 0.000000 0.000000 0.000000 0.000000 0.001230
6 1 46 11 0.257120 1.434174 0.227956 0.128385 1.396704
12 0 0 0 0.000000 0.000000 0.000000 0.000000 0.001230
28 13
7 1 56 23 0.287587 1.554193 0.200328 0.375854 0.934223
3 1 48 51 0.301583 1.614907 0.389716 0.422674 1.709390
8 1 44 22 0.259901 1.476766 0.214832 0.418424 0.620220
10 1 53 35 0.230940 1.585194 0.195043 0.530638 1.686495
8 1 44 22 0.259901 1.476766 0.214832 0.418424 0.620220
6 1 54 42 0.225631 1.615590 0.385513 0.665976 1.580171
7 1 56 23 0.287587 1.554193 0.200328 0.375854 0.934223
3 1 48 51 0.301583 1.614907 0.389716 0.422674 1.709390
29 31
12 1 49 16 0.235340 1.097062 0.288029 0.344596 1.111398
22 1 58 47 0.256723 1.117440 0.186405 0.770685 1.668752
12 1 49 16 0.235340 1.097062 0.288029 0.344596 1.111398
27 1 50 44 0.248887 1.121313 0.212980 0.614196 11.946697
12 1 49 16 0.235340 1.097062 0.288029 0.344596 1.111398
27 1 50 44 0.248887 1.121313 0.212980 0.614196 11.946697
12 1 49 16 0.235340 1.097062 0.288029 0.344596 1.111398
22 1 58 47 0.256723 1.117440 0.186405 0.770685 1.668752
30 21
15 1 43 23 0.256888 0.986629 0.410430 0.360982 1.379915
0 0 0 0 0.000000 0.000000 0.000000 0.000000 0.901253
8 1 51 23 0.285843 1.292129 0.369911 0.366624 1.501694
18 1 44 77 0.247562 1.285024 0.911786 0.790717 0.647438
11 1 42 20 0.273270 1.064459 0.229963 0.469535 0.941456
14 1 49 55 0.243659 1.513183 0.807618 0.452525 1.156681
15 1 43 23 0.256888 0.986629 0.410430 0.360982 1.379915
0 0 0 0 0.000000 0.000000 0.000000 0.000000 0.901253
32 21
13 1 49 16 0.261988 1.964897 0.125278 0.486729 1.039263
10 0 0 0 0.000000 0.000000 0.000000 0.000000 5.631185
5 0 0 0 0.000000 0.000000 0.000000 0.000000 6.189853
20 1 52 21 0.273671 1.644887 0.394827 0.493372 1.231970
11 1 57 19 0.310168 2.069890 0.546085 0.277287 2.627728
17 1 52 16 0.224686 1.842568 0.113000 0.487656 1.202175
13 1 49 16 0.261988 1.964897 0.125278 0.486729 1.039263
10 0 0 0 0.000000 0.000000 0.000000 0.000000 5.631185
33 14
10 1 42 17 0.240565 1.813961 0.346784 0.415760 0.784679
0 1 59 16 0.247764 1.885410 0.305836 0.219319 1.879195
3 1 51 36 0.276891 1.963819 0.468430 0.668703 1.280059
13 1 42 17 0.239825 1.806527 0.268035 0.418613 1.273497
4 1 57 15 0.259028 1.894836 0.020656 0.430431 2.255781
10 1 42 17 0.240565 1.813961 0.346784 0.415760 0.784679
10 1 42 17 0.240565 1.813961 0.346784 0.415760 0.784679
0 1 59 16 0.247764 1.885410 0.305836 0.219319 1.879195
35 27
10 1 48 23 0.250434 1.273657 0.516455 0.279037 1.589604
22 0 0 0 0.000000 0.000000 0.000000 0.000000 5.677733
8 1 59 6 0.302766 1.682328 0.141093 0.142964 1.490433
22 0 0 0 0.000000 0.000000 0.000000 0.000000 5.677733
10 1 48 23 0.250434 1.273657 0.516455 0.279037 1.589604
22 0 0 0 0.000000 0.000000 0.000000 0.000000 5.677733
10 1 48 23 0.250434 1.273657 0.516455 0.279037 1.589604
22 0 0 0 0.000000 0.000000 0.000000 0.000000 5.677733
36 10
5 1 44 18 0.254181 1.488291 0.214088 0.121952 0.567514
2 1 46 29 0.335522 1.627607 0.549823 0.241937 0.937607
5 1 44 18 0.254181 1.488291 0.214088 0.121952 0.567514
7 1 46 19 0.276221 1.624315 0.327734 0.190202 1.440565
5 1 44 18 0.254181 1.488291 0.214088 0.121952 0.567514
3 1 46 25 0.259660 1.657316 0.378359 0.220232 1.976289
5 1 44 18 0.254181 1.488291 0.214088 0.121952 0.567514
2 1 46 29 0.335522 1.627607 0.549823 0.241937 0.937607
37 33
14 1 46 23 0.325407 1.033543 0.057809 0.458134 1.745307
1 1 57 23 0.292760 1.752766 0.205571 0.609667 1.717468
14 1 46 23 0.325407 1.033543 0.057809 0.458134 1.745307
29 1 49 23 0.360961 1.417850 0.343989 0.412735 1.030883
14 1 46 23 0.325407 1.033543 0.057809 0.458134 1.745307
29 1 49 23 0.360961 1.417850 0.343989 0.412735 1.030883
14 1 46 23 0.325407 1.033543 0.057809 0.458134 1.745307
1 1 57 23 0.292760 1.752766 0.205571 0.609667 1.717468
38 22
16 1 45 17 0.264790 1.074900 0.283415 0.342109 1.049574
0 1 46 20 0.239977 1.077176 0.141436 0.421321 1.400750
9 1 62 15 0.275194 1.141927 0.296906 0.340343 0.556067
19 1 47 23 0.280005 1.414343 0.368406 0.333067 1.817988
12 1 46 13 0.355983 1.144108 0.323927 0.341419 1.341149
19 1 47 23 0.280005 1.414343 0.368406 0.333067 1.817988
16 1 45 17 0.264790 1.074900 0.283415 0.342109 1.049574
0 1 46 20 0.239977 1.077176 0.141436 0.421321 1.400750
40 22
15 1 51 20 0.221731 1.822228 0.230091 0.370875 1.011907
11 0 0 0 0.000000 0.000000 0.000000 0.000000 3.104165
6 0 0 0 0.000000 0.000000 0.000000 0.000000 10.835957
21 1 50 20 0.259639 1.950758 0.297637 0.382837 1.166142
12 1 54 28 0.287210 2.012230 0.217009 0.440292 1.289229
19 1 59 25 0.232021 1.951383 0.395431 0.620105 1.711448
15 1 51 20 0.221731 1.822228 0.230091 0.370875 1.011907
11 0 0 0 0.000000 0.000000 0.000000 0.000000 3.104165
41 16
9 1 43 15 0.247614 1.817757 0.262311 0.258604 0.849205
0 1 58 31 0.304842 1.847401 0.456357 0.504554 3.796475
4 1 58 12 0.339265 1.925992 0.209303 0.368001 3.364933
14 1 45 19 0.244949 1.793529 0.237281 0.517570 1.945216
9 1 43 15 0.247614 1.817757 0.262311 0.258604 0.849205
14 1 45 19 0.244949 1.793529 0.237281 0.517570 1.945216
9 1 43 15 0.247614 1.817757 0.262311 0.258604 0.849205
0 1 58 31 0.304842 1.847401 0.456357 0.504554 3.796475
43 28
11 1 50 23 0.252972 1.698951 0.182439 0.445004 1.351571
23 0 0 0 0.000000 0.000000 0.000000 0.000000 10.925632
10 1 61 18 0.338356 1.992825 0.179421 0.336581 1.386842
23 0 0 0 0.000000 0.000000 0.000000 0.000000 10.925632
11 1 50 23 0.252972 1.698951 0.182439 0.445004 1.351571
23 0 0 0 0.000000 0.000000 0.000000 0.000000 10.925632
11 1 50 23 0.252972 1.698951 0.182439 0.445004 1.351571
23 0 0 0 0.000000 0.000000 0.000000 0.000000 10.925632
44 28
16 1 42 19 0.254299 1.375856 0.370769 0.208890 1.576984
22 0 0 0 0.000000 0.000000 0.000000 0.000000 0.001201
10 1 45 25 0.313034 1.426082 0.498314 0.194270 1.395516
22 0 0 0 0.000000 0.000000 0.000000 0.000000 0.001201
10 1 45 25 0.313034 1.426082 0.498314 0.194270 1.395516
22 0 0 0 0.000000 0.000000 0.000000 0.000000 0.001201
16 1 42 19 0.254299 1.375856 0.370769 0.208890 1.576984
22 0 0 0 0.000000 0.000000 0.000000 0.000000 0.001201
45 33
14 1 45 24 0.263444 1.151812 0.108178 0.691866 2.830618
1 1 55 26 0.255364 1.053258 0.368401 0.441788 23.127048
14 1 45 24 0.263444 1.151812 0.108178 0.691866 2.830618
29 1 49 20 0.216766 1.123854 0.433176 0.518182 1.609332
14 1 45 24 0.263444 1.151812 0.108178 0.691866 2.830618
29 1 49 20 0.216766 1.123854 0.433176 0.518182 1.609332
14 1 45 24 0.263444 1.151812 0.108178 0.691866 2.830618
1 1 55 26 0.255364 1.053258 0.368401 0.441788 23.127048
46 22
16 1 44 18 0.263307 1.185137 0.279523 0.512518 1.233714
0 0 0 0 0.000000 0.000000 0.000000 0.000000 0.798769
9 1 53 21 0.263423 1.147236 0.204472 0.622958 0.903179
19 1 45 17 0.239909 1.217563 0.254763 0.388516 0.597750
12 1 42 18 0.257224 1.212419 0.393317 0.393147 0.926320
19 1 45 17 0.239909 1.217563 0.254763 0.388516 0.597750
16 1 44 18 0.263307 1.185137 0.279523 0.512518 1.233714
0 0 0 0 0.000000 0.000000 0.000000 0.000000 0.798769
48 22
15 1 50 19 0.258448 1.948296 0.000000 0.819146 1.157401
11 0 0 0 0.000000 0.000000 0.000000 0.000000 2.538215
6 0 0 0 0.000000 0.000000 0.000000 0.000000 6.247111
21 1 45 26 0.251296 1.824938 0.256117 0.875967 1.231454
1 1 59 25 0.270213 1.964705 0.318466 0.662036 1.366137
5 1 49 29 0.273644 1.813712 0.189784 0.920468 1.089810
15 1 50 19 0.258448 1.948296 0.000000 0.819146 1.157401
11 0 0 0 0.000000 0.000000 0.000000 0.000000 2.538215
49 16
9 1 43 26 0.247614 1.817757 0.268648 0.942933 0.573332
0 1 55 33 0.236464 1.861532 0.531554 0.900732 1.143149
4 1 48 22 0.274681 1.847863 0.223576 0.695759 2.357356
15 1 44 25 0.236908 1.811849 0.307788 0.737945 0.756427
10 1 59 28 0.337984 2.005895 0.330666 0.741720 18.038017
0 1 55 33 0.236464 1.861532 0.531554 0.900732 1.143149
9 1 43 26 0.247614 1.817757 0.268648 0.942933 0.573332
0 1 55 33 0.236464 1.861532 0.531554 0.900732 1.143149
51 28
11 1 48 22 0.267488 1.577204 0.483998 0.317945 1.360722
23 0 0 0 0.000000 0.000000 0.000000 0.000000 3.501245
8 1 59 24 0.331554 2.079716 0.341390 0.420375 4.720372
27 1 55 22 0.275884 1.405444 0.180196 0.389348 1.353384
5 1 52 20 0.262986 1.382689 0.194307 0.571198 1.311853
27 1 55 22 0.275884 1.405444 0.180196 0.389348 1.353384
11 1 48 22 0.267488 1.577204 0.483998 0.317945 1.360722
23 0 0 0 0.000000 0.000000 0.000000 0.000000 3.501245
52 27
9 1 49 22 0.252987 1.532277 0.238044 0.632875 0.883516
21 0 0 0 0.000000 0.000000 0.000000 0.000000 0.001190
7 1 62 22 0.263273 1.807208 0.504941 0.408980 1.917929
26 1 42 19 0.253770 1.356851 0.150684 0.547359 1.439370
14 1 43 24 0.258235 1.359041 0.411680 0.586662 1.154637
1 1 52 19 0.286543 1.245914 0.166926 0.523091 1.152466
9 1 49 22 0.252987 1.532277 0.238044 0.632875 0.883516
21 0 0 0 0.000000 0.000000 0.000000 0.000000 0.001190
53 16
7 1 50 27 0.292902 1.535922 0.529206 0.710815 2.028189
0 1 47 20 0.226422 1.600301 0.236900 0.472265 0.578377
4 1 47 27 0.388470 1.663758 0.229367 0.764748 1.843737
15 1 51 26 0.262258 1.662778 0.128228 0.777547 1.234667
10 1 51 21 0.278526 1.499198 0.378837 0.646108 1.090333
1 1 42 21 0.256447 1.452417 0.373967 0.607680 0.860113
7 1 50 27 0.292902 1.535922 0.529206 0.710815 2.028189
0 1 47 20 0.226422 1.600301 0.236900 0.472265 0.578377
54 13
7 1 47 15 0.264918 1.056622 0.312936 0.252534 1.661614
0 1 53 21 0.267799 1.181803 0.512747 0.272155 0.801276
1 1 43 23 0.270158 1.181956 0.359015 0.253916 1.068487
10 1 44 6 0.247561 1.285024 0.000000 0.228776 1.165925
5 1 48 24 0.267581 1.139711 0.304133 0.118264 1.130055
10 1 44 6 0.247561 1.285024 0.000000 0.228776 1.165925
7 1 47 15 0.264918 1.056622 0.312936 0.252534 1.661614
0 1 53 21 0.267799 1.181803 0.512747 0.272155 0.801276
56 22
15 1 50 30 0.252529 2.005425 0.422486 0.729682 1.257197
11 0 0 0 0.000000 0.000000 0.000000 0.000000 4.498047
6 0 0 0 0.000000 0.000000 0.000000 0.000000 5.972424
21 1 45 27 0.251296 1.824938 0.298199 0.939628 0.721925
1 1 61 44 0.170166 1.892730 0.847064 0.890729 1.970727
5 1 57 27 0.225231 1.993872 0.077006 0.937524 0.819482
15 1 50 30 0.252529 2.005425 0.422486 0.729682 1.257197
11 0 0 0 0.000000 0.000000 0.000000 0.000000 4.498047
57 14
7 1 43 24 0.234456 1.822153 0.197962 0.903437 0.626730
0 1 50 25 0.303130 1.661155 0.202028 0.929126 2.073685
2 1 110 27 0.424495 2.688199 0.490448 0.668882 0.774174
13 1 42 24 0.239608 1.806527 0.201332 0.905732 1.257898
8 1 49 32 0.388021 1.932285 0.434522 0.913103 2.109667
0 1 50 25 0.303130 1.661155 0.202028 0.929126 2.073685
7 1 43 24 0.234456 1.822153 0.197962 0.903437 0.626730
0 1 50 25 0.303130 1.661155 0.202028 0.929126 2.073685
59 28
11 1 54 15 0.261626 1.437248 0.110333 0.409413 1.718158
23 0 0 0 0.000000 0.000000 0.000000 0.000000 7.941248
8 1 52 29 0.382783 2.014818 0.327180 0.612467 3.719796
27 1 49 13 0.272142 1.647438 0.291054 0.447741 0.853234
5 1 52 22 0.262986 1.382689 0.305782 0.499441 0.800732
27 1 49 13 0.272142 1.647438 0.291054 0.447741 0.853234
11 1 54 15 0.261626 1.437248 0.110333 0.409413 1.718158
23 0 0 0 0.000000 0.000000 0.000000 0.000000 7.941248
60 25
13 1 50 19 0.264042 1.429525 0.022126 0.570800 0.924131
19 0 0 0 0.000000 0.000000 0.000000 0.000000 0.001180
5 1 58 22 0.240889 1.653203 0.349547 0.520755 2.048689
24 1 46 21 0.266448 1.496650 0.164356 0.590387 0.925446
12 1 44 22 0.245662 1.351819 0.155050 0.649229 1.500147
19 0 0 0 0.000000 0.000000 0.000000 0.000000 0.001180
13 1 50 19 0.264042 1.429525 0.022126 0.570800 0.924131
19 0 0 0 0.000000 0.000000 0.000000 0.000000 0.001180
61 14
5 1 51 23 0.248236 1.571973 0.318218 0.586351 1.250834
0 1 46 16 0.221028 1.624853 0.423949 0.347848 0.735722
2 1 47 28 0.242701 1.665146 0.470177 0.607531 1.241410
13 1 43 16 0.261507 1.469226 0.338383 0.382957 1.021571
11 1 53 18 0.256420 1.595837 0.430951 0.389584 1.755022
1 1 45 25 0.202643 1.443967 0.557434 0.528535 1.359388
5 1 51 23 0.248236 1.571973 0.318218 0.586351 1.250834
0 1 46 16 0.221028 1.624853 0.423949 0.347848 0.735722
62 33
14 1 47 18 0.301501 1.140300 0.251105 0.192259 1.022061
1 1 48 21 0.276156 1.236351 0.154301 0.300439 3.384144
14 1 47 18 0.301501 1.140300 0.251105 0.192259 1.022061
29 1 50 16 0.307101 1.217499 0.295248 0.209080 1.359965
14 1 47 18 0.301501 1.140300 0.251105 0.192259 1.022061
29 1 50 16 0.307101 1.217499 0.295248 0.209080 1.359965
14 1 47 18 0.301501 1.140300 0.251105 0.192259 1.022061
1 1 48 21 0.276156 1.236351 0.154301 0.300439 3.384144
64 22
15 0 0 0 0.000000 0.000000 0.000000 0.000000 1.256162
11 0 0 0 0.000000 0.000000 0.000000 0.000000 2.429211
6 0 0 0 0.000000 0.000000 0.000000 0.000000 3.862190
21 0 0 0 0.000000 0.000000 0.000000 0.000000 0.996364
15 0 0 0 0.000000 0.000000 0.000000 0.000000 1.256162
11 0 0 0 0.000000 0.000000 0.000000 0.000000 2.429211
15 0 0 0 0.000000 0.000000 0.000000 0.000000 1.256162
11 0 0 0 0.000000 0.000000 0.000000 0.000000 2.429211
65 16
9 0 0 0 0.000000 0.000000 0.000000 0.000000 1.063936
0 1 59 25 0.261387 1.867229 0.334498 0.673358 1.796416
4 0 0 0 0.000000 0.000000 0.000000 0.000000 2.079990
15 1 63 41 0.319918 2.109171 0.209287 0.886815 1.147049
9 0 0 0 0.000000 0.000000 0.000000 0.000000 1.063936
0 1 59 25 0.261387 1.867229 0.334498 0.673358 1.796416
9 0 0 0 0.000000 0.000000 0.000000 0.000000 1.063936
0 1 59 25 0.261387 1.867229 0.334498 0.673358 1.796416
67 28
11 0 0 0 0.000000 0.000000 0.000000 0.000000 0.634843
23 0 0 0 0.000000 0.000000 0.000000 0.000000 6.867137
8 0 0 0 0.000000 0.000000 0.000000 0.000000 10.815507
27 0 0 0 0.000000 0.000000 0.000000 0.000000 1.022004
11 0 0 0 0.000000 0.000000 0.000000 0.000000 0.634843
23 0 0 0 0.000000 0.000000 0.000000 0.000000 6.867137
11 0 0 0 0.000000 0.000000 0.000000 0.000000 0.634843
23 0 0 0 0.000000 0.000000 0.000000 0.000000 6.867137
68 28
10 0 0 0 0.000000 0.000000 0.000000 0.000000 1.163671
22 0 0 0 0.000000 0.000000 0.000000 0.000000 0.001191
7 0 0 0 0.000000 0.000000 0.000000 0.000000 2.692635
27 0 0 0 0.000000 0.000000 0.000000 0.000000 0.679048
10 0 0 0 0.000000 0.000000 0.000000 0.000000 1.163671
22 0 0 0 0.000000 0.000000 0.000000 0.000000 0.001191
10 0 0 0 0.000000 0.000000 0.000000 0.000000 1.163671
22 0 0 0 0.000000 0.000000 0.000000 0.000000 0.001191
69 16
7 1 44 20 0.258187 1.496271 0.176429 0.545041 1.059409
0 0 0 0 0.000000 0.000000 0.000000 0.000000 1.214891
4 0 0 0 0.000000 0.000000 0.000000 0.000000 1.200863
15 0 0 0 0.000000 0.000000 0.000000 0.000000 1.362417
7 1 44 20 0.258187 1.496271 0.176429 0.545041 1.059409
0 0 0 0 0.000000 0.000000 0.000000 0.000000 1.214891
7 1 44 20 0.258187 1.496271 0.176429 0.545041 1.059409
0 0 0 0 0.000000 0.000000 0.000000 0.000000 1.214891
70 33
14 1 44 28 0.254844 1.116890 0.142082 0.418465 0.939742
1 0 0 0 0.000000 0.000000 0.000000 0.000000 1.618933
14 1 44 28 0.254844 1.116890 0.142082 0.418465 0.939742
31 1 61 27 0.269524 1.171652 0.165818 0.481007 1.499991
14 1 44 28 0.254844 1.116890 0.142082 0.418465 0.939742
1 0 0 0 0.000000 0.000000 0.000000 0.000000 1.618933
14 1 44 28 0.254844 1.116890 0.142082 0.418465 0.939742
1 0 0 0 0.000000 0.000000 0.000000 0.000000 1.618933
71 22
16 0 0 0 0.000000 0.000000 0.000000 0.000000 0.714966
0 1 51 24 0.244459 1.079679 0.232380 0.195094 0.585477
6 0 0 0 0.000000 0.000000 0.000000 0.000000 1.102603
21 0 0 0 0.000000 0.000000 0.000000 0.000000 1.239975
16 0 0 0 0.000000 0.000000 0.000000 0.000000 0.714966
0 1 51 24 0.244459 1.079679 0.232380 0.195094 0.585477
16 0 0 0 0.000000 0.000000 0.000000 0.000000 0.714966
0 1 51 24 0.244459 1.079679 0.232380 0.195094 0.585477
