0 23
4 1 41 16 0.236001 1.807002 0.244783 0.067705 0.729133
5 1 54 21 0.400008 1.895827 0.349885 0.257916 1.094992
17 1 48 10 0.260413 1.850822 0.283093 0.098831 0.669321
18 1 52 25 0.259502 1.820762 0.569078 0.125482 1.563363
4 1 41 16 0.236001 1.807002 0.244783 0.067705 0.729133
18 1 52 25 0.259502 1.820762 0.569078 0.125482 1.563363
4 1 41 16 0.236001 1.807002 0.244783 0.067705 0.729133
5 1 54 21 0.400008 1.895827 0.349885 0.257916 1.094992
1 7
5 1 49 21 0.257858 1.816092 0.382307 0.264220 1.640177
6 1 50 45 0.309837 1.915624 0.331250 0.454334 1.856973
5 1 49 21 0.257858 1.816092 0.382307 0.264220 1.640177
6 1 50 45 0.309837 1.915624 0.331250 0.454334 1.856973
5 1 49 21 0.257858 1.816092 0.382307 0.264220 1.640177
6 1 50 45 0.309837 1.915624 0.331250 0.454334 1.856973
5 1 49 21 0.257858 1.816092 0.382307 0.264220 1.640177
6 1 50 45 0.309837 1.915624 0.331250 0.454334 1.856973
2 52
17 1 51 19 0.268739 1.456903 0.174846 0.376465 2.162355
47 0 0 0 0.000000 0.000000 0.000000 0.000000 1.998395
22 1 52 20 0.269512 1.438540 0.467641 0.316696 1.448022
47 0 0 0 0.000000 0.000000 0.000000 0.000000 1.998395
22 1 52 20 0.269512 1.438540 0.467641 0.316696 1.448022
47 0 0 0 0.000000 0.000000 0.000000 0.000000 1.998395
17 1 51 19 0.268739 1.456903 0.174846 0.376465 2.162355
47 0 0 0 0.000000 0.000000 0.000000 0.000000 1.998395
3 43
17 1 44 20 0.251561 1.360391 0.330486 0.363299 0.754599
1 0 0 0 0.000000 0.000000 0.000000 0.000000 11.244331
17 1 44 20 0.251561 1.360391 0.330486 0.363299 0.754599
39 1 55 38 0.286239 1.692087 0.664794 0.351009 2.296326
17 1 44 20 0.251561 1.360391 0.330486 0.363299 0.754599
1 0 0 0 0.000000 0.000000 0.000000 0.000000 11.244331
17 1 44 20 0.251561 1.360391 0.330486 0.363299 0.754599
1 0 0 0 0.000000 0.000000 0.000000 0.000000 11.244331
4 30
7 1 43 21 0.257228 1.485802 0.311168 0.488267 0.950216
13 1 48 36 0.305889 1.688367 0.265784 0.630947 2.070179
7 1 43 21 0.257228 1.485802 0.311168 0.488267 0.950216
25 1 46 34 0.271987 1.612306 0.281829 0.762311 2.664735
7 1 43 21 0.257228 1.485802 0.311168 0.488267 0.950216
25 1 46 34 0.271987 1.612306 0.281829 0.762311 2.664735
7 1 43 21 0.257228 1.485802 0.311168 0.488267 0.950216
13 1 48 36 0.305889 1.688367 0.265784 0.630947 2.070179
5 67
16 1 48 27 0.338778 1.005161 0.351128 0.716074 1.738963
64 1 53 52 0.334587 1.139243 0.699466 0.998569 1.848382
15 1 47 35 0.308584 0.989441 0.574304 0.785992 9.956589
63 1 51 38 0.395503 1.229081 0.274678 0.871652 4.786985
15 1 47 35 0.308584 0.989441 0.574304 0.785992 9.956589
64 1 53 52 0.334587 1.139243 0.699466 0.998569 1.848382
16 1 48 27 0.338778 1.005161 0.351128 0.716074 1.738963
64 1 53 52 0.334587 1.139243 0.699466 0.998569 1.848382
6 39
16 1 43 26 0.306011 1.030603 0.177797 0.813501 9.403274
0 1 48 32 0.371529 1.209589 0.306071 0.843211 11.534808
4 1 48 37 0.253320 1.013988 0.554933 0.729256 1.922238
35 1 47 40 0.251119 1.120327 0.217524 1.072668 1.017604
12 1 43 21 0.277292 1.010700 0.125738 0.836786 3.087788
35 1 47 40 0.251119 1.120327 0.217524 1.072668 1.017604
16 1 43 26 0.306011 1.030603 0.177797 0.813501 9.403274
0 1 48 32 0.371529 1.209589 0.306071 0.843211 11.534808
8 39
12 1 45 15 0.259478 1.811084 0.039985 0.286861 0.726870
0 0 0 0 0.000000 0.000000 0.000000 0.000000 2.114289
6 1 47 19 0.258462 1.825019 0.163961 0.302559 2.164514
34 1 50 18 0.267397 1.939839 0.246395 0.288454 0.906576
14 1 51 19 0.252561 2.100019 0.443478 0.243486 1.491517
34 1 50 18 0.267397 1.939839 0.246395 0.288454 0.906576
12 1 45 15 0.259478 1.811084 0.039985 0.286861 0.726870
0 0 0 0 0.000000 0.000000 0.000000 0.000000 2.114289
9 7
5 1 54 14 0.269137 1.846671 0.261344 0.121577 1.489512
6 1 57 24 0.319156 1.932833 0.341538 0.190900 1.379458
5 1 54 14 0.269137 1.846671 0.261344 0.121577 1.489512
6 1 57 24 0.319156 1.932833 0.341538 0.190900 1.379458
5 1 54 14 0.269137 1.846671 0.261344 0.121577 1.489512
6 1 57 24 0.319156 1.932833 0.341538 0.190900 1.379458
5 1 54 14 0.269137 1.846671 0.261344 0.121577 1.489512
6 1 57 24 0.319156 1.932833 0.341538 0.190900 1.379458
10 52
17 1 51 27 0.274930 1.426378 0.112690 0.540303 1.529827
47 0 0 0 0.000000 0.000000 0.000000 0.000000 1.400109
22 1 50 24 0.229416 1.413393 0.211567 0.479992 1.218158
47 0 0 0 0.000000 0.000000 0.000000 0.000000 1.400109
22 1 50 24 0.229416 1.413393 0.211567 0.479992 1.218158
47 0 0 0 0.000000 0.000000 0.000000 0.000000 1.400109
17 1 51 27 0.274930 1.426378 0.112690 0.540303 1.529827
47 0 0 0 0.000000 0.000000 0.000000 0.000000 1.400109
11 43
17 1 55 15 0.255343 1.459439 0.042647 0.361735 0.755030
1 0 0 0 0.000000 0.000000 0.000000 0.000000 11.047803
17 1 55 15 0.255343 1.459439 0.042647 0.361735 0.755030
39 1 56 18 0.316065 2.405568 0.311208 0.250400 1.380790
17 1 55 15 0.255343 1.459439 0.042647 0.361735 0.755030
1 0 0 0 0.000000 0.000000 0.000000 0.000000 11.047803
17 1 55 15 0.255343 1.459439 0.042647 0.361735 0.755030
1 0 0 0 0.000000 0.000000 0.000000 0.000000 11.047803
12 30
7 1 56 13 0.323880 1.558359 0.332699 0.277712 1.072118
13 1 58 22 0.278159 1.666213 0.197842 0.288812 3.909687
7 1 56 13 0.323880 1.558359 0.332699 0.277712 1.072118
25 1 52 18 0.274268 1.586286 0.365688 0.356264 1.670911
7 1 56 13 0.323880 1.558359 0.332699 0.277712 1.072118
25 1 52 18 0.274268 1.586286 0.365688 0.356264 1.670911
7 1 56 13 0.323880 1.558359 0.332699 0.277712 1.072118
13 1 58 22 0.278159 1.666213 0.197842 0.288812 3.909687
13 67
16 1 49 23 0.284822 1.198731 0.226232 0.975800 7.600469
64 1 51 29 0.343882 1.081373 0.373152 0.757497 1.359380
15 1 42 34 0.247296 1.077644 0.640147 0.759447 20.929468
64 1 51 29 0.343882 1.081373 0.373152 0.757497 1.359380
15 1 42 34 0.247296 1.077644 0.640147 0.759447 20.929468
64 1 51 29 0.343882 1.081373 0.373152 0.757497 1.359380
16 1 49 23 0.284822 1.198731 0.226232 0.975800 7.600469
64 1 51 29 0.343882 1.081373 0.373152 0.757497 1.359380
14 39
16 1 48 21 0.223213 1.044424 0.245559 0.743595 5.124536
0 1 46 26 0.348482 1.255393 0.260351 0.896542 2.221151
4 1 46 28 0.267808 1.180443 0.506646 0.734763 0.981194
36 1 45 37 0.234642 1.325221 0.219944 0.894463 13.931169
12 1 46 29 0.248052 1.047301 0.530777 0.744143 1.234753
35 1 45 44 0.232604 1.257492 0.665126 0.758085 1.113390
16 1 48 21 0.223213 1.044424 0.245559 0.743595 5.124536
0 1 46 26 0.348482 1.255393 0.260351 0.896542 2.221151
16 39
12 1 46 21 0.247090 1.804014 0.226423 0.330221 1.067322
0 1 57 30 0.384063 2.140644 0.204332 0.457396 2.980825
6 1 45 25 0.257758 1.842775 0.234375 0.368535 0.882327
34 1 50 14 0.267397 1.939839 0.280432 0.390500 1.743591
14 1 50 27 0.260778 2.031449 0.187288 0.502312 1.345515
34 1 50 14 0.267397 1.939839 0.280432 0.390500 1.743591
12 1 46 21 0.247090 1.804014 0.226423 0.330221 1.067322
0 1 57 30 0.384063 2.140644 0.204332 0.457396 2.980825
17 25
6 1 41 23 0.241736 1.807002 0.330033 0.159801 2.095885
0 1 46 30 0.251426 1.813481 0.578577 0.159865 0.868026
6 1 41 23 0.241736 1.807002 0.330033 0.159801 2.095885
20 1 52 20 0.306392 1.938304 0.281963 0.204000 3.213837
6 1 41 23 0.241736 1.807002 0.330033 0.159801 2.095885
20 1 52 20 0.306392 1.938304 0.281963 0.204000 3.213837
6 1 41 23 0.241736 1.807002 0.330033 0.159801 2.095885
0 1 46 30 0.251426 1.813481 0.578577 0.159865 0.868026
18 52
17 1 52 35 0.266381 1.452297 0.477355 0.564300 2.496229
47 0 0 0 0.000000 0.000000 0.000000 0.000000 2.864080
22 1 50 34 0.279823 1.401535 0.315673 0.538849 2.624719
47 0 0 0 0.000000 0.000000 0.000000 0.000000 2.864080
22 1 50 34 0.279823 1.401535 0.315673 0.538849 2.624719
47 0 0 0 0.000000 0.000000 0.000000 0.000000 2.864080
17 1 52 35 0.266381 1.452297 0.477355 0.564300 2.496229
47 0 0 0 0.000000 0.000000 0.000000 0.000000 2.864080
19 43
17 1 44 26 0.251561 1.360391 0.307013 0.448908 2.164725
1 0 0 0 0.000000 0.000000 0.000000 0.000000 17.430296
17 1 44 26 0.251561 1.360391 0.307013 0.448908 2.164725
39 1 62 25 0.265229 1.821263 0.266061 0.533099 5.168559
17 1 44 26 0.251561 1.360391 0.307013 0.448908 2.164725
1 0 0 0 0.000000 0.000000 0.000000 0.000000 17.430296
17 1 44 26 0.251561 1.360391 0.307013 0.448908 2.164725
1 0 0 0 0.000000 0.000000 0.000000 0.000000 17.430296
20 30
7 1 54 16 0.305856 1.499933 0.304286 0.273174 3.351236
13 1 52 23 0.350462 1.703645 0.465301 0.347397 3.426607
7 1 54 16 0.305856 1.499933 0.304286 0.273174 3.351236
25 1 47 21 0.237513 1.596662 0.345771 0.422325 2.903686
7 1 54 16 0.305856 1.499933 0.304286 0.273174 3.351236
25 1 47 21 0.237513 1.596662 0.345771 0.422325 2.903686
7 1 54 16 0.305856 1.499933 0.304286 0.273174 3.351236
13 1 52 23 0.350462 1.703645 0.465301 0.347397 3.426607
21 67
16 1 50 33 0.290554 1.252599 0.281524 0.953211 10.066837
64 1 51 32 0.291974 1.044666 0.372459 0.823568 3.457110
15 1 42 36 0.226923 1.090361 0.267987 0.863714 1.608740
64 1 51 32 0.291974 1.044666 0.372459 0.823568 3.457110
15 1 42 36 0.226923 1.090361 0.267987 0.863714 1.608740
64 1 51 32 0.291974 1.044666 0.372459 0.823568 3.457110
16 1 50 33 0.290554 1.252599 0.281524 0.953211 10.066837
64 1 51 32 0.291974 1.044666 0.372459 0.823568 3.457110
22 39
16 1 45 36 0.226418 1.069290 0.522167 0.943093 4.267303
0 1 54 26 0.385478 1.229604 0.362401 0.814046 5.439441
4 1 56 36 0.311547 1.077637 0.570954 0.864672 1.330309
36 1 45 26 0.234689 1.325221 0.292757 0.726037 2.663506
12 1 44 40 0.258376 1.198503 0.378592 0.762645 2.048751
35 1 47 20 0.224504 1.192016 0.184766 0.799201 1.238233
16 1 45 36 0.226418 1.069290 0.522167 0.943093 4.267303
0 1 54 26 0.385478 1.229604 0.362401 0.814046 5.439441
24 33
19 1 46 16 0.219290 1.777979 0.121884 0.412768 2.244308
0 1 69 18 0.343314 1.856688 0.263347 0.244901 15.122862
2 1 56 20 0.275740 1.817430 0.172209 0.427889 4.890025
28 1 51 22 0.259219 1.968193 0.380669 0.370727 3.140152
3 1 56 24 0.283414 2.029318 0.321626 0.422178 2.500868
28 1 51 22 0.259219 1.968193 0.380669 0.370727 3.140152
19 1 46 16 0.219290 1.777979 0.121884 0.412768 2.244308
0 1 69 18 0.343314 1.856688 0.263347 0.244901 15.122862
25 22
12 1 49 20 0.265006 1.788555 0.412953 0.404354 1.064689
0 0 0 0 0.000000 0.000000 0.000000 0.000000 17.264607
2 1 44 23 0.250821 1.799529 0.197005 0.472924 1.410398
21 1 48 26 0.245024 1.906207 0.355129 0.427622 1.555494
2 1 44 23 0.250821 1.799529 0.197005 0.472924 1.410398
4 1 55 33 0.291238 2.043039 0.272274 0.579085 10.660477
12 1 49 20 0.265006 1.788555 0.412953 0.404354 1.064689
0 0 0 0 0.000000 0.000000 0.000000 0.000000 17.264607
26 7
5 1 57 34 0.281492 1.802121 0.580576 0.638535 2.672556
6 1 58 46 0.348971 1.988377 0.255175 0.519942 3.466176
5 1 57 34 0.281492 1.802121 0.580576 0.638535 2.672556
6 1 58 46 0.348971 1.988377 0.255175 0.519942 3.466176
5 1 57 34 0.281492 1.802121 0.580576 0.638535 2.672556
6 1 58 46 0.348971 1.988377 0.255175 0.519942 3.466176
5 1 57 34 0.281492 1.802121 0.580576 0.638535 2.672556
6 1 58 46 0.348971 1.988377 0.255175 0.519942 3.466176
27 31
5 1 48 11 0.261418 1.428591 0.392394 0.102897 1.475062
7 1 66 5 0.351955 2.147241 0.000000 0.112865 6.018608
0 1 43 13 0.258572 1.388303 0.361546 0.100285 2.591732
27 1 62 5 0.285067 1.824176 0.000000 0.096595 4.767120
5 1 48 11 0.261418 1.428591 0.392394 0.102897 1.475062
7 1 66 5 0.351955 2.147241 0.000000 0.112865 6.018608
5 1 48 11 0.261418 1.428591 0.392394 0.102897 1.475062
7 1 66 5 0.351955 2.147241 0.000000 0.112865 6.018608
28 26
11 1 42 23 0.258831 1.469106 0.173904 0.352188 2.462265
9 1 57 52 0.316996 1.668878 0.706027 0.412327 4.425078
3 1 44 22 0.268580 1.457565 0.415969 0.282772 2.480680
21 1 46 40 0.241005 1.595568 0.353283 0.463118 5.348569
3 1 44 22 0.268580 1.457565 0.415969 0.282772 2.480680
9 1 57 52 0.316996 1.668878 0.706027 0.412327 4.425078
11 1 42 23 0.258831 1.469106 0.173904 0.352188 2.462265
9 1 57 52 0.316996 1.668878 0.706027 0.412327 4.425078
29 60
10 1 43 28 0.247953 1.133185 0.469452 0.362275 3.284182
57 1 52 44 0.248519 1.095898 0.328930 0.529267 2.802340
9 1 49 17 0.331521 1.543707 0.398033 0.326223 2.139452
57 1 52 44 0.248519 1.095898 0.328930 0.529267 2.802340
9 1 49 17 0.331521 1.543707 0.398033 0.326223 2.139452
57 1 52 44 0.248519 1.095898 0.328930 0.529267 2.802340
10 1 43 28 0.247953 1.133185 0.469452 0.362275 3.284182
57 1 52 44 0.248519 1.095898 0.328930 0.529267 2.802340
30 38
8 1 53 28 0.271824 1.390482 0.250632 0.365134 2.142001
0 1 49 35 0.311789 1.130473 0.222207 0.407742 4.002072
27 1 44 17 0.260246 1.072649 0.321877 0.375901 2.306461
35 1 45 75 0.234677 1.325221 0.639905 1.361427 3.123106
11 1 43 19 0.218298 0.994668 0.262772 0.361984 2.885725
17 1 54 44 0.257369 1.187430 0.211268 0.735961 2.286462
8 1 53 28 0.271824 1.390482 0.250632 0.365134 2.142001
0 1 49 35 0.311789 1.130473 0.222207 0.407742 4.002072
32 38
11 1 46 21 0.241477 1.823540 0.437726 0.306062 1.859241
0 1 61 19 0.287658 1.942872 0.332576 0.428046 17.112481
5 1 57 17 0.209901 2.045450 0.225879 0.410603 7.023005
33 1 50 9 0.273350 1.899005 0.127112 0.316040 1.860041
8 1 58 18 0.267853 1.770181 0.333096 0.366258 1.726572
33 1 50 9 0.273350 1.899005 0.127112 0.316040 1.860041
11 1 46 21 0.241477 1.823540 0.437726 0.306062 1.859241
0 1 61 19 0.287658 1.942872 0.332576 0.428046 17.112481
33 25
15 1 43 21 0.246625 1.785890 0.353237 0.403336 1.619666
0 0 0 0 0.000000 0.000000 0.000000 0.000000 2.504125
3 1 56 21 0.262429 1.875006 0.472819 0.281159 1.670317
24 1 43 13 0.244376 1.778293 0.368664 0.378861 1.664809
5 1 45 22 0.233624 1.796370 0.165861 0.449464 3.068897
10 1 52 22 0.297625 1.951570 0.485418 0.376582 6.485759
15 1 43 21 0.246625 1.785890 0.353237 0.403336 1.619666
0 0 0 0 0.000000 0.000000 0.000000 0.000000 2.504125
34 7
5 1 49 21 0.257857 1.816092 0.379203 0.487138 1.665695
6 1 56 23 0.374907 1.945541 0.376274 0.294594 3.239177
5 1 49 21 0.257857 1.816092 0.379203 0.487138 1.665695
6 1 56 23 0.374907 1.945541 0.376274 0.294594 3.239177
5 1 49 21 0.257857 1.816092 0.379203 0.487138 1.665695
6 1 56 23 0.374907 1.945541 0.376274 0.294594 3.239177
5 1 49 21 0.257857 1.816092 0.379203 0.487138 1.665695
6 1 56 23 0.374907 1.945541 0.376274 0.294594 3.239177
35 52
17 1 49 17 0.277415 1.441059 0.423655 0.228732 1.599144
47 0 0 0 0.000000 0.000000 0.000000 0.000000 3.251972
17 1 49 17 0.277415 1.441059 0.423655 0.228732 1.599144
47 0 0 0 0.000000 0.000000 0.000000 0.000000 3.251972
17 1 49 17 0.277415 1.441059 0.423655 0.228732 1.599144
47 0 0 0 0.000000 0.000000 0.000000 0.000000 3.251972
17 1 49 17 0.277415 1.441059 0.423655 0.228732 1.599144
47 0 0 0 0.000000 0.000000 0.000000 0.000000 3.251972
36 26
11 1 43 22 0.260033 1.449472 0.494183 0.126064 3.257371
5 1 63 18 0.362414 1.685171 0.351958 0.224265 2.714358
3 1 45 17 0.282190 1.657159 0.376441 0.128109 1.727422
21 1 47 30 0.245872 1.622831 0.195914 0.393395 2.694883
7 1 46 23 0.222685 1.512315 0.434268 0.153361 2.056579
13 1 51 26 0.303446 1.663052 0.475745 0.228566 3.579518
11 1 43 22 0.260033 1.449472 0.494183 0.126064 3.257371
5 1 63 18 0.362414 1.685171 0.351958 0.224265 2.714358
37 66
16 1 53 25 0.277276 1.351577 0.312534 0.429662 2.951314
63 1 53 21 0.271029 1.069474 0.241925 0.528503 2.152270
15 1 44 25 0.245319 1.130460 0.354231 0.488982 2.961926
63 1 53 21 0.271029 1.069474 0.241925 0.528503 2.152270
15 1 44 25 0.245319 1.130460 0.354231 0.488982 2.961926
63 1 53 21 0.271029 1.069474 0.241925 0.528503 2.152270
16 1 53 25 0.277276 1.351577 0.312534 0.429662 2.951314
63 1 53 21 0.271029 1.069474 0.241925 0.528503 2.152270
38 39
16 1 45 21 0.249525 0.969465 0.370320 0.369370 2.200595
0 1 58 19 0.336133 1.118676 0.298229 0.368884 3.158672
4 1 47 18 0.237486 1.214472 0.290388 0.366670 2.459175
36 1 45 27 0.234677 1.325221 0.566059 0.465987 1.616308
12 1 43 28 0.253180 1.189952 0.469368 0.365589 20.078922
35 1 50 26 0.232960 1.311824 0.209317 0.506033 1.207906
16 1 45 21 0.249525 0.969465 0.370320 0.369370 2.200595
0 1 58 19 0.336133 1.118676 0.298229 0.368884 3.158672
40 39
12 1 52 20 0.266355 1.827854 0.125539 0.388168 2.085490
0 1 62 35 0.278051 1.930586 0.332473 0.538417 3.543258
6 1 45 20 0.264302 1.857484 0.211279 0.507176 2.117738
34 1 51 21 0.281310 1.654958 0.324505 0.433490 3.503495
14 1 50 28 0.261843 2.008431 0.198803 0.413651 2.007125
34 1 51 21 0.281310 1.654958 0.324505 0.433490 3.503495
12 1 52 20 0.266355 1.827854 0.125539 0.388168 2.085490
0 1 62 35 0.278051 1.930586 0.332473 0.538417 3.543258
41 25
6 1 44 17 0.249049 1.804413 0.202451 0.285883 1.908766
0 1 63 25 0.221620 1.709084 0.153375 0.320199 1.707799
6 1 44 17 0.249049 1.804413 0.202451 0.285883 1.908766
20 1 53 18 0.274535 1.852736 0.329029 0.399841 2.691622
6 1 44 17 0.249049 1.804413 0.202451 0.285883 1.908766
20 1 53 18 0.274535 1.852736 0.329029 0.399841 2.691622
6 1 44 17 0.249049 1.804413 0.202451 0.285883 1.908766
0 1 63 25 0.221620 1.709084 0.153375 0.320199 1.707799
42 7
5 1 49 19 0.257858 1.816092 0.389382 0.316963 1.491038
6 1 64 16 0.266340 1.942661 0.390588 0.226716 4.944067
5 1 49 19 0.257858 1.816092 0.389382 0.316963 1.491038
6 1 64 16 0.266340 1.942661 0.390588 0.226716 4.944067
5 1 49 19 0.257858 1.816092 0.389382 0.316963 1.491038
6 1 64 16 0.266340 1.942661 0.390588 0.226716 4.944067
5 1 49 19 0.257858 1.816092 0.389382 0.316963 1.491038
6 1 64 16 0.266340 1.942661 0.390588 0.226716 4.944067
43 52
17 1 51 27 0.268739 1.456903 0.128298 0.390246 2.494242
47 0 0 0 0.000000 0.000000 0.000000 0.000000 2.713460
22 1 49 20 0.314016 1.246613 0.275028 0.450130 1.499115
47 0 0 0 0.000000 0.000000 0.000000 0.000000 2.713460
22 1 49 20 0.314016 1.246613 0.275028 0.450130 1.499115
47 0 0 0 0.000000 0.000000 0.000000 0.000000 2.713460
17 1 51 27 0.268739 1.456903 0.128298 0.390246 2.494242
47 0 0 0 0.000000 0.000000 0.000000 0.000000 2.713460
44 43
17 1 57 22 0.328950 1.436919 0.165570 0.321479 2.289635
1 0 0 0 0.000000 0.000000 0.000000 0.000000 18.021256
17 1 57 22 0.328950 1.436919 0.165570 0.321479 2.289635
39 1 56 8 0.269856 1.588942 0.160741 0.149168 3.626066
17 1 57 22 0.328950 1.436919 0.165570 0.321479 2.289635
1 0 0 0 0.000000 0.000000 0.000000 0.000000 18.021256
17 1 57 22 0.328950 1.436919 0.165570 0.321479 2.289635
1 0 0 0 0.000000 0.000000 0.000000 0.000000 18.021256
45 67
16 1 42 29 0.278602 1.117422 0.370268 0.570863 3.890237
64 1 53 21 0.271029 1.069474 0.410719 0.465209 4.906294
15 1 47 28 0.396627 1.175144 0.370543 0.608923 3.334026
64 1 53 21 0.271029 1.069474 0.410719 0.465209 4.906294
15 1 47 28 0.396627 1.175144 0.370543 0.608923 3.334026
64 1 53 21 0.271029 1.069474 0.410719 0.465209 4.906294
16 1 42 29 0.278602 1.117422 0.370268 0.570863 3.890237
64 1 53 21 0.271029 1.069474 0.410719 0.465209 4.906294
46 39
16 1 50 22 0.278394 1.077249 0.449867 0.492131 2.581281
0 1 59 20 0.404589 1.317087 0.362543 0.399346 2.373807
4 1 46 29 0.262206 1.207689 0.547751 0.509462 1.764240
36 1 46 18 0.240234 1.172034 0.281044 0.531807 3.056529
12 1 51 26 0.218852 1.247975 0.488140 0.518056 1.697588
35 1 48 20 0.263916 1.134235 0.424772 0.499521 3.168234
16 1 50 22 0.278394 1.077249 0.449867 0.492131 2.581281
0 1 59 20 0.404589 1.317087 0.362543 0.399346 2.373807
48 39
12 1 50 29 0.260510 1.924713 0.150995 0.962875 2.880385
0 1 55 33 0.291517 1.961218 0.460082 0.908333 9.707579
5 1 58 27 0.275480 1.894316 0.313301 1.029934 6.205951
34 1 52 29 0.273998 1.623472 0.253535 0.963216 5.804279
9 1 60 23 0.319230 1.801524 0.214802 0.783336 4.910031
34 1 52 29 0.273998 1.623472 0.253535 0.963216 5.804279
12 1 50 29 0.260510 1.924713 0.150995 0.962875 2.880385
0 1 55 33 0.291517 1.961218 0.460082 0.908333 9.707579
49 25
6 1 42 23 0.243617 1.803352 0.154999 1.013761 0.961372
0 1 57 41 0.252410 2.000969 0.474319 0.952644 2.032356
2 0 0 0 0.000000 0.000000 0.000000 0.000000 17.752105
24 1 49 26 0.229804 1.661461 0.174110 0.832962 2.597995
7 1 52 31 0.327159 2.034298 0.309081 0.944618 5.642958
0 1 57 41 0.252410 2.000969 0.474319 0.952644 2.032356
6 1 42 23 0.243617 1.803352 0.154999 1.013761 0.961372
0 1 57 41 0.252410 2.000969 0.474319 0.952644 2.032356
50 7
5 1 49 34 0.257858 1.816092 0.221480 0.839417 1.474917
6 1 51 30 0.236312 1.928661 0.477159 0.883144 1.971200
6 1 51 30 0.236312 1.928661 0.477159 0.883144 1.971200
5 1 49 34 0.257858 1.816092 0.221480 0.839417 1.474917
6 1 51 30 0.236312 1.928661 0.477159 0.883144 1.971200
0 1 52 29 0.246987 1.899562 0.171728 1.110645 1.429785
5 1 49 34 0.257858 1.816092 0.221480 0.839417 1.474917
6 1 51 30 0.236312 1.928661 0.477159 0.883144 1.971200
51 52
17 1 49 24 0.272159 1.458531 0.437100 0.533763 3.305178
47 0 0 0 0.000000 0.000000 0.000000 0.000000 2.908260
14 1 49 22 0.377452 2.092468 0.424090 0.405529 3.632851
51 1 55 22 0.278951 1.384864 0.010833 0.612027 2.618230
24 0 0 0 0.000000 0.000000 0.000000 0.000000 4.552196
51 1 55 22 0.278951 1.384864 0.010833 0.612027 2.618230
17 1 49 24 0.272159 1.458531 0.437100 0.533763 3.305178
47 0 0 0 0.000000 0.000000 0.000000 0.000000 2.908260
52 43
17 1 44 20 0.254253 1.357113 0.172891 0.569157 2.635708
1 0 0 0 0.000000 0.000000 0.000000 0.000000 19.106886
9 0 0 0 0.000000 0.000000 0.000000 0.000000 19.040106
42 1 44 18 0.247666 1.313099 0.196858 0.394864 1.774660
14 1 63 19 0.331546 1.835568 0.422950 0.406841 19.008166
3 1 51 20 0.298379 1.726441 0.144458 0.590285 2.477842
17 1 44 20 0.254253 1.357113 0.172891 0.569157 2.635708
1 0 0 0 0.000000 0.000000 0.000000 0.000000 19.106886
53 30
7 1 48 17 0.245144 1.509263 0.004475 0.702084 1.591316
13 1 46 15 0.259644 1.673843 0.170484 0.568822 4.517693
5 1 47 20 0.292651 1.734998 0.241912 0.526606 3.098278
27 1 60 28 0.275173 1.584428 0.406723 0.631039 1.923640
13 1 46 15 0.259644 1.673843 0.170484 0.568822 4.517693
29 1 50 31 0.262097 1.662587 0.422689 0.537196 1.156921
7 1 48 17 0.245144 1.509263 0.004475 0.702084 1.591316
13 1 46 15 0.259644 1.673843 0.170484 0.568822 4.517693
54 33
7 1 48 11 0.298248 1.067172 0.204976 0.236964 1.813868
12 1 49 15 0.300091 1.216498 0.297500 0.242449 3.802733
3 1 48 18 0.347407 1.109926 0.374176 0.236287 2.130610
30 1 45 16 0.234677 1.325221 0.427616 0.114588 2.253622
7 1 48 11 0.298248 1.067172 0.204976 0.236964 1.813868
29 1 45 3 0.232604 1.257492 0.000000 0.072367 1.728468
7 1 48 11 0.298248 1.067172 0.204976 0.236964 1.813868
12 1 49 15 0.300091 1.216498 0.297500 0.242449 3.802733
56 39
12 1 46 20 0.245523 1.788705 0.164387 0.704263 2.294912
0 1 62 20 0.298270 1.847761 0.009763 0.691521 18.276284
5 1 61 21 0.435945 2.502066 0.140199 0.695442 5.079797
34 1 50 23 0.265387 1.808973 0.159910 0.711068 2.000737
9 1 59 21 0.251647 1.905692 0.031997 0.694306 5.748011
34 1 50 23 0.265387 1.808973 0.159910 0.711068 2.000737
12 1 46 20 0.245523 1.788705 0.164387 0.704263 2.294912
0 1 62 20 0.298270 1.847761 0.009763 0.691521 18.276284
57 25
6 1 43 17 0.253857 1.790598 0.171909 0.664395 2.105005
0 1 56 19 0.279983 2.060206 0.181965 0.745720 1.595072
2 0 0 0 0.000000 0.000000 0.000000 0.000000 15.276372
24 1 43 19 0.244376 1.778293 0.073039 0.686297 2.063680
7 1 51 22 0.337425 1.882168 0.135273 0.881766 3.520550
0 1 56 19 0.279983 2.060206 0.181965 0.745720 1.595072
6 1 43 17 0.253857 1.790598 0.171909 0.664395 2.105005
0 1 56 19 0.279983 2.060206 0.181965 0.745720 1.595072
58 7
5 1 49 30 0.257858 1.816092 0.328272 0.883056 2.866487
6 1 51 28 0.263849 1.924769 0.422249 0.841566 4.718325
3 1 51 30 0.298625 1.943550 0.490008 0.829087 3.744205
5 1 49 30 0.257858 1.816092 0.328272 0.883056 2.866487
3 1 51 30 0.298625 1.943550 0.490008 0.829087 3.744205
0 1 51 24 0.291814 1.878705 0.217328 0.745901 1.701346
5 1 49 30 0.257858 1.816092 0.328272 0.883056 2.866487
6 1 51 28 0.263849 1.924769 0.422249 0.841566 4.718325
59 52
17 1 50 13 0.289636 1.270010 0.000000 0.376362 2.311718
47 0 0 0 0.000000 0.000000 0.000000 0.000000 4.863702
18 1 49 24 0.296603 2.170619 0.173528 0.474107 3.166022
51 1 48 18 0.301953 1.569961 0.164983 0.538076 1.544279
15 1 53 22 0.311551 1.497351 0.222209 0.455538 4.194065
51 1 48 18 0.301953 1.569961 0.164983 0.538076 1.544279
17 1 50 13 0.289636 1.270010 0.000000 0.376362 2.311718
47 0 0 0 0.000000 0.000000 0.000000 0.000000 4.863702
60 43
17 1 50 14 0.262063 1.425325 0.283886 0.306390 1.478316
1 0 0 0 0.000000 0.000000 0.000000 0.000000 19.304443
8 1 60 31 0.248926 1.531333 0.397968 0.346168 5.788630
42 1 45 20 0.269127 1.550449 0.402266 0.324510 2.736298
15 1 50 19 0.269023 1.577299 0.037395 0.356166 2.439679
42 1 45 20 0.269127 1.550449 0.402266 0.324510 2.736298
17 1 50 14 0.262063 1.425325 0.283886 0.306390 1.478316
1 0 0 0 0.000000 0.000000 0.000000 0.000000 19.304443
61 30
7 1 46 17 0.265688 1.455422 0.400949 0.352925 3.331354
13 1 50 26 0.330280 1.656494 0.223769 0.392745 6.744533
2 1 58 23 0.314950 1.668941 0.158000 0.424821 3.721000
28 1 46 20 0.303211 1.542394 0.451661 0.418862 2.915497
6 1 46 17 0.299461 1.566124 0.257290 0.359825 1.522770
28 1 46 20 0.303211 1.542394 0.451661 0.418862 2.915497
7 1 46 17 0.265688 1.455422 0.400949 0.352925 3.331354
13 1 50 26 0.330280 1.656494 0.223769 0.392745 6.744533
62 67
16 1 42 19 0.229897 1.154702 0.373936 0.233400 3.090648
64 1 51 4 0.408841 1.243430 0.000000 0.063058 3.362219
15 1 48 16 0.327159 0.979380 0.385129 0.236895 2.942028
64 1 51 4 0.408841 1.243430 0.000000 0.063058 3.362219
15 1 48 16 0.327159 0.979380 0.385129 0.236895 2.942028
64 1 51 4 0.408841 1.243430 0.000000 0.063058 3.362219
16 1 42 19 0.229897 1.154702 0.373936 0.233400 3.090648
64 1 51 4 0.408841 1.243430 0.000000 0.063058 3.362219
64 39
12 1 53 29 0.236526 2.024138 0.136385 0.854512 18.530680
0 1 60 41 0.461036 1.941255 0.606991 0.776125 7.679516
5 1 57 42 0.227340 2.041687 0.591107 0.816842 4.898727
34 1 49 31 0.268246 1.812098 0.368488 0.874683 2.202676
9 1 52 35 0.290702 1.980406 0.509563 0.951744 40.808350
34 1 49 31 0.268246 1.812098 0.368488 0.874683 2.202676
12 1 53 29 0.236526 2.024138 0.136385 0.854512 18.530680
0 1 60 41 0.461036 1.941255 0.606991 0.776125 7.679516
65 25
6 1 42 25 0.234423 1.807033 0.248509 0.721816 0.966587
0 1 46 35 0.250536 1.751205 0.544616 0.729263 4.097571
2 0 0 0 0.000000 0.000000 0.000000 0.000000 7.525426
24 1 47 22 0.255943 1.872157 0.230509 0.717786 2.463242
7 1 49 31 0.343312 1.857053 0.200560 0.734118 45.461533
0 1 46 35 0.250536 1.751205 0.544616 0.729263 4.097571
6 1 42 25 0.234423 1.807033 0.248509 0.721816 0.966587
0 1 46 35 0.250536 1.751205 0.544616 0.729263 4.097571
66 7
5 1 49 21 0.257857 1.816092 0.292879 0.681149 1.027200
6 1 52 21 0.304619 1.921062 0.317371 0.803951 2.806506
6 1 52 21 0.304619 1.921062 0.317371 0.803951 2.806506
5 1 49 21 0.257857 1.816092 0.292879 0.681149 1.027200
6 1 52 21 0.304619 1.921062 0.317371 0.803951 2.806506
0 1 52 20 0.254323 1.886760 0.154048 0.664142 2.994597
5 1 49 21 0.257857 1.816092 0.292879 0.681149 1.027200
6 1 52 21 0.304619 1.921062 0.317371 0.803951 2.806506
67 52
17 1 56 33 0.270371 1.336545 0.321440 0.545502 2.944992
47 0 0 0 0.000000 0.000000 0.000000 0.000000 2.004629
19 0 0 0 0.000000 0.000000 0.000000 0.000000 14.677220
51 1 48 20 0.300849 1.503556 0.205649 0.512151 1.904968
6 1 55 39 0.283647 1.623560 0.414901 0.583215 3.092954
51 1 48 20 0.300849 1.503556 0.205649 0.512151 1.904968
17 1 56 33 0.270371 1.336545 0.321440 0.545502 2.944992
47 0 0 0 0.000000 0.000000 0.000000 0.000000 2.004629
68 43
17 1 47 26 0.254146 1.433722 0.223755 0.396675 1.750441
1 0 0 0 0.000000 0.000000 0.000000 0.000000 19.477717
9 0 0 0 0.000000 0.000000 0.000000 0.000000 20.576046
42 1 50 16 0.267667 1.390245 0.304164 0.410535 2.064848
19 1 52 25 0.309584 1.752233 0.389025 0.604009 8.497312
3 1 55 29 0.249075 1.606667 0.178207 0.456319 2.334183
17 1 47 26 0.254146 1.433722 0.223755 0.396675 1.750441
1 0 0 0 0.000000 0.000000 0.000000 0.000000 19.477717
69 30
7 1 45 23 0.289825 1.613469 0.234853 0.324946 2.886841
13 1 48 31 0.314537 1.663438 0.362627 0.350150 3.587638
5 1 48 26 0.426536 1.671547 0.452612 0.490720 4.395556
28 1 46 21 0.267894 1.541731 0.305165 0.383445 2.268430
6 1 47 23 0.271896 1.672146 0.230796 0.364374 1.250171
28 1 46 21 0.267894 1.541731 0.305165 0.383445 2.268430
7 1 45 23 0.289825 1.613469 0.234853 0.324946 2.886841
13 1 48 31 0.314537 1.663438 0.362627 0.350150 3.587638
70 67
16 1 54 26 0.361794 0.952826 0.344388 0.405106 7.370876
64 1 53 20 0.271029 1.069474 0.298402 0.280770 2.007151
16 1 54 26 0.361794 0.952826 0.344388 0.405106 7.370876
64 1 53 20 0.271029 1.069474 0.298402 0.280770 2.007151
16 1 54 26 0.361794 0.952826 0.344388 0.405106 7.370876
64 1 53 20 0.271029 1.069474 0.298402 0.280770 2.007151
16 1 54 26 0.361794 0.952826 0.344388 0.405106 7.370876
64 1 53 20 0.271029 1.069474 0.298402 0.280770 2.007151
71 39
16 1 50 17 0.230302 1.041774 0.296913 0.221015 1.513609
0 1 55 22 0.352930 1.254763 0.100442 0.358365 3.608530
5 1 43 29 0.295963 1.230970 0.367414 0.297611 2.550194
36 1 48 23 0.221251 1.278649 0.245686 0.147053 2.374630
9 1 46 26 0.266589 1.149441 0.145101 0.303468 3.299097
35 1 53 4 0.203127 1.355151 0.000000 0.066599 1.382135
16 1 50 17 0.230302 1.041774 0.296913 0.221015 1.513609
0 1 55 22 0.352930 1.254763 0.100442 0.358365 3.608530
