0 18
3 1 42 20 0.239125 1.803709 0.307735 0.093891 0.531958
13 1 56 41 0.349303 2.030142 0.598617 0.209485 2.947997
12 1 48 13 0.260429 1.850822 0.275105 0.080650 0.743564
13 1 56 41 0.349303 2.030142 0.598617 0.209485 2.947997
3 1 42 20 0.239125 1.803709 0.307735 0.093891 0.531958
13 1 56 41 0.349303 2.030142 0.598617 0.209485 2.947997
3 1 42 20 0.239125 1.803709 0.307735 0.093891 0.531958
13 1 56 41 0.349303 2.030142 0.598617 0.209485 2.947997
1 7
5 1 49 21 0.257859 1.816092 0.296119 0.261055 0.934650
6 1 57 30 0.280630 1.906830 0.177103 0.527883 2.884195
5 1 49 21 0.257859 1.816092 0.296119 0.261055 0.934650
6 1 57 30 0.280630 1.906830 0.177103 0.527883 2.884195
5 1 49 21 0.257859 1.816092 0.296119 0.261055 0.934650
6 1 57 30 0.280630 1.906830 0.177103 0.527883 2.884195
5 1 49 21 0.257859 1.816092 0.296119 0.261055 0.934650
6 1 57 30 0.280630 1.906830 0.177103 0.527883 2.884195
2 48
19 1 50 27 0.271410 1.312886 0.451463 0.368199 1.418997
43 0 0 0 0.000000 0.000000 0.000000 0.000000 1.081199
19 1 50 27 0.271410 1.312886 0.451463 0.368199 1.418997
43 0 0 0 0.000000 0.000000 0.000000 0.000000 1.081199
19 1 50 27 0.271410 1.312886 0.451463 0.368199 1.418997
43 0 0 0 0.000000 0.000000 0.000000 0.000000 1.081199
19 1 50 27 0.271410 1.312886 0.451463 0.368199 1.418997
43 0 0 0 0.000000 0.000000 0.000000 0.000000 1.081199
3 43
17 1 44 20 0.251561 1.360391 0.302512 0.373277 0.658621
1 0 0 0 0.000000 0.000000 0.000000 0.000000 10.592494
17 1 44 20 0.251561 1.360391 0.302512 0.373277 0.658621
39 1 56 41 0.305042 1.619658 0.175064 0.455294 1.041417
17 1 44 20 0.251561 1.360391 0.302512 0.373277 0.658621
1 0 0 0 0.000000 0.000000 0.000000 0.000000 10.592494
17 1 44 20 0.251561 1.360391 0.302512 0.373277 0.658621
1 0 0 0 0.000000 0.000000 0.000000 0.000000 10.592494
4 30
7 1 52 22 0.229811 1.504519 0.348385 0.454435 1.925432
13 1 55 38 0.281666 1.625299 0.316897 0.589950 0.951398
7 1 52 22 0.229811 1.504519 0.348385 0.454435 1.925432
25 1 51 36 0.244660 1.576137 0.314300 0.495571 1.142772
7 1 52 22 0.229811 1.504519 0.348385 0.454435 1.925432
25 1 51 36 0.244660 1.576137 0.314300 0.495571 1.142772
7 1 52 22 0.229811 1.504519 0.348385 0.454435 1.925432
13 1 55 38 0.281666 1.625299 0.316897 0.589950 0.951398
5 65
14 1 43 24 0.244944 1.086116 0.213837 0.825629 1.215400
62 1 52 45 0.269683 1.071696 0.371374 1.316750 1.226716
20 1 49 31 0.295069 1.134082 0.350127 0.829003 1.417719
61 1 53 45 0.296466 1.257174 0.210545 1.172020 1.103761
14 1 43 24 0.244944 1.086116 0.213837 0.825629 1.215400
62 1 52 45 0.269683 1.071696 0.371374 1.316750 1.226716
14 1 43 24 0.244944 1.086116 0.213837 0.825629 1.215400
62 1 52 45 0.269683 1.071696 0.371374 1.316750 1.226716
6 39
16 1 42 27 0.315858 1.039802 0.196755 0.919742 1.616717
0 1 52 49 0.252616 1.272486 0.655086 0.912224 9.418128
8 1 47 30 0.291639 1.115662 0.494599 0.807482 4.862998
35 1 48 41 0.272958 1.200077 0.212471 1.133224 1.096868
12 1 45 32 0.228453 1.005607 0.507744 0.819750 1.206519
35 1 48 41 0.272958 1.200077 0.212471 1.133224 1.096868
16 1 42 27 0.315858 1.039802 0.196755 0.919742 1.616717
0 1 52 49 0.252616 1.272486 0.655086 0.912224 9.418128
8 32
10 1 54 15 0.247684 1.668794 0.400972 0.197575 0.780421
0 1 62 16 0.243015 1.954144 0.283841 0.161277 4.470960
5 1 47 16 0.251528 1.730007 0.347270 0.136728 1.160252
27 1 52 14 0.275386 1.721890 0.451010 0.132881 0.928855
7 1 53 12 0.240454 2.108762 0.241356 0.206345 1.791666
25 1 50 16 0.282442 1.775135 0.410356 0.199164 0.860060
10 1 54 15 0.247684 1.668794 0.400972 0.197575 0.780421
0 1 62 16 0.243015 1.954144 0.283841 0.161277 4.470960
9 7
5 1 49 15 0.257858 1.816092 0.316115 0.101374 0.647595
6 1 56 20 0.310172 1.925587 0.324219 0.226396 1.805659
5 1 49 15 0.257858 1.816092 0.316115 0.101374 0.647595
6 1 56 20 0.310172 1.925587 0.324219 0.226396 1.805659
5 1 49 15 0.257858 1.816092 0.316115 0.101374 0.647595
6 1 56 20 0.310172 1.925587 0.324219 0.226396 1.805659
5 1 49 15 0.257858 1.816092 0.316115 0.101374 0.647595
6 1 56 20 0.310172 1.925587 0.324219 0.226396 1.805659
10 48
19 1 51 24 0.248598 1.523109 0.307096 0.385841 1.878294
43 0 0 0 0.000000 0.000000 0.000000 0.000000 5.456437
19 1 51 24 0.248598 1.523109 0.307096 0.385841 1.878294
43 0 0 0 0.000000 0.000000 0.000000 0.000000 5.456437
19 1 51 24 0.248598 1.523109 0.307096 0.385841 1.878294
43 0 0 0 0.000000 0.000000 0.000000 0.000000 5.456437
19 1 51 24 0.248598 1.523109 0.307096 0.385841 1.878294
43 0 0 0 0.000000 0.000000 0.000000 0.000000 5.456437
11 43
17 1 44 22 0.254253 1.357113 0.222814 0.402690 1.944922
1 0 0 0 0.000000 0.000000 0.000000 0.000000 11.179708
17 1 44 22 0.254253 1.357113 0.222814 0.402690 1.944922
39 1 54 17 0.347578 1.701068 0.393201 0.285835 1.988417
17 1 44 22 0.254253 1.357113 0.222814 0.402690 1.944922
1 0 0 0 0.000000 0.000000 0.000000 0.000000 11.179708
17 1 44 22 0.254253 1.357113 0.222814 0.402690 1.944922
1 0 0 0 0.000000 0.000000 0.000000 0.000000 11.179708
12 30
7 1 44 20 0.265802 1.459619 0.440784 0.431340 0.884378
13 1 63 19 0.243129 1.708832 0.439296 0.444427 2.745395
7 1 44 20 0.265802 1.459619 0.440784 0.431340 0.884378
25 1 49 24 0.361914 1.682452 0.382140 0.423694 1.126079
7 1 44 20 0.265802 1.459619 0.440784 0.431340 0.884378
25 1 49 24 0.361914 1.682452 0.382140 0.423694 1.126079
7 1 44 20 0.265802 1.459619 0.440784 0.431340 0.884378
13 1 63 19 0.243129 1.708832 0.439296 0.444427 2.745395
13 65
14 1 43 29 0.267102 1.151031 0.275148 0.796108 2.208586
62 1 52 30 0.269688 1.071696 0.225078 0.948928 1.362179
20 1 55 48 0.241616 1.382169 0.732985 0.838966 8.537003
62 1 52 30 0.269688 1.071696 0.225078 0.948928 1.362179
14 1 43 29 0.267102 1.151031 0.275148 0.796108 2.208586
62 1 52 30 0.269688 1.071696 0.225078 0.948928 1.362179
14 1 43 29 0.267102 1.151031 0.275148 0.796108 2.208586
62 1 52 30 0.269688 1.071696 0.225078 0.948928 1.362179
14 39
16 1 47 23 0.365242 1.105820 0.239128 0.787057 0.887864
0 1 57 33 0.402962 1.589652 0.262634 0.981529 10.836203
8 1 46 25 0.284461 1.083384 0.453280 0.785484 7.663323
36 1 45 37 0.234677 1.325221 0.287937 0.760729 0.883778
12 1 44 23 0.215622 0.990463 0.239609 0.935952 1.944849
35 1 45 32 0.232604 1.257492 0.280040 0.835543 0.737781
16 1 47 23 0.365242 1.105820 0.239128 0.787057 0.887864
0 1 57 33 0.402962 1.589652 0.262634 0.981529 10.836203
16 37
12 1 45 17 0.244803 1.811580 0.252075 0.400717 0.595714
0 1 54 28 0.301372 2.247401 0.253756 0.506312 2.795308
6 1 46 19 0.262637 1.796202 0.235010 0.465477 1.166977
36 1 50 20 0.246678 2.089894 0.215818 0.422410 0.814061
10 1 46 21 0.248585 1.785792 0.173396 0.407126 1.108764
32 1 54 16 0.282031 1.826536 0.127859 0.303043 0.823149
12 1 45 17 0.244803 1.811580 0.252075 0.400717 0.595714
0 1 54 28 0.301372 2.247401 0.253756 0.506312 2.795308
17 25
6 1 41 19 0.242048 1.807002 0.233083 0.276844 0.695791
0 1 45 17 0.242817 1.821435 0.175629 0.235813 0.833476
6 1 41 19 0.242048 1.807002 0.233083 0.276844 0.695791
20 1 53 17 0.315100 1.961032 0.335643 0.233908 1.626644
6 1 41 19 0.242048 1.807002 0.233083 0.276844 0.695791
20 1 53 17 0.315100 1.961032 0.335643 0.233908 1.626644
6 1 41 19 0.242048 1.807002 0.233083 0.276844 0.695791
0 1 45 17 0.242817 1.821435 0.175629 0.235813 0.833476
18 48
19 1 48 28 0.262846 1.278912 0.182811 0.529719 1.880960
43 0 0 0 0.000000 0.000000 0.000000 0.000000 11.013426
19 1 48 28 0.262846 1.278912 0.182811 0.529719 1.880960
43 0 0 0 0.000000 0.000000 0.000000 0.000000 11.013426
19 1 48 28 0.262846 1.278912 0.182811 0.529719 1.880960
43 0 0 0 0.000000 0.000000 0.000000 0.000000 11.013426
19 1 48 28 0.262846 1.278912 0.182811 0.529719 1.880960
43 0 0 0 0.000000 0.000000 0.000000 0.000000 11.013426
19 43
17 1 48 19 0.261418 1.428591 0.210466 0.484147 1.023659
1 0 0 0 0.000000 0.000000 0.000000 0.000000 10.912059
17 1 48 19 0.261418 1.428591 0.210466 0.484147 1.023659
39 1 57 26 0.238146 1.582971 0.103898 0.384000 2.241424
17 1 48 19 0.261418 1.428591 0.210466 0.484147 1.023659
1 0 0 0 0.000000 0.000000 0.000000 0.000000 10.912059
17 1 48 19 0.261418 1.428591 0.210466 0.484147 1.023659
1 0 0 0 0.000000 0.000000 0.000000 0.000000 10.912059
20 30
7 1 50 20 0.286569 1.675257 0.233785 0.549219 1.298762
13 1 49 22 0.236447 1.623331 0.462439 0.409062 2.123525
7 1 50 20 0.286569 1.675257 0.233785 0.549219 1.298762
25 1 50 19 0.268339 1.571830 0.403328 0.269011 1.100451
7 1 50 20 0.286569 1.675257 0.233785 0.549219 1.298762
25 1 50 19 0.268339 1.571830 0.403328 0.269011 1.100451
7 1 50 20 0.286569 1.675257 0.233785 0.549219 1.298762
13 1 49 22 0.236447 1.623331 0.462439 0.409062 2.123525
21 65
14 1 52 41 0.277737 0.967809 0.568947 0.940331 1.316939
62 1 53 27 0.236944 1.058681 0.204948 1.090288 0.724489
20 1 48 38 0.308911 1.096984 0.769563 0.924305 2.256282
62 1 53 27 0.236944 1.058681 0.204948 1.090288 0.724489
14 1 52 41 0.277737 0.967809 0.568947 0.940331 1.316939
62 1 53 27 0.236944 1.058681 0.204948 1.090288 0.724489
14 1 52 41 0.277737 0.967809 0.568947 0.940331 1.316939
62 1 53 27 0.236944 1.058681 0.204948 1.090288 0.724489
22 39
16 1 46 27 0.323800 1.069589 0.306501 0.794462 5.050465
0 1 52 25 0.333762 1.164770 0.332237 0.754199 1.162482
8 1 50 25 0.251386 1.003573 0.199142 0.910288 0.954360
36 1 45 26 0.234677 1.325221 0.198885 0.740228 0.979539
12 1 47 26 0.250583 1.201625 0.190560 0.850827 1.503101
35 1 55 24 0.257925 1.126830 0.307008 0.868281 1.532770
16 1 46 27 0.323800 1.069589 0.306501 0.794462 5.050465
0 1 52 25 0.333762 1.164770 0.332237 0.754199 1.162482
24 21
19 1 50 21 0.244437 2.166399 0.274931 0.358543 1.473502
11 1 52 26 0.278979 1.809193 0.173624 0.399186 1.617589
2 1 60 23 0.350437 2.192502 0.194586 0.414032 10.660254
20 1 51 19 0.239334 2.125500 0.297726 0.355976 1.067529
3 1 63 19 0.312711 1.961684 0.036505 0.413691 10.414505
11 1 52 26 0.278979 1.809193 0.173624 0.399186 1.617589
19 1 50 21 0.244437 2.166399 0.274931 0.358543 1.473502
11 1 52 26 0.278979 1.809193 0.173624 0.399186 1.617589
25 15
13 1 42 38 0.239382 1.785403 0.572394 0.523628 1.244290
0 0 0 0 0.000000 0.000000 0.000000 0.000000 10.931277
0 0 0 0 0.000000 0.000000 0.000000 0.000000 10.931277
14 1 52 17 0.240042 1.745327 0.234360 0.355946 1.186823
4 1 56 34 0.303046 2.008216 0.178900 0.538581 10.692705
12 1 49 35 0.235462 1.729150 0.687809 0.411207 0.638227
13 1 42 38 0.239382 1.785403 0.572394 0.523628 1.244290
0 0 0 0 0.000000 0.000000 0.000000 0.000000 10.931277
26 7
5 1 50 29 0.268787 1.796603 0.240078 0.565697 0.979109
6 1 61 49 0.475452 1.984876 0.713761 0.654987 1.525106
0 1 54 44 0.345868 1.954015 0.681276 0.538442 2.527995
6 1 61 49 0.475452 1.984876 0.713761 0.654987 1.525106
5 1 50 29 0.268787 1.796603 0.240078 0.565697 0.979109
6 1 61 49 0.475452 1.984876 0.713761 0.654987 1.525106
5 1 50 29 0.268787 1.796603 0.240078 0.565697 0.979109
6 1 61 49 0.475452 1.984876 0.713761 0.654987 1.525106
27 18
0 1 47 17 0.254147 1.433721 0.322911 0.126333 1.442969
15 1 58 16 0.298730 1.563093 0.171783 0.172733 1.335219
6 1 47 20 0.283023 1.338967 0.467830 0.109106 1.224135
14 1 60 33 0.235799 1.684405 0.237433 0.493855 2.048945
0 1 47 17 0.254147 1.433721 0.322911 0.126333 1.442969
14 1 60 33 0.235799 1.684405 0.237433 0.493855 2.048945
0 1 47 17 0.254147 1.433721 0.322911 0.126333 1.442969
15 1 58 16 0.298730 1.563093 0.171783 0.172733 1.335219
28 14
7 1 52 21 0.311590 1.695081 0.133225 0.352952 0.599957
4 1 46 43 0.218987 1.562993 0.657830 0.374895 5.651561
0 0 0 0 0.000000 0.000000 0.000000 0.000000 0.468580
9 1 52 39 0.230941 1.583188 0.539604 0.373459 1.480691
7 1 52 21 0.311590 1.695081 0.133225 0.352952 0.599957
9 1 52 39 0.230941 1.583188 0.539604 0.373459 1.480691
7 1 52 21 0.311590 1.695081 0.133225 0.352952 0.599957
4 1 46 43 0.218987 1.562993 0.657830 0.374895 5.651561
29 47
7 1 43 26 0.245741 1.076626 0.222182 0.388155 1.609486
44 1 52 38 0.269688 1.071696 0.195163 0.598512 2.174733
16 1 44 23 0.277560 0.908622 0.042101 0.460202 0.670234
44 1 52 38 0.269688 1.071696 0.195163 0.598512 2.174733
7 1 43 26 0.245741 1.076626 0.222182 0.388155 1.609486
44 1 52 38 0.269688 1.071696 0.195163 0.598512 2.174733
7 1 43 26 0.245741 1.076626 0.222182 0.388155 1.609486
44 1 52 38 0.269688 1.071696 0.195163 0.598512 2.174733
30 33
8 1 45 24 0.210451 1.025485 0.452825 0.376731 1.036604
19 1 53 36 0.265177 1.142834 0.196558 0.588565 1.561615
22 1 47 23 0.291256 1.325559 0.203943 0.480586 2.899154
30 1 45 75 0.234702 1.329844 0.822196 1.150326 1.841496
10 1 57 19 0.337040 1.018433 0.221949 0.373238 0.973199
29 1 48 39 0.245764 1.153103 0.127139 0.518855 0.742414
8 1 45 24 0.210451 1.025485 0.452825 0.376731 1.036604
19 1 53 36 0.265177 1.142834 0.196558 0.588565 1.561615
32 31
11 1 49 20 0.255644 1.960329 0.348382 0.438803 1.865801
0 1 63 18 0.436174 2.284975 0.387170 0.338027 2.270296
4 1 58 18 0.296510 1.809115 0.222533 0.523241 8.625846
30 1 49 15 0.268917 1.896583 0.092004 0.459460 1.199340
6 1 57 25 0.322027 2.030428 0.210801 0.462030 5.990006
26 1 51 25 0.272891 1.844128 0.462498 0.434806 1.461509
11 1 49 20 0.255644 1.960329 0.348382 0.438803 1.865801
0 1 63 18 0.436174 2.284975 0.387170 0.338027 2.270296
33 21
18 1 44 17 0.244927 1.771605 0.342605 0.380205 0.858699
0 1 78 15 0.361000 1.699327 0.069200 0.414197 3.249426
2 0 0 0 0.000000 0.000000 0.000000 0.000000 10.987690
20 1 43 18 0.244373 1.778293 0.246168 0.381083 0.744160
5 1 51 19 0.215270 1.912453 0.310946 0.412446 1.223884
19 1 42 17 0.239379 1.785403 0.219914 0.452564 1.575666
18 1 44 17 0.244927 1.771605 0.342605 0.380205 0.858699
0 1 78 15 0.361000 1.699327 0.069200 0.414197 3.249426
34 7
5 1 49 20 0.257851 1.816092 0.237639 0.448204 1.214489
6 1 56 28 0.343408 1.913453 0.509931 0.318612 1.090338
0 1 53 26 0.413836 1.920230 0.131179 0.550153 0.545918
6 1 56 28 0.343408 1.913453 0.509931 0.318612 1.090338
5 1 49 20 0.257851 1.816092 0.237639 0.448204 1.214489
6 1 56 28 0.343408 1.913453 0.509931 0.318612 1.090338
5 1 49 20 0.257851 1.816092 0.237639 0.448204 1.214489
6 1 56 28 0.343408 1.913453 0.509931 0.318612 1.090338
35 48
14 1 51 19 0.271662 1.422613 0.361285 0.273025 1.341697
43 0 0 0 0.000000 0.000000 0.000000 0.000000 7.474525
13 1 48 19 0.284098 1.507677 0.336967 0.188819 1.461926
43 0 0 0 0.000000 0.000000 0.000000 0.000000 7.474525
14 1 51 19 0.271662 1.422613 0.361285 0.273025 1.341697
43 0 0 0 0.000000 0.000000 0.000000 0.000000 7.474525
14 1 51 19 0.271662 1.422613 0.361285 0.273025 1.341697
43 0 0 0 0.000000 0.000000 0.000000 0.000000 7.474525
36 15
4 1 43 19 0.252758 1.459378 0.470092 0.145037 2.018985
1 1 45 22 0.300420 1.605386 0.261427 0.356535 1.812329
0 1 45 19 0.258439 1.445573 0.433803 0.150896 1.635016
10 1 52 22 0.268583 1.592733 0.453371 0.200004 1.765580
0 1 45 19 0.258439 1.445573 0.433803 0.150896 1.635016
6 1 46 26 0.238579 1.621065 0.174840 0.294191 1.094477
4 1 43 19 0.252758 1.459378 0.470092 0.145037 2.018985
1 1 45 22 0.300420 1.605386 0.261427 0.356535 1.812329
37 60
12 1 51 19 0.212892 0.966974 0.204772 0.519437 2.036165
57 1 50 26 0.268135 1.265455 0.182822 0.409656 0.876876
17 1 43 20 0.246467 1.083478 0.210856 0.439589 0.929936
57 1 50 26 0.268135 1.265455 0.182822 0.409656 0.876876
12 1 51 19 0.212892 0.966974 0.204772 0.519437 2.036165
57 1 50 26 0.268135 1.265455 0.182822 0.409656 0.876876
12 1 51 19 0.212892 0.966974 0.204772 0.519437 2.036165
57 1 50 26 0.268135 1.265455 0.182822 0.409656 0.876876
38 38
16 1 41 17 0.248187 1.009136 0.346277 0.368920 1.361430
22 1 63 34 0.423436 1.312086 0.402607 0.482295 10.802949
27 1 45 17 0.250048 0.962043 0.206132 0.474596 0.711306
35 1 46 38 0.229194 1.347011 0.489921 0.480762 1.376259
12 1 43 18 0.227089 1.022540 0.311745 0.425852 4.301468
28 1 55 39 0.254313 1.138568 0.215364 0.818032 1.383297
16 1 41 17 0.248187 1.009136 0.346277 0.368920 1.361430
22 1 63 34 0.423436 1.312086 0.402607 0.482295 10.802949
40 37
12 1 50 15 0.258649 1.923491 0.209097 0.402953 0.733461
0 1 56 37 0.259416 2.024883 0.146747 0.507331 10.545760
6 1 46 24 0.264165 1.844270 0.199846 0.460785 1.186695
36 1 46 22 0.246048 1.765681 0.154716 0.400773 0.774900
10 1 46 24 0.244417 1.774799 0.180509 0.490408 0.682937
32 1 52 19 0.260853 1.951259 0.454307 0.388442 0.759481
12 1 50 15 0.258649 1.923491 0.209097 0.402953 0.733461
0 1 56 37 0.259416 2.024883 0.146747 0.507331 10.545760
41 25
6 1 50 14 0.283165 1.834177 0.213422 0.424464 2.153045
0 1 57 24 0.242706 1.899740 0.308790 0.435222 2.152254
6 1 50 14 0.283165 1.834177 0.213422 0.424464 2.153045
20 1 54 16 0.295751 1.994136 0.262279 0.427427 3.302890
6 1 50 14 0.283165 1.834177 0.213422 0.424464 2.153045
20 1 54 16 0.295751 1.994136 0.262279 0.427427 3.302890
6 1 50 14 0.283165 1.834177 0.213422 0.424464 2.153045
0 1 57 24 0.242706 1.899740 0.308790 0.435222 2.152254
42 7
5 1 49 16 0.257858 1.816092 0.029700 0.291415 1.354699
6 1 50 19 0.286515 1.923413 0.366501 0.273822 1.472998
5 1 49 16 0.257858 1.816092 0.029700 0.291415 1.354699
6 1 50 19 0.286515 1.923413 0.366501 0.273822 1.472998
5 1 49 16 0.257858 1.816092 0.029700 0.291415 1.354699
6 1 50 19 0.286515 1.923413 0.366501 0.273822 1.472998
5 1 49 16 0.257858 1.816092 0.029700 0.291415 1.354699
6 1 50 19 0.286515 1.923413 0.366501 0.273822 1.472998
43 48
19 1 50 29 0.237361 1.352202 0.158229 0.424656 0.767954
43 0 0 0 0.000000 0.000000 0.000000 0.000000 8.243110
19 1 50 29 0.237361 1.352202 0.158229 0.424656 0.767954
43 0 0 0 0.000000 0.000000 0.000000 0.000000 8.243110
19 1 50 29 0.237361 1.352202 0.158229 0.424656 0.767954
43 0 0 0 0.000000 0.000000 0.000000 0.000000 8.243110
19 1 50 29 0.237361 1.352202 0.158229 0.424656 0.767954
43 0 0 0 0.000000 0.000000 0.000000 0.000000 8.243110
44 43
17 1 47 22 0.254146 1.433722 0.334300 0.248935 1.451567
1 0 0 0 0.000000 0.000000 0.000000 0.000000 10.995201
17 1 47 22 0.254146 1.433722 0.334300 0.248935 1.451567
39 1 59 24 0.286921 1.624971 0.326113 0.209727 2.052788
17 1 47 22 0.254146 1.433722 0.334300 0.248935 1.451567
1 0 0 0 0.000000 0.000000 0.000000 0.000000 10.995201
17 1 47 22 0.254146 1.433722 0.334300 0.248935 1.451567
1 0 0 0 0.000000 0.000000 0.000000 0.000000 10.995201
45 65
14 1 43 27 0.238112 1.086722 0.204314 0.656276 2.892975
62 1 53 23 0.266961 1.071446 0.514375 0.504827 1.279369
20 1 42 31 0.237889 1.111023 0.359541 0.747498 1.893729
62 1 53 23 0.266961 1.071446 0.514375 0.504827 1.279369
14 1 43 27 0.238112 1.086722 0.204314 0.656276 2.892975
62 1 53 23 0.266961 1.071446 0.514375 0.504827 1.279369
14 1 43 27 0.238112 1.086722 0.204314 0.656276 2.892975
62 1 53 23 0.266961 1.071446 0.514375 0.504827 1.279369
46 39
16 1 45 22 0.280845 1.063479 0.379669 0.512182 3.283332
0 1 64 26 0.381127 1.513296 0.307351 0.499773 10.606173
8 1 49 23 0.260446 1.058958 0.405565 0.514727 0.925233
36 1 48 28 0.232508 1.144567 0.265393 0.533078 0.731275
12 1 43 22 0.241439 1.204704 0.353397 0.437229 1.101663
35 1 49 18 0.196767 1.128702 0.315621 0.485009 0.625532
16 1 45 22 0.280845 1.063479 0.379669 0.512182 3.283332
0 1 64 26 0.381127 1.513296 0.307351 0.499773 10.606173
48 37
12 1 45 26 0.249225 1.805771 0.360521 0.926853 2.782741
0 1 57 32 0.226544 2.033695 0.386665 0.718414 3.300430
5 1 54 28 0.246115 1.894639 0.316787 0.723490 1.060337
32 1 50 27 0.278865 1.809877 0.159108 0.883696 1.164917
9 1 51 29 0.295914 1.827813 0.443163 0.720416 2.214490
32 1 50 27 0.278865 1.809877 0.159108 0.883696 1.164917
12 1 45 26 0.249225 1.805771 0.360521 0.926853 2.782741
0 1 57 32 0.226544 2.033695 0.386665 0.718414 3.300430
49 25
6 1 41 26 0.241680 1.807002 0.215053 0.839570 1.712480
0 1 62 29 0.336375 2.118609 0.267402 0.754198 2.727567
2 0 0 0 0.000000 0.000000 0.000000 0.000000 3.280566
24 1 43 30 0.244376 1.778293 0.323549 0.940368 1.123174
7 1 57 25 0.282967 1.938039 0.201533 0.858804 2.102664
0 1 62 29 0.336375 2.118609 0.267402 0.754198 2.727567
6 1 41 26 0.241680 1.807002 0.215053 0.839570 1.712480
0 1 62 29 0.336375 2.118609 0.267402 0.754198 2.727567
50 7
5 1 49 34 0.257858 1.816092 0.230069 0.831267 1.477873
6 1 51 32 0.312566 1.955422 0.392977 0.809157 1.063020
0 1 54 28 0.313689 1.900306 0.316749 0.851525 0.757904
6 1 51 32 0.312566 1.955422 0.392977 0.809157 1.063020
5 1 49 34 0.257858 1.816092 0.230069 0.831267 1.477873
6 1 51 32 0.312566 1.955422 0.392977 0.809157 1.063020
5 1 49 34 0.257858 1.816092 0.230069 0.831267 1.477873
6 1 51 32 0.312566 1.955422 0.392977 0.809157 1.063020
51 48
19 1 52 24 0.270175 1.431369 0.358216 0.390930 1.651629
43 0 0 0 0.000000 0.000000 0.000000 0.000000 12.423914
13 1 63 23 0.366695 1.406598 0.489390 0.464652 1.424264
47 1 56 24 0.274387 1.387492 0.104770 0.517464 1.004227
13 1 63 23 0.366695 1.406598 0.489390 0.464652 1.424264
43 0 0 0 0.000000 0.000000 0.000000 0.000000 12.423914
19 1 52 24 0.270175 1.431369 0.358216 0.390930 1.651629
43 0 0 0 0.000000 0.000000 0.000000 0.000000 12.423914
52 43
17 1 47 28 0.218925 1.455206 0.291341 0.548907 0.802714
1 0 0 0 0.000000 0.000000 0.000000 0.000000 10.644656
11 1 55 29 0.302925 1.729321 0.396909 0.505865 1.079460
39 1 59 22 0.401276 1.826421 0.263965 0.431798 1.546246
16 1 58 20 0.298211 1.551471 0.218257 0.447497 1.235311
39 1 59 22 0.401276 1.826421 0.263965 0.431798 1.546246
17 1 47 28 0.218925 1.455206 0.291341 0.548907 0.802714
1 0 0 0 0.000000 0.000000 0.000000 0.000000 10.644656
53 30
7 1 55 31 0.260534 1.510073 0.380579 0.624465 0.825249
13 1 48 24 0.371299 1.669954 0.399636 0.586085 1.719536
7 1 55 31 0.260534 1.510073 0.380579 0.624465 0.825249
29 1 47 25 0.239637 1.469605 0.215354 0.772872 1.190528
7 1 55 31 0.260534 1.510073 0.380579 0.624465 0.825249
29 1 47 25 0.239637 1.469605 0.215354 0.772872 1.190528
7 1 55 31 0.260534 1.510073 0.380579 0.624465 0.825249
13 1 48 24 0.371299 1.669954 0.399636 0.586085 1.719536
54 23
5 1 49 16 0.277737 1.089099 0.374404 0.190395 1.948682
9 1 48 17 0.269457 1.150293 0.288662 0.215400 1.699410
5 1 49 16 0.277737 1.089099 0.374404 0.190395 1.948682
20 1 45 12 0.234677 1.325221 0.395879 0.138775 1.595574
5 1 49 16 0.277737 1.089099 0.374404 0.190395 1.948682
19 1 52 14 0.259868 1.118457 0.371908 0.119573 0.724803
5 1 49 16 0.277737 1.089099 0.374404 0.190395 1.948682
9 1 48 17 0.269457 1.150293 0.288662 0.215400 1.699410
56 37
12 1 50 23 0.265981 1.882833 0.189761 0.886134 0.912535
0 1 59 31 0.234766 1.926404 0.508228 0.748038 2.852417
5 1 57 32 0.218633 2.050380 0.142672 0.998837 0.964098
32 1 50 26 0.278967 1.898937 0.341242 0.889476 0.672163
9 1 58 19 0.268900 1.876396 0.113990 0.752854 1.763899
32 1 50 26 0.278967 1.898937 0.341242 0.889476 0.672163
12 1 50 23 0.265981 1.882833 0.189761 0.886134 0.912535
0 1 59 31 0.234766 1.926404 0.508228 0.748038 2.852417
57 25
6 1 42 20 0.240511 1.804814 0.189820 0.875753 0.977181
0 1 45 26 0.226421 1.812834 0.144838 0.907600 0.734509
2 0 0 0 0.000000 0.000000 0.000000 0.000000 10.713095
24 1 43 20 0.244376 1.778293 0.210904 0.758323 0.735530
7 1 48 36 0.313037 1.882250 0.174264 0.931241 2.620358
0 1 45 26 0.226421 1.812834 0.144838 0.907600 0.734509
6 1 42 20 0.240511 1.804814 0.189820 0.875753 0.977181
0 1 45 26 0.226421 1.812834 0.144838 0.907600 0.734509
58 7
5 1 49 28 0.262541 1.811191 0.446494 0.858391 0.933689
6 1 54 22 0.310577 1.948507 0.357247 0.778515 1.792868
3 1 52 25 0.259539 1.945716 0.379333 0.785453 1.989112
5 1 49 28 0.262541 1.811191 0.446494 0.858391 0.933689
3 1 52 25 0.259539 1.945716 0.379333 0.785453 1.989112
0 1 53 27 0.212301 1.864287 0.501894 0.751382 0.489378
5 1 49 28 0.262541 1.811191 0.446494 0.858391 0.933689
6 1 54 22 0.310577 1.948507 0.357247 0.778515 1.792868
59 48
19 1 53 25 0.268031 1.422170 0.191507 0.575025 1.594683
43 0 0 0 0.000000 0.000000 0.000000 0.000000 1.932181
15 1 63 29 0.281836 1.536392 0.500701 0.504800 22.674328
47 1 48 18 0.272182 1.623755 0.160727 0.534669 0.710619
19 1 53 25 0.268031 1.422170 0.191507 0.575025 1.594683
47 1 48 18 0.272182 1.623755 0.160727 0.534669 0.710619
19 1 53 25 0.268031 1.422170 0.191507 0.575025 1.594683
43 0 0 0 0.000000 0.000000 0.000000 0.000000 1.932181
60 43
17 1 47 21 0.254145 1.433721 0.191113 0.597212 0.809367
1 0 0 0 0.000000 0.000000 0.000000 0.000000 10.828496
13 1 56 19 0.362248 1.630488 0.313658 0.440388 0.891667
42 1 46 15 0.266378 1.475499 0.253323 0.374692 1.149678
15 1 56 19 0.288204 1.461573 0.356237 0.455690 2.102141
42 1 46 15 0.266378 1.475499 0.253323 0.374692 1.149678
17 1 47 21 0.254145 1.433721 0.191113 0.597212 0.809367
1 0 0 0 0.000000 0.000000 0.000000 0.000000 10.828496
61 30
7 1 44 19 0.187440 1.487307 0.154383 0.553892 1.077603
13 1 47 24 0.212216 1.661119 0.408882 0.495202 2.342781
4 1 47 18 0.355668 1.634976 0.203128 0.553750 1.271403
28 1 45 20 0.251865 1.527542 0.372416 0.498995 1.256364
6 1 44 24 0.259037 1.548907 0.213248 0.624787 0.824548
28 1 45 20 0.251865 1.527542 0.372416 0.498995 1.256364
7 1 44 19 0.187440 1.487307 0.154383 0.553892 1.077603
13 1 47 24 0.212216 1.661119 0.408882 0.495202 2.342781
62 60
9 1 45 19 0.237899 1.169692 0.448416 0.186257 1.687561
57 1 49 13 0.332595 1.393382 0.339304 0.126783 1.541126
15 1 42 26 0.237170 1.112183 0.191667 0.242874 4.311618
57 1 49 13 0.332595 1.393382 0.339304 0.126783 1.541126
9 1 45 19 0.237899 1.169692 0.448416 0.186257 1.687561
57 1 49 13 0.332595 1.393382 0.339304 0.126783 1.541126
9 1 45 19 0.237899 1.169692 0.448416 0.186257 1.687561
57 1 49 13 0.332595 1.393382 0.339304 0.126783 1.541126
64 37
12 1 50 24 0.264830 1.822406 0.176560 0.785984 1.041691
0 1 57 29 0.363376 2.033782 0.217759 0.839117 2.378862
5 1 57 28 0.245541 2.037938 0.086666 0.848021 0.912947
32 1 50 23 0.278865 1.809877 0.149264 0.815272 0.767178
9 1 54 39 0.260935 1.924395 0.554902 0.893495 2.739980
32 1 50 23 0.278865 1.809877 0.149264 0.815272 0.767178
12 1 50 24 0.264830 1.822406 0.176560 0.785984 1.041691
0 1 57 29 0.363376 2.033782 0.217759 0.839117 2.378862
65 25
6 1 41 21 0.238956 1.807002 0.139205 0.719812 0.861931
0 1 63 29 0.287930 1.775750 0.346328 0.733761 1.503598
2 0 0 0 0.000000 0.000000 0.000000 0.000000 10.572101
24 1 43 23 0.244376 1.778293 0.221339 0.722882 0.701070
7 1 50 33 0.300810 1.876362 0.235425 0.744341 23.199501
0 1 63 29 0.287930 1.775750 0.346328 0.733761 1.503598
6 1 41 21 0.238956 1.807002 0.139205 0.719812 0.861931
0 1 63 29 0.287930 1.775750 0.346328 0.733761 1.503598
66 7
5 1 49 22 0.253013 1.820187 0.401319 0.675359 0.531606
6 1 52 20 0.222406 1.907661 0.128943 0.850483 1.284256
3 1 51 16 0.299672 1.935965 0.199372 0.776073 1.594772
5 1 49 22 0.253013 1.820187 0.401319 0.675359 0.531606
3 1 51 16 0.299672 1.935965 0.199372 0.776073 1.594772
6 1 52 20 0.222406 1.907661 0.128943 0.850483 1.284256
5 1 49 22 0.253013 1.820187 0.401319 0.675359 0.531606
6 1 52 20 0.222406 1.907661 0.128943 0.850483 1.284256
67 48
19 1 48 27 0.270853 1.493718 0.161628 0.522770 0.967857
43 0 0 0 0.000000 0.000000 0.000000 0.000000 10.687020
15 1 60 39 0.221556 1.520290 0.212653 0.672003 1.441875
47 1 49 25 0.264377 1.701108 0.389167 0.481109 1.229154
19 1 48 27 0.270853 1.493718 0.161628 0.522770 0.967857
47 1 49 25 0.264377 1.701108 0.389167 0.481109 1.229154
19 1 48 27 0.270853 1.493718 0.161628 0.522770 0.967857
43 0 0 0 0.000000 0.000000 0.000000 0.000000 10.687020
68 43
17 1 47 21 0.254146 1.433722 0.155393 0.408948 1.445537
1 0 0 0 0.000000 0.000000 0.000000 0.000000 10.510435
13 1 58 21 0.280080 1.697795 0.097064 0.510276 2.609397
42 1 48 22 0.251089 1.317100 0.216181 0.411892 1.037401
15 1 53 30 0.301492 1.576076 0.114705 0.562777 1.867590
42 1 48 22 0.251089 1.317100 0.216181 0.411892 1.037401
17 1 47 21 0.254146 1.433722 0.155393 0.408948 1.445537
1 0 0 0 0.000000 0.000000 0.000000 0.000000 10.510435
69 30
7 1 50 16 0.241961 1.556436 0.322374 0.346813 1.642602
13 1 54 17 0.374819 1.670294 0.347278 0.401177 1.357542
4 1 49 18 0.344131 1.665980 0.238310 0.394088 1.252052
29 1 45 17 0.240515 1.456374 0.428642 0.402534 0.539419
6 1 46 21 0.307566 1.535833 0.290286 0.357164 1.173305
29 1 45 17 0.240515 1.456374 0.428642 0.402534 0.539419
7 1 50 16 0.241961 1.556436 0.322374 0.346813 1.642602
13 1 54 17 0.374819 1.670294 0.347278 0.401177 1.357542
70 65
14 1 49 27 0.320313 1.001963 0.417354 0.422867 1.329399
62 1 49 24 0.246623 1.277898 0.312327 0.394666 1.259278
20 1 43 22 0.246467 1.083478 0.298730 0.437562 1.678023
62 1 49 24 0.246623 1.277898 0.312327 0.394666 1.259278
14 1 49 27 0.320313 1.001963 0.417354 0.422867 1.329399
62 1 49 24 0.246623 1.277898 0.312327 0.394666 1.259278
14 1 49 27 0.320313 1.001963 0.417354 0.422867 1.329399
62 1 49 24 0.246623 1.277898 0.312327 0.394666 1.259278
71 39
16 1 54 21 0.265697 1.056775 0.370294 0.266363 1.528299
0 1 74 29 0.399298 1.766540 0.212376 0.351562 10.524430
8 1 45 19 0.384740 1.031346 0.281161 0.255121 1.044676
36 1 45 14 0.234677 1.325221 0.216567 0.173898 0.544062
12 1 48 21 0.275981 1.012085 0.409356 0.252828 1.106835
35 1 45 15 0.232604 1.257492 0.443142 0.151877 0.488998
16 1 54 21 0.265697 1.056775 0.370294 0.266363 1.528299
0 1 74 29 0.399298 1.766540 0.212376 0.351562 10.524430
