-0.0183524   0.989821   0.141126 -0.0359781     0.99165 5.55112e-17    0.128957   -0.025565  0.127644  0.142315 -0.981557  0.188409 0 0 0 1         0 -0.611398  0.785398         0 -0.611398  0.785398 -0.611398  0.785398         0 -0.785398  0.785398         0 -0.785398  0.785398 -0.785398  0.785398
0.185814
0.771509
0.142799
100
0
100
0.183573
0.789807
0.076058 0.200367 0.175195 0.156148 0.187306 0.208994 0.182934 0.181276 0.183124 0.191467 0.165629 0.184682 0.173865 0.191491 0.160942 0.088621 0.203089 0.184545 0.203018 0.188952 0.205459 0.198971 0.191021 0.193679 0.198031 0.194556 0.184797 0.186128 0.210789 0.202132 0.187476 0.183661 0.173327 0.187181 0.193069 0.181039 0.192477 0.173768 0.197107 0.194393 0.190459 0.169931 0.199831 0.16566 0.18649 0.209173 0.199408 0.180027 0.191645 0.166247 0.187625 0.158952 0.198565 0.20365 0.0361836 0.201403 0.171209 0.192376 0.192799 0.175954 0.191699 0.198051 0.178762 0.171096 0.191239 0.194588 0.181204 0.184434 0.194662 0.18825 0.191759 0.194633 0.204936 0.197283 0.207951 0.176538 0.174101 0.186659 0.176529 0.168583 0.187191 0.164069 0.192053 0.182186 0.18484 0.157021 0.192841 0.186776 0.181491 0.182043 0.19025 0.193974 0.20027 0.170842 0.185516 0.185815 0.19888 0.200675 0.179449 0.19376 
0.674661 0.786973 0.760653 0.738704 0.756594 0.808169 0.790509 0.734556 0.798109 0.761613 0.788984 0.79723 0.727642 0.791564 0.741087 0.732261 0.849168 0.713707 0.816461 0.820378 0.833595 0.702661 0.755081 0.853239 0.806833 0.848304 0.834673 0.783767 0.813254 0.838679 0.786682 0.798985 0.764133 0.81023 0.789226 0.790603 0.821091 0.765324 0.700312 0.821251 0.844228 0.665943 0.820131 0.749342 0.77585 0.800657 0.832579 0.84447 0.838295 0.726704 0.793539 0.743049 0.931498 0.846397 0.765491 0.818401 0.775038 0.772878 0.777468 0.84392 0.785829 0.791834 0.804873 0.802066 0.815031 0.806993 0.841654 0.824761 0.84622 0.829249 0.841145 0.884374 0.843262 0.780043 0.796047 0.669066 0.736452 0.749798 0.773014 0.82876 0.788423 0.719224 0.824535 0.832282 0.811713 0.743063 0.832569 0.784994 0.752448 0.730862 0.812542 0.766318 0.766273 0.685739 0.7681 0.755783 0.772588 0.835962 0.842335 0.831682 
