 -0.19536  0.865618 -0.461021  0.088726  0.920743         0 -0.390169  0.086633 -0.337737 -0.500705 -0.797012  0.174692 0 0 0 1         0 -0.611398  0.785398         0 -0.524398  0.785398 -0.611398  0.785398         0 -0.785398  0.785398         0 -0.785398  0.785398 -0.785398  0.785398
0.19908
0.852719
0.524413
100
53
47
0.194805
0.830561
0.177766 0.188437 0.201002 0.178807 0.204353 0.221024 0.207044 0.214383 0.194898 0.205119 0.198931 0.137992 0.200223 0.191923 0.205158 0.192641 0.185054 0.189067 0.209259 0.207978 0.201559 0.196809 0.203139 0.202925 0.193519 0.203155 0.19703 0.164735 0.156175 0.207668 0.204176 0.192805 0.199506 0.196506 0.179617 0.197644 0.194391 0.203467 0.188484 0.190871 0.211325 0.196172 0.197471 0.201742 0.204026 0.165038 0.19482 
0.819769 0.800333 0.829578 0.891593 0.835579 1.00508 0.835314 0.873232 0.870147 0.829376 0.829024 0.857664 0.825742 0.858278 0.862709 0.824691 0.734583 0.836077 0.841268 0.826572 0.864489 0.825758 0.843994 0.85177 0.846146 0.815406 0.843095 0.7818 0.864314 0.844457 0.845308 0.849553 0.842877 0.849476 0.816564 0.61926 0.835191 0.831153 0.798881 0.793747 0.871888 0.84081 0.832469 0.811763 0.845905 0.628352 0.855323 
