 0.0183524   0.989821   0.141126 -0.0359781      0.99165 -5.55112e-17    -0.128957     0.025565 -0.127644  0.142315 -0.981557  0.188409 0 0 0 1         0 -0.611398  0.785398         0 -0.611398  0.785398 -0.611398  0.785398         0 -0.785398  0.785398         0 -0.785398  0.785398 -0.785398  0.785398
0.187749
0.779735
0.142799
100
0
100
0.184616
0.783843
0.164126 0.186367 0.20955 0.183015 0.193235 0.23841 0.188071 0.169245 0.179263 0.0367661 0.194981 0.211103 0.180899 0.1975 0.192632 0.198608 0.184774 0.17423 0.197234 0.199088 0.198502 0.168398 0.194734 0.0812522 0.196449 0.19121 0.199755 0.189365 0.21196 0.181959 0.207872 0.189829 0.186494 0.186129 0.197361 0.1812 0.178919 0.155532 0.190212 0.196309 0.191996 0.18581 0.190175 0.191843 0.208455 0.178537 0.0308718 0.207498 0.187082 0.18022 0.192016 0.185716 0.192769 0.191818 0.178204 0.192016 0.209486 0.193396 0.184776 0.185221 0.0334322 0.206929 0.199287 0.20151 0.172196 0.178917 0.18513 0.202456 0.188811 0.196682 0.180765 0.202962 0.200244 0.183728 0.195685 0.196252 0.184312 0.169585 0.206294 0.210247 0.173057 0.189777 0.178978 0.167741 0.159241 0.191035 0.202932 0.182663 0.202123 0.193494 0.166982 0.176881 0.195902 0.189648 0.218491 0.200163 0.203504 0.197959 0.181758 0.173386 
0.73001 0.830136 0.812842 0.843888 0.782821 0.87589 0.857786 0.741156 0.751195 0.753023 0.792884 0.806705 0.758754 0.806889 0.764644 0.82478 0.722364 0.771925 0.809035 0.80137 0.83698 0.747573 0.795825 0.704554 0.795479 0.788412 0.804659 0.772558 0.968196 0.737239 0.80507 0.788353 0.716511 0.75878 0.803405 0.763367 0.819795 0.804231 0.779319 0.765795 0.809327 0.807631 0.802092 0.853472 0.81082 0.78739 0.0613281 0.800008 0.803504 0.763263 0.756863 0.803347 0.794399 0.779209 0.761865 0.803247 0.838867 0.780153 0.797838 0.749058 0.805058 0.828971 0.791073 0.847654 0.777514 0.73735 0.814913 0.842234 0.620485 0.805747 0.805886 0.829223 0.80607 0.816868 0.792111 0.80111 0.772135 0.773726 0.83263 0.847541 0.779688 0.807154 0.737977 0.667449 0.733863 0.775968 0.828748 0.761567 0.83667 0.782726 0.760366 0.733455 0.768181 0.798733 0.855629 0.830115 0.791888 0.800596 0.828595 0.79877 
