 0.0325532   -0.99382   0.106125 -0.0135182 -0.291446 -0.111005 -0.950125  0.187732  0.956033         0 -0.293258 0.0551356 0 0 0 1         0 -0.524398  0.785398         0 -0.611398  0.785398 -0.611398  0.785398         0 -0.785398  0.785398         0 -0.785398  0.785398 -0.785398  0.785398
0.177811
0.862975
0
100
39
61
0.161898
0.774833
0.192566 0.0305158 0.186471 0.177807 0.0373607 0.18994 0.163916 0.176171 0.192257 0.17386 0.163423 0.171205 0.183862 0.189692 0.0306066 0.23559 0.175692 0.191885 0.180008 0.183083 0.0790374 0.188445 0.184547 0.177795 0.1885 0.19622 0.17498 0.180538 0.178774 0.194439 0.0378879 0.259551 0.181996 0.0320471 0.18567 0.201303 0.111349 0.187534 0.207465 0.198512 0.196372 0.197915 0.194284 0.209108 0.0933904 0.188584 0.146993 0.183142 0.143265 0.031757 0.183195 0.209764 0.0217232 0.200314 0.193731 0.186651 0.181805 0.200095 0.166558 0.144529 0.0301054 
0.744608 0.747884 0.917341 0.751133 0.0691522 0.8156 0.826799 0.819113 0.850689 0.914738 0.827479 0.821111 0.801085 0.854476 0.0587512 0.908122 0.838057 0.862132 0.837826 0.859757 0.813733 0.848751 0.861683 0.760332 0.860159 0.898211 0.88934 0.7955 0.736865 0.826206 0.761141 0.805559 0.827266 0.0613487 0.843316 0.866732 0.791983 0.836513 0.871327 0.877752 0.892303 0.927549 0.779925 0.843884 0.851966 0.974921 0.907337 0.821139 0.826444 0.0597157 0.884705 0.862875 0.737673 0.792593 0.864676 0.788524 0.82522 0.863952 0.797501 0.942247 0.0600774 
