-0.0325532   -0.99382  -0.106125  0.0324604 -0.291446  0.111005 -0.950125  0.185616  0.956033         0 -0.293258 0.0551356 0 0 0 1         0 -0.524398  0.785398         0 -0.524398  0.785398 -0.611398  0.785398         0 -0.785398  0.785398         0 -0.785398  0.785398 -0.785398  0.785398
0.181637
0.808643
0
100
43
57
0.186084
0.797023
0.186358 0.181143 0.109455 0.196363 0.193362 0.206136 0.199977 0.195532 0.0346679 0.20654 0.205169 0.189271 0.189294 0.209801 0.205697 0.182582 0.20944 0.206108 0.198887 0.203013 0.204158 0.192672 0.203738 0.188432 0.187438 0.201296 0.199054 0.20612 0.205014 0.197719 0.2091 0.0371202 0.210428 0.198242 0.0300229 0.193969 0.211067 0.184471 0.189097 0.195189 0.185545 0.191488 0.184921 0.222341 0.205208 0.209143 0.216443 0.195959 0.210147 0.192694 0.190739 0.20365 0.204397 0.203269 0.209027 0.199455 0.029205 
0.823834 0.880742 0.820348 0.874263 0.848775 0.846221 0.879621 0.913712 0.0661498 0.955115 0.873579 0.774808 0.742759 0.886202 0.862304 0.750001 0.877478 0.862477 0.905579 0.85971 0.852019 0.862465 0.817922 0.860603 0.646285 0.960619 0.835047 0.851137 0.869584 0.931609 0.87595 0.0715782 0.862654 0.838774 0.061125 0.768341 0.867998 0.822423 0.834369 0.824676 0.794538 0.827618 0.75981 0.974373 0.865312 0.852707 0.872404 0.856164 0.89917 0.885095 0.798881 0.883273 0.841343 0.873747 0.893592 0.870824 0.0625855 
