-0.0770402   0.842067  -0.533843   0.103199     0.989747 -5.55112e-17    -0.142833    0.0329317 -0.120275 -0.539373 -0.833433  0.183501 0 0 0 1         0 -0.524398  0.785398         0 -0.524398  0.785398 -0.611398  0.785398         0 -0.785398  0.785398         0 -0.785398  0.785398 -0.785398  0.785398
0.206557
0.840092
0.569692
100
51
49
0.197843
0.835958
0.201177 0.194909 0.206062 0.205146 0.199209 0.198167 0.207003 0.20383 0.193035 0.166895 0.205071 0.202039 0.208908 0.194171 0.197571 0.205917 0.193804 0.199578 0.190347 0.201674 0.206391 0.20098 0.204634 0.203349 0.206888 0.197636 0.209008 0.157823 0.201371 0.199721 0.203054 0.203499 0.19389 0.211176 0.202548 0.19681 0.179919 0.201768 0.201847 0.192683 0.19595 0.204723 0.208681 0.193293 0.164833 0.196044 0.200566 0.193779 0.186916 
0.831479 0.82163 0.810142 0.861652 0.86129 0.857472 0.877784 0.832373 0.826208 0.825065 0.831871 0.828008 0.859103 0.822741 0.854717 0.86958 0.810768 0.840338 0.758843 0.834102 0.853579 0.846197 0.83305 0.83715 0.813877 0.693686 0.852557 0.794171 0.869822 0.863081 0.859766 0.847135 0.845845 0.881512 0.825646 0.826397 0.791413 0.863566 0.85362 0.835575 0.829598 0.86382 0.86786 0.814678 0.821418 0.864876 0.854292 0.795987 0.846622 
