-0.0770402   0.842067   0.533843  -0.124588 0.989747        0 0.142833 -0.03436  0.120275  0.539373 -0.833433  0.181555 0 0 0 1         0 -0.611398  0.785398         0 -0.611398  0.785398 -0.611398  0.785398         0 -0.785398  0.785398         0 -0.785398  0.785398 -0.785398  0.785398
0.206277
0.833852
0.569692
100
25
75
0.179546
0.805854
0.19674 0.198135 0.185779 0.166295 0.192122 0.189269 0.196443 0.187098 0.185285 0.208272 0.185351 0.198121 0.190866 0.188735 0.122718 0.192932 0.218128 0.186243 0.19183 0.199484 0.187447 0.189911 0.124912 0.0314743 0.198737 0.176037 0.190452 0.190555 0.195884 0.195469 0.202386 0.0232773 0.168134 0.199269 0.184388 0.197143 0.181183 0.207748 0.187973 0.193206 0.179405 0.201103 0.189951 0.111865 0.190017 0.172253 0.198428 0.186751 0.188477 0.196505 0.182097 0.197286 0.201465 0.197429 0.207126 0.18378 0.0274025 0.186623 0.175676 0.208878 0.202146 0.188181 0.205086 0.193253 0.189421 0.188609 0.199678 0.181819 0.198123 0.193073 0.173337 0.0490432 0.204365 0.14025 0.171589 
0.840285 0.820345 0.78555 0.73269 0.811557 0.795796 0.801743 0.822619 0.776817 0.853078 0.78821 0.809978 0.836597 0.822516 0.718093 0.807394 0.897762 0.823072 0.831458 0.840257 0.833322 0.76722 0.812153 0.746407 0.828371 0.812772 0.761705 0.829458 0.836487 0.828465 0.828169 0.727147 0.773232 0.828773 0.811749 0.829243 0.807706 0.768742 0.77646 0.826368 0.835397 0.834009 0.843621 0.695304 0.805849 0.842733 0.826723 0.781558 0.789044 0.814164 0.832344 0.835942 0.819211 0.886322 0.846152 0.810928 0.811285 0.781826 0.783434 0.818829 0.846291 0.789398 0.842938 0.808781 0.896886 0.805409 0.838275 0.69718 0.832939 0.78982 0.77499 0.781827 0.855998 0.578154 0.7557 
