 0.11551 0.675752 0.728022 -0.18811  0.987646         0 -0.156703 0.0431696 -0.105893  0.737129 -0.667404  0.162592 0 0 0 1         0 -0.524398  0.785398         0 -0.524398  0.785398 -0.524398  0.785398         0 -0.785398  0.785398         0 -0.785398  0.785398 -0.785398  0.785398
0.0111704
0.442708
0.741985
100
47
53
0.0685666
0.476618
0.0112693 0.0135069 0.0871559 0.0671293 0.0513077 0.0595501 0.111734 0.0985138 0.0994695 0.088081 0.0173547 0.101677 0.166995 0.0386538 0.0932616 0.0956188 0.0562537 0.109611 0.0591317 0.0112369 0.045456 0.0388519 0.0615191 0.0611313 0.0140768 0.00476685 0.105828 0.0935742 0.0686024 0.0967823 0.0901361 0.0998813 0.0213931 0.0383328 0.0423787 0.124354 0.105065 0.0998998 0.141711 0.0288874 0.125072 0.00277486 0.115978 0.0127656 0.0370035 0.085504 0.143882 0.064459 0.00265892 0.120399 0.0477673 0.0109424 0.0446818 
0.407745 0.503971 0.566445 0.43861 0.38552 0.453419 0.594466 0.56448 0.492431 0.563796 0.296476 0.519419 0.629153 0.439262 0.516723 0.547241 0.420041 0.525107 0.480871 0.366873 0.410847 0.454703 0.427792 0.436013 0.362018 0.302904 0.591841 0.548156 0.43427 0.561712 0.541012 0.541249 0.602851 0.416944 0.334039 0.632913 0.573499 0.60329 0.509451 0.402985 0.508989 0.29786 0.603925 0.409565 0.301184 0.484221 0.67932 0.414353 0.292343 0.678193 0.418986 0.357037 0.41423 
