-0.156822   0.97044 -0.183449 0.0273606  0.760115         0 -0.649789  0.128377 -0.630581 -0.241343 -0.737645  0.143763 0 0 0 1         0 -0.611398  0.785398         0 -0.524398  0.785398 -0.611398  0.785398         0 -0.785398  0.785398         0 -0.785398  0.785398 -0.785398  0.785398
0.18518
0.811411
0.24375
100
24
76
0.183275
0.803029
0.172628 0.174803 0.192843 0.197493 0.166385 0.191732 0.159005 0.184915 0.178468 0.205337 0.171256 0.184276 0.151144 0.199442 0.188795 0.190041 0.163763 0.182028 0.179295 0.192257 0.201095 0.210905 0.188269 0.183416 0.188116 0.188395 0.17802 0.182885 0.210779 0.180507 0.149581 0.193602 0.194655 0.168752 0.122449 0.201057 0.192431 0.0568487 0.182816 0.188928 0.199949 0.184972 0.166704 0.20102 0.192195 0.15863 0.174898 0.185202 0.197151 0.195261 0.198234 0.200046 0.190237 0.201766 0.174248 0.188156 0.197555 0.195381 0.20568 0.179271 0.175422 0.175955 0.192976 0.173688 0.203271 0.194935 0.199784 0.184243 0.173692 0.199538 0.20794 0.183598 0.185006 0.163773 0.175654 0.163476 
0.817089 0.788664 0.769244 0.824642 0.754517 0.775654 0.805542 0.783097 0.779353 0.821293 0.800359 0.806134 0.814179 0.840129 0.771379 0.875893 0.804855 0.841188 0.743597 0.792836 0.822709 0.82027 0.777023 0.772322 0.866326 0.822403 0.7814 0.856369 0.828517 0.780634 0.761508 0.829857 0.796647 0.878225 0.633314 0.857357 0.825999 0.673549 0.765218 0.791659 0.799777 0.779304 0.816693 0.817242 0.853033 0.695964 0.930744 0.80423 0.786802 0.846986 0.829133 0.854673 0.769116 0.798491 0.756201 0.835629 0.756408 0.804387 0.814366 0.790828 0.793856 0.786805 0.830054 0.840878 0.857935 0.869954 0.846285 0.842971 0.837378 0.804087 0.817407 0.792975 0.75 0.767035 0.755117 0.74649 
