-0.513953  0.717698 -0.469852  0.116686  0.674732         0 -0.738063  0.198376 -0.529706 -0.696354 -0.484254  0.132598 0 0 0 1         0 -0.524398  0.785398         0 -0.437398  0.785398 -0.524398  0.785398         0 -0.785398  0.785398         0 -0.785398  0.785398 -0.785398  0.785398
-1
0.206346
0.770305
100
80
20
0.0313549
0.331135
0.0267942 0.0185425 0.0267975 0.0203159 0.028703 0.00556171 0.0600932 0.00283734 0.0107439 0.0371561 0.0555493 0.0451958 0.0309174 0.0133782 0.0373051 0.0706478 0.00540557 0.0758681 0.0215011 0.033785 
0.333641 0.276867 0.234334 0.303596 0.330627 0.264714 0.385427 0.267946 0.278755 0.350587 0.433758 0.414101 0.297331 0.286406 0.388097 0.386699 0.266075 0.422592 0.349388 0.351763 
