-0.0183524   0.989821  -0.141126  0.0157008   0.99165         0 -0.128957 0.0242754 -0.127644 -0.142315 -0.981557  0.181306 0 0 0 1         0 -0.524398  0.785398         0 -0.524398  0.785398 -0.611398  0.785398         0 -0.785398  0.785398         0 -0.785398  0.785398 -0.785398  0.785398
0.166191
0.757609
0.142799
100
38
62
0.174237
0.777587
0.153663 0.166254 0.186157 0.297729 0.184475 0.175607 0.171433 0.18514 0.185316 0.153984 0.171607 0.138146 0.177282 0.162282 0.174923 0.197861 0.160075 0.176304 0.17433 0.181319 0.163563 0.166263 0.178666 0.133099 0.179683 0.154315 0.189778 0.15723 0.130902 0.189028 0.194921 0.190161 0.17616 0.180518 0.199926 0.182196 0.186478 0.183367 0.147122 0.177804 0.155119 0.173369 0.173521 0.193096 0.200786 0.183473 0.154778 0.163999 0.173761 0.158327 0.154231 0.18872 0.16091 0.17272 0.198394 0.110938 0.185552 0.170054 0.156792 0.19276 0.163873 0.182448 
0.767056 0.758388 0.773002 2.13578 0.771708 0.642781 0.718723 0.776945 0.789606 0.668518 0.775511 0.697316 0.772343 0.809426 0.69545 0.802293 0.803443 0.784289 0.714437 0.741754 0.722196 0.711759 0.680171 0.690667 0.734495 0.705478 0.783644 0.77283 0.697627 0.752919 0.757838 0.79064 0.774377 0.769924 0.796635 0.827618 0.738885 0.7928 0.724381 0.784604 0.734575 0.81017 0.748257 0.830308 0.791014 0.774044 0.75364 0.743287 0.736051 0.785771 0.834266 0.761422 0.803383 0.714588 0.753335 0.687653 0.914155 0.69761 0.718809 0.783576 0.710689 0.715553 
