-0.0753457   0.987555  -0.138053  0.0180239  0.877778         0 -0.479068  0.094471 -0.473106 -0.157276 -0.866854   0.16846 0 0 0 1         0 -0.611398  0.785398         0 -0.524398  0.785398 -0.611398  0.785398         0 -0.785398  0.785398         0 -0.785398  0.785398 -0.785398  0.785398
0.199469
0.83501
0.157931
100
7
93
0.178741
0.788648
0.14003 0.175017 0.198245 0.176335 0.0948491 0.199961 0.191584 0.19418 0.193194 0.173743 0.193115 0.182263 0.154425 0.183165 0.179183 0.184961 0.199037 0.129983 0.154105 0.183923 0.199521 0.197566 0.197237 0.172143 0.188859 0.186764 0.160805 0.179951 0.178415 0.190173 0.183045 0.162131 0.18143 0.173511 0.165482 0.18601 0.183162 0.197038 0.187635 0.185972 0.202055 0.188678 0.194009 0.156884 0.190698 0.185557 0.161254 0.184209 0.180563 0.177759 0.152417 0.159676 0.190891 0.186832 0.166094 0.193842 0.175162 0.0701997 0.197189 0.167287 0.183776 0.190005 0.173899 0.15913 0.18803 0.153626 0.203589 0.192058 0.192455 0.200745 0.177761 0.155279 0.202142 0.187463 0.183734 0.172363 0.181601 0.189686 0.213268 0.149887 0.0694226 0.202351 0.191094 0.198791 0.175277 0.182754 0.190006 0.204072 0.201822 0.188414 0.185451 0.175786 0.187763 
0.734001 0.787237 0.814575 0.81693 0.684777 0.823162 0.789823 0.811687 0.818722 0.790095 0.810414 0.807833 0.787485 0.809548 0.793724 0.773935 0.805147 0.812483 0.796763 0.851253 0.803042 0.758644 0.804679 0.74212 0.783506 0.849285 0.814688 0.760867 0.801346 0.810684 0.826576 0.74253 0.882294 0.803342 0.713783 0.81064 0.809901 0.778302 0.789466 0.819993 0.800594 0.831621 0.817318 0.676684 0.744731 0.80413 0.770233 0.74014 0.794431 0.8156 0.717851 0.75758 0.8105 0.810133 0.81545 0.830247 0.831349 0.735255 0.782053 0.71249 0.84524 0.791232 0.844387 0.752052 0.846247 0.719005 0.824579 0.800887 0.748139 0.827925 0.799847 0.639587 0.825359 0.810854 0.801538 0.791896 0.72054 0.854422 0.809826 0.722393 0.637574 0.822186 0.797567 0.792983 0.777777 0.764724 0.807575 0.834811 0.805918 0.750636 0.775745 0.769774 0.807348 
