-0.153389  0.981449 -0.115022 0.0137165     0.599936 -5.55112e-17    -0.800048     0.149514 -0.785206 -0.191724 -0.588807  0.108093 0 0 0 1         0 -0.611398  0.785398         0 -0.524398  0.785398 -0.524398  0.785398         0 -0.785398  0.785398         0 -0.785398  0.785398 -0.785398  0.785398
0.156946
0.757589
0.192919
100
30
70
0.179272
0.892055
0.176587 0.152445 0.166185 0.172277 0.0308967 0.177083 0.178361 0.39654 0.170517 0.203663 0.175531 0.164929 0.180771 0.168599 0.310704 0.189598 0.163883 0.160622 0.168248 0.191767 0.158465 0.174096 0.0244891 0.15399 0.198096 0.179098 0.174928 0.158795 0.300959 0.0294642 0.359802 0.18401 0.17104 0.175557 0.178365 0.176895 0.192529 0.277197 0.106345 0.163456 0.172218 0.186687 0.190853 0.38619 0.0266564 0.147075 0.132739 0.0258693 0.184309 0.174631 0.173721 0.166245 0.17621 0.199848 0.144154 0.387297 0.154742 0.18059 0.179029 0.182049 0.183477 0.185373 0.175513 0.181886 0.265137 0.0273357 0.176415 0.19605 0.18758 0.162394 
0.766254 0.788209 0.819264 0.807397 0.0606377 0.727916 0.793704 2.65227 0.745118 0.869795 0.725361 0.778207 0.802976 0.81642 2.27924 0.847261 0.696654 0.784321 0.769942 0.794686 0.69528 0.800856 0.0504615 0.716245 0.801861 0.766187 0.757858 0.796583 2.10462 0.0563906 2.37297 0.862124 0.817804 0.797098 0.78927 0.770132 0.804457 1.31592 0.861325 0.770174 0.783563 0.790765 0.822187 2.43712 0.0537825 0.753993 0.786397 0.0531318 0.840487 0.776115 0.789155 0.719396 0.842613 0.868974 0.730231 2.60211 0.731861 0.773841 0.816763 0.785168 0.823068 0.827956 0.908045 0.715955 2.17765 0.0550456 0.780285 0.806566 0.79747 0.760914 
