 -0.552026   0.770513    0.31871 -0.0612848  0.667285  0.637424 -0.385254 0.0591346 -0.499997         0 -0.866027  0.187225 0 0 0 1         0 -0.176398  0.785398         0 -0.437398  0.785398 -0.437398  0.785398         0 -0.785398  0.785398         0 -0.785398  0.785398 -0.785398  0.785398
0.116996
0.762633
0.523596
100
0
100
0.0810465
0.447563
0.112179 0.132219 0.0258491 0.130462 0.0306445 0.0192048 0.0379084 0.0156498 0.131812 0.0665738 0.104124 0.0287419 0.053234 0.160325 0.112765 0.115112 0.116595 0.0214405 0.0287148 0.14535 0.0237062 0.219355 0.0295509 0.169283 0.0299411 0.0307376 0.170309 0.130925 0.0299605 0.0382012 0.0363383 0.0305507 0.140567 0.118735 0.0303642 0.0960821 0.0302758 0.122029 0.161507 0.0663453 0.104572 0.0961172 0.153384 0.0937093 0.0314154 0.164217 0.0527615 0.201697 0.0304771 0.0252551 0.031592 0.13115 0.0370449 0.0347983 0.0364176 0.151818 0.139481 0.0222006 0.0336518 0.0805085 0.0756339 0.17832 0.124157 0.035752 0.0309089 0.151466 0.0295159 0.0285655 0.028511 0.0221588 0.0853106 0.03368 0.0327039 0.132507 0.165246 0.163359 0.180929 0.085905 0.0178739 0.096811 0.151653 0.123218 0.14794 0.0359229 0.0408516 0.0306755 0.106362 0.116957 0.0713549 0.0307502 0.0317149 0.0248045 0.120828 0.111174 0.0267563 0.0265947 0.0355021 0.166452 0.03072 0.0291699 
0.765097 0.730567 0.0493283 0.735881 0.0533319 0.0362647 0.0586605 0.0298339 0.734154 0.687615 0.797508 0.0533858 0.776683 0.887539 0.70557 0.751069 0.651368 0.0437619 0.0512796 0.77004 0.700584 0.887482 0.053162 0.850392 0.0516155 0.0547537 0.834736 0.747646 0.0552238 0.0581862 0.0576175 0.0565411 0.643972 0.742086 0.0527858 0.770357 0.0517493 0.745046 0.8369 0.683583 0.788952 0.691307 0.759486 0.676024 0.0540905 0.701331 0.792423 0.80798 0.0555321 0.0486534 0.0532083 0.868668 0.0622017 0.0568734 0.0592335 0.750893 0.842235 0.0485344 0.0560458 0.707117 0.681514 0.857218 0.816396 0.0636749 0.0586451 0.733398 0.0541559 0.0515322 0.0488692 0.0465482 0.830355 0.0550328 0.0540262 0.705719 0.900798 0.741076 0.822468 0.717508 0.0360905 0.747125 0.773271 0.781795 0.762107 0.0611312 0.699162 0.0592949 0.661035 0.658873 0.708474 0.0526835 0.0540781 0.0511496 0.657964 0.74802 0.0492862 0.0472918 0.0571091 0.747666 0.0546139 0.865024 
