  0.555761  -0.710423   0.431774 -0.0979779 -0.561011 -0.703775 -0.435852   0.11242  0.613511         0 -0.789686  0.177888 0 0 0 1         0 -0.350398  0.785398         0 -0.437398  0.785398 -0.437398  0.785398         0 -0.785398  0.785398         0 -0.785398  0.785398 -0.785398  0.785398
0.126049
0.743948
0.660499
100
4
96
0.106758
0.548524
0.0290414 0.0336141 0.161686 0.0498512 0.0766077 0.162479 0.202652 0.0737172 0.144823 0.0262652 0.221644 0.177264 0.067082 0.0912009 0.108086 0.029333 0.0370132 0.0331348 0.0328743 0.0387394 0.0358713 0.0169725 0.0404238 0.18417 0.0277872 0.209336 0.193855 0.207081 0.0893244 0.151256 0.0321319 0.18381 0.172221 0.0910117 0.135146 0.125228 0.0274354 0.0347197 0.196237 0.134141 0.179059 0.032102 0.0256021 0.0365734 0.11567 0.0410263 0.0296305 0.0357334 0.0286882 0.111613 0.0354318 0.155888 0.036831 0.21115 0.132946 0.0666167 0.0361977 0.167621 0.035207 0.16377 0.169381 0.0331206 0.156534 0.170559 0.236494 0.0949702 0.189562 0.169738 0.186228 0.102316 0.0383359 0.176157 0.0308229 0.041694 0.166562 0.201621 0.151317 0.0897136 0.0362381 0.0747294 0.198194 0.144279 0.151147 0.0341378 0.138604 0.10389 0.201522 0.10658 0.116612 0.210981 0.191615 0.249717 0.0275288 0.0377949 0.0299268 0.0275209 
0.0477384 0.0539667 0.748409 0.761103 0.655019 0.767326 0.804662 0.679555 0.737073 0.0429569 0.883963 0.833269 0.667562 0.731567 0.6836 0.0476359 0.059026 0.634172 0.0535173 0.05877 0.0566709 0.0344252 0.569457 0.835906 0.0473234 0.758635 0.764217 0.845941 0.711948 0.781153 0.646345 0.828784 0.643742 0.643495 0.746697 0.776464 0.0465414 0.661816 0.853788 0.687967 0.732993 0.0514781 0.0439337 0.0581851 0.739682 0.758535 0.583662 0.0560312 0.0481459 0.640913 0.0554535 0.766597 0.622289 0.830049 0.757597 0.627784 0.0581625 0.808118 0.0534268 0.764989 0.847989 0.0542783 0.7432 0.676201 0.751012 0.691562 0.869477 0.806806 0.735746 0.68494 0.0586825 0.791366 0.0500609 0.585304 0.706661 0.731755 0.749106 0.696551 0.624768 0.694286 0.851682 0.751892 0.750949 0.0547011 0.761874 0.691317 0.767963 0.715756 0.729265 0.768598 0.771018 0.83479 0.0470623 0.0569459 0.558601 0.0458834 
