-0.665713 -0.744217 -0.054464  0.022879  -0.741739   0.667938 -0.0606838  0.0114413 0.0815405         0  -0.99667  0.199059 0 0 0 1         0 -0.350398  0.785398         0 -0.437398  0.872398 -0.437398  0.785398         0 -0.785398  0.785398         0 -0.785398  0.785398 -0.785398  0.785398
0.244084
0.800373
0.0816311
100
0
100
0.192939
0.669726
0.191146 0.196681 0.259063 0.0394108 0.227769 0.246873 0.261048 0.226015 0.274229 0.228305 0.0337546 0.291991 0.194354 0.104928 0.039185 0.0356459 0.256475 0.252896 0.235084 0.245943 0.249647 0.0821002 0.255174 0.234684 0.214943 0.255146 0.228723 0.039914 0.226634 0.235766 0.197979 0.0394669 0.0350465 0.0363503 0.259582 0.265011 0.258684 0.25615 0.20093 0.244657 0.251903 0.246866 0.258085 0.255794 0.10553 0.233173 0.21304 0.261922 0.233191 0.240176 0.172871 0.213291 0.206092 0.0316918 0.243486 0.0357356 0.254582 0.222249 0.258013 0.0314379 0.226942 0.23186 0.234843 0.218504 0.239037 0.242204 0.214577 0.225008 0.029479 0.17608 0.224748 0.128693 0.22781 0.253353 0.227879 0.234267 0.242338 0.215424 0.0379783 0.247518 0.213063 0.256085 0.209808 0.234305 0.0358371 0.0343476 0.224681 0.0294007 0.0351885 0.245347 0.0404991 0.244554 0.262069 0.0714594 0.263488 0.266648 0.205575 0.220391 0.24588 0.250216 
0.820007 0.804206 0.856757 0.0578217 0.883998 0.806442 0.840917 0.796614 0.792328 0.812046 0.0517318 0.837985 0.711559 0.701861 0.0563683 0.0527072 0.867643 0.799047 0.804393 0.756315 0.821866 0.666062 0.90535 0.732222 0.766926 0.818692 0.826226 0.0605006 0.779422 0.797458 0.624695 0.0597883 0.0532322 0.0541496 0.781204 0.828013 0.823907 0.899559 0.751332 0.823483 0.817995 0.847172 0.866332 0.865663 0.677691 0.824573 0.855501 0.823473 0.882181 0.818363 0.661385 0.731664 0.843322 0.0492312 0.792253 0.0529444 0.867223 0.775384 0.809328 0.0498063 0.868119 0.82559 0.774884 0.76103 0.792086 0.808248 0.781528 0.820254 0.0485816 0.805023 0.760013 0.760063 0.79184 0.79005 0.785343 0.902845 0.806904 0.828241 0.0575804 0.798526 0.814389 0.79984 0.812127 0.817123 0.0547215 0.0535375 0.819161 0.0490589 0.0520802 0.866866 0.0559371 0.771185 0.88131 0.758696 0.809123 0.887964 0.782223 0.81621 0.807484 0.800505 
