   0.637424    0.770513  1.9802e-06 -0.00758222    0.770513   -0.637424 2.39365e-06  0.00579029 3.10656e-06           0          -1         0.2 0 0 0 1         0 -0.437398  0.959398         0 -0.437398  0.959398 -0.437398  0.785398         0 -0.785398  0.785398         0 -0.785398  0.785398 -0.785398  0.785398
0.260576
0.86041
3.10653e-06
100
0
100
0.207833
0.739705
0.266453 0.263087 0.248261 0.226994 0.242493 0.184543 0.238745 0.203412 0.25892 0.232234 0.263478 0.255621 0.249449 0.202651 0.229413 0.202825 0.243924 0.21215 0.153057 0.243102 0.285277 0.238201 0.176233 0.223985 0.222605 0.244675 0.24342 0.254468 0.22355 0.196698 0.247281 0.253253 0.239253 0.256367 0.171811 0.208216 0.251617 0.255086 0.0371761 0.0368282 0.238554 0.0625733 0.252144 0.227189 0.24966 0.256269 0.105114 0.25868 0.160688 0.254824 0.270186 0.27237 0.239846 0.0192675 0.283368 0.037706 0.254031 0.26036 0.0310641 0.258408 0.0309453 0.232836 0.0336914 0.187139 0.253037 0.0292197 0.258635 0.0677378 0.280159 0.205683 0.198479 0.253344 0.258076 0.229294 0.240457 0.256105 0.256949 0.248145 0.25452 0.0360074 0.0322438 0.255446 0.190794 0.214505 0.259202 0.229767 0.246323 0.257747 0.284325 0.227606 0.109064 0.234072 0.0349296 0.237202 0.263235 0.234024 0.230616 0.197554 0.13457 0.220458 
0.875082 0.863942 0.772494 0.788298 0.834711 0.734664 0.794645 0.762817 0.857847 0.787319 0.843637 0.86814 0.836578 0.783351 0.771291 0.752123 0.835628 0.784214 0.699457 0.836062 0.757638 0.827775 0.783369 0.78411 0.778202 0.842624 0.807602 0.853476 0.763992 0.694722 0.832244 0.880269 0.771093 0.866924 0.607012 0.787208 0.879339 0.829701 0.0545766 0.0548866 0.797574 0.78789 0.843555 0.828899 0.824146 0.809864 0.79119 0.863493 0.734247 0.846491 0.881389 0.890245 0.795874 0.0380983 0.885368 0.0564862 0.87023 0.857767 0.0508285 0.805572 0.049218 0.80488 0.0529704 0.650656 0.825551 0.83277 0.830745 0.79923 0.879228 0.776091 0.767514 0.820251 0.878071 0.85927 0.757135 0.81766 0.817429 0.848521 0.875941 0.0552993 0.897867 0.875686 0.587101 0.799526 0.828214 0.834845 0.815757 0.856322 0.909226 0.790383 0.808541 0.829144 0.0531109 0.794612 0.864853 0.800262 0.814498 0.711941 0.512071 0.789841 
