  -0.637424    0.770513 -1.9802e-06 -0.00710376    0.770513    0.637424 2.39365e-06 -0.00635901 3.10656e-06           0          -1         0.2 0 0 0 1         0 -0.437398  0.959398         0 -0.437398  0.959398 -0.437398  0.785398         0 -0.785398  0.785398         0 -0.785398  0.785398 -0.785398  0.785398
0.276659
0.884028
3.10653e-06
100
0
100
0.220658
0.778802
0.246742 0.242274 0.225598 0.23051 0.258084 0.184041 0.249808 0.237702 0.194274 0.251044 0.24914 0.258936 0.271748 0.203096 0.275817 0.251226 0.236912 0.226248 0.234506 0.202105 0.235255 0.276728 0.256231 0.26174 0.242411 0.257334 0.215496 0.220526 0.189774 0.273398 0.245678 0.257615 0.0498034 0.202621 0.0889043 0.153873 0.230557 0.27141 0.200135 0.237725 0.261503 0.274861 0.244637 0.237173 0.248807 0.254611 0.258421 0.0766476 0.266209 0.258521 0.234627 0.207227 0.223305 0.0370522 0.251221 0.24164 0.257584 0.271696 0.263658 0.0356286 0.228127 0.22202 0.258981 0.0351524 0.160364 0.0338893 0.259465 0.24978 0.263458 0.129291 0.238895 0.271091 0.264459 0.24382 0.257216 0.237788 0.0371181 0.252082 0.257308 0.221099 0.237492 0.25386 0.104829 0.207968 0.235189 0.259205 0.252355 0.233474 0.12778 0.249766 0.219723 0.241091 0.148455 0.254018 0.219074 0.236651 0.269004 0.216239 0.230007 0.246173 
0.842613 0.781184 0.792131 0.777662 0.842383 0.809301 0.822616 0.787864 0.729454 0.780063 0.841146 0.871966 0.767633 0.764703 0.882381 0.871286 0.81003 0.783945 0.801151 0.826668 0.836687 0.863351 0.873174 0.827052 0.809874 0.870657 0.793439 0.795099 0.759366 0.800914 0.817809 0.826575 0.835933 0.66346 0.65015 0.625157 0.802804 0.885219 0.759209 0.802824 0.865418 0.878417 0.81529 0.800923 0.833768 0.816671 0.872958 0.661599 0.890132 0.82865 0.813725 0.750355 0.801782 0.0539705 0.843778 0.803028 0.849547 0.909434 0.822845 0.0540889 0.797092 0.775662 0.850706 0.0533776 0.716273 0.0529773 0.878647 0.789567 0.852541 0.643767 0.82824 0.872023 0.858778 0.828093 0.830428 0.810128 0.905642 0.840796 0.876901 0.709399 0.806704 0.855735 0.652771 0.791608 0.809145 0.903721 0.805403 0.794631 0.75059 0.795385 0.792703 0.78932 0.770969 0.828457 0.787755 0.798339 0.875596 0.798958 0.795496 0.854534 
