 0.265416 -0.710423  0.651808  -0.12023 -0.267924 -0.703775 -0.657965  0.134882  0.926159         0 -0.377133 0.0881893 0 0 0 1         0 -0.437398  0.785398         0 -0.350398  0.785398 -0.437398  0.785398         0 -0.785398  0.785398         0 -0.785398  0.785398 -0.785398  0.785398
0.211849
0.829495
0.386698
100
26
74
0.155213
0.686939
0.213825 0.027521 0.246158 0.217352 0.209428 0.200499 0.0256104 0.025351 0.214371 0.017014 0.213716 0.212143 0.239406 0.174728 0.051242 0.0274123 0.195056 0.176124 0.175343 0.197416 0.0297825 0.207635 0.187513 0.217281 0.177141 0.057866 0.193452 0.183522 0.282539 0.156115 0.218025 0.0302985 0.221332 0.0801404 0.206174 0.207655 0.195773 0.165238 0.127009 0.1845 0.225884 0.193062 0.0248985 0.240911 0.216861 0.166792 0.0227098 0.220794 0.036937 0.182528 0.164116 0.16638 0.230006 0.247769 0.23985 0.0160731 0.184289 0.239883 0.0286602 0.144565 0.195696 0.216394 0.022128 0.0254087 0.0239742 0.18979 0.202005 0.205189 0.215324 0.157323 0.208188 0.0154842 0.195543 0.0316736 
0.856321 0.0602158 0.960594 0.809159 0.834618 0.869816 0.0543284 0.0511636 1.03231 0.049363 1.01855 0.800068 0.873155 0.920689 0.788527 0.0604152 0.797783 0.885051 0.957123 1.03312 0.0548392 0.957298 0.945432 0.870427 0.900697 0.787534 0.892732 0.96873 1.03976 0.687145 0.829008 0.0570391 0.831412 0.689717 0.767238 0.967832 1.03418 0.800195 0.84189 0.773484 0.884985 0.938529 0.0530195 1.02353 0.808359 0.678668 0.0485818 0.841218 0.0619831 0.89434 0.967565 0.854842 0.853431 0.816813 0.832178 0.0329042 0.864048 0.877371 0.063783 0.809639 0.972176 0.942731 0.0438707 0.0586447 0.0520656 0.899852 0.961715 0.842245 0.777575 0.84996 0.849218 0.0322632 0.878422 0.0579694 
