  0.637424  -0.770513 1.9802e-06 0.00710376    -0.770513    -0.637424 -2.39365e-06   0.00635901 3.10656e-06           0          -1         0.2 0 0 0 1         0 -0.437398  0.959398         0 -0.437398  0.959398 -0.437398  0.785398         0 -0.785398  0.785398         0 -0.785398  0.785398 -0.785398  0.785398
0.270679
0.877093
3.10653e-06
100
1
99
0.226294
0.786861
0.252775 0.284703 0.227961 0.181402 0.212781 0.249228 0.251595 0.147669 0.327078 0.248497 0.257471 0.263845 0.225402 0.268152 0.233131 0.264794 0.254123 0.22997 0.170384 0.19347 0.0909505 0.240659 0.253487 0.0374031 0.245348 0.224097 0.206415 0.259472 0.19984 0.0503577 0.267408 0.251971 0.241677 0.229071 0.249377 0.260481 0.231183 0.257377 0.237672 0.235548 0.262456 0.257004 0.223345 0.244 0.2387 0.228513 0.245569 0.241247 0.214185 0.263146 0.254084 0.249318 0.271017 0.204416 0.22177 0.161917 0.238294 0.251915 0.146822 0.235673 0.278444 0.234268 0.240643 0.206631 0.230237 0.268475 0.250613 0.220205 0.234186 0.270601 0.247756 0.25277 0.232262 0.245263 0.25562 0.241237 0.243276 0.242509 0.258191 0.237576 0.243033 0.221908 0.233425 0.265074 0.262802 0.247331 0.256179 0.230902 0.22075 0.281126 0.0366517 0.0396727 0.0420044 0.236154 0.227713 0.266741 0.227019 0.266828 0.0393661 
0.872867 0.884483 0.778404 0.801202 0.795621 0.833069 0.875622 0.724293 0.749725 0.850302 0.813674 0.816267 0.810299 0.865464 0.77648 0.848527 0.823246 0.782188 0.768041 0.799581 0.713727 0.840757 0.808816 0.0539004 0.807772 0.797809 0.760696 0.796184 0.737108 0.879238 0.878908 0.826036 0.821812 0.794708 0.881887 0.884002 0.818264 0.824613 0.803051 0.822783 0.870368 0.803833 0.771186 0.77932 0.811413 0.791482 0.877565 0.813453 0.785862 0.861987 0.836723 0.78358 0.891667 0.774293 0.829267 0.768398 0.803001 0.776774 0.751387 0.799165 0.878201 0.803275 0.820767 0.715469 0.788074 0.868068 0.793498 0.786451 0.808303 0.889856 0.868353 0.838554 0.786316 0.839295 0.905545 0.806448 0.827601 0.856921 0.865071 0.808979 0.815198 0.763785 0.798825 0.85968 0.835565 0.848526 0.8531 0.776053 0.770953 0.894442 0.0545869 0.0582004 0.0621172 0.78138 0.790993 0.869033 0.813669 0.818234 0.877671 
