 0.385839 -0.684547  0.618485 -0.148639 -0.362327 -0.728969 -0.580796  0.152655  0.848438         0 -0.529295  0.122832 0 0 0 1         0 -0.350398  0.959398         0 -0.437398  0.785398 -0.437398  0.872398         0 -0.785398  0.785398         0 -0.785398  0.785398 -0.785398  0.785398
0.0296841
0.584445
0.557769
100
37
63
0.0250304
0.1826
0.0302944 0.0159817 0.0815506 0.0671916 0.113331 0.015714 0.0169343 0.0145247 0.0154408 0.0177027 0.0159788 0.0102087 0.0118604 0.0355506 0.0173734 0.0126629 0.00549916 0.0219481 0.0269949 0.0301383 0.0121817 0.0236971 0.0142903 0.0215867 0.0686025 0.0177664 0.01673 0.0223893 0.022505 0.018909 0.00650584 0.0109818 0.0217203 0.0926292 0.0142043 0.0182436 0.0212713 0.0148238 0.00730268 0.023507 0.0212966 0.0214181 0.0198328 0.0272041 0.0155424 0.00153132 0.0319028 0.143428 0.021041 0.0254635 0.0101338 0.0179646 0.0177155 0.0320168 0.0224192 0.0126464 0.00599907 0.00699621 0.0020202 0.0239501 0.00839469 0.0200161 0.0212503 
0.0491305 0.0260193 0.570559 0.496659 0.573232 0.0286286 0.0271838 0.45897 0.0278468 0.401352 0.0279646 0.0270752 0.52759 0.662322 0.449285 0.022967 0.015605 0.0352505 0.0417322 0.615163 0.0248131 0.509907 0.0231478 0.0329539 0.493533 0.0334406 0.0332473 0.035275 0.0372564 0.0308275 0.018293 0.0225913 0.0383201 0.702735 0.0232294 0.0312542 0.0290796 0.505426 0.491975 0.0379541 0.0369632 0.0371534 0.0343626 0.0463844 0.0300447 0.0253157 0.537919 0.675937 0.47691 0.558485 0.0191489 0.0285205 0.03157 0.0509028 0.0389187 0.0234907 0.0185663 0.0193483 0.0154259 0.0411098 0.0238907 0.0283803 0.465256 
