 0.503517 -0.309017  0.806833 -0.199321 -0.163603 -0.951057 -0.262156 0.0747838  0.848354         0 -0.529429  0.122861 0 0 0 1         0 -0.350398  0.872398         0 -0.437398  0.785398 -0.437398  0.872398         0 -0.785398  0.785398         0 -0.785398  0.785398 -0.785398  0.785398
0.168564
0.58626
0.557927
100
35
65
0.0366245
0.260934
0.0293377 0.102789 0.0247003 0.10507 0.0297093 0.0141957 0.100619 0.0720465 0.0149904 0.0243044 0.0267241 0.0817798 0.0181828 0.00676264 0.0665862 0.0266788 0.0306889 0.013167 0.0198663 0.0254178 0.172329 0.0147016 0.0015422 0.0316643 0.023301 0.0141869 0.0477599 0.0152684 0.0189842 0.0294997 0.108927 0.0145722 0.021811 0.0117203 0.0175058 0.0177415 0.0320269 0.146086 0.0224614 0.00887482 0.0209253 0.0288164 0.0406446 0.041749 0.071547 0.0145686 0.0134388 0.0248722 0.0240102 0.0160738 0.0267812 0.0138066 0.0129647 0.0152658 0.0170217 0.161813 0.0199403 0.0258602 0.0163074 0.0288586 0.0211648 0.0119388 0.0252752 0.0525596 0.0298065 
0.0460992 0.628536 0.0426613 0.705849 0.557437 0.372888 0.593267 0.561316 0.0252466 0.0435334 0.0433538 0.683546 0.0324939 0.0191497 0.579515 0.0436349 0.56437 0.0237881 0.48567 0.0347584 0.622717 0.0225439 0.0163904 0.409065 0.0395861 0.022432 0.526504 0.408145 0.0331495 0.577543 0.661699 0.0288419 0.0370734 0.026822 0.0327363 0.0324052 0.0512153 0.646002 0.0431788 0.020646 0.0313185 0.603592 0.394859 0.521835 0.577242 0.0261084 0.0236685 0.0442511 0.526614 0.474457 0.590423 0.022209 0.0231984 0.0316439 0.0307984 0.559901 0.494927 0.0451764 0.0276915 0.507462 0.0369324 0.0207343 0.493697 0.46528 0.0408534 
