 0.262991  -0.36479  0.893176 -0.138373 -0.103037  -0.93109 -0.349936  0.064259  0.959281         0 -0.282455 0.0703308 0 0 0 1          0  -0.350398   0.872398          0 -0.0893982     1.6554  -0.350398     1.0464         0 -0.785398  0.785398         0 -0.785398  0.785398 -0.785398  0.785398
0.0636794
0.644019
0.286352
100
41
59
0.114679
1.03283
0.0321478 0.118046 0.00674044 0.141511 0.117378 0.00716813 0.0751586 0.0394025 0.29799 0.0134521 0.0848583 0.219812 0.0141306 0.00596504 0.05297 0.280766 0.0171024 0.243777 0.0975994 0.28381 0.10017 0.309131 0.130383 0.0844624 0.036857 0.223941 0.0808647 0.0964603 0.00842417 0.101166 0.336987 0.171804 0.0376168 0.231842 0.161211 0.0730401 0.122323 0.0455617 0.0672014 0.110783 0.0363203 0.23066 0.129886 0.129608 0.0177455 0.0609004 0.071264 0.21445 0.34271 0.165299 0.0115859 0.00930652 0.0531992 0.203834 0.1055 0.184727 0.0270479 0.00951273 0.0825006 
0.61314 0.655148 0.0260611 0.71124 0.71873 0.498512 0.608685 0.576907 3.54267 0.029492 0.558612 1.59495 0.0325561 0.030482 0.737529 1.94267 0.0348949 1.74272 0.591007 2.14932 0.701888 3.57202 0.709668 0.650423 0.484008 2.06336 0.661472 0.640697 0.0277198 0.745562 3.7294 1.77099 0.714073 2.15305 1.62036 0.626336 0.665629 0.524509 0.517118 0.654952 0.630735 1.89483 0.698831 0.626921 0.483274 0.541851 0.594099 2.15419 3.80364 1.84618 0.0306657 0.0245183 0.767737 2.20188 0.749452 1.94793 0.498031 0.029336 0.784299 
