 0.0820977   0.962754   0.257614 -0.0503667  0.292329  -0.27038    0.9173 -0.142785  0.952787         0 -0.303639 0.0732438 0 0 0 1          0  -0.350398   0.872398          0 -0.0893982     1.2204  -0.350398     1.0464         0 -0.785398  0.785398         0 -0.785398  0.785398 -0.785398  0.785398
0.0403386
0.562072
0.30851
100
49
51
0.0806523
0.712445
0.0105022 0.100454 0.0548328 0.0544444 0.026659 0.107416 0.0164324 0.0211672 0.286715 0.0261921 0.078623 0.0823892 0.00641148 0.0782518 0.0613185 0.14462 0.183517 0.150679 0.114424 0.0707865 0.0355888 0.0297089 0.0573114 0.0142728 0.0841324 0.13123 0.0549884 0.0144756 0.00299442 0.0102067 0.237771 0.0323095 0.108602 0.0556363 0.138212 0.098781 0.0707669 0.073891 0.0666159 0.0438141 0.202133 0.102918 0.022523 0.137909 0.0516974 0.0812325 0.163538 0.0517025 0.0133412 0.0552935 0.193833 
0.0300863 0.719318 0.610528 0.532824 0.703264 0.764949 0.349901 0.025976 3.51709 0.630685 0.717362 0.627233 0.0259997 0.564485 0.627633 0.676234 1.92613 1.6751 0.702128 0.698823 0.382381 0.618991 0.514597 0.035466 0.60255 0.645693 0.632956 0.0353393 0.0217502 0.028831 1.98277 0.563139 0.583693 0.637243 0.734874 0.753813 0.637573 0.471704 0.614761 0.592033 1.98349 0.637055 0.537231 0.655261 0.596525 0.615195 0.729499 0.705834 0.0234771 0.57917 2.05607 
