 0.552026 -0.770513  -0.31871 0.0612848  -0.667285  -0.637424   0.385255 -0.0591346 -0.499997         0 -0.866027  0.187225 0 0 0 1         0 -0.176398  0.785398         0 -0.437398  0.785398 -0.437398  0.785398         0 -0.785398  0.785398         0 -0.785398  0.785398 -0.785398  0.785398
0.116325
0.756272
0.523596
100
5
95
0.0785292
0.494852
0.0374601 0.0487256 0.080725 0.0347116 0.0298594 0.0164404 0.131815 0.0344796 0.0347631 0.128008 0.15242 0.103048 0.125269 0.028284 0.0316409 0.105595 0.0317103 0.124945 0.109268 0.118757 0.153279 0.100879 0.0302599 0.112075 0.0255683 0.123619 0.0932323 0.113789 0.0281368 0.020815 0.0903925 0.0321431 0.037872 0.0282824 0.0367853 0.10704 0.02242 0.118822 0.0778387 0.119926 0.112778 0.122167 0.0357275 0.0482682 0.142903 0.0342554 0.0389395 0.036008 0.139058 0.168241 0.0339262 0.0297817 0.0198872 0.0197734 0.0161268 0.0837926 0.108447 0.035104 0.0353083 0.115708 0.0232338 0.0317115 0.163708 0.138493 0.0350037 0.129556 0.16844 0.123144 0.143887 0.133494 0.13813 0.154172 0.0517495 0.0846861 0.00917157 0.0350568 0.108729 0.0386903 0.013 0.0326643 0.109106 0.0264877 0.164599 0.0319939 0.15688 0.0258593 0.11429 0.0336883 0.196822 0.166907 0.0370934 0.0273859 0.0296137 0.0968926 0.128638 
0.590696 0.708238 0.705589 0.643819 0.0503626 0.0450794 0.647408 0.061058 0.0585739 0.702654 0.730895 0.742835 0.712062 0.0558481 0.0539076 0.667714 0.0599308 0.681648 0.750725 0.677262 0.888932 0.728692 0.0556705 0.768436 0.0513718 0.726039 0.745502 0.744158 0.0544435 0.0283456 0.713928 0.0608301 0.714821 0.0549509 0.705511 0.763015 0.0461441 0.705881 0.681787 0.706338 0.77299 0.805929 0.0560707 0.771239 0.809365 0.0575204 0.751446 0.740663 0.805548 0.678321 0.652844 0.0547521 0.0439684 0.0417067 0.0333701 0.739863 0.742207 0.0567041 0.726058 0.761841 0.0520669 0.0562273 0.792831 0.737631 0.0572657 0.769311 0.72356 0.731796 0.873788 0.7819 0.86426 0.723927 0.745461 0.816874 0.0295318 0.0567362 0.778613 0.0622827 0.034151 0.733948 0.746892 0.0547253 0.86467 0.058646 0.839678 0.046484 0.687769 0.696863 0.771977 0.817555 0.0587701 0.0498857 0.048368 0.722393 0.73062 
