 0.549293 -0.744217  0.380024 -0.064584 -0.612023 -0.667937 -0.423423 0.0864448  0.568951         0 -0.822371  0.179395 0 0 0 1         0 -0.437398  0.785398         0 -0.350398  0.872398 -0.437398  0.785398         0 -0.785398  0.785398         0 -0.785398  0.785398 -0.785398  0.785398
0.162301
0.733183
0.60523
100
2
98
0.129067
0.686155
0.0353008 0.174222 0.151589 0.148245 0.0293668 0.161449 0.12996 0.154964 0.098087 0.184935 0.192877 0.160535 0.19636 0.145472 0.167585 0.145414 0.167415 0.0392093 0.123014 0.175534 0.02564 0.0259907 0.0322452 0.165347 0.0356957 0.201206 0.0178922 0.141513 0.0751392 0.127765 0.156853 0.180487 0.126872 0.10285 0.151796 0.134791 0.159336 0.112471 0.161009 0.106121 0.175249 0.177751 0.0340774 0.180847 0.064492 0.166295 0.165942 0.160266 0.147488 0.16422 0.144177 0.195821 0.0367032 0.17956 0.109145 0.124146 0.113334 0.121299 0.0882519 0.211812 0.191952 0.0253397 0.151256 0.176982 0.0364996 0.0920254 0.00982308 0.150001 0.16145 0.134933 0.254677 0.124454 0.183287 0.183248 0.0309294 0.131952 0.101863 0.178265 0.0272706 0.162826 0.151264 0.0330838 0.151613 0.0402549 0.188576 0.123722 0.159947 0.198178 0.168089 0.164004 0.0257791 0.170228 0.0174847 0.153331 0.172145 0.164353 0.180445 0.0936273 
0.0595727 0.767575 0.761604 0.857932 0.0542974 0.737426 0.763904 0.833128 0.717416 0.846508 0.876746 0.842458 0.841088 0.84861 0.844409 0.810852 0.851001 0.0603556 0.77734 0.801068 0.0520426 0.739106 0.0558345 0.749065 0.0559911 0.86246 0.772629 0.771909 0.729614 0.671084 0.853853 0.790896 0.705158 0.691303 0.933265 0.73703 0.796434 0.7855 0.732606 0.838065 0.764827 0.787221 0.776789 0.870136 0.685322 0.827609 0.872332 0.7975 0.823276 0.844608 0.764065 0.897581 0.0574478 0.830014 0.699053 0.787649 0.809401 0.777706 0.789156 0.823841 0.812201 0.0508202 0.802759 0.773528 0.054674 0.794705 0.0281501 0.747344 0.714337 0.742675 0.981571 0.774286 0.859985 0.859475 0.0584858 0.814911 0.726062 0.881591 0.694741 0.848562 0.788182 0.0595759 0.762363 0.0653319 0.826687 0.734732 0.715852 0.949668 0.741109 0.794979 0.0498443 0.869098 0.553299 0.798591 0.70399 0.785892 0.747117 0.713355 
