   0.665713   -0.744217   0.0544639 -0.00869423  -0.741739  -0.667937 -0.0606838  0.0241722 0.0815404         0  -0.99667  0.199059 0 0 0 1         0 -0.350398  0.872398         0 -0.437398  0.872398 -0.437398  0.785398         0 -0.785398  0.785398         0 -0.785398  0.785398 -0.785398  0.785398
0.245713
0.819187
0.0816311
100
2
98
0.198675
0.681016
0.033244 0.280022 0.229761 0.240956 0.231031 0.262581 0.248184 0.0383967 0.251481 0.0417459 0.242172 0.249981 0.240696 0.229148 0.0348989 0.256856 0.0305652 0.0350028 0.242513 0.0329164 0.234104 0.187816 0.249425 0.21421 0.237658 0.254262 0.231025 0.242744 0.226458 0.258416 0.222055 0.180507 0.033734 0.244502 0.230511 0.181311 0.244475 0.242954 0.22672 0.230408 0.246647 0.239527 0.190429 0.113976 0.23833 0.242292 0.248565 0.236436 0.26708 0.234991 0.203719 0.0350935 0.222889 0.243092 0.240474 0.232095 0.0319244 0.240901 0.250781 0.244389 0.290095 0.219468 0.265436 0.199587 0.24648 0.229148 0.218254 0.222961 0.037938 0.0368034 0.0256418 0.217566 0.252815 0.250648 0.0351839 0.214181 0.176126 0.253767 0.25681 0.21512 0.190056 0.20195 0.23317 0.25612 0.0248817 0.0280357 0.25816 0.242724 0.258678 0.256667 0.236166 0.0385086 0.204204 0.20042 0.240157 0.265645 0.225379 0.216113 
0.0514609 0.875969 0.765511 0.862687 0.805727 0.765683 0.824457 0.0551016 0.894215 0.058709 0.853477 0.823707 0.882635 0.848707 0.0529085 0.815405 0.0508617 0.0543471 0.815413 0.052869 0.748996 0.803613 0.812714 0.823346 0.776244 0.751313 0.874225 0.885443 0.763319 0.818893 0.849194 0.78999 0.0540512 0.782692 0.841116 0.801102 0.828719 0.823657 0.786323 0.791443 0.824079 0.6437 0.862341 0.587576 0.817469 0.825993 0.863408 0.809152 0.871138 0.799883 0.806291 0.053429 0.781974 0.82367 0.814898 0.851846 0.0502276 0.852202 0.810684 0.814533 0.90839 0.848118 0.843641 0.791679 0.893766 0.830644 0.706665 0.843158 0.0549445 0.0550937 0.0426031 0.735247 0.783324 0.78894 0.051927 0.724325 0.831439 0.82225 0.824579 0.795507 0.797615 0.750894 0.908878 0.855644 0.0420912 0.0465998 0.826158 0.810277 0.868305 0.896536 0.805073 0.0543458 0.732545 0.699819 0.770394 0.858753 0.818997 0.839669 
