  -0.637424   -0.770513 -1.9802e-06  0.00758222    -0.770513     0.637424 -2.39365e-06  -0.00579029 3.10656e-06           0          -1         0.2 0 0 0 1         0 -0.437398  0.959398         0 -0.437398  0.959398 -0.437398  0.785398         0 -0.785398  0.785398         0 -0.785398  0.785398 -0.785398  0.785398
0.259319
0.856768
3.10653e-06
100
1
99
0.224215
0.796387
0.263241 0.251836 0.228294 0.195951 0.245313 0.225998 0.243611 0.268156 0.235095 0.236795 0.0386701 0.162779 0.224309 0.262017 0.258369 0.267562 0.270868 0.229263 0.0994385 0.227043 0.231639 0.247005 0.246293 0.246608 0.0717007 0.244689 0.264068 0.232878 0.245151 0.227045 0.238648 0.115287 0.24162 0.281061 0.253098 0.226383 0.264682 0.298063 0.180315 0.255573 0.226207 0.270443 0.247724 0.24614 0.244551 0.263198 0.104763 0.0912421 0.240108 0.231331 0.0258044 0.189243 0.114262 0.249202 0.240402 0.245092 0.190255 0.256054 0.225679 0.217731 0.0468674 0.269174 0.234788 0.22425 0.26755 0.246506 0.293622 0.242899 0.211301 0.275158 0.228994 0.245433 0.245824 0.242987 0.258094 0.289354 0.234042 0.270955 0.241068 0.25154 0.104707 0.254712 0.284433 0.154772 0.334826 0.254898 0.244544 0.270617 0.212288 0.197463 0.221822 0.266712 0.264722 0.240611 0.227655 0.23496 0.144353 0.0367347 0.260156 
0.795865 0.820134 0.783443 0.730033 0.831956 0.803595 0.79768 0.873725 0.833234 0.814526 0.0553656 0.654326 0.846825 0.860537 0.852828 0.880496 0.88331 0.804068 0.754235 0.806141 0.872317 0.791116 0.886603 0.877403 0.696978 0.821381 0.830889 0.800074 0.801859 0.81241 0.786424 0.685184 0.840779 0.888939 0.875563 0.817621 0.887975 0.793961 0.741051 0.812045 0.80056 0.889855 0.82695 0.817324 0.842046 0.803233 0.803424 0.777087 0.8421 0.838231 0.0431046 0.615721 0.772394 0.820558 0.829378 0.830848 0.795927 0.888963 0.77992 0.78308 0.849981 0.877805 0.823567 0.822824 0.901095 0.768627 0.911578 0.839534 0.787429 0.889503 0.775817 0.789354 0.818403 0.809407 0.878182 0.790928 0.815088 0.875538 0.810093 0.837523 0.769682 0.892699 0.89306 0.827119 0.873683 0.87777 0.817265 0.881305 0.782377 0.755093 0.766837 0.882952 0.871333 0.819256 0.830747 0.73832 0.818067 0.0551392 0.813776 
