  0.26299   0.36479  0.893177 -0.145326   0.103036   -0.93109   0.349936 -0.0465124  0.959281         0 -0.282454 0.0703308 0 0 0 1          0  -0.350398   0.872398          0 -0.0893982     1.6554  -0.350398     1.0464         0 -0.785398  0.785398         0 -0.785398  0.785398 -0.785398  0.785398
0.0528781
0.612128
0.286352
100
38
62
0.10755
0.975406
0.0437714 0.197206 0.126589 0.193594 0.11004 0.0478958 0.0279797 0.0612661 0.0856369 0.106281 0.208732 0.0359395 0.0170757 0.176806 0.0369157 0.20927 0.0591195 0.200598 0.238602 0.0268128 0.199486 0.110258 0.250085 0.25055 0.0319164 0.223544 0.0410777 0.0142732 0.116442 0.0504706 0.187291 0.204267 0.197409 0.244367 0.0906997 0.113866 0.0128483 0.101411 0.0573696 0.112071 0.140209 0.0089383 0.133221 0.0573063 0.149598 0.0117743 0.00992913 0.00669626 0.0129 0.165631 0.0567801 0.00895328 0.00571586 0.0415461 0.0364164 0.0140698 0.247538 0.27278 0.145742 0.0642306 0.235933 0.022347 
0.624622 1.62737 0.759173 2.144 0.677474 0.551319 0.536056 0.763686 0.630168 0.51528 1.73189 0.734432 0.0322918 1.79629 0.743366 2.02834 0.45907 1.8949 2.14287 0.481627 1.65511 0.621127 1.65603 2.15724 0.565926 1.64127 0.51927 0.0336628 0.746279 0.516494 1.38591 2.04904 1.91971 2.12767 0.649868 0.625883 0.0373586 0.753037 0.680082 0.629979 0.676102 0.0288166 0.713779 0.57247 0.637444 0.0325782 0.490557 0.0273081 0.031738 1.80197 1.41967 0.0297387 0.0247533 0.510328 0.731437 0.326114 2.08112 3.76144 1.51472 0.81656 1.96505 0.436307 
