  0.199906   0.962754   0.182052 -0.0496461  0.711814  -0.27038   0.64824 -0.140219  0.673318         0 -0.739353  0.166854 0 0 0 1         0 -0.437398  0.785398         0 -0.437398  0.872398 -0.437398  0.785398         0 -0.785398  0.785398         0 -0.785398  0.785398 -0.785398  0.785398
0.205412
0.872904
0.738688
100
1
99
0.164766
0.761974
0.198531 0.19943 0.175231 0.090774 0.138958 0.129673 0.173401 0.152426 0.210088 0.199253 0.207723 0.228449 0.178188 0.195458 0.180523 0.184869 0.195381 0.202723 0.179014 0.192568 0.220037 0.137959 0.178846 0.164524 0.199992 0.225159 0.217791 0.196216 0.0369061 0.203059 0.0371931 0.0363508 0.192449 0.193482 0.170433 0.143402 0.128506 0.158981 0.1802 0.132181 0.166042 0.164919 0.0408424 0.130276 0.17622 0.218164 0.151926 0.0347806 0.189769 0.166413 0.184854 0.184763 0.225579 0.103135 0.184704 0.175311 0.19399 0.181954 0.173242 0.175026 0.180675 0.183737 0.139249 0.123822 0.184374 0.128573 0.18335 0.210725 0.192863 0.173645 0.149486 0.175284 0.0585937 0.145203 0.160284 0.182128 0.244738 0.202314 0.187886 0.18553 0.227824 0.0822255 0.179241 0.147455 0.14608 0.201515 0.220628 0.20348 0.0377571 0.192906 0.0388193 0.182421 0.176645 0.217099 0.0372164 0.257994 0.0952922 0.158623 0.127895 
0.718884 0.735815 0.903663 0.679113 0.724527 0.626483 0.777294 0.764363 0.85096 0.857246 0.858519 0.917343 0.742475 0.794219 0.801223 0.85917 0.758043 0.924053 0.839161 0.840125 0.839402 0.717715 0.754129 0.820911 0.829535 0.84764 0.74015 0.834749 0.71773 0.88221 0.0551588 0.0553827 0.775164 0.809896 0.733893 0.801103 0.723131 0.75419 0.82717 0.641619 0.825466 0.827344 0.853714 0.734903 0.83582 0.756067 0.740795 0.0563417 0.835266 0.78748 0.734623 0.670491 0.892706 0.653946 0.812185 0.731029 0.689403 0.84715 0.795812 0.826697 0.761513 0.804902 0.821592 0.685984 0.821961 0.757938 0.794975 0.769986 0.844965 0.790359 0.79156 0.818295 0.699835 0.689452 0.776209 0.829623 0.927336 0.770506 0.793825 0.827574 0.922999 0.801667 0.858557 0.78333 0.742269 0.845017 0.908388 0.800112 0.056722 0.769115 0.685424 0.808813 0.826152 0.941401 0.659985 0.877673 0.802554 0.811863 0.71415 
