 -0.665713   0.744218 -0.0544638  0.0086942    0.74174   0.667937  0.0606838 -0.0241722 0.0815403         0  -0.99667  0.199059 0 0 0 1         0 -0.350398  0.872398         0 -0.437398  0.872398 -0.437398  0.785398         0 -0.785398  0.785398         0 -0.785398  0.785398 -0.785398  0.785398
0.246735
0.823255
0.0816309
100
1
99
0.192171
0.665674
0.246455 0.215842 0.223995 0.204968 0.253594 0.232339 0.237046 0.241395 0.23881 0.232257 0.155126 0.0364738 0.246294 0.210117 0.253328 0.251134 0.0302233 0.241335 0.235062 0.224302 0.253791 0.22308 0.030528 0.217939 0.241286 0.26201 0.0380929 0.29427 0.0312643 0.0375336 0.280194 0.226337 0.226919 0.263587 0.225647 0.0385699 0.250911 0.21274 0.241308 0.25129 0.258064 0.24453 0.26799 0.231121 0.0345818 0.186495 0.186261 0.235996 0.22985 0.232331 0.0382584 0.241291 0.0332316 0.032674 0.0326343 0.0347558 0.255394 0.221843 0.0666988 0.225174 0.238712 0.209048 0.224629 0.245613 0.038237 0.221671 0.251233 0.218874 0.228258 0.223579 0.255185 0.220222 0.0315483 0.240556 0.21689 0.0395723 0.206558 0.0342177 0.243201 0.239865 0.242547 0.267168 0.0380158 0.214144 0.216769 0.251024 0.0341597 0.245233 0.259435 0.218168 0.232999 0.0322821 0.26987 0.245295 0.25493 0.202077 0.232629 0.235938 0.157971 
0.81002 0.800249 0.665678 0.786237 0.85682 0.793553 0.812404 0.856594 0.853991 0.802471 0.814311 0.054079 0.86611 0.797153 0.888634 0.890365 0.0464373 0.827986 0.852217 0.80049 0.792691 0.779755 0.0477267 0.806196 0.784866 0.87961 0.0567422 0.90698 0.0501911 0.0549995 0.845341 0.784105 0.838542 0.838646 0.8314 0.0592251 0.831313 0.781216 0.820054 0.906897 0.904869 0.806917 0.893065 0.760092 0.0523099 0.657956 0.798071 0.808146 0.781467 0.812235 0.04935 0.893981 0.0516315 0.0510748 0.0509734 0.0536831 0.79074 0.790588 0.750122 0.780368 0.82146 0.744491 0.833815 0.887934 0.0544332 0.738281 0.815662 0.792543 0.787225 0.796651 0.823288 0.775396 0.0487115 0.826006 0.822914 0.0567723 0.854273 0.0519463 0.789252 0.875534 0.812683 0.881993 0.0593003 0.781856 0.818317 0.880221 0.0526395 0.866093 0.829514 0.79403 0.81782 0.0491477 0.796873 0.894448 0.865192 0.809883 0.866041 0.893483 0.825636 
