  0.552024  -0.770513   0.318714 -0.0470773 -0.667283 -0.637424 -0.385259 0.0718526  0.500003         0 -0.866024  0.187224 0 0 0 1         0 -0.437398  0.785398         0 -0.263398  0.959398 -0.437398  0.785398         0 -0.785398  0.785398         0 -0.785398  0.785398 -0.785398  0.785398
0.082279
0.754383
0.523602
100
1
99
0.0870669
0.522142
0.121584 0.0160083 0.160471 0.0945086 0.0933821 0.0854644 0.0330804 0.112779 0.0801492 0.17301 0.0354692 0.0310393 0.0267036 0.0328056 0.168487 0.0274374 0.0309839 0.0240419 0.0266158 0.0399855 0.0898219 0.0217218 0.0354278 0.0207849 0.173407 0.17002 0.0687557 0.12382 0.0299598 0.125297 0.2036 0.195034 0.0271428 0.180797 0.15025 0.155241 0.0367646 0.0292831 0.0860337 0.154399 0.0827295 0.0380153 0.113446 0.151305 0.137277 0.0306121 0.0337312 0.12474 0.0611675 0.197009 0.114877 0.099356 0.0345715 0.0781111 0.131748 0.184311 0.0326008 0.0381124 0.147161 0.0275401 0.0262815 0.0883302 0.157762 0.0389466 0.133838 0.124886 0.0775563 0.149618 0.0569015 0.0330737 0.0194689 0.0880823 0.0302205 0.0972484 0.0137656 0.0936725 0.0303561 0.158279 0.0960715 0.0511017 0.104279 0.135697 0.0336605 0.112773 0.0983421 0.0756826 0.0356826 0.169531 0.153661 0.0938389 0.0275589 0.147957 0.166266 0.0324201 0.0335463 0.0251861 0.0719116 0.0428884 0.143296 
0.796702 0.0336322 0.853069 0.76985 0.732804 0.815565 0.0518804 0.728025 0.665746 0.761187 0.057206 0.0559949 0.0530535 0.0592889 0.778208 0.0522487 0.0537209 0.0521558 0.0521732 0.0581247 0.72248 0.0467415 0.0540671 0.0421306 0.757999 0.749178 0.763962 0.81462 0.0551693 0.714618 0.763937 0.867008 0.0489651 0.85437 0.865851 0.860099 0.673927 0.0517927 0.71578 0.751578 0.748613 0.0578001 0.706783 0.777583 0.769374 0.055947 0.710455 0.707875 0.709873 0.776462 0.79801 0.756025 0.0611321 0.838757 0.790911 0.904679 0.0562955 0.0591241 0.811304 0.0524261 0.0504148 0.743528 0.776228 0.69417 0.752598 0.784788 0.799207 0.873461 0.717431 0.0576005 0.040567 0.63537 0.0525434 0.721621 0.0334205 0.732642 0.0526167 0.827341 0.71159 0.766547 0.788256 0.773093 0.680827 0.721375 0.760723 0.701931 0.0643885 0.85274 0.846066 0.713438 0.0489025 0.79824 0.857543 0.0519763 0.0581761 0.0463867 0.773583 0.591963 0.934447 
