 0.674345  -0.36479  0.642018 -0.137824   -0.2642  -0.93109 -0.251535 0.0640437  0.689534         0 -0.724253  0.163977 0 0 0 1         0 -0.437398  0.785398         0 -0.437398  0.872398 -0.437398  0.785398         0 -0.785398  0.785398         0 -0.785398  0.785398 -0.785398  0.785398
0.206923
0.849541
0.760846
100
2
98
0.155438
0.755781
0.194181 0.21188 0.161581 0.26808 0.164402 0.233885 0.174368 0.038117 0.176742 0.150479 0.0309722 0.210722 0.179459 0.201604 0.216975 0.243716 0.0748041 0.0267536 0.208716 0.162909 0.102714 0.0907159 0.187436 0.0366402 0.172476 0.225946 0.206989 0.197726 0.126437 0.212963 0.122735 0.186253 0.190302 0.225965 0.17865 0.0376262 0.0378033 0.176908 0.190318 0.165758 0.174742 0.172976 0.104923 0.191172 0.164963 0.183374 0.198479 0.23288 0.180347 0.233809 0.215071 0.200116 0.0512007 0.127585 0.158945 0.194279 0.0290353 0.188701 0.185352 0.195479 0.183125 0.189751 0.213315 0.10886 0.170152 0.192851 0.195387 0.14926 0.0380622 0.153273 0.222792 0.171677 0.221776 0.205605 0.203679 0.194675 0.029455 0.198128 0.170389 0.0275909 0.2202 0.0625504 0.0341444 0.186449 0.0153609 0.193015 0.0379852 0.207575 0.118507 0.0384848 0.167537 0.181602 0.0518706 0.0401505 0.191357 0.151829 0.130739 0.177638 
0.862174 0.668866 0.744143 0.839655 0.77895 0.808316 0.825578 0.0592732 0.797875 0.794349 0.811789 0.808524 0.815406 0.77669 0.88684 0.954934 0.672566 0.745071 0.790061 0.806374 0.698632 0.768341 0.785607 0.0551999 0.711384 0.831615 0.801103 0.869503 0.694637 0.804657 0.760085 0.800765 0.84387 0.776036 0.837321 0.0586814 0.0605209 0.808242 0.879639 0.829042 0.826153 0.761101 0.790288 0.805 0.82318 0.838346 0.794403 0.862667 0.778605 0.882603 0.780004 0.795568 0.799298 0.899621 0.710276 0.770297 0.708913 0.827303 0.755507 0.79123 0.852208 0.778926 0.857001 0.819213 0.792407 0.834053 0.772046 0.921798 0.768973 0.805405 0.657529 0.842048 0.750549 0.734299 0.749436 0.834633 0.67906 0.857935 0.82366 0.765936 0.839272 0.652636 0.0542057 0.822696 0.700662 0.829317 0.813565 0.834921 0.838919 0.65134 0.82195 0.817916 0.730486 0.769536 0.799279 0.733061 0.710428 0.82652 
