  0.905009   -0.36479   0.218832 -0.0594618  -0.354572   -0.93109 -0.0857357  0.0333424  0.235027         0 -0.971989   0.19885 0 0 0 1         0 -0.263398  0.959398         0 -0.437398  0.785398 -0.437398  0.785398         0 -0.785398  0.785398         0 -0.785398  0.785398 -0.785398  0.785398
0.221111
0.750885
0.237247
100
5
95
0.11575
0.435366
0.0364168 0.213293 0.214054 0.0420883 0.0359141 0.0402786 0.212389 0.0305273 0.0376152 0.0295108 0.0387354 0.0359488 0.198609 0.0366163 0.0337056 0.0335032 0.171549 0.149262 0.036084 0.228148 0.0634279 0.192751 0.0318535 0.176467 0.0364248 0.209335 0.0390857 0.0376053 0.184767 0.205564 0.160877 0.237082 0.0371438 0.0364704 0.215697 0.0283359 0.161914 0.0387818 0.172797 0.201942 0.0400523 0.0352519 0.206601 0.163018 0.0446923 0.233494 0.0352717 0.0324343 0.216738 0.0390835 0.0367821 0.197264 0.0341743 0.199147 0.0422573 0.0276084 0.0325202 0.203857 0.212718 0.17423 0.0351231 0.181038 0.216594 0.222011 0.21267 0.0271529 0.195338 0.0366637 0.212354 0.0422507 0.20228 0.0327646 0.0371984 0.214768 0.197697 0.0375608 0.0345778 0.0793269 0.0358255 0.199497 0.0352321 0.0357176 0.0346667 0.22362 0.0393305 0.216448 0.164453 0.205039 0.0362815 0.034987 0.206258 0.237835 0.123029 0.229615 0.191267 
0.0540406 0.826124 0.836525 0.0610559 0.0557824 0.0586416 0.799122 0.0466556 0.0561475 0.0477099 0.0560528 0.0578191 0.845997 0.0531766 0.0528611 0.0536462 0.874892 0.647497 0.0533531 0.758775 0.640806 0.831197 0.0524302 0.909888 0.0545501 0.80843 0.0569925 0.0581446 0.765311 0.75922 0.796117 0.813528 0.0555543 0.0541424 0.733244 0.046836 0.891846 0.0557505 0.862134 0.823767 0.627239 0.055292 0.843534 0.689291 0.0633398 0.781262 0.0543358 0.0512443 0.832238 0.0580594 0.0555174 0.76485 0.0537957 0.879695 0.0631572 0.0462975 0.0513215 0.891258 0.815247 0.818613 0.0545262 0.79694 0.773681 0.797772 0.706931 0.0445635 0.823434 0.0585405 0.909949 0.0615904 0.71043 0.051285 0.0557069 0.835172 0.856163 0.0561979 0.0555367 0.633066 0.0540359 0.850288 0.0517604 0.0513575 0.0542654 0.87601 0.0586737 0.749759 0.810423 0.745259 0.0539538 0.052939 0.700234 0.819175 0.702231 0.826506 0.760042 
