 0.265417  0.710423  0.651808 -0.133771  0.267924 -0.703775  0.657965 -0.121468  0.926159         0 -0.377133 0.0881893 0 0 0 1         0 -0.437398  0.785398         0 -0.350398  0.785398 -0.437398  0.785398         0 -0.785398  0.785398         0 -0.785398  0.785398 -0.785398  0.785398
0.202324
0.888533
0.386698
100
22
78
0.153692
0.678953
0.17459 0.201199 0.192078 0.115607 0.215892 0.18327 0.0270738 0.186177 0.134561 0.213349 0.158482 0.200123 0.157911 0.185314 0.176852 0.156598 0.216761 0.18377 0.161583 0.192221 0.017284 0.161497 0.0253623 0.0332466 0.151556 0.207682 0.189158 0.019066 0.183566 0.166024 0.136749 0.229667 0.218979 0.0207756 0.0213565 0.195406 0.183847 0.218888 0.025799 0.187801 0.0216612 0.031779 0.204355 0.204834 0.0226389 0.0342527 0.184642 0.168258 0.207845 0.162857 0.22103 0.226759 0.201422 0.0190655 0.19675 0.199922 0.160178 0.160461 0.195651 0.217905 0.232191 0.229945 0.140655 0.0362706 0.0332098 0.223121 0.197876 0.0246031 0.183312 0.231283 0.199571 0.180087 0.169118 0.211415 0.171697 0.219368 0.214284 0.0205922 
0.854398 0.810113 0.962974 0.826762 0.909595 0.957548 0.053887 0.760077 0.856509 0.87846 0.756804 0.854826 0.871877 0.882495 0.888403 0.824642 0.85393 0.673716 0.999868 0.815818 0.0432896 0.933724 0.0526985 0.0564199 0.83451 0.990642 0.898952 0.0375551 0.887375 0.780775 0.763201 0.893161 0.823598 0.0406167 0.0479553 0.845908 0.870725 0.856527 0.0484485 0.876588 0.0467405 0.0604948 0.830228 0.828982 0.0563568 0.0690313 0.835596 0.77066 0.760098 0.830108 0.833116 0.913667 0.92281 0.0396963 0.769389 0.812998 0.916721 0.829504 0.880717 0.783322 0.864353 1.00431 0.805022 0.064112 0.0598081 0.913666 0.854462 0.0508637 0.785926 0.858024 0.81549 0.82637 0.895209 1.03971 0.731555 0.809401 0.862582 0.051832 
