-0.905009   0.36479 -0.218832 0.0594618   0.354571    0.93109  0.0857356 -0.0333424  0.235027         0 -0.971989   0.19885 0 0 0 1         0 -0.263398  0.959398         0 -0.437398  0.785398 -0.437398  0.785398         0 -0.785398  0.785398         0 -0.785398  0.785398 -0.785398  0.785398
0.223071
0.750481
0.237247
100
2
98
0.107322
0.376863
0.183865 0.213023 0.0309887 0.0391007 0.185999 0.182805 0.0393679 0.0333835 0.0347475 0.0379806 0.182301 0.0255323 0.234026 0.0362529 0.0330941 0.034887 0.226335 0.210874 0.213638 0.0385327 0.0327231 0.0285762 0.188576 0.23595 0.0377378 0.159705 0.0341829 0.131874 0.153263 0.136707 0.0379657 0.23016 0.0381334 0.0349208 0.034403 0.229238 0.207501 0.0358033 0.0319969 0.205365 0.0325656 0.233691 0.032704 0.221913 0.0346496 0.183757 0.0350717 0.0391535 0.225184 0.0371208 0.0372977 0.0330718 0.0373841 0.257043 0.0354291 0.0326547 0.172594 0.0307097 0.0267113 0.0354516 0.242487 0.0236462 0.207647 0.0311387 0.0331391 0.0363766 0.230958 0.202845 0.0338937 0.194612 0.228221 0.0330985 0.0359822 0.197859 0.0305223 0.0413103 0.0365753 0.038508 0.163427 0.0372699 0.0356331 0.0348528 0.234168 0.182526 0.213538 0.109789 0.198205 0.195428 0.0360516 0.187212 0.0344834 0.0378843 0.0335454 0.196361 0.19769 0.0378903 0.223055 0.0340697 
0.720116 0.813078 0.0412533 0.0571315 0.757277 0.783665 0.0551503 0.0530179 0.0510981 0.0553834 0.589222 0.0415789 0.756729 0.0560428 0.0508954 0.0534292 0.914113 0.847866 0.859766 0.0566001 0.0518779 0.0465331 0.878984 0.783274 0.0584291 0.785015 0.0564568 0.691887 0.868176 0.714469 0.0579661 0.823682 0.056423 0.0541041 0.0511781 0.8191 0.804201 0.0553068 0.0502495 0.773001 0.0522488 0.780943 0.0513868 0.827534 0.0534007 0.828431 0.0510784 0.0549641 0.697319 0.0547778 0.0565532 0.0484651 0.0558064 0.857133 0.0543498 0.0504983 0.785214 0.0490183 0.0430861 0.0544674 0.757073 0.0321134 0.790359 0.0470984 0.0529049 0.053516 0.837886 0.792713 0.0525801 0.845693 0.784244 0.0513357 0.0520811 0.805025 0.0482102 0.0623555 0.0549198 0.0565579 0.725668 0.0555744 0.0568645 0.0530475 0.82201 0.834357 0.82787 0.635317 0.738875 0.817828 0.053328 0.820589 0.054806 0.0559446 0.0496007 0.906053 0.73626 0.0560238 0.801634 0.0538254 
