-0.199906  0.962754 -0.182051  0.031296  0.711814  0.270379   0.64824 -0.145373  0.673319         0 -0.739352  0.166854 0 0 0 1         0 -0.437398  0.785398         0 -0.437398  0.872398 -0.437398  0.785398         0 -0.785398  0.785398         0 -0.785398  0.785398 -0.785398  0.785398
0.0367819
0.763244
0.738688
100
2
98
0.164989
0.725193
0.188067 0.156538 0.0383079 0.0397481 0.197274 0.243691 0.230867 0.0360155 0.188098 0.183447 0.136573 0.220021 0.210151 0.17987 0.160559 0.122111 0.179592 0.193651 0.186507 0.13284 0.17442 0.183807 0.177633 0.145823 0.152538 0.190986 0.104277 0.167969 0.0383893 0.203733 0.197079 0.145573 0.196069 0.209314 0.187463 0.191131 0.216239 0.151384 0.124934 0.148285 0.221125 0.19482 0.188617 0.0886497 0.0484098 0.171765 0.121519 0.142944 0.189487 0.187041 0.189496 0.19299 0.194467 0.142828 0.201047 0.20861 0.164446 0.150198 0.231829 0.168138 0.202829 0.178865 0.176468 0.216156 0.183369 0.182654 0.192689 0.187457 0.197551 0.178432 0.235592 0.183946 0.156423 0.146708 0.217029 0.19351 0.16832 0.181143 0.20891 0.252597 0.0333442 0.143811 0.178068 0.198056 0.197474 0.202109 0.0329326 0.156656 0.165595 0.113783 0.0923496 0.236061 0.154461 0.0375578 0.206936 0.0345487 0.0401989 0.1749 
0.867394 0.737238 0.0557578 0.0608411 0.825454 0.992577 0.909727 0.703166 0.760344 0.839539 0.763317 0.782548 0.787065 0.868625 0.816797 0.644444 0.788488 0.822869 0.7578 0.709326 0.818019 0.819368 0.802954 0.732398 0.779196 0.845493 0.73015 0.792448 0.0582212 0.770064 0.737217 0.783028 0.832573 0.901403 0.863542 0.770927 0.799158 0.755471 0.707993 0.713491 0.781089 0.869467 0.694275 0.654991 0.0697346 0.726763 0.698837 0.802989 0.856326 0.841376 0.747961 0.820159 0.796297 0.752055 0.839814 0.590011 0.72755 0.730607 0.789454 0.749596 0.750173 0.832999 0.803309 0.900053 0.819655 0.802236 0.660319 0.719413 0.676122 0.839324 0.873127 0.825361 0.730613 0.706564 0.945871 0.827927 0.797448 0.742896 0.850264 0.851446 0.660043 0.8057 0.827546 0.723523 0.811346 0.89929 0.0531014 0.804973 0.756016 0.712111 0.680711 0.808915 0.763686 0.0597313 0.754682 0.0552684 0.0626641 0.82869 
