          0           1 1.30201e-08  -0.0209917           1           0 8.79942e-10 -0.00506132 8.79942e-10        0       -1 0.184999 0 0 0 1         0 -0.437398  0.785398         0 -0.437398  0.785398 -0.785398    1.1334         0 -0.785398  0.785398         0 -0.785398  0.785398 -0.785398  0.785398
0.150612
0.337394
8.79942e-10
100
48
52
0.261398
1.43504
0.189762 0.307701 0.167476 0.320223 0.270911 0.287311 0.176093 0.248203 0.146261 0.273305 0.149659 0.269091 0.283643 0.27075 0.487168 0.278197 0.453232 0.172413 0.348703 0.263722 0.178428 0.283726 0.174174 0.243745 0.147913 0.286789 0.17954 0.159395 0.272194 0.273819 0.234438 0.262709 0.257192 0.272969 0.335451 0.465238 0.238076 0.264495 0.272229 0.238368 0.224708 0.260691 0.272243 0.339161 0.220347 0.186144 0.2481 0.289362 0.276483 0.47165 0.153841 0.245255 
0.470193 1.69657 0.386525 1.81399 1.59287 1.5618 0.417996 1.47604 0.28555 1.67677 0.3157 1.5255 1.46242 1.58465 4.00455 1.47756 4.37238 0.378335 1.92604 0.932878 0.43295 1.64908 0.375778 1.27254 0.268752 1.52103 0.291506 0.3525 1.47077 1.35603 1.08022 1.19121 1.66622 1.37119 1.63793 4.12191 1.05477 1.4763 1.13563 1.38248 1.45421 1.64494 1.40905 1.733 1.61632 0.416101 1.34242 1.25906 3.21284 4.09907 0.468938 1.49883 
