 0.0217005   0.999686  0.0125288 0.00732353   0.865753 -0.0250575   0.499844  -0.101154  0.500001         0 -0.866025  0.183564 0 0 0 1         0 -0.785398    1.0464         0 -0.698398  0.785398 -0.437398  0.959398         0 -0.785398  0.785398         0 -0.785398  0.785398 -0.785398  0.785398
0.185522
0.48056
0.5236
100
22
78
0.172586
0.537225
0.170026 0.149965 0.178404 0.135838 0.18092 0.172793 0.164226 0.172544 0.148198 0.194788 0.169411 0.181801 0.156506 0.183277 0.0597386 0.172101 0.197125 0.182715 0.162825 0.203785 0.1653 0.309921 0.173324 0.179604 0.140787 0.175368 0.17933 0.130112 0.185949 0.199924 0.178817 0.190544 0.121761 0.143192 0.205603 0.162437 0.188733 0.164972 0.199432 0.170844 0.196403 0.183216 0.176282 0.174638 0.196018 0.159283 0.143303 0.156808 0.227064 0.15562 0.18294 0.133389 0.152836 0.171158 0.203381 0.177122 0.202124 0.195975 0.195616 0.173753 0.149231 0.151464 0.156476 0.176122 0.187636 0.221882 0.159873 0.179893 0.129633 0.186734 0.128503 0.176067 0.19901 0.147661 0.18321 0.155828 0.138515 0.174092 
0.39741 0.390997 0.395965 0.297677 0.488938 0.432928 0.446349 0.362182 0.355519 0.458721 0.424363 0.366786 0.394851 0.36588 0.454671 0.377601 0.454724 1.16554 0.34417 0.465361 0.357211 1.37285 0.427806 0.480076 0.294585 0.390029 0.471801 0.28867 0.43888 1.13468 0.477459 0.477166 0.291886 0.479515 1.0936 0.496195 0.449928 0.482598 0.373226 1.04115 0.477742 0.443692 0.943707 0.50073 0.477181 0.50288 0.340195 0.386519 1.20176 0.375085 0.997049 0.281882 0.378499 0.468438 0.487382 0.461759 1.11831 0.479909 1.05247 0.401761 0.340958 0.34138 0.398206 1.25702 0.437759 1.20314 0.399169 1.04473 0.285289 0.47872 0.2908 0.411091 1.22203 0.342877 0.482781 0.373088 0.282513 0.37508 
