 -0.0217005   -0.999686  -0.0125288 -0.00732353 -0.865753 0.0250575 -0.499844  0.101154  0.500001         0 -0.866025  0.183564 0 0 0 1         0 -0.785398    1.0464         0 -0.698398  0.785398 -0.437398  0.959398         0 -0.785398  0.785398         0 -0.785398  0.785398 -0.785398  0.785398
0.176738
0.440425
0.5236
100
19
81
0.175631
0.532318
0.2016 0.158117 0.131779 0.200805 0.131219 0.179342 0.138078 0.191188 0.162266 0.166738 0.200854 0.241389 0.166657 0.168493 0.188323 0.228581 0.189216 0.217148 0.190693 0.122726 0.16595 0.142677 0.191638 0.195057 0.173018 0.172381 0.17794 0.186102 0.185156 0.177798 0.050352 0.172153 0.18893 0.164946 0.16257 0.166543 0.172065 0.186792 0.203415 0.1613 0.175162 0.171505 0.17467 0.169439 0.199989 0.135939 0.171959 0.179488 0.165041 0.193352 0.165951 0.144969 0.150647 0.18419 0.19209 0.157337 0.195399 0.181177 0.197013 0.161207 0.167015 0.195762 0.141299 0.153842 0.188492 0.165296 0.232484 0.197052 0.205942 0.156624 0.195397 0.192724 0.184436 0.144696 0.144958 0.169084 0.169676 0.189976 0.20428 0.190581 0.197965 
0.455916 0.343648 0.311719 0.961977 0.319084 1.09829 0.467593 0.441454 0.39311 0.371332 0.428167 1.11691 0.440569 0.38162 0.495356 1.23879 0.474587 1.23767 0.435515 0.463694 0.479088 0.336168 0.470012 0.476265 0.3878 0.427281 1.09864 0.403319 0.430857 0.479481 0.464748 0.389313 0.439656 0.480663 0.346927 0.405097 0.485284 0.476991 1.21439 0.47213 0.474529 0.472596 0.410179 0.47246 1.13234 0.28489 0.34621 0.418769 0.410722 0.48817 0.336307 0.279937 0.34172 0.487859 1.09724 0.368784 1.11545 1.06459 0.472456 0.384394 0.372317 0.494361 0.30789 0.308012 0.436921 0.176371 1.23605 0.479663 0.500965 0.379748 0.48465 0.479261 0.506393 0.321059 0.336286 0.422008 1.08193 0.476708 0.498149 0.469032 0.449239 
