 6.51006e-09            1 -1.12757e-08   0.00193168   0.866025          0        0.5 -0.0749387       0.5         0 -0.866025  0.183563 0 0 0 1         0 -0.785398    1.1334         0 -0.611398  0.785398 -0.437398  0.785398         0 -0.785398  0.785398         0 -0.785398  0.785398 -0.785398  0.785398
0.210851
1.45056
0.523599
100
41
59
0.171656
1.08733
0.260264 0.197755 0.428191 0.185572 0.322098 0.195866 0.229186 0.189966 0.250327 0.216887 0.0723591 0.0946488 0.0200963 0.0487261 0.245694 0.185054 0.260493 0.242548 0.204245 0.106401 0.23798 0.110636 0.119117 0.0189373 0.12496 0.103196 0.235286 0.292816 0.107663 0.253704 0.262841 0.208157 0.135581 0.0206358 0.129229 0.0340781 0.166662 0.165487 0.250335 0.0850536 0.0661493 0.026961 0.210056 0.218032 0.191142 0.203164 0.226041 0.215149 0.16325 0.191019 0.142358 0.173895 0.215624 0.051674 0.205196 0.202854 0.119886 0.20846 0.078035 
1.41291 1.17782 2.59349 1.15725 3.05577 1.23277 1.22015 1.08277 1.23276 1.06962 0.486928 1.28578 0.0212159 0.486299 1.43787 1.05113 1.66384 1.17768 1.10104 1.22145 1.42802 0.295306 1.29278 0.0231718 0.895077 1.21604 1.47161 1.61166 1.33649 1.54146 1.21797 1.22741 0.301609 0.0251031 0.279077 0.991382 0.974973 1.06465 1.41385 0.29906 0.275938 0.0262622 1.09352 1.40637 1.45085 1.18449 1.47351 1.37145 0.346836 1.46195 0.2802 1.21788 1.1811 1.2237 1.33626 1.16727 1.08263 1.46985 1.02735 
