 0.168916 -0.730635  0.661544 -0.120863 -0.180758 -0.682768 -0.707922  0.140598  0.968914         0 -0.247398 0.0749153 0 0 0 1         0 -0.698398  0.785398         0 -0.524398  0.785398 -0.698398  0.872398         0 -0.785398  0.785398         0 -0.785398  0.785398 -0.785398  0.785398
0.156905
0.64848
0.249994
100
14
86
0.0943933
0.471831
0.129111 0.112765 0.0847112 0.0215031 0.13073 0.170477 0.110502 0.14484 0.0829313 0.11721 0.134314 0.108675 0.0168116 0.146249 0.0514618 0.157442 0.0824367 0.0725202 0.0777576 0.0853675 0.130894 0.0686741 0.0995821 0.153822 0.0187832 0.173909 0.129806 0.0167067 0.123433 0.139829 0.178533 0.0751555 0.146258 0.0185268 0.113966 0.0224945 0.0947286 0.125114 0.0512077 0.0950747 0.126719 0.0194686 0.0208804 0.137576 0.101034 0.14924 0.155431 0.0242865 0.12424 0.118782 0.116189 0.01943 0.0239419 0.158815 0.0180278 0.128583 0.132831 0.127251 0.146661 0.0196228 0.107319 0.018383 0.0294235 0.103898 0.138433 0.115524 0.136174 0.0254143 0.105046 0.0144702 0.137334 0.155652 0.0222715 0.0199421 0.0157888 0.128535 0.115451 0.116879 0.116781 0.0474126 0.1568 0.0976627 0.0199627 0.133916 0.133009 0.0230214 
0.551874 0.726236 0.575816 0.0396843 0.732362 0.731276 0.512285 0.743665 0.546218 0.547238 0.505339 0.494413 0.0305456 0.75375 0.574308 0.765709 0.536621 0.892961 0.697628 0.68275 0.553451 0.547446 0.537044 0.789396 0.0387342 0.773773 0.736969 0.0368165 0.352199 0.521825 0.95733 0.514117 0.54684 0.0432611 0.470879 0.0388042 0.56406 0.537224 0.531231 0.547352 0.570071 0.0367383 0.0377821 0.527944 0.710742 0.550187 0.71883 0.0420601 0.722846 0.511857 0.553391 0.0364772 0.0413311 0.748361 0.0241382 0.539897 0.499458 0.525442 0.711774 0.0354648 0.583567 0.0330027 0.048984 0.778855 0.801575 0.752997 0.502496 0.0502896 0.615163 0.0341496 0.572324 0.561207 0.0399021 0.0411752 0.0382745 0.734972 0.591145 0.79483 0.69622 0.522764 0.610717 0.594095 0.0356174 0.558142 0.513744 0.0470349 
