 -0.999475 -0.0148774 -0.0287668  0.0471398   -0.0148713     0.999889 -0.000428023    0.0188204 0.0287699         0 -0.999586  0.203682 0 0 0 1         0 -0.785398  0.785398         0 -0.785398  0.785398 -0.350398  0.872398         0 -0.785398  0.785398         0 -0.785398  0.785398 -0.785398  0.785398
0.0214877
0.0299698
0.0287739
100
47
53
0.0305737
0.0866098
0.101033 0.0245365 0.0453436 0.0308141 0.0214076 0.01991 0.011261 0.0305013 0.0389968 0.0194178 0.0218541 0.018217 0.0193184 0.016202 0.0182779 0.0194292 0.0226648 0.0317421 0.0136932 0.0201964 0.0192506 0.0162221 0.0593807 0.129794 0.0646721 0.018372 0.0159049 0.0204805 0.0341349 0.0220168 0.0456048 0.0158102 0.0179896 0.0165175 0.0302002 0.0518068 0.133276 0.018987 0.019549 0.0120131 0.0201845 0.0103879 0.0145797 0.02557 0.0233078 0.0222791 0.0185073 0.0138428 0.0176468 0.019229 0.0892962 0.0174442 0.0213303 
0.331026 0.0355265 0.504325 0.0335933 0.024399 0.0243773 0.023755 0.0331582 0.303639 0.0217445 0.0257741 0.0223891 0.027958 0.0190237 0.0222053 0.02293 0.0248666 0.0361546 0.0266138 0.0254435 0.0271366 0.0226394 0.116788 0.362097 0.38262 0.0292536 0.0303495 0.0242728 0.0337933 0.0281937 0.0918493 0.0197898 0.0235683 0.0281276 0.0328058 0.479226 0.291541 0.0279794 0.0279466 0.0238903 0.0256581 0.0220406 0.0215913 0.0282897 0.0242622 0.0252459 0.0239005 0.0272252 0.0223088 0.027338 0.595567 0.0293345 0.0247871 
