 -0.971471  -0.236659 -0.0153841  0.0366932    -0.23663    0.971593 -0.00374725   0.0180132 0.0158339         0 -0.999875  0.194945 0 0 0 1         0 -0.785398  0.785398         0 -0.785398  0.959398 -0.350398  0.785398         0 -0.785398  0.785398         0 -0.785398  0.785398 -0.785398  0.785398
0.016729
0.0203345
0.0158346
100
43
57
0.0901454
0.322357
0.110735 0.0207189 0.0156303 0.121999 0.201476 0.0722953 0.133039 0.0969536 0.116178 0.133571 0.0220969 0.0166161 0.0176001 0.162948 0.0176827 0.0953279 0.131862 0.0950602 0.0218965 0.175183 0.137243 0.0180797 0.0968813 0.0180591 0.0190104 0.0885249 0.0830118 0.0204615 0.018992 0.170904 0.0768248 0.144642 0.0966988 0.185245 0.114877 0.0165531 0.053239 0.0207839 0.116983 0.145339 0.164511 0.142714 0.0815519 0.130576 0.121501 0.224048 0.164396 0.0186268 0.0167653 0.119705 0.147881 0.0193597 0.0177034 0.0187622 0.168273 0.139257 0.0214313 
0.25849 0.0216796 0.0178567 0.264053 0.898992 0.246816 0.401366 0.247763 0.895139 1.02324 0.0223896 0.0203039 0.0265093 0.893275 0.0228595 0.256612 0.258356 0.252457 0.0244904 0.890458 0.415859 0.0211497 0.253159 0.0229343 0.0209869 0.242109 0.278997 0.0213449 0.0214961 1.0375 0.309983 0.356466 0.248537 0.955159 0.343147 0.0230906 0.414831 0.0237757 0.269649 1.02457 1.12364 0.362612 0.31485 0.259644 0.262747 0.928955 0.413397 0.0218896 0.0215215 0.268544 0.273677 0.0211743 0.0238643 0.02108 0.430381 0.355951 0.0225586 
