 0.0250575  -0.999686 2.6704e-08  0.0283821    -0.999686   -0.0250575 -1.06537e-06    0.0216572 1.06571e-06     0    -1 0.195 0 0 0 1         0 -0.350398  0.785398         0 -0.437398  0.959398 -0.785398    1.0464         0 -0.785398  0.785398         0 -0.785398  0.785398 -0.785398  0.785398
0.123797
0.361262
1.06571e-06
100
39
61
0.13063
0.458165
0.0187997 0.149471 0.243867 0.255051 0.189151 0.136761 0.0229981 0.162624 0.190514 0.153394 0.153223 0.12851 0.135988 0.120227 0.151351 0.026489 0.13975 0.046315 0.0244311 0.0347215 0.0216911 0.260961 0.210394 0.140358 0.0192512 0.238479 0.148389 0.142731 0.235324 0.136238 0.257242 0.131106 0.139867 0.248987 0.126943 0.0208638 0.10412 0.155827 0.102435 0.144176 0.225341 0.0228822 0.217427 0.233441 0.2488 0.0241697 0.0408721 0.0154828 0.0230468 0.0221501 0.138542 0.137013 0.240334 0.0172258 0.249518 0.138777 0.0209675 0.258722 0.179832 0.0242233 0.020631 
0.0264756 0.306487 1.26425 1.06856 0.479198 0.282583 0.0239451 0.53587 0.474725 0.447941 0.371599 0.306858 0.310185 0.360584 0.421701 0.0253508 0.27074 0.0449158 0.0233686 0.0340836 0.0248676 1.12083 1.50061 0.286292 0.0263414 1.07446 0.354533 0.349407 1.08751 0.28349 1.06145 0.285194 0.297047 1.06216 0.471287 0.0229327 0.388641 0.326147 0.535614 0.33036 1.27816 0.0247754 1.07346 1.09176 0.99198 0.0224646 0.0381726 0.0276231 0.023993 0.0246893 0.338261 0.284077 1.22179 0.0284644 1.07458 0.288254 0.0294815 1.05145 0.723545 0.319288 0.0231859 
