   -0.861167 -6.63889e-07    -0.508322     0.100602 -5.7172e-07           1 -3.3747e-07 6.10874e-05  0.508322         0 -0.861167  0.165545 0 0 0 1         0 -0.698398    1.0464         0 -0.611398  0.785398 -0.524398  0.959398         0 -0.785398  0.785398         0 -0.785398  0.785398 -0.785398  0.785398
0.232828
0.976927
0.533236
100
42
58
0.1869
0.849485
0.0273722 0.19825 0.157672 0.257783 0.112581 0.149578 0.198093 0.194456 0.242613 0.179054 0.220877 0.427166 0.146926 0.0236815 0.190312 0.225636 0.194964 0.0358231 0.167686 0.182068 0.183617 0.324714 0.191093 0.114665 0.351769 0.26628 0.175247 0.103602 0.0366247 0.191889 0.0860086 0.300705 0.209049 0.0768973 0.183981 0.328346 0.127597 0.194769 0.186532 0.192095 0.176446 0.225865 0.185374 0.204978 0.0296032 0.208896 0.185928 0.233162 0.298681 0.168353 0.178747 0.206786 0.240529 0.219896 0.196104 0.242416 0.0798914 0.200484 
0.0326183 0.412007 0.346205 1.25547 0.696408 0.32608 0.474922 0.432025 1.30697 1.27683 1.22979 3.20809 0.680129 0.02312 0.425758 1.55162 0.472619 0.0340774 0.659625 0.417379 1.19396 1.39058 0.450798 0.360948 2.76781 1.28039 0.401229 0.684691 0.0329135 0.836594 0.454597 2.16382 1.1996 0.470756 0.43718 1.50657 0.698981 0.46224 1.14535 1.73949 0.387835 1.2503 0.369233 0.454212 0.0273221 0.471611 0.424388 1.47604 2.95023 0.432414 0.486298 0.492627 1.05623 1.15801 0.468295 1.47787 0.475651 0.471306 
