   0.870804 6.63891e-07   -0.491631   0.0541401  5.78118e-07           -1 -3.26389e-07 -6.09866e-05 -0.491631         0 -0.870804  0.193018 0 0 0 1         0 -0.785398  0.785398         0 -0.698398    1.0464 -0.437398  0.785398         0 -0.785398  0.785398         0 -0.785398  0.785398 -0.785398  0.785398
0.0246785
0.0245916
0.513962
100
21
79
0.0537763
0.376314
0.0650802 0.210013 0.0627951 0.0863768 0.0690055 0.0496873 0.0158995 0.0854297 0.0415157 0.0381065 0.0205282 0.032328 0.0177121 0.0990099 0.0146603 0.0209518 0.0191429 0.0754335 0.0135543 0.0238256 0.139771 0.0250856 0.0920765 0.0272097 0.0266994 0.0187787 0.0455527 0.0243962 0.097873 0.0519838 0.0587346 0.0222669 0.0602594 0.197664 0.00702754 0.122367 0.0215627 0.0256678 0.0247431 0.0474655 0.0246508 0.0515168 0.211642 0.0188311 0.0507172 0.022846 0.0871087 0.0528257 0.016425 0.162806 0.0804991 0.056066 0.0207747 0.0620147 0.0597651 0.0208573 0.0212858 0.0822288 0.0495999 0.0262953 0.0221233 0.086157 0.0242091 0.0170263 0.0570804 0.0976621 0.0208379 0.109034 0.0143129 0.0178274 0.0152843 0.0288384 0.0302043 0.0478596 0.0530023 0.151428 0.0319635 0.0246518 0.0218265 
0.535525 1.6699 0.424446 0.54261 1.39038 0.370403 0.0204577 1.08324 0.376279 0.336289 0.0211564 0.0284731 0.0215912 1.11821 0.0188263 0.0200357 0.0206619 0.51879 0.293071 0.0263682 0.35562 0.0256047 0.54875 0.0298298 0.0256175 0.0231047 0.429477 0.0239454 0.961637 0.526434 0.510056 0.0224528 0.356375 1.10716 0.304328 0.345595 0.0211125 0.029381 0.0286178 0.372814 0.0243922 1.13963 1.42571 0.0238658 0.489653 0.0225668 0.547445 0.42604 0.0207765 1.09283 0.441761 0.467533 0.023814 0.41003 1.06021 0.021314 0.0217927 1.31188 0.473064 0.0254465 0.0247483 1.40347 0.0239455 0.0214787 0.523007 0.472697 0.0238468 1.16567 0.0191777 0.0213551 0.019503 0.0286141 0.0272703 0.35083 0.388168 0.454078 0.360459 0.0233128 0.022784 
