-6.51006e-09           1 1.12758e-08  -0.0209917   0.866025          0        0.5 -0.0800613       0.5         0 -0.866025  0.174903 0 0 0 1         0 -0.524398    1.0464         0 -0.437398  0.872398 -0.785398    1.1334         0 -0.785398  0.785398         0 -0.785398  0.785398 -0.785398  0.785398
0.157199
0.321019
0.523599
100
35
65
0.211124
1.25685
0.429784 0.198553 0.194953 0.224318 0.27389 0.328682 0.188158 0.231495 0.264951 0.210697 0.0271853 0.16883 0.247405 0.375585 0.263799 0.111248 0.372482 0.20144 0.243978 0.153407 0.0946422 0.157399 0.132045 0.257654 0.144241 0.2869 0.188449 0.38412 0.20746 0.348319 0.149521 0.194055 0.384456 0.157686 0.128571 0.147353 0.11054 0.237076 0.122352 0.069126 0.191343 0.227697 0.247971 0.27946 0.131711 0.237256 0.148159 0.145468 0.239067 0.178459 0.201324 0.293607 0.0229764 0.291193 0.228476 0.295105 0.235747 0.338604 0.235935 0.186209 0.180771 0.152918 0.160878 0.140672 0.119245 
3.27859 1.26068 0.479703 2.83338 1.61057 3.00659 1.14047 1.30995 1.42616 1.47389 0.353759 0.438205 1.0518 3.13994 1.55551 0.483005 2.76075 0.993095 1.88873 0.463092 0.624532 0.458931 0.357042 1.65353 0.296383 1.55164 1.27637 2.70611 0.490268 2.91435 0.275684 0.432399 2.96763 0.474823 0.521359 0.304138 0.444132 1.23768 1.19768 0.473469 0.482852 1.08129 1.47289 3.13448 0.296954 1.53682 0.303949 1.06366 1.17034 0.473649 0.927118 1.45671 0.465878 1.53285 1.33817 2.84882 0.92413 2.60146 1.096 1.09427 0.448698 1.21563 0.467375 1.38649 1.26863 
