 0.849011  0.236659 -0.472412 0.0459245   0.206801  -0.971593   -0.11507 0.00211075 -0.486225         0 -0.873834  0.193516 0 0 0 1         0 -0.785398  0.785398         0 -0.785398  0.872398 -0.350398  0.959398         0 -0.785398  0.785398         0 -0.785398  0.785398 -0.785398  0.785398
0.0169191
0.0186701
0.507764
100
51
49
0.0342742
0.127553
0.0870119 0.0194202 0.0200828 0.0982865 0.0727003 0.0199903 0.0216407 0.0924228 0.017971 0.0170979 0.131979 0.100499 0.0168396 0.0160781 0.0217901 0.0168242 0.017509 0.0210798 0.0882093 0.0180769 0.0189151 0.0198275 0.0143061 0.0151365 0.0135932 0.0197607 0.0244857 0.021618 0.0259052 0.0596096 0.0189843 0.0168923 0.018416 0.021513 0.0229616 0.0159651 0.0162298 0.0222207 0.0196377 0.0174897 0.0174259 0.0217271 0.0155274 0.0202976 0.099022 0.0157036 0.0172629 0.115277 0.0182166 
0.363698 0.270321 0.365196 0.365061 0.337347 0.0202796 0.300264 0.3108 0.0194818 0.018662 0.376196 0.469046 0.0195154 0.0184972 0.0212766 0.0194792 0.0200251 0.0213918 0.384138 0.0197165 0.0205889 0.0202011 0.0178671 0.0183795 0.0168462 0.0206315 0.0224167 0.274244 0.295374 0.277535 0.0198268 0.0185321 0.0200955 0.0210457 0.0227817 0.0170605 0.0182795 0.292867 0.0201655 0.0194209 0.0210077 0.0219378 0.0192028 0.0204519 0.414443 0.0182728 0.0197582 0.501286 0.0191639 
