 6.51005e-09            1 -1.12757e-08   0.00193173   0.866025          0        0.5 -0.0850613       0.5         0 -0.866025  0.183563 0 0 0 1         0 -0.785398    1.1334         0 -0.611398  0.785398 -0.437398  0.785398         0 -0.785398  0.785398         0 -0.785398  0.785398 -0.785398  0.785398
0.185117
0.416803
0.523599
100
34
66
0.196391
0.959296
0.137829 0.19036 0.131141 0.233077 0.189523 0.233528 0.15967 0.214182 0.158917 0.251742 0.212447 0.210249 0.224085 0.205488 0.211886 0.151376 0.23807 0.171042 0.200403 0.177646 0.150328 0.189723 0.153759 0.18713 0.222413 0.140727 0.141728 0.16725 0.219592 0.223085 0.198577 0.249045 0.134548 0.259044 0.278191 0.19842 0.209103 0.196583 0.201874 0.161565 0.166803 0.232174 0.256502 0.234056 0.0817727 0.159624 0.28259 0.199528 0.205062 0.254447 0.165898 0.0996143 0.218696 0.221742 0.168649 0.213838 0.379641 0.14511 0.172441 0.13875 0.225214 0.189357 0.189909 0.203784 0.206556 0.164705 
0.349231 1.38629 0.977187 1.45637 1.17535 1.16067 0.871166 1.16037 0.316812 1.22261 1.23877 1.11631 1.14991 0.490284 0.488833 0.431843 1.51378 1.05017 1.29517 1.21878 0.3167 1.35186 0.346849 0.471519 1.32432 0.30848 0.286655 0.986829 1.47525 1.23476 1.00784 1.32597 0.281236 1.19535 1.58878 0.473531 0.466469 1.08428 1.44027 0.303483 0.993158 1.48049 1.48642 1.41507 0.316355 0.337382 1.35385 1.2563 0.476738 1.42159 0.334927 1.05314 1.23932 1.13508 0.992456 1.19685 2.98896 0.407642 0.38131 0.28488 1.12195 1.00945 1.0981 1.25841 0.474029 0.459374 
