  0.971471  -0.236659  0.0153841 -0.0321825    -0.23663   -0.971593 -0.00374724   0.0365317 0.0158339         0 -0.999875  0.194945 0 0 0 1         0 -0.785398  0.785398         0 -0.437398  0.872398 -0.785398  0.872398         0 -0.785398  0.785398         0 -0.785398  0.785398 -0.785398  0.785398
0.0187529
0.0324518
0.0158346
100
50
50
0.0857363
0.526927
0.0147557 0.13125 0.122988 0.0127905 0.178488 0.0711919 0.0140366 0.201792 0.124288 0.135096 0.11548 0.102895 0.0131552 0.124612 0.120622 0.0302323 0.00635225 0.115461 0.127109 0.0134331 0.199198 0.0143727 0.0738719 0.0152555 0.132862 0.0130872 0.0988089 0.127484 0.121474 0.0862378 0.0142303 0.0499862 0.0164291 0.202622 0.0139468 0.124295 0.0627379 0.15253 0.0338461 0.140465 0.0560208 0.0146389 0.0137343 0.00419906 0.0981115 0.239221 0.11256 0.118803 0.0151876 0.144568 
0.0243292 0.512645 0.485146 0.0245418 1.44746 1.28684 0.0242585 1.48519 0.422755 0.453838 0.481764 0.500279 0.0206712 0.502021 0.51295 0.532093 0.0203854 1.53514 0.46566 0.0266259 1.48988 0.0236259 0.488251 0.0243943 1.26604 0.407239 0.479299 0.470899 0.497589 0.408211 0.0239646 0.311587 0.0284382 1.46031 0.0240135 0.456644 1.24263 0.461116 0.523374 0.493615 1.2028 0.0215738 0.125815 0.341997 0.413354 1.53782 0.459639 0.420426 0.025982 0.451241 
