0.0217005 -0.999686 0.0125288 0.0263775  -0.865753 -0.0250575  -0.499844   0.101632  0.500001         0 -0.866025  0.183564 0 0 0 1         0 -0.437398  0.959398         0 -0.350398  0.785398 -0.698398  0.785398         0 -0.785398  0.785398         0 -0.785398  0.785398 -0.785398  0.785398
0.174201
0.463122
0.5236
100
25
75
0.182471
0.605096
0.170654 0.169503 0.170303 0.17566 0.152932 0.183516 0.159576 0.160239 0.281957 0.182474 0.161133 0.153592 0.161011 0.163035 0.252545 0.1671 0.193532 0.172921 0.166191 0.178067 0.180504 0.178994 0.231657 0.177802 0.238731 0.165193 0.1874 0.163802 0.162224 0.177607 0.247086 0.188481 0.141465 0.166261 0.169112 0.148216 0.147614 0.180162 0.201263 0.175433 0.183843 0.200252 0.16592 0.182939 0.239921 0.195972 0.128396 0.247668 0.196177 0.178486 0.169397 0.186277 0.218599 0.187663 0.174988 0.1873 0.147452 0.201554 0.123432 0.164695 0.125576 0.262421 0.192043 0.158259 0.174258 0.237486 0.234896 0.148964 0.130096 0.19432 0.187148 0.182399 0.256808 0.158538 0.156204 
0.451157 0.487465 0.425762 0.419861 0.429278 0.415034 0.466493 0.441295 1.37854 0.460869 0.466051 0.36651 1.37282 0.475921 1.20407 0.472074 0.30829 1.35847 0.389585 0.47982 0.471054 0.473261 1.33482 0.428774 1.42045 0.436423 0.469349 0.391284 0.342791 0.479453 1.502 0.434563 0.309133 0.420807 0.490375 0.302808 0.285691 0.43953 0.465519 0.466589 0.448518 0.468041 0.478068 0.446656 1.36614 0.486027 0.286317 1.34298 0.489144 0.456866 0.407252 0.470931 1.06947 0.43785 0.457199 0.461482 0.28277 0.436508 0.287434 0.447566 0.294643 1.3191 0.47644 0.447183 0.446031 1.40627 1.41279 0.327217 0.287801 0.39674 1.42271 0.472122 1.24953 0.391753 0.370624 
