-6.51008e-09           1 1.12758e-08  -0.0209917   0.866025          0        0.5 -0.0699387       0.5         0 -0.866025  0.174903 0 0 0 1         0 -0.524398    1.0464         0 -0.350398  0.785398 -0.785398    1.1334         0 -0.785398  0.785398         0 -0.785398  0.785398 -0.785398  0.785398
0.0685163
0.371566
0.523599
100
35
65
0.163544
1.31064
0.142124 0.106852 0.156103 0.256006 0.30122 0.382034 0.238798 0.0379942 0.142154 0.0279552 0.131393 0.313887 0.274937 0.0228618 0.0385857 0.0253313 0.0155627 0.212161 0.111392 0.268988 0.148446 0.175754 0.130422 0.181652 0.165871 0.0472429 0.327587 0.14084 0.168259 0.0983623 0.172155 0.218177 0.137923 0.167102 0.118236 0.120652 0.084723 0.0289091 0.127053 0.380176 0.12185 0.0821707 0.0339059 0.271922 0.130907 0.309235 0.283992 0.106094 0.0922866 0.123738 0.234004 0.261514 0.108425 0.116409 0.243321 0.0730836 0.127818 0.224851 0.201591 0.246078 0.0291176 0.291564 0.184355 0.108103 0.278161 
1.3779 0.308803 0.958013 1.65984 3.06398 3.03993 1.77095 0.521 1.19788 0.408847 0.419736 2.7819 1.53144 0.30575 0.438474 0.327797 0.0226033 1.16476 1.11211 2.70181 1.04626 2.62117 0.553656 1.27894 1.22869 0.6426 1.45876 2.26942 0.536835 0.390085 2.47098 2.51818 1.28637 1.47705 0.34229 0.996545 0.659371 0.440947 1.09566 2.53047 0.944126 1.38433 0.499492 1.79011 0.330111 1.67494 1.18451 1.26687 1.36846 1.01858 1.35324 1.58197 1.03828 1.3501 3.09019 1.41289 1.10277 1.55777 1.18765 1.2925 0.292183 3.01726 1.11121 0.43059 2.95356 
