0.00467523 -0.594248  0.804269 -0.142513 -0.00345431 -0.804282 -0.594238  0.127385    0.999983           0 -0.00581292   0.0293729 0 0 0 1         0 -0.611398  0.872398         0 -0.263398    1.6554 -0.785398  0.959398         0 -0.785398  0.785398         0 -0.785398  0.785398 -0.785398  0.785398
0.154593
0.755809
0.00581295
100
21
79
0.0934521
0.433362
0.0195414 0.015182 0.0136224 0.139119 0.17292 0.13253 0.0195118 0.0199162 0.145861 0.136488 0.0269925 0.142697 0.153885 0.134601 0.0228243 0.04416 0.0985104 0.0892375 0.0326996 0.124248 0.0194267 0.110763 0.0167375 0.0421181 0.0186652 0.146346 0.143359 0.150157 0.0864234 0.13509 0.157025 0.0309361 0.0247009 0.13758 0.119606 0.142969 0.020115 0.180624 0.0265629 0.018086 0.163603 0.208828 0.0410164 0.131964 0.0163939 0.0763723 0.0184094 0.0186516 0.147426 0.10613 0.0221678 0.137358 0.112682 0.0168391 0.0165044 0.177384 0.212181 0.147788 0.150857 0.140976 0.166384 0.153776 0.132074 0.0581609 0.0170723 0.0241714 0.139529 0.143822 0.143769 0.175158 0.062179 0.0917662 0.145274 0.0180853 0.129848 0.0607387 0.0224925 0.082524 0.140519 
0.0419357 0.035662 0.0350624 0.567296 0.752664 0.710538 0.52617 0.0357676 0.485066 0.579083 0.0472578 0.590873 0.71433 0.524904 0.388928 0.130462 0.628379 0.636953 0.516042 0.475882 0.0349614 0.843671 0.0338063 0.120863 0.0417409 0.531298 0.727393 0.612831 0.472714 0.804679 0.467644 0.487006 0.042721 0.51877 0.832326 0.51596 0.0429664 0.735446 0.0467952 0.046019 0.762221 0.724463 0.125527 0.506025 0.035916 0.377677 0.0432201 0.036605 0.490131 0.695693 0.0507652 0.504273 0.592169 0.0391045 0.0345013 0.73774 0.730594 0.494792 0.630387 0.746568 0.766659 0.541715 0.829602 0.65315 0.0395021 0.0512333 0.532068 0.467306 0.509839 0.668802 1.04633 0.507054 0.45746 0.0401633 0.742272 0.438587 0.0509141 0.482423 0.669301 
