-0.657371 -0.730635 -0.184487 0.0764615 -0.703458 0.682768 -0.19742 0.065168  0.270204         0 -0.962803  0.187174 0 0 0 1         0 -0.263398  0.959398         0 -0.698398  0.959398 -0.524398  0.959398         0 -0.785398  0.785398         0 -0.785398  0.785398 -0.785398  0.785398
0.0526662
0.349953
0.273605
100
50
50
0.0437351
0.345515
0.0596016 0.0651499 0.0332298 0.0511313 0.0725767 0.0105638 0.0348392 0.0233464 0.118066 0.0143128 0.0324189 0.0487066 0.00289595 0.172517 0.0744247 0.0273614 0.0162368 0.0379508 0.0273894 0.0251909 0.0426787 0.0205916 0.0221228 0.0501545 0.0464079 0.0439582 0.0371134 0.0508412 0.0454072 0.0116931 0.0689709 0.017889 0.0514058 0.0302227 0.0354778 0.0612425 0.0440272 0.0593109 0.0367486 0.0853595 0.0534382 0.0576641 0.00129673 0.0304756 0.0267554 0.0216429 0.0473989 0.0431179 0.0445886 0.0508436 
0.30203 0.40709 0.368982 0.307752 0.366879 0.0165165 0.319537 0.405022 0.427836 0.370194 0.402393 0.299348 0.449362 0.488846 0.397249 0.399718 0.370862 0.381126 0.321855 0.424192 0.314718 0.32983 0.381988 0.368217 0.398755 0.294176 0.36967 0.311725 0.319335 0.0177679 0.387655 0.424002 0.338975 0.334289 0.305701 0.326102 0.309912 0.329733 0.335056 0.421461 0.333848 0.289617 0.40931 0.382939 0.392068 0.329961 0.310011 0.335723 0.291267 0.355168 
