  0.40214 -0.594251  0.696526 -0.170306 -0.297126  -0.80428 -0.514637  0.147923 0.866025       0    -0.5 0.10632 0 0 0 1         0 -0.350398  0.872398         0 -0.524398  0.872398 -0.611398  0.959398         0 -0.785398  0.785398         0 -0.785398  0.785398 -0.785398  0.785398
-1
0.300647
0.523599
100
91
9
0.0522866
0.331475
0.0652545 0.0503815 0.0154152 0.0934464 0.0465358 0.0214823 0.0687168 0.0660061 0.0433412 
0.319985 0.209233 0.371079 0.423947 0.37979 0.21763 0.320391 0.496924 0.244292 
