 0.00427088 1.02016e-08    0.999991   -0.184991 4.35699e-11          -1 1.02015e-08 -0.00178763    0.999991           0 -0.00427088   0.0292152 0 0 0 1         0 -0.785398    1.2204         0 -0.524398    1.6554 -0.437398  0.785398         0 -0.785398  0.785398         0 -0.785398  0.785398 -0.785398  0.785398
0.0360141
0.494116
0.0042709
100
52
48
0.182824
1.13259
0.215118 0.47426 0.0171557 0.105461 0.193941 0.128663 0.280018 0.154486 0.223686 0.14095 0.191611 0.0670468 0.111482 0.30695 0.166849 0.157027 0.0846996 0.186688 0.155515 0.0230314 0.338972 0.137801 0.198314 0.235423 0.187684 0.102469 0.205768 0.155716 0.199006 0.08518 0.236674 0.367621 0.119923 0.356252 0.253764 0.197752 0.0289318 0.282317 0.193662 0.216086 0.131614 0.0865059 0.198273 0.101804 0.249904 0.177566 0.145396 0.20055 
0.975176 3.53142 0.0262333 0.458912 0.468412 0.470377 1.78237 0.26173 1.70603 1.47212 1.14356 0.353443 1.06042 1.70757 0.454635 1.34972 0.428416 2.01433 0.581112 0.0246895 1.3847 0.438866 2.68208 1.71922 0.657327 1.25968 0.5605 1.12782 0.598417 0.44605 1.73915 2.42147 0.472651 1.60182 2.00883 2.63008 0.0270652 1.73861 0.518498 1.95756 0.337664 0.427332 0.892585 0.507543 1.8133 0.742695 0.384355 2.99784 
