           0            1 -1.30201e-08   0.00193168            1            0 -8.79943e-10   0.00506132 -8.79943e-10        0       -1 0.184999 0 0 0 1         0 -0.785398    1.1334         0 -0.785398    1.1334 -0.437398  0.785398         0 -0.785398  0.785398         0 -0.785398  0.785398 -0.785398  0.785398
0.140708
0.30201
8.79943e-10
100
46
54
0.293418
1.74669
0.438181 0.16566 0.355554 0.49848 0.30336 0.329456 0.390672 0.476482 0.348913 0.18843 0.346916 0.241097 0.162162 0.310141 0.34864 0.474566 0.401636 0.352534 0.360701 0.35772 0.157633 0.266794 0.307276 0.211727 0.309099 0.218603 0.299875 0.442395 0.477419 0.312089 0.307553 0.152809 0.200197 0.140606 0.351967 0.482914 0.132052 0.319298 0.220681 0.203879 0.285565 0.373428 0.203677 0.252476 0.349111 0.172031 0.190285 0.187924 0.199969 0.238298 0.190252 0.340668 0.300628 0.19412 
3.12381 0.449329 2.07611 4.17637 1.98607 1.80574 2.24254 3.13478 1.8591 0.990943 2.14703 1.49885 0.337226 1.4291 1.98604 3.76753 2.94763 1.54613 2.93948 2.15578 0.329122 1.69643 1.52687 1.24283 1.42256 1.46153 1.63915 4.54905 3.76736 2.06793 1.93233 0.308755 0.445075 2.02697 1.73397 3.46635 0.247579 1.99733 0.473866 0.420745 1.67927 2.28472 1.11821 1.38473 2.12165 1.0308 0.479546 0.398499 1.17671 1.74666 1.12369 1.79024 1.5097 1.12156 
