-6.51005e-09            1 -1.12757e-08   0.00193173  0.866025         0      -0.5 0.0749387      -0.5         0 -0.866025  0.183563 0 0 0 1         0 -0.611398  0.785398         0 -0.785398    1.1334 -0.437398  0.785398         0 -0.785398  0.785398         0 -0.785398  0.785398 -0.785398  0.785398
0.210633
1.42466
0.523599
100
51
49
0.145852
1.06909
0.0456088 0.219352 0.181333 0.19464 0.103371 0.205288 0.210986 0.0961532 0.17841 0.137032 0.193208 0.0981188 0.0596257 0.0926029 0.226556 0.373006 0.166447 0.130246 0.102975 0.170048 0.110313 0.172865 0.195529 0.107215 0.220015 0.0581321 0.0901976 0.165317 0.184266 0.212457 0.0655951 0.213296 0.210506 0.208496 0.0371344 0.0587558 0.117151 0.205041 0.0490042 0.105471 0.237089 0.228696 0.0871432 0.0433141 0.118526 0.101625 0.117624 0.0786328 0.162345 
0.331639 1.23732 0.997798 1.16907 0.305602 1.46773 1.15678 1.32744 1.10982 0.46329 1.29913 1.29028 0.341493 1.23994 1.42184 2.57184 1.10154 1.07888 1.0467 0.329115 1.22282 1.28917 1.23052 1.09913 1.16984 0.333344 0.278494 1.00984 1.47518 1.1494 1.26258 1.3457 1.39881 1.33654 1.34705 0.450673 1.0392 1.34306 0.41206 1.20859 1.68138 1.51883 0.278347 1.2824 0.975534 1.09848 1.21802 0.30365 1.33963 
