-0.657371  0.730635 -0.184487 0.0625356   0.703458   0.682768    0.19742 -0.0781816  0.270204         0 -0.962803  0.187174 0 0 0 1         0 -0.263398  0.959398         0 -0.698398  0.872398 -0.437398  0.785398         0 -0.785398  0.785398         0 -0.785398  0.785398 -0.785398  0.785398
0.0492396
0.272186
0.273605
100
43
57
0.0412134
0.26325
0.0437167 0.0435926 0.0987085 0.0698139 0.0531977 0.0660154 0.0481345 0.0692834 0.00556685 0.0416611 0.0441521 0.0115654 0.0542341 0.0504546 0.0133825 0.0144756 0.0478965 0.0429547 0.0406618 0.032842 0.0373653 0.0647895 0.0529444 0.0556773 0.0176011 0.0540662 0.0114099 0.0153789 0.0543666 0.0336951 0.038733 0.0322414 0.0440847 0.0579626 0.0501039 0.010979 0.0367291 0.0584988 0.0405484 0.00885484 0.0552709 0.0495477 0.0581892 0.0670174 0.0467131 0.0132589 0.0138613 0.0402226 0.0617662 0.0655178 0.00485869 0.0413318 0.036857 0.0301108 0.0420869 0.0118256 0.0423883 
0.309724 0.318903 0.392529 0.348549 0.321545 0.319767 0.310984 0.296256 0.420541 0.282274 0.237912 0.0199884 0.282456 0.265227 0.0202173 0.0213758 0.257542 0.321752 0.26807 0.324612 0.353945 0.434798 0.30266 0.310119 0.0259995 0.289158 0.0183998 0.267416 0.276349 0.363256 0.300105 0.357111 0.297291 0.289252 0.32484 0.0157512 0.358936 0.297108 0.339196 0.017435 0.30413 0.27994 0.262865 0.310601 0.316417 0.0201926 0.0211691 0.296234 0.245318 0.315581 0.396466 0.313785 0.297954 0.374512 0.322074 0.0196901 0.328956 
