 0.00428481 -0.00427088    0.999982   -0.194941 -1.83001e-05   -0.999991 -0.00427084   0.0387829    0.999991           0 -0.00428485     0.02926 0 0 0 1           0   -0.350398    0.872398           0 -0.00239816      1.6554   -0.785398    0.785398         0 -0.785398  0.785398         0 -0.785398  0.785398 -0.785398  0.785398
0.0957398
1.06943
0.00428486
100
75
25
0.0873866
0.304123
0.155915 0.0242104 0.0214639 0.0285671 0.0378691 0.204838 0.114507 0.126048 0.0675142 0.0261879 0.0246122 0.121588 0.136665 0.122216 0.109298 0.028384 0.0310313 0.0119541 0.137076 0.141504 0.0212626 0.14065 0.125683 0.115341 0.110278 
0.407877 0.0247899 0.0356366 0.485763 0.403792 1.02732 0.290215 0.43487 0.134701 0.0309503 0.319291 0.505324 0.357551 0.351004 0.465773 0.0304922 0.0324131 0.0251089 0.288451 0.303814 0.0326366 0.445094 0.482543 0.360366 0.327292 
