 -0.999475  0.0148774 -0.0287669  0.0468563   0.0148713    0.999889 0.000428025  -0.0378783 0.0287701         0 -0.999586  0.203682 0 0 0 1         0 -0.785398  0.785398         0 -0.350398  0.872398 -0.785398  0.785398         0 -0.785398  0.785398         0 -0.785398  0.785398 -0.785398  0.785398
0.0178755
0.0326705
0.0287741
100
55
45
0.029472
0.0630059
0.0184989 0.0223725 0.0169186 0.0215029 0.0156562 0.0242878 0.015989 0.0143687 0.0151655 0.0233692 0.0178949 0.019503 0.0179952 0.0168537 0.0294714 0.0179133 0.0187023 0.012767 0.143857 0.0173877 0.016482 0.132121 0.0166976 0.0148721 0.109674 0.0171959 0.0193823 0.0368943 0.0216634 0.0199553 0.074662 0.016058 0.0160984 0.0216079 0.0213041 0.0180672 0.0157851 0.0186165 0.017142 0.017069 0.0281868 0.0183096 0.0154955 0.0189906 0.103435 
0.0268795 0.0238889 0.0298478 0.029496 0.0270401 0.0296039 0.0231917 0.0272089 0.0304951 0.0253702 0.0292697 0.0296655 0.0255852 0.0263141 0.0322337 0.0231241 0.0272604 0.0244862 0.301986 0.0291698 0.0324923 0.346036 0.0260376 0.0253582 0.456988 0.0292667 0.025547 0.0350935 0.0264656 0.0278928 0.255522 0.0236128 0.0262009 0.0278207 0.0247625 0.0302849 0.0255014 0.030726 0.0249632 0.0274486 0.0293875 0.0245167 0.0279208 0.0253693 0.377934 
