-0.0217005   0.999686  0.0125288 -0.0303868  0.865754 0.0250575 -0.499842 0.0583177 -0.499999         0 -0.866026  0.183564 0 0 0 1         0  0.345602  0.785398         0 -0.437398  0.959398 -0.698398  0.785398         0 -0.785398  0.785398         0 -0.785398  0.785398 -0.785398  0.785398
0.0818919
0.696835
0.523598
100
25
75
0.0661872
0.459756
0.0273953 0.0205633 0.0968974 0.0221236 0.0220286 0.0601635 0.0983126 0.0330594 0.0193771 0.0227414 0.115098 0.0231718 0.0710778 0.019958 0.118685 0.0234013 0.0401211 0.112017 0.211491 0.0171769 0.147477 0.0197689 0.0225261 0.12659 0.107178 0.0232216 0.200504 0.0257105 0.110953 0.0240227 0.0237215 0.0699392 0.119753 0.0213841 0.0275648 0.0144204 0.0566838 0.0229727 0.0196096 0.0808455 0.187393 0.0215347 0.0288516 0.0195804 0.0260518 0.107846 0.170934 0.181905 0.087843 0.0701193 0.0200206 0.015574 0.027056 0.139951 0.0259578 0.0189071 0.119296 0.0668899 0.022875 0.0125967 0.0213293 0.185825 0.0155727 0.0200566 0.0210529 0.0213571 0.0218177 0.0255539 0.199722 0.115491 0.147098 0.192088 0.0209253 0.122001 0.0232636 
0.0272538 0.023574 1.19654 0.0243855 0.0246059 0.497331 0.906974 0.274791 0.0250678 0.0236804 0.399258 0.0307695 0.359119 0.0248482 1.30081 0.310859 0.352837 0.991434 0.997037 0.52945 1.28156 0.025227 0.356334 1.047 0.398488 0.0252923 1.10641 0.0276248 0.374732 0.0268224 0.291566 0.36498 0.833547 0.45504 0.0287402 0.458249 0.120181 0.0263126 0.0289006 0.336405 1.23821 0.314349 0.35452 0.0294335 0.0287044 0.895784 0.993709 1.27946 1.18623 0.136626 0.0218445 0.0244954 0.0279141 0.454624 0.292825 0.0266675 1.09035 0.89627 0.0236804 0.0220023 0.364381 1.31596 0.0237271 0.0239607 0.0228845 0.0247462 0.027549 0.373492 1.18276 1.07396 1.15199 2.54266 0.346097 0.425487 0.310328 
