          0           1 1.30202e-08  -0.0209917            1            0 -8.79943e-10   0.00506131 -8.79943e-10        0       -1 0.184999 0 0 0 1         0 -0.437398  0.785398         0 -0.437398  0.785398 -0.785398    1.1334         0 -0.785398  0.785398         0 -0.785398  0.785398 -0.785398  0.785398
0.162364
0.364907
8.79943e-10
100
48
52
0.272092
1.6245
0.443427 0.251114 0.437312 0.285961 0.272012 0.274202 0.259836 0.328758 0.172136 0.186911 0.454822 0.273382 0.287334 0.140448 0.158723 0.497798 0.263357 0.18336 0.451641 0.275343 0.243132 0.147445 0.467711 0.267993 0.271177 0.172576 0.203639 0.170775 0.30462 0.167927 0.0935883 0.196087 0.286314 0.264609 0.278266 0.236082 0.26289 0.460346 0.311567 0.22806 0.133198 0.496181 0.294072 0.26033 0.257127 0.251542 0.308008 0.0661413 0.244752 0.285806 0.305834 0.313134 
4.41155 1.18339 3.88133 1.55705 1.37492 1.32134 1.41095 1.75192 0.386232 0.44451 4.53586 1.22213 1.64821 0.28707 0.380171 4.41704 1.18071 0.49267 3.66574 1.27322 1.41304 0.307162 3.84947 1.15809 1.40342 0.435949 1.43166 0.44851 1.50542 0.412265 1.65046 0.65546 1.1719 1.19177 1.25615 1.11095 1.47481 3.70389 1.03163 1.41184 1.42868 3.9194 1.38896 1.16529 1.25214 1.3062 3.32118 0.482867 1.0892 2.2101 1.50546 1.5549 
