  -0.999858 1.92144e-08  -0.0168422   0.0447211 1.92117e-08           1 3.23612e-10  -0.0204638 0.0168422         0 -0.999858  0.183763 0 0 0 1         0 -0.785398  0.785398         0 -0.437398  0.785398 -0.785398    1.2204         0 -0.785398  0.785398         0 -0.785398  0.785398 -0.785398  0.785398
0.0256523
0.0296232
0.016843
100
44
56
0.147276
0.619583
0.254386 0.24357 0.148027 0.0245653 0.0223284 0.0235894 0.0196074 0.155096 0.360875 0.200868 0.163139 0.127822 0.12615 0.112084 0.0229526 0.1046 0.25155 0.064719 0.172496 0.130919 0.0129198 0.198673 0.158271 0.393609 0.21201 0.123613 0.172496 0.12594 0.375663 0.165154 0.163996 0.203677 0.303662 0.131936 0.16204 0.0316481 0.172201 0.182926 0.183605 0.114526 0.119088 0.0202029 0.0285651 0.228901 0.0138302 0.0231401 0.151363 0.153426 0.201557 0.127765 0.200592 0.157053 0.15204 0.1678 0.14856 0.0356856 
1.76624 1.62165 0.473726 0.0337718 0.0239516 0.0239439 0.024762 0.461992 1.48883 0.573108 0.467223 0.463009 0.454426 1.31042 0.0274588 0.521978 1.2986 0.443702 0.535648 0.451917 0.368311 0.574633 0.580502 1.58655 0.582111 0.552323 0.898865 0.444304 1.71052 0.60277 1.48803 0.56846 1.63789 0.451476 0.486302 0.0295562 0.468634 1.19821 0.482788 0.601775 0.504916 0.0235717 0.0282307 1.86725 0.0244063 0.0231877 0.399552 0.398593 0.563697 0.447963 0.505144 0.450586 0.614969 0.461289 0.570284 0.0326657 
