 0.0217005   0.999686 -0.0125288  0.0115833   0.865754 -0.0250575  -0.499842  0.0687922 -0.499999         0 -0.866026  0.200885 0 0 0 1         0 -0.611398  0.785398         0 -0.698398  0.785398 -0.437398  0.959398         0 -0.785398  0.785398         0 -0.785398  0.785398 -0.785398  0.785398
0.102531
0.503461
0.523598
100
20
80
0.0780164
0.39292
0.146324 0.198328 0.0154504 0.200048 0.0180295 0.020695 0.0180218 0.171678 0.147794 0.189562 0.0154737 0.144605 0.114407 0.0890172 0.157034 0.0213449 0.0172626 0.116564 0.0509263 0.0215505 0.070412 0.024327 0.0170678 0.145549 0.109337 0.167732 0.107834 0.128471 0.13753 0.0175272 0.109854 0.0217645 0.020195 0.192 0.1021 0.135354 0.129677 0.151261 0.126599 0.0218772 0.029428 0.0180321 0.110066 0.023664 0.0174996 0.0418446 0.0176439 0.124822 0.100965 0.0859645 0.0224379 0.015526 0.052526 0.102001 0.190707 0.0161176 0.0208999 0.0258113 0.0177823 0.14509 0.0179134 0.0187512 0.0240877 0.015152 0.198098 0.0356281 0.134529 0.0174899 0.0581099 0.124026 0.0132275 0.0154001 0.111012 0.0222559 0.170724 0.0170352 0.0444042 0.0190475 0.17512 0.0198882 
0.401736 0.531187 0.0216444 1.24462 0.0208879 0.0225121 0.0221908 0.476923 0.465166 0.478799 0.0199556 0.951741 0.327741 1.30092 0.466642 0.0222721 0.0218028 1.22548 0.395074 0.364241 0.50245 0.399262 0.0242924 0.505914 0.503279 0.474481 1.17459 0.946531 0.436367 0.0202581 0.487744 0.359704 0.0216072 1.20729 1.25034 0.290311 0.441677 0.4807 0.466105 0.0230753 0.0318533 0.0225376 1.04208 0.0262565 0.0232352 0.0363008 0.0223806 0.285874 1.21551 0.492765 0.0234274 0.0226168 0.349319 0.518637 1.30117 0.0208101 0.0253029 0.0241096 0.0223313 0.479359 0.0250282 0.415145 0.0255078 0.0207683 1.19674 0.395605 0.482856 0.0222918 0.405877 0.529636 0.0176552 0.0228568 1.1849 0.0320319 0.458383 0.0222997 0.0384551 0.0240604 1.28829 0.0418339 
