    0.999954 -6.63894e-07   0.00963666   -0.0307863 -6.63863e-07           -1 -6.39772e-09     0.019121 0.00963666         0 -0.999954  0.184975 0 0 0 1         0 -0.785398  0.785398         0 -0.437398  0.785398 -0.785398    1.2204         0 -0.785398  0.785398         0 -0.785398  0.785398 -0.785398  0.785398
0.027903
0.0299966
0.00963681
100
34
66
0.184188
1.07535
0.0164966 0.166899 0.0296356 0.0262955 0.37655 0.203718 0.155418 0.228233 0.220888 0.111144 0.214576 0.377562 0.152411 0.485453 0.171446 0.17828 0.258685 0.225757 0.179357 0.146534 0.312282 0.0228716 0.0272981 0.329292 0.171919 0.311112 0.130957 0.168334 0.328863 0.341689 0.025114 0.161105 0.0225625 0.169848 0.250157 0.0195064 0.0189124 0.137617 0.302592 0.351993 0.156374 0.424598 0.118832 0.242026 0.213105 0.108346 0.127201 0.197838 0.177266 0.126682 0.217576 0.277125 0.0298087 0.193495 0.235478 0.103553 0.163064 0.0370329 0.0288522 0.256399 0.238888 0.212975 0.154664 0.172663 0.271948 0.141256 
0.0271525 0.450003 0.0307188 0.0268262 1.58839 0.535679 1.67793 1.55604 1.76357 0.507089 1.11684 1.63558 0.457267 3.33957 0.527891 0.506325 1.76451 1.62852 1.36684 0.468699 1.67152 0.0420031 0.0267317 2.91142 1.7579 1.6122 0.457977 0.33822 2.88507 1.69082 0.0235283 0.436735 0.021803 3.52837 1.30367 0.0291519 0.0307356 0.542103 1.67152 1.53027 0.612342 4.40387 0.60698 1.85963 0.508192 0.489987 0.469001 1.66661 0.453111 0.470307 1.75657 1.78091 0.028536 0.624512 1.57128 0.488782 0.444279 0.0336174 0.0265514 1.13369 1.14853 1.37681 3.1863 0.445721 1.44802 0.451444 
