 -0.0250575    0.999686 -2.6704e-08  -0.0283821    0.999686   0.0250575 1.06537e-06  -0.0216572 1.06571e-06     0    -1 0.195 0 0 0 1         0 -0.350398  0.785398         0 -0.437398  0.959398 -0.785398    1.0464         0 -0.785398  0.785398         0 -0.785398  0.785398 -0.785398  0.785398
0.11488
0.358973
1.06571e-06
100
31
69
0.136242
0.475536
0.129054 0.142338 0.26388 0.216381 0.142416 0.187253 0.0404977 0.136919 0.154655 0.163372 0.0216615 0.0501562 0.139599 0.0232125 0.119105 0.129714 0.187519 0.0269243 0.101987 0.136251 0.0263189 0.0957631 0.168983 0.25568 0.159198 0.0341651 0.104632 0.0520059 0.136405 0.228949 0.16749 0.172385 0.035991 0.154512 0.0166158 0.0205099 0.15823 0.0236205 0.0960307 0.0886204 0.257559 0.143905 0.27912 0.123429 0.139787 0.170657 0.162784 0.223142 0.0255193 0.137525 0.148999 0.181477 0.0250074 0.13159 0.118429 0.133408 0.155631 0.140495 0.166831 0.134687 0.25562 0.163019 0.255659 0.241435 0.156418 0.21655 0.134452 0.125263 0.14333 
0.295101 0.28858 1.05488 0.98437 0.282397 0.457803 0.0379221 0.299175 0.48288 0.450247 0.0244748 0.317964 0.264068 0.0252043 0.286636 0.318427 0.496035 0.409822 0.31181 0.308413 0.0318309 0.286465 1.01378 1.35462 0.333406 0.799683 0.442975 0.28866 0.295675 1.12615 0.502415 0.519049 0.227926 0.322399 0.0270624 0.0302424 0.361841 0.0229074 0.296158 0.504089 1.14065 0.274529 1.02588 0.335523 0.312976 0.465361 0.474194 1.06563 0.0239206 0.289039 0.397824 0.479598 0.0237946 0.286445 0.455043 0.284326 1.37497 0.443116 0.418753 0.286817 1.53246 0.340207 1.23856 1.14038 0.427229 1.05244 0.266682 0.484344 0.287771 
