-6.51006e-09            1 -1.12757e-08   0.00193168  0.866025         0      -0.5 0.0850613      -0.5         0 -0.866025  0.183563 0 0 0 1         0 -0.611398  0.785398         0 -0.785398    1.1334 -0.437398  0.785398         0 -0.785398  0.785398         0 -0.785398  0.785398 -0.785398  0.785398
0.150249
0.3073
0.523599
100
38
62
0.186353
0.819862
0.190719 0.132326 0.22301 0.17018 0.188265 0.21358 0.1707 0.184057 0.119581 0.241382 0.20047 0.158682 0.177179 0.0306315 0.205782 0.154967 0.265433 0.20278 0.195797 0.165544 0.217621 0.151861 0.158719 0.205244 0.166176 0.190607 0.118823 0.151046 0.163815 0.145336 0.218225 0.190573 0.140237 0.215263 0.180808 0.141698 0.245646 0.181212 0.235927 0.187907 0.246102 0.211071 0.268515 0.163337 0.174099 0.23401 0.200411 0.181835 0.191843 0.146355 0.146923 0.145512 0.209112 0.266238 0.213262 0.206735 0.183236 0.153577 0.181847 0.21474 0.181575 0.235741 
0.436447 0.280125 1.21536 0.935516 0.46594 1.1837 0.330456 0.435264 0.289536 1.56901 0.469061 0.302187 0.471653 0.41396 0.482928 0.313277 1.13774 1.24668 0.467447 0.431372 1.35074 0.306538 1.35772 1.0198 1.20103 1.01883 0.465346 0.276234 0.327385 1.53418 1.42766 1.38202 1.01718 0.537434 0.46797 0.940359 1.11418 0.898121 1.1856 0.451438 1.33438 1.50297 1.46393 0.3464 1.22254 1.25054 0.452174 0.460231 0.489869 0.287964 0.469994 0.369793 0.494628 1.52359 1.35829 1.22148 0.449229 0.314949 1.35633 1.17501 0.506663 1.62305 
