 0.477057 -0.730635  0.488456 -0.103246 -0.510502 -0.682768   -0.5227  0.121747 0.715405        0 -0.69871 0.140573 0 0 0 1         0 -0.611398  0.872398         0 -0.698398  0.785398 -0.698398  0.959398         0 -0.785398  0.785398         0 -0.785398  0.785398 -0.785398  0.785398
0.0199388
0.530666
0.773593
100
26
74
0.0349435
0.406216
0.0234749 0.0193261 0.0151177 0.0194744 0.0186008 0.0181416 0.122453 0.103155 0.0182301 0.00988307 0.049489 0.0188018 0.0531472 0.0181651 0.0164303 0.0257888 0.0253542 0.120225 0.0198004 0.0199247 0.0278214 0.0271644 0.108406 0.0198659 0.0128637 0.0198198 0.0177863 0.0306804 0.024879 0.0203997 0.0189554 0.0211537 0.020739 0.0469293 0.0210079 0.0140181 0.0163426 0.0194284 0.0234246 0.0165881 0.123451 0.0171011 0.0174851 0.0442078 0.0290143 0.0795333 0.0320818 0.0223915 0.0885034 0.128759 0.0188309 0.0372384 0.0130703 0.0265846 0.0211192 0.02861 0.0469718 0.122522 0.0284577 0.0194848 0.0194735 0.0196046 0.0362893 0.0169568 0.0192979 0.0202069 0.0684439 0.0182105 0.0162054 0.0269747 0.0320874 0.0206092 0.0189984 0.0437892 
0.522226 0.518564 0.0313277 0.529217 0.0393598 0.0379251 0.609704 0.607086 0.0368971 0.386619 0.544987 0.0334902 0.479435 0.0340829 0.037775 0.410684 0.548687 0.526629 0.512853 0.480489 0.529038 0.575157 0.606359 0.0376519 0.031588 0.0377013 0.475977 0.570944 0.531282 0.513997 0.0393505 0.524249 0.519019 0.572116 0.0409132 0.0323875 0.439127 0.472703 0.530516 0.558876 0.481877 0.490643 0.427181 0.614084 0.609372 0.570002 0.583013 0.518397 0.503556 0.616824 0.463541 0.60996 0.0273553 0.525435 0.477466 0.541298 0.571545 0.594519 0.47502 0.0358696 0.0245103 0.0372956 0.4975 0.523628 0.507476 0.539417 0.442947 0.464529 0.482683 0.562106 0.569956 0.552453 0.0375176 0.51401 
