    0.870804 -6.63894e-07    -0.491631    0.0443075 -5.78121e-07          -1 3.26391e-07    0.019121 -0.491631         0 -0.870804  0.175602 0 0 0 1         0 -0.785398  0.785398         0 -0.611398    1.2204 -0.698398    1.0464         0 -0.785398  0.785398         0 -0.785398  0.785398 -0.785398  0.785398
0.15164
0.427615
0.513962
100
45
55
0.105319
0.852154
0.190148 0.0670689 0.0527752 0.0758066 0.0146732 0.129406 0.0157928 0.118386 0.275265 0.138314 0.0216465 0.115243 0.0250794 0.0733859 0.0609787 0.0761611 0.0160791 0.313257 0.0623398 0.192181 0.179361 0.225694 0.0711721 0.106648 0.0144939 0.115887 0.013895 0.199439 0.0137318 0.205161 0.0498184 0.192868 0.0984128 0.0344694 0.245786 0.0422799 0.101594 0.0518524 0.164464 0.126431 0.099398 0.0161117 0.0787438 0.144667 0.0214437 0.0886321 0.185049 0.125132 0.127517 0.10905 0.014313 0.126043 0.0882199 0.136819 0.14396 
1.3583 0.198719 0.236356 0.574713 0.0203581 0.402367 0.566 0.421591 3.12111 1.26955 0.0270896 0.36373 0.0328489 0.510029 0.303685 0.607448 0.0236364 3.50322 0.210615 1.38573 1.50248 2.74482 0.517581 0.301664 0.0207398 1.38541 0.022054 1.60748 0.0201251 1.41247 0.426001 1.41655 1.55393 0.168699 1.60499 0.535719 0.283121 0.22524 2.64766 0.41912 0.448513 0.452664 0.604163 1.35845 0.0242034 0.322405 2.73396 1.36103 0.832289 0.34449 0.0192589 1.39076 0.622104 1.21552 1.18573 
