   0.999954 6.63891e-07  0.00963669  -0.0307864  6.6386e-07          -1 6.39771e-09 -6.1043e-05 0.00963669         0 -0.999954  0.184975 0 0 0 1         0 -0.785398  0.785398         0 -0.785398    1.2204 -0.437398  0.785398         0 -0.785398  0.785398         0 -0.785398  0.785398 -0.785398  0.785398
-1
0.010593
0.00963684
100
35
65
0.205769
1.2693
0.0230484 0.211491 0.257737 0.285159 0.210817 0.352554 0.0908804 0.406203 0.0835143 0.100633 0.21568 0.207126 0.0467498 0.161495 0.17092 0.220965 0.275583 0.342639 0.375923 0.262084 0.317869 0.151175 0.0296677 0.525264 0.0269319 0.207463 0.13152 0.159066 0.135234 0.166398 0.205215 0.206851 0.265651 0.312681 0.351733 0.159599 0.137071 0.168539 0.192252 0.144067 0.157436 0.386404 0.374393 0.484959 0.027715 0.31412 0.136593 0.335772 0.183379 0.225387 0.021426 0.0414947 0.157309 0.193926 0.130999 0.130906 0.285967 0.162695 0.216175 0.140458 0.113704 0.21166 0.172839 0.225043 0.248799 
0.0325856 0.977599 1.36886 1.97854 3.254 1.63701 0.481718 2.68667 0.529385 0.267689 0.960008 0.505621 0.0427527 0.692026 0.470162 3.41885 1.80168 2.32194 1.57824 1.75951 1.64349 0.469075 0.0291603 3.8596 0.0257664 0.962979 0.61644 3.32076 0.453656 0.493144 0.530175 1.6419 1.22365 1.19265 1.73406 0.456367 1.44398 1.02548 1.10985 0.285052 0.514605 2.42785 1.63282 3.75442 0.02843 1.73457 0.550903 4.38423 0.591165 1.35989 0.035418 0.0350712 0.515806 1.51522 1.27032 0.342912 1.77742 0.442628 1.76127 0.411053 0.379242 0.507523 1.7329 3.96071 1.55592 
