  0.00427089 -1.02016e-08     0.999991    -0.184991   -4.357e-11           -1 -1.02015e-08    0.0208476    0.999991           0 -0.00427089   0.0292152 0 0 0 1         0 -0.437398  0.785398         0 -0.263398    1.6554 -0.785398    1.2204         0 -0.785398  0.785398         0 -0.785398  0.785398 -0.785398  0.785398
0.0377698
0.407679
0.0042709
100
40
60
0.17725
0.983486
0.161256 0.162368 0.0510809 0.15092 0.27638 0.0352066 0.176459 0.166836 0.0356875 0.0358553 0.121544 0.0193318 0.154694 0.153588 0.194073 0.141637 0.107124 0.264137 0.302505 0.150307 0.280996 0.147747 0.17792 0.195222 0.0202863 0.111786 0.168101 0.422823 0.269302 0.149435 0.233614 0.140391 0.106731 0.284328 0.32727 0.224516 0.0308462 0.12496 0.369385 0.20534 0.260814 0.294985 0.176661 0.131876 0.171346 0.0941629 0.178707 0.0367442 0.207108 0.24174 0.3051 0.250528 0.202988 0.167461 0.141832 0.123884 0.39132 0.129111 0.136809 0.139836 
1.0349 0.552789 0.0466366 0.316772 1.24576 0.0283448 0.498787 0.556977 0.0340398 0.0383933 0.516196 0.0281004 3.22984 0.446635 0.608559 0.351681 0.508104 1.06577 1.15279 0.563718 1.25006 0.526868 0.504183 1.24109 0.479119 0.487932 1.18247 3.79542 1.15278 0.566085 1.60217 0.440192 1.28533 1.7729 1.2596 1.50119 0.0363713 0.488539 1.76286 0.544926 1.24094 1.18497 0.457179 0.287847 1.27945 0.50425 2.82619 0.5256 1.72221 1.51036 1.46263 1.13553 1.4221 2.30641 0.467891 0.396822 3.19262 1.34764 0.530313 0.50333 
