           0            1 -1.30201e-08   0.00193173           1           0 8.79943e-10 -0.00506132 8.79943e-10        0       -1 0.184999 0 0 0 1         0 -0.785398    1.1334         0 -0.785398    1.1334 -0.437398  0.785398         0 -0.785398  0.785398         0 -0.785398  0.785398 -0.785398  0.785398
0.180539
0.383443
8.79943e-10
100
47
53
0.303501
1.92356
0.161606 0.35818 0.202986 0.347701 0.316991 0.483253 0.292588 0.457911 0.340824 0.215801 0.160235 0.204566 0.452687 0.445797 0.126725 0.324969 0.30223 0.341022 0.344065 0.338259 0.337912 0.293121 0.172399 0.223832 0.358053 0.338638 0.234176 0.220546 0.299084 0.16668 0.218936 0.308725 0.344393 0.35174 0.316615 0.29907 0.327832 0.268884 0.477229 0.182869 0.319041 0.354134 0.27458 0.292718 0.354522 0.497778 0.204634 0.421356 0.295103 0.160309 0.145779 0.460498 0.345986 
0.367095 1.97017 0.462839 1.872 1.67495 3.82927 1.76585 4.41575 2.0064 1.51079 0.356235 1.33803 4.00249 4.51662 0.28255 2.20426 1.77338 2.06662 1.72414 1.94025 2.20263 1.75885 0.385539 1.21604 2.04458 2.24833 3.02586 1.37127 2.18294 0.311089 2.00131 1.51461 1.63835 2.11403 1.65852 1.3601 1.69744 1.82847 3.51073 0.432616 2.03348 2.20526 1.38616 1.70049 2.61041 4.38183 0.527245 4.07554 1.80229 0.30444 0.309424 4.05313 1.97604 
