-0.0217005   0.999686 -0.0125288 -0.0263775  0.865753 0.0250575  0.499844 -0.101632  0.500001         0 -0.866025  0.183564 0 0 0 1         0 -0.437398  0.959398         0 -0.350398  0.785398 -0.698398  0.785398         0 -0.785398  0.785398         0 -0.785398  0.785398 -0.785398  0.785398
0.17538
0.442597
0.5236
100
21
79
0.18656
0.624755
0.28494 0.186991 0.169941 0.076625 0.148698 0.0641734 0.177596 0.16277 0.301343 0.186935 0.143811 0.192961 0.175181 0.188483 0.180797 0.195754 0.269322 0.15862 0.154341 0.176367 0.235082 0.17622 0.195439 0.196797 0.242783 0.188444 0.141688 0.184552 0.204391 0.174565 0.246016 0.222776 0.170912 0.20178 0.181353 0.163534 0.249594 0.159043 0.157916 0.191227 0.277949 0.156197 0.172642 0.146981 0.166314 0.185935 0.145977 0.164279 0.166975 0.187518 0.178103 0.175974 0.203738 0.224338 0.183822 0.262056 0.189388 0.193208 0.144426 0.194434 0.260315 0.259708 0.201672 0.173753 0.14885 0.268632 0.17474 0.176383 0.17557 0.193146 0.191654 0.17779 0.164983 0.171336 0.156892 0.181796 0.146295 0.135133 0.179591 
1.49954 0.453048 0.463379 0.468067 0.477913 0.157908 0.480959 0.467558 1.48196 0.469978 0.462155 0.465313 0.449663 0.479191 0.434338 0.47622 1.50461 0.479837 0.472254 0.529222 1.44129 0.488297 0.451062 0.482064 1.42891 0.490459 0.288035 0.422119 1.36112 0.402037 1.307 1.29337 0.433362 0.471806 0.442728 0.446137 1.34829 0.376162 0.394848 0.429229 1.31735 0.389373 0.493709 0.304051 0.430277 0.456188 0.284509 0.291693 0.345513 0.450656 0.434053 0.481894 0.501506 1.36467 0.476376 1.11652 0.471804 0.483565 0.283616 0.548462 1.45517 1.16084 1.41137 0.475587 0.481222 1.45948 0.46824 0.454 0.472674 0.378539 0.463444 0.477015 0.417328 0.478207 0.322329 0.499317 0.427724 0.276721 0.479185 
