 0.849011 -0.236659 -0.472412 0.0457111 -0.206801 -0.971593   0.11507 0.0175585 -0.486225         0 -0.873834  0.184777 0 0 0 1         0 -0.785398  0.785398         0 -0.437398    1.0464 -0.785398  0.959398         0 -0.785398  0.785398         0 -0.785398  0.785398 -0.785398  0.785398
-1
0.017097
0.507764
100
66
34
0.046477
0.524102
0.00922584 0.0950794 0.0145832 0.013762 0.0127641 0.0179768 0.0139383 0.0159845 0.0109329 0.01354 0.07038 0.0657064 0.0845326 0.159053 0.0115249 0.00676574 0.158686 0.0297999 0.321599 0.00867583 0.0134896 0.10417 0.0684554 0.0115324 0.0110687 0.0864441 0.0115715 0.0102412 0.0124875 0.0129544 0.00353851 0.00661612 0.00974826 0.0833909 
0.0187896 1.24408 0.521931 0.0220813 0.062214 0.696902 0.0243862 0.08017 0.0212113 0.0229266 1.16077 0.503406 1.12543 2.20281 0.022881 0.0147692 1.30099 0.637681 2.72916 0.0188202 0.070752 1.248 1.11882 0.0213824 0.0203647 1.40083 0.0631067 0.0228268 0.0235522 0.0217072 0.0855719 0.0162314 0.0216111 1.25329 
