 -0.971471   0.236659 -0.0153841  0.0321825   0.236629   0.971593 0.00374724 -0.0365317 0.0158339         0 -0.999875  0.194945 0 0 0 1         0 -0.785398  0.785398         0 -0.437398  0.872398 -0.785398  0.872398         0 -0.785398  0.785398         0 -0.785398  0.785398 -0.785398  0.785398
0.0137564
0.0250376
0.0158346
100
57
43
0.0746939
0.418739
0.079626 0.0134129 0.00584985 0.0111809 0.140378 0.0142309 0.143673 0.0145 0.228407 0.0139338 0.112787 0.0117521 0.0159802 0.0128477 0.0125528 0.160447 0.068611 0.128603 0.013961 0.0147061 0.0843711 0.0140029 0.0933472 0.0843559 0.0141468 0.11907 0.0107978 0.134253 0.163222 0.232503 0.0120111 0.147618 0.0128425 0.140436 0.120069 0.0121048 0.210882 0.0157417 0.162047 0.104558 0.0869849 0.00508213 0.0139504 
0.427952 0.0261277 0.0191169 0.0225221 1.0734 0.0257907 0.439698 0.0265974 1.57767 0.0234084 0.438367 0.0243664 0.0282611 0.0262813 0.023194 0.581933 0.522256 0.507268 0.0253188 0.0259654 0.388156 0.022902 0.403931 0.467836 0.0221584 0.497959 0.0262597 0.493363 0.527607 1.77885 0.021822 0.498211 0.0254505 0.503527 1.46314 0.0232081 1.55087 0.0264294 1.61231 1.28681 0.456272 0.0182908 0.024918 
