6.51008e-09           1 1.12758e-08  -0.0209917  0.866025         0      -0.5 0.0800613      -0.5         0 -0.866025  0.174903 0 0 0 1         0 -0.437398  0.872398         0 -0.524398    1.0464 -0.785398    1.1334         0 -0.785398  0.785398         0 -0.785398  0.785398 -0.785398  0.785398
0.186731
0.403699
0.523599
100
30
70
0.197953
1.12447
0.0869403 0.239239 0.230268 0.194397 0.298699 0.178533 0.242592 0.0911079 0.172373 0.363093 0.288253 0.115588 0.196356 0.188451 0.193899 0.154947 0.0458282 0.257449 0.160419 0.357327 0.113723 0.266027 0.160174 0.125498 0.176991 0.181264 0.174533 0.312606 0.206587 0.0841169 0.206025 0.0725892 0.323059 0.137635 0.188669 0.140817 0.191893 0.221089 0.386528 0.144326 0.210049 0.200551 0.15505 0.119566 0.0453563 0.203084 0.189476 0.13969 0.0507618 0.115655 0.215558 0.137519 0.248537 0.290885 0.18232 0.351163 0.150224 0.0307694 0.456445 0.189559 0.284861 0.272993 0.170582 0.0990202 0.191339 0.035395 0.359312 0.370862 0.431442 0.0887467 
0.326427 1.33013 1.10757 1.20468 1.54151 0.464492 1.09566 0.332505 1.1213 3.10407 2.49131 0.473607 0.51539 0.464818 1.35001 0.431089 0.472209 1.56365 0.390209 2.47821 0.470289 1.57404 0.321214 0.312353 0.396757 0.506569 1.195 3.10596 1.03266 0.435019 2.59525 0.469324 2.97446 0.392107 0.969188 0.36589 1.30473 1.21022 3.07059 1.06069 0.990382 1.22379 1.23968 0.502061 0.482835 1.28579 0.325659 0.933352 0.457637 0.300557 1.06797 0.289842 1.51423 1.45069 0.438646 3.03719 0.31519 0.342676 2.83277 0.436637 1.52521 1.663 0.320161 0.446534 0.468205 0.306522 2.63552 2.53621 2.7581 0.564621 
