    0.999602 -5.55112e-17   -0.0282151    0.0329085  2.68452e-05           -1  0.000951066 -0.000258997   -0.0282151 -0.000951445    -0.999601     0.192242 0 0 0 1         0 -0.785398    1.3074         0 -0.176398  0.785398 -0.437398  0.785398         0 -0.785398  0.785398         0 -0.785398  0.785398 -0.785398  0.785398
0.174233
0.88986
0.0282349
100
54
46
0.20127
1.02071
0.169254 0.162217 0.116895 0.198255 0.116281 0.0357061 0.194429 0.309683 0.145565 0.137902 0.326879 0.155233 0.329353 0.234808 0.140482 0.181128 0.176246 0.148813 0.180685 0.187327 0.210305 0.179434 0.229636 0.214005 0.381274 0.027902 0.388234 0.132932 0.220294 0.130366 0.192176 0.221619 0.368099 0.279666 0.172404 0.113584 0.132091 0.229203 0.178903 0.121624 0.299399 0.189136 0.184869 0.267536 0.344586 0.201982 
0.958464 0.406955 0.184712 1.06917 0.211363 0.337171 0.96378 1.24608 0.90821 0.43843 1.36324 0.752484 2.71708 1.29233 0.821552 0.437151 0.98236 0.486427 2.29931 0.539477 1.1339 0.878464 0.833367 1.33937 2.32492 0.0183567 2.7287 0.456753 0.791393 0.945382 0.419057 1.38955 2.6327 1.10655 0.373782 0.273305 0.459471 2.30232 0.42328 0.201931 1.29181 0.791811 0.852984 1.40119 2.29347 0.87306 
