   0.999999           0 -0.00132609  0.00934365 -0.000107057  -0.996736 -0.0807314  0.0502533 -0.00132176 0.0807315 -0.996735   0.21092 0 0 0 1         0 -0.350398  0.785398         0 -0.350398  0.785398 -0.698398  0.785398         0 -0.785398  0.785398         0 -0.785398  0.785398 -0.785398  0.785398
0.120713
0.211762
0.0808303
100
28
72
0.115367
0.361215
0.151273 0.116642 0.063377 0.0475966 0.108445 0.10656 0.0845477 0.0982135 0.113511 0.0976041 0.093685 0.168578 0.102175 0.102977 0.190108 0.0860976 0.0159674 0.159301 0.118639 0.13237 0.188106 0.180914 0.0993809 0.101667 0.168608 0.108208 0.179292 0.114816 0.111914 0.118287 0.122338 0.0794754 0.18292 0.189545 0.118723 0.1099 0.11281 0.109746 0.188694 0.102701 0.0719954 0.189371 0.0257799 0.168988 0.0921022 0.170344 0.126589 0.101172 0.0929266 0.212957 0.0977799 0.069524 0.070977 0.16678 0.115415 0.0654141 0.191155 0.117072 0.065755 0.0744436 0.0941059 0.127274 0.113197 0.0116228 0.217067 0.0188164 0.123055 0.025257 0.0607709 0.0810527 0.100399 0.201521 
0.81823 0.20592 0.225875 0.219368 0.194325 0.244457 0.204116 0.22987 0.234905 0.244915 0.247756 0.690358 0.198804 0.216886 0.667131 0.196478 0.0178879 0.877637 0.215032 0.217287 0.783349 0.685805 0.223868 0.209357 0.679348 0.206408 0.867208 0.241157 0.207267 0.189462 0.214577 0.153825 0.830897 0.776193 0.208008 0.194588 0.203829 0.236902 0.839746 0.211609 0.228005 0.721074 0.318598 0.738967 0.214367 0.714071 0.20176 0.204873 0.210721 0.86375 0.203778 0.215035 0.246067 0.710594 0.202863 0.201121 0.662679 0.201368 0.201546 0.297174 0.559879 0.237011 0.202932 0.016999 0.859127 0.20838 0.207065 0.200399 0.16875 0.20263 0.215351 0.839894 
