   0.999999 5.55112e-17  0.00132609 -0.00934366 -0.000107057  -0.996736  0.0807314 -0.0312556 0.00132176 -0.0807315  -0.996735   0.212459 0 0 0 1         0 -0.698398  0.785398         0 -0.698398  0.785398 -0.350398  0.785398         0 -0.785398  0.785398         0 -0.785398  0.785398 -0.785398  0.785398
0.109514
0.206187
0.0808303
100
30
70
0.119748
0.329419
0.10711 0.224342 0.208415 0.191416 0.114756 0.0924249 0.0964839 0.116264 0.152514 0.106997 0.110958 0.111253 0.0877139 0.119344 0.101773 0.217018 0.0840051 0.106531 0.0927414 0.0842371 0.1166 0.0559845 0.108413 0.127845 0.0855078 0.113752 0.11692 0.109009 0.0869297 0.0908163 0.207035 0.080538 0.107315 0.236824 0.0688211 0.121987 0.115529 0.10134 0.0962784 0.101734 0.114126 0.113019 0.0797802 0.103573 0.0873727 0.0631251 0.118049 0.0962757 0.117769 0.125396 0.12225 0.239004 0.103209 0.0865334 0.0836699 0.0802101 0.104415 0.0996545 0.0189546 0.11549 0.213969 0.126875 0.112762 0.182491 0.10614 0.252598 0.0762698 0.111545 0.250993 0.101347 
0.2426 0.96649 0.66339 0.619364 0.200317 0.177703 0.196676 0.191582 0.649621 0.203649 0.19868 0.202337 0.22621 0.208596 0.201456 0.748031 0.174896 0.225672 0.217742 0.226761 0.163229 0.231142 0.199663 0.185703 0.261721 0.19922 0.279351 0.231563 0.207906 0.210526 0.974554 0.209821 0.210296 0.938561 0.306571 0.189547 0.221929 0.211336 0.248725 0.20141 0.253131 0.200115 0.265633 0.236459 0.201354 0.2732 0.174793 0.214187 0.200206 0.209892 0.20835 0.724029 0.210912 0.244802 0.230012 0.20789 0.238447 0.196276 0.196718 0.20873 0.865172 0.623395 0.226393 1.10854 0.224104 0.941034 0.219533 0.202704 0.929799 0.199002 
