 0.0554529   0.886955   0.458515 -0.0953213  0.106492 -0.461856  0.880539 -0.137648  0.992766         0 -0.120065 0.0649086 0 0 0 1         0 -0.437398  0.785398         0 -0.263398  0.785398 -0.785398    1.3074         0 -0.785398  0.785398         0 -0.785398  0.785398 -0.785398  0.785398
0.115397
0.901233
0.120356
100
22
78
0.113857
0.579428
0.114252 0.198038 0.0550027 0.0983415 0.0851856 0.0897822 0.181804 0.0790232 0.161786 0.192343 0.0214699 0.228164 0.199992 0.121581 0.0140597 0.0684816 0.0882362 0.126653 0.120129 0.093684 0.108413 0.196324 0.103775 0.13608 0.150152 0.123879 0.117098 0.0843378 0.101459 0.155689 0.0502816 0.178847 0.0782285 0.10939 0.258992 0.119185 0.0116912 0.109287 0.110427 0.0932192 0.122985 0.091459 0.0843434 0.161428 0.042389 0.101419 0.0777232 0.215148 0.0969219 0.22443 0.0650168 0.128599 0.0909555 0.161547 0.0875385 0.0150986 0.043227 0.122287 0.00716477 0.0995987 0.12127 0.0931637 0.179064 0.0712688 0.16512 0.0965063 0.0978164 0.0486776 0.151866 0.124913 0.106065 0.225899 0.147631 0.1023 0.192344 0.0417908 0.016198 0.124873 
0.435278 0.947289 0.233223 0.228891 0.25482 0.711672 1.4713 0.230348 1.2628 0.971088 0.020655 1.05159 1.00324 0.339441 0.0212105 0.794954 0.705402 0.423895 0.405128 0.307309 0.594934 0.958947 0.31281 0.411835 0.397831 0.910248 0.275381 0.242028 0.888332 0.868352 0.192505 0.965425 0.290108 0.376741 1.07206 0.339043 0.0200732 0.909106 0.353602 0.29024 0.75197 0.829968 0.891433 0.8212 0.169521 0.375728 0.205067 0.978923 0.565798 0.760192 0.210758 0.739171 0.250179 0.923604 1.00918 0.0243397 0.126912 0.334421 0.205726 0.238716 0.859012 0.305074 0.994463 0.179201 1.00352 0.263514 0.870068 0.227613 1.67634 0.265462 0.755499 1.07471 0.975973 0.306238 0.845622 0.931554 0.0160319 0.743515 
