 0.108034 0.0286567  0.993734 -0.172486  0.00309717   -0.999589   0.0284888 -0.00561151  0.994142         0 -0.108079  0.064551 0 0 0 1         0 -0.698398    1.1334         0 -0.524398  0.785398 -0.437398  0.785398         0 -0.785398  0.785398         0 -0.785398  0.785398 -0.785398  0.785398
0.123948
0.802021
0.10829
100
18
82
0.141091
0.606694
0.102194 0.133503 0.124537 0.172961 0.153326 0.0838681 0.103156 0.101365 0.0627492 0.105257 0.0243343 0.157564 0.0156247 0.200517 0.188865 0.126093 0.0148444 0.0974729 0.0916585 0.0251831 0.133195 0.166422 0.00990395 0.162193 0.148131 0.0970293 0.0261587 0.16504 0.201939 0.100874 0.16276 0.318639 0.105577 0.163595 0.250435 0.182174 0.101563 0.168362 0.021354 0.0861877 0.138276 0.151474 0.18422 0.205934 0.180258 0.134116 0.103683 0.402794 0.180056 0.0211849 0.130944 0.219446 0.310519 0.168857 0.0193639 0.181917 0.272548 0.14881 0.107649 0.24669 0.11289 0.111063 0.136786 0.0898198 0.103143 0.272706 0.265864 0.263726 0.19243 0.233479 0.105132 0.0233397 0.110686 0.0183825 0.208974 0.162191 0.170118 0.130031 0.0160059 0.220978 0.0829784 0.173404 
0.830901 0.42718 0.762792 0.78859 0.299926 0.804781 0.208701 0.376141 0.315728 0.903496 0.0174669 0.34716 0.0165627 0.831025 0.320743 0.303918 0.0116255 0.313176 0.370992 0.0181963 0.252876 0.290537 0.00868004 0.380791 0.315447 0.188628 0.261812 0.325444 0.812393 0.36097 0.958207 0.956677 0.317653 0.310203 0.968504 0.981643 0.260508 0.308999 0.0200722 0.833221 0.687772 0.671096 0.800862 0.973779 0.333906 0.377619 0.298875 2.61298 0.911594 0.0163758 0.397729 1.05877 1.12722 1.00129 0.0186866 0.715486 1.42166 0.291398 0.575724 1.53526 0.852743 0.36821 0.328453 0.176046 0.418311 1.6032 1.49382 1.32995 1.24569 1.35959 0.328067 0.0202201 0.326559 0.0170955 1.99555 1.81329 0.901687 0.284623 0.0155809 1.00586 0.330422 0.323466 
