7.66098e-06 -0.0286688   0.999589  -0.172973 -2.19721e-07  -0.999589 -0.0286688  0.0247595            1            0 -7.66413e-06    0.0285846 0 0 0 1         0 -0.437398  0.785398         0 -0.437398  0.785398 -0.698398    1.1334         0 -0.785398  0.785398         0 -0.785398  0.785398 -0.785398  0.785398
0.329731
1.17322
7.66413e-06
100
27
73
0.22792
0.854586
0.34143 0.137039 0.38144 0.0907329 0.129213 0.122258 0.329124 0.293291 0.28053 0.0926265 0.294514 0.310733 0.143504 0.269647 0.276707 0.160276 0.323321 0.137676 0.13096 0.150183 0.266652 0.306787 0.281673 0.254411 0.0953264 0.3023 0.267555 0.28957 0.283114 0.167623 0.303803 0.279159 0.330891 0.288374 0.305643 0.295088 0.143863 0.157845 0.266144 0.146086 0.112501 0.19882 0.21834 0.2796 0.159596 0.13849 0.277301 0.32386 0.0972149 0.258212 0.263383 0.30837 0.269578 0.424192 0.31346 0.0488206 0.175208 0.111844 0.132126 0.270165 0.12254 0.0499307 0.277875 0.259313 0.148961 0.156618 0.120675 0.264335 0.288516 0.304641 0.342124 0.210897 0.283508 
1.23878 0.319495 1.25257 0.307084 0.190891 0.186951 1.82967 1.60018 1.21851 1.03379 0.954623 1.00161 0.318923 0.821528 0.899434 0.314507 1.15309 0.30898 0.194133 0.296245 0.873861 1.65985 0.915241 0.824285 0.196502 1.22387 0.803522 0.951851 1.3805 0.747044 1.18239 0.892795 1.20575 0.937746 1.01999 1.08492 0.250748 0.301999 0.874512 0.788014 1.01179 0.32302 1.19779 0.879803 0.851072 0.215592 0.905935 1.16591 0.304195 1.08364 1.05072 1.10691 0.886465 3.27652 1.12326 0.316147 0.28759 2.22203 0.183634 1.10908 0.200289 0.235117 1.02274 0.803117 0.252073 0.269077 0.186655 0.768001 0.881923 1.13844 1.76803 0.900277 0.901518 
