  0.108034 -0.0286567   0.993734  -0.171939 -0.00309717  -0.999589 -0.0284888  0.0246637  0.994142         0 -0.108079  0.064551 0 0 0 1         0 -0.437398  0.785398         0 -0.350398  0.785398 -0.698398    1.1334         0 -0.785398  0.785398         0 -0.785398  0.785398 -0.785398  0.785398
0.153115
1.03619
0.10829
100
21
79
0.166846
0.640767
0.31282 0.151994 0.134364 0.181116 0.0908355 0.178475 0.154876 0.222917 0.326864 0.157059 0.0118348 0.0185674 0.245988 0.183436 0.134301 0.102805 0.141448 0.114747 0.0737531 0.129554 0.134616 0.358784 0.105277 0.183274 0.140721 0.128742 0.010916 0.273773 0.0945413 0.288386 0.116893 0.14107 0.332178 0.336117 0.241048 0.146912 0.259767 0.141945 0.0784373 0.137377 0.0917187 0.266395 0.125148 0.310156 0.0123938 0.145913 0.273973 0.149974 0.0986372 0.300384 0.260279 0.131888 0.322328 0.105328 0.0950278 0.324671 0.335225 0.298127 0.0165137 0.196743 0.0173783 0.331746 0.17614 0.0145432 0.0137974 0.294087 0.185133 0.0735494 0.138623 0.148512 0.0226893 0.0122304 0.135375 0.139678 0.150966 0.166902 0.239988 0.213978 0.126166 
1.10183 0.298094 0.305188 0.316107 0.182999 1.08818 0.297349 1.18718 1.25218 0.438869 0.0161745 0.0141097 0.83322 1.77567 0.283175 0.175768 0.406819 0.183251 0.309162 0.351422 0.321763 1.22329 0.308385 0.385271 0.331801 0.353281 0.013867 0.915375 0.906497 1.07223 0.412791 0.398006 1.21847 1.50869 1.11348 0.964857 1.20462 0.437006 1.00622 0.361054 0.18899 0.765137 0.318371 1.10812 0.0149704 0.382678 0.866063 0.300794 1.10333 2.09244 0.874378 0.227427 1.24488 0.313294 0.32154 1.19282 1.16341 1.20316 0.0148631 1.05138 0.019153 1.20404 0.323056 0.0141906 0.0133386 1.08502 1.05644 1.06376 0.297318 0.324832 0.0163389 0.0157626 0.382608 0.326072 0.32882 0.845729 1.84317 1.01537 0.423813 
