          1           0 9.44555e-08 -0.00894061  1.58762e-14           -1 -1.68666e-07    0.0175319 9.44555e-08 1.68666e-07          -1    0.192337 0 0 0 1         0 -0.437398  0.785398         0 -0.437398  0.785398 -0.785398    1.3074         0 -0.785398  0.785398         0 -0.785398  0.785398 -0.785398  0.785398
0.269623
1.04141
1.93141e-07
100
51
49
0.288453
1.46242
0.146786 0.356098 0.241577 0.44414 0.288039 0.254766 0.346083 0.275435 0.256606 0.237588 0.390862 0.225745 0.137498 0.277124 0.250819 0.196118 0.263421 0.430517 0.289907 0.293001 0.305161 0.244288 0.245261 0.365795 0.268542 0.286387 0.295274 0.207326 0.459252 0.262184 0.211676 0.149933 0.368693 0.282855 0.24968 0.138799 0.236004 0.236074 0.386385 0.364055 0.358493 0.260284 0.282791 0.214187 0.443628 0.283856 0.267041 0.443445 0.414713 
0.199518 2.68827 1.06762 2.6911 2.27074 0.897694 2.64325 0.969196 0.921635 0.977472 2.55339 1.08521 0.206989 1.0884 0.918186 1.07709 0.976103 2.74555 0.95443 0.986673 1.51786 1.01988 0.885887 2.81153 1.08843 1.12802 1.01587 1.16033 2.90911 0.995473 1.13819 0.205964 2.89704 0.955281 0.916398 0.207047 0.91259 0.951592 2.85224 2.35019 2.59947 1.02325 0.982525 1.21478 2.69013 1.02554 0.911997 2.64552 2.7281 
