 0.111799  0.290241  0.950401 -0.158231  0.0339083  -0.956954   0.288253 -0.0516915  0.993152         0 -0.116828 0.0645202 0 0 0 1         0 -0.785398    1.3074         0 -0.524398  0.785398 -0.350398  0.785398         0 -0.785398  0.785398         0 -0.785398  0.785398 -0.785398  0.785398
0.228884
0.8584
0.117096
100
52
48
0.140208
0.718112
0.0643581 0.0865644 0.118072 0.184885 0.304013 0.133049 0.0818261 0.201905 0.0883691 0.174422 0.237351 0.256771 0.198734 0.0956164 0.139428 0.0841509 0.272855 0.0699011 0.0805568 0.186725 0.132962 0.213548 0.0844842 0.0740245 0.211713 0.174948 0.272726 0.049204 0.0811102 0.114157 0.0794542 0.264116 0.0644862 0.207337 0.0947178 0.064855 0.223064 0.0613105 0.176861 0.138196 0.0198333 0.249166 0.138016 0.086766 0.130317 0.155064 0.0213269 0.0866776 
0.789121 0.802954 0.922486 0.775615 1.46165 0.849206 0.337371 0.889212 0.886478 0.991572 1.29007 1.20547 0.788953 0.169692 0.275256 0.764782 1.41001 0.782677 0.304726 0.723807 0.765057 0.83342 0.658335 0.311499 0.782696 0.944229 1.47279 0.261522 0.385148 0.314129 0.356591 1.19235 0.307303 0.829749 0.366163 0.291169 1.18127 0.324646 1.07093 0.901767 0.0153847 1.23092 0.333915 0.384307 1.26539 0.965355 0.0162074 0.286034 
