  0.999602          0  0.0282151 -0.0329085 -2.68452e-05           -1  0.000951066 -0.000258994    0.0282151 -0.000951445    -0.999601     0.192242 0 0 0 1         0 -0.785398  0.785398         0 -0.785398    1.3074 -0.437398  0.785398         0 -0.785398  0.785398         0 -0.785398  0.785398 -0.785398  0.785398
0.184533
0.46354
0.0282349
100
61
39
0.200267
0.937545
0.169555 0.19666 0.204486 0.207351 0.147429 0.119818 0.137213 0.137123 0.142599 0.161145 0.323165 0.304332 0.329444 0.161736 0.171455 0.264061 0.0276199 0.386726 0.207509 0.21801 0.0331387 0.17874 0.303475 0.159058 0.26293 0.301792 0.030675 0.264647 0.129472 0.189049 0.335033 0.18384 0.272861 0.206659 0.130952 0.264895 0.173444 0.168525 0.203771 
0.418943 1.18576 0.932323 0.886005 0.498384 0.415861 0.301824 0.459681 0.406729 0.409474 1.31726 1.3032 2.93605 0.364267 0.896006 2.41946 0.397654 2.66775 1.41333 1.01798 0.0209642 0.48297 1.35271 0.47545 1.08095 1.10405 0.019559 2.5732 0.431874 0.441963 2.36563 0.930265 1.3669 0.463948 0.290158 1.13306 0.47434 0.463903 0.444416 
