  0.996418          0  0.0845612 -0.0407672 -0.00876768   -0.99461   0.103313 -0.0325668 0.0841054 -0.103684 -0.991048  0.201756 0 0 0 1         0 -0.524398  0.785398         0 -0.785398    1.0464 -0.350398  0.785398         0 -0.785398  0.785398         0 -0.785398  0.785398 -0.785398  0.785398
0.0669025
0.733236
0.133907
100
40
60
0.105043
0.40015
0.207248 0.0808686 0.109697 0.0851769 0.0212244 0.0920513 0.100911 0.211679 0.0302469 0.103678 0.101263 0.079704 0.0694742 0.153234 0.09323 0.105998 0.114711 0.0616586 0.118356 0.0546323 0.092736 0.0837367 0.171315 0.132297 0.11713 0.117052 0.149324 0.189257 0.127924 0.140751 0.118754 0.148894 0.157494 0.0613894 0.0687107 0.104755 0.0903352 0.0757963 0.12338 0.162619 0.184976 0.0771578 0.0738105 0.100007 0.010483 0.0785045 0.152329 0.102785 0.0980796 0.127474 0.0852999 0.0159766 0.0953055 0.136032 0.0846696 0.109876 0.0201873 0.12822 0.0950467 0.097678 
1.36816 0.2595 0.244831 0.232879 0.0193094 0.281638 0.599852 0.654865 0.234537 0.249003 0.256586 0.230484 0.267384 0.842107 0.325587 0.234641 0.208139 0.251427 0.252234 0.536337 0.345055 0.283814 0.76881 0.766066 0.234641 0.51404 0.584701 0.709147 0.23996 0.338085 0.350543 0.626448 0.68973 0.313059 0.230959 0.636441 0.243628 0.331567 0.325953 0.729213 0.660754 0.333041 0.222855 0.327726 0.0193327 0.234429 1.20024 0.207481 0.329461 0.346511 0.858867 0.0187144 0.215753 0.61249 0.345608 0.204653 0.0192919 0.303863 0.380461 0.356112 
