   0.999999 5.55112e-17 -0.00132609  0.00934366 0.000107057  -0.996736  0.0807314 -0.0312556 -0.00132176 -0.0807315  -0.996735   0.212459 0 0 0 1         0 -0.698398  0.785398         0 -0.698398  0.785398 -0.350398  0.785398         0 -0.785398  0.785398         0 -0.785398  0.785398 -0.785398  0.785398
0.111694
0.208099
0.0808303
100
32
68
0.130959
0.446033
0.105758 0.112794 0.0904176 0.0860941 0.0975934 0.238604 0.123137 0.205065 0.281403 0.112675 0.0926222 0.0955893 0.230859 0.0894485 0.0427113 0.118497 0.100074 0.0919169 0.0880188 0.226558 0.110693 0.118996 0.120058 0.0976505 0.148355 0.0582143 0.0700641 0.0974031 0.136608 0.0891031 0.101511 0.0604867 0.112699 0.261077 0.103201 0.218515 0.144911 0.096793 0.105135 0.197011 0.217851 0.185281 0.272873 0.212178 0.0938153 0.0967782 0.0842448 0.11675 0.0173096 0.104158 0.244892 0.243945 0.109914 0.10052 0.105514 0.120964 0.113231 0.211516 0.119303 0.204796 0.105193 0.176632 0.109027 0.107946 0.110415 0.108145 0.0450047 0.0887252 
0.196724 0.233363 0.217866 0.202459 0.212006 0.874806 0.203694 1.10074 1.05406 0.210353 0.20117 0.706594 1.16903 0.224128 0.235328 0.197071 0.197885 0.199987 0.209111 0.878705 0.203954 0.199849 0.197844 0.624483 0.735387 0.249794 0.24204 0.202023 0.785821 0.223777 0.209477 0.219218 0.268882 0.980779 0.243379 1.07162 0.875069 0.21316 0.262213 1.12279 1.03088 0.764373 1.04041 0.883725 0.224487 0.211823 0.211969 0.199433 0.228954 0.206757 0.89345 0.985516 0.200522 0.234383 0.199543 0.200152 0.221656 0.958239 0.281312 0.873889 0.195045 0.935481 0.261822 0.205399 0.198401 0.194155 0.217479 0.214349 
