1.48738e-11  0.290321  0.956929 -0.159277 4.51251e-12  -0.956929   0.290321 -0.0521058            1            0 -1.55432e-11    0.0127767 0 0 0 1         0 -0.785398    1.3944         0 -0.785398    1.3944 -0.350398  0.785398         0 -0.785398  0.785398         0 -0.785398  0.785398 -0.785398  0.785398
0.327787
1.69708
1.55433e-11
100
61
39
0.320919
1.58183
0.357686 0.327658 0.342133 0.353321 0.308696 0.171042 0.329432 0.33913 0.367152 0.340284 0.365413 0.351608 0.331306 0.174794 0.331585 0.293174 0.376852 0.32708 0.313742 0.349122 0.348885 0.347443 0.364707 0.302087 0.356246 0.168803 0.265744 0.308759 0.378744 0.362658 0.39997 0.298122 0.339828 0.150329 0.327783 0.376218 0.330676 0.339564 0.298073 
1.59927 1.66641 1.58997 1.60555 1.26927 1.43034 1.74579 1.68088 1.91946 1.33054 1.87272 1.82328 1.34519 1.14564 1.658 1.61573 1.86223 1.40285 1.49665 1.40984 1.72368 1.67165 1.70518 1.63286 1.59196 1.32033 1.41551 1.21463 1.61979 1.65375 2.10496 1.24513 1.92522 1.27879 1.96997 1.67397 1.30226 1.54064 1.63131 
