 0.111799 -0.290241  0.950401 -0.162203 -0.0339083 -0.956954 -0.288253 0.0728135  0.993152         0 -0.116828 0.0656885 0 0 0 1         0 -0.437398  0.785398         0 -0.350398  0.785398 -0.698398    1.1334         0 -0.785398  0.785398         0 -0.785398  0.785398 -0.785398  0.785398
0.165726
0.849148
0.117096
100
11
89
0.143911
0.504102
0.306845 0.0834046 0.115184 0.114372 0.0295635 0.0626825 0.0149133 0.096191 0.123898 0.0138043 0.101876 0.118182 0.317131 0.194559 0.29011 0.0748353 0.177672 0.139226 0.107234 0.137932 0.320974 0.0144443 0.237281 0.196667 0.0113488 0.139634 0.173579 0.109576 0.0137253 0.140201 0.133899 0.196525 0.0143696 0.069457 0.119193 0.0164864 0.268951 0.248981 0.100922 0.101018 0.116947 0.0968456 0.105747 0.308735 0.164896 0.0177278 0.131536 0.287585 0.0965762 0.134683 0.125531 0.0958393 0.137139 0.0160676 0.103681 0.133638 0.126995 0.106428 0.115136 0.141361 0.106793 0.0700238 0.141157 0.106714 0.135418 0.127796 0.301312 0.267105 0.0913771 0.236278 0.13155 0.322079 0.144007 0.161452 0.290457 0.0789258 0.135572 0.27871 0.181528 0.304715 0.13907 0.107869 0.149427 0.307831 0.106936 0.119127 0.0930482 0.250322 0.111499 
1.0156 0.230957 0.343672 0.349111 0.173522 0.222508 0.0210777 0.311348 0.352852 0.0158598 0.229435 0.340771 1.17229 0.937962 1.07352 0.225069 0.331679 0.768689 0.305499 0.296354 1.09791 0.0151545 1.11341 0.976707 0.0189208 0.37503 0.350214 0.309593 0.0206381 0.403922 0.38485 1.00014 0.0139113 0.969482 0.41555 0.016617 1.01341 0.957927 0.255956 0.32186 0.335294 0.198968 0.312729 1.12911 0.359347 0.00474025 0.369683 1.1416 0.276017 0.325 0.391218 0.633741 0.338024 0.0174894 0.3176 0.243246 0.296317 0.341438 0.346026 0.369017 0.298735 0.218739 0.348128 0.939409 0.334506 0.21136 1.04569 1.00085 0.255983 1.07743 0.216283 1.12592 0.398761 0.87051 1.05262 0.259819 0.375711 0.996274 1.01176 1.00842 0.349563 0.299296 0.690441 1.13671 0.286649 0.353886 0.251874 1.01406 0.940065 
