7.99939e-06  0.290321  0.956929 -0.159277 2.42692e-06  -0.956929   0.290321 -0.0521058            1            0 -8.35943e-06    0.0285847 0 0 0 1         0 -0.785398    1.3944         0 -0.785398    1.3944 -0.350398  0.785398         0 -0.785398  0.785398         0 -0.785398  0.785398 -0.785398  0.785398
0.332911
1.53577
8.35943e-06
100
63
37
0.280618
1.41417
0.330105 0.31814 0.323829 0.180685 0.348688 0.356843 0.326368 0.203273 0.110177 0.357843 0.277234 0.30911 0.274347 0.113768 0.109111 0.343919 0.33166 0.339821 0.27067 0.293836 0.217708 0.193749 0.202964 0.220219 0.355774 0.284234 0.278724 0.307878 0.294283 0.302108 0.344041 0.397265 0.331521 0.281593 0.31457 0.222913 0.31388 
1.65951 1.88342 1.23771 0.93498 1.50589 2.0296 1.42038 1.12511 0.768406 1.77387 1.73467 1.45912 1.04102 0.521053 1.47693 1.60045 1.80492 1.39781 1.0616 1.04533 1.55314 1.12473 1.65825 1.32155 1.68196 1.04338 0.980414 1.13791 1.42071 1.5653 1.5755 2.64648 1.61977 1.11324 1.90193 1.02171 1.47664 
