          1           0 9.44554e-08 -0.00894061 -1.59317e-14          -1 1.68666e-07   0.0015281  9.44554e-08 -1.68666e-07           -1     0.192337 0 0 0 1         0 -0.785398    1.3944         0 -0.785398    1.3074 -0.437398  0.785398         0 -0.785398  0.785398         0 -0.785398  0.785398 -0.785398  0.785398
0.268447
1.37116
1.93141e-07
100
49
51
0.26193
1.58802
0.183721 0.264138 0.310789 0.206603 0.239554 0.242321 0.10665 0.432009 0.232658 0.031588 0.206734 0.354689 0.405618 0.24516 0.437342 0.208144 0.387573 0.15057 0.359045 0.238663 0.192141 0.225966 0.254612 0.241996 0.156676 0.224002 0.372338 0.223108 0.211063 0.194501 0.14327 0.32289 0.250974 0.210058 0.47451 0.420634 0.28063 0.22352 0.242834 0.20581 0.2813 0.297953 0.363531 0.169529 0.273441 0.435774 0.290319 0.268613 0.247931 0.17084 0.244094 
1.06098 3.21503 1.00443 0.86295 0.917935 0.935115 0.950199 2.55803 0.885941 0.0122478 0.89477 3.29214 2.81914 1.75166 2.01879 0.938449 3.23423 0.203015 2.30844 1.12011 0.462966 1.48316 1.30584 1.2098 1.13561 2.53112 2.01363 1.62348 1.36152 0.933487 0.199478 2.13511 1.42868 0.916194 3.02411 2.96208 1.45894 1.26029 1.8869 2.55925 2.1932 1.05419 3.16491 1.39363 1.68826 3.21504 1.01405 1.24143 0.929803 1.28358 0.935803 
