           1            0 -9.44555e-08   0.00894061 -1.59317e-14           -1 -1.68666e-07    0.0175319 -9.44555e-08 1.68666e-07          -1    0.192337 0 0 0 1         0 -0.437398  0.785398         0 -0.437398  0.785398 -0.785398    1.3074         0 -0.785398  0.785398         0 -0.785398  0.785398 -0.785398  0.785398
0.269551
1.04497
1.93141e-07
100
50
50
0.26456
1.38729
0.288012 0.348675 0.346033 0.259031 0.286542 0.286255 0.378207 0.152557 0.321742 0.202574 0.250963 0.412113 0.264715 0.365966 0.14766 0.223794 0.263613 0.144637 0.138925 0.258867 0.277367 0.21348 0.21473 0.434701 0.353809 0.320018 0.24766 0.264705 0.237184 0.286434 0.217359 0.433423 0.143577 0.208109 0.20765 0.245711 0.468171 0.148835 0.379954 0.308086 0.160322 0.130819 0.280419 0.140771 0.270781 0.262462 0.218159 0.2793 0.184465 0.348663 
1.11501 2.74726 1.76176 0.925978 0.987012 1.03688 2.66952 0.218435 2.76736 0.98198 0.998479 2.596 0.932849 2.75346 0.203584 1.19828 1.18034 0.180554 0.181577 0.939915 1.44416 1.14558 1.11747 2.80617 2.54126 1.21931 1.33691 1.32629 1.19486 1.04325 1.03131 2.93069 0.217626 1.03819 1.01323 2.44739 2.77349 0.19462 3.17729 2.64732 1.25421 0.193758 0.975368 0.190977 1.03351 1.0129 1.05721 1.29099 0.881498 2.4515 
