7.66098e-06 0.0286688  0.999589 -0.173519 2.19721e-07   -0.999589   0.0286688 -0.00570729            1            0 -7.66413e-06    0.0285847 0 0 0 1         0 -0.698398    1.1334         0 -0.698398    1.1334 -0.437398  0.785398         0 -0.785398  0.785398         0 -0.785398  0.785398 -0.785398  0.785398
0.288575
1.46599
7.66413e-06
100
30
70
0.228517
1.18591
0.300977 0.134171 0.156124 0.326839 0.160312 0.28317 0.157086 0.163292 0.138673 0.133133 0.12567 0.284664 0.0979114 0.441238 0.163196 0.295277 0.117817 0.339439 0.285295 0.305856 0.302896 0.139814 0.304613 0.316726 0.18585 0.332554 0.0984687 0.280492 0.314571 0.339187 0.149645 0.259274 0.153699 0.153247 0.303328 0.115711 0.39248 0.144917 0.152031 0.133128 0.190314 0.113568 0.327442 0.382122 0.154888 0.324495 0.310051 0.162394 0.270809 0.272868 0.0518691 0.0259938 0.292684 0.280938 0.348871 0.325622 0.148691 0.316482 0.275807 0.117984 0.191239 0.126094 0.313257 0.205261 0.186514 0.302606 0.118559 0.250954 0.292975 0.332031 
1.76512 1.18928 1.73236 1.99261 0.743298 1.30173 0.314712 0.308756 0.313426 0.301654 0.222465 1.26015 0.152041 3.05044 0.814825 0.929055 0.233812 1.67756 1.66647 1.41467 1.42805 0.280962 1.50325 1.72502 1.05773 1.82432 0.221935 1.26423 1.89818 2.77619 0.3168 0.90517 0.329213 0.314362 1.30653 0.192067 3.21075 0.303555 0.318228 1.44145 1.71641 1.7367 1.58798 2.29951 0.799841 1.75916 1.74686 0.799045 1.18779 2.3367 0.331978 0.291131 1.28542 1.63956 1.74258 1.61066 0.228017 1.78664 1.17323 0.956682 1.43394 0.181859 1.91156 1.2028 0.326171 1.84811 0.195921 1.16823 1.10503 2.62177 
