1.42445e-11 0.0286688  0.999589 -0.173519 4.08541e-13  -0.999589  0.0286688 -0.0057073            1            0 -1.42504e-11    0.0127767 0 0 0 1         0 -0.698398    1.1334         0 -0.698398    1.1334 -0.437398  0.785398         0 -0.785398  0.785398         0 -0.785398  0.785398 -0.785398  0.785398
0.288975
1.44296
1.42504e-11
100
27
73
0.253867
1.18686
0.18776 0.159023 0.151617 0.305673 0.328267 0.169585 0.335027 0.313876 0.161333 0.139935 0.341019 0.295467 0.334636 0.307764 0.142681 0.357838 0.130207 0.157958 0.284394 0.201627 0.283279 0.161613 0.111932 0.257364 0.314544 0.128825 0.158675 0.319752 0.139773 0.31895 0.323312 0.282727 0.335873 0.16881 0.23825 0.1717 0.47332 0.259449 0.311879 0.160523 0.3461 0.343352 0.294579 0.309697 0.347545 0.387638 0.320938 0.314049 0.331262 0.327998 0.153735 0.310166 0.271175 0.146446 0.302817 0.364317 0.297478 0.166362 0.165897 0.28477 0.168249 0.165044 0.3058 0.130576 0.263676 0.339789 0.349236 0.362007 0.154921 0.329341 0.15916 0.156051 0.135896 
0.358434 0.303122 0.304252 1.48762 1.61398 0.298954 1.61956 1.7678 0.286482 0.230177 1.5014 2.28383 1.7913 1.21928 0.242405 1.73626 0.311193 0.953092 1.87105 1.153 1.39443 0.296102 0.21132 1.98735 1.57497 0.221319 0.308506 1.886 0.265392 1.40561 1.60184 1.1283 1.84379 0.316871 1.88389 0.324083 3.21782 1.66078 1.8116 0.95437 1.65176 1.73532 1.18377 1.68066 1.74644 1.96155 1.6395 1.33653 1.71798 1.00801 0.776439 1.86224 1.57615 1.13916 1.65788 1.6794 1.20677 1.0392 0.284125 1.77698 0.303453 0.391242 1.6757 0.175543 1.01704 1.58416 1.69921 1.71783 0.262787 1.97644 1.03193 0.292423 0.225635 
