           1            0 -9.44555e-08   0.00894061 1.58762e-14          -1 1.68666e-07  0.00152809 -9.44555e-08 -1.68666e-07           -1     0.192337 0 0 0 1         0 -0.785398    1.3074         0 -0.785398    1.3944 -0.437398  0.785398         0 -0.785398  0.785398         0 -0.785398  0.785398 -0.785398  0.785398
0.271014
1.437
1.93141e-07
100
52
48
0.248865
1.41744
0.426941 0.181478 0.151916 0.207865 0.267125 0.319496 0.242492 0.174887 0.223987 0.330353 0.288708 0.204645 0.153109 0.199438 0.290855 0.247091 0.250256 0.2038 0.438795 0.287173 0.346733 0.215447 0.0363026 0.384915 0.136848 0.273872 0.252572 0.136114 0.202266 0.23461 0.246064 0.34229 0.192811 0.144189 0.200217 0.277393 0.164706 0.180419 0.397169 0.310854 0.148338 0.22271 0.285447 0.272134 0.375201 0.423015 0.251044 0.201436 
2.04472 0.891078 0.192791 0.98892 1.1729 2.15676 1.311 1.0209 1.47478 2.54866 1.46755 0.914301 0.198205 0.927894 1.19315 2.69617 1.01652 1.73803 3.399 1.32645 2.64886 1.14828 1.09892 3.06392 0.198791 1.21867 1.37685 0.260611 1.07949 1.06469 1.11098 3.0088 0.975072 0.226571 1.40913 1.23512 1.39862 0.916675 2.77915 1.38908 1.04333 0.756977 0.9928 1.24543 2.21311 2.70761 1.34422 1.44562 
