  0.996418          0  0.0845612 -0.0416128 0.00876768  -0.99461 -0.103313 0.0525572 0.0841055  0.103684 -0.991048  0.209691 0 0 0 1         0 -0.263398  0.785398         0 -0.350398  0.785398 -0.698398  0.785398         0 -0.785398  0.785398         0 -0.785398  0.785398 -0.785398  0.785398
0.0936988
0.239387
0.133907
100
20
80
0.0756228
0.20222
0.0892179 0.129919 0.151585 0.103257 0.0173143 0.056704 0.0746711 0.0163894 0.0167742 0.0121899 0.108966 0.10257 0.0979558 0.115792 0.111705 0.0779543 0.165055 0.114662 0.0165813 0.162503 0.0123561 0.137394 0.119502 0.0171477 0.100638 0.096626 0.0118178 0.0171268 0.1076 0.0209258 0.0172189 0.0965288 0.105749 0.126932 0.101461 0.0191167 0.114832 0.0946465 0.12742 0.0877484 0.174986 0.0188884 0.0152988 0.0825995 0.0203863 0.089304 0.165087 0.0133565 0.0157662 0.0923646 0.101486 0.0895812 0.0689883 0.0126704 0.0919921 0.0152896 0.159558 0.0521579 0.0143376 0.0929145 0.0150956 0.117414 0.0158248 0.0958134 0.129537 0.0137442 0.0162527 0.0882966 0.013108 0.0118008 0.12565 0.207979 0.0171088 0.0151068 0.097719 0.101761 0.0970629 0.106154 0.0864182 0.0164118 
0.192131 0.259815 0.769284 0.198738 0.0165302 0.235149 0.310756 0.0158125 0.0155547 0.0182437 0.2622 0.213558 0.210654 0.253502 0.280855 0.209897 0.754419 0.258631 0.0165647 0.692704 0.0159119 0.761902 0.257249 0.015051 0.216023 0.202861 0.0155225 0.0155309 0.213486 0.0169483 0.017027 0.196068 0.197819 0.249519 0.199785 0.0171635 0.265615 0.221345 0.253033 0.25593 0.708365 0.0170634 0.0153672 0.212395 0.0174528 0.201844 0.709258 0.0161159 0.0165747 0.226817 0.209083 0.199253 0.212021 0.0143905 0.205728 0.0163457 0.723637 0.216649 0.0177712 0.215249 0.0152931 0.231424 0.016165 0.201283 0.248824 0.0176941 0.0169959 0.314551 0.0167668 0.0162255 0.260807 0.78808 0.015649 0.0158393 0.208352 0.190487 0.211099 0.205792 0.208673 0.0174384 
