 0.0743475   0.990747    0.11355 -0.0329334  0.542714 -0.135725  0.828879 -0.159724  0.836621         0 -0.547782  0.106412 0 0 0 1         0 -0.611398  0.959398         0 -0.611398  0.959398 -0.611398  0.785398         0 -0.785398  0.785398         0 -0.785398  0.785398 -0.785398  0.785398
0.197503
1.1284
0.579711
100
13
87
0.182621
0.955598
0.219159 0.215755 0.197281 0.184423 0.209264 0.216299 0.189116 0.184036 0.192015 0.0250725 0.183959 0.198759 0.205666 0.204844 0.211227 0.199457 0.179541 0.210744 0.0290375 0.214417 0.193323 0.205164 0.185563 0.201169 0.195218 0.212996 0.214692 0.195065 0.202111 0.188945 0.213557 0.209222 0.219552 0.196201 0.199973 0.212403 0.203739 0.0312561 0.214438 0.197541 0.211551 0.203425 0.208792 0.0310863 0.185763 0.0285532 0.0319777 0.186926 0.166617 0.157806 0.0312948 0.198178 0.20904 0.199624 0.205214 0.224896 0.205128 0.187882 0.206562 0.161251 0.170392 0.182868 0.187126 0.217263 0.200676 0.212589 0.197292 0.0308308 0.217904 0.205051 0.191125 0.210516 0.194822 0.19902 0.200015 0.184975 0.21863 0.214652 0.207989 0.190501 0.219997 0.223938 0.202303 0.200949 0.032299 0.16821 0.202291 
1.10071 1.08532 1.08874 0.993175 1.10743 1.13624 1.06101 1.03505 1.05009 0.0631988 0.977465 1.03335 1.05584 1.07805 1.12032 1.03838 1.06465 1.07652 0.071494 1.14879 1.02175 1.05977 1.067 1.07928 0.897646 1.09116 1.11476 1.10808 1.11616 1.10265 1.0714 1.06545 1.1507 1.02851 1.03685 1.05733 1.06076 0.0760738 1.0991 1.07204 1.0955 1.09149 1.08954 0.0738859 1.00735 0.0714274 0.0750224 1.03309 0.925151 0.798096 0.0742751 0.936814 1.11057 1.03236 1.02582 1.13098 1.12829 1.0367 1.15785 0.853178 0.908268 1.01329 1.04323 1.1017 1.02855 1.09968 1.07333 0.0708401 1.1066 1.08103 1.05584 1.08719 1.14971 1.03712 1.06822 1.02092 1.10181 1.08661 1.09221 0.969226 1.11416 1.13499 1.04671 1.05714 0.0771285 0.995335 1.00647 
