 -0.121162   0.990747 -0.0611635 0.00793895  0.884443  0.135725  0.446474 -0.117704  0.450644         0 -0.892704  0.172555 0 0 0 1         0 -0.437398  0.959398         0 -0.611398  0.785398 -0.611398  0.872398         0 -0.785398  0.785398         0 -0.785398  0.785398 -0.785398  0.785398
0.205888
0.981619
0.467486
100
4
96
0.159005
0.826818
0.156177 0.0295738 0.17643 0.0239484 0.210477 0.198628 0.17013 0.179973 0.185807 0.0301662 0.202643 0.20486 0.189577 0.206681 0.0201407 0.17812 0.214351 0.0768485 0.0303367 0.166092 0.0225791 0.212277 0.192441 0.17983 0.112753 0.0326855 0.199643 0.0225279 0.217799 0.190382 0.207593 0.189764 0.205272 0.176993 0.0278665 0.179631 0.0291416 0.21593 0.00608308 0.180792 0.189882 0.20593 0.221216 0.211635 0.154454 0.0250114 0.199717 0.0296159 0.187356 0.213938 0.203327 0.215981 0.0280404 0.216821 0.214438 0.182014 0.182712 0.12003 0.208562 0.179816 0.0301222 0.211541 0.17806 0.189678 0.188039 0.210264 0.206118 0.186483 0.195651 0.203279 0.203413 0.204096 0.207585 0.193358 0.0193699 0.187007 0.172914 0.204183 0.181356 0.162139 0.027191 0.210181 0.0206444 0.201727 0.191407 0.206992 0.198301 0.232042 0.193607 0.210366 0.204571 0.163829 0.0266964 0.188746 0.215375 0.194743 
1.0349 0.0719896 0.955648 0.0632987 0.958985 1.04257 0.906215 0.948377 0.940976 0.0732258 1.04074 1.04909 1.00869 1.1006 0.0506055 0.914806 1.07749 0.845325 0.0746539 0.866243 0.0580307 0.988737 0.925343 0.974628 0.938565 0.0610051 1.04469 0.0570306 1.07556 0.900793 1.04479 0.966464 1.08749 0.972926 0.0712194 0.955928 0.0728876 1.04911 0.0469029 0.980462 0.918235 0.982376 1.09399 1.07524 0.886332 0.0626249 1.10864 0.757418 0.965412 1.09031 1.06831 1.09341 0.0695951 1.06738 1.11875 0.956564 0.946672 0.899523 1.0559 0.988148 0.0726126 0.978313 0.99344 0.955917 1.01785 1.04623 1.0399 0.990534 0.964338 1.04897 0.998427 1.07733 1.06319 0.961912 0.0509621 1.0057 0.928482 1.02995 1.0275 1.05208 0.0685983 1.12814 0.0545746 1.10488 0.961952 1.05865 0.994942 1.07426 1.02856 1.05896 1.04679 0.977673 0.0667551 0.90303 1.07368 0.967671 
