 0.618573  0.755617 -0.215431 0.0140482  0.713579 -0.655014 -0.248519 0.0308529 -0.328896         0 -0.944366  0.176167 0 0 0 1         0 -0.263398  0.785398         0 -0.611398  0.872398 -0.611398  0.959398         0 -0.785398  0.785398         0 -0.785398  0.785398 -0.785398  0.785398
0.138206
0.879543
0.335134
100
12
88
0.18883
1.43808
0.171235 0.163699 0.171802 0.178345 0.180837 0.195677 0.171064 0.182041 0.0218811 0.177377 0.188849 0.155991 0.186636 0.384106 0.171732 0.118807 0.174651 0.162978 0.174573 0.435445 0.370456 0.0207375 0.191305 0.293232 0.195966 0.177843 0.150406 0.170019 0.144349 0.152299 0.406753 0.103677 0.184879 0.134919 0.183197 0.335682 0.0241905 0.17345 0.29399 0.206199 0.027811 0.324216 0.218433 0.30469 0.146028 0.168399 0.05985 0.0219074 0.155626 0.174009 0.441556 0.326345 0.202092 0.0428699 0.157461 0.144397 0.420373 0.200313 0.257104 0.31258 0.0252889 0.206403 0.170268 0.303585 0.200359 0.194208 0.151569 0.317884 0.143686 0.024349 0.17018 0.0797921 0.243323 0.374776 0.167372 0.154711 0.184078 0.0225966 0.158426 0.187573 0.20272 0.176534 0.172561 0.368369 0.0254797 0.0226741 0.281396 0.099545 
0.86154 0.872608 0.900004 0.916827 0.937574 0.994834 0.817878 0.953155 0.0591033 0.907157 0.899355 0.872162 1.0052 4.97497 0.847526 0.930659 1.01458 0.86652 0.935141 5.10598 4.41762 0.0502246 1.04116 2.51183 1.01254 0.841758 0.845016 0.946526 0.87043 0.887172 4.98998 0.863232 0.920486 0.818849 0.940008 2.69564 0.0630678 0.912911 2.58242 1.12922 0.0690229 2.75105 1.1625 2.55529 0.840211 0.871705 0.864892 0.0557106 0.831041 0.780015 5.14327 4.09158 1.09093 0.713496 0.833425 0.827293 5.01587 1.03228 2.4281 2.74869 0.0638101 1.07306 0.904751 2.67562 0.948278 0.959479 0.783033 2.78127 0.871565 0.0635878 0.965691 0.847226 2.43088 4.65991 0.950491 0.800381 0.918511 0.057751 1.00491 0.956985 2.3557 0.912576 0.897547 4.84358 0.0644177 0.0577265 2.28223 0.70107 
