 0.723379 -0.509812  0.465634 -0.111574  -0.42868 -0.860286 -0.275938 0.0771972  0.541254         0 -0.840859   0.15962 0 0 0 1         0 -0.437398  0.959398         0 -0.611398  0.785398 -0.611398  0.872398         0 -0.785398  0.785398         0 -0.785398  0.785398 -0.785398  0.785398
0.204977
1.00349
0.571928
100
1
99
0.150253
0.770537
0.0295477 0.0292663 0.207138 0.185867 0.223807 0.199931 0.0271016 0.0221867 0.197134 0.18078 0.183829 0.206997 0.190609 0.0347996 0.0251707 0.207956 0.21513 0.161627 0.209701 0.223305 0.204367 0.164439 0.0346649 0.208959 0.198107 0.0276534 0.0308215 0.207633 0.147277 0.193349 0.0297184 0.0344547 0.191797 0.0255025 0.200491 0.20289 0.219988 0.0283763 0.0324982 0.0324534 0.184046 0.192185 0.192626 0.207616 0.136419 0.17696 0.0323417 0.109579 0.197955 0.214774 0.0333702 0.206007 0.130308 0.0272279 0.203694 0.0322665 0.210224 0.206779 0.0341826 0.209343 0.194781 0.0257667 0.193942 0.0283003 0.202637 0.031724 0.209198 0.216335 0.198103 0.034088 0.187387 0.200024 0.0271843 0.1859 0.191304 0.193848 0.201137 0.211815 0.169337 0.0260377 0.211024 0.177882 0.20952 0.190966 0.213921 0.226743 0.212707 0.217001 0.203259 0.19488 0.19883 0.19747 0.188958 0.21159 0.1888 0.0205384 0.193049 0.204257 0.169551 
0.0731735 0.791958 1.07553 0.943113 1.06066 1.07842 0.066701 0.0584457 1.0605 0.966341 0.941902 1.02087 0.957093 0.0811655 0.0649244 1.02923 0.973435 0.798827 1.03209 1.06165 1.04092 0.958768 0.079505 1.06405 1.04169 0.0680242 0.0728951 1.04626 0.946512 1.02532 0.0722652 0.0799543 0.966384 0.0652027 1.05394 1.00637 1.13223 0.0708534 0.079097 0.077217 0.982959 0.944944 0.991602 1.06958 0.759654 0.898747 0.0768672 1.05023 1.01328 1.07024 0.0780648 1.06082 1.07282 0.0687393 0.997404 0.0765042 0.961781 0.984989 0.0810123 1.00365 0.935423 0.0628803 1.1004 0.0710229 1.03445 0.0725602 1.09563 1.07347 1.03992 0.924757 0.939573 1.02559 0.069052 0.943088 1.0126 1.03218 1.00314 1.05187 0.949522 0.0665223 1.06667 0.889726 0.97686 0.975521 1.04676 1.12238 1.07814 1.09186 1.10225 0.99526 0.992597 0.997328 1.05432 1.10286 0.965984 0.0574789 0.977146 1.02117 0.937836 
