0.0853505  0.707599   0.70144 -0.128583 0.0854695 -0.706614  0.702419 -0.115276  0.992678         0 -0.120788  0.048317 0 0 0 1         0 -0.611398  0.872398         0 -0.263398  0.785398 -0.611398  0.959398         0 -0.785398  0.785398         0 -0.785398  0.785398 -0.785398  0.785398
0.153627
0.852139
0.121084
100
12
88
0.196348
1.63518
0.14905 0.189652 0.165726 0.151321 0.278929 0.137403 0.266756 0.073831 0.154848 0.065934 0.26999 0.311597 0.170362 0.0160741 0.26832 0.134839 0.242979 0.182807 0.165745 0.356916 0.374119 0.200592 0.454059 0.157242 0.0146617 0.245051 0.0209725 0.395568 0.187203 0.284012 0.0202269 0.152227 0.169084 0.240328 0.181659 0.378736 0.136332 0.2555 0.458965 0.292402 0.243149 0.273554 0.0178046 0.299215 0.1769 0.412057 0.281011 0.163468 0.191242 0.15628 0.169103 0.234394 0.140071 0.155915 0.274596 0.338915 0.12425 0.150356 0.164656 0.154463 0.231776 0.27842 0.176333 0.149027 0.171073 0.178276 0.150249 0.160771 0.181105 0.139873 0.154835 0.249405 0.176338 0.294541 0.158484 0.147744 0.0216141 0.0203739 0.162432 0.170812 0.172631 0.0251598 0.30921 0.160078 0.275544 0.11345 0.158421 0.197186 
0.880013 0.983436 1.79481 0.912197 2.46793 0.896429 2.31915 0.757706 0.84988 0.789121 2.42517 2.60083 0.911138 0.0440391 2.74208 0.833701 2.45669 0.968222 0.850082 4.63541 4.74683 1.02969 5.22744 0.854243 0.790613 2.31499 0.0538579 4.96021 0.927196 2.6725 0.0539114 0.882911 0.956201 2.37384 0.987497 4.90243 0.774949 2.37993 5.21037 2.31625 2.55828 2.26428 0.0478237 2.70131 2.08717 4.85746 2.65708 0.898675 0.956781 0.843994 0.871032 2.31037 0.725871 0.846087 2.53253 4.15126 0.771256 0.95993 0.888601 0.882322 2.20994 2.6373 0.89112 0.861048 0.827646 0.959384 0.814719 0.901942 1.00336 0.833221 0.90457 2.36487 0.916084 2.60777 0.868547 0.876395 0.059093 0.0538482 0.917855 0.951679 0.938977 0.0645749 3.95415 0.958921 2.47003 0.831556 0.905685 0.965581 
