  0.643415  -0.755617   0.122718 -0.0155091 -0.742238 -0.655013 -0.141566 0.0323427  0.187351         0 -0.982293  0.181098 0 0 0 1         0 -0.611398  0.959398         0 -0.611398  0.959398 -0.611398  0.872398         0 -0.785398  0.785398         0 -0.785398  0.785398 -0.785398  0.785398
0.189726
0.98949
0.188465
100
1
99
0.187475
1.06001
0.184906 0.194609 0.190517 0.198215 0.169123 0.194272 0.190427 0.186195 0.161786 0.172929 0.202756 0.167299 0.211169 0.148728 0.166859 0.183172 0.20982 0.172455 0.203102 0.192275 0.178736 0.100936 0.184501 0.181594 0.377239 0.203609 0.198358 0.169167 0.254852 0.195131 0.159018 0.204894 0.194232 0.200875 0.191351 0.202978 0.201442 0.180422 0.193796 0.171308 0.195323 0.189564 0.197522 0.205943 0.193511 0.202604 0.150687 0.187289 0.203592 0.194548 0.191791 0.204921 0.169558 0.170515 0.193647 0.204563 0.202208 0.204665 0.179002 0.123067 0.166148 0.0214552 0.205475 0.209348 0.164117 0.197584 0.17542 0.196469 0.202727 0.163017 0.184628 0.188951 0.184355 0.172369 0.210726 0.183117 0.0295765 0.217041 0.183245 0.205168 0.159163 0.191971 0.255529 0.1687 0.322359 0.210464 0.198287 0.180985 0.199037 0.0620867 0.203231 0.216868 0.179561 0.175444 0.203908 0.188314 0.175257 0.186365 0.211999 
0.923174 1.01967 0.997591 1.01536 0.882776 1.00708 0.98804 1.05644 0.914269 1.01131 1.028 0.963324 1.13291 0.913946 0.908979 0.840817 1.05209 0.960142 1.04444 1.08665 0.955386 0.925916 0.971175 1.0259 2.89352 1.00848 1.03452 0.960124 2.2549 1.09504 0.817763 1.03183 1.00055 1.05069 1.00943 1.03871 1.00944 0.92927 1.04094 0.956834 1.04853 1.00931 1.03021 1.04433 1.03297 1.09073 0.978094 1.00383 0.994165 1.00254 0.993645 1.08097 0.90985 0.962474 1.02759 1.07495 1.06198 1.05096 0.972415 0.710391 0.8502 0.871493 1.02836 1.06075 0.930058 0.994248 0.988572 1.07322 1.03875 0.816306 1.06214 1.04429 0.952982 1.01545 1.06946 1.02508 0.902227 1.0448 0.916236 1.1587 0.849004 1.03822 1.04196 1.07437 2.58943 1.10155 1.05936 0.977182 0.994882 0.912373 1.05737 1.15388 0.887116 0.944215 2.61785 0.971529 0.918987 0.988065 1.08289 
