   0.65014  -0.707599   0.276805 -0.0681976 -0.651047 -0.706614 -0.277191 0.0817796  0.391734         0 -0.920079  0.179827 0 0 0 1         0 -0.437398  0.959398         0 -0.611398  0.785398 -0.611398  0.872398         0 -0.785398  0.785398         0 -0.785398  0.785398 -0.785398  0.785398
0.203506
1.11265
0.402515
100
4
96
0.160257
0.844775
0.199604 0.191537 0.0245066 0.190102 0.181449 0.207827 0.176418 0.184913 0.134433 0.216258 0.205635 0.180302 0.181653 0.202609 0.204488 0.0778164 0.0288022 0.163171 0.201658 0.0293356 0.208763 0.197755 0.171917 0.208226 0.212293 0.207716 0.226288 0.0231557 0.20831 0.1789 0.198612 0.207047 0.0173567 0.183315 0.197426 0.21201 0.190666 0.0247999 0.0207653 0.215734 0.220201 0.186981 0.193471 0.164265 0.0292717 0.184323 0.0271114 0.196364 0.193034 0.188114 0.207528 0.0262168 0.198698 0.218824 0.208883 0.0195659 0.209736 0.182495 0.0287308 0.210052 0.0211237 0.20397 0.166282 0.187711 0.21719 0.195399 0.206265 0.203377 0.172154 0.200936 0.196192 0.0344385 0.204526 0.208148 0.0314655 0.208515 0.0249095 0.186562 0.0274203 0.204339 0.15287 0.194667 0.200856 0.174957 0.208887 0.185677 0.195091 0.16995 0.193927 0.175221 0.207491 0.168609 0.198331 0.209147 0.03019 0.0304538 
0.897807 1.05327 0.0622221 1.04422 1.05051 1.09429 0.942313 0.963508 0.886937 1.09062 1.08525 0.968487 0.811917 0.993534 1.04317 0.846745 0.0718786 0.958505 1.07761 0.072382 1.06671 0.997218 0.963081 1.06211 0.990872 1.08571 1.06361 0.0600581 1.05714 0.95309 0.995312 1.08747 0.046614 1.00017 0.993736 1.09523 0.92274 0.0635326 0.0541851 1.0703 1.05651 1.03721 1.1131 1.11645 0.0730254 1.04339 0.0686796 1.08022 1.01614 0.979157 1.06018 0.0665306 1.12575 1.10227 1.13073 0.0502622 1.1063 0.960894 0.0722965 0.976294 0.0565776 1.06677 0.959105 0.917444 1.09069 1.01479 1.0079 1.02765 0.942271 1.03556 1.00246 0.905591 1.06649 0.992928 0.818631 1.09249 0.0632069 0.976082 0.0694729 0.9869 0.807291 0.9778 1.04202 1.00087 1.04361 0.955642 1.04418 1.02618 0.985386 1.07091 1.04583 0.915527 1.0219 1.03847 0.0754994 0.0748594 
