-0.399536  0.877687 -0.264643 0.0575068  0.731726  0.479233  0.484677 -0.125206  0.552221         0 -0.833698  0.157849 0 0 0 1         0 -0.437398  0.959398         0 -0.611398  0.785398 -0.611398  0.872398         0 -0.785398  0.785398         0 -0.785398  0.785398 -0.785398  0.785398
0.20223
1.03258
0.585026
100
5
95
0.142359
0.729486
0.0266292 0.212541 0.178454 0.0306101 0.191991 0.0180639 0.205743 0.197119 0.198938 0.0260059 0.194616 0.215874 0.190791 0.192118 0.179901 0.194897 0.193836 0.203793 0.203369 0.0328759 0.188144 0.204529 0.182134 0.201764 0.203521 0.104042 0.03331 0.0322538 0.172144 0.213385 0.0294396 0.0321098 0.0310573 0.177543 0.18765 0.190993 0.198005 0.187554 0.201458 0.0340455 0.0264375 0.192366 0.181875 0.0302005 0.193054 0.201352 0.222611 0.185118 0.0284357 0.198344 0.0242685 0.204877 0.185873 0.173491 0.0241862 0.111367 0.169046 0.0300166 0.0167328 0.0271082 0.0435257 0.190326 0.201427 0.0356699 0.0267912 0.206138 0.0297245 0.171086 0.195397 0.166812 0.183874 0.172934 0.184459 0.197123 0.162103 0.204368 0.210118 0.197414 0.183656 0.204637 0.0312306 0.0317738 0.0242927 0.187226 0.196365 0.0299415 0.180841 0.0306633 0.208587 0.215303 0.179135 0.21026 0.15167 0.18026 0.178946 
0.0671234 0.998495 0.963598 0.0748762 1.01637 0.051131 1.07289 1.03533 1.08208 0.064879 0.991978 1.00369 0.968401 1.05548 0.93439 0.949689 1.03628 0.971647 1.06793 0.0757489 0.966116 1.06489 0.943336 1.00402 1.05989 0.924 0.0783153 0.074596 0.938496 1.07161 0.0712966 0.0768925 0.076993 0.932687 0.943649 1.10906 1.01744 0.992517 1.03547 0.0816011 0.0651278 1.01813 0.978172 0.0744011 1.04428 1.03182 1.04342 0.973418 0.0688753 1.07157 0.0606698 1.061 0.949108 0.999223 0.0627317 0.902234 0.986634 0.0736711 0.0495492 0.0645625 0.0934526 1.009 1.08332 0.082594 0.0669058 1.07092 0.072843 0.88173 1.04361 0.9802 0.959753 0.92572 1.02355 0.969878 0.796389 1.05315 1.04978 1.05334 0.957771 1.06273 0.0761911 0.0748863 0.0619474 0.956515 1.01623 0.0711245 0.97274 0.0742804 1.05147 1.10405 0.951685 1.09843 1.0741 0.997452 0.959916 
