 0.424636 -0.707599   0.56479 -0.102979 -0.425228 -0.706614 -0.565578   0.11661  0.799291         0 -0.600945  0.116747 0 0 0 1         0 -0.611398  0.872398         0 -0.611398  0.872398 -0.611398  0.785398         0 -0.785398  0.785398         0 -0.785398  0.785398 -0.785398  0.785398
0.237003
1.10876
0.644682
100
11
89
0.176731
0.921799
0.158415 0.196394 0.217931 0.202324 0.184824 0.189701 0.214921 0.209228 0.218218 0.196291 0.21474 0.199838 0.0253217 0.201432 0.227078 0.210699 0.196653 0.2094 0.210165 0.217158 0.144213 0.207099 0.216807 0.0267981 0.223572 0.0344327 0.200657 0.221673 0.188503 0.194345 0.185373 0.195093 0.222606 0.0297686 0.208983 0.200769 0.218671 0.210205 0.198852 0.203344 0.211215 0.222975 0.03399 0.214613 0.167788 0.200162 0.253756 0.203339 0.194208 0.208622 0.216623 0.220568 0.215505 0.209109 0.162019 0.213431 0.219705 0.188885 0.201376 0.0310668 0.200492 0.20482 0.0297551 0.189738 0.214818 0.205261 0.0332426 0.0329658 0.214441 0.213923 0.193289 0.210651 0.214287 0.208763 0.0295584 0.22161 0.214699 0.112064 0.0314678 0.212505 0.171185 0.207181 0.0386725 0.03044 0.206566 0.0317728 0.213036 0.211707 0.208652 
0.893037 1.03894 1.06115 1.04684 1.02506 1.06972 1.06672 1.04055 1.12582 1.03584 1.14637 0.974923 0.0652278 1.03376 1.11926 1.06596 1.01621 1.08265 1.031 1.08383 1.1252 1.08022 1.09074 0.0698841 1.12302 0.079824 1.05358 1.1474 1.01449 1.04981 1.0953 1.00611 1.16266 0.0737944 1.1699 0.964248 1.09504 1.08529 1.0662 1.04272 1.05842 1.11568 0.0788908 1.0957 0.86484 1.07781 1.04628 1.06276 0.946359 0.999384 0.822144 1.12606 1.02843 1.09674 1.14296 1.08157 1.10031 1.00337 0.977651 0.0754127 1.10932 1.09079 0.994097 1.03545 1.10409 1.15108 0.076426 0.991375 1.09397 1.08523 0.970718 1.01539 1.09497 1.05057 0.0745977 1.13115 1.04977 0.815146 0.0755668 1.07073 0.980315 1.11847 0.0875342 0.0720025 1.00473 0.0744417 1.12516 1.07687 1.00109 
