  0.24981  0.965546 0.0729124    -0.031   0.926873  -0.260233   0.270528 -0.0761289  0.280181         0 -0.959947  0.181669 0 0 0 1         0 -0.350398  0.785398         0 -0.611398  0.785398 -0.611398  0.872398         0 -0.785398  0.785398         0 -0.785398  0.785398 -0.785398  0.785398
0.232222
1.08124
0.283983
100
6
94
0.152915
0.799812
0.197379 0.190344 0.18688 0.20402 0.0263728 0.16826 0.0281279 0.207852 0.0922006 0.188248 0.0148496 0.157966 0.166142 0.0364204 0.0188508 0.194374 0.19533 0.163854 0.198008 0.18514 0.184729 0.165316 0.0300032 0.0200054 0.181729 0.0303737 0.0221671 0.207529 0.209138 0.191276 0.153521 0.194242 0.095206 0.191128 0.14804 0.0179321 0.165211 0.209219 0.2166 0.16493 0.209406 0.0252032 0.0274293 0.185842 0.184889 0.174253 0.197844 0.0205738 0.215265 0.201274 0.187912 0.0226578 0.190469 0.0290182 0.198162 0.12976 0.200879 0.194245 0.210109 0.209556 0.201246 0.0284843 0.194624 0.168507 0.194529 0.138744 0.192445 0.185823 0.16934 0.20213 0.186267 0.177289 0.199429 0.0265864 0.180656 0.182339 0.207397 0.194553 0.176299 0.206661 0.158783 0.199129 0.18872 0.173877 0.0285239 0.194339 0.191893 0.176544 0.215878 0.20553 0.205183 0.200236 0.159272 0.0290792 
0.93783 0.950187 0.995506 1.06201 0.0654255 0.921998 0.0706956 1.09007 0.768473 1.04633 0.0458234 0.947489 0.937145 0.919652 0.0481206 1.04959 1.01232 0.910254 0.972112 0.9791 0.949117 0.873862 0.0688002 0.0521198 0.964904 0.0716632 0.0611316 0.938728 1.03576 0.952483 0.770412 1.02125 0.750474 0.941399 0.923524 0.0473813 0.981917 1.08596 1.08714 0.770929 1.0704 0.0633632 0.0695195 0.969402 0.916874 0.925017 0.995319 0.0520784 1.06181 1.05302 0.911894 0.0584273 1.04102 0.0719106 1.04707 0.878674 1.00141 0.982931 1.01057 1.09915 0.948486 0.0696577 1.04482 0.948696 0.954922 0.881676 0.983905 0.952531 0.941085 1.04666 0.969007 0.974863 1.0307 0.0649699 0.947687 1.03971 1.04942 0.985426 0.932675 1.05455 0.879468 0.991726 0.997613 0.990835 0.0702293 0.976897 1.01253 0.910976 1.01137 1.04855 1.07548 1.03642 0.927411 0.072441 
