 0.224442 -0.330796  0.916624  -0.15331 -0.0786736 -0.943702 -0.321304 0.0638382  0.971306         0 -0.237832 0.0687678 0 0 0 1         0 -0.611398  0.872398         0 -0.263398  0.785398 -0.611398  0.959398         0 -0.785398  0.785398         0 -0.785398  0.785398 -0.785398  0.785398
0.147238
0.905194
0.240133
100
7
93
0.20307
1.59162
0.139052 0.422048 0.250987 0.193954 0.237646 0.167777 0.399224 0.0310428 0.158566 0.452092 0.198689 0.16828 0.186887 0.303585 0.175137 0.141098 0.179147 0.309904 0.154971 0.17103 0.172803 0.0945117 0.172788 0.257244 0.0264368 0.175995 0.164097 0.19782 0.184186 0.190659 0.242725 0.147979 0.154844 0.370013 0.204314 0.0134987 0.191675 0.142416 0.185078 0.158401 0.161554 0.1522 0.278242 0.147332 0.27853 0.167079 0.0229536 0.462251 0.17144 0.243175 0.177758 0.247993 0.190349 0.344779 0.127607 0.168513 0.0277088 0.28559 0.24047 0.156811 0.288095 0.18264 0.258319 0.0171801 0.136075 0.172155 0.434822 0.18226 0.164113 0.341012 0.194512 0.194522 0.177108 0.155739 0.163121 0.191886 0.18988 0.187889 0.197085 0.181735 0.135385 0.147201 0.253454 0.269289 0.15722 0.263922 0.165597 0.158384 0.24993 0.332753 0.335815 0.160519 0.304924 
0.825124 5.15522 2.4594 1.01218 3.92536 0.914552 4.85433 0.790525 0.863296 5.22933 1.03376 0.678474 0.902233 2.64853 0.835604 0.724757 0.860042 2.50052 0.872056 0.957586 0.863501 0.832685 0.951386 2.39439 0.704959 0.900367 0.837698 1.02366 0.906011 0.989804 2.28438 0.80275 0.833601 4.69055 1.91446 0.0362831 0.948898 0.838125 0.928278 0.901284 0.867676 0.863374 2.51684 0.943958 2.42961 0.892092 0.0563501 5.13704 0.970543 2.3856 0.871503 2.47813 0.960691 2.66945 0.951166 0.957823 0.725539 2.6 2.57003 0.936074 2.57145 1.00564 2.54167 0.87873 0.837213 0.898628 5.08399 0.960132 0.892176 2.50543 0.927277 0.935512 0.957106 0.792429 0.922415 1.03191 0.938647 1.00003 1.9739 0.96714 0.836638 0.889158 2.48646 2.62766 0.904172 2.35591 2.10274 0.837326 2.52187 2.39992 2.63742 0.851521 2.53854 
