  0.218197   0.966477   0.135326 -0.0361244   0.821337  -0.256755   0.509394 -0.0965297  0.527063         0 -0.849826  0.165123 0 0 0 1         0 -0.611398  0.959398         0 -0.611398  0.959398 -0.611398  0.785398         0 -0.785398  0.785398         0 -0.785398  0.785398 -0.785398  0.785398
0.212319
1.07987
0.555141
100
5
95
0.189838
1.01722
0.215655 0.198047 0.212902 0.190303 0.203946 0.207061 0.192465 0.20749 0.181501 0.182343 0.212897 0.199151 0.189944 0.190861 0.204126 0.202924 0.199274 0.202048 0.188936 0.1962 0.216444 0.189747 0.175249 0.20939 0.171511 0.200123 0.0951627 0.189195 0.210877 0.184371 0.206121 0.194006 0.210085 0.1982 0.193744 0.204607 0.205003 0.211865 0.213108 0.18863 0.194083 0.0283984 0.196565 0.177663 0.177 0.210195 0.168367 0.211784 0.192181 0.197427 0.204959 0.187571 0.195025 0.208142 0.194203 0.202557 0.186127 0.0308602 0.189256 0.194956 0.192454 0.200101 0.207996 0.206638 0.194891 0.0299018 0.196158 0.197624 0.184268 0.21179 0.1864 0.205859 0.150211 0.194001 0.205964 0.113459 0.202018 0.20186 0.180784 0.206138 0.189581 0.17665 0.218312 0.218331 0.153372 0.20614 0.214638 0.216884 0.184453 0.208287 0.190186 0.19795 0.205951 0.204078 0.18842 
1.14995 1.09005 1.10095 1.02625 1.06342 1.04595 1.0428 1.03072 1.02601 0.992643 1.02803 1.06744 1.00803 1.06044 1.07701 1.01451 1.03958 1.06823 0.989576 0.973906 1.11637 1.0429 0.908908 1.11824 1.17004 0.987145 1.02481 0.976379 1.08177 0.955398 1.08261 1.08851 1.12062 1.06952 1.04895 1.05478 1.08865 1.0943 1.05473 1.02248 1.10836 0.069614 1.05603 0.986449 0.977541 1.09697 0.932373 1.07489 1.05835 1.02564 1.07074 0.983106 1.05012 1.07669 1.03072 1.03035 0.978906 0.0721911 1.13273 1.05494 1.0545 1.06601 1.09568 1.08027 1.11783 0.0737542 1.08515 1.08159 1.03177 1.11142 1.04727 1.09118 0.91075 1.00095 1.08343 0.920468 1.06297 1.07849 1.0104 1.08183 1.04962 0.958621 1.04901 1.0774 0.869765 1.05863 1.08878 1.08735 0.940198 1.1184 1.10619 1.08718 1.07763 1.048 1.06416 
