 0.260003 -0.700265  0.664851 -0.104195 -0.255043 -0.713883 -0.652169  0.115557  0.931317         0 -0.364209 0.0901656 0 0 0 1         0 -0.611398  0.872398         0 -0.263398  0.785398 -0.611398  0.959398         0 -0.785398  0.785398         0 -0.785398  0.785398 -0.785398  0.785398
0.156884
0.934492
0.372784
100
12
88
0.2108
1.63339
0.269921 0.16681 0.443097 0.305549 0.153535 0.15644 0.158626 0.33131 0.172127 0.11851 0.169847 0.165541 0.182032 0.169316 0.281612 0.174014 0.133913 0.248604 0.274352 0.184624 0.132808 0.419658 0.339218 0.154189 0.187424 0.116401 0.176637 0.150939 0.182788 0.280023 0.418868 0.0250543 0.168986 0.172085 0.0205482 0.15715 0.177174 0.260192 0.118612 0.171976 0.156018 0.175496 0.281957 0.383114 0.136745 0.144098 0.216548 0.135976 0.354629 0.182818 0.351773 0.232836 0.326378 0.201159 0.327215 0.250185 0.199747 0.162567 0.207189 0.16687 0.0787104 0.125214 0.175808 0.183909 0.441198 0.160855 0.129677 0.176053 0.312615 0.178052 0.161179 0.394318 0.0206558 0.321727 0.122135 0.191386 0.17675 0.168068 0.423991 0.262518 0.0784383 0.273913 0.451331 0.166855 0.236605 0.144857 0.170485 0.139271 
2.35816 0.918971 4.99216 2.48408 0.907717 0.88504 0.902904 4.28366 0.855086 0.825237 0.911528 0.911697 0.897482 0.879705 2.62988 0.860042 0.900937 2.19842 2.42066 0.869618 0.838227 4.7791 2.87294 2.34505 0.954872 0.745781 0.993544 0.768432 0.944874 2.36209 4.85679 0.0640339 0.978325 0.884483 0.0511215 0.849502 0.807729 2.36287 0.819535 0.880827 0.893599 0.875381 2.59773 2.87296 0.8283 0.826574 2.49552 0.795021 2.6737 0.933347 2.77339 2.45739 2.6355 1.09928 2.77959 2.24181 0.971211 0.859022 2.16821 0.819713 0.830824 0.773168 0.888815 0.934021 4.96376 0.833124 0.799978 0.961141 2.59688 0.893561 0.869451 3.08372 0.0521167 2.40068 0.809755 0.936467 0.946577 0.8577 4.98439 2.45196 0.927364 2.46899 5.08385 0.932979 2.12295 0.888428 0.907172 0.887854 
