 0.257667  0.243847  0.934958 -0.174916  0.0647868  -0.969814   0.235083 -0.0341536  0.964059         0 -0.265687 0.0490454 0 0 0 1         0 -0.611398  0.959398         0 -0.611398  0.959398 -0.611398  0.872398         0 -0.785398  0.785398         0 -0.785398  0.785398 -0.785398  0.785398
0.188561
1.02898
0.268916
100
11
89
0.17351
1.06417
0.0281321 0.0919559 0.187092 0.206286 0.184774 0.193964 0.211062 0.202209 0.0342381 0.198288 0.190927 0.153183 0.199189 0.199836 0.192868 0.215353 0.0290169 0.179298 0.180291 0.232773 0.181311 0.18122 0.193169 0.196784 0.168963 0.174265 0.178679 0.168311 0.159582 0.207999 0.187368 0.152332 0.379267 0.19237 0.180805 0.17821 0.194375 0.0303617 0.0281427 0.155743 0.0872579 0.205415 0.209257 0.18971 0.0837014 0.194752 0.168774 0.161741 0.184642 0.029261 0.196274 0.217354 0.19631 0.192143 0.0254922 0.199691 0.221122 0.190164 0.191114 0.198863 0.190787 0.187655 0.20018 0.179043 0.194177 0.380868 0.19745 0.18854 0.181613 0.189443 0.0298793 0.152487 0.195718 0.20366 0.201811 0.184359 0.29198 0.2066 0.192543 0.165884 0.208277 0.185631 0.204861 0.160813 0.0349052 0.19636 0.175467 0.0280857 0.190276 
0.859297 1.07289 1.01318 1.07207 1.00389 0.85809 1.05781 1.04356 0.936157 1.04531 0.915934 0.885236 1.05272 1.058 1.05155 1.11004 0.0715188 1.02225 0.98806 2.68702 1.02243 0.979892 1.0264 1.03995 0.952995 0.94674 0.981349 0.875513 0.95805 1.08996 0.992261 0.856301 3.27891 0.993215 1.00869 1.03969 1.0246 0.913108 0.0700333 1.00923 0.888874 1.12151 1.10847 1.01781 1.02263 1.0341 0.920816 1.00366 0.990266 0.0751384 1.03703 1.12537 1.04243 1.0574 0.0654453 1.02893 2.22965 0.995357 0.912256 1.06628 1.07159 1.032 1.02591 1.01173 1.99704 3.06971 1.08063 1.01048 0.969849 0.964583 0.834135 1.05108 1.03605 1.05687 1.05721 1.05958 2.57302 1.06043 1.06436 0.96537 1.05116 1.01366 1.12271 0.952632 0.862728 1.04776 0.981994 0.0713051 1.00844 
