-0.179885  0.965546 -0.188049 0.0279867  0.667432  0.260233  0.697721 -0.138191  0.722618         0 -0.691248  0.134452 0 0 0 1         0 -0.611398  0.872398         0 -0.611398  0.872398 -0.611398  0.785398         0 -0.785398  0.785398         0 -0.785398  0.785398 -0.785398  0.785398
0.206794
1.06298
0.763215
100
9
91
0.191079
0.999704
0.212058 0.0293035 0.192356 0.212167 0.206828 0.190326 0.201169 0.206351 0.214693 0.199253 0.204499 0.198173 0.188429 0.213734 0.187596 0.206017 0.209209 0.198092 0.210265 0.0701823 0.209068 0.218282 0.212582 0.196952 0.188383 0.20973 0.191621 0.204217 0.0299804 0.0313221 0.209449 0.21238 0.189683 0.19142 0.207263 0.215009 0.184505 0.199764 0.204273 0.207669 0.198858 0.0935532 0.221352 0.184152 0.219431 0.20865 0.21014 0.208356 0.218344 0.199214 0.209272 0.146664 0.196335 0.184585 0.214423 0.216264 0.199515 0.20188 0.203002 0.206731 0.205268 0.204384 0.193627 0.212191 0.213877 0.208576 0.208312 0.195378 0.21065 0.21026 0.185819 0.214306 0.168601 0.177424 0.211306 0.190971 0.19015 0.202803 0.203052 0.194282 0.215829 0.215343 0.214124 0.194535 0.0974567 0.200509 0.20095 0.193949 0.0342755 0.204008 0.210957 
1.13183 0.071415 0.989054 1.05154 1.05745 1.04904 1.0948 1.07873 1.10997 1.04261 1.08728 1.02452 0.925978 1.10281 0.955519 1.08683 1.11082 1.03143 1.04913 0.88979 1.11123 1.13401 1.0914 1.08884 0.982721 1.06011 1.04035 1.05816 0.0730748 0.0751525 1.05271 1.06937 0.867537 1.04827 1.03855 1.12979 1.03922 1.04287 1.11344 1.06771 1.00832 0.96433 1.11103 0.998109 1.02379 1.04899 1.04841 1.07922 1.07933 1.04968 1.01844 0.660892 1.01875 0.905001 1.09113 1.14762 1.06711 1.02626 1.05366 1.10398 1.02872 1.02702 1.06161 1.07629 1.0626 1.10216 1.08672 1.07629 1.06476 1.08469 0.913226 1.06104 0.929718 0.957093 1.08431 1.01583 0.998404 1.05089 1.05991 1.07644 1.09459 1.09908 1.08315 1.00163 0.842502 1.05484 1.08108 1.02498 0.0803808 1.07018 1.09386 
