-0.643415  0.755617 -0.122718 0.0155091   0.742238   0.655013   0.141566 -0.0323427  0.187352         0 -0.982293  0.181098 0 0 0 1         0 -0.611398  0.959398         0 -0.611398  0.959398 -0.611398  0.872398         0 -0.785398  0.785398         0 -0.785398  0.785398 -0.785398  0.785398
0.19003
0.997987
0.188465
100
2
98
0.194607
1.1144
0.199029 0.196805 0.197653 0.135471 0.177754 0.195453 0.187272 0.204327 0.200918 0.210395 0.361927 0.197261 0.170695 0.247067 0.167327 0.214017 0.160731 0.184496 0.167537 0.378251 0.200733 0.135513 0.210129 0.200502 0.214232 0.150412 0.289845 0.207661 0.158617 0.19926 0.211774 0.209449 0.212236 0.1898 0.190221 0.196637 0.282743 0.190088 0.196093 0.205964 0.168547 0.166345 0.173287 0.201002 0.189553 0.201185 0.171668 0.201091 0.207743 0.418823 0.0848214 0.207319 0.167081 0.165349 0.182719 0.158411 0.203397 0.175498 0.206551 0.207191 0.209798 0.169123 0.194131 0.205012 0.149286 0.18564 0.185112 0.184401 0.175695 0.150335 0.155528 0.202382 0.184531 0.19322 0.181512 0.193625 0.160829 0.195733 0.187514 0.0471209 0.187064 0.205726 0.168563 0.167937 0.385545 0.184309 0.201432 0.19703 0.198365 0.185256 0.203667 0.202738 0.194334 0.203966 0.181806 0.2094 0.0226052 0.19736 
0.945376 1.06621 1.05696 0.984858 0.81169 1.09339 0.982829 1.09044 1.02144 1.07464 2.93886 1.06931 0.982819 2.43757 0.925225 1.06537 0.932977 0.915846 0.924059 2.8315 1.0686 0.881026 1.08941 1.07116 1.08338 0.925012 2.417 1.07648 0.940565 1.04275 1.05476 1.04998 1.08889 1.04857 0.947738 1.03739 2.36461 1.02588 1.07338 1.06619 0.9259 0.97673 0.934802 1.04477 0.99031 1.06896 0.941516 1.05446 1.09564 2.72164 0.827771 1.06965 0.918844 0.928702 1.01446 0.873861 0.992288 0.967383 1.07826 1.06569 1.06246 0.897495 1.03751 1.09718 0.872616 1.01166 0.990959 0.983845 0.988808 0.841671 0.937183 1.04043 1.01713 0.93881 0.948756 0.952694 0.891231 1.041 1.03846 0.866159 1.03556 1.06024 0.896243 0.987223 2.8696 0.977443 1.05717 0.989799 1.0713 0.986501 1.01385 1.03535 1.01253 1.03588 0.964829 0.9451 0.752047 1.06867 
