  -0.93711   0.347107 -0.0366405   0.028716   0.346842   0.937826  0.0135613 -0.0207901 0.0390696         0 -0.999236   0.17599 0 0 0 1         0 -0.263398  0.785398         0 -0.611398  0.872398 -0.611398  0.959398         0 -0.785398  0.785398         0 -0.785398  0.785398 -0.785398  0.785398
0.164091
0.870617
0.0390796
100
9
91
0.201128
1.42681
0.179294 0.167821 0.172872 0.271483 0.15237 0.105685 0.279781 0.164978 0.168071 0.0245753 0.147152 0.252397 0.177911 0.164419 0.308657 0.16641 0.178034 0.208243 0.322041 0.0179642 0.16744 0.020545 0.171752 0.0233694 0.0186317 0.185357 0.18354 0.31685 0.178916 0.186779 0.179423 0.185085 0.178752 0.159235 0.34249 0.179491 0.200136 0.185472 0.337879 0.383153 0.301761 0.162142 0.151382 0.170036 0.192253 0.185919 0.168148 0.318729 0.199344 0.278361 0.337966 0.128116 0.456771 0.299155 0.284845 0.163779 0.308703 0.192268 0.190933 0.0274577 0.17794 0.178552 0.198002 0.17085 0.182679 0.207312 0.212389 0.252384 0.16833 0.437244 0.169408 0.165054 0.19476 0.20566 0.436065 0.155054 0.168403 0.334948 0.177374 0.162012 0.197014 0.179562 0.16386 0.177447 0.159187 0.163099 0.167622 0.166175 0.30594 0.159854 0.175915 
0.860685 0.849815 0.88945 2.58857 0.960452 0.937221 2.42537 0.818191 0.952471 0.0638408 0.837723 2.41097 0.962185 0.881544 2.59322 0.861308 0.867174 1.13082 2.70237 0.0483016 0.878925 0.0591355 0.783824 0.0605597 0.0489439 0.948038 0.888132 2.63318 0.932133 0.966656 0.899561 1.05989 0.886837 0.839261 4.83511 0.954034 1.06536 0.943048 2.68537 3.08079 2.67154 0.889504 0.848659 0.938498 0.91913 0.994139 0.777851 2.5067 0.965238 2.43546 2.63452 0.751836 5.33257 2.60746 2.56315 0.896609 2.72694 1.03825 0.948659 0.762069 0.853591 0.927013 1.13676 0.869927 1.00595 1.13291 2.40307 2.53297 0.906393 5.11685 0.900029 0.91131 0.96732 1.11613 5.15698 0.911102 0.856993 4.50601 0.943784 0.902815 0.914379 0.951719 0.848277 0.901452 0.836918 0.862547 0.910346 0.833229 2.63647 0.892778 0.894443 
