 0.215024  0.527211  0.822079 -0.156851    0.13341  -0.849734   0.510052 -0.0861017  0.967454         0 -0.253049 0.0467347 0 0 0 1         0 -0.611398  0.959398         0 -0.611398  0.959398 -0.611398  0.872398         0 -0.785398  0.785398         0 -0.785398  0.785398 -0.785398  0.785398
0.187213
1.02327
0.25583
100
17
83
0.18337
1.02619
0.213104 0.181908 0.200331 0.402533 0.191936 0.183583 0.200731 0.162575 0.0256793 0.197434 0.191645 0.179592 0.211187 0.194219 0.175739 0.194609 0.0335512 0.17682 0.202384 0.207101 0.171953 0.162916 0.205216 0.156484 0.193579 0.193795 0.180561 0.208811 0.16124 0.205762 0.158555 0.206278 0.192183 0.175802 0.199679 0.167402 0.187166 0.20487 0.0629765 0.206858 0.203365 0.169225 0.18887 0.209672 0.158891 0.181354 0.168943 0.0253929 0.198643 0.196797 0.190752 0.187137 0.163192 0.186842 0.200005 0.373548 0.193357 0.190042 0.207777 0.193478 0.172231 0.192099 0.198282 0.208078 0.192758 0.153357 0.186331 0.19482 0.0268805 0.195384 0.226412 0.200508 0.183015 0.185017 0.158989 0.191132 0.137329 0.184026 0.198196 0.150918 0.0342186 0.364436 0.169257 
1.06541 0.950394 1.0381 3.11281 0.985945 0.956902 1.06091 0.950984 0.0668367 1.03523 1.08548 1.01053 1.09069 1.04225 0.938529 1.06733 0.0756078 1.02167 1.1268 1.04738 0.920448 0.881761 1.05525 0.997459 1.01009 1.02068 0.992335 1.064 0.929625 1.06733 0.974094 1.08495 1.01364 0.900949 1.02955 0.955333 0.953745 1.06569 0.922495 1.07282 1.05326 0.92729 1.08846 1.08553 0.897869 1.00774 0.95703 0.0652988 1.06371 1.04685 1.01277 1.03916 0.884558 0.983908 1.02397 2.91526 1.00062 0.98719 1.11601 1.06944 0.9523 1.02632 1.0419 1.05314 1.03062 0.785766 1.01811 0.989492 0.0694078 1.0813 1.1151 1.04428 1.01974 0.788374 0.968645 1.0094 0.802922 0.983781 0.974419 1.01333 0.0827059 3.32735 1.12731 
