   0.24981  -0.965546  0.0729124 -0.0125967 -0.926873 -0.260233 -0.270528  0.081089  0.280181         0 -0.959947  0.181669 0 0 0 1         0 -0.350398  0.785398         0 -0.611398  0.785398 -0.611398  0.872398         0 -0.785398  0.785398         0 -0.785398  0.785398 -0.785398  0.785398
0.206631
0.988964
0.283983
100
3
97
0.167406
0.865574
0.207152 0.225155 0.195525 0.0247457 0.193296 0.185175 0.0278503 0.182891 0.19516 0.0287888 0.188432 0.198254 0.18505 0.189204 0.203175 0.193995 0.20134 0.145149 0.158822 0.196436 0.165008 0.193397 0.180917 0.196524 0.183124 0.197055 0.184961 0.183838 0.216103 0.193641 0.209009 0.175944 0.196501 0.206108 0.185494 0.175928 0.149313 0.18977 0.124723 0.173338 0.178606 0.0260309 0.172986 0.198892 0.0257516 0.181751 0.180186 0.155808 0.207632 0.0235709 0.0262497 0.204342 0.191936 0.0209418 0.0223502 0.0235161 0.205518 0.20981 0.203507 0.18598 0.0685422 0.207868 0.193298 0.187689 0.176363 0.205533 0.173065 0.223081 0.164463 0.185664 0.207234 0.198731 0.213837 0.186711 0.025295 0.188835 0.203513 0.191467 0.166803 0.215469 0.202557 0.20679 0.180322 0.194348 0.172264 0.197241 0.202057 0.209028 0.178254 0.182285 0.209982 0.202535 0.207616 0.190785 0.216379 0.0224526 0.0284017 
0.979664 1.0115 0.973472 0.0640141 1.01387 0.949869 0.0710714 0.971579 1.05112 0.0707345 0.914286 0.953918 0.967016 0.925708 1.0589 0.941583 1.02465 0.948628 0.943374 1.03658 0.923276 1.02835 1.01307 1.04937 0.933105 1.00235 0.956306 0.978892 1.014 1.007 0.984763 0.973677 1.11863 1.03892 0.923281 0.914288 0.939701 0.992627 0.896386 0.952157 1.04783 0.0660012 0.956176 0.998598 0.0676556 0.967512 0.942002 1.00871 1.07379 0.0607287 0.0674747 1.03539 0.995247 0.0545667 0.0573071 0.0641719 1.03875 1.04576 1.02855 0.897162 0.799863 1.05394 0.97213 0.982156 1.01285 0.998525 0.986389 1.03826 0.959276 0.967188 1.09093 0.99027 1.09573 0.955783 0.0639448 0.991654 0.949004 0.936299 0.963469 1.06759 1.04835 0.992895 0.938935 0.996244 0.918781 1.03957 1.01019 1.0612 0.926601 0.937406 1.07052 1.02529 1.02137 1.00361 0.981308 0.0575256 0.0705937 
