   -0.256627     0.966477   -0.0080973 -0.000189631   0.965996   0.256755  0.0304799 -0.0340706 0.0315371         0 -0.999503  0.176083 0 0 0 1         0 -0.263398  0.785398         0 -0.611398  0.872398 -0.611398  0.959398         0 -0.785398  0.785398         0 -0.785398  0.785398 -0.785398  0.785398
0.165012
0.846757
0.0315423
100
11
89
0.207175
1.61288
0.203361 0.175196 0.128555 0.257294 0.271705 0.353692 0.24988 0.15949 0.116409 0.16613 0.0262222 0.32115 0.339723 0.309121 0.152601 0.299888 0.0296224 0.291144 0.182692 0.27133 0.164147 0.18196 0.399461 0.353877 0.145323 0.274495 0.178144 0.289452 0.359621 0.274636 0.024376 0.179872 0.181813 0.177181 0.0212889 0.0282351 0.276382 0.243425 0.182426 0.30283 0.31033 0.146443 0.190304 0.153966 0.17688 0.288679 0.178828 0.159522 0.11662 0.154577 0.267203 0.162231 0.291666 0.448673 0.150131 0.183631 0.160478 0.42382 0.0220235 0.161958 0.169823 0.168082 0.370123 0.181887 0.154696 0.0231666 0.030182 0.380162 0.0206651 0.384425 0.147541 0.414723 0.290009 0.177731 0.158714 0.356258 0.195596 0.0205822 0.28412 0.0158884 0.17917 0.17682 0.368307 0.182865 0.173076 0.192325 0.154366 0.274967 0.100157 
0.938795 0.889199 0.725907 2.11799 2.56236 2.79121 2.25649 0.852209 2.18023 0.885753 0.0664132 2.65476 2.70286 2.70181 0.860255 2.62913 0.715195 2.68472 0.915759 2.32896 0.809296 0.886387 4.9643 2.57516 0.835233 2.15456 0.954668 2.63895 2.79156 2.63413 0.0631441 0.895393 0.953163 0.920049 0.0529863 0.0699451 2.53749 2.23743 1.09205 2.75205 2.62268 0.828915 1.02039 0.84389 0.889144 2.7009 0.956247 0.866228 0.863081 0.80914 2.55342 0.866603 2.63885 5.04211 0.838058 0.933281 0.920482 5.06425 0.0581379 0.933279 0.838897 0.821323 2.96212 0.965491 0.84999 0.0606853 0.731433 4.73728 0.0539294 3.20023 0.86113 5.09886 2.61799 0.878175 0.949275 2.81132 1.08832 0.0547247 2.51422 0.0430631 1.00984 0.959589 2.93149 0.943318 0.929716 0.982301 0.881569 2.36564 0.876969 
