0.0381039 -0.238398   0.97042 -0.168672 -0.00935359 -0.971167 -0.238215 0.0512179    0.99923          0 -0.0392351   0.034198 0 0 0 1         0 -0.611398  0.872398         0 -0.263398  0.785398 -0.611398  0.959398         0 -0.785398  0.785398         0 -0.785398  0.785398 -0.785398  0.785398
0.148472
0.882218
0.0392452
100
9
91
0.212302
1.6796
0.126783 0.267956 0.175986 0.434646 0.368198 0.168418 0.169336 0.274356 0.252363 0.117517 0.177708 0.134304 0.268603 0.178714 0.17319 0.166419 0.272643 0.156822 0.445779 0.327228 0.129718 0.285234 0.177575 0.161365 0.181211 0.224692 0.191201 0.447369 0.175929 0.374737 0.302632 0.167974 0.171239 0.0652953 0.114468 0.158681 0.148262 0.380397 0.172148 0.160395 0.162784 0.173638 0.159352 0.407079 0.200228 0.162858 0.0964568 0.160811 0.328111 0.179857 0.16953 0.14321 0.181702 0.158711 0.179362 0.470798 0.340506 0.271481 0.128046 0.100435 0.137241 0.162093 0.182747 0.195119 0.476216 0.3013 0.0190843 0.311537 0.147073 0.106875 0.160831 0.187912 0.158689 0.278442 0.269633 0.176997 0.158148 0.166739 0.261086 0.368315 0.0164108 0.114861 0.0256612 0.330027 0.138257 0.167803 0.302553 0.0674263 0.146917 0.405175 0.355841 
0.871445 2.45823 0.893002 5.03504 2.86183 0.88518 0.848428 2.47791 2.70977 0.830806 0.889944 0.806417 2.68232 0.97173 0.902713 0.962625 2.28522 0.9461 5.21498 2.56884 0.806043 2.62882 0.877329 0.884424 0.926301 2.07524 0.900488 5.14143 0.928236 4.62458 2.56154 0.931109 0.998421 0.874199 0.873055 0.889815 0.895562 4.61263 0.91796 0.815237 0.857178 0.9065 0.793767 4.87694 1.05934 0.915713 0.786219 0.844391 2.71495 0.881989 0.913977 0.811251 1.07096 0.831406 0.920944 5.26329 2.72971 2.51882 0.860851 0.938514 0.90553 0.951588 0.911435 1.0575 5.06767 2.62009 0.04918 2.62805 0.813777 0.84542 0.955984 0.984562 0.80346 2.63054 2.53041 0.937688 0.899113 0.923494 2.42455 2.87432 0.0426761 0.831199 0.819035 2.5948 0.802181 0.905688 2.35118 0.657335 0.878622 4.67952 2.70495 
