 0.513226 -0.700654  0.495665 -0.115159 -0.503985 -0.713501  -0.48674  0.126442  0.694693         0 -0.719306  0.137379 0 0 0 1         0 -0.437398  0.959398         0 -0.611398  0.785398 -0.611398  0.872398         0 -0.785398  0.785398         0 -0.785398  0.785398 -0.785398  0.785398
0.205139
0.96536
0.767994
100
10
90
0.154252
0.787014
0.206408 0.194664 0.223211 0.195172 0.117371 0.206433 0.192172 0.187515 0.198552 0.177257 0.199504 0.179425 0.188892 0.0293512 0.0324574 0.204055 0.174267 0.187167 0.210023 0.218348 0.211478 0.172915 0.0331146 0.0252437 0.181593 0.176932 0.204038 0.185057 0.18647 0.19142 0.0286536 0.182915 0.176838 0.199008 0.213864 0.192417 0.181963 0.195376 0.0329019 0.0247729 0.173945 0.20145 0.195354 0.173064 0.186465 0.179024 0.180169 0.0307172 0.193352 0.186761 0.196027 0.174413 0.208746 0.0275107 0.199523 0.0337087 0.197254 0.0284979 0.0277661 0.198948 0.0313422 0.217927 0.0226817 0.202184 0.194452 0.0324396 0.194624 0.148233 0.211277 0.033805 0.198377 0.201209 0.194354 0.20426 0.200405 0.197283 0.191759 0.204833 0.0191789 0.0281489 0.193245 0.185811 0.183058 0.0335846 0.202795 0.210556 0.0319053 0.0319524 0.17937 0.189685 
1.05492 1.04407 1.14132 1.05956 0.837147 1.00175 1.04323 0.97741 1.01414 0.904898 1.04295 0.960866 1.01688 0.0739171 0.900636 1.02933 0.906624 0.957506 1.03685 1.07275 0.970336 0.894815 0.0798116 0.0629293 0.999562 0.918293 0.991417 0.979629 0.953076 0.905573 0.0711132 0.913108 0.915682 0.970852 1.03113 0.936763 0.921242 1.0076 0.0801532 0.0631534 0.942824 1.0115 1.04519 0.906095 1.01377 0.949112 0.890311 0.073059 1.04727 0.980953 1.04437 0.907611 1.03827 0.0693135 1.04617 0.0804618 1.01698 0.0711887 0.069718 1.06312 0.0756833 1.03057 0.0585222 1.07025 0.973487 0.0773851 0.993974 0.949112 1.08453 0.0788986 1.00205 1.00259 0.982697 1.0751 0.988562 0.971455 0.97893 1.0381 0.051535 0.0718889 1.00085 0.970113 0.947045 0.0788377 0.969712 1.14363 0.0775159 0.0782096 1.02981 0.969974 
