 0.597256 -0.527211  0.604429 -0.148729 -0.370563 -0.849734 -0.375013  0.103493  0.711315         0 -0.702873  0.140356 0 0 0 1         0 -0.437398  0.959398         0 -0.611398  0.872398 -0.611398  0.872398         0 -0.785398  0.785398         0 -0.785398  0.785398 -0.785398  0.785398
0.206917
0.993665
0.779429
100
6
94
0.139893
0.743468
0.180808 0.168183 0.178997 0.170704 0.146144 0.0283651 0.170508 0.208954 0.19003 0.192646 0.182802 0.18283 0.0302333 0.0270406 0.165611 0.192189 0.192695 0.176463 0.227648 0.176462 0.207633 0.0207696 0.157929 0.204204 0.0289298 0.0230105 0.183805 0.0253621 0.0293568 0.0251796 0.143348 0.184929 0.180881 0.20775 0.180132 0.0246356 0.0325651 0.0255384 0.183651 0.172526 0.0248954 0.0273955 0.18935 0.112964 0.140028 0.194912 0.0299172 0.211347 0.0267338 0.0313313 0.183836 0.202005 0.193605 0.196043 0.165045 0.191946 0.0259836 0.208587 0.0210148 0.188872 0.176924 0.165964 0.135434 0.180526 0.210451 0.19544 0.145744 0.0288143 0.196244 0.0271061 0.193542 0.175344 0.192531 0.173495 0.027794 0.012299 0.175141 0.170805 0.190031 0.192353 0.20145 0.198391 0.175696 0.025094 0.162114 0.193381 0.150165 0.19591 0.167 0.148074 0.197435 0.0180355 0.162352 0.191601 
0.897024 0.881614 0.914593 0.870284 0.92 0.0702123 1.07083 1.02814 0.946991 0.93772 0.924425 0.915618 0.870134 0.0683443 0.959201 0.981525 0.996865 0.90303 1.12147 0.960986 0.986521 0.0541606 1.03254 1.05762 0.0732647 0.0588332 0.926691 0.0648464 0.882891 0.0633026 0.865308 0.949935 0.966769 0.975129 0.963941 0.0628707 0.0780298 0.0645919 0.975508 0.996089 0.0594152 0.0669481 0.905987 1.0283 0.919932 1.05654 0.0736373 1.06408 0.0668982 0.738109 0.849773 1.02926 0.967903 0.877624 0.889516 0.941164 0.0656545 1.03118 0.0570079 0.989519 0.887777 0.870057 0.814686 0.94698 0.990412 0.970179 0.848596 0.071435 0.986304 0.0685999 1.0066 0.943206 1.05503 0.795307 0.0681671 0.0425306 0.971673 0.913314 1.00939 1.00019 1.03053 1.0786 0.909401 0.0633622 0.989982 0.98146 0.810241 1.04197 0.903583 0.826515 1.0418 0.0493887 0.907307 0.975153 
