 0.0888924   0.992115  0.0883547 -0.0335952  0.703656 -0.125333  0.699399 -0.176732  0.704958         0 -0.709249  0.141889 0 0 0 1         0 -0.350398  0.785398         0 -0.611398  0.872398 -0.611398  0.872398         0 -0.785398  0.785398         0 -0.785398  0.785398 -0.785398  0.785398
0.192801
0.964153
0.782364
100
3
97
0.143072
0.751225
0.208071 0.147319 0.200837 0.029655 0.186221 0.192286 0.198224 0.187001 0.0292172 0.177382 0.203518 0.0271097 0.153767 0.0300022 0.170867 0.0247557 0.0239887 0.1978 0.158466 0.0260026 0.199078 0.0245597 0.188692 0.0252446 0.0281047 0.193351 0.200183 0.192418 0.0218677 0.184019 0.185982 0.160211 0.0246425 0.196013 0.181161 0.196576 0.157892 0.198311 0.209809 0.174959 0.0270687 0.198515 0.179849 0.129394 0.205731 0.0295759 0.188779 0.181923 0.0240768 0.168425 0.177429 0.190897 0.17191 0.179131 0.175013 0.188776 0.159916 0.0296581 0.184923 0.0195569 0.19268 0.189351 0.178489 0.182701 0.153902 0.191826 0.0255244 0.0246406 0.163576 0.0218316 0.186874 0.165095 0.16731 0.167484 0.0540028 0.182492 0.194464 0.0287069 0.165964 0.190642 0.214153 0.182472 0.176906 0.195935 0.210661 0.175718 0.0467382 0.189606 0.215145 0.158581 0.20889 0.161896 0.214396 0.152025 0.173072 0.025442 0.0227043 
1.07037 0.801456 1.08095 0.0755516 0.990863 1.01911 1.0026 1.04991 0.0720751 0.893656 0.985263 0.071077 0.88091 0.0726948 0.8788 0.06166 0.0612642 0.972011 0.929879 0.0675094 0.944376 0.0633624 1.01051 0.0667079 0.0702374 1.004 1.02378 0.913007 0.0603584 0.96663 0.941802 0.817434 0.0632567 1.05961 1.02528 1.05002 0.866483 1.00245 1.02838 0.965284 0.759695 1.02934 0.940765 0.909117 0.990573 0.0724044 0.938694 0.860336 0.0616336 0.986291 0.930907 1.01884 0.928357 0.994128 0.934667 0.981292 0.887722 0.0723695 0.968085 0.0509496 0.996587 0.923245 0.887277 0.924875 0.907233 0.947845 0.0756392 0.0631896 0.89766 0.0566676 0.928925 0.860844 0.915169 0.919344 0.853174 1.0193 0.973931 0.0684654 0.912007 1.02954 1.0613 0.912343 0.89507 1.08154 1.01199 0.897527 0.749376 0.945741 1.02735 0.895626 1.02774 0.842807 1.05042 0.937592 0.95049 0.0670674 0.0571595 
