 0.224442  0.330796  0.916624 -0.159615  0.0786736  -0.943702   0.321304 -0.0458512  0.971306         0 -0.237832 0.0687678 0 0 0 1         0 -0.611398  0.872398         0 -0.263398  0.785398 -0.611398  0.959398         0 -0.785398  0.785398         0 -0.785398  0.785398 -0.785398  0.785398
0.149252
0.841698
0.240133
100
13
87
0.222828
1.92075
0.254513 0.128735 0.14788 0.443235 0.279941 0.457577 0.160142 0.171699 0.164934 0.120491 0.0223516 0.120163 0.398665 0.430295 0.373765 0.108369 0.182647 0.423483 0.218823 0.175583 0.202241 0.216552 0.173719 0.381179 0.170453 0.0247547 0.174495 0.286615 0.151409 0.182931 0.320075 0.42826 0.32402 0.30532 0.37131 0.14908 0.167568 0.148846 0.16798 0.145224 0.282655 0.441237 0.121425 0.300259 0.151415 0.267486 0.013122 0.187745 0.184 0.293993 0.20735 0.229023 0.179025 0.159905 0.135906 0.163135 0.400705 0.168866 0.34836 0.160839 0.289455 0.19459 0.162362 0.409302 0.22086 0.15249 0.225216 0.180851 0.154912 0.288561 0.199478 0.338664 0.140512 0.200554 0.152553 0.136281 0.187403 0.251592 0.176828 0.198643 0.415076 0.155548 0.186639 0.01879 0.380203 0.129487 0.167444 
2.39753 0.842352 0.809652 5.13789 2.28982 5.26895 0.894694 1.00287 0.933426 0.832502 0.0587968 0.847748 4.88367 5.02407 2.87184 0.789426 0.982194 5.06224 2.15693 0.883306 2.1135 1.04751 0.955713 4.75206 0.93923 0.0641998 0.958289 2.55765 0.864479 0.903822 2.47932 5.01553 2.71971 3.93187 4.22549 0.935425 0.934019 0.864596 0.918213 0.781304 2.65889 5.13415 0.710672 2.7374 0.870558 2.42105 0.697993 2.39888 0.916348 2.67734 1.1174 2.30209 0.904766 0.891798 0.813602 0.880433 4.84367 0.959695 2.85643 0.857462 2.63949 0.927806 0.848631 4.90253 1.18495 0.873813 1.9758 1.00367 0.903198 2.45584 1.0376 2.76659 0.898251 4.65677 0.891669 0.821641 1.00654 2.57015 0.860698 1.04155 4.98205 0.851307 0.885076 0.0499202 4.74969 0.838252 0.899394 
