-0.643415 -0.755617 -0.122718 0.0299112 -0.742237  0.655014 -0.141566 0.0198581  0.187351         0 -0.982293  0.181098 0 0 0 1         0 -0.611398  0.959398         0 -0.611398  0.959398 -0.611398  0.872398         0 -0.785398  0.785398         0 -0.785398  0.785398 -0.785398  0.785398
0.185453
0.993627
0.188465
100
2
98
0.187521
1.07606
0.378015 0.181608 0.0409894 0.213195 0.204195 0.165058 0.204802 0.171415 0.178755 0.192881 0.205164 0.18871 0.14362 0.178843 0.147482 0.211438 0.156675 0.387688 0.202172 0.12567 0.190792 0.14501 0.152952 0.19848 0.0287841 0.203523 0.189119 0.162707 0.180314 0.122293 0.176178 0.188177 0.192799 0.194316 0.152161 0.206778 0.194943 0.178621 0.207924 0.210733 0.145972 0.159865 0.202396 0.201927 0.213771 0.1376 0.18742 0.210753 0.216038 0.18461 0.174848 0.159416 0.186637 0.213185 0.168732 0.162239 0.2632 0.188371 0.186528 0.194665 0.198777 0.192135 0.174825 0.180709 0.193631 0.12342 0.209846 0.185599 0.19349 0.201283 0.127491 0.194107 0.196994 0.147763 0.166933 0.361431 0.208167 0.152401 0.156504 0.193463 0.371335 0.207929 0.204281 0.189365 0.177129 0.174633 0.15351 0.203925 0.183868 0.176195 0.180893 0.209176 0.210916 0.132243 0.203736 0.174979 0.163893 0.186973 
2.8866 1.00327 0.87716 1.05234 1.08842 0.848706 0.956522 0.962467 0.936007 1.04323 1.05647 1.00181 0.988649 0.996649 0.694566 1.05199 0.975113 2.98973 1.04989 0.908369 1.04836 0.958458 0.894413 1.06627 0.833816 1.03167 1.0178 0.901873 0.960262 0.954248 1.00556 0.991385 0.972898 1.01403 0.734846 1.04898 1.04511 0.941396 1.04342 1.0772 0.952927 1.04912 1.04774 1.05721 1.08021 1.01251 1.00723 1.04579 1.09329 1.01432 0.976682 0.967256 0.992671 1.07492 0.972694 0.966709 2.1825 1.01599 0.965025 1.03293 1.02151 0.991904 0.950328 0.924634 1.04855 1.01623 1.03753 1.00066 1.03102 1.03593 0.934246 1.01944 1.03675 0.864833 0.960866 2.64424 1.10021 0.879802 0.971515 0.971709 2.88931 1.04866 1.01865 1.04161 0.969972 0.9421 1.07747 1.06652 1.03702 0.864601 0.932196 1.04072 0.981078 0.760108 1.04072 0.979628 0.926226 0.978138 
