 0.215024 -0.527211  0.822079 -0.146802  -0.13341 -0.849734 -0.510052  0.102298  0.967454         0 -0.253049 0.0467347 0 0 0 1         0 -0.611398  0.959398         0 -0.611398  0.959398 -0.611398  0.872398         0 -0.785398  0.785398         0 -0.785398  0.785398 -0.785398  0.785398
0.21144
1.07119
0.25583
100
16
84
0.199966
1.18517
0.18442 0.182486 0.184632 0.198353 0.198262 0.025227 0.198259 0.182578 0.197068 0.187012 0.396286 0.209471 0.203816 0.0266308 0.0276575 0.172002 0.21512 0.302579 0.167334 0.177529 0.227006 0.199706 0.193113 0.316576 0.19945 0.188352 0.184316 0.200002 0.21386 0.199276 0.192687 0.211903 0.204944 0.195411 0.0265472 0.382805 0.209719 0.208764 0.195991 0.20282 0.202873 0.181467 0.194754 0.0302114 0.193538 0.203698 0.197661 0.197363 0.216788 0.0305168 0.369787 0.184121 0.184765 0.195108 0.192332 0.204854 0.183358 0.384033 0.208376 0.205534 0.206415 0.36971 0.176867 0.193497 0.206494 0.201291 0.201121 0.027772 0.199048 0.180429 0.310366 0.182674 0.191383 0.168027 0.186536 0.29772 0.369766 0.193605 0.208416 0.189968 0.202832 0.192951 0.21036 0.178765 
0.991462 0.985367 0.990681 1.04013 0.972738 0.067384 1.06355 0.995175 0.960099 1.05361 3.12432 1.08037 1.12174 0.951225 0.0692044 0.950083 1.10984 2.55203 0.862094 0.981824 1.13282 1.12038 1.03223 2.77422 0.987535 0.977848 0.997562 1.07272 1.07552 0.949872 0.887558 1.04919 1.10665 1.06697 0.0666687 2.98874 1.05614 1.04622 1.00608 1.02095 1.08841 1.06767 1.04981 0.0727292 1.04381 1.0782 0.96525 1.04733 1.08513 0.0758676 3.03394 0.994488 0.953867 0.83478 1.04912 1.06418 0.971613 2.96631 1.08837 1.07265 1.08674 2.58206 0.921023 1.0543 1.08258 1.109 1.04725 0.986637 1.02058 1.00491 2.63728 0.984881 1.05247 0.983798 1.03787 2.57658 3.05434 1.07123 1.07675 0.990222 1.10118 1.13191 1.0426 0.975403 
