 0.133726  0.849537  0.510299 -0.102296  0.215353  -0.52753  0.821788 -0.146672  0.967337         0 -0.253495 0.0467943 0 0 0 1         0 -0.611398  0.959398         0 -0.611398  0.959398 -0.611398  0.872398         0 -0.785398  0.785398         0 -0.785398  0.785398 -0.785398  0.785398
0.197115
1.04166
0.256291
100
12
88
0.181369
1.10129
0.188166 0.170919 0.0287282 0.177773 0.152203 0.212928 0.168599 0.026363 0.197727 0.179501 0.19866 0.149419 0.194723 0.153435 0.183522 0.0224765 0.174906 0.0209649 0.189689 0.200048 0.172818 0.0323331 0.156412 0.189584 0.170643 0.196442 0.193816 0.184422 0.16862 0.18117 0.187077 0.168101 0.196108 0.182493 0.20738 0.20571 0.192445 0.193821 0.372866 0.0308965 0.192512 0.139375 0.193727 0.370218 0.187281 0.198271 0.198778 0.207086 0.191682 0.206889 0.185415 0.159894 0.204616 0.374368 0.0284818 0.184218 0.216912 0.196772 0.196006 0.198697 0.0309781 0.208039 0.183826 0.190141 0.185675 0.204669 0.187958 0.165718 0.39448 0.0644042 0.191428 0.181263 0.187732 0.184229 0.019537 0.202659 0.33828 0.193332 0.206391 0.374368 0.187682 0.112552 0.185766 0.181877 0.213431 0.194319 0.168097 0.216565 
1.05392 0.972306 0.069584 0.98395 0.923103 1.06594 0.866981 0.0667264 0.984033 0.937174 1.08857 0.846572 1.04096 0.94313 0.952459 0.922997 0.877003 0.0607036 0.956653 1.05204 0.948563 0.922829 0.767601 0.985033 1.00342 1.03364 1.10146 0.946914 0.95686 1.09624 0.986386 0.952985 1.03428 0.989098 1.08109 1.06036 1.06119 1.12659 3.14497 0.0750395 1.04586 0.919051 1.03977 2.97575 0.971315 1.08878 1.04568 1.06067 1.05432 0.984817 1.03368 1.05896 1.1052 2.77771 0.0694094 1.00877 1.09619 2.8124 1.07487 1.05342 0.78617 1.17809 1.10556 1.0435 1.01291 1.05369 0.983419 0.989206 2.97369 0.919883 1.03584 0.985982 1.03742 1.0172 0.942583 1.02275 2.70045 1.04941 1.05839 2.84188 1.05105 0.816267 1.08904 0.889161 1.07079 1.06329 0.916663 1.06369 
