   0.70578  -0.700265   0.107257 -0.0327799 -0.692316 -0.713883 -0.105211 0.0455041  0.150244         0 -0.988649  0.181229 0 0 0 1         0 -0.350398  0.872398         0 -0.611398  0.785398 -0.611398  0.872398         0 -0.785398  0.785398         0 -0.785398  0.785398 -0.785398  0.785398
0.185779
0.981932
0.150815
100
4
96
0.148329
0.789788
0.164642 0.177602 0.163419 0.191864 0.201678 0.126907 0.0289433 0.182814 0.19915 0.192062 0.17713 0.201204 0.0269486 0.208364 0.184349 0.174101 0.18301 0.207605 0.185625 0.169806 0.0218279 0.189729 0.163485 0.207779 0.0157256 0.180328 0.192123 0.210587 0.1877 0.163887 0.208714 0.151797 0.0996165 0.161408 0.191647 0.185902 0.17929 0.152871 0.141502 0.179252 0.0227076 0.238649 0.0775352 0.197961 0.0215037 0.157154 0.197631 0.0261978 0.197426 0.190821 0.162111 0.175455 0.20099 0.19071 0.191563 0.179557 0.0260973 0.0296684 0.0223517 0.185662 0.314926 0.171791 0.17095 0.190847 0.0206738 0.181103 0.0261738 0.0286354 0.177813 0.180706 0.0176181 0.0188798 0.202688 0.153394 0.190447 0.173949 0.0188135 0.189225 0.106305 0.184637 0.183281 0.185236 0.175828 0.0221415 0.196349 0.211994 0.1954 0.170622 0.176857 0.154706 0.187141 0.187996 0.0240519 0.0266195 0.0265421 0.171086 
0.866178 0.943504 0.851143 0.998833 1.03563 1.0495 0.0729176 1.01952 0.961752 1.0354 0.87704 0.941892 0.0687179 1.04729 0.997732 0.900328 0.851818 1.00054 0.927244 0.946908 0.0571386 0.880656 0.818916 1.03836 0.0445269 1.0188 0.952154 1.04754 1.05769 0.926938 1.05733 0.871215 0.806376 0.896913 1.00372 0.980365 0.898612 0.85908 0.899736 0.909438 0.0590053 1.16539 0.76887 1.05425 0.0559961 0.852993 1.02981 0.0660249 1.01784 0.943383 0.865964 0.965713 1.05294 0.933037 1.02808 0.885592 0.06584 0.822308 0.0596816 1.00985 2.41511 0.887939 0.871413 0.923033 0.0545326 0.956152 0.0671683 0.0690649 0.978259 0.967889 0.0482015 0.0515569 1.05997 0.869304 1.03646 0.965254 0.0506891 0.931148 0.89083 0.998011 0.904697 0.939367 0.899146 0.0582307 0.995399 1.06513 1.04161 0.851445 0.952628 0.879827 0.963822 0.986304 0.0618023 0.0674166 0.0664292 0.872494 
