  0.906041  -0.330796   0.263939 -0.0737397  -0.317594  -0.943702 -0.0925186  0.0359465  0.279685         0 -0.960092  0.181863 0 0 0 1         0 -0.350398  0.785398         0 -0.611398  0.785398 -0.611398  0.872398         0 -0.785398  0.785398         0 -0.785398  0.785398 -0.785398  0.785398
0.197173
0.954133
0.283466
100
5
95
0.160226
0.840875
0.167619 0.193556 0.200173 0.17981 0.179891 0.198134 0.020387 0.0299598 0.187793 0.202324 0.192611 0.182389 0.175133 0.195719 0.167358 0.19903 0.203768 0.201134 0.0178573 0.193891 0.191327 0.188997 0.0161996 0.183189 0.20238 0.0310677 0.139938 0.210746 0.186337 0.209054 0.0262599 0.188773 0.175312 0.0486061 0.187074 0.197146 0.237744 0.174424 0.228027 0.183702 0.0283944 0.177733 0.193083 0.210937 0.170415 0.202496 0.200737 0.185249 0.177535 0.198577 0.215088 0.0235774 0.0263456 0.0258184 0.127952 0.208998 0.0205195 0.209622 0.196556 0.169252 0.195984 0.202298 0.18173 0.173145 0.194922 0.194295 0.172276 0.160233 0.0225078 0.0292383 0.191128 0.212792 0.21338 0.191785 0.0273867 0.190792 0.0177993 0.154143 0.173914 0.195019 0.197913 0.203879 0.0222646 0.189608 0.161245 0.17135 0.165505 0.172604 0.196924 0.205804 0.222285 0.160482 0.196886 0.197814 0.198451 
1.02174 0.962531 1.02672 0.985912 0.920027 0.988117 0.0533568 0.0750472 0.940176 0.991299 0.983458 0.93007 0.612543 1.00915 0.930841 0.921044 0.969584 1.01025 0.0478668 0.9867 0.935867 0.983794 0.0459431 0.985756 1.11055 0.799484 0.755077 1.08141 0.906735 1.09455 0.0661955 0.951937 1.01416 0.667793 1.03388 1.01231 1.08092 0.935605 1.03598 0.944864 0.0701958 0.892766 0.947076 1.05157 0.97423 1.01353 0.957013 0.964221 1.00753 1.00191 0.986527 0.0612264 0.066766 0.0666131 1.08139 1.04787 0.0534746 1.02774 1.03988 0.947207 0.973767 1.09848 0.961041 0.984221 1.06963 1.06757 0.898408 0.924137 0.0592899 0.0728913 0.983693 1.06653 1.0302 1.00983 0.826335 1.01438 0.0531481 0.963502 1.03117 1.01648 1.03238 0.981293 0.0638175 0.961958 0.873756 0.946786 0.931983 1.00568 0.94972 1.07505 1.04595 0.908228 0.908702 1.00809 1.01705 
