  0.213687   0.877687   0.428955 -0.0876569  0.391355 -0.479234  0.785606 -0.140652  0.895086         0 -0.445893 0.0824235 0 0 0 1         0 -0.611398  0.959398         0 -0.611398  0.959398 -0.611398  0.872398         0 -0.785398  0.785398         0 -0.785398  0.785398 -0.785398  0.785398
0.190868
1.03393
0.462172
100
25
75
0.173653
0.962714
0.202222 0.369936 0.170619 0.202265 0.186676 0.195656 0.377787 0.36597 0.116505 0.0257397 0.188305 0.191171 0.192512 0.189114 0.0293579 0.181996 0.183512 0.209089 0.0284334 0.199064 0.212049 0.203218 0.209447 0.0292252 0.197612 0.193654 0.192373 0.189784 0.184469 0.166989 0.194133 0.205008 0.212182 0.0279104 0.162451 0.194677 0.208843 0.0280283 0.221134 0.0303826 0.0289723 0.177475 0.197546 0.187586 0.0295238 0.197021 0.18532 0.234259 0.206673 0.165471 0.160024 0.0292796 0.0312691 0.194943 0.204005 0.194309 0.207188 0.181329 0.190116 0.168702 0.206347 0.19638 0.194372 0.18862 0.0926264 0.180995 0.188201 0.2026 0.182471 0.0302691 0.163374 0.193902 0.214087 0.386092 0.163094 
1.08221 2.78994 0.933967 0.993451 0.994068 1.07347 3.1114 2.77297 0.893115 0.0651266 1.01306 1.04434 1.0736 0.994339 0.0724877 1.00095 1.01647 1.11553 0.069492 1.05771 1.0754 1.05173 1.05611 0.0732876 1.05835 1.05049 1.01979 1.0058 1.03183 0.982139 1.02777 1.04447 1.0855 0.0690136 0.879808 0.950544 1.03774 0.0704409 1.10861 0.0731592 0.0718743 0.936726 1.0489 1.01335 0.0717031 1.05832 0.975373 1.15349 1.09125 1.02221 0.859735 0.0722956 0.0754768 1.02392 1.04572 1.08539 1.06192 0.992325 1.00385 0.978536 1.08358 1.04627 1.00778 1.08553 0.874521 1.03045 1.00983 1.00781 0.985091 0.0727332 0.854156 1.02793 1.08744 2.62637 0.842034 
