  0.121162   0.990747  0.0611634 -0.0268226  0.884443 -0.135725  0.446474 -0.115117  0.450644         0 -0.892704  0.172555 0 0 0 1         0 -0.350398  0.785398         0 -0.611398  0.785398 -0.611398  0.785398         0 -0.785398  0.785398         0 -0.785398  0.785398 -0.785398  0.785398
0.198985
1.00168
0.467486
100
6
94
0.157917
0.816372
0.0273292 0.214091 0.207581 0.21592 0.120732 0.185629 0.179149 0.205278 0.192813 0.201957 0.173326 0.180327 0.19129 0.0297806 0.191814 0.183802 0.193437 0.215819 0.0239193 0.107873 0.199504 0.203139 0.0235261 0.173161 0.0273733 0.18521 0.117476 0.205788 0.203433 0.205478 0.196391 0.0213761 0.169281 0.188674 0.215067 0.0234373 0.198281 0.197771 0.0312648 0.213465 0.162572 0.192742 0.181065 0.177787 0.206074 0.199081 0.182107 0.220929 0.189102 0.214226 0.215593 0.178108 0.141634 0.18145 0.208925 0.186136 0.167995 0.180024 0.213114 0.0306515 0.195907 0.0185966 0.20593 0.185434 0.205749 0.178468 0.192331 0.0310043 0.190069 0.167109 0.0303511 0.134334 0.0186102 0.198889 0.0276028 0.192594 0.186715 0.190282 0.0211458 0.197493 0.185544 0.232095 0.17262 0.219757 0.220228 0.184759 0.0261403 0.0217467 0.2082 0.204077 0.170275 0.0281037 0.210541 0.12121 
0.0675497 1.08785 1.04125 1.12176 0.812951 0.970459 0.95629 1.01155 1.0228 1.06457 1.0047 0.944295 0.98348 0.0721526 0.929197 0.975976 0.952533 1.1033 0.0616601 1.02613 1.00745 1.08941 0.0602162 0.787165 0.0637512 0.94588 0.908604 1.05174 1.01568 1.03565 1.01261 0.0525772 0.937595 1.01168 0.962183 0.0585694 0.964043 0.989793 0.0751382 0.990383 0.859262 1.00346 1.04764 0.980482 1.04811 1.04102 0.964253 1.05121 0.940917 1.01964 1.09268 0.947965 0.941511 0.934188 1.07657 1.04872 0.962361 1.02424 1.09043 0.0750092 0.909792 0.048895 1.07457 0.941296 1.01443 0.927402 1.0034 0.0751712 0.968781 0.972755 0.0754574 0.960604 0.0493793 1.01696 0.0701265 0.986634 0.984673 0.946203 0.0544521 0.97881 0.985191 1.12144 0.916967 1.08587 1.06563 0.957222 0.0677683 0.0557101 1.07411 1.082 0.94716 0.0699691 1.0497 0.820226 
