  0.256627   0.966477 0.00809724 -0.0182314   0.965996  -0.256755  0.0304797 -0.0291768 0.0315369         0 -0.999503  0.176083 0 0 0 1         0 -0.263398  0.785398         0 -0.611398  0.872398 -0.611398  0.959398         0 -0.785398  0.785398         0 -0.785398  0.785398 -0.785398  0.785398
-1
0.432269
0.0315421
100
10
90
0.18251
1.29987
0.283406 0.145609 0.301539 0.263088 0.0324207 0.288115 0.112697 0.0239697 0.207182 0.0252162 0.361384 0.171501 0.287471 0.1601 0.154511 0.180243 0.273313 0.16817 0.164877 0.151815 0.226764 0.176206 0.00782698 0.171387 0.165706 0.265049 0.168171 0.26813 0.290534 0.144647 0.398736 0.0180671 0.171728 0.0442725 0.163713 0.173536 0.185131 0.158026 0.171816 0.0241083 0.166546 0.0580093 0.280978 0.141641 0.0259347 0.174422 0.173962 0.135009 0.191419 0.0268973 0.150393 0.157394 0.155365 0.193618 0.196701 0.0176434 0.180923 0.164397 0.153029 0.150736 0.156096 0.148014 0.280862 0.262417 0.170857 0.151134 0.150711 0.172611 0.302897 0.149533 0.186508 0.280216 0.067721 0.154441 0.17685 0.149468 0.175303 0.211773 0.148867 0.399491 0.164992 0.432964 0.205045 0.159322 0.189668 0.264666 0.302052 0.276338 0.159575 0.330299 
2.5487 0.928197 2.46925 2.37748 0.84708 2.5308 0.776465 0.0631247 1.18131 0.0660664 2.82558 0.880225 2.60615 1.91102 0.861296 0.931757 2.56022 0.868895 0.905306 0.867703 1.22062 0.945283 0.61409 0.845488 0.954356 2.39708 0.86139 2.59564 2.47339 0.796953 5.03126 0.0485962 0.94291 0.747334 0.865934 1.00153 0.937786 0.839629 0.908678 0.0607974 0.843598 0.823979 2.51527 0.84906 0.0637722 0.919817 0.845933 0.759777 1.01233 0.0678874 0.845269 0.89663 0.847846 1.02032 0.957118 0.0461159 0.890541 0.857727 0.866447 0.893983 0.880294 0.823056 2.50191 2.43339 0.894811 0.983102 0.798578 0.913766 2.54711 0.854275 0.919516 2.55376 0.822796 0.868268 0.895976 0.945329 0.898802 1.1702 0.81159 3.3463 0.874871 4.54468 1.10496 0.822851 1.00374 2.31423 2.61292 2.47883 0.859103 2.59013 
