 -0.618573  -0.755617   0.215431 -0.0140482  -0.713579   0.655014   0.248519 -0.0308529 -0.328896         0 -0.944366  0.176167 0 0 0 1         0 -0.263398  0.785398         0 -0.611398  0.872398 -0.611398  0.959398         0 -0.785398  0.785398         0 -0.785398  0.785398 -0.785398  0.785398
0.125294
0.79055
0.335134
100
18
82
0.222949
1.88096
0.432716 0.269562 0.0363783 0.169638 0.157206 0.161048 0.273863 0.311888 0.124995 0.281674 0.176724 0.287958 0.228058 0.177056 0.254837 0.286354 0.164993 0.335667 0.0270727 0.279127 0.0281168 0.279599 0.174062 0.206509 0.160328 0.299902 0.384478 0.283347 0.15163 0.359288 0.183256 0.177607 0.168723 0.167876 0.372132 0.149618 0.158761 0.175493 0.164353 0.442777 0.146273 0.11718 0.227715 0.275379 0.164531 0.270213 0.161213 0.321379 0.201219 0.134212 0.263288 0.136942 0.274501 0.267061 0.293981 0.264103 0.258285 0.279166 0.172432 0.279781 0.335477 0.277916 0.440843 0.0214925 0.349269 0.176237 0.0229944 0.252406 0.340542 0.167105 0.22672 0.236255 0.29778 0.200434 0.0192622 0.0124206 0.384283 0.319964 0.165172 0.167862 0.163893 0.269936 
5.05807 2.41637 0.796408 1.03816 0.849267 0.908777 2.34068 2.66201 0.890608 2.47022 0.903863 2.4102 1.11962 0.959291 2.45384 2.58749 0.990439 2.61618 0.0678789 2.37848 0.0663127 2.43767 0.825628 0.967374 0.892745 2.77017 4.82043 2.64696 0.899342 4.67042 0.91887 0.96183 0.8515 0.903582 4.50513 0.828641 0.85276 0.912531 0.874103 5.06338 0.8541 0.790474 2.33498 2.58568 0.773316 2.42801 2.3199 2.47933 1.0214 0.811374 2.43962 0.811127 2.38368 2.47596 2.53102 2.53958 2.65745 2.36009 0.890266 2.51903 2.74703 2.57273 4.97409 0.0585843 4.30632 1.00368 0.0610924 2.33479 2.81108 0.915135 2.17 2.29046 2.48673 1.05365 0.0532447 0.0355161 5.10657 2.54983 0.863679 0.806379 0.838452 2.606 
