  0.218197  -0.966477   0.135326 -0.0163501 -0.821337 -0.256754 -0.509394 0.0963295  0.527063         0 -0.849826  0.156625 0 0 0 1         0 -0.611398  0.959398         0 -0.611398  0.959398 -0.611398  0.872398         0 -0.785398  0.785398         0 -0.785398  0.785398 -0.785398  0.785398
0.202137
1.03692
0.555141
100
12
88
0.157325
0.848357
0.201078 0.197389 0.18327 0.188649 0.179926 0.198516 0.160381 0.144671 0.1748 0.0682111 0.211345 0.202691 0.214929 0.155967 0.0248061 0.0260825 0.196403 0.213022 0.153986 0.200107 0.185912 0.029266 0.204009 0.194334 0.208177 0.024332 0.241917 0.169788 0.197019 0.027315 0.173132 0.0244661 0.17725 0.0304838 0.208265 0.207456 0.198865 0.187513 0.192554 0.189554 0.193937 0.19711 0.373641 0.0291622 0.176618 0.201428 0.192883 0.0290377 0.211234 0.203384 0.203931 0.168023 0.0276201 0.152937 0.19807 0.190733 0.198811 0.202454 0.110264 0.0256839 0.181557 0.0250742 0.21815 0.197052 0.207113 0.202512 0.0249753 0.0252771 0.192578 0.18036 0.203421 0.177289 0.199974 0.205898 0.196377 0.18757 0.0243719 0.204676 0.0895371 0.182079 0.0304474 0.183473 0.205566 0.199872 0.02954 0.189168 0.0304943 0.195422 
1.03699 1.05051 1.009 1.03685 0.974394 1.09204 0.810896 0.92141 1.0003 1.00049 1.03828 1.01552 1.0736 0.932659 0.0642805 0.0661907 1.07856 1.06593 0.920343 1.01556 1.01701 0.0743052 1.08113 1.0419 1.09859 0.0621941 1.09097 0.991073 1.02331 0.0679642 0.924856 0.0620773 1.05063 0.0724671 1.06033 1.00561 1.03746 1.07114 0.974513 1.04992 0.986293 1.0461 2.94421 0.0719909 0.945744 1.04147 1.01955 0.0687994 1.13338 1.08571 1.05514 0.855576 0.0692419 0.912369 1.0391 1.06922 1.10117 1.05523 0.929824 0.0646897 1.03796 0.0637535 1.07861 1.06605 1.06995 1.03841 0.0634326 0.0653591 1.03144 0.951658 0.982407 1.11621 1.11947 1.0252 0.974755 1.00063 0.0620505 1.02516 0.927045 1.00041 0.0734544 1.02115 1.05677 1.0729 0.0723493 0.999429 0.0740142 1.02937 
