  0.557595  -0.700265   0.445777 -0.0801727 -0.546958 -0.713883 -0.437273 0.0919929   0.62444         0 -0.781073  0.152169 0 0 0 1         0 -0.611398  0.872398         0 -0.611398  0.872398 -0.611398  0.785398         0 -0.785398  0.785398         0 -0.785398  0.785398 -0.785398  0.785398
0.192326
0.998368
0.674414
100
1
99
0.185996
1.01123
0.0309641 0.216119 0.0284325 0.175996 0.175941 0.219354 0.211623 0.0269038 0.227779 0.216526 0.22035 0.20829 0.195965 0.213116 0.210938 0.215807 0.183854 0.201542 0.189912 0.212034 0.0313678 0.201853 0.20628 0.204987 0.182394 0.218529 0.201756 0.202355 0.205829 0.219189 0.185045 0.087772 0.213373 0.208443 0.181823 0.201447 0.209545 0.20176 0.224139 0.0309481 0.222238 0.196332 0.202275 0.194238 0.199282 0.190462 0.209412 0.193408 0.205371 0.228755 0.209229 0.193202 0.199581 0.198928 0.191049 0.188633 0.183844 0.188821 0.196763 0.192993 0.219059 0.118771 0.17834 0.203403 0.102645 0.196623 0.214315 0.210919 0.212222 0.195727 0.217543 0.0271861 0.211566 0.204492 0.227632 0.208868 0.202075 0.160072 0.192983 0.188446 0.209111 0.207626 0.206473 0.203237 0.21121 0.209923 0.216406 0.210465 0.217292 0.210127 0.118481 0.154729 0.142519 0.201899 0.205613 0.168987 0.196634 0.032312 0.212553 
0.850856 1.09205 0.0499008 1.05424 0.922546 1.09006 1.06463 0.840607 1.19018 1.10409 1.12075 1.11376 1.13104 1.10437 1.09425 1.13298 1.03004 1.06093 1.11458 1.12567 0.0752257 1.08731 1.08169 1.06732 1.03621 1.09509 1.10196 1.1051 1.07071 1.12779 1.10735 0.964963 1.08266 1.08984 1.02545 1.03504 1.04147 1.0727 1.0491 0.074122 1.11198 0.975577 1.09127 0.955143 1.03279 0.940847 1.09018 1.07344 1.07678 1.16864 1.02113 1.08612 1.06485 1.08249 1.03544 1.05321 0.994524 1.00382 1.02487 1.01044 1.10008 1.05961 1.10097 1.05545 1.02694 1.11905 1.09058 1.08693 1.0645 1.07287 1.11558 0.0666533 1.08042 1.12612 1.12779 1.08109 1.04904 1.10597 0.992306 0.994056 1.09977 1.08815 1.10302 1.05005 1.0602 1.09253 1.10181 1.06922 1.1194 1.03102 1.01005 0.952013 0.908716 1.07667 1.06518 0.954969 1.0922 0.075519 1.07285 
