-0.218197  0.966477 -0.135326 0.0163501   0.821337   0.256755   0.509394 -0.0963295  0.527063         0 -0.849826  0.156625 0 0 0 1         0 -0.611398  0.959398         0 -0.611398  0.959398 -0.611398  0.872398         0 -0.785398  0.785398         0 -0.785398  0.785398 -0.785398  0.785398
0.206983
1.03936
0.555141
100
10
90
0.158522
0.859089
0.165738 0.368286 0.208901 0.174595 0.203479 0.191579 0.0242516 0.152906 0.0269241 0.202478 0.192763 0.0249877 0.18255 0.19995 0.189033 0.17705 0.187336 0.161525 0.0334668 0.173644 0.199932 0.0270052 0.203789 0.026176 0.207052 0.19494 0.194298 0.191888 0.211773 0.192761 0.205211 0.192417 0.0627889 0.195967 0.022611 0.0283573 0.026515 0.180878 0.182961 0.0243615 0.200873 0.208676 0.189783 0.211085 0.200346 0.203433 0.19683 0.192918 0.028958 0.0205936 0.192415 0.205849 0.192513 0.178662 0.194656 0.175806 0.208412 0.157588 0.204604 0.0229417 0.205395 0.0226501 0.180854 0.212031 0.194849 0.209922 0.186533 0.201986 0.207278 0.186741 0.0288567 0.174362 0.0298436 0.167248 0.196972 0.203242 0.187522 0.309679 0.179981 0.1807 0.0297845 0.169418 0.028406 0.181777 0.0260247 0.196189 0.204193 0.170025 0.206391 0.188033 
0.942606 2.98851 1.07203 0.990418 1.03366 0.973042 0.0619523 0.950116 0.0678874 1.01871 1.03275 0.0643145 1.01179 1.08093 1.01547 0.98388 1.0206 0.979093 0.0771393 0.994711 1.03312 0.0680226 1.14547 0.0680351 1.01737 1.00001 1.04745 1.02014 1.09079 0.985653 1.05221 1.01859 0.716058 1.04354 0.058922 0.0700242 0.0684177 0.984 0.979982 0.0628224 1.07103 1.0454 1.04936 1.05709 1.04881 1.06177 1.0673 1.04978 0.0713386 0.0538119 1.02584 1.04971 1.0702 0.842943 1.04256 1.0288 1.07756 0.961334 1.04047 0.0594784 1.08705 0.0590788 0.967458 1.06732 0.986212 1.07722 0.974443 1.03683 1.09278 1.05619 0.0704977 0.987599 0.0724964 0.914176 1.07916 1.02142 1.0623 2.56776 1.00812 1.02053 0.0721159 1.00009 0.0682804 1.06119 0.0679946 1.05159 1.02005 1.03387 1.05241 1.01699 
