  0.705779   0.700265   0.107257 -0.0461269   0.692316  -0.713883   0.105211 -0.0318975  0.150244         0 -0.988649  0.181229 0 0 0 1         0 -0.350398  0.872398         0 -0.611398  0.785398 -0.611398  0.872398         0 -0.785398  0.785398         0 -0.785398  0.785398 -0.785398  0.785398
0.183929
0.961141
0.150815
100
4
96
0.153629
0.826576
0.181073 0.207016 0.183852 0.185102 0.170079 0.183408 0.195018 0.168565 0.188425 0.19221 0.184256 0.181052 0.195979 0.157489 0.023196 0.188418 0.147151 0.152201 0.0288096 0.165588 0.159492 0.0828514 0.165717 0.0264328 0.186535 0.186363 0.150896 0.198546 0.178601 0.187904 0.186928 0.174736 0.170367 0.173696 0.180576 0.0983567 0.204621 0.0288537 0.0828783 0.201157 0.194069 0.209058 0.0241518 0.222206 0.210748 0.174511 0.144693 0.0189022 0.0187428 0.164368 0.191064 0.180732 0.0252006 0.207214 0.174415 0.0208593 0.176966 0.188997 0.183847 0.180135 0.186003 0.179174 0.18102 0.190824 0.170609 0.194285 0.202849 0.163522 0.173954 0.16291 0.160927 0.163945 0.16724 0.215467 0.0253615 0.197784 0.168885 0.18165 0.175017 0.176209 0.0278742 0.137135 0.0323829 0.182633 0.137234 0.209515 0.0243579 0.172385 0.209033 0.0834217 0.0280155 0.186026 0.167121 0.187543 0.191369 0.119449 
0.906605 1.02514 0.91757 0.967346 0.959031 0.95401 0.946827 0.872945 1.05126 0.997739 0.931295 0.898397 1.05259 0.882114 0.0603229 1.06092 0.880707 0.862291 0.0701276 0.887172 0.86605 0.869106 0.920989 0.0662557 0.914641 0.894206 0.816023 1.00135 0.923087 0.945798 0.962917 0.941112 0.870671 0.918271 0.975305 0.911121 1.04733 0.0706313 0.921626 1.00415 0.964773 1.06738 0.0593019 1.1507 1.0129 0.979552 0.835687 0.0493303 0.0499308 0.971794 0.937179 0.991302 0.0662286 1.02834 0.880971 0.0544117 0.940685 1.02682 0.854527 0.926608 0.975586 0.95017 0.993903 0.993544 0.909138 0.973471 1.03562 0.902582 0.90989 0.955372 0.932985 0.952298 0.924546 1.07887 0.0647544 1.03564 0.888319 1.01265 0.901697 1.01552 0.0687802 0.814741 0.860453 0.984876 0.800201 1.01202 0.0620399 0.935388 1.02234 0.820961 0.0714806 0.892248 0.972412 0.942875 0.984754 0.825667 
