   0.121162   -0.990747   0.0611634 -0.00793895 -0.884443 -0.135725 -0.446474  0.117704  0.450644         0 -0.892704  0.172555 0 0 0 1         0 -0.437398  0.959398         0 -0.611398  0.785398 -0.611398  0.872398         0 -0.785398  0.785398         0 -0.785398  0.785398 -0.785398  0.785398
0.192682
0.923109
0.467486
100
1
99
0.147278
0.740982
0.193184 0.210906 0.0241047 0.19372 0.182398 0.180477 0.198956 0.0301067 0.18648 0.163859 0.0311824 0.200123 0.207089 0.0281392 0.20307 0.188893 0.180794 0.0815728 0.209101 0.0346484 0.188818 0.20897 0.18919 0.196614 0.20851 0.0464814 0.02826 0.210562 0.196554 0.186622 0.194397 0.201335 0.214438 0.0290577 0.0280674 0.0250854 0.178495 0.193638 0.199425 0.197013 0.220594 0.211198 0.0203418 0.191702 0.192949 0.176615 0.205721 0.193354 0.172507 0.189961 0.192769 0.0278439 0.240924 0.0306675 0.0273836 0.0215402 0.19348 0.206407 0.0233312 0.0295155 0.17337 0.210767 0.0286742 0.195775 0.217853 0.0267192 0.188075 0.188162 0.183133 0.197257 0.030037 0.0295665 0.195085 0.188186 0.200693 0.175107 0.174046 0.204825 0.0302483 0.223405 0.0176803 0.0220662 0.203295 0.203227 0.209205 0.186429 0.195043 0.201704 0.024116 0.0221873 0.190371 0.0312978 0.207644 0.184108 0.18063 0.194908 0.215235 0.184804 0.0264782 
0.974592 1.08014 0.0592463 0.962502 0.972961 0.966031 0.994938 0.0726386 0.886758 0.989796 0.0751058 0.971294 1.07228 0.0713962 1.01484 1.03176 0.9604 0.858602 1.03724 0.842141 0.966884 1.12824 1.02785 1.02051 0.986054 0.0956698 0.0700951 1.08225 1.05024 0.960826 0.967176 1.01178 1.02238 0.0696477 0.070853 0.0637851 0.947828 0.859995 1.02404 1.04963 1.04593 1.09099 0.0521674 0.965022 0.944681 0.997574 0.969638 0.957284 0.968103 0.953678 0.947969 0.0708446 1.03271 0.0750399 0.0687761 0.0554485 1.00614 0.993731 0.0614553 0.0710593 0.88769 1.05476 0.0721034 1.01406 1.08962 0.0674332 1.02336 1.01588 0.895796 0.992338 0.0733414 0.0734208 1.04084 0.994513 0.947761 0.982146 0.935704 0.953923 0.0748783 1.10811 0.0478666 0.0577417 1.06268 1.02082 1.02766 0.931778 1.01502 0.981543 0.0606631 0.0571443 1.00851 0.0751613 1.0179 0.936602 0.972837 1.0258 1.0644 0.931188 0.0656021 
