 0.393648 -0.509812   0.76494 -0.136515 -0.233279 -0.860286 -0.453309 0.0919773   0.88917         0 -0.457578 0.0845678 0 0 0 1         0 -0.611398  0.959398         0 -0.611398  0.959398 -0.611398  0.872398         0 -0.785398  0.785398         0 -0.785398  0.785398 -0.785398  0.785398
0.194671
1.04925
0.475269
100
25
75
0.182729
1.00475
0.183843 0.203702 0.21196 0.195095 0.198552 0.202999 0.202469 0.187547 0.19283 0.20747 0.181252 0.0291454 0.198754 0.170781 0.211466 0.0253118 0.192111 0.238906 0.199499 0.0955973 0.37634 0.205249 0.141111 0.199144 0.204408 0.202143 0.192687 0.293972 0.208999 0.171973 0.191193 0.23319 0.206559 0.196014 0.209636 0.187053 0.00754284 0.185073 0.180957 0.182017 0.206457 0.202182 0.209781 0.230372 0.18655 0.19033 0.206475 0.20294 0.191142 0.202339 0.168498 0.0310393 0.025099 0.179256 0.207746 0.209576 0.185858 0.0289715 0.103609 0.20718 0.207348 0.196775 0.211557 0.208926 0.0322525 0.213217 0.213176 0.390539 0.159715 0.176357 0.0225288 0.193713 0.194878 0.209731 0.19401 
0.968375 1.05576 1.07301 1.08661 0.970769 1.07904 1.14363 0.933758 1.00659 1.06812 0.981438 0.068832 1.01431 0.93847 1.1051 0.0672809 1.03099 0.990412 1.0827 1.03368 2.88548 1.13273 0.860348 1.04909 1.05712 1.05263 0.995046 2.79005 1.09606 0.982955 1.0844 1.09192 1.04823 1.12473 1.0742 1.013 0.0179533 1.00155 1.00355 0.98658 1.05879 1.10456 1.06729 1.16276 0.950294 1.04408 1.13046 1.05691 0.98985 1.00122 0.990439 0.0724187 0.0652971 0.934078 1.0617 1.04939 1.03937 0.0724463 0.818837 1.12236 1.05143 1.0233 1.09308 1.0426 0.0796227 1.07022 1.16523 2.92349 0.813085 0.904696 0.060512 1.07133 1.0682 1.12411 1.02593 
