 0.0328058   0.992115   0.120964 -0.0334166  0.259684 -0.125333  0.957526 -0.175319  0.965136         0 -0.261748 0.0482514 0 0 0 1         0 -0.524398  0.785398         0 -0.524398  0.785398 -0.611398  0.785398         0 -0.785398  0.785398         0 -0.785398  0.785398 -0.785398  0.785398
0.198671
0.992217
0.264833
100
13
87
0.195125
1.13349
0.0278836 0.208394 0.190251 0.157583 0.178685 0.178555 0.205717 0.174671 0.0744603 0.214522 0.195363 0.197183 0.0299133 0.20646 0.39313 0.35175 0.199244 0.184695 0.191324 0.198909 0.17217 0.183184 0.175027 0.153019 0.197511 0.179161 0.384842 0.213672 0.340855 0.195277 0.204145 0.168147 0.190342 0.211566 0.0310293 0.18838 0.180605 0.198366 0.184766 0.179294 0.182789 0.365789 0.180828 0.208886 0.184633 0.205909 0.192775 0.181339 0.182521 0.196835 0.19205 0.183792 0.169875 0.207267 0.189017 0.029078 0.199776 0.207928 0.0258064 0.124327 0.158536 0.157924 0.196718 0.186731 0.178649 0.180705 0.364298 0.200407 0.38213 0.208167 0.200296 0.188478 0.186758 0.184147 0.200966 0.212367 0.199331 0.197629 0.371804 0.179891 0.210965 0.205958 0.181697 0.158907 0.207894 0.209928 0.163286 
0.901008 1.14201 1.00621 0.863753 0.972472 0.834214 1.08764 0.982556 0.861167 1.09105 0.995816 1.01092 0.0723476 1.07111 3.057 2.8946 1.04597 1.0009 0.964891 1.14397 0.916311 0.994591 0.89374 0.912723 1.03177 1.04742 2.9506 1.04923 2.51071 1.04331 1.03891 0.852782 0.976134 1.06783 0.0740059 0.982136 0.984378 1.03728 0.994513 0.996633 0.980011 2.9274 0.976789 1.09591 0.804663 1.07591 1.06778 0.928794 1.06571 1.03613 1.04241 1.02023 0.953281 1.08243 1.0471 0.0723535 1.05068 1.06395 0.0691328 0.850913 0.859053 0.957819 1.01179 1.03543 0.972209 1.05823 2.84672 1.07442 2.88546 1.08558 0.993979 1.03752 1.00539 1.07309 1.04823 1.07729 1.03219 1.00004 2.91876 1.02031 1.07649 1.06195 0.961757 0.917498 1.06853 1.05337 0.91469 
