  0.793241  -0.347107   0.500286 -0.0889899 -0.293593 -0.937826 -0.185165 0.0430986 0.533453        0 -0.84583 0.156047 0 0 0 1         0 -0.611398  0.959398         0 -0.611398  0.959398 -0.611398  0.872398         0 -0.785398  0.785398         0 -0.785398  0.785398 -0.785398  0.785398
0.207554
1.04674
0.562678
100
20
80
0.137562
0.783978
0.201562 0.0342222 0.194195 0.195071 0.0271083 0.0291682 0.205613 0.179211 0.0295274 0.400973 0.0250123 0.204277 0.189314 0.0116656 0.180765 0.0328191 0.194527 0.191032 0.131056 0.17999 0.194754 0.207404 0.19064 0.189369 0.194928 0.0295042 0.378587 0.210909 0.186268 0.206256 0.194872 0.128307 0.187924 0.0291449 0.203231 0.0315142 0.0312516 0.211127 0.0252169 0.0228328 0.187488 0.32685 0.193432 0.205027 0.0242896 0.0241749 0.198581 0.0294854 0.176124 0.0278493 0.0299362 0.185377 0.165015 0.182129 0.0540958 0.0622852 0.0280262 0.183639 0.0280948 0.161324 0.0225013 0.186363 0.202475 0.231897 0.148528 0.179574 0.199459 0.0301589 0.176267 0.174598 0.0266092 0.196739 0.194375 0.179478 0.0262808 0.185565 0.199393 0.0272251 0.0236824 0.0293821 
1.03437 0.080373 1.0474 1.10061 0.0674583 0.072197 1.05737 0.93427 0.0712502 3.12232 0.810134 1.03501 1.00586 0.855506 0.965747 0.0788089 1.06636 1.09005 0.84643 0.891496 1.06394 1.09504 1.0315 0.984599 1.02707 0.0725289 2.99667 1.08212 0.999232 1.06099 1.0463 0.968293 1.02956 0.0705398 1.06939 0.0766974 0.0732524 1.05852 0.062409 0.0606483 0.852425 2.69076 1.06001 1.07806 0.0600192 0.0623507 1.06771 0.0739512 0.860044 0.0697082 0.0736842 1.0272 0.949089 0.876468 0.917632 0.867743 0.0704699 1.03193 0.0687356 0.9357 0.0578324 1.02166 1.05648 1.22833 0.764929 1.06183 1.08049 0.0742809 0.9667 0.946096 0.0661149 1.08671 1.04863 0.995289 0.0668492 1.05335 1.08148 0.0685568 0.0635326 0.0731238 
