  0.93711 -0.347107 0.0366399 -0.028716  -0.346842  -0.937826 -0.0135611  0.0207901  0.039069         0 -0.999237   0.17599 0 0 0 1         0 -0.263398  0.785398         0 -0.611398  0.872398 -0.611398  0.959398         0 -0.785398  0.785398         0 -0.785398  0.785398 -0.785398  0.785398
0.166171
0.843609
0.0390789
100
12
88
0.202012
1.53826
0.152786 0.331211 0.285853 0.188035 0.162555 0.293227 0.257311 0.1681 0.215509 0.161679 0.135811 0.165656 0.175293 0.163767 0.434496 0.167686 0.125084 0.294995 0.14455 0.0260284 0.146074 0.184381 0.154428 0.057293 0.160729 0.182157 0.156201 0.330977 0.0169726 0.279012 0.288508 0.0249792 0.179469 0.294132 0.184503 0.416701 0.156165 0.138913 0.178684 0.344405 0.226399 0.165499 0.19484 0.0222518 0.292529 0.227816 0.0326834 0.245936 0.180016 0.381199 0.152272 0.182896 0.191155 0.420052 0.279123 0.177925 0.163234 0.157491 0.193948 0.161889 0.157053 0.29278 0.278004 0.153831 0.182088 0.206872 0.159977 0.140873 0.0194474 0.323666 0.113807 0.313093 0.291962 0.0252453 0.187067 0.225673 0.301144 0.191648 0.192005 0.132356 0.157781 0.169135 0.285475 0.169191 0.400203 0.171911 0.277133 0.2842 
0.883623 2.8083 2.48223 0.989504 0.876025 2.63051 2.3199 0.846665 2.53289 0.909499 2.13914 0.93186 0.873028 0.890616 5.21206 0.935986 0.831885 2.56067 0.838694 0.0677113 0.85001 0.950312 0.896617 0.772028 0.912483 0.928586 0.816886 2.67918 0.0501566 2.49593 2.44491 0.0649468 1.00191 2.62259 0.948903 4.83785 0.930254 0.841335 0.9998 2.69689 2.42447 0.890595 1.05801 0.0584713 2.54741 1.18292 0.804576 1.32359 0.921514 4.65694 0.867008 0.909402 0.988028 4.68806 2.55911 0.900313 0.871104 0.830675 0.98865 0.90005 0.910754 2.56528 2.44022 0.908917 0.966215 1.19971 0.883536 0.807622 0.0523149 2.63621 0.772628 2.52 2.61453 0.0674266 0.945861 2.07249 2.56068 0.912486 1.1059 0.780708 0.872109 0.911654 2.51176 0.907178 4.80656 0.838655 2.49023 2.63184 
