  0.399536   0.877687   0.264643 -0.0742355  0.731726 -0.479234  0.484677 -0.116072  0.552221         0 -0.833698  0.157849 0 0 0 1         0 -0.437398  0.959398         0 -0.611398  0.785398 -0.611398  0.872398         0 -0.785398  0.785398         0 -0.785398  0.785398 -0.785398  0.785398
0.202781
1.0827
0.585026
100
6
94
0.155778
0.800847
0.196814 0.183114 0.212335 0.0285385 0.130019 0.21925 0.179394 0.195488 0.211448 0.186083 0.016515 0.162609 0.0201508 0.195213 0.18926 0.185637 0.199941 0.187708 0.0225088 0.0292203 0.204519 0.0354717 0.214743 0.191259 0.2013 0.21837 0.21402 0.190815 0.194931 0.229084 0.184671 0.20626 0.0667238 0.0294973 0.031444 0.182545 0.196396 0.211616 0.217199 0.193552 0.193091 0.0347681 0.199613 0.184954 0.182024 0.20704 0.22209 0.0154818 0.0323292 0.0303693 0.216534 0.187505 0.027828 0.189793 0.0320544 0.204138 0.122933 0.179331 0.0332782 0.193118 0.0275467 0.185707 0.197919 0.0343879 0.197303 0.16804 0.196425 0.208036 0.199123 0.179176 0.214136 0.190506 0.199293 0.0240026 0.211303 0.193395 0.204407 0.19246 0.0296507 0.208879 0.212399 0.122583 0.185974 0.21337 0.195772 0.147582 0.202665 0.196138 0.12755 0.18204 0.0307665 0.102029 0.20363 0.20496 
0.980948 0.962463 1.09069 0.0701271 0.976987 1.03233 0.993081 0.915733 1.10392 0.966554 0.0505056 0.900518 0.0524025 1.01305 0.94681 0.931863 1.07135 1.01932 0.0597968 0.071342 1.04352 0.0801383 1.00369 1.00605 0.97643 1.03085 1.09048 0.944674 0.96782 1.15849 0.969055 1.05367 0.832331 0.0727861 0.0771504 0.968724 1.04452 1.08733 1.11457 0.950908 0.977711 0.0787765 0.961065 0.93624 0.997794 1.0869 1.05355 0.0481862 0.0777833 0.0743081 1.08565 1.00521 0.0658348 0.971274 0.0752571 1.05873 0.887544 0.976666 0.0774822 0.978359 0.069409 0.934829 1.01421 0.0782641 0.961864 0.917514 0.988966 1.07423 0.996935 0.920968 1.12507 0.953835 1.10226 0.0602654 1.05543 0.942089 1.01121 0.981519 0.0727019 1.07489 1.04191 0.916363 0.943214 1.057 1.00565 0.874359 1.04688 1.04872 0.900465 0.9163 0.0740077 0.909596 1.01925 1.03211 
