  0.643415   0.755617   0.122718 -0.0299111   0.742237  -0.655014   0.141566 -0.0198581  0.187351         0 -0.982293  0.181098 0 0 0 1         0 -0.611398  0.959398         0 -0.611398  0.959398 -0.611398  0.872398         0 -0.785398  0.785398         0 -0.785398  0.785398 -0.785398  0.785398
0.19422
0.972365
0.188465
100
4
96
0.186675
1.05325
0.176842 0.206025 0.179433 0.16827 0.182089 0.178376 0.194136 0.178713 0.184819 0.19396 0.212729 0.184805 0.171932 0.186542 0.193423 0.211075 0.190269 0.182439 0.173406 0.169978 0.158788 0.168329 0.189172 0.169491 0.215649 0.156686 0.176041 0.182574 0.180291 0.184098 0.178882 0.198725 0.157851 0.171901 0.161386 0.205361 0.166019 0.203897 0.180518 0.186774 0.177622 0.176839 0.197235 0.194651 0.162052 0.207501 0.184211 0.215467 0.205552 0.194894 0.401919 0.196953 0.177536 0.204189 0.110237 0.00584263 0.165772 0.15974 0.156037 0.187077 0.205984 0.17916 0.208626 0.185129 0.196176 0.384541 0.202807 0.208266 0.19785 0.166165 0.0866337 0.169364 0.196345 0.180207 0.167005 0.18181 0.205461 0.187867 0.17828 0.20563 0.207719 0.215673 0.177405 0.165027 0.209732 0.14784 0.200787 0.210699 0.20298 0.195464 0.161946 0.204335 0.158173 0.172724 0.210033 0.193899 
0.983097 0.946265 0.920546 0.98461 1.04387 0.965346 1.03089 0.988923 1.00974 1.03257 1.07674 1.04197 0.834181 1.01743 1.03634 1.025 1.05449 1.01307 0.939409 0.954753 0.930428 0.97528 1.05852 0.891927 1.07202 0.95308 0.960749 1.06056 0.983109 1.0196 0.949242 1.04638 0.936895 0.964934 1.03423 1.05466 0.964011 1.06763 0.957317 1.03305 1.03159 0.903193 1.01109 1.04755 0.922834 1.06271 1.06235 1.10084 1.03343 1.00762 3.05133 0.971188 0.986392 1.06569 0.993231 0.82943 0.985799 0.897702 0.915446 0.956529 1.05621 1.0136 1.04929 0.975778 0.945439 3.03816 1.05598 1.07172 0.908508 0.946947 0.789816 0.921813 1.01521 0.96912 0.940776 0.987808 1.0669 1.01083 0.972374 1.0512 1.06528 1.04199 0.850694 0.965996 1.04721 0.924744 1.13517 1.0728 1.0601 1.03226 0.853139 2.68201 0.90463 0.990765 1.04903 0.999911 
