  -0.24981   0.965546 -0.0729124  0.0125967  0.926873  0.260233  0.270528 -0.081089  0.280181         0 -0.959947  0.181669 0 0 0 1         0 -0.350398  0.785398         0 -0.611398  0.785398 -0.611398  0.872398         0 -0.785398  0.785398         0 -0.785398  0.785398 -0.785398  0.785398
-1
0.631981
0.283983
100
8
92
0.164294
0.852084
0.216589 0.0207042 0.195421 0.21516 0.192963 0.177376 0.170019 0.183896 0.164281 0.130026 0.196572 0.215096 0.178365 0.191444 0.203956 0.180819 0.204741 0.17735 0.194759 0.0252001 0.209236 0.19186 0.197877 0.213838 0.208412 0.193867 0.199865 0.190096 0.201364 0.213355 0.182641 0.0306062 0.0334101 0.182996 0.194815 0.198232 0.00200315 0.208808 0.217275 0.119557 0.211161 0.18409 0.166955 0.0294708 0.025117 0.208354 0.0234223 0.209011 0.212884 0.211598 0.0259659 0.188098 0.197261 0.21231 0.178735 0.182963 0.208336 0.0265765 0.211896 0.202241 0.188114 0.205164 0.212632 0.197993 0.0306571 0.170991 0.202102 0.0292164 0.0286101 0.19663 0.194316 0.181651 0.1769 0.200548 0.0215547 0.180281 0.189036 0.169134 0.193299 0.186458 0.0178944 0.193961 0.176029 0.184123 0.186777 0.222375 0.189266 0.200227 0.205297 0.218862 0.0310119 0.192658 
1.0695 0.0558077 1.00466 1.13988 1.0511 1.00076 0.957084 0.962045 0.908434 0.882472 1.02712 1.06251 0.967158 1.05068 1.08834 0.909339 1.04797 0.943829 1.02758 0.0647047 0.998651 1.04338 0.999121 1.0267 1.03446 1.00281 1.05068 0.999272 0.986015 1.0896 0.905467 0.073796 0.85041 0.945937 0.970989 1.02737 0.76426 1.05618 1.07523 0.858576 1.01432 1.02704 0.912817 0.0717373 0.0642228 1.07977 0.0620901 0.945095 1.09625 1.0631 0.0661937 0.95776 1.04489 1.0524 0.908269 0.92373 1.0123 0.0661854 1.01753 1.08039 1.06291 0.967539 1.05241 0.977145 0.0749463 0.912852 1.02836 0.0718089 0.069836 0.944721 1.01117 0.986489 0.87138 0.977391 0.0621906 0.946583 1.01085 0.981359 0.977917 1.033 0.0488729 0.978146 0.930794 0.954535 0.937344 1.05071 0.945697 0.945402 1.0371 0.994893 0.0754457 1.02598 
