 0.196634  0.700654  0.685871 -0.133413  0.193094 -0.713501  0.673521 -0.117655 0.961275        0 -0.27559 0.050924 0 0 0 1         0 -0.611398  0.959398         0 -0.611398  0.959398 -0.611398  0.872398         0 -0.785398  0.785398         0 -0.785398  0.785398 -0.785398  0.785398
0.199092
1.02435
0.279204
100
16
84
0.175492
0.976774
0.17457 0.188641 0.158755 0.189236 0.188815 0.189451 0.18812 0.166138 0.188577 0.192908 0.181214 0.116542 0.189178 0.200917 0.0261604 0.194093 0.167395 0.146969 0.163772 0.145968 0.126647 0.365403 0.15915 0.191427 0.175709 0.158098 0.0295498 0.030061 0.180646 0.201713 0.189379 0.18701 0.182753 0.201852 0.206681 0.214315 0.404549 0.206296 0.197353 0.160285 0.181083 0.191657 0.178989 0.357277 0.186773 0.206758 0.172789 0.0306608 0.158466 0.169463 0.185814 0.191217 0.149158 0.204679 0.171352 0.196131 0.200736 0.208087 0.197176 0.0292501 0.193887 0.165848 0.194943 0.182835 0.171434 0.192236 0.197092 0.16437 0.182274 0.192402 0.148817 0.181674 0.186182 0.155485 0.210252 0.0272989 0.188375 0.174545 0.203124 0.164142 0.201077 0.0382211 0.148075 0.182894 
0.931248 1.00899 0.852072 1.0155 1.01423 1.00894 1.0832 0.920206 0.997043 1.0595 1.08602 0.790408 0.986431 1.0102 0.0656322 1.04183 0.955193 0.913285 0.924715 0.910858 0.86615 2.87416 0.942328 1.00467 1.04588 0.899103 0.0739557 0.0712969 1.02616 1.05852 0.985717 0.935168 1.01558 1.05072 1.0441 1.06931 3.08905 0.994255 1.08043 0.86941 0.996376 1.06454 0.960485 2.51526 1.01937 1.06956 0.921393 0.0736228 0.953619 0.961943 0.921687 1.01627 0.866274 1.05403 0.990685 1.023 1.03722 1.06716 0.861475 0.0718995 1.10933 1.00069 1.09083 0.955645 0.96877 1.03154 1.05111 0.814726 0.977231 0.972343 0.967533 1.10704 0.963138 0.948046 1.05873 0.0689124 1.02098 0.957861 1.05173 0.892389 1.03005 0.0905331 0.911903 0.990586 
