-0.0888924   0.992115 -0.0883547  0.0146855  0.703656  0.125333  0.699399 -0.179121  0.704958         0 -0.709249  0.141889 0 0 0 1         0 -0.437398  0.872398         0 -0.611398  0.785398 -0.611398  0.872398         0 -0.785398  0.785398         0 -0.785398  0.785398 -0.785398  0.785398
0.198292
1.03214
0.782364
100
4
96
0.141292
0.745214
0.174943 0.178581 0.160069 0.180076 0.0275522 0.0273285 0.212886 0.189625 0.189369 0.1626 0.192746 0.201649 0.186357 0.180667 0.0151637 0.191115 0.170785 0.183236 0.176678 0.167567 0.207165 0.0231781 0.201751 0.0264915 0.0282075 0.17863 0.183385 0.0986488 0.140276 0.197045 0.0285821 0.175935 0.211681 0.159352 0.172858 0.206277 0.148926 0.0255202 0.200973 0.0279801 0.204918 0.186317 0.181623 0.0200233 0.16863 0.0264609 0.0237788 0.169574 0.18396 0.157996 0.164381 0.210982 0.195317 0.142082 0.174858 0.0275062 0.178329 0.0259945 0.0240532 0.148806 0.176447 0.101222 0.0267513 0.219221 0.177829 0.187431 0.1654 0.164877 0.183929 0.211564 0.208485 0.177945 0.206136 0.187027 0.0244834 0.17854 0.161493 0.159538 0.182577 0.0300926 0.180164 0.0498002 0.187614 0.0287193 0.200111 0.180284 0.162148 0.176697 0.128643 0.0194837 0.20052 0.0281575 0.168981 0.0293738 0.0928394 0.172026 
0.896084 0.947191 0.851012 0.967791 0.0688283 0.0676173 0.983329 0.985881 0.980855 0.807809 1.05157 0.946828 0.967462 1.02037 0.0412115 1.08772 0.912325 0.863708 0.969212 0.867757 1.09075 0.0597442 1.06622 0.0653752 0.0714831 0.935328 0.89286 0.836947 0.808931 0.968572 0.0695287 0.874576 1.06433 0.886689 0.878263 0.956563 0.908366 0.0642512 0.985874 0.0730659 0.998054 1.03069 0.95934 0.0542431 0.846705 0.0681268 0.0614689 0.919016 0.935048 0.994219 0.914216 0.896924 0.987126 0.876381 0.909419 0.768233 0.945001 0.0655553 0.0632479 0.876374 0.933076 0.893976 0.0683097 1.06228 0.828119 0.977878 0.885682 0.961937 0.89346 1.03416 1.11227 0.929681 0.971264 0.987004 0.0636045 0.917948 0.914833 0.925531 1.01023 0.072946 0.963602 0.772886 0.9733 0.0719892 0.896836 0.928023 0.874049 0.974337 0.893663 0.0537398 1.02195 0.0729628 0.924457 0.0552174 0.688236 0.919488 
