 0.260003  0.700265  0.664851 -0.117542  0.255043 -0.713883  0.652169  -0.10195  0.931317         0 -0.364209 0.0901656 0 0 0 1         0 -0.611398  0.872398         0 -0.263398  0.785398 -0.611398  0.959398         0 -0.785398  0.785398         0 -0.785398  0.785398 -0.785398  0.785398
0.156507
0.867767
0.372784
100
13
87
0.199681
1.48629
0.36024 0.169636 0.157893 0.303705 0.16087 0.397847 0.170767 0.197226 0.324462 0.282961 0.166593 0.0164211 0.158542 0.171029 0.164306 0.158303 0.304512 0.27427 0.200177 0.209072 0.158733 0.272783 0.178128 0.177331 0.279815 0.184726 0.178351 0.017189 0.156869 0.144834 0.168604 0.187047 0.111927 0.117774 0.424856 0.162834 0.169092 0.163145 0.319857 0.180003 0.1407 0.240846 0.154192 0.14759 0.1722 0.0817652 0.161718 0.135703 0.272098 0.133096 0.175087 0.139037 0.406808 0.350694 0.278069 0.28287 0.23408 0.183438 0.307192 0.165296 0.204299 0.183663 0.191384 0.127992 0.201226 0.103806 0.315365 0.166487 0.0245542 0.158039 0.163688 0.294269 0.197938 0.183406 0.165416 0.180198 0.171123 0.0235514 0.120329 0.155775 0.411587 0.173605 0.308403 0.159116 0.273218 0.279163 0.169446 
2.92914 0.899795 0.98874 2.51888 0.829224 3.01851 0.923164 0.976616 2.89319 2.44261 0.90247 0.0434099 0.860312 0.875896 0.896662 0.863834 2.58877 2.60539 0.944624 0.975126 0.813201 2.46766 0.948148 0.947779 2.43721 0.936954 0.901881 0.047871 0.888948 0.860416 0.895349 1.04492 0.763796 0.775628 5.06899 0.876629 0.842413 0.824849 3.98698 0.876775 0.852364 2.46029 0.832765 0.770668 0.840433 0.654025 0.923517 0.867776 2.40428 0.731473 0.945259 0.796919 5.09085 4.81538 2.18888 2.50857 2.48929 1.096 2.62588 0.851269 3.88635 0.956813 0.948917 0.86224 1.0355 0.839774 2.54729 0.914057 0.0682916 0.843221 0.853506 2.51614 1.01803 0.903339 0.98122 0.892112 0.866882 0.0594129 0.80545 0.795724 4.75398 0.885386 2.59198 0.929859 2.27335 2.5048 0.844701 
