 0.518209 -0.238398  0.821356 -0.149294 -0.127208 -0.971167 -0.201623  0.046461  0.845741         0 -0.533594 0.0984646 0 0 0 1         0 -0.611398  0.959398         0 -0.611398  0.959398 -0.611398  0.872398         0 -0.785398  0.785398         0 -0.785398  0.785398 -0.785398  0.785398
0.190636
1.02704
0.562844
100
31
69
0.170433
0.948899
0.187413 0.206747 0.202893 0.164221 0.198668 0.171464 0.195601 0.18277 0.204124 0.0293464 0.152325 0.199689 0.191039 0.0290435 0.200201 0.190118 0.025895 0.294539 0.176065 0.200941 0.181127 0.201698 0.209821 0.20347 0.187059 0.0314289 0.198122 0.191896 0.0265317 0.177303 0.184018 0.17613 0.192839 0.175159 0.170364 0.202355 0.17458 0.166509 0.0309912 0.201416 0.0286994 0.204477 0.184671 0.190695 0.187759 0.0295617 0.19465 0.205246 0.176427 0.175749 0.195075 0.202458 0.213019 0.166415 0.402157 0.203202 0.172712 0.197858 0.185689 0.180808 0.216244 0.18826 0.168146 0.0325958 0.209105 0.181189 0.152165 0.0241151 0.204775 
1.04391 1.12456 1.06702 0.917324 1.04314 0.919057 0.983218 0.990893 1.05693 0.0746207 0.893902 1.02998 0.998177 0.0735585 1.05555 1.00809 0.0652557 2.69783 0.941383 1.06012 0.977139 1.05017 1.0897 1.06699 0.946943 0.728329 0.981294 0.991761 0.827444 0.966271 0.99992 0.949125 1.02881 0.932369 0.88499 1.05829 1.08734 0.851347 0.0871476 0.972589 0.0710949 1.08084 1.11493 1.13689 1.06567 0.0745034 1.00478 1.06027 0.923301 1.02572 1.03678 1.0459 1.13914 0.955907 3.04423 1.02524 0.95339 1.11781 0.987196 0.895344 1.08907 1.02008 0.869501 0.0778566 1.09529 0.978668 0.89088 0.0603257 1.11097 
