  0.495855  -0.755617   0.427984 -0.0551937 -0.572014 -0.655013 -0.493718 0.0781225  0.653397         0 -0.757015  0.151812 0 0 0 1         0 -0.611398  0.872398         0 -0.263398  0.785398 -0.611398  0.959398         0 -0.785398  0.785398         0 -0.785398  0.785398 -0.785398  0.785398
0.149925
0.814792
0.712064
100
13
87
0.194853
1.51579
0.162479 0.153764 0.326926 0.135683 0.13176 0.310064 0.158896 0.257016 0.0211457 0.161803 0.144684 0.170162 0.0177921 0.411801 0.137598 0.140236 0.198293 0.149423 0.197767 0.161481 0.235935 0.133961 0.16706 0.298572 0.33368 0.350475 0.311187 0.152975 0.404709 0.291588 0.163131 0.0325995 0.286209 0.316982 0.156937 0.427096 0.251735 0.164969 0.23144 0.136241 0.154411 0.181416 0.182944 0.148966 0.156025 0.0153836 0.108892 0.224789 0.173109 0.136767 0.167857 0.157254 0.16333 0.272983 0.313908 0.158449 0.166782 0.173032 0.170883 0.270754 0.167384 0.199127 0.170863 0.148013 0.290186 0.17455 0.143533 0.32352 0.146881 0.365415 0.3632 0.170944 0.168728 0.101024 0.157899 0.149547 0.020334 0.0227467 0.19564 0.240306 0.314742 0.18573 0.281146 0.178564 0.0181693 0.33838 0.0214487 
0.835458 0.856832 2.65232 0.796692 0.795759 2.57035 0.882671 2.5299 0.0561243 0.935506 0.830936 0.843882 0.0479433 4.8925 0.805642 0.876036 1.01601 0.889865 0.979623 0.91296 2.3665 0.815366 0.837883 2.59344 2.58366 2.82616 2.74366 0.894096 4.94573 2.80766 0.842053 0.754449 2.63441 2.76873 0.878786 5.13033 2.32549 0.884375 2.25179 0.803146 0.858903 1.04642 0.962822 0.859652 0.821257 0.0431556 0.718233 2.33024 0.885886 0.796484 0.895726 0.86533 0.891698 2.49734 2.668 0.794655 0.906368 0.892403 0.965647 2.44503 0.833467 1.02784 0.972622 0.877242 2.49948 0.866546 0.84593 2.52111 0.871867 4.47474 4.58072 0.850401 0.901936 0.827232 0.853142 0.882395 1.80164 0.0511399 1.01269 2.2005 2.52919 0.91028 2.44957 1.03316 0.0493684 4.2527 0.0568338 
