 0.257667 -0.243847  0.934958 -0.170268 -0.0647867 -0.969814 -0.235083 0.0526382  0.964059         0 -0.265687 0.0490454 0 0 0 1         0 -0.611398  0.959398         0 -0.611398  0.959398 -0.611398  0.872398         0 -0.785398  0.785398         0 -0.785398  0.785398 -0.785398  0.785398
0.192798
1.00602
0.268916
100
20
80
0.192762
1.10547
0.1707 0.200098 0.335346 0.316166 0.190206 0.23525 0.367444 0.202448 0.159042 0.162798 0.197451 0.181923 0.196081 0.185327 0.196457 0.205223 0.164735 0.191316 0.19828 0.205716 0.202678 0.178513 0.189594 0.176799 0.2002 0.203172 0.0291984 0.184836 0.206228 0.204957 0.20244 0.025065 0.205244 0.202504 0.405063 0.107092 0.0293236 0.162667 0.154695 0.223303 0.38646 0.197635 0.171789 0.182055 0.212545 0.148582 0.18761 0.202902 0.0300932 0.209997 0.199791 0.151681 0.147057 0.186801 0.193172 0.210291 0.170682 0.372441 0.133761 0.229085 0.170953 0.0300403 0.196989 0.197479 0.201233 0.21056 0.199839 0.19348 0.179076 0.202984 0.20223 0.201889 0.200949 0.201706 0.208965 0.190696 0.199594 0.164584 0.214659 0.173031 
0.93808 1.03872 3.7207 2.49077 1.03937 1.13159 2.5191 1.13396 0.974326 0.975851 1.04511 0.937639 1.05798 1.00013 1.05749 0.995984 1.01553 0.997097 1.02304 1.06299 1.0324 1.0108 0.866262 0.988211 1.09204 1.0256 0.0784748 1.01248 1.07846 1.09035 1.02976 0.0668857 1.04433 1.0478 3.19951 1.0647 0.0738559 0.909859 0.978526 1.13023 2.95486 1.0417 0.894848 0.888495 1.09579 0.865679 1.02483 1.06476 0.0723544 1.07841 1.02014 0.973648 1.06095 1.13083 0.993506 1.03297 0.999079 2.88368 0.754142 1.19391 0.91501 0.0735632 0.999965 1.08756 1.0662 1.06769 1.06324 0.981952 0.949626 1.03885 1.05727 1.04852 1.08844 1.04143 1.07691 0.956375 1.04423 0.931677 1.12943 0.81874 
