0.0381039  0.238398   0.97042 -0.173216 0.00935359  -0.971167   0.238215 -0.0327074    0.99923          0 -0.0392351   0.034198 0 0 0 1         0 -0.611398  0.872398         0 -0.263398  0.785398 -0.611398  0.959398         0 -0.785398  0.785398         0 -0.785398  0.785398 -0.785398  0.785398
0.153436
0.87594
0.0392452
100
13
87
0.195529
1.60411
0.193432 0.0899803 0.0319866 0.0152618 0.169125 0.17658 0.142579 0.115587 0.202789 0.0896111 0.23077 0.270285 0.263911 0.16603 0.421965 0.147838 0.188181 0.151596 0.150384 0.0221901 0.190015 0.173517 0.176795 0.310127 0.184031 0.120613 0.153445 0.255442 0.0230048 0.158002 0.170411 0.217978 0.166434 0.159089 0.178212 0.241236 0.0371722 0.452583 0.168234 0.0994937 0.184592 0.195142 0.016988 0.121108 0.156984 0.23487 0.135551 0.170873 0.405149 0.390201 0.169355 0.159809 0.233586 0.425455 0.17858 0.301973 0.176135 0.405958 0.247811 0.186412 0.184133 0.261311 0.426499 0.185379 0.158349 0.456126 0.171353 0.261467 0.362599 0.277881 0.136424 0.0284579 0.14584 0.022922 0.162387 0.3686 0.164266 0.0225605 0.162465 0.127657 0.0242288 0.226433 0.35132 0.396081 0.19216 0.17316 0.188543 
1.05815 0.747914 0.931493 0.801834 0.917495 0.919564 0.851019 1.93965 2.18595 0.837836 2.22559 2.71217 2.40709 0.898952 5.04593 0.835047 0.970066 0.919368 0.8664 0.0592409 0.976264 0.964815 0.917255 2.61094 0.927456 0.813994 0.789724 2.31373 0.0625237 0.844473 0.92682 2.3912 0.861685 0.767619 0.904125 2.32382 0.911599 5.55665 0.86783 0.838898 0.907459 0.993126 0.0432255 0.852241 0.785479 2.21618 0.795742 0.883024 5.03148 4.63665 0.876554 0.892548 2.67993 4.87971 0.921468 2.36289 0.912231 3.20619 2.36051 0.884928 0.928127 2.56605 5.06551 0.921957 0.901667 4.8479 0.955539 2.27976 2.74717 2.46838 0.755664 0.773732 0.829181 0.0622791 0.881528 4.31008 0.903521 0.0580661 0.834024 0.787 0.0611792 2.52562 4.24327 3.12272 0.957718 0.909337 1.03672 
