-0.0743475  0.990747  -0.11355 0.0129143  0.542713  0.135725  0.828879 -0.154023  0.836621         0 -0.547782  0.100934 0 0 0 1         0 -0.611398  0.959398         0 -0.611398  0.959398 -0.611398  0.872398         0 -0.785398  0.785398         0 -0.785398  0.785398 -0.785398  0.785398
0.205055
1.01244
0.579711
100
28
72
0.156676
0.856937
0.191128 0.178117 0.0288492 0.174223 0.0244931 0.208002 0.198116 0.193284 0.0273865 0.163695 0.150234 0.0248479 0.0319079 0.156112 0.0283941 0.0345848 0.375361 0.0305609 0.203543 0.205324 0.193136 0.189678 0.204763 0.189879 0.209924 0.179114 0.167102 0.193384 0.191557 0.0317811 0.202086 0.197285 0.177333 0.164305 0.206234 0.0564469 0.169155 0.0306242 0.191523 0.182886 0.199256 0.15809 0.170689 0.195433 0.189761 0.212953 0.0307333 0.206983 0.0255392 0.203791 0.02945 0.0290118 0.310093 0.212846 0.198334 0.203769 0.165219 0.203346 0.032426 0.207423 0.198611 0.0310584 0.203969 0.189084 0.190155 0.179201 0.204988 0.194776 0.20276 0.204682 0.312434 0.027435 
0.993368 1.01316 0.0706411 1.00771 0.0647125 1.06074 1.04054 1.04776 0.0689793 0.957387 0.927248 0.0631272 0.0752633 0.872634 0.0708253 0.0790305 2.74949 0.0737905 1.04616 1.04401 1.008 1.01007 1.06822 1.05397 1.05162 0.989189 0.927201 1.08186 1.04062 0.0763276 1.04937 1.09566 1.00859 1.01564 1.06885 0.852497 0.982527 0.0751296 0.988286 1.00745 1.04354 0.903769 0.934775 1.04418 1.01251 1.13096 0.0745621 1.0354 0.0642169 1.03689 0.0723391 0.0723427 2.52421 1.02061 1.09839 0.996917 0.805769 1.03644 0.0764492 1.0554 1.02354 0.0765473 1.08983 0.954494 1.01544 1.00189 1.10701 1.00288 1.04127 1.0778 2.42062 0.0708313 
