0 45.637 93.404 57.915 -0.04675 -0.40616 -0.56154 -0.71939
1 52.88 113.467 70.39 0.5643 -0.44366 0.31898 0.61886
2 23.705 105.766 90.207 0.89554 0.32812 -0.13631 0.26788
0 42.888 93.699 57.235 -0.06447 -0.37427 -0.55497 -0.74012
1 52.881 113.476 70.375 0.56433 -0.44365 0.31895 0.61885
2 23.771 105.799 90.167 0.89572 0.32803 -0.13624 0.26745
0 39.62 99.941 55.89 -0.25029 -0.3143 -0.36552 -0.83962
1 52.911 113.474 70.372 0.56439 -0.44356 0.31906 0.61881
2 23.727 105.784 90.19 0.89557 0.32818 -0.13623 0.26774
0 40.665 107.314 60.346 -0.45053 -0.33179 -0.17838 -0.80939
1 52.954 113.466 70.343 0.56441 -0.44337 0.31949 0.61871
2 23.675 105.794 90.202 0.89548 0.32817 -0.13624 0.26807
0 42.882 110.764 64.083 -0.52976 -0.3634 -0.12283 -0.75644
1 52.929 113.488 70.324 0.5643 -0.44362 0.31944 0.61864
2 23.687 105.779 90.196 0.89551 0.32809 -0.13647 0.26795
0 44 112.943 67.588 -0.54198 -0.38888 -0.10595 -0.73743
1 53.084 113.476 70.464 0.56867 -0.43877 0.32139 0.61709
2 23.688 105.762 90.221 0.8955 0.32815 -0.13647 0.26792
0 44.464 112.984 67.668 -0.55277 -0.36758 -0.11227 -0.73941
1 53.416 113.642 70.412 0.56147 -0.44805 0.31475 0.62044
2 23.676 105.804 90.184 0.89548 0.3281 -0.13631 0.26813
0 43.411 110.773 64.493 -0.52893 -0.31782 -0.1652 -0.76937
1 51.753 112.838 66.521 0.50904 -0.48717 0.28667 0.64913
2 23.671 105.804 90.18 0.89547 0.32802 -0.13633 0.26824
0 41.414 104.449 54.887 -0.4573 -0.19021 -0.19619 -0.84629
1 46.674 108.442 58.064 0.4105 -0.59358 0.19836 0.66318
2 23.687 105.797 90.181 0.89554 0.32802 -0.13619 0.26809
0 39.122 90.055 42.789 -0.1657 -0.00466 -0.2065 -0.9643
1 38.609 95.79 47.552 0.1609 -0.69965 -0.0643 0.69315
2 23.716 105.793 90.174 0.89555 0.32804 -0.13625 0.26799
0 35.488 83.734 38.723 -0.03963 0.0583 -0.03063 -0.99704
1 33.146 87.366 44.816 0.16858 -0.68789 -0.28259 0.64694
2 23.748 105.774 90.198 0.89561 0.32817 -0.1361 0.26769
0 29.502 83.205 38.436 -0.02669 0.08068 0.1985 -0.97641
1 26.789 83.39 45.047 0.29624 -0.64841 -0.4408 0.54544
2 23.681 105.784 90.197 0.89554 0.32792 -0.13641 0.26808
0 26.263 84.757 39.094 -0.07106 0.12812 0.39037 -0.90892
1 22.658 82.164 45.045 0.42945 -0.6105 -0.53585 0.39463
2 23.73 105.77 90.208 0.89559 0.32815 -0.13616 0.26777
