0 28.974 96.501 49.312 -0.13829 -0.0896 -0.41689 -0.8939
1 11.253 108.121 62.293 0.55332 -0.34216 0.45576 0.6075
2 24.789 105.098 90.071 0.8665 0.31741 -0.16585 0.34775
0 22.809 99.917 50.367 -0.13299 -0.09355 -0.34554 -0.92421
1 11.239 108.137 62.262 0.55318 -0.34234 0.45586 0.60744
2 24.793 105.105 90.05 0.86644 0.31742 -0.16589 0.34787
0 17.323 103.48 51.667 -0.12329 -0.13244 -0.27637 -0.94386
1 11.253 108.129 62.27 0.55332 -0.34225 0.45585 0.60738
2 24.729 105.114 90.06 0.86624 0.31741 -0.16597 0.34833
0 12.43 106.376 55.505 -0.1094 -0.19923 -0.27345 -0.93464
1 11.311 108.12 62.268 0.55341 -0.34207 0.45603 0.60725
2 24.734 105.12 90.056 0.86631 0.31726 -0.16596 0.34831
0 11.391 106.836 56.07 -0.09323 -0.18551 -0.27391 -0.93908
1 11.086 108.312 62.48 0.55195 -0.34332 0.45221 0.61073
2 24.769 105.125 90.055 0.8664 0.31745 -0.1659 0.34794
0 11.918 106.919 55.993 -0.10177 -0.16548 -0.28409 -0.93891
1 11.492 108.132 62.003 0.55029 -0.35185 0.43165 0.62215
2 24.782 105.105 90.062 0.86645 0.31747 -0.16587 0.34781
0 15.346 104.605 49.777 -0.16559 -0.05084 -0.28675 -0.94222
1 13.127 106.346 54.391 0.59236 -0.42719 0.39295 0.55875
2 24.811 105.098 90.057 0.86648 0.31748 -0.16588 0.3477
0 16.966 95.431 38.742 -0.16395 0.10525 -0.23359 -0.95262
1 12.221 96.748 42.323 0.62613 -0.51231 0.26282 0.52576
2 24.721 105.1 90.069 0.86656 0.31754 -0.16572 0.34754
0 18.336 87.743 34.326 -0.09021 0.19163 -0.08755 -0.97338
1 12.419 87.171 37.67 0.64379 -0.50263 0.07888 0.57155
2 24.806 105.08 90.073 0.8669 0.31766 -0.16548 0.3467
0 22.098 83.868 34.119 -0.05457 0.23501 0.1147 -0.96366
1 16.035 81.555 36.849 0.68097 -0.41567 -0.10437 0.59381
2 24.773 105.078 90.078 0.86672 0.31773 -0.16567 0.34698
0 24.637 83.984 35.919 -0.08602 0.26879 0.29491 -0.9129
1 18.453 80.915 37.859 0.73697 -0.30973 -0.25711 0.54298
2 24.713 105.08 90.09 0.86657 0.31759 -0.16583 0.34742
0 24.903 85.221 36.055 -0.16202 0.34494 0.47632 -0.79239
1 18.823 82.708 36.526 0.7837 -0.18771 -0.43959 0.39667
2 24.733 105.1 90.073 0.86667 0.31742 -0.1658 0.34734
0 24.61 86.104 35.624 -0.20419 0.35978 0.52384 -0.74462
1 18.599 84.167 35.804 0.80139 -0.14196 -0.47633 0.33276
2 24.746 105.096 90.06 0.86671 0.31756 -0.16568 0.34715
0 24.307 86.768 36.047 -0.19809 0.33539 0.48055 -0.78571
1 18.039 84.527 36.782 0.80606 -0.16475 -0.42476 0.37776
2 24.744 105.101 90.073 0.86676 0.31756 -0.16566 0.34703
