0 44.552 90.125 49.469 -0.03727 -0.01456 -0.40266 -0.91447
1 23.555 104.667 61.032 0.68989 0.08667 0.68076 0.23045
2 23.762 105.769 90.224 0.89401 0.32778 -0.13806 0.27248
0 41.802 91.321 49.21 -0.07145 -0.01981 -0.41651 -0.9061
1 23.575 104.655 61.036 0.68982 0.08687 0.6808 0.23046
2 23.725 105.764 90.243 0.89398 0.32764 -0.13844 0.27257
0 30.976 96.82 50.44 -0.16257 -0.06913 -0.31557 -0.93231
1 23.615 104.665 61.017 0.6898 0.08701 0.68091 0.23015
2 23.755 105.764 90.235 0.89395 0.32774 -0.13829 0.27261
0 27.829 100.866 54.071 -0.1973 -0.14596 -0.24093 -0.939
1 23.506 104.67 61.04 0.68996 0.08652 0.68062 0.23069
2 23.793 105.76 90.225 0.89409 0.32773 -0.13813 0.27224
0 27.467 101.541 54.726 -0.15595 -0.08972 -0.27207 -0.94531
1 23.398 104.775 61.216 0.68021 0.07808 0.68648 0.24488
2 23.755 105.773 90.217 0.89405 0.32755 -0.13822 0.27256
0 27.729 102.359 54.51 -0.1661 -0.06076 -0.25507 -0.95061
1 23.286 104.933 61.524 0.6658 0.07425 0.68439 0.28777
2 23.738 105.781 90.246 0.89396 0.32768 -0.13829 0.27263
0 28.733 100.981 50.136 -0.24928 0.0628 -0.20758 -0.94384
1 22.05 103.67 55.942 0.76763 0.09165 0.56035 0.29724
2 23.797 105.756 90.237 0.89408 0.32781 -0.13818 0.27215
0 26.414 95.796 42.507 -0.22804 0.17714 -0.19433 -0.93747
1 17.822 98.634 46.411 0.81755 0.01627 0.47643 0.32304
2 23.761 105.782 90.21 0.89407 0.32756 -0.13816 0.27251
0 22.531 88.616 38.302 -0.11421 0.21541 -0.20569 -0.94776
1 12.904 90.266 40.901 0.78588 -0.08442 0.47244 0.38995
2 23.717 105.771 90.23 0.89393 0.32764 -0.13835 0.27278
0 20.831 83.145 37.457 -0.0254 0.2164 -0.16405 -0.96209
1 10.798 83.454 39.722 0.74618 -0.11651 0.45785 0.46905
2 23.79 105.778 90.205 0.89413 0.32768 -0.13804 0.27223
0 21.161 81.859 37.746 -0.08388 0.24186 0.1767 -0.95039
1 11 81.197 40.147 0.75176 0.11255 0.22498 0.60957
2 23.745 105.77 90.231 0.89394 0.32769 -0.1382 0.27273
0 21.337 82.031 37.089 -0.14158 0.28141 0.33737 -0.8871
1 11.424 81.856 38.78 0.74335 0.21782 0.05749 0.62983
2 23.708 105.777 90.246 0.89387 0.32778 -0.13833 0.27281
0 21.575 82.356 36.779 -0.18455 0.31242 0.41325 -0.8352
1 12.007 82.982 37.949 0.74002 0.26714 -0.05046 0.61518
2 23.741 105.752 90.248 0.89399 0.32767 -0.13838 0.2725
0 21.851 82.724 36.971 -0.20222 0.31682 0.42519 -0.82337
1 12.404 83.677 38.195 0.74326 0.28116 -0.07281 0.60268
2 23.706 105.786 90.234 0.89391 0.32757 -0.13842 0.27286
