0 33.55 102.813 53.779 -0.21347 -0.1912 -0.31528 -0.9047
1 37.57 116.412 70.714 0.60562 -0.33096 0.39798 0.6044
2 24.094 104.594 89.998 0.8606 0.31776 -0.1684 0.36061
0 30.934 108.929 58.244 -0.30143 -0.26714 -0.21292 -0.89019
1 37.604 116.381 70.72 0.60577 -0.33085 0.39809 0.60424
2 24.148 104.612 89.976 0.86078 0.31763 -0.16833 0.36031
0 31.123 114.323 63.499 -0.36292 -0.30512 -0.12384 -0.8717
1 37.62 116.382 70.701 0.60584 -0.33083 0.39812 0.60415
2 24.075 104.61 89.995 0.86051 0.3176 -0.16844 0.36096
0 30.5 115.383 65.31 -0.34854 -0.31859 -0.13771 -0.87066
1 37.631 116.404 70.716 0.60683 -0.32902 0.39699 0.6049
2 24.066 104.627 89.971 0.8605 0.31749 -0.16854 0.36101
0 30.896 115.739 65.363 -0.34804 -0.28982 -0.14633 -0.87947
1 37.676 116.778 70.774 0.60105 -0.33978 0.38534 0.61222
2 24.067 104.653 89.941 0.86068 0.31757 -0.16832 0.36063
0 31.575 114.697 63.449 -0.37119 -0.24682 -0.14905 -0.88266
1 37.458 115.965 68.729 0.60991 -0.36296 0.37172 0.5984
2 24.115 104.603 89.988 0.86113 0.31784 -0.16802 0.35945
0 34.327 106.432 51.521 -0.31014 -0.08969 -0.16639 -0.93171
1 35.816 109.21 56.384 0.53918 -0.48289 0.2752 0.63275
2 23.901 104.397 89.971 0.87067 0.32124 -0.16012 0.33631
0 36.703 97.716 46.448 -0.17422 -0.03734 -0.18682 -0.9661
1 35.767 101.173 50.831 0.42631 -0.53983 0.19602 0.69887
2 23.664 104.2 89.9 0.88262 0.3255 -0.14909 0.30463
0 40.092 90.919 43.086 -0.04704 0.00206 -0.13802 -0.98931
1 37.56 93.972 47.702 0.35381 -0.55869 0.07825 0.74603
2 23.308 103.898 89.828 0.89489 0.32979 -0.13653 0.2679
0 40.381 86.174 39.977 0.06953 0.06302 -0.02542 -0.99526
1 36.713 87.875 44.739 0.30877 -0.55194 -0.08957 0.76942
2 23.267 103.854 89.788 0.89667 0.33009 -0.13477 0.26242
0 33.666 83.005 37.535 0.09449 0.15304 0.19517 -0.96414
1 29.36 81.99 42.136 0.37785 -0.52788 -0.30119 0.69847
2 23.237 103.857 89.768 0.89662 0.32991 -0.1352 0.26258
0 29.58 84.32 36.583 0.02058 0.21633 0.33183 -0.91797
1 24.763 82.085 40.816 0.48786 -0.4938 -0.40237 0.59686
2 23.276 103.83 89.797 0.8967 0.33015 -0.13497 0.26213
0 27.51 84.497 36.743 -0.02386 0.23949 0.4336 -0.86837
1 22.543 81.547 40.365 0.55937 -0.43848 -0.47868 0.51546
2 23.221 103.832 89.806 0.89653 0.33007 -0.13517 0.2627
0 26.539 84.333 36.804 -0.04937 0.24495 0.49491 -0.83224
1 21.605 81.066 39.928 0.59775 -0.39043 -0.52613 0.462
2 23.214 103.841 89.807 0.89656 0.32995 -0.13527 0.26272
