 0.278594  0.216622  0.935661 -0.193522  0.0618173  -0.976256   0.207614 -0.0331788  0.958418         0  -0.28537 0.0583931 0 0 0 1         0 -0.524398  0.959398         0 -0.524398  0.959398 -0.524398  0.785398         0 -0.785398  0.785398         0 -0.785398  0.785398 -0.785398  0.785398
0.250265
1.32442
0.289392
100
37
63
0.212569
1.17837
0.253395 0.255463 0.275176 0.202438 0.0382892 0.226635 0.27071 0.0355335 0.258932 0.219704 0.246399 0.252613 0.240672 0.204139 0.270494 0.232353 0.237736 0.0382501 0.238056 0.263268 0.250064 0.237717 0.253358 0.236142 0.27176 0.228475 0.271839 0.229851 0.253566 0.253291 0.231308 0.238491 0.243727 0.26493 0.253667 0.0368584 0.221406 0.271176 0.25798 0.229661 0.225676 0.24189 0.0399677 0.242248 0.198761 0.254416 0.240651 0.0305285 0.267674 0.0376983 0.271584 0.037128 0.257613 0.0257762 0.256845 0.23095 0.238037 0.269206 0.268952 0.0348119 0.260121 0.23497 0.230836 
1.32761 1.40611 1.45604 1.14309 0.0924981 1.27381 1.40044 1.00171 1.41006 1.09031 1.38604 1.34751 1.3198 1.1419 1.41319 1.33495 1.29303 0.0924367 1.29236 1.44263 1.3772 1.33038 1.35799 1.31498 1.37595 1.24723 1.40697 1.19453 1.40092 1.39059 1.30008 1.26174 1.28409 1.43925 1.31653 1.18214 1.26405 1.42942 1.40713 1.17865 1.20453 1.26483 0.0948996 1.30539 1.31926 1.38671 1.2804 0.0824066 1.41769 0.0906791 1.39158 0.0895471 1.41964 0.862775 1.37865 1.32717 1.33078 1.39451 1.38392 0.0863848 1.36063 1.29152 1.34803 
