  0.914603  -0.342501   0.214929 -0.0594834  -0.333419  -0.939517 -0.0783523  0.0318282  0.228765         0 -0.973482  0.187873 0 0 0 1         0 -0.263398  0.785398         0 -0.524398  0.785398 -0.524398  0.872398         0 -0.785398  0.785398         0 -0.785398  0.785398 -0.785398  0.785398
0.232364
1.11409
0.230809
100
2
98
0.158298
0.853163
0.26983 0.21739 0.218993 0.03113 0.217122 0.0349819 0.236378 0.210217 0.177112 0.270778 0.194778 0.0384589 0.264254 0.206554 0.174077 0.203226 0.037565 0.0195617 0.210477 0.030895 0.0256104 0.0306643 0.234122 0.0312024 0.213977 0.0251308 0.228091 0.199766 0.18868 0.256115 0.259147 0.205253 0.190335 0.0362014 0.2529 0.0386169 0.199839 0.203584 0.214528 0.217262 0.209888 0.232261 0.212475 0.22637 0.17849 0.212369 0.0294041 0.251679 0.197321 0.206235 0.0334173 0.0354038 0.223662 0.241832 0.103309 0.220186 0.215536 0.0347834 0.209869 0.0274878 0.0304192 0.251973 0.203831 0.212825 0.0305748 0.0349973 0.240041 0.216101 0.183004 0.232062 0.0351974 0.200361 0.191048 0.224743 0.199801 0.0350532 0.0344275 0.186004 0.0239647 0.0265038 0.0303497 0.212278 0.175041 0.196611 0.0363539 0.230231 0.213373 0.0309118 0.227852 0.0269055 0.180572 0.215636 0.240258 0.243964 0.197992 0.0371624 0.193479 0.214546 
1.38248 1.11587 1.18233 0.0800216 1.14362 0.0867864 1.36617 1.16613 1.0248 1.43386 1.18585 1.09982 1.42572 1.14295 1.10441 1.14657 0.0913816 0.053772 1.11324 0.0743919 0.0669338 0.0771524 1.21801 0.0773449 1.1628 0.0669231 1.04681 1.06527 0.996282 1.35803 1.43987 1.1347 1.07342 0.0885244 1.27928 0.0924059 1.15647 1.05263 1.17452 1.16418 1.16535 1.19385 1.18069 1.20339 1.11721 1.13159 0.0776039 1.44896 1.12737 1.19142 0.0868086 0.0875217 1.24548 1.31383 1.09442 1.1251 1.22889 0.0836093 1.12484 0.0726108 0.080252 1.36613 1.10293 1.11014 0.0779009 0.0850589 1.27027 1.25018 1.09522 1.23529 0.0865246 1.05857 0.987399 1.20355 1.14574 0.0867449 0.0850771 1.04343 0.0645214 0.0697996 0.0771687 1.29514 1.20303 1.06332 0.0889177 1.21583 1.215 0.0779891 1.18382 0.0719998 0.985 1.15621 1.23698 1.21285 1.12528 0.0916787 1.05627 1.23645 
