          0           1           0 -0.00700524  0.836039         0   0.54867 -0.138891   0.54867         0 -0.836039  0.170691 0 0 0 1         0 -0.350398  0.872398         0 -0.611398  0.959398 -0.524398  0.872398         0 -0.785398  0.785398         0 -0.785398  0.785398 -0.785398  0.785398
0.228977
1.14633
0.580773
100
6
94
0.150735
0.784836
0.239091 0.0397901 0.260039 0.227889 0.218978 0.0319931 0.232323 0.0364864 0.0326751 0.216108 0.0392711 0.0317706 0.181845 0.033926 0.0381198 0.234431 0.0254321 0.0356058 0.23544 0.235665 0.24989 0.0341999 0.0367017 0.0364939 0.272067 0.209491 0.24945 0.24855 0.25091 0.0627139 0.018878 0.0341494 0.0369453 0.233475 0.262894 0.24351 0.188266 0.22219 0.267939 0.0296741 0.253403 0.245557 0.232141 0.267566 0.214298 0.214996 0.267153 0.0370933 0.234945 0.0402167 0.00481047 0.23631 0.233296 0.239025 0.242237 0.0306922 0.0234501 0.036647 0.0311365 0.127304 0.220016 0.247222 0.0322527 0.0339307 0.183232 0.0313614 0.230807 0.040167 0.228746 0.0368978 0.245106 0.223385 0.0348192 0.203973 0.0329524 0.0138387 0.0335081 0.038122 0.248807 0.0305507 0.239645 0.226411 0.261785 0.0307572 0.246957 0.0360278 0.253931 0.246315 0.222941 0.244549 0.225737 0.204851 0.272701 0.0392814 
1.1495 0.0932023 1.37929 1.13844 1.23421 0.0832896 1.16412 0.0872222 1.03351 1.22922 0.0917822 0.0791978 1.06234 0.0865232 0.0919733 1.19159 0.0671511 0.086263 1.1767 1.2125 1.28976 0.0864998 0.0904716 0.0883689 1.43447 1.06894 1.29906 1.22391 1.25076 0.908268 0.0501306 0.082968 0.0922147 1.27316 1.33954 1.27749 1.08237 1.1737 1.39877 0.0721255 1.21442 1.36013 1.0711 1.31816 1.24294 1.0946 1.29949 0.0898225 1.11841 0.0934211 0.954329 1.15947 1.24384 1.23538 1.2872 0.0813698 0.0644238 0.087618 0.0797068 0.999819 1.11955 1.25997 0.0818169 0.0836735 1.14223 0.0799539 1.21011 0.0967054 1.28998 0.0896002 1.18957 1.18624 0.0857005 1.0793 0.0846226 0.93909 0.0838 0.0916644 1.27147 0.077565 1.23337 1.17006 1.34287 0.0780289 1.23553 0.0846756 1.3199 1.27695 1.09682 1.24886 1.08344 1.14907 1.40506 0.0907323 
