 -0.610129  -0.766555   0.200338 -0.0168173 -0.728299  0.642178  0.239139 -0.035025 -0.311966         0 -0.950093   0.18592 0 0 0 1         0 -0.263398  0.959398         0 -0.524398  0.872398 -0.524398  0.872398         0 -0.785398  0.785398         0 -0.785398  0.785398 -0.785398  0.785398
0.109288
0.916598
0.317261
100
1
99
0.127423
0.687065
0.0267863 0.0253517 0.177053 0.189464 0.223806 0.225732 0.215101 0.236524 0.206851 0.173515 0.195201 0.191892 0.127468 0.186706 0.0248778 0.217513 0.19219 0.171377 0.021774 0.231332 0.0247866 0.0261844 0.236632 0.196323 0.158512 0.031468 0.193601 0.0327688 0.200521 0.0302221 0.031232 0.0309846 0.0371243 0.0436541 0.0257485 0.0311526 0.0306287 0.0263377 0.0306299 0.19776 0.0299079 0.0304613 0.033186 0.204008 0.131951 0.180895 0.243597 0.13409 0.217531 0.0230634 0.198858 0.187293 0.202483 0.191879 0.0230985 0.153707 0.026831 0.0329043 0.21596 0.0333318 0.0316461 0.215444 0.205932 0.20319 0.245976 0.194554 0.0257462 0.0159226 0.246773 0.214403 0.0364496 0.0288493 0.230638 0.0692571 0.235893 0.177276 0.0313121 0.205195 0.032844 0.181153 0.0316298 0.0262074 0.0237711 0.0347004 0.196739 0.167413 0.181762 0.0306009 0.0323223 0.18719 0.140626 0.215209 0.199515 0.0349234 0.16329 0.194458 0.163856 0.183365 0.207 
0.0696805 0.0666368 1.03153 1.03538 1.19146 1.29143 1.12752 1.11108 1.15574 1.00406 1.00294 1.02653 0.967558 1.12741 0.0712015 1.15711 1.04104 0.946341 0.0609591 1.27889 0.0678663 0.0719122 1.19606 1.03719 1.16859 0.0784891 1.05462 0.07999 1.05103 0.0772216 0.081414 0.0759559 0.0888484 0.930331 0.0669222 0.0785868 0.0766258 0.0752149 0.0778886 1.11095 0.0776886 0.0788482 0.0825208 1.13809 0.988285 1.01824 1.27293 0.89649 1.04668 0.0622107 1.07754 1.09926 1.09273 1.04104 0.0632308 1.06193 0.064503 0.0814858 1.17182 0.0860302 0.0813748 1.05859 1.13545 1.1665 1.3195 1.14133 0.066645 0.041545 1.32109 1.13413 0.0943035 0.0720377 1.27653 0.954799 1.10281 1.07063 0.079877 1.108 0.0802903 0.978359 0.0801598 0.0707475 0.0635055 0.0852507 1.10785 0.954832 1.00491 0.0778369 0.0810531 1.01734 1.0155 1.12177 1.08092 0.0862046 0.966692 1.1459 0.908375 0.970508 1.08458 
