 0.0148837   0.999631  0.0227207 -0.0143499   0.547764 -0.0271616   0.836192  -0.137054  0.836501         0 -0.547966  0.116859 0 0 0 1         0 -0.524398  0.959398         0 -0.176398  0.959398 -0.524398  0.959398         0 -0.785398  0.785398         0 -0.785398  0.785398 -0.785398  0.785398
0.132966
0.904403
0.57993
100
16
84
0.103189
0.665448
0.0689877 0.0111594 0.139364 0.0290435 0.0177976 0.20494 0.0221046 0.0218364 0.0200476 0.0212521 0.028218 0.150058 0.0190262 0.187223 0.145098 0.163069 0.103202 0.0182695 0.0232179 0.171886 0.174122 0.0213178 0.0179281 0.188885 0.0352304 0.0260041 0.159841 0.0278329 0.170186 0.147889 0.164907 0.00291613 0.0250847 0.204638 0.133325 0.0243168 0.165986 0.018018 0.154783 0.169829 0.00646642 0.10619 0.136967 0.0186076 0.179218 0.18305 0.138849 0.014035 0.0216285 0.149495 0.122253 0.114795 0.0754877 0.123225 0.104092 0.0180534 0.0888694 0.149646 0.157647 0.0354018 0.143299 0.143223 0.0979631 0.197453 0.143596 0.190617 0.0330715 0.14577 0.170843 0.184877 0.020467 0.011675 0.135168 0.286311 0.152428 0.0271906 0.155651 0.00455975 0.122107 0.141995 0.167061 0.133612 0.17922 0.136864 
0.739405 0.0345921 0.90356 0.0747283 0.0507502 1.04641 0.0613811 0.0588641 0.056003 0.0588418 0.0769566 0.853466 0.0526252 0.976915 0.997269 0.907671 0.716815 0.0517968 0.062506 1.18205 1.03605 0.0594831 0.0512077 1.08981 0.797125 0.0691807 1.00983 0.07201 1.09641 0.914471 1.05049 0.626005 0.0663944 1.08039 0.8767 0.0638189 0.957902 0.0495784 0.913871 1.05622 0.0322966 0.751917 0.863863 0.0514018 0.938201 1.14775 0.847811 0.0440366 0.0588887 0.942605 0.883479 0.735725 0.80487 0.816427 0.865352 0.0517534 0.756207 0.954995 1.06811 0.646664 0.922734 0.985451 0.831924 1.13664 0.978989 1.13148 0.0820046 0.956996 1.00435 1.01538 0.0579797 0.0388956 0.955712 2.57798 1.0168 0.0705406 0.979633 0.0302321 0.91312 0.962827 0.998888 1.11665 1.09294 0.877586 
