  0.61013 -0.766555 -0.200337 0.0314278 -0.728299 -0.642178  0.239139 -0.022785 -0.311965         0 -0.950094   0.18592 0 0 0 1         0 -0.263398  0.959398         0 -0.524398  0.872398 -0.524398  0.872398         0 -0.785398  0.785398         0 -0.785398  0.785398 -0.785398  0.785398
0.206084
1.08448
0.317261
100
2
98
0.141598
0.780417
0.141249 0.128295 0.0291693 0.173365 0.239532 0.196419 0.178655 0.0336323 0.185944 0.0324314 0.186424 0.172815 0.157092 0.0287894 0.228463 0.0280477 0.190763 0.108968 0.254127 0.203967 0.145579 0.0273953 0.0355734 0.230896 0.131039 0.0333029 0.217443 0.0308476 0.217766 0.0282237 0.197645 0.197947 0.134239 0.165223 0.21565 0.206589 0.205945 0.176009 0.0228198 0.182216 0.207683 0.206912 0.224708 0.197295 0.0333843 0.0332936 0.0262908 0.0334912 0.206894 0.032411 0.150364 0.194174 0.213715 0.157385 0.197972 0.189925 0.0298319 0.200516 0.184295 0.0306149 0.0143672 0.171048 0.0293851 0.022728 0.0323815 0.223327 0.130276 0.186831 0.0282837 0.219966 0.0313108 0.174964 0.171156 0.18256 0.029386 0.158469 0.0294019 0.224128 0.140474 0.187694 0.0318423 0.246345 0.211585 0.160522 0.0313212 0.218692 0.193687 0.189357 0.198151 0.217776 0.1975 0.219181 0.0224604 0.0312852 0.213601 0.241722 0.19581 0.21597 
0.950878 0.893097 0.077752 1.03276 1.39512 1.13263 1.10796 0.0842198 1.05027 0.0809358 1.02545 0.9714 0.971285 0.0742272 1.35906 0.0729733 1.02515 0.902608 1.32475 1.17719 1.02646 0.0702617 0.0885899 1.24591 0.897957 0.0857272 1.08269 0.0782973 1.1723 0.0740525 1.10382 1.08387 1.06071 0.995066 1.07631 1.111 1.19361 0.91145 0.063245 0.998511 1.12269 1.14401 1.18622 1.04559 0.0847659 0.0829921 0.0698382 0.0840279 1.18398 0.0800129 0.959448 0.999351 1.09206 0.933433 1.10399 1.04818 0.0780414 1.07075 1.14426 0.0798285 0.0433184 0.990476 0.0782851 0.0613462 0.0819658 1.27102 0.95318 1.04329 0.0758004 1.17294 0.0809871 1.04376 1.0573 1.08315 0.0794428 1.02214 0.0768493 1.31361 0.994535 0.957043 0.0791885 1.35654 1.14636 1.06017 0.079134 1.16754 1.125 1.10566 1.10439 1.10917 1.11556 1.08443 0.0611308 0.0784352 1.16143 1.25053 1.05847 1.13425 
