-0.914603  0.342501 -0.214929 0.0594834   0.333419   0.939517  0.0783524 -0.0318282  0.228765         0 -0.973482  0.187873 0 0 0 1         0 -0.263398  0.785398         0 -0.524398  0.785398 -0.524398  0.872398         0 -0.785398  0.785398         0 -0.785398  0.785398 -0.785398  0.785398
0.0332031
0.854884
0.230809
100
0
100
0.143282
0.752766
0.0383623 0.225884 0.207875 0.209393 0.0280379 0.211897 0.104655 0.235414 0.204118 0.0318122 0.228027 0.248631 0.19926 0.230025 0.0302595 0.0460592 0.164872 0.0343206 0.241109 0.205836 0.232211 0.223125 0.0366076 0.224293 0.219427 0.1934 0.0326203 0.0348573 0.0365548 0.100072 0.0420434 0.200866 0.0398806 0.198807 0.0306335 0.216617 0.201419 0.0342842 0.22065 0.0349564 0.267391 0.0310092 0.216862 0.230779 0.0325533 0.203747 0.24141 0.190561 0.229273 0.223569 0.210946 0.0342749 0.238869 0.190432 0.208388 0.214477 0.264723 0.0351951 0.030963 0.0353661 0.0236421 0.0380992 0.209829 0.032841 0.222139 0.0331175 0.0362588 0.222033 0.0326158 0.0313714 0.188662 0.2065 0.198141 0.131757 0.0312176 0.0302458 0.204957 0.0357848 0.193165 0.215479 0.144374 0.0301975 0.0259148 0.208369 0.250013 0.19703 0.245065 0.199826 0.0339487 0.181808 0.212361 0.19891 0.22344 0.262498 0.208239 0.243156 0.0340576 0.0291666 0.0351861 0.03678 
0.0925026 1.11196 1.12235 1.14129 0.0705363 1.12352 1.12923 1.12668 1.13265 0.0796934 1.14768 1.36335 1.07715 1.27293 0.0773484 0.104497 0.918332 0.0846946 1.24422 1.1938 1.32317 1.20139 0.0854844 1.31924 1.1887 1.01654 0.0835211 0.0853934 0.0879793 1.19006 0.923408 1.17519 0.0945594 1.0342 0.0794031 1.10201 1.07631 0.0852179 1.10088 0.0864314 1.41153 0.0792732 1.21189 1.33941 0.0807379 1.05657 1.2338 0.902078 1.15371 1.13665 1.05664 0.0835796 1.23645 0.975962 1.08604 1.28621 1.41677 0.0881066 0.0806673 0.0870297 0.0639353 0.0892802 1.17411 0.0837785 1.08953 0.0842847 0.087094 1.2007 0.080677 0.0830278 1.12422 1.12066 1.06532 1.10408 0.0795033 0.0814091 1.19564 0.0866594 1.17758 1.06377 0.978427 0.0749446 0.0730212 1.20341 1.31073 1.05846 1.13462 1.09514 0.0849468 1.0688 1.03122 1.068 0.889566 1.38521 1.1297 1.26839 0.0856699 0.0731499 0.0846177 0.0867139 
