  0.990748  -0.125333 -0.0520655 -0.0112584  -0.125161  -0.992115 0.00657741   0.011028 -0.0524793          0  -0.998622   0.189891 0 0 0 1         0 -0.263398  0.959398         0 -0.524398  0.872398 -0.524398  0.872398         0 -0.785398  0.785398         0 -0.785398  0.785398 -0.785398  0.785398
0.0889792
0.992746
0.0525035
100
2
98
0.138866
0.777894
0.20741 0.0306584 0.140076 0.191987 0.201935 0.208512 0.0339704 0.0328102 0.0246127 0.208844 0.195425 0.224583 0.143503 0.203503 0.22528 0.211206 0.193053 0.206171 0.208025 0.031598 0.24114 0.129296 0.229803 0.182954 0.200598 0.026245 0.127121 0.221977 0.202737 0.200102 0.161047 0.17361 0.223737 0.0270002 0.0127541 0.183454 0.172244 0.210015 0.218931 0.0269764 0.215418 0.0217038 0.0221963 0.192834 0.220728 0.197619 0.180722 0.17996 0.219163 0.0350273 0.0304625 0.151795 0.225419 0.02742 0.0312188 0.0357 0.0288617 0.170959 0.160306 0.155988 0.0233093 0.0389675 0.030876 0.149025 0.216894 0.196956 0.0292208 0.147772 0.210144 0.0309614 0.203509 0.181376 0.100229 0.0208599 0.0848359 0.0321019 0.169756 0.207957 0.219126 0.178092 0.032858 0.1938 0.181543 0.223442 0.0295821 0.177817 0.151889 0.03298 0.21316 0.209144 0.0274978 0.214733 0.113264 0.0249586 0.0263458 0.240009 0.0307785 0.214714 
1.01616 0.0784687 0.953647 0.987172 1.09328 1.12021 0.0858364 0.0836126 0.0671609 1.1475 1.1046 1.14002 0.965904 1.14706 1.18343 1.18703 1.07506 1.16917 1.10541 0.0783311 1.17097 0.924544 1.30199 1.03523 1.10989 0.0725544 1.04742 1.08421 1.10339 1.06195 0.961458 1.05509 1.20747 0.0741425 0.905157 1.06329 1.02133 1.01115 1.16126 0.0639813 1.14009 0.0589841 0.0598221 1.12547 1.1345 1.02171 0.983216 1.00823 1.11056 0.0893431 0.0777851 0.941708 1.20463 0.0726125 0.894913 0.0874754 0.0732895 1.00528 1.04398 1.00586 0.0638261 0.0939971 0.0795326 0.915394 1.15626 1.10167 0.0757497 0.945284 1.05223 0.0779612 1.16039 1.04519 1.02926 0.05798 0.965759 0.0811043 0.984853 1.2008 1.13305 0.999413 0.0837983 0.985834 1.06366 1.16285 0.0774586 1.05349 0.947626 0.081428 1.17228 1.11001 0.0731924 1.18902 1.05072 0.0679271 0.069693 1.14824 0.08108 1.23057 
