-0.990748  0.125333 0.0520655 0.0112584    0.125161    0.992115 -0.00657741   -0.011028 -0.0524793          0  -0.998622   0.189891 0 0 0 1         0 -0.263398  0.959398         0 -0.524398  0.872398 -0.524398  0.872398         0 -0.785398  0.785398         0 -0.785398  0.785398 -0.785398  0.785398
0.189679
1.04274
0.0525035
100
1
99
0.122337
0.671537
0.0310821 0.0153472 0.0255444 0.184359 0.221432 0.034713 0.194981 0.142227 0.0205611 0.0352572 0.21734 0.0237182 0.0324751 0.177409 0.137836 0.191951 0.227397 0.0255467 0.0240016 0.0337249 0.216684 0.258447 0.166606 0.101623 0.229777 0.19582 0.0324352 0.17743 0.0347065 0.0229707 0.199738 0.178542 0.0246912 0.0351287 0.0252094 0.195337 0.131398 0.0315463 0.226924 0.0303048 0.0185565 0.128633 0.186728 0.0270496 0.0323175 0.213724 0.0229968 0.220218 0.221582 0.19143 0.194912 0.0267055 0.201593 0.204092 0.18472 0.0348486 0.0316522 0.190864 0.210227 0.225458 0.174361 0.0221909 0.0471635 0.0508297 0.0337381 0.0340159 0.208169 0.206321 0.0197235 0.0193169 0.130835 0.198779 0.0351571 0.0317279 0.0349182 0.192849 0.0359741 0.174594 0.190882 0.267939 0.0377678 0.262715 0.0275889 0.0340614 0.215399 0.151229 0.161446 0.192544 0.176085 0.232846 0.0194526 0.225517 0.145465 0.218598 0.24911 0.158416 0.149367 0.0302889 0.0334107 
0.0792256 0.0503165 0.0711705 1.02733 1.10579 0.0829428 1.06633 0.917544 0.0597764 0.0857063 1.21866 0.0643594 0.0800392 0.963274 1.15825 1.12771 1.18171 0.0684743 0.0603833 0.0838418 1.15919 1.36776 0.950646 1.04573 1.23596 1.10281 0.0826233 1.04786 0.084683 0.839637 1.09212 1.06833 0.0689433 0.0858709 0.0678218 1.01176 0.896682 0.0816716 1.12714 0.0805626 0.0509689 1.07478 0.982651 0.0711936 0.0819264 1.12068 0.068275 1.10364 1.16802 1.06266 0.999862 0.0689469 1.05538 1.21027 1.01594 0.0875245 0.0796873 1.04455 1.17285 1.30146 0.955067 0.0658509 0.79459 1.02345 0.0843858 0.0834505 1.04099 1.03641 0.0544815 0.0616952 0.843529 1.17116 0.0858432 0.0804799 0.0838709 1.02812 0.0875401 1.0257 1.26266 1.21034 0.0893525 1.35276 0.0729091 0.0851176 1.17565 0.846345 0.99027 0.986865 1.04355 1.14479 0.0629653 1.23406 0.914677 1.12459 1.35341 0.98952 0.905844 0.0762876 0.0816503 
