 0.223744  0.695522   0.68278 -0.146055  0.216587 -0.718505  0.660939  -0.12812  0.950278         0 -0.311402 0.0635898 0 0 0 1         0 -0.524398  0.959398         0 -0.524398  0.959398 -0.524398  0.785398         0 -0.785398  0.785398         0 -0.785398  0.785398 -0.785398  0.785398
0.262561
1.36274
0.316668
100
38
62
0.216817
1.16185
0.241206 0.271142 0.20429 0.209637 0.257724 0.238274 0.265863 0.244004 0.240607 0.248484 0.0389991 0.0386456 0.254667 0.232418 0.226681 0.0371462 0.257585 0.200648 0.257559 0.269121 0.244078 0.216792 0.197109 0.287961 0.240696 0.265888 0.253829 0.235847 0.268648 0.265762 0.261027 0.0465668 0.223994 0.254452 0.261248 0.253373 0.248867 0.0318576 0.256244 0.268163 0.251928 0.166124 0.0369174 0.256837 0.0372167 0.259235 0.247775 0.262767 0.228384 0.242776 0.232597 0.26249 0.107052 0.238201 0.255622 0.233302 0.264048 0.249587 0.245661 0.0341437 0.246913 0.265958 
1.29328 1.38258 1.15099 1.12297 1.43636 1.19627 1.39648 1.31141 1.20062 1.33959 0.0940339 0.0924116 1.36687 1.45683 1.20312 0.0865507 1.32895 1.34027 1.40352 1.38403 1.24628 1.20529 1.10698 1.4177 1.35056 1.40011 1.30561 1.26304 1.29458 1.40312 1.41967 0.107415 1.25741 1.37082 1.38346 1.38641 1.29546 0.0808321 1.3839 1.39252 1.3625 1.25934 0.0868748 1.36975 0.0943539 1.38806 1.33326 1.35884 1.27135 1.33745 1.19767 1.3737 1.19947 1.18936 1.38994 1.40532 1.41804 1.33631 1.30644 0.0851421 1.26784 1.34526 
