   0.02425   0.999631  0.0122349 -0.0131266   0.892473 -0.0271616   0.450282 -0.0920326  0.450448         0 -0.892803  0.182992 0 0 0 1         0 -0.524398  0.959398         0 -0.524398  0.959398 -0.524398  0.785398         0 -0.785398  0.785398         0 -0.785398  0.785398 -0.785398  0.785398
0.27019
1.37215
0.467267
100
2
98
0.238853
1.31237
0.233685 0.264876 0.267813 0.270237 0.230419 0.279609 0.235219 0.226649 0.230672 0.254919 0.015589 0.240052 0.265109 0.236478 0.240965 0.243065 0.242423 0.275175 0.233204 0.268516 0.244032 0.288363 0.250242 0.231608 0.246898 0.233002 0.26183 0.271216 0.237859 0.227057 0.248083 0.23713 0.21018 0.258379 0.273345 0.255386 0.241517 0.235761 0.252008 0.262326 0.263459 0.236934 0.222393 0.271852 0.256662 0.218675 0.264528 0.272677 0.247994 0.215195 0.257305 0.246583 0.271291 0.257632 0.24654 0.273109 0.260736 0.245164 0.258937 0.23712 0.221714 0.0326218 0.251408 0.269456 0.186964 0.233953 0.208549 0.210371 0.270636 0.274794 0.253012 0.192702 0.261953 0.26113 0.261417 0.263633 0.256674 0.269305 0.237307 0.245688 0.248708 0.252377 0.0403426 0.272782 0.254611 0.246324 0.207518 0.252009 0.237492 0.238113 0.0933 0.275685 0.182885 0.238399 0.226558 0.23745 0.244713 0.249322 
1.29451 1.40745 1.38239 1.39865 1.35571 1.42766 1.32286 1.33516 1.24471 1.37428 0.886213 1.36191 1.34569 1.22588 1.32662 1.36516 1.25405 1.42001 1.18271 1.39579 1.2948 1.48059 1.26153 1.28139 1.27814 1.36163 1.32677 1.39326 1.26863 1.19711 1.39076 1.32282 1.26996 1.36202 1.41692 1.32295 1.3448 1.34896 1.32791 1.40274 1.39688 1.33058 1.23654 1.3828 1.41694 1.30306 1.3672 1.43367 1.33105 1.13449 1.36472 1.34181 1.42663 1.28448 1.35576 1.41834 1.40418 1.39151 1.33912 1.34977 1.30293 1.11281 1.41364 1.35761 1.21764 1.30715 1.09911 1.45346 1.29827 1.39869 1.3163 1.18519 1.40583 1.41921 1.29836 1.37988 1.3215 1.4131 1.35056 1.32595 1.38339 1.31709 0.0958923 1.41773 1.38298 1.22585 1.18103 1.36615 1.33875 1.29692 1.05274 1.38956 1.13761 1.37347 1.33346 1.31482 1.30791 1.34892 
