  0.608685  -0.709262   0.355598 -0.0660541 -0.612413 -0.704945 -0.357775 0.0799773  0.504433         0 -0.863451  0.176803 0 0 0 1         0 -0.524398  0.959398         0 -0.524398  0.959398 -0.524398  0.785398         0 -0.785398  0.785398         0 -0.785398  0.785398 -0.785398  0.785398
0.26399
1.36585
0.528725
100
0
100
0.232515
1.27048
0.252673 0.237352 0.260114 0.21046 0.252483 0.226208 0.23424 0.237839 0.245395 0.226422 0.0391331 0.226129 0.267642 0.243512 0.255936 0.273857 0.265484 0.274295 0.249765 0.252737 0.258718 0.227385 0.210893 0.167047 0.249957 0.24962 0.272253 0.256055 0.232483 0.244364 0.0335998 0.241706 0.219525 0.252985 0.173172 0.191917 0.246903 0.218122 0.248733 0.251383 0.261362 0.23531 0.266496 0.208269 0.279719 0.229518 0.251739 0.250162 0.076318 0.284033 0.260283 0.269915 0.265003 0.219789 0.244105 0.234839 0.25038 0.270478 0.270158 0.230871 0.228283 0.249885 0.262183 0.263797 0.278804 0.251114 0.228614 0.273166 0.272525 0.246616 0.0400545 0.231904 0.267244 0.1405 0.267562 0.202332 0.274582 0.255714 0.252256 0.087373 0.249449 0.252885 0.264288 0.276444 0.24242 0.231827 0.23385 0.207482 0.249742 0.211864 0.256061 0.237585 0.261037 0.220505 0.241911 0.233793 0.271101 0.210803 0.0382899 0.248401 
1.34992 1.19881 1.44032 1.4075 1.348 1.2278 1.25286 1.25126 1.36083 1.21269 0.0923205 1.25755 1.37899 1.37603 1.39228 1.40631 1.38111 1.44551 1.40058 1.36269 1.43989 1.22591 1.28992 1.06575 1.39074 1.34267 1.39088 1.36178 1.22216 1.35995 0.0823256 1.25658 1.20191 1.39023 1.1907 1.37455 1.42592 1.17068 1.34993 1.37193 1.411 1.17796 1.40862 1.16402 1.42222 1.17499 1.41433 1.37568 1.2198 1.36852 1.35896 1.38002 1.41092 1.16997 1.35596 1.225 1.35513 1.38933 1.4026 1.21304 1.24979 1.36243 1.42586 1.3994 1.43167 1.38092 1.342 1.37506 1.3811 1.34889 0.0922176 1.26808 1.40831 1.01471 1.39739 1.10529 1.41589 1.41766 1.27681 1.00939 1.34753 1.36904 1.4153 1.39808 1.25697 1.33402 1.3699 1.15424 1.30123 1.23438 1.35843 1.33302 1.36127 1.14153 1.34253 1.30946 1.36797 1.26562 0.0760186 1.36247 
