  -0.24435   0.968117 -0.0551617 0.00769893   0.944353   0.250499   0.213187 -0.0653092  0.220208         0 -0.975453    0.1883 0 0 0 1         0 -0.263398  0.785398         0 -0.524398  0.785398 -0.524398  0.872398         0 -0.785398  0.785398         0 -0.785398  0.785398 -0.785398  0.785398
0.235869
1.12541
0.222027
100
1
99
0.148155
0.748128
0.173473 0.035842 0.0333365 0.235102 0.24185 0.0196979 0.232252 0.22597 0.0314565 0.0370813 0.034525 0.233006 0.207762 0.0275984 0.0312683 0.241284 0.0305689 0.227197 0.208203 0.0349674 0.236578 0.214351 0.0393279 0.029699 0.258666 0.0367479 0.224751 0.175839 0.0306198 0.236101 0.0357781 0.195235 0.0342199 0.227493 0.229502 0.246693 0.231355 0.233623 0.212349 0.0399199 0.179482 0.0316741 0.225755 0.0359204 0.222138 0.190158 0.201091 0.225618 0.232763 0.231367 0.0340323 0.0344714 0.213473 0.0316681 0.262057 0.0285947 0.0348918 0.205637 0.0295861 0.206062 0.262357 0.0307625 0.202903 0.177236 0.212828 0.242212 0.219888 0.200431 0.214819 0.228163 0.205727 0.0384237 0.229873 0.215661 0.0330622 0.207596 0.0385138 0.230655 0.0401081 0.0346866 0.0355532 0.200702 0.032829 0.186013 0.202945 0.193584 0.0327089 0.0317402 0.232651 0.227121 0.199329 0.247455 0.219977 0.226795 0.22954 0.0312686 0.23 0.0362949 0.0371999 
1.02468 0.0878378 0.0832796 1.19403 1.32365 0.056279 1.30005 1.24419 0.07861 0.0872381 0.0818631 1.07091 1.11435 0.0709791 0.0805629 1.32173 0.0776226 1.21261 1.18581 0.0865945 1.28349 1.07333 0.0940639 0.0747318 1.36131 0.0859182 1.17951 1.04903 0.0758174 1.2484 0.0878185 0.92175 0.0865554 1.1786 1.23455 1.24013 1.14854 0.996984 1.16574 0.0955661 0.936886 0.0812117 1.20208 0.0880972 1.1911 1.12105 1.08707 1.2564 1.3093 1.10076 0.0853581 0.083265 1.10425 0.0792472 1.38447 0.0741691 0.0854386 1.10161 0.0758342 1.04458 1.37115 0.0775287 1.06945 0.991403 1.11696 1.18261 1.07432 1.15597 1.08502 1.25353 1.13321 0.0913421 1.25328 1.22623 0.0820179 1.07011 0.0904337 1.18179 0.0951859 0.0848656 0.0885641 1.15828 0.0816619 1.06097 1.05628 1.13834 0.0763826 0.0802389 1.17363 1.19448 1.13737 1.27806 1.14204 1.10755 1.08831 0.0821417 1.30058 0.0871435 0.0893942 
