 0.684605 -0.342501  0.643435 -0.128044 -0.249573 -0.939517 -0.234565 0.0568221  0.684857         0 -0.728677  0.148704 0 0 0 1         0 -0.524398  0.959398         0 -0.524398  0.959398 -0.524398  0.785398         0 -0.785398  0.785398         0 -0.785398  0.785398 -0.785398  0.785398
0.262756
1.35692
0.754408
100
11
89
0.194627
1.0327
0.036259 0.264541 0.243304 0.273563 0.0351198 0.263525 0.267585 0.0384871 0.221274 0.244348 0.270271 0.0360259 0.228515 0.263446 0.277799 0.278572 0.25834 0.269421 0.177157 0.0364837 0.0371003 0.256762 0.00602155 0.237377 0.259815 0.261395 0.0394608 0.251807 0.248401 0.269421 0.252459 0.259314 0.232576 0.271225 0.269043 0.246967 0.221219 0.197202 0.280145 0.273397 0.255983 0.0308376 0.242694 0.234963 0.208475 0.25678 0.258381 0.23262 0.0333207 0.0330889 0.241168 0.204078 0.262562 0.269485 0.27203 0.271754 0.256753 0.0347762 0.23063 0.260404 0.271556 0.192059 0.274977 0.249533 0.0405545 0.0374443 0.0332803 0.0354981 0.272226 0.0330564 0.0354827 0.231143 0.0348063 0.245987 0.268909 0.257897 0.221471 0.265964 0.0275882 0.23148 0.0331871 0.252268 0.260067 0.234971 0.244481 0.269148 0.0320078 0.262364 0.0264905 
0.0859301 1.29691 1.32312 1.41611 0.0865354 1.37789 1.37556 0.0814376 1.16614 1.31591 1.41204 0.0825117 1.19619 1.34881 1.45878 1.41315 1.33753 1.31727 1.12937 0.0884799 0.0899991 1.37967 0.035788 1.18813 1.37944 1.41992 0.998677 1.33347 1.34887 1.42365 1.3261 1.28191 1.20342 1.40081 1.4165 1.33333 1.18271 0.917954 1.46806 1.41337 1.34054 0.0793579 1.18248 1.34572 1.19216 1.39206 1.39372 1.17477 0.0818264 0.0822885 1.36617 1.25773 1.38211 1.41745 1.4102 1.37662 1.41632 0.0857301 1.40236 1.3895 1.39629 1.43361 1.40239 1.40886 0.0934357 0.0882936 0.0791889 0.0871126 1.41443 0.0847449 0.0856427 1.16853 0.0880215 1.2785 1.44801 1.39587 1.237 1.40682 0.072272 1.24895 0.0850637 1.29325 1.40558 1.30555 1.24588 1.38541 1.21294 1.3659 0.0724842 
