 0.0744035   0.968117   0.239194 -0.0484206  0.287552 -0.250499  0.924427   -0.1466  0.954871         0 -0.297022 0.0708404 0 0 0 1         0 -0.524398    1.0464         0 -0.176398    1.1334 -0.524398    1.0464         0 -0.785398  0.785398         0 -0.785398  0.785398 -0.785398  0.785398
0.0907987
0.719088
0.301572
100
10
90
0.200833
1.77619
0.0221512 0.298413 0.149672 0.0225916 0.205196 0.169458 0.245313 0.24277 0.0974207 0.331482 0.207964 0.172851 0.433986 0.345537 0.37252 0.0878287 0.260865 0.130874 0.167424 0.145736 0.376262 0.08967 0.0190385 0.335903 0.0804134 0.087941 0.0888418 0.0186359 0.136993 0.182922 0.295455 0.28153 0.00920594 0.106502 0.112276 0.124 0.457772 0.324965 0.118894 0.139337 0.348449 0.488073 0.0180831 0.280255 0.443325 0.191193 0.456537 0.0663342 0.336538 0.282206 0.539337 0.0235897 0.12263 0.145968 0.118312 0.499608 0.0180187 0.0796366 0.30068 0.187469 0.156797 0.129778 0.351507 0.160846 0.350749 0.368291 0.119196 0.323726 0.1056 0.025701 0.173512 0.0216579 0.0867355 0.304275 0.124789 0.13623 0.139493 0.20345 0.0214095 0.378189 0.162233 0.024212 0.15447 0.276144 0.129071 0.199647 0.150476 0.289715 0.429214 0.134995 
0.059526 2.74462 0.923157 0.0590062 1.1426 1.03741 2.93019 2.24702 0.911563 3.10721 1.13375 1.04318 5.86335 3.04563 3.08203 0.786566 2.45032 0.876616 0.931967 0.812318 3.01281 0.782474 0.0579508 2.93225 0.841832 0.863217 0.805572 0.0508247 0.852104 1.0855 2.67455 2.60264 0.0353468 0.797327 0.850346 0.889711 5.35755 2.77101 0.881394 0.908863 3.12693 5.76282 0.050632 2.83046 5.46192 1.11767 5.66549 0.756777 2.76598 2.64415 6.37464 0.0606816 0.88124 0.796959 0.867841 5.83534 0.0497804 0.75836 2.45 0.998196 0.899685 0.859084 5.28653 0.981132 2.8701 2.93123 0.911591 2.70536 0.746199 0.0658712 1.05034 0.0576401 0.841545 2.77722 0.822277 0.86686 0.990736 1.12269 0.055528 3.32149 1.01908 0.0617268 0.886238 2.5694 0.850417 1.09502 0.850225 2.46649 5.45096 0.947392 
