  0.184032   0.968117   0.169946 -0.0445167   0.71124 -0.250499  0.656801 -0.131513  0.678432         0 -0.734664  0.149774 0 0 0 1         0 -0.524398  0.959398         0 -0.524398  0.959398 -0.524398  0.785398         0 -0.785398  0.785398         0 -0.785398  0.785398 -0.785398  0.785398
0.252498
1.40566
0.745626
100
11
89
0.188593
1.03268
0.0376787 0.0627735 0.0258721 0.254465 0.255256 0.252284 0.25973 0.0365673 0.272102 0.26694 0.246062 0.200035 0.248981 0.223114 0.225248 0.0400977 0.253736 0.236847 0.229605 0.234932 0.0369689 0.258658 0.033495 0.24628 0.247476 0.258288 0.271984 0.270811 0.203792 0.0373945 0.269879 0.241439 0.254079 0.0316076 0.265935 0.257767 0.267301 0.245202 0.0394979 0.0307294 0.254273 0.0306583 0.2343 0.228921 0.235125 0.241675 0.251554 0.0345513 0.0359953 0.244744 0.0342704 0.261268 0.0358276 0.0900062 0.255031 0.0369713 0.171371 0.0343144 0.225094 0.27519 0.25508 0.232865 0.264403 0.195224 0.244848 0.0340634 0.260694 0.276102 0.251614 0.268236 0.23296 0.251894 0.053383 0.234014 0.0334893 0.256923 0.250235 0.235389 0.240357 0.0372213 0.252039 0.263714 0.264263 0.0331729 0.223125 0.244833 0.261357 0.255794 0.0354008 
0.0882363 1.03211 1.16108 1.38731 1.36474 1.3542 1.40515 0.0872113 1.40378 1.41399 1.38998 1.22781 1.28122 1.19213 1.33488 0.0947576 1.34764 1.31214 1.25507 1.41318 0.0889103 1.42924 0.0843534 1.28564 1.36848 1.41163 1.39814 1.39123 1.1602 0.091091 1.40701 1.38313 1.37572 0.078021 1.37966 1.33177 1.39692 1.29156 0.093122 0.0791935 1.32382 0.0782558 1.33304 1.25452 1.31512 1.32201 1.35745 0.0835808 0.0861493 1.3314 0.084705 1.39508 0.0893869 1.16442 1.35001 0.0895599 1.11945 0.0841092 1.19262 1.43918 1.33925 1.24916 1.38177 1.13492 1.37875 0.084533 1.38488 1.42866 1.393 1.4396 1.28401 1.33725 0.993584 1.37306 0.0811831 1.38306 1.348 1.26261 1.34101 0.0872309 1.35783 1.38147 1.39938 0.0867112 1.20086 1.35366 1.41131 1.3596 0.0864115 
