 0.0342018   0.993444   0.109081 -0.0332247  0.297223 -0.114317   0.94794 -0.192639  0.954195         0 -0.299184 0.0611436 0 0 0 1         0 -0.524398  0.959398         0 -0.524398  0.959398 -0.524398  0.785398         0 -0.785398  0.785398         0 -0.785398  0.785398 -0.785398  0.785398
0.261207
1.36563
0.303838
100
37
63
0.205685
1.12452
0.25867 0.155693 0.235529 0.226907 0.0389767 0.274813 0.0373527 0.0346576 0.22255 0.277908 0.2614 0.241287 0.223042 0.0415366 0.040328 0.0335714 0.246899 0.245533 0.290718 0.258022 0.275655 0.249457 0.214949 0.24621 0.264456 0.0338206 0.249065 0.228775 0.268268 0.261451 0.0551459 0.231141 0.234018 0.273148 0.245525 0.270892 0.252113 0.250274 0.232553 0.25649 0.0345751 0.264524 0.252983 0.269104 0.0270277 0.279397 0.267086 0.269436 0.256988 0.231633 0.259555 0.251061 0.233253 0.0378577 0.267311 0.238056 0.233006 0.125653 0.170723 0.037555 0.225504 0.242087 0.244994 
1.41675 0.998569 1.21492 1.28623 0.0927131 1.44767 0.0896852 0.0861258 1.20975 1.44977 1.43598 1.26153 1.2163 0.108372 0.0940881 0.0807649 1.40373 1.26789 1.48752 1.32938 1.41656 1.3833 1.25934 1.31157 1.44917 0.0836071 1.26285 1.23533 1.43987 1.39267 1.02911 1.24998 1.35053 1.42631 1.25124 1.39971 1.35068 1.35276 1.26083 1.36621 0.0849386 1.40323 1.37207 1.41428 0.0753074 1.4425 1.39286 1.38898 1.33267 1.24792 1.37631 1.38485 1.29094 1.11953 1.37952 1.31268 1.31343 1.30609 1.03017 0.0890707 1.23662 1.27775 1.3234 
