  0.628557   0.766555   0.131567 -0.0329685   0.750295  -0.642179   0.157049 -0.0244033  0.204877         0 -0.978788  0.190224 0 0 0 1         0 -0.524398  0.959398         0 -0.524398  0.959398 -0.524398  0.785398         0 -0.785398  0.785398         0 -0.785398  0.785398 -0.785398  0.785398
0.241949
1.30786
0.206338
100
2
98
0.213408
1.24098
0.226296 0.239923 0.214966 0.184048 0.19583 0.240098 0.204158 0.262779 0.209798 0.14107 0.200945 0.158042 0.122198 0.23859 0.0305389 0.208486 0.214465 0.196754 0.209387 0.205529 0.240656 0.234309 0.204575 0.246628 0.236463 0.176203 0.243938 0.201732 0.22334 0.204374 0.219606 0.2271 0.159388 0.251945 0.248624 0.227916 0.00737896 0.211331 0.208369 0.206443 0.200411 0.233701 0.25644 0.218668 0.00420424 0.134092 0.25938 0.251708 0.247313 0.241526 0.225358 0.269504 0.262994 0.203798 0.271738 0.242923 0.208957 0.252412 0.270086 0.245853 0.226006 0.235057 0.241528 0.202808 0.227622 0.271536 0.184088 0.229983 0.205617 0.212355 0.204884 0.256081 0.230214 0.189799 0.249781 0.211897 0.179961 0.236137 0.230546 0.228583 0.228499 0.266618 0.17105 0.211141 0.222583 0.190133 0.205713 0.241558 0.182391 0.0244322 0.257155 0.25983 0.229886 0.206273 0.258629 0.2723 0.221472 0.224584 
1.22838 1.27803 1.24413 1.23112 1.11528 1.34273 1.18909 1.09042 1.24338 1.07313 1.20229 0.979264 1.10741 1.39872 0.953696 1.20189 1.15783 1.22876 1.20898 1.15874 1.30057 1.21942 1.23003 1.2922 1.34374 1.05673 1.332 1.24994 1.33766 1.16947 1.278 1.27983 0.987977 1.3952 1.38846 1.19942 0.977191 1.13037 1.24092 1.1982 1.21945 1.31286 1.38775 1.21674 0.979868 1.13622 1.26053 1.36304 1.32273 1.33198 1.23434 1.39508 1.38314 1.20527 1.46359 1.30815 1.23016 1.35774 1.38373 1.35776 1.266 1.32045 1.33004 1.20928 1.25299 1.37526 1.18583 1.25861 1.19064 1.23971 1.12447 1.34339 1.20785 1.09266 1.3793 1.28266 1.04369 1.34174 1.29101 1.26999 1.3556 1.37325 1.17659 1.21815 1.25819 1.04536 1.06578 1.34559 1.05367 1.12528 1.25711 1.39973 1.30626 1.25014 1.42285 1.39256 1.15907 1.31421 
