 0.535158 -0.695522  0.479433 -0.114646 -0.518039 -0.718505 -0.464097  0.124243  0.667264         0 -0.744821  0.155282 0 0 0 1         0 -0.350398  0.959398         0 -0.524398  0.785398 -0.524398  0.872398         0 -0.785398  0.785398         0 -0.785398  0.785398 -0.785398  0.785398
0.232595
1.17637
0.73053
100
11
89
0.131834
0.730548
0.214216 0.250795 0.21508 0.0342173 0.0378515 0.190823 0.251226 0.0382969 0.0285604 0.0266604 0.023135 0.203058 0.034522 0.0318979 0.22344 0.237408 0.267576 0.190665 0.231613 0.229496 0.218277 0.222985 0.133309 0.243869 0.0345729 0.234712 0.247121 0.0355902 0.240189 0.033892 0.0270834 0.14025 0.0180788 0.233815 0.0374807 0.025883 0.220821 0.219742 0.0261671 0.0279327 0.27642 0.139054 0.0347247 0.217339 0.0371731 0.0304037 0.245356 0.174001 0.13635 0.107563 0.0386595 0.0300127 0.0294615 0.0296671 0.0298199 0.0235951 0.20849 0.0320122 0.258377 0.234115 0.0360422 0.032364 0.0337674 0.0332212 0.204065 0.172788 0.18009 0.0346527 0.0322561 0.171545 0.217923 0.176366 0.0370302 0.210146 0.0317947 0.207411 0.0189188 0.244697 0.0305126 0.1715 0.204997 0.0366805 0.176625 0.207612 0.226072 0.238504 0.229902 0.213496 0.0273446 
1.13047 1.21061 1.05926 0.0880151 0.0925683 1.14086 1.20643 0.0908265 0.0760672 0.068407 0.0641661 1.21539 0.969796 0.0798395 1.19948 1.25099 1.36648 1.08345 1.24501 1.19272 1.16589 1.2237 1.02878 1.15811 0.084732 1.17705 1.40256 0.0864132 1.25735 0.0835943 0.0710503 0.873157 0.0486187 1.10069 1.01344 0.0660239 1.2413 1.20758 0.850714 0.0710813 1.40227 1.09199 0.0800556 1.11504 0.0931243 0.0771143 1.20388 0.955381 0.937155 0.893475 0.0908798 0.0762365 0.0744136 0.0734965 0.0745108 0.062581 1.18604 1.07706 1.3922 1.25756 0.0898903 0.0809131 0.0740317 0.0840622 1.16512 0.945912 1.01424 0.0823061 0.0810696 1.01358 1.12772 1.01269 0.0872072 1.10601 0.080102 1.18973 0.958544 1.21149 0.0772048 0.964613 1.11764 0.0841988 1.09883 1.05606 1.2247 1.29218 1.23815 1.13491 0.0685516 
