  -0.704936    0.709262 -0.00361395  0.00970052   0.709253   0.704945 0.00363608 -0.0232787 0.00512657          0  -0.999987   0.188649 0 0 0 1         0 -0.263398  0.959398         0 -0.524398  0.872398 -0.524398  0.872398         0 -0.785398  0.785398         0 -0.785398  0.785398 -0.785398  0.785398
0.189549
0.996054
0.00512659
100
3
97
0.134441
0.715703
0.030486 0.0332408 0.237718 0.0369016 0.029461 0.168387 0.0348627 0.211519 0.0329787 0.0304248 0.17951 0.218425 0.213503 0.240803 0.0262472 0.234531 0.212984 0.214505 0.202838 0.0295257 0.025153 0.210027 0.0335627 0.020258 0.035449 0.176472 0.0301267 0.25007 0.027158 0.190117 0.196755 0.0277581 0.228093 0.204888 0.220597 0.238596 0.0276346 0.213684 0.0272602 0.208029 0.0315054 0.0289802 0.248036 0.022889 0.226971 0.217432 0.180441 0.0320342 0.0242645 0.233827 0.166462 0.202065 0.169384 0.181448 0.0266967 0.160909 0.177597 0.0220353 0.0268928 0.216912 0.209391 0.197423 0.17916 0.201358 0.0308672 0.0317296 0.0249508 0.0267246 0.185648 0.206871 0.215549 0.195774 0.171979 0.171761 0.239642 0.165347 0.0316276 0.0261056 0.0294354 0.11066 0.0511729 0.197707 0.0259846 0.231134 0.183685 0.182926 0.0315467 0.217751 0.204513 0.184667 0.162498 0.219593 0.0264474 0.239751 0.216337 0.0302796 0.175431 
0.0768739 0.0839708 1.31212 0.0893508 0.0747534 1.04418 0.0865329 1.13196 0.081468 0.0819084 1.03335 1.10679 0.923165 1.34361 0.0692224 1.19395 1.09313 1.15612 1.13217 0.068527 0.0665464 1.02 0.0828049 0.0545491 0.0858964 1.00361 0.0803003 1.32908 0.0734562 1.04393 1.08039 0.072897 1.18858 1.13741 1.16679 1.32442 0.0722665 1.10087 0.0726189 1.13089 0.0800282 0.0749411 1.34032 0.0583403 1.21299 1.08228 1.00069 0.0824437 0.0635563 1.27109 1.15412 1.07808 0.913802 1.11971 0.0660136 1.07175 0.978258 0.0585146 0.0710918 1.17866 1.0883 1.11532 0.972807 1.10875 0.0788437 0.077763 0.0702707 0.0700407 1.00085 1.19801 1.23748 1.17337 1.01212 1.02804 1.29713 0.958322 0.078015 0.070065 0.072707 0.898922 1.0537 1.06821 0.0691562 1.09319 1.01748 1.0396 0.0787266 1.09273 1.10032 1.09878 0.963104 1.10711 0.0685781 1.30333 1.03571 0.075834 1.22334 
