 0.278594 -0.216622  0.935661 -0.189393 -0.0618172  -0.976256  -0.207614  0.0517863  0.958418         0 -0.285369  0.058393 0 0 0 1         0 -0.524398  0.959398         0 -0.524398  0.959398 -0.524398  0.785398         0 -0.785398  0.785398         0 -0.785398  0.785398 -0.785398  0.785398
0.163932
1.2858
0.289392
100
31
69
0.206533
1.16573
0.0308413 0.243311 0.265896 0.031046 0.260992 0.271249 0.234056 0.260327 0.261103 0.147209 0.252689 0.276056 0.229058 0.0390616 0.247168 0.0224767 0.248984 0.258302 0.226136 0.0371766 0.23231 0.0295094 0.267489 0.0372171 0.189604 0.260278 0.277929 0.035795 0.268253 0.26948 0.0340816 0.274082 0.261763 0.226591 0.260522 0.0349045 0.277297 0.0963724 0.2673 0.271215 0.249057 0.21361 0.265979 0.201615 0.262252 0.0393271 0.231993 0.266889 0.22652 0.0316783 0.271824 0.0321365 0.256744 0.256738 0.244674 0.238574 0.244685 0.261794 0.263962 0.229613 0.267563 0.257974 0.261457 0.226831 0.236497 0.250654 0.269995 0.231173 0.243847 
1.22917 1.31615 1.39116 0.0797566 1.38789 1.37826 1.43111 1.38989 1.44099 1.37598 1.38005 1.39518 1.21435 0.0937638 1.36078 0.919017 1.18442 1.33205 1.33808 1.14858 1.19981 0.0809101 1.3635 1.0312 1.20201 1.37117 1.46834 0.0868689 1.37403 1.39847 0.084886 1.40187 1.39802 1.11999 1.39118 0.0850743 1.4248 1.29437 1.45774 1.35782 1.25361 1.12999 1.39179 1.23061 1.39399 0.0891018 1.28358 1.39461 1.21645 1.248 1.41508 0.0822985 1.37857 1.32301 1.33918 1.20851 1.29327 1.40205 1.35314 1.17858 1.39424 1.37653 1.39327 1.10473 1.36106 1.42076 1.05786 1.2112 1.13146 
