  0.61013  0.766555 -0.200338 0.0168173  0.728299 -0.642179 -0.239139 0.0350249 -0.311965         0 -0.950093   0.18592 0 0 0 1         0 -0.263398  0.959398         0 -0.524398  0.872398 -0.524398  0.872398         0 -0.785398  0.785398         0 -0.785398  0.785398 -0.785398  0.785398
0.190139
1.02655
0.317261
100
2
98
0.127112
0.71041
0.196771 0.166968 0.167403 0.0373954 0.189769 0.187906 0.0290162 0.128876 0.177321 0.163504 0.179603 0.0245385 0.165337 0.117481 0.0241614 0.139796 0.170708 0.224634 0.252114 0.240554 0.207417 0.195626 0.0337605 0.0332237 0.187846 0.190541 0.229835 0.0654574 0.200316 0.0323312 0.183128 0.0249243 0.211013 0.188967 0.19749 0.0246495 0.0276874 0.191071 0.191345 0.173081 0.0313746 0.207596 0.122216 0.216427 0.204189 0.0284623 0.0320192 0.0249032 0.224977 0.027968 0.202631 0.209654 0.183374 0.0226259 0.221981 0.205733 0.0280354 0.0275799 0.203345 0.0335007 0.201883 0.132873 0.0259378 0.0337173 0.0148468 0.134102 0.178716 0.190766 0.03023 0.0137674 0.0311615 0.221379 0.0269004 0.171026 0.23389 0.0279658 0.200622 0.120868 0.0322037 0.0286088 0.0384303 0.176453 0.201903 0.0277927 0.0359404 0.209226 0.0269204 0.236081 0.169579 0.182524 0.0262758 0.163264 0.216907 0.193743 0.196895 0.0109217 0.0329525 0.0275826 
1.16954 1.03705 0.961437 0.08942 1.08724 1.05591 0.0733837 0.921802 1.00748 0.977073 1.00313 0.0623392 0.953238 0.968547 0.0644656 0.97111 0.989339 1.14405 1.35193 1.25448 1.11128 1.05795 0.081907 0.0850307 1.12439 1.0697 1.25398 0.94522 1.02047 0.0812114 1.00189 0.827067 1.11539 1.02427 0.991799 0.0640109 0.0739037 1.08065 0.993131 1.03868 0.0785417 1.14841 0.892634 1.26205 1.08643 0.891071 0.0806707 0.0664264 1.20646 0.0710057 1.18351 1.11724 0.992973 0.0659268 1.05329 1.20695 0.0707986 0.0708502 1.13286 0.0836169 1.09272 0.936885 0.0674124 0.0824214 0.0465901 0.94831 1.0208 1.08865 0.0840623 0.0394527 0.0772796 1.18504 0.0702604 1.07076 1.10343 0.073226 1.09713 0.957445 0.0803959 0.0719728 0.0920739 0.931527 1.11489 0.0715765 0.0887202 1.21091 0.0704798 1.26883 0.95812 0.972279 0.0683652 1.0314 1.23598 1.0513 1.1273 0.0343088 0.0820993 0.0691573 
