 0.540464 -0.125333   0.83198 -0.135545 -0.0682765  -0.992115  -0.105103  0.0267291  0.838592         0 -0.544759  0.116364 0 0 0 1         0 -0.524398  0.959398         0 -0.176398  0.872398 -0.524398  0.959398         0 -0.785398  0.785398         0 -0.785398  0.785398 -0.785398  0.785398
0.145393
0.862016
0.576102
100
9
91
0.131852
0.88323
0.166439 0.134672 0.170756 0.144903 0.182086 0.0219137 0.023319 0.203523 0.128864 0.19264 0.0124812 0.304022 0.204038 0.124595 0.133996 0.0238352 0.0297181 0.152487 0.0197745 0.115242 0.163059 0.0242511 0.211515 0.1684 0.1929 0.192848 0.0912729 0.0147414 0.0181563 0.240274 0.167706 0.0186155 0.0239242 0.214127 0.169048 0.302641 0.0148088 0.138979 0.291238 0.135338 0.141649 0.0212973 0.195796 0.157463 0.181829 0.102111 0.0216942 0.0624208 0.0256888 0.287 0.112612 0.290645 0.197941 0.0212007 0.147992 0.0252626 0.0218485 0.205452 0.136576 0.094015 0.0636659 0.0254249 0.204119 0.0383205 0.146904 0.153852 0.18763 0.0236642 0.0960785 0.171329 0.154138 0.207268 0.165154 0.167377 0.193296 0.173943 0.0245826 0.296371 0.0086575 0.178471 0.132409 0.205417 0.269982 0.103667 0.217018 0.101785 0.195135 0.146846 0.0193146 0.163835 0.0292237 
0.880682 0.838061 1.00318 0.963036 1.03244 0.0571355 0.0639389 1.1247 0.91898 1.14463 0.0424963 2.61248 1.10345 0.839364 0.931983 0.0644389 0.081909 0.980738 0.0580499 0.885445 1.00041 0.0643084 0.972967 0.945153 0.988859 1.03899 0.791152 0.0413706 0.0483244 2.54497 0.982057 0.0488597 0.0634744 1.09179 1.05777 2.86855 0.0392659 0.841962 2.54543 0.844433 0.900097 0.056419 1.10271 0.924513 1.03168 0.772003 0.056746 0.711142 0.0644839 2.60191 0.908547 2.62406 1.07466 0.0530717 1.02169 0.0674234 0.0578969 1.01797 0.960377 0.83228 0.780812 0.769286 1.08677 0.828271 0.983945 0.982345 0.975758 0.0620368 0.814334 1.06383 0.902706 1.12448 1.05219 0.978726 1.00206 1.01994 0.0571715 2.50768 0.0349108 1.02659 1.0002 1.14513 2.90698 0.776431 1.15293 0.842383 1.09112 1.01302 0.0480657 0.981561 0.0753251 
