  0.914603   0.342501   0.214929 -0.0660115  0.333419 -0.939517 0.0783525 -0.013921  0.228766         0 -0.973482  0.187873 0 0 0 1         0 -0.263398  0.785398         0 -0.524398  0.785398 -0.524398  0.872398         0 -0.785398  0.785398         0 -0.785398  0.785398 -0.785398  0.785398
0.198487
1.06051
0.230809
100
0
100
0.152897
0.800724
0.229115 0.211739 0.219816 0.20554 0.0381031 0.0357395 0.0317323 0.246758 0.183619 0.168909 0.201597 0.203783 0.260314 0.206825 0.206621 0.0288546 0.185632 0.235435 0.0363018 0.228244 0.193598 0.214945 0.0302296 0.214545 0.0222901 0.203354 0.185387 0.0267505 0.037902 0.0321392 0.0259038 0.0299695 0.233253 0.218367 0.197122 0.205342 0.0364746 0.218074 0.2067 0.0376112 0.226638 0.0348657 0.245609 0.0312268 0.200518 0.227824 0.234179 0.230156 0.216177 0.218277 0.162752 0.243526 0.228169 0.0288388 0.172201 0.0361123 0.223186 0.031707 0.201119 0.220487 0.0343188 0.225277 0.227837 0.21167 0.219705 0.236613 0.0360361 0.255581 0.0307111 0.0381901 0.0388047 0.0541183 0.22582 0.031509 0.218163 0.0310658 0.0907755 0.198125 0.218355 0.0349688 0.224349 0.24616 0.231617 0.200075 0.0308121 0.254658 0.189621 0.0303091 0.225817 0.0259998 0.210382 0.035193 0.252663 0.0295687 0.22009 0.197546 0.20889 0.197135 0.236524 0.036452 
1.12811 1.17614 1.10788 1.1023 0.0909569 0.084296 0.0779934 1.1923 1.0679 0.995942 1.10859 1.05338 1.35246 1.15626 1.17715 0.073965 1.08843 1.13099 0.0889551 1.07859 1.20324 1.16603 0.0779771 1.22339 0.0576954 1.14994 1.07714 0.0719684 0.0892789 0.0810245 0.0461074 0.0777341 1.20692 1.14485 1.04098 1.07658 0.089085 1.20009 1.13143 0.0891398 1.19338 0.084793 1.2031 0.0785132 1.06849 1.2249 1.14088 1.19585 1.12761 1.22302 1.0496 1.3957 1.11344 0.0769056 1.0147 0.0886492 1.16955 0.0794347 1.10439 1.10996 0.0861081 1.17469 1.1631 1.14634 1.1987 1.3147 0.0891562 1.38084 0.0778549 0.0906431 0.0926808 1.06817 1.19252 0.0784055 1.28128 0.0778574 0.911384 1.19858 1.16229 0.0857291 1.20228 1.11976 1.13073 1.10267 0.0778497 1.30472 1.12903 0.0771756 1.15687 0.068716 1.11556 0.0869915 1.32845 0.0750433 1.16381 1.06299 1.15308 1.15148 1.22877 0.0893142 
