 -0.0271186    0.999631  0.00152925 -0.00811339   0.998045  0.0271616 -0.0562812 -0.0120631 -0.056302         0 -0.998414  0.189906 0 0 0 1         0 -0.263398  0.959398         0 -0.524398  0.785398 -0.524398  0.872398         0 -0.785398  0.785398         0 -0.785398  0.785398 -0.785398  0.785398
0.200551
1.10592
0.0563317
100
2
98
0.129819
0.709554
0.0297286 0.0359718 0.209683 0.183064 0.0281468 0.157819 0.187114 0.0297445 0.187649 0.184381 0.21508 0.220013 0.0428552 0.201277 0.223512 0.176714 0.236774 0.0330604 0.0315233 0.15278 0.178775 0.22976 0.0336845 0.0279231 0.12922 0.0356985 0.158791 0.131144 0.186361 0.0299566 0.143267 0.183446 0.0248699 0.0296551 0.0354507 0.175204 0.104614 0.185306 0.0330977 0.183683 0.165692 0.199352 0.205528 0.204821 0.206451 0.190327 0.0374969 0.217385 0.182685 0.187968 0.233453 0.0331369 0.0304544 0.255838 0.0313282 0.175431 0.0297987 0.152152 0.0262308 0.21384 0.0314157 0.237308 0.195716 0.0250442 0.024667 0.193331 0.176545 0.181473 0.160805 0.0269631 0.201168 0.0978 0.0272636 0.0311739 0.0233055 0.185093 0.202732 0.151144 0.203071 0.215057 0.0251815 0.180564 0.0980198 0.214137 0.038196 0.0324757 0.0341668 0.193197 0.223273 0.0322961 0.0296165 0.18155 0.0350584 0.194759 0.0275571 0.176239 0.193864 0.234833 
0.0743627 0.0878024 1.23845 1.08898 0.0760204 0.969328 1.03577 0.0734219 0.980927 1.08223 1.13457 1.21772 0.0988668 1.16776 1.15354 1.10553 1.2961 0.0834605 0.080004 0.958115 0.941436 1.21615 0.084658 0.0702526 0.990519 0.0731968 0.952305 1.05012 1.0725 0.0767117 0.95335 1.0676 0.0649983 0.0773554 0.0860967 1.04086 0.91554 1.03249 0.0821149 0.997523 1.06593 1.09865 1.11198 1.20317 1.11367 1.04339 0.089914 1.09935 0.978366 1.1079 1.31364 0.084051 0.076124 1.40938 0.0783781 0.977597 0.0753942 0.977901 0.0673158 1.20188 0.0807144 1.30258 1.01052 0.0616483 0.0657181 1.0388 0.848712 1.07058 0.884797 0.0685408 1.11276 0.871077 0.070557 0.0799434 0.0626787 0.998584 1.11813 0.974687 1.09988 1.25478 0.0683279 0.845272 1.00953 1.18367 0.0919179 0.0778844 0.0841285 1.17763 1.15434 0.0832784 0.073238 1.07214 0.0870979 1.09879 0.0710427 1.03712 1.06535 1.15712 
