   -0.02425    0.999631  -0.0122349 -0.00592641   0.892473  0.0271616   0.450282 -0.0925503  0.450448         0 -0.892803  0.182992 0 0 0 1         0 -0.524398  0.872398         0 -0.524398  0.872398 -0.524398  0.785398         0 -0.785398  0.785398         0 -0.785398  0.785398 -0.785398  0.785398
0.246287
1.33714
0.467267
100
1
99
0.241847
1.3072
0.216574 0.273912 0.250587 0.262754 0.238553 0.208143 0.219191 0.269008 0.203119 0.265136 0.248158 0.235967 0.268914 0.0626053 0.271082 0.240453 0.261369 0.262472 0.271917 0.259753 0.244235 0.249437 0.264052 0.223066 0.263896 0.195743 0.224466 0.255466 0.224294 0.269888 0.239221 0.233073 0.25706 0.253291 0.24165 0.233516 0.267129 0.249248 0.232187 0.267613 0.256883 0.200434 0.268842 0.23679 0.232122 0.238181 0.247676 0.246081 0.232362 0.204751 0.269853 0.253102 0.237279 0.263718 0.240047 0.2777 0.267246 0.258068 0.23989 0.251933 0.259295 0.267885 0.222114 0.246778 0.241602 0.24936 0.164975 0.264423 0.256033 0.259869 0.26269 0.27029 0.249005 0.110599 0.229223 0.227308 0.246257 0.196456 0.202496 0.255229 0.279333 0.26379 0.259074 0.257907 0.199113 0.253285 0.251739 0.264522 0.230142 0.239534 0.22637 0.268979 0.262411 0.241549 0.135615 0.239036 0.269639 0.258334 0.259446 
1.31709 1.3893 1.31221 1.34285 1.26702 1.09888 1.17549 1.34247 1.19984 1.36757 1.32697 1.3607 1.40494 1.21083 1.40393 1.33974 1.26118 1.35483 1.37319 1.36112 1.2724 1.38934 1.36276 1.20595 1.37769 1.16352 1.30885 1.38741 1.18204 1.38997 1.36421 1.34484 1.31317 1.39626 1.31697 1.2181 1.37891 1.3519 1.26492 1.33851 1.36258 1.17261 1.37931 1.33521 1.31795 1.33241 1.24932 1.25402 1.21906 1.18312 1.38694 1.4016 1.33821 1.36969 1.36677 1.44312 1.41415 1.38333 1.24622 1.36338 1.37106 1.42033 1.21474 1.28486 1.25208 1.30732 1.22164 1.38599 1.33211 1.372 1.36168 1.38437 1.30909 1.08498 1.17274 1.36051 1.33586 1.17667 1.06911 1.25529 1.45185 1.37874 1.34966 1.02859 1.1997 1.3204 1.36553 1.36582 1.14981 1.36747 1.22337 1.40832 1.38112 1.33447 1.04799 1.20681 1.36176 1.38114 1.36119 
