  0.478562  -0.766555   0.428219 -0.0628557  -0.57125 -0.642178 -0.511156 0.0897592  0.666822         0 -0.745217  0.155188 0 0 0 1         0 -0.524398  0.872398         0 -0.263398  0.959398 -0.524398  0.872398         0 -0.785398  0.785398         0 -0.785398  0.785398 -0.785398  0.785398
0.169075
1.0622
0.729937
100
4
96
0.135373
0.746281
0.199584 0.143268 0.140386 0.0266118 0.22521 0.0118694 0.213524 0.0246201 0.197837 0.206572 0.208199 0.136323 0.185286 0.204168 0.168234 0.0232798 0.215369 0.153369 0.197862 0.18247 0.163469 0.183073 0.160427 0.0249403 0.206049 0.150537 0.169329 0.198542 0.0244543 0.230099 0.143796 0.0229847 0.194603 0.231981 0.204123 0.0315773 0.227605 0.0338486 0.21175 0.108962 0.220299 0.174814 0.0279287 0.0195881 0.0275161 0.0261584 0.025378 0.193265 0.173692 0.194403 0.027633 0.022588 0.138308 0.215874 0.189849 0.0345693 0.211761 0.0296873 0.164352 0.0354112 0.023512 0.048864 0.224217 0.229 0.0303272 0.0215895 0.256138 0.178078 0.215855 0.174933 0.154933 0.0261115 0.168588 0.025454 0.14071 0.200265 0.216316 0.217192 0.193146 0.0274243 0.160721 0.0319661 0.167715 0.0327588 0.0310278 0.191916 0.180596 0.158447 0.185225 0.0233519 0.21473 0.0317679 0.233169 0.0177613 0.202216 0.220497 
1.05164 0.91874 0.940776 0.0693996 1.17028 0.768806 1.12646 0.0640802 1.14585 1.07833 1.0153 0.98129 1.15023 1.18946 0.966076 0.0614012 1.20221 0.940415 1.07665 0.998385 0.972278 0.998898 1.03867 0.065948 1.01679 0.925811 0.995535 0.970197 0.0669033 1.16337 0.952965 0.0629633 1.01466 1.18775 1.10365 0.0805153 1.06985 0.0824954 1.14912 0.980181 1.0949 1.0271 0.0733863 0.0577646 0.0713311 0.0670604 0.0634556 1.1241 1.02963 1.05725 0.0708383 0.0612571 0.978122 1.0388 0.970334 0.0839768 1.02686 0.074934 1.05644 0.0880265 0.0616599 0.800794 1.31746 1.28075 0.0783988 0.058984 1.33879 1.05297 1.15894 1.00984 0.991671 0.0680982 0.943809 0.0687703 0.859899 1.18955 1.14239 1.12658 1.05358 0.0731644 0.943416 0.0801767 0.993121 0.0798312 0.0813054 1.0897 1.03389 1.01087 1.00913 0.0627578 1.16263 0.081781 1.18956 0.0511087 1.07282 1.0949 
