-0.297163  0.924271 -0.239618 0.0526654   0.7195 0.381737  0.58017 -0.15248  0.627705         0 -0.778451  0.164041 0 0 0 1         0 -0.350398  0.959398         0 -0.524398  0.785398 -0.524398  0.872398         0 -0.785398  0.785398         0 -0.785398  0.785398 -0.785398  0.785398
0.200675
1.10157
0.678602
100
6
94
0.135498
0.722284
0.0274835 0.223029 0.0322264 0.257218 0.0270246 0.171276 0.222738 0.177548 0.220724 0.0379147 0.210479 0.235164 0.240226 0.21751 0.150179 0.0340154 0.190039 0.0328161 0.0312301 0.212957 0.195238 0.148391 0.0318436 0.210509 0.177948 0.225487 0.0259599 0.217369 0.216109 0.242984 0.0348361 0.216444 0.201129 0.238141 0.0275241 0.0268162 0.132977 0.235431 0.19226 0.103685 0.0285573 0.0268821 0.216139 0.0388738 0.138495 0.03713 0.221265 0.180811 0.212121 0.144821 0.0374145 0.0297031 0.0335018 0.0222165 0.202592 0.0351159 0.172691 0.0302157 0.230765 0.152907 0.235727 0.0340241 0.250271 0.0292886 0.194 0.0272293 0.0381696 0.234234 0.035218 0.0348762 0.246257 0.0350229 0.200104 0.0387927 0.222034 0.246463 0.246068 0.0382592 0.0324519 0.225396 0.18831 0.245445 0.038432 0.176002 0.256447 0.179289 0.204493 0.0281088 0.0356286 0.0331966 0.203714 0.032168 0.0360257 0.190534 
0.0742791 1.19979 0.0810033 1.39669 0.0719949 1.00872 1.18201 1.06663 1.19371 0.0916368 1.18968 1.19943 1.32003 1.18308 1.13456 0.0859607 1.07521 0.0789147 0.0787153 1.14395 1.06123 0.945222 0.0785288 1.10296 1.0502 1.18117 0.0668325 1.23758 1.08819 1.34212 0.0868634 1.18154 1.06124 1.15786 0.0697728 0.0720613 0.965435 1.32576 1.12302 1.05244 0.0723748 0.0699372 1.1999 0.0902494 1.21199 0.0906646 1.25047 1.04215 1.09399 0.912533 0.0921938 0.0750586 0.0833496 0.0557808 1.05294 0.0857387 1.02985 0.0749104 1.23442 0.96584 1.25396 0.0846289 1.37389 0.0714766 1.10602 0.070677 0.0891414 1.36114 0.0855479 0.0867361 1.16257 0.0835223 1.13839 0.0964973 1.2045 1.29456 1.29217 0.0872829 0.0815114 1.26583 1.09679 1.18118 0.093149 1.01939 1.40628 0.973817 1.08041 0.0734848 0.0863694 0.0813516 1.15213 0.0801492 0.0892923 1.30048 
