   0.24435   0.968117  0.0551616 -0.0261512   0.944353  -0.250499   0.213186 -0.0605346  0.220207         0 -0.975453    0.1883 0 0 0 1         0 -0.263398  0.872398         0 -0.524398  0.785398 -0.524398  0.785398         0 -0.785398  0.785398         0 -0.785398  0.785398 -0.785398  0.785398
0.198155
1.11168
0.222027
100
4
96
0.147365
0.781396
0.215559 0.0250988 0.0220663 0.196602 0.0338302 0.195923 0.218192 0.0331457 0.0233352 0.222521 0.232334 0.220089 0.237068 0.0237174 0.210372 0.205399 0.221178 0.252018 0.22323 0.22408 0.20379 0.228221 0.219206 0.0370411 0.0379007 0.0331066 0.224317 0.191265 0.200329 0.210653 0.193189 0.038349 0.216867 0.10557 0.247901 0.182346 0.227028 0.180064 0.199327 0.230872 0.194246 0.174639 0.235934 0.206628 0.0358782 0.254219 0.041739 0.0353198 0.0355946 0.0370486 0.0358024 0.226375 0.215409 0.0323538 0.0392945 0.172054 0.239051 0.229742 0.185083 0.258356 0.0351647 0.241112 0.16244 0.215038 0.245585 0.23124 0.038148 0.0913471 0.0226532 0.0367937 0.0346986 0.237255 0.0307024 0.0290488 0.132959 0.0307641 0.206327 0.254943 0.030765 0.223583 0.0370435 0.229189 0.0339333 0.215409 0.249993 0.234721 0.0292888 0.0328372 0.208011 0.0346378 0.211486 0.0279869 0.0360592 0.244968 0.229642 0.0334424 
1.15682 0.0630456 0.0585898 1.0775 0.0840098 1.03047 1.24675 0.0807216 0.0599961 1.19506 1.19622 1.20892 1.25423 0.0654368 1.15783 1.20507 1.1284 1.29028 1.26285 1.25852 1.17679 1.18032 1.24818 0.0894624 0.0925784 0.0847278 1.31077 1.06165 1.09016 1.22511 1.10388 0.0918356 1.1827 1.08295 1.40503 1.11458 1.2689 1.0844 1.09532 1.30193 1.08272 1.0959 1.19388 1.14881 0.087144 1.43226 0.105922 0.087388 0.0870555 0.0895798 0.0894 1.2186 1.15317 0.079345 0.0931746 1.1233 1.21282 1.16201 1.05764 1.39082 0.0858756 1.20364 1.04865 1.29592 1.18592 1.17434 0.0916211 0.948821 0.064646 0.0899447 0.0861321 1.18372 0.0785879 0.0772559 0.981393 0.0761401 1.10324 1.38041 0.0802623 1.21021 0.0882135 1.23062 0.0848177 1.1959 1.28594 1.12595 0.0739118 0.0848038 1.12277 0.0853423 1.22091 0.0748369 0.0875534 1.28693 1.07225 0.0836346 
