  -0.08416   0.993444 -0.0773657  0.0115363 0.731373 0.114317 0.672329 -0.17089  0.676765         0 -0.736199  0.153152 0 0 0 1         0 -0.350398  0.872398         0 -0.524398  0.785398 -0.524398  0.872398         0 -0.785398  0.785398         0 -0.785398  0.785398 -0.785398  0.785398
0.230455
1.18375
0.74336
100
9
91
0.120949
0.612337
0.0387859 0.0325629 0.179283 0.0296281 0.114484 0.224247 0.235063 0.0379298 0.213355 0.0320799 0.231711 0.0186766 0.0274876 0.0250572 0.216858 0.0298489 0.0313699 0.0313204 0.0356544 0.19695 0.230412 0.0365687 0.0308792 0.168329 0.0290698 0.0342224 0.148149 0.238576 0.217372 0.245258 0.0372952 0.0406606 0.0287233 0.21525 0.120262 0.222708 0.0319155 0.0302774 0.223411 0.0342767 0.0309666 0.209064 0.0351815 0.0473138 0.0274963 0.202812 0.0346903 0.0169113 0.0273497 0.0260611 0.23202 0.0400517 0.218151 0.171943 0.239997 0.0249324 0.213581 0.23958 0.250868 0.178131 0.236821 0.0317873 0.255335 0.219476 0.236032 0.0310196 0.020677 0.148447 0.0369168 0.227948 0.226235 0.152212 0.0254221 0.121167 0.230042 0.0898601 0.0296317 0.244014 0.0360348 0.280732 0.0358225 0.218377 0.163818 0.231602 0.238443 0.0302032 0.0407213 0.244843 0.0369654 0.0394414 0.0332464 
0.090689 0.0815636 0.995949 0.0764846 0.884767 1.25429 1.21621 0.0895349 1.15753 0.0801838 1.2889 0.0566312 0.0937315 0.0659209 1.12244 0.0714262 0.0791336 0.0774444 0.0860545 1.00839 1.18734 0.0887246 0.078657 1.03804 0.0775671 0.085101 0.946215 1.12237 1.17432 1.3407 0.0917108 0.093305 0.0739997 1.14763 0.899971 1.21993 0.0815382 0.0795426 1.22877 0.0872702 0.0805056 1.13011 0.0854227 0.101441 0.0724911 1.08231 0.0820408 0.0508612 0.0702279 0.0707121 1.21615 0.0931547 1.11013 0.952284 1.23215 0.065943 1.10996 1.1403 1.26358 1.19173 1.18364 0.0778052 1.37729 1.19612 1.0904 0.0751122 0.0563163 0.947202 0.0862266 1.15504 1.11398 1.02515 0.0649412 0.836358 0.891946 0.983612 0.0705608 1.25155 0.0887137 1.46741 0.0819723 1.21262 1.07273 1.18596 1.13817 0.076351 0.0928703 1.33596 0.0896948 0.0912513 0.0841974 
