  0.0271186   -0.999631 -0.00152925  0.00811339  -0.998045 -0.0271616  0.0562812  0.0120631 -0.056302         0 -0.998414  0.189906 0 0 0 1         0 -0.263398  0.959398         0 -0.524398  0.785398 -0.524398  0.872398         0 -0.785398  0.785398         0 -0.785398  0.785398 -0.785398  0.785398
0.188017
1.07107
0.0563317
100
4
96
0.127829
0.722849
0.243566 0.193022 0.217568 0.0333049 0.0284947 0.0320402 0.0315023 0.218742 0.1896 0.248412 0.222985 0.202747 0.0265814 0.158428 0.168462 0.221254 0.0329645 0.193253 0.219797 0.0326431 0.134547 0.052033 0.0150261 0.149313 0.0281105 0.164305 0.237988 0.120209 0.204997 0.246995 0.188831 0.0294283 0.149652 0.0176521 0.192905 0.173657 0.0304951 0.0286332 0.171635 0.0313427 0.215435 0.0270981 0.0231026 0.0305305 0.0281795 0.0706085 0.171976 0.16551 0.206278 0.0236371 0.0270412 0.036912 0.0287785 0.023752 0.203985 0.136548 0.179501 0.185943 0.145648 0.204748 0.0361996 0.178874 0.0195837 0.185466 0.198993 0.0210949 0.147813 0.17427 0.268405 0.220141 0.224708 0.186269 0.0351854 0.0937175 0.175835 0.0295958 0.226201 0.167482 0.193373 0.210128 0.0296537 0.030161 0.205411 0.0305061 0.175696 0.190594 0.2277 0.031605 0.0358377 0.0319285 0.199143 0.0300182 0.0326018 0.191541 0.198727 0.218782 
1.32652 1.03826 1.15513 0.0853022 0.0751419 0.0807187 0.0835117 1.16816 1.10647 1.34612 1.14943 1.17073 0.0699669 1.02633 0.971523 1.1814 0.0856804 1.08922 1.28856 0.0830956 1.1354 1.00461 0.0457181 0.929689 0.0748113 1.04289 1.30685 0.939366 1.15313 1.16593 0.969216 0.0770481 1.05539 0.0502895 1.04557 1.08019 0.0784505 0.0739093 0.941218 0.0809137 1.08165 0.0699649 0.0614239 0.0773956 0.0755293 0.903538 0.962535 1.13075 1.12618 0.0672105 0.0742388 0.0906886 0.0762842 0.0643419 0.990017 1.21597 1.03573 1.02106 0.997128 1.14346 0.087316 1.05326 0.981348 1.08184 1.11895 0.0610638 0.922047 1.06056 1.28076 1.20761 1.24451 1.01314 0.0879722 0.913516 1.00287 0.0778968 1.1495 0.915901 1.09251 1.17201 0.0761825 0.0760438 1.17801 0.0793973 1.14505 1.0497 1.27299 0.0767115 0.0893728 0.078932 1.01094 0.0785122 0.0859397 1.20848 1.08718 1.17848 
