-0.990748 -0.125333 0.0520655 0.0136473   -0.125161    0.992115  0.00657741 -0.00788169 -0.0524793          0  -0.998622   0.189891 0 0 0 1         0 -0.263398  0.959398         0 -0.524398  0.872398 -0.524398  0.872398         0 -0.785398  0.785398         0 -0.785398  0.785398 -0.785398  0.785398
0.203079
1.03139
0.0525035
100
3
97
0.131489
0.710917
0.0310296 0.195592 0.0303207 0.0312204 0.185111 0.0648981 0.0326009 0.194509 0.0328545 0.201225 0.0309806 0.187057 0.171697 0.0337515 0.229119 0.219475 0.0309795 0.206549 0.0339483 0.195018 0.217153 0.19344 0.185912 0.242383 0.193608 0.0322601 0.197588 0.0291321 0.206082 0.198358 0.148262 0.192237 0.231473 0.175631 0.22923 0.0241523 0.193438 0.169656 0.217801 0.222046 0.223774 0.210178 0.027469 0.0295705 0.0365265 0.153427 0.179471 0.0232454 0.0242737 0.153501 0.199592 0.206097 0.0277854 0.209252 0.221914 0.183926 0.193882 0.160599 0.0270465 0.0267574 0.201612 0.023783 0.18355 0.21695 0.19093 0.214348 0.230863 0.0304378 0.174569 0.0282511 0.198964 0.0305722 0.236624 0.223384 0.160617 0.034499 0.202019 0.0317708 0.225485 0.0308457 0.172826 0.160496 0.033433 0.199772 0.0249846 0.206085 0.0262643 0.0240407 0.209933 0.187462 0.00209847 0.0247487 0.0303138 0.0314766 0.139584 0.0244945 0.0303151 
0.079244 1.05685 0.0767876 0.0749876 1.06892 0.901397 0.0814606 1.07652 0.0812712 1.00858 0.079603 1.10848 0.968693 0.0851945 1.27718 1.14133 0.0796318 1.16897 0.0862134 1.06966 1.11603 1.0551 1.11139 1.24116 1.08427 0.0808232 1.10434 0.0757567 1.06358 1.00644 1.0691 1.04806 1.15423 0.994294 1.2679 0.0648013 1.07189 0.994404 1.119 1.23168 1.25878 1.08387 0.0708873 0.0741257 0.0894709 0.953051 0.973326 0.0620926 0.0656078 1.01973 1.15186 1.09048 0.0726515 1.17212 1.17881 1.07611 1.09373 1.03498 0.0760722 0.0722698 1.07008 0.0637859 1.02446 1.17372 0.976495 1.15285 1.23134 0.0761428 1.02778 0.0759477 1.00754 0.0800972 1.33705 1.18874 0.980677 0.0850973 1.13837 0.0813831 1.19577 0.0766261 1.05063 0.986586 0.0827474 1.06966 0.066889 1.16343 0.0782756 0.063144 1.06139 1.02155 0.839581 0.0648449 0.0783239 0.0770196 0.874557 0.0656144 0.075524 
