   0.08416   0.993444  0.0773657 -0.0304713  0.731373 -0.114317  0.672328 -0.168711  0.676765         0 -0.736199  0.153152 0 0 0 1         0 -0.263398  0.785398         0 -0.524398  0.872398 -0.524398  0.785398         0 -0.785398  0.785398         0 -0.785398  0.785398 -0.785398  0.785398
0.22058
1.0685
0.74336
100
10
90
0.138135
0.714857
0.0275701 0.234323 0.0316708 0.264127 0.232917 0.165064 0.253367 0.208986 0.214386 0.0307573 0.0260059 0.0349429 0.184133 0.237215 0.0372899 0.251458 0.237185 0.241467 0.21404 0.037448 0.214914 0.0359359 0.205768 0.025474 0.0276421 0.0242867 0.221614 0.0396509 0.0372186 0.0242145 0.0282319 0.245876 0.249424 0.226448 0.0265035 0.0241202 0.152663 0.0367221 0.221382 0.0345343 0.220783 0.248612 0.0271823 0.152758 0.205914 0.18187 0.028028 0.24837 0.0224246 0.193295 0.185992 0.196842 0.0283815 0.0380536 0.268137 0.180284 0.250604 0.0300682 0.215441 0.0284708 0.247157 0.0249906 0.219232 0.197012 0.212101 0.222364 0.0353715 0.23542 0.221198 0.268453 0.0293689 0.0312926 0.0385733 0.163007 0.16025 0.231335 0.203001 0.0372306 0.223141 0.0303018 0.0281306 0.120242 0.225871 0.0229146 0.0394369 0.0852632 0.196693 0.231343 0.034609 0.198332 
0.0681272 1.29791 0.082312 1.4221 1.20669 1.0451 1.30362 1.08758 1.15425 0.0750963 0.0664031 0.0868006 1.08734 1.1529 0.0899131 1.35298 1.26746 1.18055 1.16078 0.090896 1.09933 0.0871238 1.16547 0.0651048 0.0724929 0.0653474 1.22662 0.0942436 0.0896026 0.0640951 0.0728929 1.16374 1.30884 1.10039 0.071451 0.0658484 0.903518 0.0853034 1.18367 0.0846183 1.14829 1.17039 0.0686527 1.06818 1.17682 1.04642 0.07389 1.25594 0.0609072 1.08396 1.10055 1.20303 0.0732654 0.0908589 1.35963 1.05545 1.34347 0.0782268 1.21158 0.0739462 1.27152 0.0648854 1.13464 0.92905 1.15276 1.17177 0.0864481 1.10432 1.14427 1.18992 0.0757495 0.0777235 0.0904218 1.00417 0.970731 1.21485 1.13268 0.0871421 1.12607 0.0764084 0.0737607 0.925057 1.28619 0.0621286 0.0942937 1.00861 1.13799 1.17309 0.0858425 1.2927 
