  0.704936   0.709262 0.00361383  -0.023219    0.709252   -0.704945  0.00363596 -0.00984243 0.0051264         0 -0.999987  0.188649 0 0 0 1         0 -0.263398  0.959398         0 -0.524398  0.872398 -0.524398  0.872398         0 -0.785398  0.785398         0 -0.785398  0.785398 -0.785398  0.785398
0.194271
1.01214
0.00512642
100
7
93
0.138451
0.761626
0.0638438 0.204377 0.0254997 0.159931 0.22139 0.21089 0.165162 0.199503 0.201965 0.0298124 0.112492 0.25134 0.0236675 0.222358 0.177449 0.0264663 0.0275343 0.183916 0.223345 0.181398 0.0250737 0.144287 0.0331384 0.174445 0.0295309 0.028245 0.207584 0.17928 0.240136 0.155491 0.175165 0.0263814 0.192624 0.0365806 0.212699 0.0335253 0.211203 0.0378227 0.252463 0.198712 0.163192 0.229862 0.166191 0.0268414 0.168023 0.0269351 0.187537 0.236468 0.0265063 0.0979749 0.192971 0.0284728 0.208478 0.152655 0.219275 0.178564 0.176451 0.0313008 0.183522 0.152522 0.222318 0.0330675 0.167212 0.197943 0.154075 0.191513 0.0275822 0.204286 0.0297182 0.221505 0.218248 0.206072 0.212946 0.0361825 0.216359 0.246282 0.0291142 0.0366453 0.212457 0.20718 0.0301952 0.223993 0.0370046 0.0316988 0.027911 0.178224 0.173986 0.195433 0.169579 0.0718573 0.0271486 0.244245 0.033469 
1.02916 1.20494 0.0672748 0.951563 1.09174 1.17689 0.978544 1.10773 1.08503 0.0745217 1.03012 1.31217 0.0621121 1.16849 1.04602 0.0693091 0.0709353 1.11323 1.0962 1.13513 0.068059 0.907938 0.0829653 0.996117 0.0763118 0.0702327 1.21799 0.993614 1.0041 0.973824 1.03918 0.0719547 1.00894 0.0892689 1.0728 0.0827071 1.03496 0.0904403 1.33156 1.12335 0.995601 1.23428 1.02063 0.0698213 1.09934 0.0706141 1.11907 1.23365 0.071295 0.923775 1.08888 0.0725506 1.1228 0.873401 1.08312 1.11125 1.01838 0.0785811 1.05958 0.96179 1.15166 0.0827839 0.995356 1.10813 0.999488 1.11129 0.0734615 1.11799 0.0748937 1.13231 1.19845 1.05167 1.16611 0.0882329 1.13099 1.34451 0.0729636 0.088531 1.14506 1.09457 0.0789711 1.27399 0.0880849 0.081107 0.0763901 1.1007 1.02455 1.09781 0.931743 0.901382 0.0712795 1.2785 0.0824598 
