-0.644837  0.711606 -0.278933 0.0657565   0.653121   0.702579   0.282516 -0.0801656  0.397012         0 -0.917813  0.182589 0 0 0 1         0 -0.263398  0.785398         0 -0.524398  0.785398 -0.524398  0.785398         0 -0.785398  0.785398         0 -0.785398  0.785398 -0.785398  0.785398
0.212495
1.06256
0.408259
100
2
98
0.161051
0.826963
0.221213 0.257868 0.0385304 0.205269 0.212249 0.244744 0.0405469 0.231354 0.234936 0.128308 0.191825 0.0317921 0.0381258 0.224387 0.227478 0.19771 0.219021 0.0363135 0.249173 0.036634 0.0316592 0.0357667 0.238604 0.240801 0.0395668 0.0347169 0.239903 0.0353746 0.252671 0.226409 0.0302235 0.0408306 0.21712 0.238515 0.234463 0.225544 0.0265298 0.221122 0.249429 0.0372811 0.225275 0.230822 0.224348 0.217456 0.211059 0.0397352 0.0258707 0.249744 0.221063 0.212321 0.0351545 0.238653 0.034693 0.0391526 0.0366905 0.256084 0.213817 0.0235551 0.250235 0.241701 0.239843 0.211486 0.246088 0.220758 0.029406 0.0269905 0.207467 0.265509 0.266678 0.227552 0.0377902 0.0302265 0.227483 0.251133 0.201767 0.214629 0.216439 0.0378035 0.0383944 0.219383 0.214168 0.0333251 0.0370591 0.214273 0.0390723 0.0382449 0.19962 0.220295 0.246265 0.214048 0.0386418 0.226941 0.0336983 0.24512 0.242535 0.246784 0.253109 0.231555 
1.18711 1.39287 0.0915224 0.849213 1.20598 1.31721 0.0939206 1.21658 1.21499 1.20301 0.948243 0.076328 0.0885516 1.27503 1.05608 1.058 1.20207 0.0850672 1.39662 0.0894181 0.0817458 0.086841 1.25377 1.16756 0.0946885 0.0836303 1.2432 0.0880905 1.36307 1.2192 0.080441 0.0975689 1.1705 1.20216 1.20409 1.1887 0.0683327 1.15899 1.33701 0.0899182 1.23756 1.25871 1.13185 1.13545 1.13664 0.0961609 0.0670668 1.34997 1.30649 1.1913 0.0885187 1.13306 0.0873924 0.0935317 0.0895831 1.39191 1.16955 0.0595043 1.38453 1.32164 1.24583 1.24192 1.27859 1.16896 0.0749714 0.0684027 1.20002 1.42717 1.3936 1.23208 0.0901289 0.0805933 1.30113 1.27932 1.11799 1.15134 1.10761 0.08971 0.0910772 1.142 1.21388 0.0839441 0.0912438 1.15278 0.0897842 0.0891141 1.0863 1.24192 1.15721 1.17262 0.0918022 1.23977 0.0838951 1.36829 1.22267 1.25039 1.41853 1.14802 
