-0.184032  0.968117 -0.169946 0.0260645   0.71124  0.250499  0.656801 -0.136288  0.678432         0 -0.734663  0.149774 0 0 0 1         0 -0.524398  0.872398         0 -0.524398  0.872398 -0.524398  0.785398         0 -0.785398  0.785398         0 -0.785398  0.785398 -0.785398  0.785398
0.14478
1.10448
0.745626
100
8
92
0.200429
1.05469
0.259952 0.0397646 0.0347764 0.261587 0.241439 0.252149 0.268687 0.260772 0.26501 0.256915 0.271169 0.259936 0.249894 0.174252 0.235742 0.239056 0.239355 0.277099 0.240247 0.239303 0.262168 0.236977 0.261746 0.259226 0.251519 0.274619 0.0368984 0.263976 0.260859 0.270201 0.254467 0.0322039 0.264255 0.268473 0.228014 0.0379383 0.225753 0.0412123 0.271199 0.0350353 0.0329184 0.268538 0.0332797 0.251391 0.254512 0.0373779 0.24837 0.0372347 0.275391 0.259533 0.250531 0.254537 0.0373753 0.262287 0.251273 0.229087 0.264599 0.0361044 0.256572 0.265895 0.259881 0.0380965 0.0347523 0.0370308 0.23993 0.254896 0.0331651 0.272852 0.172878 0.233579 0.240551 0.276078 0.247312 0.261092 0.0356456 0.179257 0.276965 0.252661 0.0393625 0.268961 0.257807 0.0359798 0.235196 0.253464 0.259352 0.260155 0.225329 0.0400371 0.037804 0.247923 0.253282 0.267503 
1.40755 0.0940673 0.084093 1.34613 1.26496 1.33007 1.37705 1.40525 1.36978 1.39781 1.42068 1.42544 1.34096 1.40965 1.24909 1.23344 1.30469 1.3403 1.27508 1.20314 1.3521 1.16517 1.44846 1.38108 1.34712 1.42555 0.091239 1.35546 1.41764 1.39229 1.38682 1.05168 1.36966 1.41284 1.26226 0.089587 1.13222 0.0909189 1.39601 0.085223 0.0814929 1.41018 0.0835773 1.31716 1.37133 0.0899497 1.35558 0.0883575 1.41171 1.39367 1.3518 1.3958 0.0891789 1.37993 1.414 1.17687 1.38314 0.0869751 1.40642 1.4543 1.339 0.0910825 0.0859953 0.089844 1.30949 1.34095 0.0834986 1.43437 1.08823 1.27008 1.32099 1.41732 1.32171 1.32048 0.0869536 1.07297 1.41516 1.37566 0.0929596 1.36892 1.38788 0.0869229 1.26701 1.36582 1.40089 1.40838 1.29072 0.0954743 0.0897894 1.31181 1.3412 1.38568 
