  0.990748   0.125333 -0.0520655 -0.0136473    0.125161   -0.992115 -0.00657741  0.00788169 -0.0524793          0  -0.998622   0.189891 0 0 0 1         0 -0.263398  0.959398         0 -0.524398  0.872398 -0.524398  0.872398         0 -0.785398  0.785398         0 -0.785398  0.785398 -0.785398  0.785398
0.170525
0.999478
0.0525035
100
4
96
0.13674
0.744647
0.0296576 0.0269689 0.217231 0.215678 0.166398 0.157184 0.0302091 0.176364 0.20939 0.175078 0.179744 0.199005 0.194094 0.190421 0.157396 0.0294461 0.239488 0.032673 0.187774 0.196803 0.191894 0.207198 0.0267396 0.231905 0.231453 0.199627 0.130228 0.0213085 0.170263 0.195798 0.0307246 0.181249 0.0329604 0.191535 0.242971 0.0325895 0.0279608 0.188253 0.180898 0.164201 0.219194 0.031127 0.0310047 0.166139 0.0290415 0.179683 0.163743 0.156921 0.0373423 0.251292 0.21814 0.169658 0.233102 0.128122 0.0346538 0.18547 0.180464 0.0297823 0.0215786 0.0271103 0.154762 0.0286581 0.0295767 0.217345 0.199561 0.260128 0.223328 0.0360347 0.233752 0.220456 0.030534 0.242844 0.230209 0.214122 0.0293997 0.0249171 0.246075 0.0282755 0.153106 0.206304 0.0341845 0.168882 0.15924 0.0296669 0.0351079 0.207604 0.022713 0.188392 0.17024 0.0331082 0.0301892 0.0288533 0.206689 0.0282958 0.216209 0.173961 
0.0749308 0.0710525 1.23681 1.24614 1.07158 0.984831 0.0796003 1.02458 1.19389 1.06037 1.00438 1.14559 1.10741 1.03295 1.00322 0.0751383 1.31824 0.0814313 1.29593 1.11363 1.0854 1.10559 0.0722314 1.10265 1.24433 1.16403 0.942203 0.0600482 0.99167 0.976861 0.0782703 1.19803 0.0845891 1.07804 1.30001 0.0817083 0.07384 1.00335 1.04309 0.984957 1.21192 0.0812357 0.0800296 1.07267 0.0738825 1.04509 1.02314 0.900195 0.0887256 1.35054 1.29905 1.05287 1.2928 0.926848 0.0873536 1.09151 1.00536 0.0769059 0.0609398 0.071178 0.912507 0.0734499 0.0750265 1.08331 1.12316 1.24084 1.22963 0.0877194 1.16583 1.12337 0.0772021 1.3342 1.15214 1.1784 0.0738845 0.0666623 1.34752 0.071377 0.928629 1.06665 0.0852173 1.04336 0.892995 0.0764024 0.085901 1.23054 0.0592755 1.14885 0.990586 0.0810934 0.0766419 0.0741492 1.11682 0.0748189 1.23108 1.02198 
