-0.0148837   0.999631 -0.0227207 -0.0047031  0.547764 0.0271616  0.836192 -0.137572  0.836501         0 -0.547966  0.116859 0 0 0 1         0 -0.524398  0.872398         0 -0.176398  0.872398 -0.437398  0.785398         0 -0.785398  0.785398         0 -0.785398  0.785398 -0.785398  0.785398
0.162051
0.930616
0.579931
100
11
89
0.10677
0.655986
0.173549 0.0200412 0.108054 0.0248918 0.147042 0.143902 0.173296 0.0207592 0.15612 0.193407 0.0204884 0.10328 0.162083 0.135451 0.1559 0.15901 0.0186607 0.138426 0.165786 0.177863 0.11925 0.187075 0.0199767 0.144386 0.155843 0.165041 0.0512115 0.189257 0.0048809 0.017732 0.151956 0.173267 0.0281533 0.022393 0.01619 0.147589 0.117439 0.0077845 0.109623 0.0186219 0.168984 0.150951 0.165357 0.0782491 0.117585 0.201794 0.148971 0.0910656 0.0186986 0.122213 0.027519 0.126031 0.0204712 0.105322 0.185103 0.166574 0.121719 0.126855 0.211614 0.183925 0.173549 0.186168 0.191937 0.121242 0.0103233 0.155506 0.0128104 0.143323 0.0235452 0.0254869 0.0227224 0.0277972 0.174849 0.0235248 0.112059 0.186984 0.0262793 0.192333 0.0221576 0.0292703 0.182673 0.0288825 0.188034 0.0765895 0.12333 0.161686 0.0710069 0.017002 0.00681418 
0.951888 0.0558097 0.797801 0.0693685 0.974564 0.865486 1.03379 0.0580125 0.895024 1.07036 0.0552816 0.812637 1.0235 0.869506 0.931976 0.990393 0.0518877 0.897855 0.878604 1.05281 0.833898 0.997537 0.0569372 0.956656 0.974446 0.992423 0.835496 1.00756 0.0284657 0.049292 0.878197 0.911361 0.0723844 0.0611816 0.0476646 0.91037 0.7956 0.0339608 0.853552 0.0536746 1.04476 0.962338 0.962205 0.852477 0.815346 1.14086 0.891365 0.70219 0.0525251 0.844415 0.0723796 0.923669 0.0610308 0.874289 1.02456 0.983398 0.880744 0.83745 1.05141 1.05584 0.91597 1.01613 1.04924 0.840185 0.0373501 0.878399 0.0388733 0.913109 0.0661987 0.0677497 0.0634833 0.0733582 1.05877 0.0642352 0.878171 1.01219 0.0709769 1.02764 0.0581055 0.0743611 1.14399 0.786975 1.05854 0.733669 0.906554 0.913716 0.834762 0.0483784 0.0312351 
