         0          1          0 -0.0120548  0.836039         0   0.54867 -0.138891   0.54867         0 -0.836039  0.170691 0 0 0 1         0 -0.263398  0.785398         0 -0.524398  0.872398 -0.524398  0.785398         0 -0.785398  0.785398         0 -0.785398  0.785398 -0.785398  0.785398
0.216768
1.1581
0.580773
100
2
98
0.145991
0.723917
0.215999 0.243355 0.03827 0.0370386 0.246423 0.234648 0.235884 0.242277 0.0374258 0.24161 0.208885 0.037616 0.242818 0.223831 0.271141 0.224792 0.0378148 0.234898 0.0350895 0.23361 0.239265 0.213847 0.226609 0.239412 0.0300226 0.212296 0.265984 0.208031 0.0359581 0.0281361 0.0294968 0.214629 0.256329 0.0376368 0.240986 0.032838 0.0309063 0.0392543 0.207432 0.0379406 0.232779 0.232251 0.225802 0.268141 0.0377962 0.0402324 0.0298797 0.226682 0.229942 0.215457 0.0300244 0.0310377 0.0296092 0.219479 0.134256 0.0619297 0.228006 0.0350215 0.0327107 0.0354665 0.03878 0.0358284 0.233564 0.0334671 0.230306 0.238905 0.0362153 0.246319 0.210532 0.0353003 0.274887 0.230984 0.0371355 0.267083 0.0350369 0.0378711 0.03861 0.234731 0.0300915 0.0253375 0.235388 0.0421568 0.0382823 0.0313299 0.244274 0.0355631 0.0130744 0.0393859 0.197528 0.0365291 0.216877 0.244619 0.268984 0.239893 0.232468 0.231839 0.255066 0.225983 
1.13131 1.20645 0.0898481 0.0911661 1.19175 1.23383 1.16439 1.1982 0.0892632 1.31507 1.17579 0.093533 1.20925 1.13083 1.39644 1.16045 0.0899763 1.18126 0.084561 1.10653 1.19928 1.14224 1.15598 1.24573 0.0769983 1.18312 1.40725 1.12537 0.0878735 0.0726513 0.0793186 1.07682 1.36633 0.0886283 1.20496 0.0815998 0.0783058 0.0941818 1.14108 0.0915418 1.16758 1.18108 1.23457 1.4147 0.0915666 0.0946102 0.0757218 1.20921 1.18242 1.1141 0.075541 0.0789423 0.0770705 1.09421 1.02193 0.1221 1.1748 0.0865786 0.0851718 0.0893187 0.0904128 0.0863752 1.17127 0.0824349 1.16391 1.19282 0.0879736 1.16006 1.2455 0.0857765 1.42197 1.22626 0.0890881 1.34507 0.0842206 0.0882819 0.0915729 1.18341 0.0768444 0.0677716 1.29328 0.103338 0.0911635 0.0790596 1.24886 0.0872024 0.756724 0.0970458 1.18811 0.0887945 1.13061 1.2173 1.32332 1.22429 1.19841 1.27616 1.34938 1.13945 
