  0.0271186    0.999631 -0.00152925  -0.0109396   0.998045 -0.0271616 -0.0562812 -0.0115454 -0.0563019          0  -0.998414   0.189906 0 0 0 1         0 -0.176398  0.785398         0 -0.524398  0.872398 -0.524398  0.872398         0 -0.785398  0.785398         0 -0.785398  0.785398 -0.785398  0.785398
0.206637
1.0522
0.0563317
100
3
97
0.1354
0.739575
0.240316 0.0256561 0.186797 0.193356 0.149023 0.030528 0.0325926 0.0261782 0.212782 0.23669 0.162647 0.0326136 0.10896 0.232417 0.22511 0.0257935 0.0266805 0.0252211 0.166024 0.161358 0.0332003 0.207719 0.174328 0.187533 0.181062 0.206987 0.154998 0.162002 0.0287849 0.153589 0.222799 0.148479 0.211134 0.209328 0.0341784 0.208153 0.131032 0.233757 0.185908 0.220752 0.0296119 0.204291 0.0338466 0.0326699 0.191486 0.210008 0.138811 0.0301477 0.226908 0.169688 0.163096 0.0337279 0.191332 0.0319821 0.0346026 0.0345547 0.0258089 0.198983 0.177806 0.0295419 0.213191 0.236994 0.215284 0.030553 0.192211 0.198956 0.214575 0.0340979 0.202061 0.0268432 0.21153 0.202422 0.196006 0.0312673 0.202409 0.226248 0.219445 0.0357912 0.0357096 0.0235585 0.0307345 0.242525 0.0313487 0.0221481 0.207431 0.210459 0.185471 0.14335 0.184612 0.234111 0.0356469 0.163648 0.0243629 0.0346547 0.215776 0.0299397 0.203049 
1.36169 0.0663762 1.13171 1.17751 0.897221 0.0780175 0.0838905 0.0706936 1.15997 1.34693 1.00672 0.0814001 0.90816 1.15687 1.1733 0.0654577 0.0659996 0.0661347 0.985548 0.955017 0.0825547 1.16173 1.05335 0.945016 0.986708 1.12468 0.997097 1.06593 0.880386 1.01617 1.13823 1.03291 1.15506 1.04459 0.0848853 1.14957 1.05987 1.13897 1.08429 1.14171 0.0769206 1.1075 0.0842239 0.0809657 1.08991 1.14794 1.0552 0.0767596 1.13111 0.946074 0.928553 0.0857094 1.0446 0.0795609 0.0869787 0.0860321 0.0666758 1.01467 1.11525 0.0757171 1.19147 1.16191 1.24851 0.07775 1.09485 1.08311 1.14561 0.0826354 1.15298 0.0636692 1.14492 1.12901 1.11061 0.0759898 1.14056 1.19579 1.11172 0.0854264 0.0886979 0.0589608 0.0788905 1.32829 0.0780222 0.054266 1.12426 1.08137 0.959914 0.968645 1.11248 1.22697 0.0860172 1.00724 0.0645111 0.0839144 1.22904 0.0756122 1.17246 
