 0.628556 -0.766555  0.131568 -0.018358 -0.750295 -0.642178 -0.157049 0.0366432  0.204877         0 -0.978788  0.190224 0 0 0 1         0 -0.524398  0.959398         0 -0.524398  0.959398 -0.524398  0.785398         0 -0.785398  0.785398         0 -0.785398  0.785398 -0.785398  0.785398
0.240285
1.31937
0.206338
100
2
98
0.224278
1.26076
0.218211 0.206673 0.24749 0.233884 0.248055 0.222594 0.249585 0.108488 0.224922 0.254097 0.249046 0.230497 0.245907 0.240967 0.164786 0.25034 0.180276 0.248186 0.220995 0.225516 0.1764 0.203417 0.248056 0.243741 0.202371 0.252727 0.235166 0.22116 0.227674 0.203232 0.232355 0.226009 0.24126 0.206631 0.221652 0.249965 0.26082 0.238939 0.246451 0.258418 0.247863 0.229595 0.231664 0.231418 0.232041 0.230359 0.252612 0.207147 0.0256206 0.210802 0.256348 0.200722 0.240639 0.206366 0.248471 0.215579 0.213915 0.248153 0.207396 0.24263 0.249128 0.209102 0.201652 0.24614 0.022267 0.250006 0.220195 0.217259 0.245253 0.207551 0.207357 0.22864 0.210096 0.196618 0.247307 0.218239 0.251025 0.234605 0.255636 0.211639 0.229451 0.236313 0.20707 0.245597 0.270743 0.195676 0.254605 0.189535 0.249335 0.227613 0.226597 0.223011 0.248259 0.260654 0.232166 0.254458 0.227389 0.224763 
1.20219 1.11715 1.35669 1.26793 1.34724 1.23641 1.34816 1.17153 1.20849 1.3779 1.30935 1.28145 1.36266 1.30583 1.08106 1.33244 1.07554 1.38512 1.15669 1.21136 0.980837 1.21316 1.34336 1.37362 1.15041 1.37014 1.19433 1.33034 1.28371 1.24352 1.23118 1.27032 1.28121 1.20349 1.29313 1.38782 1.4289 1.23061 1.34409 1.37238 1.35469 1.23715 1.219 1.21206 1.29154 1.24609 1.41169 1.04559 0.939544 1.25666 1.36615 1.21895 1.2766 1.14118 1.35547 1.26523 1.19269 1.3098 1.17266 1.32864 1.39839 1.22134 1.22802 1.36031 1.01355 1.3627 1.17583 1.16301 1.34155 1.18083 1.18908 1.25301 1.21982 1.21531 1.36348 1.28537 1.32802 1.18703 1.33468 1.27156 1.35029 1.33416 1.1397 1.31319 1.37435 1.13637 1.364 1.03538 1.34202 1.21765 1.28595 1.23154 1.35169 1.39256 1.23357 1.28205 1.28187 1.29255 
