         0          1          0 -0.0120548  0.449696         0  0.893182 -0.191971  0.893182         0 -0.449696 0.0966527 0 0 0 1         0 -0.524398  0.959398         0 -0.524398  0.959398 -0.611398  0.959398         0 -0.785398  0.785398         0 -0.785398  0.785398 -0.785398  0.785398
0.273942
1.38231
0.466425
100
11
89
0.22654
1.18912
0.267853 0.259543 0.262409 0.2646 0.265939 0.236376 0.248856 0.268279 0.170844 0.26523 0.259175 0.268537 0.277677 0.256279 0.25228 0.232431 0.250929 0.254935 0.273875 0.246581 0.258839 0.244214 0.274839 0.187858 0.267891 0.229641 0.035166 0.271282 0.266361 0.0352545 0.277815 0.27094 0.034873 0.271892 0.272385 0.123257 0.263504 0.259063 0.264954 0.274736 0.269642 0.225789 0.0367041 0.257724 0.101649 0.247052 0.183759 0.290667 0.240524 0.262365 0.241045 0.275937 0.251652 0.038756 0.269064 0.0356526 0.252973 0.258611 0.244598 0.186385 0.245995 0.0394043 0.263314 0.275855 0.241275 0.0369461 0.240196 0.251522 0.244825 0.265621 0.221948 0.275973 0.272469 0.0401679 0.258177 0.244692 0.259047 0.252325 0.27499 0.251611 0.245264 0.265964 0.269951 0.210131 0.0393806 0.237703 0.270082 0.256919 0.272372 
1.39638 1.36508 1.35594 1.4074 1.43838 1.22579 1.23581 1.36846 1.07475 1.38018 1.3774 1.3719 1.38403 1.40184 1.27604 1.25332 1.20898 1.31455 1.4145 1.31172 1.41101 1.30693 1.37217 1.12483 1.38784 1.18502 0.0872431 1.30988 1.33501 0.0803469 1.41249 1.42238 0.0838528 1.38933 1.40474 1.06681 1.38049 1.41528 1.38224 1.38157 1.39001 1.17565 0.0897922 1.3774 1.0394 1.24702 1.13634 1.50394 1.25287 1.32862 1.34269 1.39679 1.3794 0.0911713 1.47086 0.0869965 1.3547 1.38707 1.27554 1.15008 1.26735 0.0951594 1.31966 1.40593 1.18566 0.0853069 1.31796 1.35709 1.29183 1.34945 1.14703 1.42395 1.39608 0.0964553 1.34543 1.2776 1.39165 1.41645 1.44329 1.38869 1.29929 1.39196 1.37271 1.15531 0.0925795 1.26809 1.45221 1.43916 1.37967 
