   0.704936   -0.709262  0.00361392 -0.00970052   -0.709253   -0.704945 -0.00363605   0.0232787 0.00512652          0  -0.999987   0.188649 0 0 0 1         0 -0.263398  0.959398         0 -0.524398  0.872398 -0.524398  0.872398         0 -0.785398  0.785398         0 -0.785398  0.785398 -0.785398  0.785398
0.194949
1.01381
0.00512654
100
1
99
0.14141
0.759654
0.206178 0.0333932 0.226448 0.0294324 0.196944 0.216434 0.203981 0.211639 0.209497 0.175196 0.183755 0.170871 0.204747 0.162743 0.205527 0.178784 0.0294812 0.217633 0.23553 0.0250607 0.182368 0.0301652 0.185703 0.0293617 0.19701 0.17987 0.029481 0.0251309 0.226797 0.22685 0.0207466 0.200228 0.222535 0.0217492 0.0319102 0.191676 0.180016 0.162229 0.248202 0.0360079 0.0340982 0.144721 0.155222 0.0308791 0.197036 0.191118 0.202243 0.214181 0.0189202 0.0295237 0.200627 0.210081 0.249568 0.0285879 0.211022 0.277328 0.032237 0.219719 0.218694 0.199546 0.23221 0.0333288 0.149546 0.223817 0.156351 0.0280689 0.209653 0.0325894 0.0342861 0.0349085 0.0372978 0.0312652 0.231026 0.0278592 0.198942 0.198642 0.169188 0.213668 0.0315938 0.0235503 0.0335819 0.219957 0.0326559 0.0253143 0.208464 0.0258244 0.20424 0.0346899 0.224021 0.246398 0.0594238 0.210807 0.172694 0.191837 0.197581 0.217639 0.0246515 0.179513 0.17585 
1.05453 0.085843 1.24251 0.0755331 1.14045 1.32368 1.00832 1.23274 1.15519 0.993761 1.04331 0.938882 1.13939 0.914446 1.13808 1.07523 0.0778164 1.17004 1.2956 0.0680828 1.01961 0.0768112 1.04157 0.075343 1.21324 1.02884 0.0743231 0.0680082 1.15025 1.15389 1.01352 1.0889 1.14236 0.0576221 0.0819682 1.13522 0.984156 1.03985 1.33152 0.0890336 0.0851357 0.892744 0.924981 0.079946 0.97038 1.03677 1.19692 1.23265 0.0514354 0.0759095 1.05003 1.04426 1.35455 0.0724432 1.1544 1.23484 0.0807896 1.12806 1.13567 1.10461 1.20609 0.0825061 0.9973 1.20965 0.973762 0.0715628 1.08526 0.0819883 0.0877895 0.0863962 0.0887053 0.0799422 1.28108 0.0724079 1.12286 1.1916 0.991287 1.09803 0.0815896 0.0654102 0.0864001 1.19353 0.0828233 0.07156 1.27171 0.0679299 1.1317 0.0879508 1.13503 1.2549 0.132235 1.14042 1.06965 1.07291 1.12734 1.24143 0.0658827 1.08141 0.989689 
