   0.02425  -0.999631  0.0122349 0.00592641  -0.892473 -0.0271616  -0.450282  0.0925503  0.450448         0 -0.892803  0.182992 0 0 0 1         0 -0.524398  0.872398         0 -0.524398  0.872398 -0.524398  0.785398         0 -0.785398  0.785398         0 -0.785398  0.785398 -0.785398  0.785398
0.245492
1.33751
0.467267
100
0
100
0.243607
1.30412
0.27086 0.247516 0.260579 0.260813 0.257926 0.224636 0.231197 0.266611 0.237722 0.261469 0.222795 0.225675 0.24866 0.225566 0.275778 0.246495 0.278 0.253038 0.252397 0.262255 0.303191 0.272052 0.24613 0.228245 0.273207 0.276486 0.25955 0.266735 0.259549 0.211613 0.239656 0.248022 0.25236 0.251421 0.260352 0.249361 0.198582 0.26097 0.272209 0.233309 0.249285 0.239111 0.0392768 0.276526 0.273856 0.25237 0.113184 0.250502 0.236918 0.267737 0.248916 0.255427 0.258876 0.239348 0.249329 0.264748 0.25989 0.24249 0.268884 0.273107 0.225552 0.20797 0.20007 0.274043 0.253629 0.206658 0.273565 0.258454 0.269619 0.237943 0.262724 0.238646 0.229363 0.227842 0.248981 0.256013 0.0348912 0.236113 0.229318 0.24575 0.244446 0.254725 0.23282 0.241629 0.268847 0.278884 0.265559 0.262982 0.245751 0.274547 0.251964 0.251415 0.261463 0.242217 0.245063 0.121481 0.257638 0.223646 0.234425 0.251299 
1.37054 1.34949 1.28081 1.3815 1.35694 1.28944 1.27739 1.44847 1.28735 1.38805 1.23794 1.24983 1.28005 1.2573 1.40248 1.36556 1.45082 1.36893 1.37893 1.3309 1.40384 1.38746 1.36779 1.25701 1.43307 1.40146 1.35401 1.35378 1.36158 1.16475 1.25742 1.37812 1.34835 1.30851 1.33256 1.26144 1.24533 1.38004 1.45988 1.27495 1.2569 1.21144 0.0914584 1.3848 1.41826 1.28824 1.18501 1.40731 1.4174 1.36362 1.3756 1.38208 1.37559 1.26857 1.32321 1.40431 1.41022 1.34891 1.40456 1.3527 1.29591 1.16046 0.967727 1.42906 1.38689 1.17804 1.38974 1.35895 1.40682 1.37374 1.38786 1.17732 1.20604 1.30284 1.37593 1.40094 0.0843251 1.21019 1.16712 1.33375 1.34033 1.43271 1.25278 1.23063 1.08502 1.48816 1.42466 1.38519 1.33825 1.42657 1.37956 1.38822 1.41152 1.34469 1.35736 1.18326 1.34845 1.17247 1.31122 1.36257 
