 0.349338  0.709262  0.612299 -0.102276   0.351477  -0.704945   0.616049 -0.0893834  0.868577         0 -0.495554  0.103073 0 0 0 1         0 -0.524398    1.0464         0 -0.176398    1.1334 -0.524398    1.0464         0 -0.785398  0.785398         0 -0.785398  0.785398 -0.785398  0.785398
0.0815682
0.662235
0.518472
100
27
73
0.142637
1.11967
0.0159742 0.0268354 0.0225598 0.0889524 0.215073 0.150704 0.37947 0.271435 0.337076 0.215457 0.134481 0.129662 0.192743 0.18234 0.0255029 0.139134 0.223598 0.125457 0.167833 0.154332 0.09718 0.157582 0.0108269 0.0120268 0.0705626 0.10905 0.0203442 0.0372298 0.0243556 0.101621 0.0217859 0.105095 0.0189611 0.0121975 0.149116 0.327146 0.148401 0.245635 0.0889141 0.183095 0.222052 0.293106 0.398444 0.0100211 0.0216089 0.163445 0.0121244 0.214672 0.341178 0.154061 0.0196104 0.292459 0.126078 0.0588117 0.118416 0.147746 0.022375 0.157105 0.459619 0.15986 0.116882 0.267059 0.117303 0.00807554 0.208986 0.231492 0.0178676 0.152991 0.171648 0.0259153 0.386952 0.0200147 0.15477 
0.042896 0.0685304 0.0590846 0.745093 1.17874 0.820069 4.64104 2.48417 2.79804 1.20798 0.815708 0.828729 1.01307 0.998157 0.0559089 0.87151 1.2017 0.673772 1.02567 0.911239 0.716832 0.942984 0.0296918 0.0366212 0.738973 0.854091 0.0546933 0.571243 0.0620792 0.823573 0.0552629 0.935457 0.0396604 0.0350682 0.909183 2.92746 0.892598 2.52984 0.860047 2.55183 2.56914 2.58501 5.1009 0.0320058 0.0564459 0.962903 0.536442 1.13083 2.80397 0.847181 0.0534957 2.58544 1.05031 0.546167 0.861838 0.943682 0.0607938 0.951118 5.36574 0.879041 0.71637 2.57244 0.827539 0.0293921 1.12061 1.24411 0.0507008 0.90478 1.06868 0.0674865 3.2892 0.0541433 0.860005 
