  0.297163  -0.924271   0.239618 -0.0526654   -0.7195 -0.381737  -0.58017   0.15248  0.627705         0 -0.778451  0.164041 0 0 0 1         0 -0.350398  0.959398         0 -0.524398  0.785398 -0.524398  0.872398         0 -0.785398  0.785398         0 -0.785398  0.785398 -0.785398  0.785398
0.204956
1.09701
0.678602
100
6
94
0.118054
0.662269
0.186355 0.18158 0.159434 0.225381 0.0332223 0.0381722 0.208915 0.0293706 0.210196 0.228873 0.0306537 0.0297407 0.0353711 0.193994 0.0248929 0.23024 0.0321604 0.0372428 0.11552 0.0245877 0.236131 0.0271092 0.0285652 0.195254 0.162627 0.0327555 0.210445 0.0287467 0.029509 0.0295787 0.0322907 0.244582 0.11481 0.0336657 0.0381305 0.0368448 0.21581 0.234582 0.307383 0.205427 0.0319266 0.190884 0.03574 0.0279737 0.234138 0.0307136 0.233515 0.025817 0.230205 0.0294429 0.185671 0.0344607 0.143434 0.0348887 0.0402954 0.0421615 0.229852 0.256113 0.230419 0.0314389 0.24228 0.168141 0.032579 0.216312 0.195304 0.0389258 0.0321948 0.0284494 0.146452 0.0299982 0.025705 0.268545 0.256067 0.217719 0.036398 0.0320819 0.0278464 0.143135 0.0289902 0.157102 0.026207 0.233745 0.210318 0.210471 0.036446 0.152224 0.0361609 0.0255621 0.227324 0.0859583 0.218661 0.0872628 0.0169403 0.206364 
1.06055 1.08089 0.924376 1.15324 0.0827695 0.0928134 1.14465 0.0755524 1.21971 1.25936 0.0806762 0.0750226 0.0865393 1.2093 0.0625861 1.10612 0.082497 0.0902981 0.995747 0.064987 1.20021 0.0688351 0.0756897 1.16579 0.984856 0.0831283 1.18646 0.0744109 0.0756876 0.0767936 0.0826443 1.22359 1.1994 0.083742 1.10261 0.0874442 1.2127 1.2189 1.20147 1.14503 0.0783152 1.12166 0.0872544 0.0737253 1.29006 0.0779651 1.29579 0.0683727 1.23298 0.0778638 0.934001 0.0833227 1.28772 0.0875159 0.0904297 0.0955047 1.11237 1.33234 1.25237 0.0812438 1.24572 1.10331 0.0822647 1.14728 1.13841 1.18239 0.883541 0.0750812 1.03201 0.0754986 0.786303 1.38374 1.40764 1.21399 0.0892423 0.0807663 0.0723845 1.04499 0.0751568 0.901577 0.0697836 1.16325 1.08423 1.15435 0.0843615 1.12003 0.0883988 0.0669134 1.12619 0.840829 1.08504 0.897087 0.0465371 1.14708 
