  0.137542   0.924271   0.356097 -0.0817301  0.333021 -0.381736  0.862192 -0.172922  0.932834         0 -0.360306 0.0737838 0 0 0 1         0 -0.524398  0.959398         0 -0.524398  0.959398 -0.524398  0.785398         0 -0.785398  0.785398         0 -0.785398  0.785398 -0.785398  0.785398
0.257941
1.3999
0.368596
100
28
72
0.202753
1.13855
0.264518 0.20825 0.259225 0.249419 0.246032 0.0394199 0.271019 0.25759 0.251165 0.254169 0.249885 0.250956 0.112793 0.216922 0.162069 0.0350565 0.233296 0.235609 0.217155 0.227894 0.0278551 0.214678 0.259957 0.247406 0.243406 0.210827 0.239774 0.100547 0.254608 0.265819 0.241409 0.259937 0.249001 0.259292 0.0313687 0.212117 0.280896 0.226667 0.239615 0.250527 0.247274 0.271663 0.25274 0.27735 0.0311703 0.250969 0.268099 0.0334963 0.0343504 0.2439 0.273209 0.235225 0.0386871 0.235248 0.0344523 0.250205 0.0336684 0.247716 0.182687 0.231082 0.135691 0.261096 0.260488 0.170783 0.0286592 0.246235 0.236852 0.214512 0.0323681 0.278656 0.263262 0.238249 
1.41445 1.16526 1.37662 1.41015 1.36023 0.0949869 1.38013 1.40417 1.33805 1.3564 1.36514 1.38569 1.1998 1.10468 1.24645 0.0882774 1.25647 1.28387 1.09263 1.2937 1.02229 1.22863 1.29574 1.40366 1.16882 1.14782 1.33072 1.11823 1.41208 1.39758 1.3279 1.38284 1.33217 1.3564 0.0812576 1.21489 1.50434 1.22774 1.35359 1.34846 1.35671 1.4187 1.3917 1.41685 0.0809049 1.41784 1.42191 0.0849246 0.0848621 1.36389 1.40689 1.32196 0.0903943 1.24397 0.087371 1.39177 0.0827493 1.32096 1.16433 1.27897 1.28054 1.34637 1.351 1.37141 1.05057 1.38015 1.25531 1.13307 0.082576 1.43745 1.32164 1.26575 
