  0.884045  -0.125333   0.450284 -0.0911136  -0.111681  -0.992115 -0.0568841  0.0211161  0.453863         0 -0.891072  0.182669 0 0 0 1         0 -0.524398  0.872398         0 -0.524398  0.872398 -0.524398  0.785398         0 -0.785398  0.785398         0 -0.785398  0.785398 -0.785398  0.785398
0.236115
1.15117
0.471095
100
2
98
0.235703
1.29255
0.210564 0.253613 0.269312 0.25085 0.234525 0.265047 0.266493 0.259677 0.267288 0.251313 0.248179 0.245421 0.25375 0.246257 0.252771 0.196601 0.245501 0.261509 0.268018 0.266388 0.225273 0.22906 0.267121 0.238965 0.243926 0.269556 0.0223927 0.245779 0.244851 0.154761 0.2446 0.19995 0.257027 0.23467 0.269021 0.261703 0.214558 0.247121 0.219165 0.193662 0.201353 0.238739 0.271903 0.265183 0.257148 0.276682 0.160079 0.223279 0.2717 0.215801 0.252182 0.254426 0.271112 0.24422 0.242093 0.235715 0.224881 0.272881 0.21217 0.242395 0.253462 0.261138 0.265907 0.249202 0.0353519 0.245807 0.0354618 0.263934 0.23707 0.250563 0.248096 0.275806 0.261014 0.250546 0.245817 0.232389 0.270135 0.266121 0.262503 0.224133 0.199501 0.243328 0.243076 0.21319 0.0624585 0.261691 0.238737 0.238429 0.27106 0.265222 0.218897 0.254249 0.245722 0.243308 0.24022 0.266829 0.210528 0.217775 
1.18192 1.34696 1.40345 1.34672 1.29304 1.39955 1.39744 1.40052 1.36767 1.35997 1.27694 1.37857 1.31647 1.36224 1.32878 1.19534 1.29638 1.40261 1.36418 1.40459 1.23477 1.14224 1.38404 1.23664 1.30913 1.41493 0.983235 1.36571 1.34153 1.36567 1.36725 1.27 1.39076 1.32578 1.397 1.39151 1.19608 1.26129 1.13046 1.0991 1.14904 1.30753 1.42396 1.38785 1.30934 1.48124 1.12981 1.24696 1.41477 1.13848 1.27181 1.31647 1.40251 1.31911 1.32329 1.37447 1.15514 1.40026 1.15693 1.22596 1.37991 1.34807 1.44854 1.39902 0.97887 1.37037 0.0870624 1.4412 1.27141 1.40731 1.29122 1.44062 1.38028 1.34968 1.32603 1.09086 1.40029 1.39372 1.41653 1.2151 1.17215 1.34055 1.36186 1.16508 1.07624 1.3903 1.22175 1.18024 1.40979 1.40377 1.18442 1.3851 1.24106 1.36375 1.27062 1.36561 1.19135 1.14487 
