 0.271167  0.342501  0.899534 -0.148562  0.0988541  -0.939517   0.327925 -0.0440149  0.957443         0 -0.288624 0.0696369 0 0 0 1         0 -0.524398    1.0464         0 -0.176398    1.1334 -0.524398    1.0464         0 -0.785398  0.785398         0 -0.785398  0.785398 -0.785398  0.785398
0.0791615
0.649056
0.292789
100
10
90
0.224473
2.05456
0.412624 0.32032 0.148303 0.10557 0.147253 0.381628 0.111916 0.432874 0.106826 0.477036 0.313626 0.297101 0.372634 0.0269334 0.310115 0.209161 0.292462 0.11388 0.216607 0.010819 0.134765 0.0212365 0.128774 0.107084 0.10293 0.125766 0.323145 0.180695 0.524811 0.12236 0.247653 0.0257454 0.384858 0.452923 0.143578 0.107647 0.37612 0.312451 0.264077 0.293985 0.285466 0.475145 0.286999 0.065361 0.491681 0.167437 0.295934 0.414335 0.0223161 0.281433 0.239692 0.179543 0.147058 0.0848009 0.156794 0.153178 0.121627 0.111828 0.152582 0.347465 0.123495 0.211011 0.16292 0.368566 0.286172 0.0230877 0.242462 0.116384 0.102211 0.278909 0.0179072 0.135412 0.140906 0.308039 0.454808 0.137595 0.291773 0.229709 0.310172 0.263189 0.0206848 0.504921 0.0803938 0.384326 0.1726 0.0249983 0.347829 0.108159 0.227533 0.457413 
4.93461 2.78644 0.954027 0.78077 0.890596 3.08545 0.850418 4.98999 0.733706 5.62287 2.90043 2.57992 3.16673 0.0640811 2.84061 1.13078 2.17631 0.862197 1.13119 0.0382712 0.894545 0.0533046 1.23337 0.822914 0.902982 0.910106 3.06516 1.0085 6.34546 0.863423 2.52748 0.0646048 3.12553 5.62485 0.82506 0.89123 3.04927 2.87669 2.5356 2.69152 2.69209 5.60847 2.58509 0.72374 5.63095 0.955849 2.61614 3.32951 0.0588962 4.8607 1.26135 0.997196 0.88977 0.761988 0.915279 0.926951 0.755821 0.842114 0.969178 2.84836 0.839966 1.22481 1.05405 3.21681 2.70718 0.0609342 2.44455 0.82195 0.770373 2.62766 0.0470289 0.805773 0.881016 2.66695 5.82871 0.839176 2.79104 2.42664 2.93933 2.43926 0.0533557 5.95041 0.75275 5.4694 0.879745 0.0569775 2.89798 0.871669 1.2986 6.18619 
