   0.44143  -0.756902   0.481912 -0.0718323 -0.511254 -0.653529 -0.558139 0.0976766    0.7374         0 -0.675456  0.133677 0 0 0 1           0   -0.350398    0.785398           0 -0.00239816      1.6554   -0.350398    0.785398         0 -0.785398  0.785398         0 -0.785398  0.785398 -0.785398  0.785398
0.211424
1.30256
0.741583
100
7
93
0.10837
0.725369
0.203036 0.247172 0.0175858 0.151062 0.0208089 0.1577 0.0219305 0.0241337 0.202074 0.237083 0.0172757 0.0249635 0.130689 0.184304 0.149265 0.031558 0.102136 0.111817 0.0348569 0.21935 0.150949 0.194771 0.0285062 0.0291596 0.0300352 0.221102 0.202727 0.0301762 0.137949 0.195521 0.193401 0.0234445 0.21281 0.0179453 0.167765 0.0117267 0.116327 0.0186636 0.0243392 0.16642 0.134589 0.15841 0.254642 0.170655 0.0215127 0.0317486 0.16457 0.118654 0.173787 0.0270104 0.0233418 0.0178282 0.120722 0.165261 0.01986 0.0304724 0.174928 0.0263684 0.0302578 0.196388 0.176784 0.0154115 0.0192495 0.193182 0.184213 0.179404 0.246959 0.0309485 0.0113332 0.0202505 0.19525 0.0283301 0.117267 0.0248343 0.128616 0.0230133 0.030715 0.018334 0.10349 0.203903 0.0169067 0.10081 0.0111058 0.208937 0.141284 0.18442 0.219853 0.167197 0.170243 0.0228527 0.195717 0.140044 0.0239687 
1.16095 1.38928 0.0464264 1.08826 0.0550308 1.19309 0.0531466 0.0741931 1.22948 1.43774 0.0502171 0.0642754 1.16576 1.2137 1.13056 0.0790326 1.25366 1.01633 0.0795023 1.40308 1.16056 1.33174 0.0741986 0.079019 0.0754018 1.41485 1.38404 0.0798407 1.01605 1.34698 1.40966 0.0631379 1.45908 0.0500649 1.29618 0.045055 1.07144 0.0498865 0.072976 1.19666 1.06868 1.23256 1.383 1.20744 0.0587853 0.0851152 1.2371 1.01646 1.23047 0.0714948 0.0647627 0.0599351 0.992794 1.26469 0.0582121 0.0729345 1.12599 0.0564637 0.0798144 1.20014 1.17699 0.0556576 0.0511375 1.29104 1.15549 1.34349 1.37735 0.0796689 0.0548939 0.0534507 1.25186 0.0708373 1.28446 0.0659357 1.073 0.0604037 0.0804822 0.0512818 1.12492 1.36754 0.0503277 0.975995 0.0501839 1.28068 1.06407 1.19478 1.32191 1.20974 1.26676 0.0623865 1.31526 1.10928 0.0606438 
