 0.227651  0.348585  0.909211 -0.144786 0.0846661 -0.937277  0.338146  -0.04368  0.970055         0 -0.242885 0.0555949 0 0 0 1         0 -0.350398    1.1334         0 0.0846018    1.6554 -0.350398    1.1334         0 -0.785398  0.785398         0 -0.785398  0.785398 -0.785398  0.785398
0.0273238
0.712703
0.245339
100
10
90
0.250265
2.5405
0.349346 0.273179 0.184187 0.178633 0.0309114 0.262049 0.320194 0.249387 0.528214 0.204565 0.269488 0.605488 0.181464 0.0309947 0.468081 0.0283871 0.481559 0.248226 0.311046 0.442643 0.461199 0.338744 0.135812 0.0419223 0.447216 0.0685861 0.279818 0.20722 0.0129414 0.157877 0.0908386 0.205256 0.224521 0.0308709 0.388194 0.483622 0.0964619 0.0123285 0.26352 0.196719 0.508857 0.546973 0.283282 0.272698 0.0961406 0.0398152 0.0302741 0.0288641 0.232712 0.651438 0.307247 0.241486 0.122502 0.0154327 0.232652 0.321614 0.160611 0.524392 0.279414 0.284195 0.183739 0.228504 0.180156 0.0838066 0.00922084 0.0171649 0.193853 0.0169566 0.526534 0.557538 0.332247 0.571818 0.338073 0.239036 0.324347 0.498621 0.171767 0.0491613 0.242902 0.145036 0.0936706 0.0488941 0.306429 0.328192 0.365221 0.319531 0.297772 0.229571 0.324969 0.326822 
5.86833 3.14801 2.55304 0.903772 0.749198 2.67809 3.20962 2.65416 6.56412 0.909433 2.72952 8.28759 0.920165 0.674778 6.07646 0.709473 6.31512 2.50226 3.13503 3.23185 3.53243 3.08575 0.775877 0.793395 3.43985 0.807509 3.77319 1.09414 0.0412825 0.719977 0.851545 1.05326 2.60399 0.66097 3.25014 6.32435 0.970816 0.0428919 2.54899 0.936899 6.10113 6.68912 1.42841 2.62716 0.893437 0.701313 0.0631481 0.795696 1.1699 8.93159 3.01357 2.56854 0.954041 0.0450815 2.49515 3.2949 0.997292 6.32726 2.6833 2.87298 1.24903 1.12412 1.03249 0.700022 0.0350624 0.637911 0.882927 0.0464821 6.15032 6.32611 2.84206 6.63524 3.30757 2.78333 2.69007 6.42139 0.990164 0.762501 3.7477 0.757909 0.911837 0.723077 1.73148 3.49456 3.7515 2.94482 2.74552 1.09232 3.03458 3.31222 
