 0.0640653   0.968661   0.239981 -0.0470243  0.249844 -0.248385  0.935886 -0.142862  0.966164         0 -0.257927 0.0578115 0 0 0 1         0 -0.350398    1.1334         0 0.0846018    1.6554 -0.350398    1.1334         0 -0.785398  0.785398         0 -0.785398  0.785398 -0.785398  0.785398
0.263235
2.62686
0.260876
100
17
83
0.215525
2.06764
0.262579 0.311485 0.496356 0.00826471 0.0147954 0.272638 0.164784 0.272041 0.0109673 0.0172434 0.570248 0.00106201 0.0174214 0.335835 0.019015 0.414306 0.299468 0.142969 0.080358 0.325448 0.0115728 0.327725 0.504059 0.211441 0.0457242 0.305056 0.013687 0.234274 0.31112 0.325291 0.198557 0.458135 0.305116 0.4351 0.0548469 0.317031 0.174974 0.263841 0.52779 0.398634 0.0183982 0.0716632 0.125113 0.194767 0.17547 0.0566128 0.562281 0.0783446 0.339831 0.257601 0.26573 0.269689 0.169564 0.526942 0.512303 0.298179 0.192526 0.195376 0.142598 0.0286865 0.0143475 0.256373 0.136719 0.0250681 0.267689 0.159807 0.278632 0.0788239 0.0922358 0.251822 0.430477 0.342433 0.301314 0.2579 0.0142219 0.26071 0.175662 0.0902398 0.0333693 0.165504 0.111162 0.189536 0.0116306 
2.66727 2.93878 3.65998 0.752999 0.0459438 2.76247 0.930972 2.54435 0.0431744 0.0489864 6.3206 0.729756 0.80394 3.18878 0.0471214 3.12665 3.06382 0.850805 1.95445 3.23131 0.670132 3.347 6.0968 1.17581 0.842623 2.88117 0.0411372 2.45171 3.00505 3.9077 0.978015 3.4953 2.92328 3.39575 0.811484 3.00783 0.981548 2.63295 5.24638 3.30464 0.624259 0.854938 0.967262 1.03326 0.862501 0.753906 6.12296 0.887446 3.0925 2.72048 2.8052 2.74754 1.03914 6.6877 6.03159 1.69793 0.985098 0.949709 0.837737 0.0625104 0.686874 2.61424 0.703488 0.73307 2.83037 0.896902 3.62297 0.542679 0.850822 2.82572 3.2455 4.40565 2.9228 2.58953 0.0436633 2.65099 0.956669 0.842053 2.25098 0.792829 0.948331 0.946281 0.0397846 
