  0.623246  -0.756902   0.196633 -0.0290405 -0.721828 -0.653529 -0.227736 0.0481161  0.300879         0 -0.953662  0.175408 0 0 0 1         0 -0.350398  0.872398         0 -0.350398  0.872398 -0.437398  0.959398         0 -0.785398  0.785398         0 -0.785398  0.785398 -0.785398  0.785398
0.222136
1.40462
0.305615
100
0
100
0.173906
1.11592
0.199402 0.225544 0.237324 0.154592 0.138202 0.146611 0.203587 0.249581 0.0216731 0.162573 0.227001 0.223693 0.141091 0.0343645 0.199616 0.195945 0.152254 0.289884 0.026317 0.272672 0.233846 0.195748 0.195881 0.231701 0.219545 0.166708 0.0236478 0.200934 0.195942 0.147063 0.256479 0.240935 0.247893 0.200249 0.0206877 0.220498 0.161922 0.165254 0.191738 0.17696 0.198192 0.183979 0.0333844 0.0255611 0.189796 0.296105 0.013044 0.163757 0.259214 0.22685 0.147467 0.221726 0.2142 0.186826 0.222779 0.194047 0.273188 0.204844 0.126648 0.245406 0.0282238 0.187635 0.185017 0.184666 0.027116 0.166993 0.132348 0.279926 0.228735 0.256152 0.225915 0.170515 0.165323 0.0166561 0.230858 0.175769 0.112301 0.281814 0.224844 0.024901 0.209841 0.21328 0.247107 0.206364 0.0234867 0.023263 0.143263 0.183876 0.212211 0.19231 0.250239 0.197533 0.173931 0.2349 0.0208955 0.0223491 0.252055 0.0474431 0.165636 0.242324 
1.28701 1.38315 1.4595 1.15883 1.03271 1.09779 1.1007 1.54831 0.0624559 1.1948 1.39939 1.37561 1.21543 0.090172 1.3303 1.30556 1.05234 1.57426 0.067778 1.55659 1.43617 1.23668 1.36867 1.40416 1.24732 1.08892 0.0635794 1.2578 1.26052 1.08612 1.63083 1.37826 1.3981 1.35069 0.0596373 1.40562 1.21422 1.18459 1.30776 1.27908 1.18229 1.14929 0.0863852 0.0707146 1.27238 1.61434 0.0477737 1.15422 1.4632 1.36064 1.15135 1.43114 1.41637 1.29298 1.28162 1.3056 1.59443 1.37147 1.13105 1.49566 0.0711054 1.17739 1.20105 1.37557 0.0723636 1.20171 1.05793 1.63179 1.39098 1.60182 1.3737 1.1819 1.13056 0.0547446 1.42128 1.19465 1.08894 1.55325 1.34643 0.0674711 1.26439 1.47632 1.42815 1.3923 0.0612696 0.0655111 1.23699 1.41738 1.38521 1.19259 1.43015 1.28245 1.21425 1.33996 0.0536937 0.057873 1.47771 0.999225 1.26922 1.52825 
