-0.623246  0.756901 -0.196633 0.0290404   0.721829   0.653529   0.227735 -0.0481159  0.300878         0 -0.953663  0.175408 0 0 0 1         0 -0.350398  0.872398         0 -0.350398  0.872398 -0.437398  0.959398         0 -0.785398  0.785398         0 -0.785398  0.785398 -0.785398  0.785398
0.220968
1.37603
0.305614
100
0
100
0.175514
1.1743
0.235875 0.249301 0.249202 0.167962 0.0253787 0.202932 0.245354 0.127996 0.183071 0.170606 0.0294395 0.155913 0.284855 0.223245 0.180145 0.1397 0.0899683 0.182458 0.10554 0.17468 0.0911957 0.185297 0.17293 0.203374 0.0981504 0.214178 0.243883 0.137506 0.0264892 0.2548 0.196504 0.0239474 0.0969218 0.245392 0.160397 0.195877 0.233873 0.277677 0.192984 0.173024 0.241809 0.168311 0.175185 0.244328 0.0365719 0.122149 0.189059 0.205096 0.186396 0.139964 0.189764 0.257143 0.200902 0.205204 0.0224782 0.239375 0.140271 0.226904 0.262342 0.00647041 0.186247 0.242082 0.259576 0.207803 0.208014 0.249406 0.235696 0.163544 0.0238035 0.244346 0.204787 0.257182 0.152343 0.204961 0.178046 0.222842 0.196346 0.201784 0.239303 0.176139 0.225109 0.214474 0.0192975 0.146136 0.202885 0.210124 0.212601 0.0311622 0.154356 0.217448 0.215559 0.208607 0.208762 0.175326 0.160662 0.0197316 0.172647 0.0157729 0.209623 0.169163 
1.45269 1.44476 1.49412 1.23361 0.0653526 1.31085 1.33674 1.00895 1.28024 1.20185 0.0727111 1.11694 1.68596 1.3899 1.10589 1.29399 0.936077 1.27874 1.09127 1.20394 0.872661 1.28923 1.21026 1.4167 1.06383 1.4257 1.50315 1.241 0.0714884 1.51258 1.22437 0.062066 1.33517 1.5193 1.14618 1.17849 1.42093 1.55962 1.29922 1.14971 1.38259 1.08005 1.20676 1.55133 0.864698 1.07795 1.27466 1.35992 1.27538 1.17451 1.33873 1.47299 1.29924 1.31302 0.0676741 1.38407 1.10147 1.30968 1.58753 0.0532345 1.25359 1.50209 1.50248 1.27073 1.3772 1.45627 1.456 1.14211 0.0642002 1.46306 1.3135 1.56442 1.05229 1.26576 1.30399 1.39631 1.31109 1.31731 1.42146 1.22393 1.3886 1.45382 0.0532989 1.15472 1.32387 1.42833 1.39699 0.0816275 1.27957 1.41464 1.24237 1.20884 1.37679 1.20699 1.30627 0.052435 1.15064 1.01587 1.3267 1.22797 
