  0.175473   0.968661   0.175797 -0.0439542  0.684314 -0.248385  0.685579 -0.130889  0.707759         0 -0.706454  0.137314 0 0 0 1         0 -0.350398  0.785398         0 -0.350398  0.785398 -0.437398  0.785398         0 -0.785398  0.785398         0 -0.785398  0.785398 -0.785398  0.785398
0.295703
1.6967
0.784475
100
8
92
0.225292
1.37012
0.335887 0.27675 0.254295 0.265585 0.229704 0.268602 0.230121 0.196454 0.0356734 0.247363 0.292254 0.0382635 0.249553 0.248955 0.225726 0.035898 0.27884 0.288014 0.250512 0.28398 0.246711 0.261326 0.0345585 0.20321 0.235601 0.293027 0.0994856 0.234027 0.268157 0.211038 0.220547 0.304026 0.298421 0.277135 0.203271 0.275172 0.0420002 0.315479 0.0999905 0.282509 0.231155 0.276459 0.239589 0.297842 0.280714 0.248425 0.304589 0.227355 0.0299966 0.222715 0.0385597 0.274779 0.302433 0.230584 0.0967903 0.296444 0.293696 0.334773 0.264047 0.270761 0.295468 0.317921 0.0356533 0.288324 0.210371 0.0329757 0.252327 0.30997 0.213015 0.303468 0.213211 0.174738 0.289592 0.274148 0.282595 0.241668 0.0363212 0.213763 0.271778 0.213708 0.228217 0.240912 0.25746 0.279025 0.262413 0.273853 0.284156 0.279567 0.0410569 0.232962 0.0329701 0.143457 
1.76694 1.60625 1.48093 1.51384 1.50345 1.48757 1.47281 1.46299 0.0947239 1.49464 1.63463 0.0980944 1.49851 1.50526 1.34781 0.0914763 1.63917 1.71079 1.5307 1.5567 1.52302 1.64259 0.0893366 1.28807 1.41201 1.69444 1.2663 1.56472 1.61642 1.51348 1.42975 1.59658 1.69498 1.63378 1.43994 1.55227 0.10429 1.70881 1.05605 1.62996 1.42974 1.51777 1.52276 1.74674 1.52763 1.52265 1.754 1.45638 1.4194 1.4238 0.0970013 1.62129 1.63299 1.51515 1.19797 1.59197 1.63548 1.77296 1.50607 1.60676 1.72167 1.77188 0.0907289 1.60517 1.38768 1.25414 1.43257 1.77661 1.22155 1.65355 1.42014 1.36258 1.56802 1.61753 1.60551 1.48457 0.0950674 1.42002 1.57479 1.39017 1.40385 1.44121 1.61133 1.61608 1.49434 1.5233 1.62582 1.63272 0.10092 1.35092 0.0879652 1.25605 
