 0.227651 -0.348585   0.90921 -0.138142 -0.0846662  -0.937277  -0.338146  0.0615445  0.970055         0 -0.242886 0.0555949 0 0 0 1         0 -0.350398    1.1334         0 0.0846018    1.6554 -0.350398    1.1334         0 -0.785398  0.785398         0 -0.785398  0.785398 -0.785398  0.785398
0.0363535
0.680089
0.245339
100
10
90
0.192616
1.89783
0.0745855 0.174589 0.0316675 0.188879 0.150185 0.332301 0.171177 0.213525 0.304859 0.291687 0.0965925 0.287622 0.00223778 0.0586586 0.398122 0.350849 0.346008 0.283219 0.263704 0.272289 0.28268 0.263209 0.332942 0.535116 0.0160638 0.00869039 0.0518624 0.150975 0.110531 0.313547 0.505925 0.37445 0.176976 0.0501304 0.373631 0.212997 0.281854 0.272596 0.0450206 0.36835 0.0987904 0.0703807 0.00962653 0.115186 0.085322 0.233807 0.601431 0.103319 0.0127891 0.142526 0.273257 0.244537 0.016786 0.257208 0.0632015 0.280621 0.164953 0.00145428 0.120361 0.0182552 0.16631 0.106042 0.427841 0.0722741 0.0102316 0.0438907 0.0664655 0.131654 0.182772 0.260151 0.460918 0.270575 0.306896 0.339293 0.0981408 0.0267036 0.280647 0.1423 0.0894449 0.169997 0.0191254 0.467136 0.304548 0.218745 0.0419245 0.0423548 0.0769716 0.0165095 0.288292 0.273154 
0.773243 1.08291 0.894212 1.05838 1.00907 2.97741 1.00846 1.06268 1.713 2.70309 0.955878 2.66084 0.0376869 0.767091 3.21279 4.33403 3.31433 2.71288 3.83764 2.6898 1.50465 2.6316 3.20954 6.28483 0.0452635 0.040261 2.72876 0.895163 0.576163 2.92923 6.0277 3.3359 0.860349 0.697721 5.16128 2.33786 2.91732 2.69444 0.721048 3.17881 0.8861 0.831295 0.0413419 0.969946 0.92347 2.62123 8.48288 0.992095 0.0541299 0.956955 1.59355 1.14906 0.0486025 2.68809 0.789382 2.98042 1.01706 0.0332512 0.912149 0.78088 0.857181 0.852056 7.37458 0.87527 0.0401075 0.751233 0.891154 0.943252 0.91454 2.72067 5.88499 2.7549 2.83501 3.24212 0.933701 0.676863 2.94104 0.863145 0.908589 3.35517 0.0555345 3.67338 2.6078 1.05286 0.103344 0.107337 0.782593 0.0499169 3.7639 1.65749 
