 0.246311 -0.708968  0.660829 -0.115251 -0.247613  -0.70524 -0.664322  0.129373  0.937027         0 -0.349258 0.0644827 0 0 0 1         0 -0.350398  0.872398         0 -0.350398  0.872398 -0.437398  0.872398         0 -0.785398  0.785398         0 -0.785398  0.785398 -0.785398  0.785398
0.202718
1.41679
0.356779
100
16
84
0.178683
1.1866
0.236541 0.180627 0.171462 0.209336 0.184368 0.25904 0.237023 0.215613 0.242865 0.150909 0.214016 0.160077 0.257711 0.0736935 0.266655 0.267509 0.214206 0.185657 0.150553 0.120748 0.176958 0.246963 0.272458 0.161324 0.173232 0.0418039 0.242543 0.24138 0.26059 0.230834 0.250105 0.246921 0.121393 0.289574 0.245319 0.0275514 0.225848 0.154074 0.0314095 0.273777 0.269006 0.272804 0.11928 0.256966 0.18525 0.122127 0.180746 0.168949 0.0395059 0.166501 0.0360633 0.0308943 0.0711074 0.283919 0.280399 0.113025 0.141096 0.264207 0.136678 0.273166 0.230372 0.0667947 0.16687 0.0205297 0.156839 0.0234168 0.243835 0.20862 0.209417 0.227793 0.15192 0.0620544 0.0349391 0.247498 0.195847 0.15345 0.031054 0.223591 0.256085 0.063955 0.0294322 0.251799 0.245186 0.183678 
1.47895 1.21342 1.1834 1.42166 1.27266 1.57306 1.29098 1.46827 1.45505 1.11215 1.30352 1.43309 1.57904 1.14569 1.51622 1.53275 1.32968 1.17598 1.20822 1.07424 1.27817 1.47918 1.52623 1.13977 1.09204 1.29518 1.37191 1.49395 1.47938 1.37085 1.3864 1.54399 1.27646 1.63872 1.48472 0.0685588 1.39304 1.06287 0.0821257 1.59579 1.62468 1.69457 1.14732 1.47824 1.28138 1.05965 1.23055 1.17846 0.100334 1.24909 0.0782842 0.064753 1.13755 1.58279 1.62539 1.28048 1.27706 1.51198 1.079 1.49419 1.44995 0.896596 1.25461 0.0587746 1.17443 0.0674326 1.35098 1.35767 1.34635 1.42732 1.14279 0.146059 1.22282 1.4179 1.25058 1.18168 0.0838577 1.29148 1.50687 0.831421 0.0783696 1.39073 1.47929 1.26331 
