  0.116218     0.9612   0.250178 -0.0582933  0.404956 -0.275854  0.871731 -0.166415   0.90692         0 -0.421303 0.0816982 0 0 0 1         0 -0.350398  0.785398         0 -0.350398  0.785398 -0.437398  0.785398         0 -0.785398  0.785398         0 -0.785398  0.785398 -0.785398  0.785398
0.297706
1.65365
0.434882
100
8
92
0.218993
1.3269
0.307279 0.0321857 0.260428 0.210313 0.261172 0.298129 0.219396 0.277596 0.241161 0.0397077 0.263534 0.0425217 0.233493 0.2693 0.237636 0.311253 0.218581 0.29285 0.211709 0.276427 0.274663 0.203935 0.210644 0.234364 0.152666 0.254239 0.0338402 0.291627 0.0662151 0.298897 0.291141 0.308014 0.227324 0.308245 0.227573 0.290356 0.041042 0.258925 0.272302 0.277036 0.196744 0.269275 0.0361072 0.229464 0.24868 0.204062 0.29672 0.231285 0.202134 0.171681 0.265691 0.20061 0.232972 0.258406 0.218493 0.0380175 0.20117 0.232479 0.312353 0.0389021 0.238705 0.289556 0.262777 0.283484 0.225754 0.224827 0.227482 0.0353657 0.240265 0.282523 0.241044 0.26492 0.0376346 0.205529 0.243863 0.192616 0.240008 0.29016 0.214868 0.377246 0.245329 0.232188 0.0082849 0.251961 0.166083 0.273543 0.188629 0.276802 0.0134846 0.203437 0.28687 0.269158 
1.64233 0.0857906 1.50288 1.40192 1.57614 1.58521 1.46426 1.42821 1.42182 0.101638 1.56592 0.10518 1.47773 1.45146 1.55657 1.74543 1.39268 1.69195 1.48932 1.5096 1.49792 1.5337 1.45558 1.46832 1.20697 1.43992 0.0905021 1.6367 1.29998 1.64218 1.7059 1.80613 1.42304 1.78815 1.43706 1.62601 0.10226 1.40344 1.55993 1.55982 1.23986 1.52813 0.0946842 1.4726 1.53754 1.32154 1.62048 1.45294 1.28134 1.23421 1.50015 1.28979 1.27696 1.53571 1.40423 0.0956647 1.3548 1.43556 1.72805 0.0996345 1.49024 1.69665 1.54972 1.5844 1.45546 1.44864 1.37348 0.0964197 1.47425 1.60988 1.48056 1.60142 0.0998167 1.36421 1.37637 1.39787 1.53853 1.639 1.32398 1.79748 1.4589 1.41686 1.21541 1.61796 1.35128 1.5836 1.27318 1.63795 0.0835989 1.39795 1.61962 1.63633 
