 0.651757 -0.348585  0.673574 -0.127717 -0.242396 -0.937277  -0.25051 0.0576671  0.718649         0 -0.695373  0.135279 0 0 0 1         0 -0.350398  0.785398         0 -0.350398  0.785398 -0.437398  0.872398         0 -0.785398  0.785398         0 -0.785398  0.785398 -0.785398  0.785398
0.301371
1.63634
0.768938
100
5
95
0.228273
1.41413
0.278835 0.257332 0.283499 0.0371667 0.26838 0.293913 0.338493 0.191072 0.330206 0.321344 0.238554 0.28762 0.26127 0.271955 0.181256 0.0513546 0.230024 0.103521 0.139098 0.296123 0.203546 0.292706 0.286358 0.255281 0.31888 0.304799 0.284525 0.0432126 0.294683 0.321423 0.20981 0.191345 0.297654 0.0359694 0.320082 0.0377467 0.291498 0.267165 0.302761 0.0306578 0.271378 0.271033 0.0319854 0.329372 0.300552 0.0984305 0.29474 0.300532 0.0379746 0.19689 0.0358428 0.237489 0.223732 0.298806 0.222371 0.0428222 0.261307 0.0381535 0.26492 0.242256 0.035409 0.305495 0.303457 0.264549 0.216921 0.169182 0.271441 0.270166 0.292791 0.267284 0.267335 0.1658 0.331963 0.319973 0.231695 0.299888 0.272086 0.0348058 0.306159 0.0222696 0.198835 0.289214 0.290313 0.309702 0.231914 0.24124 0.284386 0.280679 0.186006 0.213108 0.202553 0.273055 0.204377 0.245853 0.334366 
1.60243 1.4752 1.6344 0.0933564 1.44716 1.66819 1.78753 1.32922 1.78669 1.7547 1.43272 1.6686 1.50137 1.47167 1.46379 1.13076 1.45509 1.34953 1.39357 1.74449 1.45218 1.60459 1.54527 1.49739 1.77574 1.67129 1.61684 0.108416 1.50777 1.75743 1.41854 1.29216 1.6807 0.0908286 1.71822 0.095966 1.6314 1.60396 1.6694 0.0792787 1.53036 1.61689 0.0868817 1.80688 1.66033 1.39511 1.58959 1.60756 1.38036 1.30301 0.0876476 1.54017 1.46059 1.70776 1.42711 1.3272 1.50985 0.0964921 1.49718 1.51729 1.26817 1.6876 1.7106 1.54918 1.42318 1.44202 1.65421 1.54379 1.63584 1.607 1.50787 1.55013 1.78555 1.77031 1.46876 1.69131 1.46635 1.54981 1.6505 1.23884 1.38957 1.5956 1.47572 1.68595 1.27135 1.50654 1.52563 1.59856 1.29311 1.37311 1.18465 1.60484 1.32559 1.37877 1.77628 
