 0.246311  0.708968  0.660829 -0.128764  0.247613  -0.70524  0.664322 -0.115931  0.937027         0 -0.349258 0.0644827 0 0 0 1         0 -0.350398  0.872398         0 -0.350398  0.872398 -0.437398  0.872398         0 -0.785398  0.785398         0 -0.785398  0.785398 -0.785398  0.785398
0.177201
1.25289
0.356779
100
20
80
0.171552
1.14178
0.226372 0.0847947 0.0293125 0.293717 0.142511 0.200272 0.215566 0.178791 0.183205 0.224146 0.0284478 0.220727 0.134247 0.179919 0.150507 0.108693 0.194998 0.203948 0.198973 0.240665 0.200306 0.152706 0.242395 0.268687 0.0206037 0.23734 0.141705 0.247127 0.0361292 0.262432 0.180654 0.274725 0.213733 0.183863 0.117333 0.0336871 0.151443 0.144125 0.0194281 0.214032 0.20589 0.24482 0.0299095 0.277886 0.135809 0.0954915 0.230613 0.129776 0.0329031 0.262373 0.175059 0.255698 0.208478 0.115456 0.20436 0.177268 0.242142 0.214932 0.0325242 0.20356 0.279742 0.100758 0.233554 0.219997 0.0937114 0.0229635 0.139751 0.0344889 0.187481 0.271005 0.148866 0.266802 0.25157 0.179912 0.189463 0.0287048 0.155331 0.260657 0.246764 0.155404 
1.41004 0.97445 0.0740627 1.62308 1.11937 1.47105 1.40126 1.2923 1.20501 1.44024 0.0755479 1.3712 1.10998 1.19264 1.24765 1.06938 1.42407 1.22033 1.28296 1.46678 1.34227 1.19489 1.47374 1.57367 0.0563755 1.51869 1.06032 1.3931 0.088152 1.52429 1.12325 1.58456 1.3823 1.28408 1.12536 0.0881986 1.14333 1.0506 0.0549666 1.31516 1.25902 1.46267 1.46188 1.53733 1.03221 1.02276 1.39465 1.16592 0.0846447 1.63366 1.14724 1.49525 1.28258 1.07298 1.37505 1.20139 1.44807 1.40422 0.0828127 1.33555 1.69501 0.945433 1.50432 1.34291 1.02393 0.060946 1.15406 0.0858648 1.20332 1.48346 1.18747 1.54117 1.4902 1.09746 1.36052 0.0726628 1.124 1.53925 1.44208 1.23942 
