 0.388824 -0.366451  0.845299 -0.152253 -0.153137 -0.930438 -0.332919 0.0702069  0.908496         0 -0.417894 0.0769964 0 0 0 1         0 -0.350398  0.872398         0 -0.350398  0.872398 -0.437398  0.959398         0 -0.785398  0.785398         0 -0.785398  0.785398 -0.785398  0.785398
0.207918
1.33968
0.431126
100
26
74
0.170643
1.1425
0.0237369 0.205883 0.0184422 0.231349 0.0121477 0.0358868 0.145263 0.0303758 0.0293558 0.191366 0.224076 0.2529 0.247486 0.163613 0.21819 0.113615 0.197415 0.0304752 0.194076 0.154355 0.234154 0.314883 0.208207 0.293374 0.184536 0.269607 0.269356 0.0255903 0.194189 0.28117 0.263902 0.297696 0.232932 0.029204 0.200087 0.140891 0.237618 0.262328 0.111649 0.155031 0.264472 0.0265512 0.116526 0.195549 0.273529 0.0842481 0.174063 0.173276 0.123294 0.0262444 0.256967 0.191624 0.143925 0.118676 0.253556 0.157714 0.217617 0.0708102 0.0212046 0.270603 0.0237928 0.171874 0.189125 0.193757 0.177708 0.214369 0.204443 0.0864218 0.261243 0.201502 0.273005 0.189916 0.231101 0.122484 
0.0688702 1.32724 0.0541233 1.50054 0.0275495 1.31721 1.17598 0.0803332 0.0787172 1.30881 1.34 1.45571 1.54155 1.23797 1.34037 1.17699 1.32902 0.0815094 1.30233 1.14702 1.49416 1.6247 1.44818 1.62851 1.2418 1.54812 1.57863 0.0633355 1.30362 1.65526 1.59619 1.66865 1.35841 0.0778688 1.29126 1.14756 1.50427 1.54825 1.00917 1.21418 1.51035 0.0658745 1.05686 1.23382 1.62835 1.33229 1.2587 1.1703 1.20547 0.0582288 1.52056 1.348 1.00547 1.08868 1.52152 1.29696 1.42461 1.07487 0.0593915 1.58654 0.0703551 1.27319 1.3374 1.39817 1.2802 1.36305 1.32788 0.99613 1.59517 1.35495 1.60175 1.15535 1.41742 1.03293 
