-0.175473  0.968661 -0.175797 0.0254916  0.684315  0.248385  0.685579 -0.135623  0.707759         0 -0.706454  0.137314 0 0 0 1         0 -0.350398  0.785398         0 -0.350398  0.785398 -0.437398  0.872398         0 -0.785398  0.785398         0 -0.785398  0.785398 -0.785398  0.785398
0.32011
1.68445
0.784475
100
5
95
0.216678
1.26236
0.310219 0.111334 0.284918 0.229319 0.317435 0.248201 0.285142 0.240068 0.256073 0.318587 0.285056 0.0287315 0.290888 0.279464 0.325689 0.295807 0.0424147 0.290979 0.303173 0.194884 0.246527 0.037917 0.213018 0.224324 0.188153 0.290848 0.320197 0.285588 0.303502 0.254697 0.037541 0.274557 0.278964 0.268388 0.26667 0.290484 0.0346474 0.253954 0.0375863 0.0289688 0.243708 0.297888 0.255321 0.0367555 0.34448 0.0361421 0.033985 0.21941 0.0350426 0.253239 0.256446 0.310595 0.0342289 0.229436 0.291179 0.11058 0.31178 0.213517 0.296937 0.250351 0.224282 0.253249 0.246089 0.321413 0.281991 0.318432 0.301049 0.0241234 0.279563 0.0331341 0.25897 0.260155 0.0367269 0.297507 0.315177 0.270951 0.333293 0.234954 0.0322852 0.194635 0.0315824 0.319228 0.0303505 0.0342253 0.262926 0.277269 0.124337 0.215926 0.253187 0.291369 0.223721 0.251096 0.181752 0.256115 0.177443 
1.62221 1.13819 1.5688 1.40785 1.77769 1.56524 1.60718 1.42984 1.54576 1.79362 1.50072 0.07447 1.63796 1.59438 1.73021 1.69829 0.105826 1.66288 1.52492 1.34168 1.51173 0.0947598 1.44275 1.31739 1.32054 1.51036 1.75663 1.66258 1.56261 1.52595 0.0965126 1.56757 1.51199 1.50429 1.55158 1.6833 0.0864728 1.53596 0.0986342 0.0785457 1.4779 1.64126 1.46524 0.0968476 1.82043 0.0921462 0.086871 1.34003 0.0909221 1.55573 1.5222 1.64451 1.3691 1.45133 1.57795 1.09323 1.66167 1.38159 1.59957 1.56251 1.53903 1.5342 1.45507 1.74079 1.58972 1.70371 1.71434 0.0449862 1.58866 0.0829654 1.54703 1.60111 0.0947397 1.62206 1.7263 1.59389 1.7508 1.48055 0.0880812 1.31063 0.0833852 1.78974 0.0780898 0.0891594 1.5025 1.46454 1.14874 1.4693 1.50635 1.62037 1.3695 1.49992 1.33454 1.47673 1.40386 
