119.22 -31.675 -13.116 0.53974 0.66639 0.45688 0.23636 1 121.366 9.623 -9.838 -0.43831 0.79857 -0.37576 0.1702 2 87.601 -49.957 -6.991 0.95231 0.28833 -0.05453 -0.08365 3 
119.305 -31.712 -13.137 0.53982 0.66682 0.45756 0.23363 1 121.404 9.567 -9.835 -0.43967 0.79779 -0.37532 0.17134 2 87.606 -49.949 -6.988 0.9523 0.28839 -0.05453 -0.08361 3 
119.379 -31.792 -13.129 0.54029 0.66726 0.45726 0.23188 1 121.416 9.528 -9.853 -0.44126 0.79715 -0.37472 0.17153 2 87.605 -49.947 -6.99 0.95229 0.28841 -0.05444 -0.08366 3 
119.475 -31.814 -13.13 0.54062 0.66775 0.45754 0.22915 1 121.437 9.528 -9.858 -0.44333 0.79662 -0.37328 0.17181 2 87.598 -49.959 -6.993 0.95232 0.28829 -0.05446 -0.0837 3 
119.544 -31.828 -13.158 0.54048 0.66839 0.45746 0.22773 1 121.442 9.493 -9.875 -0.44474 0.79613 -0.3727 0.17171 2 87.604 -49.949 -6.993 0.9523 0.28837 -0.05452 -0.08362 3 
119.627 -31.895 -13.157 0.53976 0.66875 0.45809 0.22713 1 121.402 9.466 -9.861 -0.44631 0.79532 -0.37261 0.17156 2 87.601 -49.957 -6.991 0.95231 0.28833 -0.05443 -0.0837 3 
119.707 -31.999 -13.124 0.53746 0.67176 0.45553 0.22886 1 121.349 9.407 -9.907 -0.44757 0.79394 -0.37454 0.17046 2 87.604 -49.954 -6.994 0.95231 0.28835 -0.05451 -0.08363 3 
119.839 -32.568 -13.022 0.53331 0.68139 0.44255 0.23545 1 121.218 9.239 -9.976 -0.44962 0.79086 -0.37767 0.17247 2 87.601 -49.957 -6.984 0.95232 0.28831 -0.05443 -0.08365 3 
120.631 -34.4 -12.874 0.49911 0.71971 0.41976 0.23815 1 120.971 9.096 -9.975 -0.45182 0.78708 -0.37918 0.18052 2 87.609 -49.944 -6.992 0.95226 0.28848 -0.05448 -0.08369 3 
122.742 -37.573 -13.57 0.34575 0.81456 0.43992 0.15301 1 120.591 8.854 -9.914 -0.45618 0.78239 -0.37853 0.19099 2 87.602 -49.956 -6.981 0.95232 0.28833 -0.05444 -0.08357 3 
124.097 -38.417 -13.817 0.10882 0.87093 0.47616 -0.05399 1 120.268 8.629 -9.909 -0.45796 0.78 -0.37758 0.19826 2 87.601 -49.952 -6.991 0.9523 0.28838 -0.0545 -0.08363 3 
121.076 -40.432 -13.65 -0.03871 0.80327 0.53436 -0.26022 1 120.027 8.316 -9.9 -0.46052 0.77807 -0.37637 0.20219 2 87.601 -49.955 -6.998 0.95231 0.28835 -0.05451 -0.08364 3 
114.467 -43.837 -13.483 -0.07525 0.78024 0.53749 -0.3109 1 119.926 8.125 -9.882 -0.46208 0.77834 -0.37309 0.20366 2 87.602 -49.954 -6.991 0.95231 0.28834 -0.05447 -0.08365 3 
107.612 -46.204 -14.492 -0.12768 0.77648 0.55546 -0.26877 1 120.342 7.975 -9.775 -0.45431 0.78498 -0.36955 0.2021 2 87.599 -49.961 -6.99 0.95233 0.28827 -0.05447 -0.08365 3 
102.358 -47.795 -16.105 -0.17628 0.77477 0.56535 -0.22144 1 121.32 7.832 -9.689 -0.43397 0.79858 -0.36677 0.19854 2 87.6 -49.956 -7 0.95231 0.28831 -0.05451 -0.08371 3 
99.278 -48.649 -17.437 -0.19238 0.76628 0.57501 -0.21254 1 122.599 7.582 -9.577 -0.40571 0.81482 -0.36648 0.1928 2 87.598 -49.962 -6.999 0.95233 0.28827 -0.05452 -0.08368 3 
98.344 -49.139 -18.252 -0.20066 0.74268 0.57807 -0.27203 1 123.907 7.162 -9.445 -0.37549 0.83022 -0.36789 0.18546 2 87.169 -50.217 -6.977 0.95308 0.28636 -0.0474 -0.08594 3 
97.901 -49.652 -18.554 -0.18705 0.73129 0.58385 -0.29889 1 124.921 6.802 -9.349 -0.35103 0.84196 -0.36954 0.177 2 87.028 -50.313 -6.988 0.95751 0.27132 -0.04844 -0.0849 3 
97.623 -49.825 -18.55 -0.17961 0.71892 0.5919 -0.3171 1 125.397 6.511 -9.35 -0.33909 0.84814 -0.3703 0.16898 2 86.928 -50.387 -6.996 0.9589 0.26635 -0.04919 -0.08457 3 
97.551 -49.2 -18.248 -0.19084 0.71285 0.58374 -0.33862 1 125.534 6.43 -9.321 -0.33684 0.85048 -0.36956 0.16324 2 86.889 -50.096 -6.917 0.95321 0.28677 -0.04682 -0.08341 3 
97.884 -46.842 -17.033 -0.17585 0.75204 0.54077 -0.33328 1 125.649 6.373 -9.297 -0.33028 0.85322 -0.37123 0.15851 2 86.5 -46.045 -6.163 0.95992 0.27683 -0.03244 -0.02926 3 
97.708 -42.954 -15.033 -0.08888 0.8182 0.47696 -0.30849 1 125.552 6.424 -9.346 -0.32578 0.85448 -0.37367 0.15527 2 86.682 -38.004 -4.999 0.97325 0.21676 -0.03872 0.06556 3 
96.673 -38.401 -13.323 -0.01484 0.85804 0.43309 -0.27565 1 125.063 6.656 -9.382 -0.33682 0.85147 -0.37259 0.15074 2 86.711 -30.43 -4.307 0.97658 0.1594 -0.0494 0.13578 3 
95.133 -34.055 -12.05 0.05519 0.89143 0.37685 -0.24554 1 124.793 6.994 -9.473 -0.34588 0.84942 -0.37132 0.14479 2 86.468 -23.328 -4.149 0.96951 0.10849 -0.05979 0.21142 3 
93.496 -30.566 -11.296 0.1106 0.92282 0.29829 -0.21726 1 124.988 7.349 -9.592 -0.34741 0.84942 -0.37439 0.13273 2 85.983 -17.207 -4.99 0.94489 0.07105 -0.06734 0.31242 3 
91.936 -28.325 -10.927 0.14969 0.94858 0.21004 -0.1835 1 125.539 7.78 -9.685 -0.34376 0.85064 -0.37951 0.11921 2 85.097 -12.929 -6.515 0.90528 0.03951 -0.05648 0.41919 3 
90.715 -27.173 -10.658 0.17138 0.96218 0.13318 -0.16464 1 126.273 8.133 -9.777 -0.33361 0.85334 -0.38613 0.10684 2 84.362 -10.819 -7.85 0.86168 0.02398 -0.05116 0.5043 3 
89.637 -26.758 -10.245 0.17296 0.96866 0.07541 -0.16153 1 126.822 8.512 -9.881 -0.32812 0.85392 -0.39242 0.09569 2 83.208 -10.207 -8.629 0.82469 0.02819 -0.04845 0.5628 3 
88.581 -26.709 -9.752 0.17097 0.97141 0.02849 -0.16221 1 127.138 8.799 -9.967 -0.32583 0.85341 -0.39749 0.08675 2 82.028 -10.206 -9.154 0.78995 0.0315 -0.04742 0.61053 3 
87.854 -26.594 -9.283 0.17926 0.9696 -0.01981 -0.16539 1 127.156 9.067 -10.07 -0.32792 0.85196 -0.40006 0.08112 2 81.605 -10.241 -9.695 0.7508 0.02722 -0.05685 0.65752 3 
87.463 -26.232 -8.821 0.18531 0.96572 -0.05569 -0.17303 1 126.978 9.213 -10.147 -0.33282 0.84916 -0.40251 0.07842 2 81.361 -10.121 -9.951 0.72156 0.02862 -0.06771 0.68843 3 
87.232 -25.84 -8.345 0.18802 0.95992 -0.08292 -0.1906 1 126.752 9.308 -10.189 -0.33807 0.84616 -0.40447 0.07821 2 81.037 -9.999 -9.968 0.69614 0.04072 -0.08473 0.71173 3 
87.112 -25.432 -7.94 0.20295 0.94878 -0.1287 -0.2051 1 126.559 9.39 -10.174 -0.34258 0.84324 -0.40691 0.07749 2 81.096 -10.087 -10.498 0.64965 0.04348 -0.10651 0.75148 3 
86.948 -24.954 -7.52 0.2172 0.93957 -0.15374 -0.21541 1 126.422 9.43 -10.211 -0.34629 0.84112 -0.40842 0.07607 2 81.209 -9.847 -10.509 0.62665 0.04331 -0.12513 0.76797 3 
86.688 -24.574 -7.05 0.21884 0.93543 -0.15234 -0.23209 1 126.384 9.484 -10.256 -0.34852 0.84019 -0.40869 0.07478 2 80.963 -9.366 -9.915 0.62896 0.05332 -0.14213 0.76247 3 
86.562 -24.201 -6.624 0.22341 0.92593 -0.17296 -0.25065 1 126.483 9.508 -10.268 -0.34818 0.84051 -0.40861 0.07315 2 80.718 -9.247 -9.773 0.60864 0.06446 -0.16206 0.77404 3 
86.561 -24.056 -6.24 0.22637 0.92027 -0.17712 -0.2655 1 126.61 9.542 -10.296 -0.34748 0.84084 -0.40883 0.07147 2 80.78 -9.064 -9.369 0.60436 0.07202 -0.1792 0.77295 3 
86.577 -23.994 -6.01 0.22455 0.91688 -0.18236 -0.27504 1 126.659 9.581 -10.273 -0.34843 0.84079 -0.40824 0.07072 2 80.603 -9.048 -9.166 0.59948 0.08135 -0.18595 0.77423 3 
86.576 -24.048 -5.945 0.22689 0.91483 -0.19079 -0.27423 1 126.697 9.607 -10.276 -0.3488 0.84092 -0.4077 0.07062 2 80.658 -9.239 -9.271 0.59128 0.0783 -0.1886 0.78019 3 
86.64 -24.039 -5.971 0.23041 0.91414 -0.19521 -0.27046 1 126.678 9.646 -10.315 -0.34977 0.84024 -0.40822 0.07073 2 80.885 -9.311 -9.429 0.58666 0.07212 -0.18935 0.78408 3 
86.631 -24.052 -6.005 0.22975 0.91638 -0.1895 -0.2675 1 126.663 9.662 -10.279 -0.35126 0.83956 -0.40831 0.07094 2 80.972 -9.214 -9.383 0.59283 0.0693 -0.18689 0.78027 3 
86.616 -24.122 -6.024 0.22885 0.91864 -0.18411 -0.26425 1 126.662 9.657 -10.294 -0.35059 0.83983 -0.40853 0.06986 2 81.033 -9.202 -9.326 0.59825 0.06637 -0.18428 0.777 3 
86.619 -24.197 -6.066 0.22978 0.91869 -0.18735 -0.26098 1 126.704 9.654 -10.305 -0.34956 0.84037 -0.40837 0.06937 2 81.085 -9.351 -9.459 0.59497 0.0629 -0.18275 0.78017 3 
86.6 -24.287 -6.1 0.2308 0.91977 -0.18395 -0.25869 1 126.699 9.644 -10.276 -0.34904 0.84038 -0.40883 0.06925 2 81.18 -9.365 -9.464 0.59815 0.05974 -0.18204 0.77815 3 
86.538 -24.297 -6.145 0.23001 0.92094 -0.18163 -0.25687 1 126.632 9.633 -10.279 -0.34911 0.84052 -0.40843 0.0695 2 81.135 -9.347 -9.474 0.60002 0.0585 -0.18025 0.77722 3 
86.515 -24.323 -6.176 0.23101 0.9212 -0.18045 -0.25585 1 126.562 9.602 -10.31 -0.3491 0.84039 -0.40869 0.06959 2 81.203 -9.352 -9.497 0.60105 0.05624 -0.18093 0.77643 3 
86.554 -24.383 -6.216 0.22995 0.92349 -0.16833 -0.25681 1 126.509 9.595 -10.29 -0.34945 0.84033 -0.40837 0.07039 2 81.317 -9.218 -9.335 0.61023 0.05655 -0.18089 0.76922 3 
86.668 -24.644 -6.322 0.2327 0.93255 -0.12212 -0.24758 1 126.443 9.571 -10.254 -0.34816 0.841 -0.40771 0.07266 2 82.048 -8.799 -8.783 0.64617 0.04169 -0.17431 0.74185 3 
86.731 -25.147 -6.482 0.23483 0.94475 -0.03123 -0.22655 1 126.298 9.6 -10.257 -0.34593 0.84146 -0.40755 0.07855 2 83.099 -8.308 -7.611 0.71041 0.01363 -0.16002 0.68522 3 
86.44 -26.052 -6.607 0.21768 0.94304 0.13019 -0.21528 1 125.964 9.67 -10.151 -0.34609 0.8407 -0.40679 0.08928 2 83.164 -8.776 -4.801 0.8139 0.00255 -0.14679 0.56215 3 
85.175 -27.901 -6.691 0.17511 0.91069 0.30723 -0.21353 1 125.451 9.76 -10.053 -0.34527 0.83858 -0.40915 0.1008 2 81.233 -12.338 -1.489 0.90907 0.01087 -0.13488 0.39405 3 
82.928 -29.691 -6.779 0.10632 0.83603 0.49034 -0.22206 1 124.827 9.868 -10.049 -0.34492 0.83521 -0.41381 0.11057 2 77.58 -18.749 1.541 0.97488 0.0293 -0.11593 0.18789 3 
79.452 -30.435 -6.512 0.0779 0.74633 0.61789 -0.23481 1 124.184 10.063 -9.977 -0.34076 0.83262 -0.41937 0.12146 2 74.533 -24.464 3.493 0.9908 0.0231 -0.13219 0.01733 3 
74.881 -29.394 -5.553 0.08168 0.71724 0.6388 -0.26614 1 123.788 10.29 -9.861 -0.33101 0.8321 -0.42493 0.13223 2 71.604 -24.755 4.898 0.98296 0.03553 -0.17925 -0.01988 3 
69.982 -27.362 -4.236 0.09767 0.72096 0.62122 -0.29113 1 123.671 10.666 -9.766 -0.30954 0.83498 -0.43283 0.14018 2 68.125 -22.239 6.422 0.9746 0.04428 -0.21953 -0.00238 3 
65.246 -25.081 -3.351 0.08283 0.7016 0.63913 -0.30399 1 123.564 11.061 -9.706 -0.28774 0.83702 -0.44088 0.14905 2 63.601 -21.454 7.76 0.97084 0.05796 -0.22877 -0.04209 3 
60.853 -23.207 -3.206 0.06352 0.67892 0.66684 -0.30061 1 123.48 11.397 -9.668 -0.26984 0.83543 -0.45092 0.16096 2 59.01 -21.486 8.219 0.96775 0.06167 -0.22479 -0.09555 3 
57.041 -21.556 -3.398 0.04015 0.67354 0.67263 -0.30379 1 123.477 11.607 -9.639 -0.25203 0.83302 -0.46064 0.17427 2 54.944 -20.691 8.193 0.96457 0.08051 -0.22251 -0.11665 3 
54.29 -20.443 -3.66 0.02904 0.68401 0.66102 -0.30716 1 123.399 11.736 -9.583 -0.23535 0.83157 -0.46813 0.18426 2 52.099 -19.4 8.019 0.96339 0.09499 -0.2257 -0.10915 3 
52.479 -19.738 -3.791 0.01768 0.70206 0.64305 -0.30543 1 123.246 11.712 -9.538 -0.21694 0.83168 -0.47417 0.19081 2 49.834 -18.061 7.886 0.96552 0.10806 -0.21975 -0.08832 3 
51.356 -19.271 -3.646 0.00453 0.71319 0.63226 -0.30262 1 122.766 11.732 -9.459 -0.21082 0.82946 -0.47842 0.19664 2 47.938 -17.386 8.121 0.969 0.11699 -0.20261 -0.07939 3 
50.837 -19.204 -3.667 -0.00174 0.71399 0.62977 -0.30597 1 122.284 11.787 -9.528 -0.2114 0.82588 -0.48231 0.20154 2 47.236 -17.58 8.203 0.96851 0.12433 -0.19775 -0.08613 3 
50.799 -19.208 -3.703 0.00025 0.71607 0.62683 -0.30715 1 121.917 11.795 -9.552 -0.21296 0.82502 -0.48315 0.20137 2 47.263 -17.563 8.19 0.96827 0.12421 -0.1991 -0.08588 3 
50.799 -19.285 -3.731 0.00299 0.72062 0.62501 -0.30011 1 121.714 11.782 -9.557 -0.21762 0.82505 -0.48132 0.20065 2 47.242 -17.573 8.193 0.96834 0.12411 -0.1988 -0.08602 3 
51.877 -19.623 -3.69 0.01056 0.72159 0.63676 -0.27153 1 121.548 11.93 -9.552 -0.22609 0.82444 -0.47842 0.20073 2 47.529 -17.509 8.142 0.9675 0.12468 -0.20286 -0.0851 3 
58.133 -20.503 -2.729 0.12092 0.63481 0.68797 -0.33029 1 121.428 12.043 -9.58 -0.23583 0.82269 -0.47756 0.19876 2 47.528 -17.506 8.141 0.96749 0.12473 -0.20294 -0.08501 3 
70.885 -21.91 -1.455 0.31165 0.56842 0.67292 -0.3563 1 121.163 12.334 -9.628 -0.24901 0.81863 -0.47761 0.19932 2 47.519 -17.511 8.147 0.9675 0.12465 -0.20294 -0.08501 3 
83.384 -24.016 -1.756 0.43644 0.57855 0.63109 -0.27663 1 120.554 12.856 -9.811 -0.27438 0.8102 -0.4761 0.20399 2 47.526 -17.506 8.146 0.96748 0.12472 -0.20301 -0.08497 3 
92.997 -25.027 -3.592 0.44816 0.64492 0.61637 -0.05763 1 119.774 13.468 -9.957 -0.31126 0.79607 -0.47184 0.21622 2 47.529 -17.503 8.145 0.96747 0.12475 -0.20303 -0.08495 3 
101.433 -25.823 -5.92 0.40466 0.74541 0.47886 0.2265 1 119.211 14.101 -10.173 -0.35453 0.77954 -0.46225 0.23011 2 47.525 -17.51 8.146 0.96748 0.12466 -0.20302 -0.08499 3 
110.278 -28.415 -8.452 0.3306 0.76717 0.28855 0.46786 1 118.946 14.797 -10.308 -0.40001 0.76035 -0.45032 0.24305 2 47.521 -17.512 8.147 0.96749 0.12467 -0.20297 -0.08503 3 
118.102 -28.629 -9.757 0.37324 0.73409 0.21233 0.52604 1 119.163 15.555 -10.317 -0.43186 0.74922 -0.43819 0.24526 2 47.521 -17.512 8.147 0.96749 0.12467 -0.20297 -0.08504 3 
123.639 -23.31 -10.715 0.35211 0.73655 0.40569 0.411 1 119.448 15.814 -10.319 -0.4526 0.73987 -0.43355 0.24451 2 47.523 -17.511 8.147 0.96748 0.12469 -0.20299 -0.08502 3 
125.333 -23.569 -10.961 0.36439 0.73701 0.42226 0.38175 1 120.511 15.776 -10.352 -0.46056 0.73824 -0.4306 0.23974 2 47.522 -17.511 8.145 0.96748 0.12468 -0.20298 -0.08503 3 
126 -25.249 -11.185 0.38041 0.72532 0.39943 0.4119 1 121.952 15.089 -10.334 -0.46642 0.74093 -0.42628 0.22752 2 47.521 -17.512 8.146 0.96748 0.12467 -0.20299 -0.08503 3 
122.657 -28.27 -11.621 0.36704 0.64464 0.3508 0.57154 1 124.309 14.209 -10.113 -0.45981 0.75163 -0.40799 0.23911 2 47.523 -17.51 8.146 0.96748 0.12468 -0.20301 -0.08501 3 
118.249 -27.775 -13.196 0.34238 0.55127 0.53466 0.54131 1 126.982 14.315 -9.404 -0.43623 0.78778 -0.33521 0.27702 2 47.52 -17.512 8.147 0.96749 0.12469 -0.20295 -0.08505 3 
115.621 -20.385 -14.604 0.3154 0.42629 0.78022 0.33174 1 129.524 17.751 -9.154 -0.27969 0.86597 -0.32237 0.26067 2 47.522 -17.512 8.146 0.96748 0.12468 -0.203 -0.08502 3 
113.247 -10.308 -13.746 0.36632 0.41027 0.71523 0.43119 1 130.957 21.782 -9.122 -0.07455 0.9157 -0.35582 0.17128 2 47.521 -17.512 8.146 0.96748 0.12472 -0.20296 -0.08505 3 
114.621 0.808 -12.414 0.48082 0.33291 0.60649 0.53867 1 131.207 25.765 -9.121 0.05399 0.90281 -0.42182 0.06388 2 47.523 -17.512 8.146 0.96748 0.12469 -0.20299 -0.08502 3 
116.804 11.329 -11.228 0.55418 0.26853 0.53264 0.58058 1 130.213 30.441 -9.323 0.16262 0.87282 -0.45921 0.02937 2 47.52 -17.513 8.146 0.96748 0.12469 -0.20297 -0.08505 3 
113.917 20.606 -10.006 0.58755 0.31372 0.55357 0.49993 1 127.457 36.676 -9.403 0.22979 0.82471 -0.51676 0.00239 2 47.525 -17.51 8.143 0.96747 0.12471 -0.20301 -0.08501 3 
105.366 28.047 -9.88 0.47392 0.48454 0.62344 0.3898 1 122.705 42.607 -9.56 0.30107 0.79 -0.53347 -0.02581 2 47.521 -17.512 8.146 0.96748 0.1247 -0.20297 -0.08505 3 
95.958 32.915 -10.648 0.37542 0.63868 0.58502 0.33 1 116.378 47.293 -9.259 0.31046 0.76581 -0.56308 -0.00966 2 47.521 -17.513 8.145 0.96748 0.12468 -0.20298 -0.08505 3 
88.886 35.023 -11.325 0.33846 0.75008 0.47923 0.30522 1 109.795 50.756 -9.304 0.28411 0.74491 -0.60251 0.03704 2 47.522 -17.512 8.147 0.96748 0.12471 -0.20297 -0.08503 3 
84.733 37.078 -11.875 0.34295 0.78907 0.38637 0.33238 1 104.147 53.332 -9.777 0.25698 0.74972 -0.60261 0.09351 2 47.522 -17.511 8.146 0.96748 0.1247 -0.20298 -0.08502 3 
82.366 38.807 -12.862 0.32352 0.78786 0.36028 0.38054 1 100.546 55.361 -10.645 0.25672 0.7336 -0.61484 0.13377 2 47.521 -17.513 8.147 0.96748 0.12469 -0.20297 -0.08503 3 
81.447 40.36 -13.574 0.33102 0.78623 0.32574 0.40764 1 98.338 56.96 -11.369 0.26137 0.72649 -0.6165 0.15433 2 47.522 -17.512 8.146 0.96748 0.12471 -0.20299 -0.08502 3 
80.78 41.014 -14.044 0.32362 0.78605 0.30864 0.42676 1 96.456 58.462 -11.822 0.25635 0.72294 -0.61781 0.17306 2 47.52 -17.512 8.147 0.96748 0.12471 -0.20297 -0.08504 3 
80.762 41.686 -14.45 0.31437 0.78449 0.29253 0.4474 1 94.762 59.549 -12.388 0.25161 0.72281 -0.6175 0.18144 2 47.522 -17.512 8.145 0.96748 0.1247 -0.203 -0.08504 3 
80.322 41.55 -14.349 0.29128 0.77692 0.31585 0.4602 1 93.034 60.594 -13.095 0.25328 0.72248 -0.61263 0.19636 2 47.521 -17.512 8.147 0.96748 0.12471 -0.20298 -0.08503 3 
