122.225 -28.963 -13.295 0.54822 0.69715 0.4194 0.19376 1 124.26 13.972 -10.469 -0.43054 0.79585 -0.39478 0.15939 2 103.771 -6.421 -5.22 0.98157 0.17527 -0.07343 -0.02041 3 
122.399 -28.982 -13.292 0.54551 0.69927 0.42015 0.19211 1 124.115 13.927 -10.481 -0.43382 0.79358 -0.39459 0.16228 2 103.772 -6.415 -5.223 0.98154 0.17538 -0.07349 -0.02035 3 
122.482 -28.953 -13.302 0.54432 0.69985 0.42083 0.1919 1 124.027 13.934 -10.481 -0.43553 0.79198 -0.39495 0.16463 2 103.773 -6.416 -5.224 0.98155 0.17533 -0.07352 -0.02046 3 
122.506 -28.95 -13.299 0.54418 0.69955 0.42146 0.192 1 123.983 13.942 -10.47 -0.43667 0.79124 -0.39433 0.16659 2 103.773 -6.417 -5.215 0.98155 0.17535 -0.07343 -0.0204 3 
122.43 -28.96 -13.297 0.54541 0.69832 0.41902 0.19823 1 123.955 13.933 -10.464 -0.43666 0.79106 -0.39461 0.1668 2 103.775 -6.414 -5.212 0.98154 0.17539 -0.07342 -0.02044 3 
120.971 -30.397 -12.775 0.56792 0.69399 0.356 0.26288 1 123.877 13.994 -10.429 -0.4345 0.79222 -0.39366 0.16917 2 103.773 -6.411 -5.224 0.98154 0.1754 -0.07347 -0.02044 3 
116.796 -33.107 -13.293 0.48562 0.77899 0.28469 0.27623 1 123.562 14.091 -10.471 -0.44007 0.78975 -0.3932 0.16741 2 103.774 -6.415 -5.213 0.98155 0.17539 -0.07341 -0.0204 3 
112.533 -31.243 -14.578 0.31435 0.82659 0.41689 0.21009 1 123.287 14.1 -10.521 -0.44741 0.78573 -0.39267 0.16811 2 103.773 -6.419 -5.222 0.98155 0.17534 -0.07347 -0.02045 3 
108.064 -25.615 -14.405 0.35755 0.79633 0.45035 0.18761 1 123.134 13.987 -10.52 -0.45116 0.784 -0.39125 0.16946 2 103.77 -6.415 -5.228 0.98155 0.17534 -0.07351 -0.02036 3 
105.459 -20.931 -14.894 0.37344 0.77166 0.47651 0.195 1 123.167 13.96 -10.528 -0.45122 0.78536 -0.39003 0.1658 2 103.772 -6.416 -5.219 0.98155 0.17535 -0.07343 -0.02044 3 
104.418 -18.145 -15.183 0.36967 0.76156 0.50662 0.16342 1 123.566 13.997 -10.513 -0.4435 0.7919 -0.3878 0.16067 2 103.775 -6.422 -5.204 0.98156 0.17532 -0.07336 -0.02037 3 
104.403 -16.424 -15.414 0.35311 0.74652 0.55291 0.111 1 124.074 14.051 -10.505 -0.42887 0.80135 -0.38796 0.15295 2 103.763 -6.403 -5.221 0.9818 0.17398 -0.07354 -0.01999 3 
104.966 -15.698 -15.449 0.32439 0.7417 0.58228 0.07486 1 124.344 14.119 -10.51 -0.4198 0.80738 -0.38844 0.14499 2 103.548 -6.362 -5.201 0.97887 0.19096 -0.06977 -0.02203 3 
105.357 -15.823 -15.235 0.31383 0.74764 0.58181 0.06361 1 124.329 14.134 -10.532 -0.41605 0.81043 -0.38752 0.14121 2 103.537 -6.605 -5.201 0.97623 0.2059 -0.06478 -0.01947 3 
105.912 -17.336 -14.821 0.284 0.76508 0.57279 0.07681 1 124.351 14.202 -10.51 -0.4111 0.81302 -0.38717 0.14175 2 101.707 -6.432 -5.113 0.97374 0.22149 -0.02223 0.04771 3 
106.657 -20.989 -14.024 0.25807 0.80194 0.53147 0.08855 1 124.42 14.265 -10.47 -0.40238 0.81564 -0.39053 0.1425 2 100.96 -7.455 -5.141 0.96212 0.23581 -0.00403 0.13677 3 
107.335 -24.831 -12.993 0.19213 0.87119 0.44806 0.05795 1 124.185 14.323 -10.486 -0.40098 0.81513 -0.39261 0.14367 2 99.252 -9.224 -5.647 0.91721 0.30853 -0.01277 0.25172 3 
107.157 -27.588 -12.146 0.10473 0.93311 0.34397 -0.00533 1 123.627 14.192 -10.499 -0.40467 0.81152 -0.3953 0.14634 2 96.028 -11.613 -6.575 0.84036 0.40485 -0.04676 0.35736 3 
105.765 -29.113 -11.624 0.03563 0.96072 0.26707 -0.06651 1 122.996 13.971 -10.501 -0.41313 0.80568 -0.39639 0.15188 2 92.072 -14.033 -6.931 0.77034 0.48309 -0.0766 0.40906 3 
103.327 -29.737 -11.276 0.00336 0.97163 0.2109 -0.10701 1 122.687 13.739 -10.496 -0.41479 0.80405 -0.39677 0.15497 2 88.632 -14.968 -7 0.72337 0.52669 -0.10865 0.43304 3 
100.43 -29.606 -11.028 -0.00358 0.98015 0.15196 -0.12728 1 122.708 13.533 -10.562 -0.40774 0.80832 -0.39707 0.15068 2 85.653 -14.303 -7.604 0.68173 0.53812 -0.15042 0.47228 3 
97.723 -29.268 -11.03 0.00459 0.98485 0.10737 -0.13606 1 122.955 13.295 -10.519 -0.39536 0.81591 -0.39709 0.14248 2 83.437 -13.332 -8.285 0.65502 0.5334 -0.18834 0.50095 3 
95.212 -28.674 -10.821 0.01986 0.98847 0.05603 -0.13927 1 123.295 13.152 -10.477 -0.38169 0.82301 -0.39773 0.13703 2 81.504 -12.154 -9.165 0.62542 0.5152 -0.2255 0.5409 3 
93.237 -28.215 -10.448 0.04162 0.9878 0.0031 -0.15001 1 123.699 12.956 -10.443 -0.3707 0.82761 -0.39929 0.13498 2 80.385 -11.25 -9.952 0.59226 0.49042 -0.27371 0.57775 3 
92.048 -28.028 -9.971 0.06414 0.98322 -0.03528 -0.16708 1 124.12 12.8 -10.401 -0.36146 0.83029 -0.40205 0.13534 2 80.194 -10.779 -10.245 0.56849 0.47071 -0.32181 0.59304 3 
91.447 -27.686 -9.385 0.07834 0.9762 -0.0659 -0.19117 1 124.335 12.776 -10.368 -0.35806 0.82963 -0.40538 0.1385 2 80.051 -10.436 -10.206 0.54203 0.46434 -0.36287 0.59909 3 
91.002 -27.164 -8.735 0.10014 0.96508 -0.11097 -0.21514 1 124.384 12.822 -10.346 -0.36237 0.82512 -0.40822 0.14567 2 80.08 -10.123 -10.527 0.50336 0.44517 -0.41029 0.61653 3 
90.587 -26.672 -8.15 0.12149 0.95598 -0.1444 -0.22471 1 124.396 12.925 -10.331 -0.37062 0.8187 -0.41129 0.15236 2 80.357 -9.83 -10.738 0.48066 0.42189 -0.44442 0.62727 3 
90.353 -26.244 -7.73 0.13369 0.94938 -0.15607 -0.23759 1 124.491 12.993 -10.369 -0.3753 0.81484 -0.41369 0.15507 2 80.571 -9.347 -10.485 0.47259 0.41752 -0.46636 0.62036 3 
90.257 -25.848 -7.34 0.14012 0.94248 -0.1686 -0.25233 1 124.636 13.041 -10.349 -0.37606 0.81371 -0.41492 0.15588 2 80.568 -9.013 -10.281 0.45864 0.41763 -0.48595 0.6157 3 
90.127 -25.697 -6.998 0.14316 0.93788 -0.17792 -0.26122 1 124.792 13.172 -10.367 -0.37592 0.81326 -0.41611 0.15541 2 80.509 -8.94 -10.086 0.4494 0.41638 -0.49869 0.61318 3 
90.066 -25.804 -6.78 0.1416 0.9365 -0.18226 -0.26399 1 124.944 13.216 -10.356 -0.37486 0.81328 -0.41711 0.15518 2 80.353 -9.105 -9.943 0.44474 0.41683 -0.50138 0.61407 3 
90.122 -25.939 -6.674 0.14103 0.93656 -0.18219 -0.26416 1 125.013 13.263 -10.338 -0.37442 0.8129 -0.41798 0.15584 2 80.407 -9.226 -9.853 0.44476 0.41718 -0.50181 0.61346 3 
90.205 -25.976 -6.625 0.14257 0.93628 -0.18456 -0.26265 1 124.959 13.266 -10.366 -0.37661 0.81176 -0.4181 0.1562 2 80.559 -9.298 -9.901 0.444 0.41345 -0.50318 0.61541 3 
90.267 -25.962 -6.587 0.14536 0.93611 -0.18388 -0.26223 1 124.858 13.237 -10.373 -0.37875 0.81076 -0.41777 0.15712 2 80.8 -9.223 -9.867 0.44636 0.41119 -0.50498 0.61374 3 
90.274 -26.018 -6.56 0.14255 0.93727 -0.17884 -0.26309 1 124.792 13.227 -10.384 -0.37997 0.81009 -0.41764 0.15798 2 80.704 -9.222 -9.736 0.44835 0.41531 -0.50195 0.612 3 
90.297 -26.152 -6.539 0.14094 0.9381 -0.17577 -0.26308 1 124.791 13.191 -10.347 -0.37978 0.81019 -0.41754 0.15815 2 80.677 -9.307 -9.664 0.45019 0.41723 -0.49979 0.61111 3 
90.374 -26.246 -6.534 0.14289 0.93825 -0.17609 -0.26127 1 124.805 13.128 -10.376 -0.37871 0.81092 -0.4174 0.15739 2 80.911 -9.372 -9.704 0.45217 0.41405 -0.50108 0.61076 3 
90.46 -26.332 -6.593 0.14238 0.93961 -0.17577 -0.25683 1 124.824 13.117 -10.36 -0.37876 0.8113 -0.41688 0.15667 2 81.014 -9.482 -9.802 0.45419 0.41163 -0.49787 0.61351 3 
90.551 -26.43 -6.68 0.14026 0.94101 -0.1742 -0.25395 1 124.871 13.083 -10.36 -0.37835 0.81183 -0.41625 0.15658 2 81.063 -9.587 -9.858 0.45604 0.41142 -0.49442 0.61507 3 
90.583 -26.509 -6.674 0.13946 0.94207 -0.17007 -0.25325 1 124.889 13.068 -10.364 -0.37906 0.8116 -0.41591 0.15694 2 81.112 -9.58 -9.774 0.45932 0.41312 -0.49207 0.61337 3 
90.673 -26.599 -6.664 0.1387 0.94483 -0.15825 -0.25103 1 124.941 13.02 -10.356 -0.37915 0.8118 -0.4156 0.15654 2 81.298 -9.475 -9.598 0.46851 0.41547 -0.48623 0.60948 3 
90.939 -26.882 -6.609 0.14364 0.95269 -0.11848 -0.24022 1 125.003 13.052 -10.361 -0.37806 0.81264 -0.41541 0.15532 2 82.168 -9.102 -9.04 0.50321 0.41523 -0.46715 0.59677 3 
91.564 -27.162 -6.295 0.16969 0.95768 -0.02968 -0.2306 1 125.032 13.001 -10.367 -0.37634 0.81353 -0.41545 0.15474 2 84.571 -7.998 -7.373 0.57334 0.41478 -0.44279 0.55061 3 
92.395 -27.1 -5.49 0.22715 0.9398 0.11092 -0.22993 1 125.005 12.915 -10.362 -0.37471 0.81395 -0.41586 0.15541 2 89.016 -6.702 -3.851 0.67542 0.40785 -0.42341 0.44519 3 
92.717 -27.117 -4.317 0.29826 0.88247 0.29218 -0.21661 1 124.857 12.898 -10.351 -0.37559 0.81327 -0.41616 0.15599 2 93.723 -7.451 1.215 0.79168 0.37545 -0.38106 0.29509 3 
92.027 -26.392 -3.094 0.37836 0.80409 0.42272 -0.17772 1 124.71 12.924 -10.368 -0.37668 0.81248 -0.41668 0.15607 2 97.233 -9.256 5.265 0.87469 0.29538 -0.34642 0.16629 3 
89.768 -24.843 -2.094 0.42692 0.73591 0.50166 -0.15655 1 124.58 13 -10.399 -0.37864 0.81145 -0.41703 0.1558 2 97.452 -10.609 7.985 0.90947 0.23695 -0.33367 0.07333 3 
86.135 -23.252 -0.924 0.44142 0.69966 0.53773 -0.16268 1 124.668 13.045 -10.37 -0.37561 0.81196 -0.41844 0.15668 2 94.892 -11.095 10.053 0.91584 0.2193 -0.33597 0.01648 3 
81.565 -22.192 0.014 0.42516 0.6925 0.54871 -0.19649 1 125.184 13.026 -10.354 -0.35926 0.81646 -0.42452 0.15524 2 90.663 -11.03 11.374 0.90257 0.24392 -0.35451 -0.01393 3 
76.35 -21.725 0.531 0.38835 0.69863 0.55881 -0.22096 1 125.786 12.905 -10.253 -0.33365 0.82246 -0.43323 0.1567 2 84.641 -11.082 12.339 0.89204 0.28008 -0.35346 -0.02977 3 
70.822 -21.482 0.292 0.33496 0.70151 0.58201 -0.23864 1 126.149 12.548 -10.199 -0.3087 0.82572 -0.44281 0.16375 2 77.707 -11.875 12.715 0.88285 0.3227 -0.33651 -0.05659 3 
65.482 -21.369 -0.556 0.27991 0.69583 0.61264 -0.2493 1 126.279 12.027 -10.066 -0.28504 0.82611 -0.4523 0.17811 2 70.913 -13.599 12.543 0.8752 0.36096 -0.30582 -0.10098 3 
60.473 -21.155 -1.667 0.22246 0.69636 0.6306 -0.26066 1 126.436 11.299 -9.817 -0.25978 0.82529 -0.46058 0.19816 2 64.566 -14.639 11.818 0.86038 0.40334 -0.28302 -0.13027 3 
56.469 -21.126 -2.872 0.17829 0.70164 0.64039 -0.25654 1 126.813 10.446 -9.634 -0.22723 0.82867 -0.46524 0.21265 2 59.169 -15.343 10.785 0.85347 0.42997 -0.25772 -0.14246 3 
53.839 -21.078 -4.005 0.13809 0.69969 0.65503 -0.2496 1 127.07 9.548 -9.423 -0.19502 0.83328 -0.46836 0.21965 2 55.118 -16.393 9.786 0.8476 0.45302 -0.22523 -0.16007 3 
52.055 -21.053 -4.908 0.10625 0.69913 0.66858 -0.23007 1 127.04 8.802 -9.271 -0.17818 0.8345 -0.46857 0.22871 2 51.653 -17.147 8.914 0.85058 0.46294 -0.18655 -0.16553 3 
50.909 -21.031 -5.385 0.09264 0.70775 0.66598 -0.21675 1 126.708 8.36 -9.22 -0.16821 0.83573 -0.46943 0.23001 2 49.61 -16.804 8.348 0.85334 0.46713 -0.17457 -0.15208 3 
50.1 -20.993 -5.667 0.08188 0.70326 0.67462 -0.20883 1 126.25 8.095 -9.235 -0.16773 0.83474 -0.4702 0.23236 2 48.129 -17.263 8.134 0.85609 0.46666 -0.15609 -0.15803 3 
49.65 -20.832 -5.622 0.08731 0.70617 0.67319 -0.20128 1 125.701 8.005 -9.248 -0.17052 0.83314 -0.47175 0.23292 2 47.612 -16.827 8.196 0.86076 0.46017 -0.15681 -0.15081 3 
49.509 -20.797 -5.669 0.0904 0.70564 0.67448 -0.19744 1 125.363 7.956 -9.201 -0.17553 0.8315 -0.47199 0.23458 2 47.516 -16.916 8.187 0.86227 0.45669 -0.15529 -0.15434 3 
49.876 -21.005 -5.697 0.09502 0.72341 0.66183 -0.17213 1 125.101 8.146 -9.272 -0.184 0.83041 -0.47032 0.2353 2 47.614 -16.815 8.166 0.86197 0.45692 -0.15732 -0.15325 3 
52.903 -23.129 -5.394 0.12955 0.66203 0.70799 -0.20902 1 125.112 8.502 -9.339 -0.19225 0.82954 -0.47002 0.23234 2 47.618 -16.832 8.167 0.86196 0.45693 -0.15736 -0.15323 3 
60.304 -27.485 -4.246 0.21126 0.56982 0.74327 -0.27968 1 125.211 9.068 -9.456 -0.20133 0.82821 -0.4708 0.22778 2 47.617 -16.843 8.163 0.86198 0.45688 -0.15734 -0.15332 3 
71.469 -31.869 -3.227 0.29541 0.60697 0.68172 -0.28208 1 125.12 10.135 -9.603 -0.21718 0.82375 -0.47196 0.227 2 47.62 -16.841 8.162 0.86194 0.45696 -0.15727 -0.15333 3 
83.687 -33.305 -3.517 0.3184 0.70833 0.59976 -0.19283 1 124.676 11.307 -9.74 -0.24431 0.81453 -0.47245 0.2316 2 47.622 -16.847 8.165 0.86196 0.45692 -0.15734 -0.15329 3 
93.506 -31.974 -4.663 0.34915 0.7873 0.50369 0.06741 1 124.105 12.375 -9.897 -0.28285 0.80156 -0.46907 0.23975 2 47.615 -16.847 8.161 0.86198 0.45688 -0.15728 -0.15338 3 
102.273 -30.463 -7.019 0.3477 0.81411 0.32516 0.33258 1 123.678 13.346 -10.017 -0.323 0.79038 -0.46002 0.24361 2 47.623 -16.841 8.158 0.86194 0.45693 -0.15736 -0.15333 3 
111.858 -30.829 -9.464 0.40936 0.7381 0.16658 0.50979 1 123.488 14.079 -10.041 -0.3544 0.78529 -0.44889 0.23711 2 47.622 -16.846 8.164 0.86194 0.45694 -0.15733 -0.15332 3 
119.185 -28.502 -10.288 0.47208 0.71577 0.24861 0.45056 1 123.672 14.542 -10.043 -0.37318 0.78491 -0.43927 0.22736 2 47.619 -16.845 8.159 0.86195 0.45692 -0.15732 -0.15336 3 
121.484 -25.278 -11.151 0.42028 0.75225 0.38203 0.33397 1 124.175 15.1 -10.174 -0.38289 0.78886 -0.43259 0.20965 2 47.62 -16.844 8.162 0.86195 0.45691 -0.15735 -0.15331 3 
120.775 -25.01 -11.601 0.45522 0.69469 0.40227 0.38517 1 124.932 15.779 -10.141 -0.37818 0.79662 -0.43 0.19359 2 47.622 -16.846 8.161 0.86194 0.45695 -0.15732 -0.15333 3 
116.24 -24.543 -11.03 0.43662 0.62305 0.32146 0.56376 1 126.204 16.875 -9.902 -0.36873 0.80971 -0.40816 0.20448 2 47.621 -16.843 8.159 0.86194 0.45692 -0.15735 -0.15335 3 
110.436 -20.638 -11.75 0.39571 0.51547 0.49908 0.57326 1 127.57 19.05 -9.466 -0.32659 0.83582 -0.3522 0.26591 2 47.621 -16.844 8.16 0.86194 0.45693 -0.15735 -0.15335 3 
109.129 -10.365 -13.949 0.27413 0.32383 0.80451 0.41563 1 130.066 24.128 -9.755 -0.15256 0.88098 -0.36266 0.26285 2 47.621 -16.848 8.161 0.86194 0.45694 -0.15732 -0.15334 3 
107.725 -2.149 -13.585 0.34687 0.42402 0.63848 0.54058 1 130.736 28.642 -10.238 0.03643 0.89391 -0.39964 0.19974 2 47.622 -16.843 8.16 0.86194 0.45692 -0.15737 -0.15333 3 
111.298 9.262 -13.16 0.45908 0.35422 0.53806 0.61178 1 128.167 29.42 -10.458 -0.07246 0.94258 -0.26308 0.19255 2 47.62 -16.844 8.16 0.86195 0.45692 -0.15735 -0.15335 3 
113.767 19.091 -12.434 0.54252 0.32084 0.50288 0.59147 1 127.49 34.254 -10.952 0.05363 0.92893 -0.31644 0.18458 2 47.621 -16.847 8.161 0.86195 0.45691 -0.15735 -0.15334 3 
110.205 25.801 -11.343 0.55664 0.45656 0.49414 0.48738 1 126.066 39.839 -10.954 0.18108 0.89266 -0.351 0.21719 2 47.621 -16.844 8.16 0.86195 0.45692 -0.15737 -0.15332 3 
101.116 31.815 -11.049 0.43081 0.59146 0.53687 0.41994 1 120.74 44.694 -10.663 0.25364 0.87423 -0.38532 0.15139 2 47.621 -16.844 8.16 0.86194 0.45693 -0.15735 -0.15333 3 
91.657 34.38 -11.359 0.36212 0.71289 0.49318 0.34269 1 113.049 49.384 -10.297 0.26579 0.84485 -0.44229 0.14132 2 47.622 -16.845 8.161 0.86194 0.45694 -0.15736 -0.15332 3 
85.6 36.017 -12.29 0.35985 0.77018 0.37337 0.37139 1 106.344 53.246 -10.119 0.2631 0.82456 -0.48018 0.1425 2 47.62 -16.844 8.159 0.86194 0.45693 -0.15736 -0.15334 3 
82.811 38.012 -13.169 0.37419 0.78297 0.27004 0.41715 1 101.999 55.062 -10.201 0.26103 0.81893 -0.48452 0.16267 2 47.622 -16.843 8.16 0.86194 0.45693 -0.15738 -0.15332 3 
81.857 39.331 -13.971 0.38562 0.77758 0.22653 0.44198 1 99.327 56.334 -10.51 0.26297 0.81495 -0.4842 0.1796 2 47.622 -16.845 8.161 0.86194 0.45694 -0.15736 -0.15332 3 
81.305 40.205 -14.087 0.40019 0.77522 0.21197 0.4404 1 97.282 57.766 -11.287 0.27399 0.81445 -0.46477 0.21352 2 47.621 -16.844 8.16 0.86194 0.45692 -0.15736 -0.15333 3 
80.72 40.756 -14.445 0.39071 0.77129 0.21384 0.45468 1 95.711 58.806 -11.495 0.27697 0.81398 -0.46107 0.21938 2 47.622 -16.844 8.16 0.86194 0.45692 -0.15737 -0.15333 3 
80.46 41.126 -14.278 0.39169 0.76817 0.21156 0.46015 1 94.142 59.463 -12.602 0.2719 0.81169 -0.4679 0.21978 2 47.621 -16.846 8.159 0.86194 0.45694 -0.15737 -0.15333 3 
