117.892 -30.701 -12.162 0.52593 0.7111 0.37652 0.27562 1 117.449 10.8 -9.343 -0.47774 0.79924 -0.26214 0.25349 2 61.982 -40.412 -4.726 0.98595 0.13101 -0.07281 -0.0737 3 
117.949 -30.658 -12.212 0.52461 0.71277 0.37823 0.27144 1 117.259 10.796 -9.331 -0.4801 0.7974 -0.26168 0.25531 2 61.983 -40.411 -4.726 0.98595 0.13105 -0.07281 -0.0737 3 
117.967 -30.618 -12.205 0.52392 0.71422 0.37991 0.26659 1 117.127 10.788 -9.34 -0.48219 0.7968 -0.26232 0.25259 2 61.981 -40.412 -4.724 0.98595 0.13101 -0.07282 -0.07367 3 
118.031 -30.541 -12.265 0.52077 0.71636 0.38465 0.26014 1 117.029 10.801 -9.358 -0.48457 0.79708 -0.26235 0.24705 2 61.979 -40.416 -4.726 0.98596 0.13098 -0.07281 -0.0737 3 
118.09 -30.376 -12.279 0.51761 0.71754 0.38903 0.25664 1 116.955 10.823 -9.343 -0.48752 0.79632 -0.26187 0.24418 2 61.98 -40.413 -4.725 0.98595 0.13099 -0.07282 -0.0737 3 
118.044 -30.471 -12.301 0.51642 0.71848 0.38969 0.25542 1 116.869 10.8 -9.348 -0.48932 0.79379 -0.26194 0.24871 2 61.984 -40.411 -4.724 0.98595 0.13103 -0.0728 -0.0737 3 
117.901 -30.967 -12.224 0.50755 0.72662 0.38461 0.25786 1 117.01 10.941 -9.366 -0.4857 0.79295 -0.2658 0.25431 2 61.983 -40.412 -4.727 0.98595 0.13102 -0.07282 -0.07372 3 
118.114 -32.446 -12.268 0.445 0.76702 0.40154 0.22894 1 117.186 11.112 -9.387 -0.47308 0.79483 -0.27755 0.25962 2 61.982 -40.412 -4.723 0.98595 0.13103 -0.0728 -0.07368 3 
118.419 -34.912 -12.213 0.33743 0.83255 0.41367 0.14794 1 116.845 11.212 -9.363 -0.4757 0.7918 -0.27602 0.26565 2 61.978 -40.416 -4.725 0.98596 0.13099 -0.07279 -0.0737 3 
117.76 -36.595 -11.865 0.19335 0.87318 0.44729 -0.0103 1 116.194 11.173 -9.435 -0.48376 0.78438 -0.27645 0.27257 2 61.976 -40.416 -4.728 0.98595 0.13099 -0.07279 -0.07373 3 
113.967 -38.186 -10.48 0.11112 0.8667 0.45364 -0.17521 1 115.485 11.042 -9.48 -0.49434 0.77515 -0.27534 0.281 2 61.982 -40.41 -4.726 0.98595 0.13103 -0.07282 -0.0737 3 
107.893 -39.503 -8.952 0.07452 0.82443 0.47723 -0.29498 1 115.111 10.844 -9.495 -0.49664 0.77016 -0.27972 0.2863 2 61.983 -40.408 -4.724 0.98595 0.13103 -0.07282 -0.07367 3 
99.898 -39.752 -8.42 0.02863 0.79201 0.51586 -0.32526 1 115.034 10.705 -9.541 -0.49213 0.76954 -0.28481 0.29069 2 61.976 -40.417 -4.728 0.98596 0.13097 -0.07279 -0.07372 3 
91.596 -39.271 -9.193 -0.01548 0.80573 0.51813 -0.28653 1 115.334 10.557 -9.582 -0.47663 0.77422 -0.29291 0.29598 2 61.975 -40.412 -4.725 0.98596 0.13097 -0.07279 -0.07369 3 
84.76 -39.539 -11.414 -0.08331 0.7978 0.54745 -0.23848 1 115.967 10.323 -9.535 -0.4515 0.78317 -0.30027 0.30434 2 61.966 -40.42 -4.729 0.98596 0.13096 -0.07274 -0.07374 3 
80.019 -40.014 -13.663 -0.13558 0.78828 0.56652 -0.19823 1 117.005 9.975 -9.45 -0.41684 0.79323 -0.30823 0.31942 2 61.961 -40.428 -4.728 0.98597 0.13094 -0.07267 -0.07375 3 
76.909 -40.977 -15.359 -0.17 0.76874 0.58811 -0.18511 1 117.843 9.562 -9.336 -0.37901 0.79982 -0.3097 0.34746 2 61.95 -40.443 -4.737 0.98598 0.13084 -0.07261 -0.07381 3 
74.303 -42.219 -16.025 -0.16805 0.77426 0.58228 -0.18231 1 117.977 8.949 -9.329 -0.35467 0.79821 -0.31621 0.37024 2 61.952 -40.445 -4.734 0.98598 0.13088 -0.07258 -0.07385 3 
72.042 -42.823 -15.961 -0.14158 0.78245 0.57701 -0.18653 1 117.453 8.287 -9.373 -0.35166 0.79121 -0.3214 0.38344 2 61.968 -40.433 -4.735 0.98596 0.13095 -0.07269 -0.07379 3 
70.685 -43.268 -15.97 -0.12672 0.77239 0.58706 -0.20668 1 116.959 7.727 -9.416 -0.35152 0.7861 -0.32297 0.39265 2 61.457 -40.535 -4.704 0.98653 0.12995 -0.06519 -0.07496 3 
70.01 -43.556 -16.095 -0.10096 0.75285 0.6109 -0.22321 1 116.691 7.271 -9.42 -0.34736 0.78545 -0.32422 0.39659 2 61.197 -40.633 -4.699 0.9873 0.12401 -0.06523 -0.07487 3 
69.914 -43.573 -16.084 -0.09826 0.74799 0.61364 -0.23304 1 116.644 6.967 -9.391 -0.34404 0.78712 -0.32327 0.39695 2 61.197 -40.642 -4.708 0.98722 0.12458 -0.0653 -0.07495 3 
69.948 -43.316 -15.966 -0.10187 0.73974 0.61808 -0.24572 1 116.812 6.845 -9.338 -0.34391 0.78854 -0.3223 0.39504 2 61.332 -40.514 -4.676 0.98653 0.12973 -0.06623 -0.07451 3 
71.298 -42.303 -15.302 -0.0911 0.75343 0.59332 -0.26836 1 117.04 6.799 -9.327 -0.34317 0.79175 -0.32072 0.39051 2 63.136 -38.782 -4.138 0.98498 0.14377 -0.07858 -0.05454 3 
74.029 -40.355 -13.604 -0.01847 0.78901 0.54516 -0.28272 1 117.281 6.886 -9.336 -0.34145 0.79504 -0.32221 0.38406 2 66.915 -34.062 -2.662 0.98724 0.12114 -0.10259 0.01232 3 
76.8 -37.766 -11.518 0.06272 0.84321 0.46018 -0.27074 1 117.269 7.076 -9.389 -0.35284 0.79448 -0.32234 0.37471 2 70.214 -26.84 -1.681 0.98075 0.08589 -0.10424 0.14102 3 
79.347 -34.898 -9.744 0.12989 0.89144 0.35305 -0.25262 1 117.323 7.407 -9.457 -0.36763 0.7946 -0.32175 0.36046 2 73.461 -19.709 -1.964 0.94975 0.05811 -0.10356 0.2896 3 
81.368 -32.189 -8.52 0.19701 0.92459 0.22197 -0.23886 1 117.711 7.859 -9.477 -0.37713 0.79596 -0.32144 0.3477 2 76.973 -13.869 -3.636 0.88919 0.0267 -0.11693 0.44154 3 
82.575 -29.938 -7.957 0.25227 0.93706 0.09669 -0.2212 1 118.154 8.363 -9.465 -0.38499 0.79881 -0.31914 0.33442 2 79.803 -10.376 -6.063 0.81168 -0.01105 -0.13049 0.56923 3 
83.198 -28.359 -7.693 0.28691 0.93367 0.00903 -0.21413 1 118.766 8.91 -9.458 -0.38916 0.80189 -0.31661 0.32449 2 81.572 -8.943 -7.784 0.75063 -0.03349 -0.14711 0.64327 3 
83.239 -27.473 -7.498 0.2999 0.92999 -0.04674 -0.20736 1 119.359 9.49 -9.496 -0.39117 0.80404 -0.31838 0.31487 2 82.009 -8.52 -8.839 0.70933 -0.04437 -0.15334 0.68656 3 
83.084 -26.776 -7.357 0.30001 0.9247 -0.11486 -0.20427 1 119.761 9.882 -9.503 -0.39159 0.80619 -0.32207 0.30494 2 81.504 -8.716 -10.225 0.65252 -0.04201 -0.15348 0.74087 3 
82.995 -26.159 -7.119 0.3072 0.91253 -0.17448 -0.20608 1 119.958 10.202 -9.559 -0.39207 0.80782 -0.32518 0.29658 2 81.363 -9.239 -11.337 0.59443 -0.04281 -0.16457 0.78596 3 
82.905 -25.686 -6.758 0.30856 0.90875 -0.1816 -0.21443 1 119.972 10.377 -9.572 -0.39355 0.80864 -0.32771 0.28951 2 81.247 -8.872 -11.065 0.58805 -0.03768 -0.17435 0.78891 3 
82.777 -25.264 -6.345 0.30792 0.90565 -0.18418 -0.22597 1 119.908 10.58 -9.579 -0.39522 0.80924 -0.32866 0.28446 2 80.986 -8.428 -10.659 0.58684 -0.02946 -0.18369 0.78804 3 
82.666 -25.04 -6.018 0.3067 0.90227 -0.19231 -0.23424 1 119.858 10.673 -9.597 -0.39535 0.80993 -0.33029 0.28041 2 80.746 -8.338 -10.439 0.58011 -0.02389 -0.19162 0.79132 3 
82.576 -25.046 -5.83 0.30353 0.90233 -0.19432 -0.23646 1 119.851 10.793 -9.62 -0.39585 0.80951 -0.33132 0.27967 2 80.544 -8.387 -10.304 0.57824 -0.02156 -0.19224 0.7926 3 
82.692 -25.037 -5.847 0.30368 0.90248 -0.19691 -0.23354 1 119.858 10.908 -9.62 -0.39942 0.80743 -0.3316 0.28028 2 80.691 -8.431 -10.385 0.57652 -0.02391 -0.19047 0.79421 3 
82.948 -24.961 -5.966 0.30737 0.90272 -0.19565 -0.22878 1 119.942 10.941 -9.616 -0.40099 0.80619 -0.33161 0.28163 2 81.234 -8.369 -10.506 0.57785 -0.0312 -0.19062 0.79295 3 
83.078 -25.005 -6.105 0.30695 0.90763 -0.18072 -0.22211 1 120.099 10.967 -9.613 -0.40171 0.80522 -0.33148 0.28351 2 81.557 -8.186 -10.397 0.59006 -0.0373 -0.18438 0.78514 3 
83.154 -25.286 -6.311 0.30499 0.91538 -0.15329 -0.21346 1 120.307 10.972 -9.647 -0.40119 0.80501 -0.33178 0.28449 2 81.839 -7.984 -10.114 0.61247 -0.04398 -0.17431 0.76978 3 
83.136 -25.604 -6.608 0.30606 0.9225 -0.12617 -0.19849 1 120.434 10.934 -9.624 -0.40009 0.80508 -0.33167 0.28596 2 82.237 -7.906 -9.96 0.63518 -0.05788 -0.16414 0.7525 3 
82.964 -25.962 -6.984 0.30538 0.9301 -0.09704 -0.17954 1 120.464 10.913 -9.621 -0.40051 0.80396 -0.33172 0.28843 2 82.424 -7.921 -9.952 0.65342 -0.07392 -0.14833 0.73863 3 
82.44 -26.748 -7.302 0.29951 0.94027 -0.00884 -0.16158 1 120.424 10.936 -9.633 -0.4006 0.80277 -0.33198 0.29133 2 82.41 -7.746 -8.597 0.7146 -0.09202 -0.13602 0.67998 3 
81.591 -27.757 -7.558 0.27929 0.9405 0.12198 -0.15028 1 120.274 10.976 -9.592 -0.40033 0.80216 -0.3325 0.29279 2 81.644 -8.348 -6.189 0.79684 -0.10301 -0.13265 0.58038 3 
80.508 -29.2 -7.963 0.22858 0.91687 0.2868 -0.15764 1 120.035 11.076 -9.616 -0.40001 0.8019 -0.33225 0.2942 2 79.476 -11.456 -3.02 0.88924 -0.08884 -0.14029 0.42624 3 
79.2 -30.44 -8.126 0.15915 0.8685 0.42742 -0.19414 1 119.689 11.324 -9.607 -0.39904 0.80068 -0.33373 0.29715 2 76.254 -16.253 -0.19 0.9527 -0.03755 -0.14587 0.26395 3 
77.301 -30.864 -7.434 0.12124 0.82567 0.49485 -0.24227 1 119.181 11.569 -9.604 -0.40112 0.79604 -0.33648 0.30365 2 74.287 -19.333 1.932 0.96908 0.00499 -0.17332 0.17555 3 
74.285 -30.568 -6.157 0.11742 0.79893 0.52096 -0.27665 1 118.452 11.975 -9.722 -0.40556 0.78932 -0.34126 0.30991 2 72.355 -20.197 3.868 0.96755 0.022 -0.20848 0.14104 3 
70.635 -29.649 -4.908 0.11827 0.7702 0.55043 -0.2997 1 117.766 12.458 -9.795 -0.40684 0.78357 -0.34878 0.31441 2 69.874 -20.824 5.825 0.96565 0.02841 -0.23986 0.09578 3 
66.674 -28.058 -4.067 0.11119 0.7353 0.58661 -0.32071 1 117.177 13.05 -9.835 -0.40436 0.77918 -0.35736 0.31886 2 66.913 -21.339 7.426 0.96217 0.0371 -0.26718 0.03838 3 
62.646 -26.082 -3.895 0.08736 0.69577 0.63085 -0.3321 1 116.738 13.591 -9.887 -0.39698 0.77673 -0.36683 0.32332 2 63.209 -22.327 8.253 0.95846 0.05073 -0.27788 -0.03956 3 
59.118 -24.064 -4.159 0.05441 0.67303 0.65594 -0.33738 1 116.543 13.996 -9.932 -0.38478 0.7763 -0.37677 0.32764 2 59.317 -22.514 8.267 0.95467 0.07345 -0.27227 -0.09525 3 
56.158 -22.057 -4.504 0.02468 0.67141 0.65579 -0.34429 1 116.421 14.264 -9.932 -0.37077 0.77732 -0.38466 0.33217 2 55.898 -21.352 8.018 0.95172 0.10347 -0.26533 -0.11454 3 
53.931 -20.377 -4.774 0.00423 0.67963 0.64551 -0.34843 1 116.353 14.463 -9.952 -0.35743 0.77894 -0.39183 0.33461 2 53.324 -19.787 7.791 0.94954 0.12931 -0.26173 -0.1147 3 
52.511 -19.211 -4.97 -0.01915 0.69396 0.63032 -0.34748 1 116.309 14.543 -9.938 -0.3461 0.78152 -0.3964 0.33513 2 51.007 -18.375 7.632 0.95151 0.15386 -0.24512 -0.1043 3 
51.627 -18.593 -4.748 -0.02231 0.71023 0.61187 -0.3474 1 116.319 14.609 -9.95 -0.33666 0.78262 -0.40239 0.33504 2 49.869 -16.958 7.883 0.95214 0.16378 -0.24505 -0.08092 3 
51.225 -18.314 -4.62 -0.03975 0.71383 0.6081 -0.34508 1 116.214 14.695 -9.962 -0.3344 0.78139 -0.40582 0.33604 2 48.562 -16.899 8.081 0.95529 0.17509 -0.22338 -0.08283 3 
50.912 -18.539 -4.597 -0.05669 0.70853 0.61659 -0.3385 1 116.257 14.708 -9.995 -0.33408 0.78037 -0.40849 0.33549 2 47.495 -17.915 8.16 0.95756 0.17884 -0.20178 -0.10192 3 
50.781 -18.4 -4.541 -0.062 0.71128 0.61423 -0.33608 1 116.546 14.71 -9.976 -0.33148 0.78187 -0.40867 0.33436 2 47.12 -17.728 8.218 0.95834 0.1817 -0.19703 -0.0987 3 
50.825 -18.408 -4.563 -0.06596 0.7118 0.6209 -0.32168 1 116.973 14.568 -10.006 -0.33047 0.78383 -0.40879 0.33059 2 47.086 -17.754 8.209 0.9583 0.18225 -0.19645 -0.09928 3 
51.664 -18.473 -4.557 -0.061 0.70798 0.64398 -0.28342 1 117.329 14.415 -9.98 -0.33478 0.78519 -0.40581 0.32668 2 47.074 -17.763 8.215 0.95837 0.18199 -0.19635 -0.09931 3 
55.028 -19.16 -3.812 -0.00054 0.69618 0.65351 -0.29706 1 117.675 14.217 -9.97 -0.34163 0.7861 -0.40185 0.32228 2 47.078 -17.764 8.216 0.95836 0.18206 -0.19631 -0.09929 3 
62.765 -20.946 -2.439 0.12565 0.68116 0.62004 -0.36849 1 117.968 13.815 -9.95 -0.35086 0.78697 -0.39303 0.32109 2 47.078 -17.76 8.212 0.95836 0.18201 -0.19635 -0.09932 3 
73.436 -23.572 -2.107 0.23519 0.66265 0.58048 -0.41064 1 118.376 13.184 -9.88 -0.35975 0.78866 -0.38513 0.31667 2 47.075 -17.765 8.212 0.95837 0.18196 -0.19634 -0.09932 3 
83.994 -26.183 -3.131 0.29774 0.67342 0.54878 -0.39585 1 118.77 12.312 -9.87 -0.3703 0.79065 -0.37746 0.30867 2 47.079 -17.764 8.211 0.95836 0.18203 -0.19634 -0.09931 3 
92.415 -26.96 -4.899 0.36518 0.70293 0.53998 -0.28453 1 119.143 11.236 -9.887 -0.38376 0.79293 -0.36585 0.30025 2 47.078 -17.762 8.211 0.95836 0.182 -0.19635 -0.09933 3 
97.815 -26.686 -6.672 0.48046 0.72005 0.50067 0.00508 1 119.701 10.305 -9.887 -0.3952 0.7966 -0.35253 0.2915 2 47.077 -17.762 8.211 0.95836 0.18201 -0.19636 -0.09932 3 
104.587 -29.606 -9.352 0.46338 0.71773 0.41513 0.31274 1 121.112 9.577 -9.769 -0.38366 0.8082 -0.34557 0.28322 2 47.077 -17.767 8.211 0.95836 0.18201 -0.19634 -0.09934 3 
110.653 -32.657 -10.769 0.47148 0.68334 0.23484 0.50558 1 122.059 8.991 -9.775 -0.38233 0.81332 -0.34519 0.27051 2 47.077 -17.764 8.211 0.95836 0.18199 -0.19635 -0.09934 3 
113.471 -31.628 -11.404 0.47146 0.64699 0.29588 0.52114 1 122.739 8.603 -9.786 -0.38626 0.81667 -0.33986 0.26144 2 47.077 -17.763 8.211 0.95836 0.18201 -0.19635 -0.09933 3 
111.586 -30.885 -11.851 0.4442 0.59593 0.32003 0.58748 1 124.027 8.953 -9.548 -0.37119 0.82523 -0.32795 0.27141 2 47.078 -17.766 8.211 0.95836 0.18201 -0.19635 -0.09934 3 
108.633 -25.363 -12.134 0.41751 0.53431 0.59199 0.43559 1 125.785 11.748 -8.929 -0.28805 0.8638 -0.30375 0.28037 2 47.076 -17.764 8.21 0.95836 0.182 -0.19635 -0.09934 3 
107.97 -14.737 -12.255 0.37062 0.38369 0.76235 0.36641 1 128.179 17.73 -8.608 -0.09735 0.91 -0.33544 0.22338 2 47.078 -17.763 8.209 0.95836 0.182 -0.19636 -0.09934 3 
108.94 -2.822 -10.882 0.46954 0.2964 0.68732 0.46826 1 128.833 23.744 -8.455 0.11804 0.89443 -0.4115 0.12937 2 47.078 -17.765 8.211 0.95836 0.18202 -0.19633 -0.09933 3 
111.754 8.743 -9.148 0.53616 0.23578 0.62563 0.51529 1 128.119 29.598 -8.466 0.21994 0.84991 -0.4776 0.03433 2 47.077 -17.763 8.21 0.95836 0.182 -0.19634 -0.09934 3 
112.451 20.096 -7.398 0.59213 0.22235 0.60704 0.48108 1 125.599 36.416 -8.732 0.24495 0.82528 -0.5088 -0.00601 2 47.079 -17.765 8.207 0.95835 0.18201 -0.19636 -0.09937 3 
107.555 28.462 -7.522 0.52121 0.40741 0.64738 0.37848 1 121.465 42.815 -8.901 0.28336 0.81134 -0.51113 0.01353 2 47.075 -17.768 8.211 0.95836 0.18202 -0.1963 -0.09938 3 
99.224 34.534 -9.348 0.37395 0.61434 0.61318 0.32674 1 117.351 47.836 -8.854 0.30682 0.79695 -0.52014 0.01367 2 47.079 -17.762 8.209 0.95836 0.18201 -0.19637 -0.09931 3 
91.543 36.779 -10.993 0.30874 0.74273 0.51439 0.29739 1 112.922 51.424 -9.209 0.30255 0.76654 -0.56276 0.06457 2 47.075 -17.766 8.21 0.95836 0.182 -0.19633 -0.09936 3 
85.969 38.255 -11.827 0.30199 0.80104 0.40319 0.32338 1 108.768 54.012 -9.369 0.2682 0.75844 -0.58472 0.10455 2 47.079 -17.764 8.21 0.95836 0.18202 -0.19635 -0.09931 3 
82.655 39.181 -12.721 0.29024 0.80707 0.34997 0.37673 1 105.082 56.093 -9.632 0.25321 0.73628 -0.60965 0.1487 2 47.076 -17.764 8.21 0.95836 0.18202 -0.19635 -0.09934 3 
81.26 39.785 -13.3 0.29959 0.79591 0.32665 0.4124 1 101.494 57.435 -10.295 0.24411 0.72975 -0.61067 0.18696 2 47.077 -17.763 8.211 0.95836 0.18203 -0.19633 -0.09933 3 
80.306 40.677 -13.759 0.3133 0.78411 0.30295 0.44185 1 98.96 58.774 -10.476 0.25868 0.72362 -0.60386 0.21169 2 47.077 -17.765 8.211 0.95836 0.18203 -0.19633 -0.09933 3 
79.829 42.017 -13.846 0.332 0.78175 0.24855 0.46569 1 97.388 59.422 -11.046 0.27278 0.73013 -0.58343 0.22827 2 47.077 -17.763 8.21 0.95836 0.18201 -0.19634 -0.09933 3 
79.622 43.02 -14.189 0.33027 0.77888 0.22388 0.48389 1 95.657 59.949 -11.695 0.27734 0.73432 -0.56777 0.24798 2 47.078 -17.763 8.211 0.95836 0.18204 -0.19634 -0.09932 3 
79.097 43.242 -14.085 0.31968 0.76924 0.23459 0.50104 1 94.443 60.577 -12.312 0.2907 0.73525 -0.55914 0.24951 2 47.078 -17.764 8.211 0.95836 0.18203 -0.19635 -0.09931 3 
78.664 43.322 -13.927 0.31572 0.76258 0.23939 0.51136 1 93.439 61.199 -12.954 0.28533 0.73997 -0.55369 0.25388 2 47.076 -17.763 8.21 0.95836 0.18202 -0.19634 -0.09932 3 
