118.293 -33.336 -13.913 0.54033 0.67675 0.47246 0.1638 1 118.609 8.038 -10.143 -0.44594 0.78209 -0.39997 0.17177 2 44.86 -7.096 9.078 0.94154 0.24281 -0.22038 -0.07731 3 
118.317 -33.231 -13.979 0.53815 0.67687 0.47567 0.16116 1 118.369 8.053 -10.134 -0.44763 0.78108 -0.39879 0.17464 2 44.86 -7.097 9.078 0.94154 0.24282 -0.22038 -0.07732 3 
118.184 -33.205 -13.95 0.53808 0.67565 0.47715 0.16215 1 118.249 8.017 -10.138 -0.44518 0.78178 -0.39977 0.17555 2 44.861 -7.096 9.077 0.94154 0.24282 -0.22039 -0.07731 3 
118.02 -33.244 -13.994 0.53915 0.67477 0.4767 0.16359 1 118.197 8.016 -10.166 -0.4437 0.78171 -0.40204 0.17443 2 44.86 -7.097 9.078 0.94154 0.24282 -0.22038 -0.07732 3 
117.839 -33.269 -13.972 0.5395 0.67403 0.47691 0.16489 1 118.122 7.995 -10.177 -0.44189 0.78202 -0.40435 0.17226 2 44.86 -7.096 9.078 0.94154 0.24282 -0.22039 -0.07731 3 
117.67 -33.271 -13.98 0.53986 0.67367 0.47684 0.16534 1 118.066 7.967 -10.186 -0.4398 0.78285 -0.40539 0.17142 2 44.86 -7.096 9.077 0.94154 0.24282 -0.22039 -0.07731 3 
117.513 -33.256 -13.983 0.54136 0.67208 0.47675 0.16718 1 117.998 7.978 -10.117 -0.43909 0.78356 -0.40076 0.1806 2 44.86 -7.097 9.078 0.94154 0.24281 -0.22038 -0.07731 3 
117.3 -33.344 -13.933 0.54227 0.67027 0.47445 0.17768 1 116.695 8.738 -9.371 -0.43328 0.79795 -0.33643 0.24973 2 44.861 -7.096 9.077 0.94153 0.24282 -0.22039 -0.07731 3 
117.146 -33.308 -13.952 0.53871 0.66982 0.4779 0.18092 1 112.719 12.987 -7.812 -0.35756 0.87333 -0.28571 0.16679 2 44.86 -7.096 9.079 0.94154 0.24282 -0.22037 -0.07731 3 
116.774 -33.094 -13.975 0.54096 0.66483 0.48059 0.18547 1 105.588 16.117 -5.855 -0.28761 0.87325 -0.39328 -0.00658 2 44.86 -7.097 9.077 0.94154 0.24282 -0.22039 -0.07732 3 
116.39 -32.862 -14.011 0.54356 0.6584 0.48433 0.19098 1 95.964 15.508 -3.969 -0.25381 0.85444 -0.43815 -0.11636 2 44.86 -7.096 9.078 0.94154 0.24282 -0.22038 -0.07731 3 
116.141 -32.549 -14.011 0.54069 0.65639 0.4881 0.19636 1 85.063 12.415 -2.809 -0.25587 0.84261 -0.45498 -0.13243 2 44.86 -7.096 9.078 0.94154 0.24282 -0.22038 -0.07731 3 
116.293 -32.053 -14.052 0.52153 0.66359 0.49908 0.19643 1 73.657 9.315 -2.376 -0.22577 0.83445 -0.49405 -0.09297 2 44.86 -7.097 9.077 0.94154 0.24282 -0.22039 -0.07732 3 
116.453 -31.467 -14.04 0.49746 0.67253 0.51113 0.19744 1 63.419 6.488 -2.57 -0.18283 0.83804 -0.5109 -0.05696 2 44.86 -7.096 9.077 0.94154 0.24282 -0.22039 -0.07731 3 
116.777 -30.692 -14.004 0.46767 0.68337 0.52415 0.19888 1 55.273 3.896 -2.898 -0.17038 0.85592 -0.48721 -0.03176 2 44.86 -7.095 9.076 0.94152 0.24283 -0.22042 -0.07731 3 
116.953 -29.892 -13.987 0.44242 0.6915 0.53477 0.20027 1 49.549 2 -3.337 -0.16679 0.85044 -0.49873 -0.01438 2 44.86 -7.095 9.076 0.94152 0.24284 -0.22042 -0.07732 3 
116.92 -29.245 -13.871 0.42319 0.69657 0.54179 0.20535 1 46.313 0.802 -3.589 -0.17375 0.85064 -0.49578 -0.02085 2 44.86 -7.095 9.076 0.94152 0.24283 -0.22043 -0.07732 3 
116.884 -28.806 -13.861 0.40627 0.7006 0.54912 0.2063 1 44.751 0.356 -3.519 -0.17541 0.84231 -0.50737 -0.04818 2 44.86 -7.095 9.075 0.94152 0.24285 -0.22044 -0.07732 3 
116.812 -28.678 -13.813 0.40054 0.70199 0.55108 0.20758 1 44.089 0.098 -3.553 -0.17887 0.83034 -0.52405 -0.06252 2 44.336 -7.414 9.198 0.94328 0.2421 -0.21197 -0.08175 3 
116.84 -28.681 -13.819 0.39693 0.70555 0.55106 0.20244 1 44.054 0.003 -3.651 -0.18127 0.81046 -0.55006 -0.08793 2 44.62 -7.219 9.137 0.94294 0.24024 -0.21685 -0.07827 3 
117.173 -28.66 -13.796 0.38901 0.71217 0.55156 0.19304 1 45.872 -0.155 -3.845 -0.15965 0.79993 -0.55851 -0.15065 2 46.816 -6.339 8.92 0.94916 0.19119 -0.24446 -0.05267 3 
117.531 -28.593 -13.848 0.38364 0.71623 0.5529 0.18476 1 49.611 0.482 -3.834 -0.17523 0.77266 -0.57345 -0.20843 2 52.134 -3.63 8.804 0.94037 0.17858 -0.2895 0.0024 3 
117.413 -28.789 -13.877 0.39381 0.71237 0.55056 0.18529 1 54.932 1.644 -3.603 -0.21843 0.74964 -0.57672 -0.24025 2 58.728 -1.709 8.75 0.93016 0.20473 -0.30423 0.01807 3 
117.228 -29.048 -13.911 0.40867 0.70691 0.54673 0.18535 1 61.306 3.317 -3.53 -0.25382 0.76494 -0.53595 -0.25138 2 65.781 -1.324 8.055 0.9263 0.22447 -0.30189 -0.02089 3 
117.288 -29.399 -13.936 0.42317 0.70333 0.54107 0.18302 1 67.087 5.203 -4.055 -0.22852 0.82331 -0.44612 -0.26629 2 69.904 -3.073 6.264 0.9425 0.17682 -0.25667 -0.12062 3 
117.65 -29.677 -13.986 0.43587 0.70205 0.53477 0.1765 1 71.273 7.127 -4.941 -0.21084 0.88556 -0.31114 -0.27298 2 72.301 -5.723 2.961 0.93108 0.11995 -0.21422 -0.26984 3 
118.241 -29.894 -13.985 0.4432 0.70328 0.52855 0.17209 1 74.623 8.718 -5.608 -0.19673 0.92471 -0.16012 -0.28384 2 74.243 -7.215 -0.48 0.89142 0.06891 -0.19359 -0.4039 3 
118.791 -30.017 -13.988 0.45038 0.7045 0.52193 0.16858 1 77.342 10.153 -5.876 -0.17998 0.93322 -0.03824 -0.30863 2 75.985 -7.297 -2.866 0.84079 0.01832 -0.1997 -0.50285 3 
119.143 -30.219 -13.943 0.46056 0.70273 0.51454 0.17117 1 79.078 11.184 -5.691 -0.18113 0.92124 0.04973 -0.34063 2 77.585 -6.994 -4.211 0.79101 -0.01155 -0.22623 -0.56832 3 
119.39 -30.22 -13.862 0.46926 0.69998 0.50978 0.17308 1 80.075 11.536 -5.437 -0.19296 0.90419 0.11583 -0.36303 2 78.888 -6.996 -5.277 0.74254 -0.01979 -0.2532 -0.61978 3 
119.608 -30.152 -13.855 0.47608 0.69829 0.5058 0.17296 1 80.702 11.099 -5.308 -0.20153 0.88899 0.15305 -0.38164 2 79.586 -7.555 -5.879 0.7116 -0.03022 -0.27251 -0.64688 3 
119.856 -30.014 -13.815 0.47914 0.69855 0.50313 0.17119 1 80.687 10.384 -5.395 -0.21284 0.87547 0.18517 -0.39238 2 79.784 -8.279 -6.747 0.68012 -0.03142 -0.28919 -0.67291 3 
120.267 -29.843 -13.789 0.47703 0.70105 0.50293 0.16741 1 80.318 9.81 -5.617 -0.22886 0.862 0.22462 -0.39259 2 79.61 -8.662 -8.019 0.64054 -0.02279 -0.29889 -0.707 3 
120.751 -29.595 -13.776 0.46973 0.70626 0.50456 0.16117 1 80.114 9.32 -5.779 -0.24479 0.85442 0.23752 -0.39195 2 79.95 -9.002 -8.629 0.62221 -0.01146 -0.31073 -0.71845 3 
121.098 -29.428 -13.817 0.46445 0.71021 0.50551 0.15601 1 79.892 8.835 -5.8 -0.25733 0.84605 0.24865 -0.39517 2 80.125 -9.375 -8.997 0.60937 -0.00384 -0.32078 -0.72509 3 
121.28 -29.318 -13.79 0.46025 0.71312 0.50647 0.15206 1 79.561 8.476 -5.754 -0.26647 0.83662 0.26265 -0.4001 2 79.998 -9.578 -9.278 0.59345 2e-05 -0.33065 -0.73381 3 
121.36 -29.174 -13.811 0.45738 0.71476 0.50783 0.14845 1 79.199 8.341 -5.679 -0.26903 0.83467 0.26388 -0.40165 2 79.763 -9.669 -9.262 0.59089 0.0018 -0.33482 -0.73399 3 
121.371 -29.11 -13.802 0.45588 0.71516 0.50869 0.14817 1 78.936 8.393 -5.594 -0.26979 0.83326 0.26494 -0.40337 2 79.532 -9.598 -9.197 0.58969 0.00171 -0.33723 -0.73385 3 
121.326 -29.072 -13.839 0.45513 0.71522 0.5094 0.14774 1 78.782 8.485 -5.556 -0.2715 0.8291 0.27454 -0.40436 2 79.331 -9.374 -9.375 0.58004 0.00286 -0.33944 -0.74049 3 
121.184 -29.039 -13.816 0.45522 0.71442 0.51024 0.14844 1 78.677 8.484 -5.528 -0.275 0.82663 0.27669 -0.40558 2 79.367 -9.318 -9.421 0.5765 0.00563 -0.3436 -0.74132 3 
121.044 -29.082 -13.809 0.45638 0.71281 0.51056 0.15152 1 78.534 8.457 -5.477 -0.27634 0.82768 0.27249 -0.40537 2 79.353 -9.395 -9.298 0.58041 0.00754 -0.34402 -0.73805 3 
120.975 -29.118 -13.831 0.45631 0.71267 0.51064 0.15207 1 78.354 8.467 -5.455 -0.27481 0.83032 0.26818 -0.4039 2 79.179 -9.449 -9.181 0.58514 0.0081 -0.34141 -0.73552 3 
120.903 -29.207 -13.833 0.4557 0.71267 0.51113 0.15229 1 78.225 8.394 -5.467 -0.27427 0.83141 0.26646 -0.40315 2 79.035 -9.552 -9.162 0.58697 0.00802 -0.33995 -0.73473 3 
120.84 -29.261 -13.822 0.45558 0.71195 0.51176 0.15386 1 78.085 8.257 -5.539 -0.27743 0.83269 0.26521 -0.39915 2 79.054 -9.685 -9.231 0.58872 0.01356 -0.33765 -0.73431 3 
120.768 -29.301 -13.841 0.45524 0.7114 0.51266 0.15444 1 77.956 8.068 -5.667 -0.28168 0.83702 0.26196 -0.38914 2 79.163 -9.868 -9.352 0.59288 0.02484 -0.32912 -0.73454 3 
120.712 -29.296 -13.853 0.45218 0.7124 0.51457 0.15243 1 77.817 7.836 -5.809 -0.29196 0.85958 0.21489 -0.36014 2 79.947 -10.517 -8.755 0.63224 0.05523 -0.30456 -0.71026 3 
120.519 -29.254 -13.909 0.45036 0.71293 0.51587 0.15093 1 77.474 7.473 -5.841 -0.30184 0.89724 0.07698 -0.31294 2 81.031 -11.191 -6.045 0.73414 0.10476 -0.2698 -0.61422 3 
120.165 -29.263 -13.891 0.44985 0.71209 0.51744 0.15105 1 76.059 7.04 -5.819 -0.28398 0.91565 -0.12749 -0.25434 2 79.597 -9.539 -1.643 0.85306 0.15685 -0.23316 -0.43969 3 
119.649 -29.253 -13.913 0.45044 0.71009 0.5192 0.15265 1 73.047 6.201 -5.923 -0.23643 0.88988 -0.34223 -0.18733 2 74.278 -5.987 1.981 0.93205 0.18927 -0.187 -0.24596 3 
119.222 -29.122 -13.912 0.44746 0.7083 0.52361 0.15472 1 68.92 4.197 -5.582 -0.22176 0.83923 -0.47343 -0.1496 2 69.364 -4.07 4.259 0.95082 0.22188 -0.18482 -0.11199 3 
119.033 -28.968 -13.932 0.43991 0.70815 0.53002 0.15518 1 64.251 1.303 -4.769 -0.23586 0.81015 -0.51652 -0.14571 2 65.595 -5.488 5.956 0.94458 0.24162 -0.21158 -0.068 3 
119.103 -28.755 -14.016 0.42702 0.71009 0.53892 0.15165 1 59.988 -1.84 -4.034 -0.2402 0.79673 -0.53464 -0.14725 2 61.702 -8.012 7.361 0.94214 0.24343 -0.22512 -0.04934 3 
119.267 -28.524 -14.048 0.41042 0.71384 0.54764 0.14856 1 55.821 -4.78 -3.564 -0.2316 0.7862 -0.55453 -0.14403 2 57.29 -10.138 8.499 0.94344 0.23933 -0.22825 -0.0235 3 
119.564 -28.22 -14.1 0.39328 0.71776 0.55596 0.14512 1 52.179 -7.066 -3.271 -0.228 0.78906 -0.55465 -0.13326 2 53.414 -12.738 9.181 0.94456 0.23884 -0.22325 -0.03038 3 
119.733 -27.952 -14.144 0.37775 0.72165 0.56298 0.13989 1 49.643 -8.427 -3.05 -0.24153 0.81043 -0.51933 -0.12317 2 50.939 -16.316 9.253 0.94204 0.24867 -0.20554 -0.09209 3 
119.877 -27.79 -14.193 0.36368 0.7241 0.57002 0.13599 1 48.054 -9.009 -3.109 -0.24681 0.83468 -0.47553 -0.12752 2 49.656 -18.852 8.675 0.93789 0.23913 -0.20261 -0.14874 3 
119.671 -27.809 -14.244 0.35811 0.7234 0.57443 0.13595 1 46.918 -8.893 -3.517 -0.22985 0.84099 -0.47305 -0.12698 2 48.078 -18.845 8.191 0.94178 0.22303 -0.19991 -0.15276 3 
119.441 -27.833 -14.284 0.35446 0.72148 0.57851 0.13837 1 46.136 -8.616 -3.787 -0.20657 0.82925 -0.50428 -0.12401 2 46.491 -17.038 8.43 0.95117 0.21099 -0.19772 -0.108 3 
118.964 -28.062 -14.31 0.35738 0.71765 0.58047 0.1425 1 46.013 -8.81 -3.907 -0.19892 0.82917 -0.50574 -0.13089 2 46.19 -17.103 8.407 0.95381 0.20048 -0.19772 -0.10473 3 
118.609 -28.187 -14.303 0.3613 0.71468 0.58106 0.14516 1 46.041 -8.83 -4.016 -0.19756 0.82807 -0.50744 -0.13334 2 46.145 -17.009 8.409 0.95481 0.19675 -0.19814 -0.10184 3 
118.49 -28.354 -14.348 0.36683 0.71259 0.58018 0.14504 1 46.066 -8.764 -4.057 -0.19807 0.83143 -0.50812 -0.10628 2 46.112 -17.027 8.404 0.9549 0.19675 -0.19745 -0.1023 3 
118.475 -28.695 -14.336 0.37346 0.71185 0.57772 0.14155 1 47.302 -7.337 -3.767 -0.19139 0.84416 -0.49542 -0.07288 2 46.107 -17.028 8.412 0.95491 0.19666 -0.19752 -0.10229 3 
118.53 -29.089 -14.419 0.38238 0.70922 0.57644 0.13603 1 51.989 -3.326 -2.285 -0.2296 0.81694 -0.51724 -0.11115 2 46.104 -17.037 8.416 0.95493 0.19667 -0.1974 -0.10231 3 
118.23 -29.819 -14.583 0.40461 0.6991 0.57353 0.13642 1 60.916 1.909 -0.316 -0.28344 0.78281 -0.52888 -0.16482 2 46.104 -17.037 8.417 0.95493 0.19668 -0.19734 -0.10234 3 
117.725 -30.926 -14.73 0.43866 0.68334 0.56516 0.14568 1 71.523 7.118 1.128 -0.31569 0.7808 -0.50634 -0.18524 2 46.102 -17.035 8.416 0.95494 0.19661 -0.19739 -0.10234 3 
117.563 -31.872 -14.803 0.46742 0.67226 0.55336 0.15291 1 82.065 11.067 1.501 -0.33896 0.82057 -0.43521 -0.14951 2 46.096 -17.041 8.42 0.95497 0.19662 -0.19725 -0.10235 3 
117.6 -32.7 -14.876 0.48601 0.66721 0.54344 0.15264 1 91.396 12.372 0.613 -0.36061 0.88374 -0.29141 -0.06356 2 46.102 -17.039 8.419 0.95495 0.19662 -0.19734 -0.10234 3 
117.586 -33.385 -14.819 0.50202 0.66202 0.53477 0.15404 1 99.949 12.155 -2.127 -0.30486 0.93283 -0.13161 0.13988 2 46.099 -17.037 8.418 0.95496 0.19659 -0.19731 -0.10236 3 
117.505 -33.754 -14.795 0.52164 0.65305 0.5255 0.15894 1 108.641 11.637 -5.29 -0.27461 0.89152 0.06289 0.35471 2 46.1 -17.04 8.418 0.95496 0.19662 -0.19729 -0.10235 3 
117.249 -33.73 -14.775 0.5413 0.63921 0.51857 0.17173 1 115.677 8.226 -6.645 -0.32814 0.84019 -0.05056 0.42879 2 46.1 -17.041 8.419 0.95496 0.1966 -0.19732 -0.10234 3 
116.964 -33.32 -14.637 0.56051 0.62314 0.51033 0.19259 1 118.825 5.802 -7.598 -0.32997 0.81677 -0.19813 0.42983 2 46.097 -17.039 8.417 0.95496 0.19658 -0.19729 -0.10238 3 
117.068 -32.512 -14.512 0.56901 0.61332 0.50408 0.21442 1 119.81 7.127 -7.728 -0.31873 0.81151 -0.22873 0.43307 2 46.101 -17.039 8.419 0.95495 0.19663 -0.1973 -0.10233 3 
116.817 -31.284 -14.143 0.58707 0.60257 0.48101 0.24675 1 120.711 8.822 -7.669 -0.30912 0.80559 -0.22267 0.45374 2 46.097 -17.042 8.42 0.95496 0.1966 -0.19727 -0.10236 3 
116.529 -29.149 -13.667 0.5896 0.60554 0.45054 0.28758 1 120.142 12.734 -7.637 -0.24911 0.80615 -0.21744 0.4907 2 46.099 -17.037 8.418 0.95496 0.1966 -0.19732 -0.10233 3 
113.234 -27.091 -13.246 0.55682 0.63103 0.35032 0.41113 1 118.022 20.989 -7.902 -0.07598 0.79749 -0.29435 0.52115 2 46.098 -17.042 8.42 0.95496 0.1966 -0.19728 -0.10235 3 
111.047 -20.267 -15.334 0.2116 0.65453 0.59328 0.41813 1 116.893 30.882 -8.549 0.06313 0.78872 -0.41464 0.44945 2 46.099 -17.041 8.419 0.95496 0.19663 -0.19728 -0.10236 3 
109.337 -6.675 -15.286 0.24934 0.49187 0.61287 0.56593 1 115.25 39.983 -9.238 0.09464 0.75626 -0.51259 0.39543 2 46.098 -17.038 8.419 0.95496 0.1966 -0.19729 -0.10236 3 
109.145 8.037 -15.38 0.31356 0.37575 0.58186 0.64956 1 111.514 46.357 -9.458 0.16929 0.77368 -0.53972 0.28541 2 46.097 -17.042 8.419 0.95496 0.1966 -0.19727 -0.10235 3 
106.154 23.691 -13.616 0.32704 0.38355 0.68687 0.52359 1 105.982 51.112 -9.613 0.19615 0.77217 -0.57633 0.18202 2 46.099 -17.039 8.42 0.95496 0.19662 -0.19728 -0.10234 3 
98.977 32.679 -11.323 0.34356 0.58642 0.64629 0.34697 1 101.067 54.943 -9.602 0.22344 0.77663 -0.56441 0.16839 2 46.098 -17.038 8.418 0.95496 0.19661 -0.19729 -0.10235 3 
90.245 36.647 -10.863 0.31583 0.74148 0.53476 0.25397 1 97.465 57.481 -10.562 0.23861 0.77536 -0.55868 0.17253 2 46.099 -17.041 8.42 0.95496 0.19661 -0.19728 -0.10235 3 
83.962 38.681 -12.333 0.2779 0.78351 0.41387 0.37094 1 95.25 59.352 -11.539 0.24848 0.77003 -0.55859 0.18245 2 46.099 -17.039 8.419 0.95496 0.19662 -0.19728 -0.10234 3 
82.194 39.871 -13.724 0.29279 0.7663 0.36529 0.44003 1 93.928 60.644 -12.269 0.24707 0.76058 -0.56916 0.19112 2 46.097 -17.039 8.419 0.95496 0.1966 -0.19728 -0.10236 3 
81.641 40.747 -14.404 0.29114 0.75654 0.34686 0.47177 1 93.01 61.47 -13.179 0.24347 0.75604 -0.57455 0.19756 2 46.099 -17.041 8.419 0.95496 0.1966 -0.19729 -0.10235 3 
81.444 41.252 -14.723 0.28603 0.75589 0.32626 0.49027 1 92.025 62.102 -13.54 0.23192 0.75555 -0.57813 0.20278 2 46.098 -17.04 8.42 0.95496 0.19662 -0.19727 -0.10235 3 
81.071 41.378 -14.73 0.27259 0.75032 0.33504 0.50047 1 91.12 62.081 -14.132 0.22527 0.76108 -0.5679 0.21793 2 46.099 -17.038 8.419 0.95496 0.19661 -0.1973 -0.10235 3 
80.975 41.338 -14.639 0.26704 0.74692 0.34151 0.50416 1 90.666 61.858 -14.895 0.23025 0.77037 -0.56029 0.19897 2 46.097 -17.041 8.42 0.95497 0.19661 -0.19726 -0.10235 3 
81.332 41.37 -14.712 0.2704 0.75077 0.33798 0.499 1 91.621 62.248 -13.706 0.26811 0.77052 -0.55376 0.16664 2 46.099 -17.04 8.419 0.95496 0.19661 -0.19728 -0.10236 3 
81.336 41.18 -14.853 0.26866 0.74474 0.34509 0.50408 1 92.843 62.297 -13.149 0.27714 0.76458 -0.55665 0.16957 2 46.098 -17.039 8.419 0.95496 0.19661 -0.19728 -0.10235 3 
81.302 41.251 -14.818 0.26657 0.74514 0.34805 0.50256 1 92.749 61.922 -13.388 0.27303 0.77614 -0.54257 0.16933 2 46.098 -17.04 8.419 0.95496 0.19661 -0.19727 -0.10235 3 
