116.878 -31.022 -12.117 0.49696 0.72748 0.32814 0.34079 1 116.386 10.24 -10.257 -0.44823 0.76263 -0.40987 0.22248 2 48.497 -48.346 5.577 0.8302 0.52666 -0.03751 -0.17885 3 
117.109 -30.924 -11.959 0.49156 0.73177 0.31995 0.34715 1 116.289 10.271 -10.256 -0.45282 0.75913 -0.40989 0.2251 2 48.498 -48.345 5.577 0.83019 0.52668 -0.03749 -0.17885 3 
117.23 -30.896 -11.875 0.4906 0.73174 0.31615 0.35202 1 116.314 10.366 -10.285 -0.45404 0.75797 -0.41159 0.22344 2 48.499 -48.343 5.578 0.83018 0.5267 -0.03751 -0.17885 3 
117.25 -30.851 -11.799 0.49067 0.73022 0.31282 0.358 1 116.381 10.444 -10.31 -0.45372 0.75788 -0.41389 0.22013 2 48.498 -48.345 5.578 0.8302 0.52667 -0.03752 -0.17884 3 
117.163 -30.751 -11.75 0.49122 0.72924 0.30927 0.3623 1 116.405 10.545 -10.335 -0.45303 0.75732 -0.41681 0.21795 2 48.498 -48.345 5.577 0.8302 0.52667 -0.0375 -0.17886 3 
117.088 -30.716 -11.722 0.48957 0.72761 0.3084 0.36851 1 116.434 10.59 -10.352 -0.45151 0.75714 -0.41944 0.21669 2 48.5 -48.343 5.578 0.83017 0.52671 -0.03749 -0.17884 3 
116.656 -30.989 -11.558 0.48025 0.72257 0.29789 0.39815 1 116.427 10.636 -10.386 -0.4503 0.75651 -0.42181 0.21679 2 48.5 -48.343 5.577 0.83017 0.52671 -0.03751 -0.17885 3 
114.099 -31.775 -10.085 0.4202 0.73297 0.23173 0.48216 1 116.298 10.682 -10.392 -0.4526 0.75448 -0.42159 0.2195 2 48.497 -48.345 5.577 0.83019 0.52668 -0.0375 -0.17884 3 
110.533 -32.141 -7.469 0.35613 0.77017 0.26532 0.45784 1 116.085 10.742 -10.41 -0.45965 0.74798 -0.42311 0.22412 2 48.5 -48.342 5.576 0.83017 0.52671 -0.03752 -0.17885 3 
106.793 -33.65 -5.498 0.35908 0.73498 0.51574 0.25471 1 115.846 10.749 -10.459 -0.46586 0.74085 -0.4254 0.23053 2 48.501 -48.344 5.58 0.83018 0.52671 -0.03751 -0.17883 3 
102.725 -36.608 -3.232 0.34651 0.70557 0.61444 -0.06751 1 115.751 10.667 -10.507 -0.46456 0.73684 -0.43 0.23741 2 48.499 -48.344 5.577 0.83018 0.52669 -0.03752 -0.17884 3 
98.393 -39.109 -0.79 0.27 0.73736 0.5487 -0.28692 1 115.574 10.497 -10.49 -0.46633 0.73183 -0.42854 0.25162 2 48.501 -48.342 5.574 0.83016 0.52672 -0.03753 -0.17886 3 
92.515 -41.535 0.709 0.19566 0.70392 0.54544 -0.41075 1 115.387 10.315 -10.423 -0.46766 0.72659 -0.42452 0.27044 2 48.499 -48.344 5.577 0.83018 0.5267 -0.03751 -0.17885 3 
85.098 -44.077 0.74 0.09122 0.71779 0.53688 -0.43384 1 115.388 9.916 -10.43 -0.45791 0.72499 -0.42625 0.28814 2 48.498 -48.344 5.577 0.83019 0.52668 -0.03751 -0.17884 3 
77.21 -46.487 -0.96 -0.00567 0.71563 0.57031 -0.40323 1 115.546 9.317 -10.386 -0.43851 0.72709 -0.43072 0.30584 2 48.497 -48.345 5.577 0.83019 0.52668 -0.03751 -0.17884 3 
69.932 -47.973 -3.19 -0.0663 0.74232 0.57174 -0.34304 1 115.922 8.641 -10.333 -0.40356 0.73588 -0.43895 0.32085 2 48.501 -48.342 5.578 0.83016 0.52673 -0.0375 -0.17883 3 
64.091 -48.582 -5.02 -0.07647 0.76979 0.56301 -0.29084 1 116.438 7.841 -10.252 -0.36341 0.74932 -0.44323 0.33165 2 48.499 -48.343 5.579 0.83018 0.52671 -0.0375 -0.17882 3 
59.533 -48.054 -6.39 -0.07557 0.77474 0.56812 -0.26705 1 116.637 7.021 -10.132 -0.32547 0.76074 -0.44665 0.34037 2 48.498 -48.344 5.578 0.83019 0.52668 -0.03754 -0.17883 3 
56.534 -47.696 -7.382 -0.08119 0.76039 0.58577 -0.26851 1 116.408 6.284 -10.026 -0.30466 0.76445 -0.45114 0.34536 2 48.498 -48.344 5.578 0.83019 0.52669 -0.03751 -0.17883 3 
55.156 -47.763 -8.07 -0.07911 0.73278 0.60598 -0.29929 1 115.995 5.819 -10.015 -0.29146 0.76712 -0.4551 0.34563 2 48.474 -48.36 5.581 0.83028 0.52656 -0.03729 -0.17882 3 
54.655 -47.98 -8.266 -0.08772 0.7133 0.61353 -0.32725 1 115.563 5.568 -9.991 -0.28555 0.76756 -0.45716 0.34687 2 48.115 -48.791 5.579 0.83088 0.52512 -0.02948 -0.18172 3 
54.578 -48.017 -8.116 -0.08115 0.70747 0.61637 -0.33613 1 115.127 5.491 -10.011 -0.28886 0.76577 -0.45948 0.34501 2 48.234 -48.74 5.574 0.83209 0.52315 -0.03203 -0.18142 3 
55.515 -47.534 -7.754 -0.06693 0.708 0.60133 -0.36423 1 114.995 5.48 -9.963 -0.28745 0.76883 -0.45849 0.34069 2 50.052 -47.566 5.868 0.82273 0.53739 -0.05309 -0.17752 3 
58.654 -46.163 -6.836 -0.00582 0.70963 0.57493 -0.40724 1 114.99 5.596 -9.94 -0.28532 0.77081 -0.4577 0.33906 2 55.798 -44.986 7.025 0.82386 0.52402 -0.11236 -0.18449 3 
63.536 -43.796 -5.702 0.06385 0.73643 0.52584 -0.42082 1 114.647 5.767 -9.999 -0.29633 0.76711 -0.45726 0.3386 2 62.905 -39.103 7.876 0.83431 0.49688 -0.19534 -0.13741 3 
68.796 -40.782 -5.268 0.11728 0.78268 0.47007 -0.39077 1 114.296 5.997 -10.083 -0.3122 0.76372 -0.45689 0.33244 2 67.525 -31.601 7.284 0.85345 0.46665 -0.23003 -0.03068 3 
73.266 -37.794 -5.976 0.1861 0.83638 0.39333 -0.33336 1 114.396 6.37 -10.119 -0.32401 0.76345 -0.45466 0.32473 2 71.524 -23.902 4.556 0.86883 0.41132 -0.25767 0.09772 3 
76.852 -34.713 -7.112 0.24611 0.88492 0.27473 -0.28438 1 114.873 6.922 -10.161 -0.33544 0.7649 -0.44969 0.31653 2 75.246 -16.779 0.494 0.8515 0.35968 -0.29649 0.24016 3 
79.562 -31.808 -7.903 0.30125 0.91198 0.1261 -0.24828 1 115.779 7.449 -10.184 -0.3398 0.76856 -0.44694 0.30674 2 78.793 -11.222 -4.09 0.79546 0.30036 -0.35121 0.39201 3 
81.173 -29.571 -8.295 0.33476 0.91291 -0.01446 -0.23307 1 116.965 8.08 -10.106 -0.34034 0.7732 -0.44549 0.29644 2 81.221 -8.739 -8.051 0.71443 0.24691 -0.41235 0.50852 3 
81.814 -28.333 -8.07 0.33827 0.90198 -0.10032 -0.24887 1 118.094 8.586 -10.097 -0.3358 0.78057 -0.44529 0.28224 2 81.677 -8.262 -9.763 0.646 0.23387 -0.46193 0.5609 3 
81.718 -27.8 -7.26 0.32948 0.89384 -0.13397 -0.27303 1 119.067 9.004 -10.119 -0.33177 0.78593 -0.4468 0.26946 2 80.962 -8.07 -9.526 0.61353 0.24591 -0.48771 0.5703 3 
81.661 -27.096 -6.267 0.33447 0.87207 -0.19325 -0.30047 1 119.789 9.361 -10.107 -0.33138 0.78904 -0.44888 0.2571 2 80.856 -8.287 -9.815 0.55901 0.23605 -0.53824 0.58488 3 
81.66 -26.271 -5.364 0.34175 0.85318 -0.23393 -0.31711 1 120.313 9.513 -10.182 -0.33108 0.79158 -0.45155 0.24473 2 80.673 -8.15 -9.797 0.51996 0.22741 -0.56882 0.5953 3 
81.586 -25.86 -4.735 0.34732 0.84669 -0.23542 -0.32719 1 120.769 9.665 -10.228 -0.33013 0.79397 -0.45308 0.23525 2 80.98 -7.725 -9.175 0.51865 0.22713 -0.58143 0.58425 3 
81.565 -25.6 -4.29 0.34378 0.8425 -0.24248 -0.33646 1 121.15 9.775 -10.226 -0.32833 0.79644 -0.4538 0.22795 2 80.717 -7.506 -8.821 0.50987 0.23315 -0.58894 0.58209 3 
81.553 -25.578 -3.991 0.3403 0.8405 -0.24742 -0.34139 1 121.492 9.83 -10.234 -0.32691 0.79787 -0.45434 0.22385 2 80.513 -7.535 -8.605 0.50382 0.23668 -0.59305 0.58176 3 
81.659 -25.543 -3.865 0.33962 0.83774 -0.25366 -0.34424 1 121.703 9.862 -10.239 -0.32666 0.79787 -0.45498 0.22293 2 80.506 -7.609 -8.602 0.49751 0.23608 -0.59691 0.58348 3 
81.751 -25.437 -3.883 0.34347 0.83622 -0.25599 -0.34239 1 121.791 9.875 -10.223 -0.32834 0.79725 -0.45429 0.22407 2 80.798 -7.603 -8.7 0.49707 0.23019 -0.5992 0.58386 3 
81.763 -25.379 -4.014 0.3451 0.83805 -0.25316 -0.33837 1 121.858 9.886 -10.219 -0.32924 0.79679 -0.45342 0.22613 2 80.937 -7.545 -8.809 0.50092 0.22729 -0.5965 0.58447 3 
81.717 -25.516 -4.155 0.34501 0.84134 -0.24934 -0.33308 1 121.906 9.9 -10.217 -0.32873 0.79646 -0.453 0.22884 2 80.981 -7.634 -8.924 0.50549 0.22484 -0.59187 0.58619 3 
81.702 -25.691 -4.273 0.34322 0.84368 -0.24799 -0.33001 1 121.893 9.844 -10.202 -0.32805 0.79633 -0.4529 0.23048 2 80.94 -7.825 -9.012 0.50716 0.22385 -0.58908 0.58793 3 
81.602 -25.932 -4.376 0.34064 0.84777 -0.24233 -0.32639 1 121.736 9.843 -10.204 -0.32906 0.79518 -0.4532 0.23241 2 80.827 -7.946 -9.016 0.51204 0.22519 -0.58393 0.58833 3 
81.341 -26.227 -4.509 0.33801 0.85332 -0.23297 -0.32142 1 121.507 9.765 -10.22 -0.33014 0.79384 -0.45365 0.23458 2 80.629 -8.089 -9 0.52046 0.22569 -0.57721 0.58738 3 
80.931 -26.528 -4.711 0.33618 0.86013 -0.21915 -0.31485 1 121.274 9.722 -10.222 -0.32888 0.79369 -0.45402 0.23614 2 80.462 -8.202 -8.978 0.53309 0.22365 -0.56955 0.58431 3 
80.27 -26.852 -4.905 0.33695 0.87037 -0.18276 -0.30907 1 121.026 9.627 -10.253 -0.32602 0.79387 -0.45526 0.23711 2 80.365 -7.983 -8.575 0.55953 0.2251 -0.55736 0.57062 3 
78.966 -27.163 -4.984 0.3446 0.88377 -0.09308 -0.30254 1 120.718 9.501 -10.191 -0.32301 0.79367 -0.45665 0.23923 2 80.611 -7.246 -6.941 0.62303 0.23207 -0.53598 0.5203 3 
76.79 -26.929 -4.874 0.34872 0.88682 0.05418 -0.29834 1 120.365 9.401 -10.205 -0.31957 0.79336 -0.45894 0.24049 2 80.128 -6.44 -3.614 0.71401 0.25437 -0.49778 0.42155 3 
73.274 -26.39 -4.509 0.33404 0.86579 0.2285 -0.29431 1 120.1 9.349 -10.2 -0.31411 0.79375 -0.46103 0.24236 2 77.592 -7.455 0.809 0.80187 0.27856 -0.44484 0.28553 3 
68.65 -25.66 -4.067 0.29488 0.81962 0.40277 -0.28117 1 119.952 9.317 -10.195 -0.30552 0.79505 -0.46443 0.24261 2 72.682 -10.729 5.141 0.86988 0.29446 -0.37307 0.13198 3 
63.777 -24.345 -3.84 0.25457 0.76219 0.52765 -0.27541 1 119.936 9.277 -10.162 -0.29262 0.79804 -0.46831 0.24124 2 67.224 -14.319 7.923 0.90015 0.30156 -0.31425 -0.00611 3 
59.338 -22.642 -4.028 0.20423 0.72982 0.5861 -0.28661 1 120.1 9.33 -10.09 -0.27736 0.80108 -0.4723 0.2414 2 62.027 -15.924 8.823 0.89645 0.32874 -0.28366 -0.08853 3 
55.897 -21.272 -4.498 0.16456 0.72737 0.60035 -0.28885 1 120.543 9.377 -9.963 -0.25477 0.80652 -0.47603 0.24088 2 57.599 -15.706 8.664 0.88955 0.35485 -0.26456 -0.11313 3 
53.109 -20.448 -4.895 0.13029 0.72777 0.6096 -0.28594 1 121.167 9.306 -9.95 -0.2257 0.8127 -0.48094 0.23932 2 53.673 -15.673 8.514 0.88522 0.37676 -0.24161 -0.12674 3 
50.946 -20.172 -5.163 0.10464 0.72677 0.61925 -0.2782 1 121.379 9.258 -9.866 -0.21006 0.815 -0.48273 0.24213 2 50.467 -16 8.43 0.88517 0.38781 -0.2188 -0.13491 3 
49.68 -20.144 -5.412 0.08227 0.72797 0.62343 -0.27318 1 121.335 9.275 -9.84 -0.19896 0.81586 -0.48568 0.2427 2 48.344 -16.419 8.263 0.88327 0.40002 -0.20023 -0.14047 3 
49.018 -20.314 -5.53 0.06729 0.7241 0.62932 -0.27407 1 121.176 9.215 -9.819 -0.19461 0.81507 -0.48822 0.24379 2 47.038 -17.318 8.318 0.8824 0.40662 -0.18056 -0.15308 3 
48.444 -20.401 -5.551 0.06849 0.7283 0.62988 -0.26104 1 121.074 9.185 -9.814 -0.19405 0.8148 -0.48761 0.24635 2 45.797 -17.299 8.456 0.89025 0.39803 -0.16616 -0.14634 3 
48.27 -20.471 -5.606 0.07023 0.73022 0.62991 -0.25507 1 121.148 8.954 -9.776 -0.19819 0.81621 -0.48312 0.24724 2 45.619 -17.406 8.463 0.89186 0.3947 -0.16432 -0.14763 3 
48.964 -20.771 -5.585 0.06742 0.75853 0.60368 -0.2359 1 121.498 8.627 -9.642 -0.20216 0.81965 -0.47432 0.24964 2 45.745 -17.273 8.461 0.89169 0.39459 -0.1671 -0.14584 3 
53.615 -21.586 -4.882 0.11997 0.71596 0.61035 -0.31699 1 122.207 8.241 -9.485 -0.19984 0.82545 -0.46118 0.25693 2 45.735 -17.325 8.464 0.89172 0.39458 -0.16643 -0.14642 3 
66.336 -22.163 -2.972 0.32583 0.61084 0.58227 -0.42623 1 123.062 7.559 -9.423 -0.19655 0.83146 -0.45198 0.25644 2 45.743 -17.316 8.465 0.89169 0.39464 -0.16651 -0.14636 3 
79.927 -22.838 -2.214 0.53616 0.49459 0.56891 -0.37981 1 123.583 6.897 -9.424 -0.20901 0.83466 -0.44282 0.25213 2 45.733 -17.323 8.46 0.89172 0.39458 -0.16639 -0.14647 3 
89.013 -23.156 -2.542 0.70029 0.47532 0.50141 -0.1796 1 124.311 6.376 -9.36 -0.22589 0.84006 -0.42564 0.2492 2 45.73 -17.332 8.464 0.89174 0.39456 -0.16636 -0.14646 3 
93.074 -23.96 -5.222 0.66706 0.59094 0.41201 0.18993 1 125.257 6.283 -9.287 -0.23218 0.84685 -0.41427 0.23941 2 45.732 -17.327 8.463 0.89173 0.39457 -0.16639 -0.14647 3 
98.336 -28.659 -8.279 0.5493 0.67918 0.15145 0.46265 1 125.532 6.868 -9.257 -0.25036 0.84714 -0.40729 0.23192 2 45.736 -17.322 8.461 0.89171 0.39458 -0.16644 -0.14645 3 
106.699 -32.662 -10.008 0.55733 0.64496 0.02947 0.52206 1 125.098 8.255 -9.528 -0.27176 0.84476 -0.40575 0.21883 2 45.733 -17.329 8.464 0.89172 0.39458 -0.16639 -0.14645 3 
114.047 -30.169 -10.635 0.54707 0.66005 0.28998 0.42539 1 124.08 9.968 -9.83 -0.30041 0.83424 -0.41682 0.20015 2 45.729 -17.328 8.465 0.89174 0.39456 -0.16635 -0.14646 3 
114.346 -28.548 -11.136 0.52777 0.63647 0.31564 0.46555 1 123.888 11.376 -9.943 -0.31186 0.82842 -0.42352 0.1926 2 45.734 -17.324 8.462 0.89173 0.39455 -0.16644 -0.14644 3 
111.996 -26.165 -11.46 0.47946 0.50605 0.33108 0.63594 1 124.584 12.535 -9.746 -0.33386 0.82357 -0.40837 0.20857 2 45.731 -17.33 8.464 0.89173 0.39458 -0.16636 -0.14647 3 
109.292 -19.814 -13.819 0.37735 0.32362 0.65569 0.56829 1 126.744 15.642 -9.024 -0.28984 0.84421 -0.35009 0.28416 2 45.733 -17.325 8.464 0.89171 0.3946 -0.16639 -0.14646 3 
108.475 -9.483 -15.134 0.2482 0.29548 0.81556 0.43122 1 129.753 23.532 -9.248 -0.09832 0.88326 -0.38187 0.25369 2 45.729 -17.328 8.464 0.89175 0.39453 -0.16638 -0.14646 3 
108.764 2.595 -14.914 0.2925 0.33434 0.70635 0.55112 1 128.881 31.419 -9.714 0.07163 0.89095 -0.41589 0.16769 2 45.726 -17.333 8.47 0.89175 0.39456 -0.16628 -0.14647 3 
111.1 15.647 -13.726 0.39134 0.31453 0.62285 0.59998 1 124.211 38.022 -10.028 0.16756 0.84883 -0.48978 0.10739 2 45.734 -17.323 8.462 0.89173 0.39457 -0.16644 -0.14642 3 
108.927 26.458 -11.725 0.43369 0.37927 0.64067 0.50754 1 119.694 43.639 -10.257 0.25496 0.79222 -0.54993 0.0705 2 45.727 -17.328 8.466 0.89174 0.39455 -0.16636 -0.14647 3 
100.872 32.982 -10.415 0.39741 0.54434 0.6179 0.40492 1 115.488 47.736 -10.124 0.29368 0.74716 -0.59394 0.05242 2 45.732 -17.329 8.464 0.89174 0.39456 -0.16639 -0.14646 3 
90.414 35.208 -10.827 0.33576 0.69203 0.54057 0.3408 1 111.07 50.171 -10.082 0.28939 0.73139 -0.61186 0.08338 2 45.728 -17.329 8.465 0.89174 0.39455 -0.16634 -0.14649 3 
83.846 36.101 -11.83 0.3435 0.74503 0.4024 0.40622 1 106.804 52.28 -10.147 0.27096 0.72605 -0.61864 0.12931 2 45.732 -17.326 8.463 0.89173 0.39457 -0.1664 -0.14646 3 
81.136 37.743 -12.89 0.37239 0.73151 0.31566 0.476 1 102.223 54.476 -10.366 0.25617 0.7397 -0.60196 0.15772 2 45.731 -17.329 8.465 0.89173 0.39458 -0.16636 -0.14645 3 
80.44 40.222 -13.382 0.39776 0.72408 0.28212 0.48776 1 99.046 56.251 -11.054 0.26309 0.74195 -0.58774 0.18669 2 45.73 -17.328 8.463 0.89173 0.39456 -0.16638 -0.14647 3 
80.043 41.442 -13.842 0.38424 0.73911 0.22865 0.50378 1 97.09 57.798 -11.58 0.27366 0.74045 -0.58025 0.20038 2 45.731 -17.327 8.462 0.89173 0.39456 -0.1664 -0.14647 3 
79.699 41.686 -14.001 0.35457 0.73654 0.24935 0.51924 1 95.961 58.555 -11.839 0.27726 0.74201 -0.57416 0.20709 2 45.731 -17.329 8.464 0.89173 0.39457 -0.16637 -0.14646 3 
79.578 41.765 -14.261 0.33811 0.73286 0.27088 0.52463 1 94.615 59.473 -12.255 0.27986 0.74411 -0.5668 0.21615 2 45.731 -17.326 8.463 0.89173 0.39457 -0.16638 -0.14646 3 
79.455 41.693 -14.36 0.33509 0.72854 0.27814 0.52877 1 93.433 59.99 -12.904 0.28462 0.74422 -0.562 0.22199 2 45.73 -17.327 8.464 0.89173 0.39456 -0.16638 -0.14647 3 
