116.164 -30.207 -12.591 0.55739 0.66226 0.4135 0.28237 1 120.13 10.833 -10.084 -0.41358 0.78598 -0.4298 0.16267 2 46.672 -28.667 7.535 0.93451 0.28995 -0.14514 -0.14682 3 
116.177 -30.121 -12.583 0.55915 0.66158 0.41395 0.27983 1 120.215 10.939 -10.042 -0.41293 0.78744 -0.42799 0.16201 2 46.672 -28.667 7.534 0.93451 0.28994 -0.14515 -0.14684 3 
116.183 -30.045 -12.606 0.55967 0.6622 0.41392 0.27736 1 120.216 11.016 -10.022 -0.41272 0.78821 -0.42695 0.16156 2 46.673 -28.665 7.536 0.9345 0.28999 -0.14514 -0.14681 3 
116.265 -30.001 -12.6 0.5581 0.66425 0.41426 0.2751 1 120.11 11.091 -10.033 -0.4147 0.78716 -0.42653 0.1627 2 46.671 -28.668 7.536 0.93452 0.28994 -0.14512 -0.14682 3 
116.432 -29.979 -12.599 0.55422 0.66728 0.41575 0.27336 1 119.921 11.097 -10.053 -0.418 0.7848 -0.42681 0.16494 2 46.672 -28.667 7.536 0.93451 0.28995 -0.14513 -0.14682 3 
116.511 -30.164 -12.468 0.54887 0.67237 0.4076 0.28379 1 119.732 11.192 -10.045 -0.42122 0.78151 -0.4282 0.1687 2 46.672 -28.666 7.537 0.93451 0.28996 -0.14513 -0.14681 3 
115.853 -31.824 -11.863 0.53731 0.70166 0.35902 0.30014 1 119.594 11.286 -10.011 -0.41638 0.78042 -0.43255 0.17456 2 46.672 -28.666 7.536 0.93451 0.28996 -0.14513 -0.14682 3 
113.908 -35.732 -10.536 0.4929 0.799 0.27452 0.20804 1 119.327 11.495 -10.002 -0.41093 0.77883 -0.4384 0.17989 2 46.672 -28.667 7.536 0.93451 0.28994 -0.14513 -0.14682 3 
110.553 -36.695 -8.208 0.33078 0.88365 0.32242 -0.07606 1 118.808 11.633 -10.026 -0.41488 0.77316 -0.44123 0.18821 2 46.672 -28.667 7.536 0.93451 0.28995 -0.14512 -0.14682 3 
104.433 -36.987 -4.643 0.22589 0.84723 0.3626 -0.31574 1 117.953 11.794 -10.088 -0.42611 0.7626 -0.44397 0.19941 2 46.673 -28.666 7.535 0.93451 0.28995 -0.14514 -0.14682 3 
94.963 -37.275 -2.444 0.18168 0.81112 0.40251 -0.38349 1 117.1 11.909 -10.168 -0.43488 0.75303 -0.44695 0.20991 2 46.671 -28.668 7.536 0.93452 0.28993 -0.14512 -0.14681 3 
82.679 -36.369 -1.917 0.13767 0.81832 0.44485 -0.33691 1 116.674 12.022 -10.222 -0.43114 0.74902 -0.45197 0.22093 2 46.672 -28.667 7.535 0.93451 0.28994 -0.14514 -0.14682 3 
71.428 -34.657 -2.583 0.0852 0.82647 0.49173 -0.26054 1 116.658 12.061 -10.181 -0.41344 0.74884 -0.46097 0.23625 2 46.672 -28.667 7.537 0.93452 0.28994 -0.14512 -0.1468 3 
62.379 -32.789 -4.023 0.03697 0.80274 0.55032 -0.22672 1 117.367 11.971 -10.138 -0.37813 0.75525 -0.47263 0.25145 2 46.672 -28.667 7.536 0.93451 0.28995 -0.14513 -0.14681 3 
56.148 -32.029 -5.409 -0.01024 0.77365 0.5938 -0.22083 1 118.51 11.684 -9.98 -0.33209 0.76563 -0.48352 0.26407 2 46.671 -28.667 7.537 0.93452 0.28993 -0.14512 -0.1468 3 
52.539 -31.187 -5.974 0.01498 0.7833 0.58367 -0.21341 1 119.195 11.151 -9.866 -0.2951 0.77368 -0.49118 0.27033 2 46.672 -28.667 7.536 0.93452 0.28994 -0.14513 -0.14679 3 
50.86 -30.635 -6.577 0.02233 0.75407 0.62075 -0.21341 1 119.412 10.495 -9.774 -0.27472 0.77778 -0.49724 0.26896 2 46.663 -28.666 7.54 0.93454 0.28993 -0.14502 -0.14678 3 
50.336 -30.563 -6.777 0.01193 0.71695 0.65357 -0.24226 1 119.469 9.944 -9.775 -0.26618 0.78147 -0.49902 0.26348 2 46.176 -28.984 7.591 0.93567 0.28856 -0.13626 -0.15061 3 
50.614 -30.277 -6.39 0.0102 0.71635 0.64718 -0.26056 1 119.478 9.66 -9.731 -0.26421 0.78524 -0.49785 0.2564 2 46.674 -28.66 7.599 0.92921 0.30847 -0.13775 -0.14982 3 
53.5 -29.837 -5.871 0.06122 0.7192 0.62378 -0.29985 1 119.49 9.399 -9.763 -0.26502 0.78898 -0.49564 0.24823 2 51.167 -27.134 8.227 0.92774 0.30379 -0.17117 -0.13307 3 
59.266 -29.71 -4.663 0.14791 0.74581 0.558 -0.33246 1 119.402 9.248 -9.717 -0.27208 0.79012 -0.49093 0.24633 2 60.464 -23.861 8.9 0.92227 0.27877 -0.25679 -0.07587 3 
65.862 -29.623 -3.968 0.19899 0.799 0.46143 -0.33027 1 119.217 9.399 -9.714 -0.28674 0.78946 -0.48615 0.24122 2 67.155 -18.359 8.052 0.91732 0.26862 -0.28758 0.06063 3 
72.141 -29.443 -4.305 0.23543 0.85804 0.32993 -0.31543 1 119.174 9.671 -9.739 -0.3031 0.78936 -0.47952 0.23476 2 72.779 -12.807 4.697 0.88419 0.26281 -0.31428 0.22442 3 
77.264 -29.009 -5.07 0.2534 0.90949 0.16953 -0.28263 1 119.487 9.991 -9.745 -0.31841 0.79064 -0.46961 0.23013 2 76.08 -8.623 -0.141 0.82209 0.24747 -0.31763 0.40254 3 
80.909 -28.574 -5.815 0.26239 0.93064 0.02161 -0.25414 1 119.891 10.582 -9.755 -0.33198 0.79151 -0.46185 0.22359 2 78.475 -7.225 -4.684 0.74175 0.22095 -0.32541 0.54323 3 
83.009 -28.721 -6.237 0.25854 0.93429 -0.07616 -0.23338 1 120.164 11.055 -9.719 -0.34479 0.79104 -0.45602 0.21776 2 79.74 -7.982 -7.433 0.67888 0.20117 -0.33087 0.62384 3 
83.94 -29.129 -6.22 0.25257 0.92933 -0.1512 -0.22292 1 120.43 11.49 -9.766 -0.35411 0.79148 -0.45181 0.20983 2 80.022 -9.375 -9.125 0.62355 0.1879 -0.34049 0.67819 3 
84.435 -28.709 -5.752 0.25536 0.91064 -0.23034 -0.22907 1 120.551 11.841 -9.788 -0.35969 0.79166 -0.45115 0.2009 2 80.096 -10.535 -10.459 0.55294 0.17227 -0.36932 0.72676 3 
84.718 -27.787 -5.042 0.27288 0.88545 -0.28774 -0.24232 1 120.636 12.034 -9.824 -0.36525 0.79062 -0.45095 0.19533 2 80.737 -11.004 -10.958 0.50069 0.15228 -0.40905 0.74753 3 
84.837 -26.949 -4.294 0.28131 0.87388 -0.30003 -0.25918 1 120.815 12.11 -9.897 -0.36929 0.78939 -0.45212 0.18992 2 81.07 -10.321 -10.426 0.48862 0.15379 -0.4323 0.7421 3 
84.803 -26.366 -3.767 0.27987 0.86796 -0.30584 -0.27347 1 121.09 12.175 -9.939 -0.37073 0.78904 -0.45405 0.18391 2 80.79 -9.789 -9.933 0.48094 0.1623 -0.44384 0.73849 3 
84.758 -26.132 -3.535 0.28049 0.86404 -0.31188 -0.27838 1 121.553 12.155 -9.938 -0.36702 0.79123 -0.4549 0.17978 2 80.681 -9.662 -9.806 0.47491 0.16295 -0.4494 0.73888 3 
84.788 -25.968 -3.545 0.28197 0.86337 -0.31404 -0.27651 1 121.936 12.187 -9.953 -0.36324 0.7934 -0.45539 0.17665 2 80.795 -9.605 -9.884 0.47345 0.15915 -0.4497 0.74046 3 
84.815 -25.876 -3.68 0.2842 0.86545 -0.30992 -0.27237 1 122.159 12.242 -9.994 -0.36212 0.79387 -0.45544 0.17669 2 81.044 -9.461 -9.988 0.47802 0.15492 -0.44714 0.73997 3 
84.75 -25.966 -3.835 0.28639 0.87031 -0.30034 -0.26522 1 122.197 12.213 -9.947 -0.36288 0.79279 -0.45594 0.17867 2 81.329 -9.368 -10.035 0.48768 0.14933 -0.44199 0.73791 3 
84.584 -26.216 -4.144 0.28255 0.88106 -0.27975 -0.25621 1 122.13 12.294 -9.938 -0.36289 0.79221 -0.45614 0.18069 2 81.282 -9.205 -10.001 0.5057 0.14983 -0.42759 0.73416 3 
84.316 -26.571 -4.575 0.28033 0.8931 -0.25301 -0.24449 1 121.984 12.318 -9.928 -0.36177 0.79208 -0.45601 0.18384 2 81.233 -8.986 -9.984 0.52921 0.14948 -0.40991 0.72771 3 
84.113 -26.945 -5.022 0.27911 0.9071 -0.20982 -0.23502 1 121.804 12.311 -9.933 -0.3607 0.79134 -0.45638 0.18813 2 81.474 -8.547 -9.72 0.56186 0.1491 -0.39291 0.71253 3 
83.58 -27.622 -5.592 0.27457 0.92944 -0.10212 -0.22434 1 121.56 12.285 -9.909 -0.35881 0.79121 -0.45639 0.19224 2 81.703 -7.434 -8.173 0.64156 0.1602 -0.36052 0.65784 3 
82.979 -28.254 -6.327 0.27218 0.93369 0.07005 -0.22188 1 121.246 12.276 -9.9 -0.3557 0.79157 -0.45684 0.19543 2 82.029 -6.833 -5.03 0.75404 0.18264 -0.32605 0.54014 3 
81.172 -28.8 -6.726 0.26898 0.89927 0.27599 -0.20687 1 120.839 12.257 -9.835 -0.352 0.79155 -0.4576 0.20036 2 81.499 -9.256 -0.758 0.86691 0.17963 -0.28985 0.36357 3 
77.929 -28.758 -6.712 0.24925 0.8344 0.44624 -0.20621 1 120.237 12.25 -9.854 -0.35244 0.789 -0.45873 0.20695 2 78.586 -13.689 2.927 0.93149 0.17477 -0.25853 0.18693 3 
73.177 -27.775 -5.91 0.23551 0.76025 0.56528 -0.2168 1 119.671 12.263 -9.836 -0.35037 0.78638 -0.46156 0.21404 2 74.733 -17.909 5.985 0.95305 0.16317 -0.25254 0.03609 3 
67.35 -26.387 -4.814 0.21474 0.69979 0.63963 -0.23465 1 119.306 12.351 -9.827 -0.34477 0.78561 -0.46567 0.21704 2 69.422 -21.162 8.387 0.95107 0.1648 -0.24862 -0.08055 3 
61.753 -24.971 -4.16 0.17266 0.67243 0.67298 -0.25517 1 119.3 12.47 -9.784 -0.33068 0.78893 -0.47074 0.21597 2 63.532 -22.291 9.698 0.94062 0.19313 -0.24176 -0.13962 3 
56.972 -23.7 -4.334 0.12128 0.6715 0.68277 -0.26117 1 119.581 12.473 -9.693 -0.30929 0.79576 -0.47479 0.21373 2 57.586 -22.175 9.795 0.93328 0.22935 -0.22229 -0.16424 3 
53.719 -22.791 -4.732 0.08479 0.69146 0.6704 -0.25546 1 119.966 12.407 -9.655 -0.28223 0.80314 -0.47978 0.21241 2 52.831 -20.6 9.472 0.9344 0.25492 -0.20313 -0.14372 3 
51.775 -22.125 -5.267 0.06831 0.69742 0.66908 -0.24752 1 120.098 12.232 -9.582 -0.26535 0.80534 -0.48453 0.21507 2 50.218 -19.885 8.927 0.9348 0.26173 -0.19481 -0.14035 3 
50.798 -21.449 -5.8 0.04756 0.70759 0.66476 -0.23483 1 119.887 12.085 -9.542 -0.2611 0.80431 -0.48708 0.21832 2 48.027 -19.081 8.258 0.93747 0.27082 -0.1738 -0.13265 3 
50.382 -21 -5.941 0.05709 0.71827 0.65136 -0.23783 1 119.744 11.898 -9.503 -0.2556 0.80431 -0.48832 0.22201 2 47.968 -17.699 8.095 0.93706 0.27085 -0.19002 -0.11154 3 
50.215 -21.005 -6.042 0.05755 0.71581 0.6544 -0.23677 1 119.762 11.664 -9.473 -0.25442 0.80358 -0.48816 0.22635 2 47.587 -18 8.109 0.93789 0.27013 -0.18282 -0.11816 3 
50.303 -21.13 -6.054 0.05802 0.72855 0.64846 -0.21294 1 119.921 11.518 -9.456 -0.2595 0.80481 -0.48394 0.22525 2 47.588 -18.019 8.112 0.93828 0.26875 -0.18295 -0.11801 3 
51.969 -22.369 -5.674 0.07535 0.73706 0.63706 -0.21267 1 120.226 11.258 -9.351 -0.26696 0.80704 -0.47496 0.22766 2 47.606 -18.007 8.112 0.93825 0.2689 -0.18304 -0.11785 3 
59.615 -24.99 -3.965 0.20268 0.66204 0.64168 -0.32996 1 120.916 10.805 -9.279 -0.2674 0.81072 -0.46375 0.23701 2 47.596 -18.012 8.112 0.93828 0.26886 -0.18285 -0.11797 3 
72.55 -26.872 -2.754 0.39358 0.58495 0.62647 -0.33237 1 121.507 10.351 -9.11 -0.2771 0.81331 -0.44393 0.25431 2 47.608 -18.006 8.108 0.93824 0.26891 -0.18303 -0.11788 3 
84.478 -27.758 -3.111 0.54561 0.65235 0.50255 -0.15557 1 121.956 9.69 -9.107 -0.29719 0.81525 -0.42848 0.25191 2 47.607 -18.012 8.108 0.93824 0.26888 -0.18301 -0.11792 3 
94.126 -29.157 -5.782 0.53565 0.73616 0.37913 0.16557 1 122.246 9.031 -9.309 -0.31954 0.81375 -0.42032 0.24299 2 47.614 -18.002 8.105 0.93822 0.26891 -0.1831 -0.11788 3 
103.434 -33.042 -8.778 0.48219 0.73265 0.28502 0.38662 1 121.873 8.419 -9.497 -0.35728 0.80425 -0.41666 0.22789 2 47.616 -18.003 8.106 0.93821 0.26894 -0.18312 -0.11786 3 
111.478 -35.651 -10.357 0.49599 0.69831 0.19647 0.47723 1 121.919 8.059 -9.609 -0.37465 0.80064 -0.41519 0.21499 2 47.613 -18.006 8.106 0.93823 0.26892 -0.18307 -0.11788 3 
116.917 -32.101 -11.353 0.48137 0.67789 0.35292 0.42919 1 122.36 8.102 -9.56 -0.38058 0.80346 -0.4114 0.20091 2 47.616 -18.001 8.105 0.93822 0.26892 -0.18313 -0.11787 3 
116.419 -31.399 -11.68 0.48903 0.64631 0.3574 0.46411 1 123.344 8.915 -9.297 -0.36294 0.81555 -0.40367 0.2005 2 47.616 -18.003 8.106 0.93822 0.26892 -0.1831 -0.11787 3 
112.209 -29.228 -12.272 0.44889 0.51245 0.39818 0.61428 1 123.993 10.239 -8.835 -0.35959 0.82709 -0.3586 0.24086 2 47.617 -18.002 8.105 0.93821 0.26896 -0.18312 -0.11786 3 
109.38 -22.808 -13.826 0.40044 0.37302 0.70401 0.45264 1 124.962 14.623 -8.615 -0.27379 0.86241 -0.32848 0.2709 2 47.616 -18.002 8.104 0.93822 0.26891 -0.18312 -0.11789 3 
109.613 -12.72 -14.322 0.2743 0.28442 0.84413 0.36238 1 126.586 21.79 -8.621 -0.09339 0.91396 -0.35151 0.17997 2 47.617 -18.003 8.104 0.93822 0.26893 -0.18313 -0.11786 3 
109.105 -3.529 -12.436 0.34327 0.36649 0.70551 0.50011 1 127.03 28.198 -8.778 0.06475 0.90515 -0.41971 0.01908 2 47.617 -18.003 8.104 0.93822 0.26894 -0.1831 -0.11788 3 
110.727 7.194 -11.301 0.4189 0.27108 0.61156 0.61403 1 126.174 33.783 -9.328 0.13411 0.861 -0.48467 -0.07612 2 47.619 -17.999 8.103 0.93822 0.26892 -0.18315 -0.11784 3 
112.011 14.499 -10.033 0.49506 0.30036 0.49706 0.64624 1 123.98 38.955 -9.655 0.15173 0.83218 -0.52259 -0.1066 2 47.617 -18.002 8.104 0.93821 0.26893 -0.18313 -0.11786 3 
109.249 21.385 -9.234 0.53874 0.45941 0.49294 0.50567 1 120.744 43.695 -9.82 0.19206 0.81543 -0.52895 -0.13562 2 47.618 -18 8.105 0.93821 0.26896 -0.1831 -0.11786 3 
102.677 29.615 -9.625 0.45981 0.57893 0.53696 0.40631 1 116.099 47.855 -9.932 0.24525 0.7721 -0.57416 -0.11852 2 47.618 -18.001 8.105 0.93822 0.26893 -0.18314 -0.11785 3 
94.86 34.558 -10.102 0.40438 0.69575 0.48606 0.34082 1 111.032 50.921 -9.924 0.25267 0.76851 -0.58574 -0.04948 2 47.616 -18.002 8.106 0.93822 0.26894 -0.18309 -0.11786 3 
88.108 37.521 -11.538 0.36419 0.77316 0.38223 0.3514 1 106.325 53.643 -9.991 0.25881 0.76397 -0.59083 0.01678 2 47.618 -18.002 8.106 0.93822 0.26894 -0.18311 -0.11785 3 
84.119 39.446 -13.055 0.33104 0.79788 0.30168 0.40348 1 102.518 55.598 -10.446 0.26608 0.75505 -0.59513 0.07016 2 47.617 -18.001 8.103 0.93821 0.26894 -0.18313 -0.11788 3 
82.364 40.483 -13.727 0.32291 0.79182 0.27339 0.44045 1 99.362 57.466 -11.29 0.2656 0.75602 -0.58821 0.10912 2 47.616 -18.002 8.105 0.93822 0.26893 -0.18309 -0.11786 3 
81.954 41.625 -14.598 0.33929 0.78638 0.24669 0.45347 1 97.194 58.513 -11.942 0.26222 0.76002 -0.58077 0.12773 2 47.618 -18.002 8.104 0.93822 0.26893 -0.18313 -0.11786 3 
81.363 41.837 -14.574 0.31443 0.77965 0.2754 0.4663 1 95.229 59.306 -12.39 0.26125 0.76849 -0.56494 0.14836 2 47.615 -18.002 8.104 0.93822 0.26893 -0.18311 -0.11788 3 
