122.613 -29.248 -13.106 0.49501 0.69773 0.49522 0.15129 1 122.182 11.715 -10.208 -0.43449 0.78411 -0.41765 0.14819 2 108.627 -31.658 -6.61 0.966 0.24529 -0.06529 -0.04919 3 
123.025 -29.144 -13.175 0.48995 0.70079 0.49766 0.14549 1 121.965 11.697 -10.153 -0.44051 0.77975 -0.41708 0.15488 2 108.628 -31.651 -6.618 0.96599 0.24529 -0.06533 -0.04925 3 
123.36 -29.107 -13.152 0.48497 0.70364 0.49943 0.14239 1 121.826 11.664 -10.16 -0.44404 0.77703 -0.41685 0.159 2 108.634 -31.646 -6.606 0.96598 0.24539 -0.06526 -0.04913 3 
123.584 -29.113 -13.186 0.48373 0.70428 0.5004 0.14001 1 121.786 11.614 -10.154 -0.44708 0.77536 -0.41566 0.16172 2 108.625 -31.656 -6.628 0.96599 0.24531 -0.06542 -0.04914 3 
123.74 -29.138 -13.182 0.48277 0.70453 0.50134 0.13869 1 121.785 11.582 -10.145 -0.44887 0.77456 -0.41462 0.16328 2 108.628 -31.662 -6.605 0.96602 0.24523 -0.06526 -0.0491 3 
123.803 -29.139 -13.22 0.48156 0.705 0.50254 0.13614 1 121.812 11.562 -10.124 -0.44929 0.77446 -0.41354 0.16532 2 108.628 -31.657 -6.621 0.966 0.24527 -0.06537 -0.04915 3 
123.657 -29.545 -13.212 0.488 0.70454 0.4954 0.14159 1 121.901 11.593 -10.128 -0.44729 0.77524 -0.41507 0.16324 2 108.63 -31.648 -6.62 0.96599 0.2453 -0.0654 -0.04917 3 
124.613 -31.583 -13.796 0.44083 0.74131 0.48081 0.15797 1 121.883 11.555 -10.109 -0.44602 0.77554 -0.41576 0.16354 2 108.631 -31.645 -6.623 0.96598 0.24535 -0.06534 -0.04921 3 
128.172 -33.927 -15.86 0.19542 0.83855 0.49423 0.11995 1 121.585 11.471 -10.152 -0.45285 0.77273 -0.4123 0.1668 2 108.632 -31.647 -6.626 0.96598 0.24532 -0.06535 -0.04927 3 
127.309 -33.813 -16.922 0.02485 0.85681 0.5148 0.01576 1 121.154 11.343 -10.07 -0.4658 0.76565 -0.40645 0.17778 2 108.628 -31.651 -6.623 0.96598 0.24533 -0.0654 -0.04911 3 
122.643 -33.036 -17.747 -0.01514 0.82768 0.55416 -0.08727 1 120.749 11.068 -10.035 -0.47765 0.75715 -0.4028 0.19058 2 108.625 -31.655 -6.608 0.966 0.24527 -0.06528 -0.04916 3 
119.637 -32.131 -18.243 -0.0233 0.81351 0.56061 -0.1529 1 120.629 10.862 -10.047 -0.48164 0.75444 -0.3996 0.19787 2 108.626 -31.655 -6.622 0.96598 0.24535 -0.06528 -0.04922 3 
118.339 -31.415 -18.581 -0.05233 0.78979 0.56737 -0.22713 1 120.872 10.758 -9.97 -0.47561 0.75955 -0.39664 0.19886 2 108.548 -31.684 -6.618 0.96611 0.24513 -0.06406 -0.04932 3 
117.954 -31.156 -18.686 -0.07408 0.76858 0.56842 -0.28406 1 121.224 10.691 -9.915 -0.46771 0.76692 -0.39341 0.19574 2 108.141 -31.802 -6.622 0.96847 0.23664 -0.05966 -0.05016 3 
117.594 -31.404 -18.464 -0.08121 0.76052 0.57978 -0.28085 1 121.575 10.63 -9.865 -0.45884 0.77355 -0.39364 0.19009 2 107.572 -31.89 -6.602 0.97115 0.22691 -0.05374 -0.04988 3 
117.109 -30.646 -17.969 -0.10978 0.76241 0.57189 -0.28218 1 121.94 10.654 -9.876 -0.45254 0.77784 -0.39511 0.18457 2 105.534 -31.911 -6.43 0.96964 0.23899 -0.01649 -0.04908 3 
115.471 -30.043 -16.607 -0.09762 0.78576 0.54265 -0.28033 1 122.548 10.698 -9.873 -0.43886 0.78557 -0.39861 0.17718 2 102.859 -29.857 -5.414 0.97169 0.2358 0.0076 -0.01244 3 
112.252 -29.592 -14.61 -0.08191 0.82543 0.48627 -0.27478 1 123.183 10.863 -9.843 -0.42849 0.79128 -0.40307 0.16671 2 99.123 -26.271 -4.014 0.96891 0.2383 0.00979 0.06587 3 
108.094 -29.026 -12.693 -0.07071 0.87526 0.4017 -0.25993 1 123.701 11.028 -9.918 -0.42243 0.79527 -0.40695 0.15325 2 93.609 -21.87 -3.477 0.95305 0.24097 0.03186 0.18058 3 
104.043 -28.244 -11.306 -0.05327 0.92295 0.30246 -0.23206 1 124.064 11.228 -10.017 -0.4157 0.79935 -0.41102 0.13888 2 88.865 -17.339 -4.124 0.92151 0.231 0.04635 0.30872 3 
100.865 -26.818 -10.405 -0.04237 0.95634 0.20091 -0.20797 1 124.439 11.423 -10.073 -0.40855 0.80336 -0.41485 0.12492 2 85.094 -13.558 -5.547 0.87288 0.22561 0.06616 0.42755 3 
98.597 -25.642 -10.042 -0.01831 0.97667 0.1058 -0.186 1 124.777 11.603 -10.15 -0.40057 0.80716 -0.41845 0.11374 2 83.167 -10.712 -7.5 0.81285 0.20711 0.07085 0.53977 3 
96.923 -25.148 -9.941 0.00999 0.98515 0.03922 -0.16686 1 125.069 11.755 -10.237 -0.39429 0.80908 -0.42315 0.10429 2 82.486 -9.342 -9.061 0.76482 0.18086 0.0651 0.6149 3 
95.832 -25.082 -9.736 0.02676 0.98647 -0.00166 -0.16172 1 125.275 11.92 -10.256 -0.38896 0.80973 -0.42836 0.09776 2 82.087 -9.025 -9.802 0.73434 0.16818 0.05421 0.65537 3 
94.97 -25.083 -9.316 0.03469 0.98395 -0.04328 -0.16961 1 125.281 12.002 -10.334 -0.38704 0.8094 -0.43182 0.09273 2 81.465 -9.176 -10.284 0.69833 0.16979 0.03982 0.6942 3 
94.161 -25.017 -8.772 0.05457 0.97783 -0.09279 -0.1796 1 125.064 12.064 -10.362 -0.38866 0.80692 -0.43518 0.09191 2 81.268 -9.291 -10.823 0.65499 0.16259 0.01665 0.73775 3 
93.509 -24.788 -8.208 0.06974 0.97221 -0.11707 -0.19037 1 124.736 12.156 -10.409 -0.3945 0.80295 -0.43719 0.09217 2 81.148 -9.046 -10.71 0.63608 0.15933 -0.00589 0.75497 3 
92.939 -24.545 -7.707 0.07871 0.96661 -0.12981 -0.20645 1 124.449 12.176 -10.4 -0.39809 0.80068 -0.4378 0.0936 2 80.775 -8.739 -10.345 0.62685 0.16466 -0.02667 0.76107 3 
92.473 -24.389 -7.192 0.09351 0.95808 -0.15885 -0.21933 1 124.262 12.227 -10.41 -0.39962 0.79985 -0.43789 0.09385 2 80.736 -8.751 -10.394 0.602 0.16226 -0.05099 0.78017 3 
92.135 -24.455 -6.81 0.09846 0.95352 -0.17145 -0.22741 1 124.186 12.315 -10.416 -0.39997 0.79954 -0.43825 0.09331 2 80.522 -8.91 -10.23 0.59073 0.16337 -0.06298 0.78764 3 
92.084 -24.57 -6.549 0.09806 0.95164 -0.1738 -0.23359 1 124.194 12.283 -10.416 -0.39934 0.79985 -0.43859 0.09168 2 80.409 -9.004 -9.996 0.58923 0.16828 -0.06928 0.7872 3 
92.173 -24.658 -6.488 0.09788 0.95073 -0.17498 -0.23647 1 124.206 12.282 -10.428 -0.39955 0.79987 -0.43859 0.09057 2 80.49 -9.094 -9.916 0.58808 0.17008 -0.07295 0.78735 3 
92.255 -24.764 -6.486 0.099 0.95066 -0.17637 -0.23524 1 124.228 12.232 -10.43 -0.40143 0.7993 -0.43782 0.09109 2 80.672 -9.208 -9.987 0.58635 0.16731 -0.07447 0.78908 3 
92.386 -24.827 -6.515 0.10053 0.95091 -0.17654 -0.23347 1 124.289 12.204 -10.443 -0.40185 0.799 -0.43783 0.09176 2 80.937 -9.24 -10.061 0.58617 0.16413 -0.07571 0.78977 3 
92.457 -24.896 -6.566 0.09816 0.95197 -0.17293 -0.23284 1 124.399 12.161 -10.436 -0.40162 0.79931 -0.43743 0.09202 2 80.946 -9.285 -10.023 0.58908 0.16506 -0.07364 0.7876 3 
92.47 -24.988 -6.582 0.09726 0.95295 -0.16874 -0.23228 1 124.516 12.135 -10.42 -0.40087 0.79984 -0.43709 0.09223 2 80.974 -9.294 -9.972 0.59253 0.16484 -0.07285 0.78513 3 
92.462 -25.027 -6.617 0.09644 0.95358 -0.1664 -0.23173 1 124.636 12.046 -10.412 -0.39977 0.80052 -0.43685 0.09229 2 80.952 -9.319 -9.973 0.59411 0.1646 -0.0716 0.7841 3 
92.47 -25.052 -6.666 0.09803 0.9542 -0.16424 -0.23006 1 124.727 12.004 -10.404 -0.3993 0.80087 -0.43658 0.09253 2 81.082 -9.274 -10.006 0.59582 0.16167 -0.07186 0.78339 3 
92.479 -25.078 -6.707 0.09956 0.95447 -0.16405 -0.22841 1 124.787 11.943 -10.412 -0.3988 0.80134 -0.43622 0.09234 2 81.181 -9.278 -10.079 0.59566 0.15902 -0.07178 0.78406 3 
92.508 -25.072 -6.763 0.10174 0.95458 -0.16334 -0.22748 1 124.849 11.87 -10.41 -0.39878 0.80161 -0.43573 0.09238 2 81.329 -9.225 -10.125 0.59623 0.15647 -0.07272 0.78405 3 
92.553 -25.021 -6.8 0.10201 0.95552 -0.15812 -0.22709 1 124.895 11.814 -10.416 -0.39872 0.80162 -0.43583 0.09208 2 81.445 -9.061 -10.074 0.60085 0.15545 -0.0724 0.78075 3 
92.777 -25.052 -6.89 0.09998 0.95938 -0.13778 -0.22499 1 124.951 11.796 -10.408 -0.39841 0.80224 -0.43512 0.0914 2 81.694 -8.786 -9.818 0.61686 0.15437 -0.06638 0.76893 3 
93.638 -25.368 -7.044 0.09664 0.96759 -0.07548 -0.22077 1 124.978 11.821 -10.407 -0.3983 0.80326 -0.43354 0.09041 2 82.732 -8.245 -8.865 0.66601 0.1508 -0.05597 0.72839 3 
94.999 -25.982 -7.318 0.08791 0.97289 0.02999 -0.2118 1 124.892 11.876 -10.384 -0.40121 0.8031 -0.43044 0.09369 2 84.206 -8.014 -7.157 0.74223 0.14412 -0.03621 0.65347 3 
96.937 -26.91 -7.731 0.06979 0.96023 0.16967 -0.21046 1 124.708 11.966 -10.316 -0.40764 0.80054 -0.42771 0.10019 2 86.143 -9.257 -4.6 0.83375 0.1415 -0.02591 0.53308 3 
99.805 -28.524 -8.558 0.03285 0.91788 0.33013 -0.21779 1 124.456 11.957 -10.325 -0.41345 0.79774 -0.42568 0.10712 2 88.607 -13.924 -1.852 0.92163 0.14689 -0.0191 0.35868 3 
103.084 -30.482 -9.908 0.01535 0.86065 0.45899 -0.21994 1 124.033 11.951 -10.304 -0.42353 0.79286 -0.4224 0.1165 2 92.404 -19.817 -0.698 0.96976 0.1332 -0.02559 0.20288 3 
106.574 -31.748 -11.527 0.00184 0.82398 0.52036 -0.22424 1 123.477 11.88 -10.301 -0.43773 0.786 -0.41764 0.12717 2 96.182 -23.97 -1.193 0.98388 0.13208 -0.03218 0.11617 3 
109.828 -32.482 -13.326 -0.0003 0.80309 0.55057 -0.22786 1 122.917 11.701 -10.263 -0.45036 0.77939 -0.41317 0.13792 2 99.77 -26.236 -2.352 0.98776 0.13346 -0.03898 0.07068 3 
112.66 -32.553 -14.973 -0.00304 0.78857 0.56714 -0.2377 1 122.535 11.486 -10.205 -0.45855 0.77465 -0.40895 0.1497 2 103.3 -27.794 -3.579 0.98797 0.13977 -0.05676 0.03414 3 
114.548 -32.286 -16.177 -0.02157 0.77802 0.57847 -0.24411 1 122.197 11.292 -10.178 -0.4668 0.77075 -0.40346 0.15893 2 104.872 -29.147 -4.603 0.98729 0.15091 -0.04984 0.00114 3 
115.925 -31.789 -17.021 -0.04291 0.77295 0.57768 -0.25883 1 121.975 11.092 -10.084 -0.47344 0.76782 -0.39758 0.16805 2 106.048 -29.744 -5.364 0.98409 0.17029 -0.04907 -0.01283 3 
116.587 -31.602 -17.445 -0.04856 0.77063 0.57778 -0.26445 1 121.853 10.942 -10.02 -0.47456 0.76774 -0.39358 0.17455 2 106.712 -29.974 -5.743 0.98317 0.17474 -0.04938 -0.02018 3 
117.005 -31.416 -17.697 -0.05398 0.76415 0.58141 -0.2741 1 121.769 10.762 -10 -0.47452 0.76849 -0.39044 0.17837 2 107.401 -30.363 -5.94 0.98119 0.18228 -0.05606 -0.02997 3 
117.149 -31.093 -17.758 -0.06465 0.75693 0.58866 -0.27635 1 121.792 10.616 -9.93 -0.47102 0.77034 -0.38972 0.18121 2 107.283 -30.795 -5.999 0.97996 0.18802 -0.04993 -0.04289 3 
116.514 -30.649 -17.333 -0.0619 0.7514 0.59598 -0.27637 1 121.766 10.427 -9.966 -0.46671 0.77249 -0.39029 0.18195 2 106.687 -30.537 -5.612 0.98048 0.1838 -0.04861 -0.05009 3 
114.032 -30.279 -16.498 -0.02815 0.74011 0.61181 -0.27772 1 121.69 10.237 -9.921 -0.46195 0.77379 -0.39361 0.18146 2 105.572 -29.675 -4.597 0.98258 0.15981 -0.07198 -0.06185 3 
109.615 -30.182 -15.296 0.01416 0.73193 0.61875 -0.28499 1 121.521 10.165 -9.94 -0.45933 0.77409 -0.39708 0.17923 2 103.109 -28.447 -3.298 0.98254 0.13623 -0.11018 -0.06252 3 
104.078 -30.347 -13.689 0.04833 0.73505 0.60728 -0.29763 1 121.526 10.194 -9.991 -0.44963 0.77872 -0.40209 0.17249 2 99.269 -26.901 -1.743 0.98062 0.12303 -0.14786 -0.03732 3 
98.42 -30.522 -11.66 0.08845 0.74016 0.58846 -0.31315 1 121.733 10.368 -9.956 -0.43256 0.78714 -0.40787 0.16414 2 95.621 -25.218 0.137 0.97585 0.10535 -0.19135 -0.0026 3 
93.646 -30.15 -8.888 0.13734 0.73066 0.57525 -0.34111 1 122.01 10.538 -9.974 -0.40801 0.79839 -0.41574 0.15251 2 93.635 -23.629 2.904 0.96508 0.08702 -0.24637 0.01862 3 
89.607 -29.231 -5.875 0.19187 0.71124 0.57717 -0.35242 1 122.037 10.601 -9.965 -0.38453 0.8065 -0.42591 0.14244 2 92.283 -22.293 6.096 0.95524 0.04947 -0.29076 0.02305 3 
84.471 -28.017 -3.394 0.23488 0.69379 0.57935 -0.35756 1 121.55 10.767 -10.004 -0.37492 0.80709 -0.43407 0.14008 2 89.304 -21.177 8.824 0.94422 0.0182 -0.32813 0.02115 3 
78.132 -26.504 -1.712 0.25087 0.69667 0.57043 -0.35542 1 121.037 11.016 -10.01 -0.36543 0.80636 -0.44275 0.14221 2 83.953 -19.145 10.528 0.93563 0.00629 -0.35066 0.03989 3 
71.286 -24.925 -1.1 0.23521 0.70745 0.56932 -0.3465 1 120.888 11.328 -9.919 -0.3458 0.8067 -0.45486 0.15086 2 76.578 -17.59 11.422 0.93713 0.00965 -0.34608 0.04375 3 
65.135 -23.447 -1.634 0.2008 0.71206 0.58464 -0.33295 1 121.036 11.627 -9.81 -0.32145 0.80626 -0.46731 0.16803 2 69.34 -16.921 11.222 0.94264 0.02272 -0.3321 0.02491 3 
59.688 -22.053 -3.014 0.15749 0.71733 0.60342 -0.31068 1 121.278 11.994 -9.723 -0.29605 0.80425 -0.48014 0.18707 2 62.215 -16.657 10.088 0.95167 0.03678 -0.3049 -0.00357 3 
55.662 -20.944 -4.198 0.10871 0.72829 0.60686 -0.29915 1 121.542 12.285 -9.593 -0.27111 0.80435 -0.48809 0.20319 2 56.42 -16.03 8.982 0.95826 0.06655 -0.27765 -0.015 3 
53.096 -20.003 -4.854 0.076 0.73023 0.61012 -0.2979 1 121.606 12.515 -9.509 -0.25252 0.80313 -0.4948 0.21541 2 52.966 -15.872 8.453 0.95927 0.09135 -0.26516 -0.03404 3 
51.592 -19.23 -5.511 0.04269 0.72734 0.6219 -0.28705 1 121.258 12.71 -9.505 -0.24841 0.80028 -0.49839 0.22237 2 50.211 -16.236 7.858 0.96262 0.10794 -0.24068 -0.06154 3 
50.768 -18.929 -5.436 0.0344 0.72481 0.62288 -0.29238 1 120.811 12.802 -9.476 -0.24554 0.79905 -0.50046 0.22533 2 49.361 -16.393 8.072 0.96031 0.11931 -0.24149 -0.07245 3 
50.471 -18.728 -5.503 0.02342 0.72709 0.6201 -0.29372 1 120.259 12.855 -9.534 -0.24804 0.79636 -0.5026 0.22732 2 48.441 -16.382 8.121 0.9622 0.128 -0.22819 -0.07565 3 
50.264 -18.723 -5.488 0.01906 0.7297 0.61964 -0.28846 1 119.905 12.891 -9.574 -0.25014 0.79418 -0.50518 0.22692 2 47.734 -16.441 8.203 0.96478 0.12655 -0.21738 -0.07698 3 
50.125 -18.792 -5.517 0.01502 0.72928 0.62201 -0.28465 1 119.66 12.916 -9.574 -0.25208 0.79364 -0.5053 0.22642 2 47.228 -16.697 8.244 0.96639 0.12544 -0.20905 -0.08158 3 
50.097 -18.817 -5.537 0.01342 0.72943 0.62286 -0.28249 1 119.63 12.921 -9.558 -0.25248 0.79451 -0.50463 0.2244 2 47.115 -16.787 8.247 0.9667 0.12487 -0.20734 -0.08313 3 
50.149 -18.861 -5.523 0.01295 0.73348 0.62334 -0.27071 1 119.717 12.919 -9.589 -0.25497 0.79457 -0.50377 0.22332 2 47.099 -16.798 8.248 0.96675 0.12481 -0.20705 -0.08338 3 
50.354 -19.082 -5.545 0.02312 0.73393 0.63494 -0.24014 1 119.901 12.888 -9.561 -0.26092 0.79411 -0.50141 0.22336 2 47.079 -16.805 8.261 0.9668 0.12479 -0.20681 -0.08343 3 
52.302 -20.005 -5.44 0.03776 0.73474 0.63109 -0.2459 1 120.191 12.916 -9.561 -0.26725 0.79493 -0.4979 0.22083 2 47.078 -16.808 8.259 0.96681 0.12482 -0.20672 -0.08347 3 
57.242 -21.942 -4.867 0.09954 0.69332 0.64892 -0.29716 1 120.58 12.768 -9.584 -0.27391 0.79684 -0.49213 0.21868 2 47.076 -16.807 8.258 0.96682 0.12482 -0.20666 -0.08352 3 
66.017 -24.836 -4.125 0.18444 0.6548 0.65181 -0.3352 1 121.027 12.67 -9.553 -0.27928 0.79982 -0.48664 0.21324 2 47.078 -16.806 8.259 0.96681 0.1248 -0.20672 -0.08348 3 
77.318 -27.061 -4.198 0.25956 0.65075 0.64387 -0.30755 1 121.289 12.402 -9.597 -0.29178 0.79976 -0.48106 0.20935 2 47.075 -16.81 8.26 0.9668 0.12481 -0.20674 -0.0835 3 
88.75 -27.299 -5.249 0.34113 0.68067 0.62424 -0.17504 1 121.26 12.111 -9.73 -0.31918 0.7922 -0.47405 0.21406 2 47.076 -16.807 8.259 0.96679 0.12479 -0.20681 -0.08347 3 
98.196 -27.193 -7.087 0.39539 0.67976 0.61497 0.0583 1 121.201 11.574 -9.757 -0.35225 0.78254 -0.46321 0.22134 2 47.075 -16.809 8.26 0.9668 0.12482 -0.20674 -0.08352 3 
106.452 -29.053 -9.433 0.36422 0.67003 0.56348 0.31763 1 121.181 10.931 -9.805 -0.38744 0.7729 -0.44835 0.22693 2 47.076 -16.809 8.259 0.96681 0.12483 -0.20672 -0.0835 3 
112.939 -34.046 -10.624 0.35194 0.72529 0.33735 0.4861 1 121.655 10.118 -9.813 -0.41247 0.7682 -0.43379 0.22708 2 47.074 -16.808 8.26 0.96681 0.12482 -0.20671 -0.0835 3 
118.207 -35.782 -10.689 0.42531 0.70835 0.212 0.52192 1 122.356 9.216 -9.821 -0.42593 0.76907 -0.42271 0.22009 2 47.075 -16.809 8.259 0.9668 0.1248 -0.20674 -0.08351 3 
121.63 -33.317 -11.344 0.41143 0.72882 0.3412 0.42794 1 123.238 8.347 -9.871 -0.43381 0.77268 -0.41427 0.20776 2 47.076 -16.809 8.26 0.96679 0.12482 -0.20679 -0.08348 3 
121.673 -33.798 -11.742 0.43883 0.72367 0.35384 0.39815 1 124.489 7.63 -9.896 -0.42678 0.78077 -0.41205 0.19614 2 47.074 -16.809 8.26 0.9668 0.12479 -0.20678 -0.0835 3 
121.871 -34.578 -12.005 0.45395 0.71028 0.36741 0.393 1 125.824 7.078 -9.818 -0.42015 0.78834 -0.40767 0.18921 2 47.075 -16.809 8.26 0.9668 0.12482 -0.20676 -0.0835 3 
121.479 -35.504 -11.988 0.48278 0.70162 0.34371 0.39563 1 127.467 6.593 -9.774 -0.40791 0.79912 -0.40314 0.18029 2 47.074 -16.809 8.26 0.96681 0.12483 -0.20672 -0.0835 3 
121.011 -35.921 -12.07 0.5029 0.68845 0.3385 0.39818 1 129.034 6.337 -9.709 -0.38706 0.81243 -0.40317 0.16614 2 47.075 -16.809 8.259 0.9668 0.12481 -0.20675 -0.08351 3 
120.557 -35.94 -12.095 0.51943 0.67534 0.3325 0.40443 1 130.316 6.293 -9.653 -0.36495 0.82737 -0.39883 0.15232 2 47.074 -16.809 8.26 0.9668 0.12482 -0.20677 -0.08349 3 
119.749 -35.506 -12.063 0.52675 0.65008 0.32483 0.44093 1 131.315 6.625 -9.493 -0.34528 0.83908 -0.39486 0.14425 2 47.075 -16.81 8.26 0.96679 0.12481 -0.20679 -0.0835 3 
116.239 -33.89 -12.555 0.47991 0.55124 0.35349 0.58383 1 131.92 7.339 -9.037 -0.33245 0.85635 -0.3571 0.16916 2 47.075 -16.808 8.259 0.96679 0.12482 -0.20679 -0.0835 3 
112.208 -30.137 -13.395 0.46192 0.44604 0.52031 0.56298 1 131.824 9.612 -8.378 -0.27858 0.88593 -0.2954 0.22417 2 47.074 -16.809 8.259 0.9668 0.12482 -0.20675 -0.08352 3 
111.386 -20.732 -14.439 0.39182 0.29062 0.77397 0.40371 1 132.525 15.296 -8.45 -0.08837 0.91591 -0.31836 0.22793 2 47.075 -16.809 8.259 0.9668 0.12482 -0.20676 -0.0835 3 
109.998 -11.543 -13.488 0.36896 0.33483 0.7393 0.45298 1 131.625 20.808 -9.055 0.13178 0.87027 -0.39954 0.25618 2 47.074 -16.808 8.259 0.9668 0.12482 -0.20677 -0.0835 3 
110.646 0.549 -12.081 0.43316 0.28243 0.65336 0.55292 1 128.597 25.954 -9.663 0.20899 0.81752 -0.48392 0.23196 2 47.075 -16.809 8.26 0.96679 0.12483 -0.2068 -0.0835 3 
111.758 11.92 -10.739 0.49455 0.28012 0.58289 0.58069 1 124.319 31.718 -9.891 0.22488 0.80551 -0.51113 0.19831 2 47.076 -16.808 8.26 0.96679 0.12482 -0.20681 -0.08347 3 
109.704 22.756 -9.919 0.48117 0.32814 0.63703 0.50496 1 119.341 38.66 -10.129 0.25237 0.79724 -0.52641 0.15368 2 47.075 -16.808 8.258 0.96679 0.12481 -0.20679 -0.08349 3 
103.13 31.049 -10.048 0.40206 0.47018 0.68287 0.38855 1 113.99 45.111 -9.95 0.27841 0.78647 -0.54154 0.10341 2 47.074 -16.81 8.26 0.96679 0.12481 -0.20678 -0.0835 3 
94.613 35.661 -10.742 0.30474 0.61906 0.62358 0.36748 1 109.506 49.58 -9.598 0.30641 0.76873 -0.55028 0.11113 2 47.075 -16.809 8.259 0.96679 0.12483 -0.20678 -0.08351 3 
87.376 37.235 -11.4 0.32245 0.7768 0.43458 0.3221 1 105.312 53.432 -9.972 0.26702 0.73088 -0.61533 0.126 2 47.075 -16.808 8.259 0.96678 0.12483 -0.20682 -0.0835 3 
83.257 39.099 -12.16 0.34503 0.79989 0.31738 0.3747 1 102.181 56.065 -10.295 0.25943 0.73594 -0.60564 0.15582 2 47.074 -16.809 8.26 0.96679 0.12482 -0.20682 -0.08348 3 
81.429 40.708 -12.904 0.34197 0.80961 0.25789 0.40135 1 99.796 57.952 -10.994 0.25441 0.7287 -0.61101 0.1759 2 47.074 -16.809 8.259 0.96679 0.12482 -0.20681 -0.08349 3 
80.853 41.569 -13.562 0.34275 0.80458 0.22789 0.42807 1 97.99 59.098 -11.41 0.24681 0.72572 -0.61556 0.18305 2 47.074 -16.809 8.259 0.96681 0.1248 -0.20673 -0.08349 3 
80.401 42.226 -13.918 0.33577 0.79676 0.23637 0.44336 1 96.164 60.14 -12.142 0.24341 0.72446 -0.61523 0.19338 2 47.073 -16.81 8.26 0.96681 0.12475 -0.20677 -0.08349 3 
80.212 42.525 -14.175 0.31787 0.79495 0.24835 0.45315 1 94.656 60.894 -12.507 0.24632 0.72784 -0.6086 0.19796 2 47.074 -16.81 8.259 0.96682 0.12478 -0.20669 -0.0835 3 
79.757 42.332 -14.188 0.30583 0.78576 0.27398 0.46259 1 93.404 61.503 -13.028 0.24109 0.72926 -0.60665 0.20501 2 47.072 -16.81 8.26 0.96684 0.12477 -0.20659 -0.08351 3 
