128.968 -28.306 -13.544 0.51304 0.66921 0.52289 0.12464 1 124.581 13.371 -9.757 -0.48586 0.75604 -0.38494 0.21016 2 42.075 12.02 9.422 0.9696 0.01555 -0.23272 0.07397 3 
127.946 -28.585 -13.617 0.51673 0.66864 0.52029 0.12334 1 123.894 13.028 -9.78 -0.49068 0.75304 -0.38654 0.20676 2 42.071 12.017 9.426 0.96961 0.01555 -0.23269 0.07396 3 
127.064 -29.002 -13.545 0.52269 0.66433 0.51889 0.1273 1 122.934 12.533 -9.773 -0.49107 0.75526 -0.38348 0.2034 2 42.075 12.02 9.421 0.96961 0.01556 -0.23271 0.07396 3 
126.439 -29.062 -13.59 0.51703 0.66721 0.52327 0.11704 1 121.932 12.012 -9.861 -0.49163 0.75271 -0.38969 0.19967 2 42.068 12.018 9.428 0.96962 0.01557 -0.23266 0.07395 3 
125.772 -29.284 -13.596 0.51511 0.6676 0.52476 0.1166 1 121.008 11.697 -9.865 -0.49475 0.75085 -0.38552 0.20695 2 42.074 12.018 9.422 0.96961 0.01556 -0.2327 0.07396 3 
125.117 -29.333 -13.575 0.51112 0.66851 0.52793 0.11465 1 120.04 11.328 -9.856 -0.49573 0.74843 -0.3818 0.21985 2 42.071 12.018 9.425 0.96961 0.01556 -0.23269 0.07395 3 
124.488 -29.392 -13.604 0.50668 0.66904 0.53145 0.115 1 118.207 11.952 -9.519 -0.49311 0.76124 -0.3249 0.26795 2 42.073 12.018 9.423 0.9696 0.01555 -0.23271 0.07395 3 
123.799 -29.377 -13.694 0.49808 0.67304 0.5359 0.10835 1 113.674 16.58 -9.494 -0.35489 0.83649 -0.37008 0.19331 2 42.072 12.018 9.424 0.96961 0.01557 -0.23271 0.07395 3 
122.897 -29.505 -13.642 0.49296 0.67357 0.53987 0.10878 1 105.291 19.079 -8.93 -0.18571 0.84504 -0.50126 0.01222 2 42.072 12.019 9.424 0.96961 0.01556 -0.2327 0.07396 3 
121.765 -29.709 -13.639 0.49178 0.66987 0.54335 0.11914 1 93.295 18.84 -7.021 -0.14605 0.83977 -0.50909 -0.11953 2 42.072 12.018 9.424 0.96961 0.01556 -0.23271 0.07396 3 
120.74 -30.03 -13.684 0.48611 0.66784 0.54809 0.13147 1 80.498 18.441 -5.087 -0.07062 0.8088 -0.55849 -0.17015 2 42.072 12.018 9.423 0.96961 0.01557 -0.23271 0.07396 3 
119.896 -30.099 -13.726 0.47015 0.66813 0.55871 0.14287 1 68.52 17.224 -3.737 -0.01572 0.80554 -0.57244 -0.1522 2 42.072 12.019 9.424 0.9696 0.01556 -0.23271 0.07397 3 
119.171 -30.161 -13.824 0.45099 0.6676 0.57133 0.15656 1 58.712 15.639 -3.273 0.01267 0.81098 -0.57518 -0.10636 2 42.072 12.018 9.423 0.9696 0.01555 -0.23272 0.07395 3 
118.544 -30.211 -13.871 0.42709 0.66953 0.58384 0.16873 1 51.817 14.825 -3.182 0.03493 0.80756 -0.58189 -0.08964 2 42.073 12.018 9.422 0.9696 0.01555 -0.23275 0.07396 3 
117.843 -30.32 -13.923 0.40494 0.67163 0.59381 0.17979 1 47.439 14.451 -3.346 0.03014 0.82137 -0.56282 -0.08755 2 42.071 12.019 9.423 0.96959 0.01556 -0.23275 0.07397 3 
117.103 -30.513 -13.945 0.39267 0.66959 0.60049 0.192 1 44.856 14.103 -3.673 0.03264 0.83026 -0.54685 -0.10272 2 42.067 12.017 9.423 0.9696 0.01557 -0.23271 0.07397 3 
116.549 -30.703 -13.974 0.38185 0.66993 0.60617 0.19481 1 43.988 14.092 -3.883 0.0433 0.81334 -0.55799 -0.1589 2 41.35 11.961 9.592 0.97124 0.0303 -0.22548 0.07024 3 
116.095 -30.899 -13.983 0.37893 0.67026 0.608 0.19363 1 43.838 14.126 -3.92 0.03376 0.79615 -0.56895 -0.20326 2 41.482 12.091 9.549 0.97027 0.0326 -0.22891 0.07157 3 
115.985 -30.973 -13.988 0.37407 0.67356 0.6095 0.18683 1 44.913 13.734 -3.678 0.04397 0.79253 -0.55789 -0.24233 2 42.604 11.967 9.711 0.97033 0.00995 -0.22885 0.0774 3 
115.942 -30.891 -13.914 0.37053 0.6775 0.6079 0.18485 1 48.413 13.295 -3.105 -0.01634 0.77836 -0.55063 -0.30115 2 49.083 11.547 10.237 0.95503 0.02707 -0.28611 0.07306 3 
115.795 -30.666 -13.862 0.37777 0.67829 0.60419 0.17937 1 53.923 12.523 -2.7 -0.10252 0.80086 -0.47992 -0.34322 2 57.3 7.359 9.651 0.94098 0.06438 -0.33105 -0.02877 3 
115.979 -30.604 -13.755 0.38433 0.68257 0.59636 0.17533 1 59.615 11.272 -3.182 -0.17174 0.84943 -0.34964 -0.35599 2 63.585 0.517 6.751 0.92125 0.08643 -0.32254 -0.1995 3 
116.551 -30.43 -13.664 0.38794 0.68837 0.58998 0.16605 1 65.05 10.024 -4.287 -0.21663 0.8821 -0.21655 -0.35789 2 69.268 -4.645 2.63 0.88048 0.09344 -0.3133 -0.34332 3 
117.319 -30.388 -13.714 0.39574 0.69122 0.58287 0.16083 1 68.889 9.647 -5.479 -0.22915 0.89953 -0.12544 -0.35015 2 72.556 -6.858 -0.643 0.84915 0.08773 -0.29669 -0.42806 3 
118.222 -30.462 -13.702 0.40113 0.6951 0.57645 0.15371 1 71.189 9.902 -6.378 -0.2396 0.90953 -0.03367 -0.33796 2 74.29 -7.858 -3.561 0.81193 0.08958 -0.27699 -0.50599 3 
119.069 -30.407 -13.711 0.4032 0.69954 0.57124 0.14752 1 72.642 10.178 -6.882 -0.25001 0.90888 0.05157 -0.3298 2 75.435 -8.338 -5.994 0.76558 0.09243 -0.264 -0.57936 3 
119.597 -30.486 -13.718 0.40787 0.70061 0.56799 0.14205 1 73.895 10.231 -6.92 -0.25752 0.90235 0.10459 -0.32941 2 76.553 -8.485 -7.086 0.73568 0.09313 -0.2597 -0.61859 3 
119.896 -30.65 -13.716 0.41475 0.69946 0.56474 0.14075 1 74.927 10.088 -6.709 -0.2653 0.88757 0.14441 -0.34782 2 77.726 -8.715 -7.678 0.70582 0.0846 -0.27663 -0.64664 3 
120.174 -30.748 -13.732 0.41851 0.6991 0.56326 0.13725 1 75.564 9.863 -6.423 -0.2782 0.86732 0.1885 -0.36719 2 78.691 -8.821 -8.411 0.66548 0.07998 -0.30118 -0.67826 3 
120.329 -30.806 -13.77 0.42115 0.69939 0.56209 0.13244 1 76.185 9.523 -6.106 -0.28887 0.84944 0.21931 -0.38329 2 79.543 -8.996 -8.792 0.63546 0.077 -0.32131 -0.69787 3 
120.367 -30.906 -13.789 0.42503 0.69806 0.56151 0.12953 1 76.738 9.08 -5.839 -0.29971 0.83129 0.24964 -0.39599 2 80.257 -9.151 -9.268 0.6037 0.07575 -0.33954 -0.7173 3 
120.508 -30.844 -13.82 0.4258 0.69766 0.56207 0.12667 1 76.818 8.792 -5.602 -0.31112 0.81473 0.27395 -0.40544 2 80.597 -9.085 -9.606 0.57695 0.0796 -0.35582 -0.73088 3 
120.671 -30.708 -13.821 0.42425 0.6989 0.5624 0.12347 1 76.543 8.724 -5.34 -0.31569 0.80807 0.2774 -0.41281 2 80.465 -9.064 -9.481 0.56945 0.07861 -0.36667 -0.73151 3 
120.772 -30.532 -13.803 0.42146 0.70102 0.56257 0.12026 1 76.247 8.731 -5.169 -0.31656 0.80343 0.27783 -0.42083 2 80.228 -9.04 -9.308 0.56679 0.07489 -0.37559 -0.72943 3 
120.78 -30.385 -13.749 0.41951 0.70248 0.56237 0.11947 1 75.935 8.774 -5.049 -0.31602 0.79996 0.28177 -0.42521 2 79.827 -8.951 -9.28 0.56239 0.07167 -0.37965 -0.73106 3 
120.627 -30.27 -13.748 0.41848 0.70322 0.56236 0.11875 1 75.789 8.808 -5.015 -0.32006 0.79705 0.28342 -0.42655 2 79.859 -8.833 -9.294 0.55958 0.07494 -0.38399 -0.73062 3 
120.412 -30.208 -13.67 0.4196 0.70234 0.56227 0.12044 1 75.802 8.731 -5.03 -0.32514 0.79163 0.29061 -0.42796 2 79.99 -8.765 -9.502 0.55125 0.07819 -0.38824 -0.73436 3 
120.251 -30.24 -13.718 0.42115 0.70099 0.56225 0.12296 1 75.753 8.7 -5.05 -0.32638 0.79227 0.28749 -0.42793 2 80.022 -8.836 -9.466 0.55377 0.07904 -0.38876 -0.73209 3 
120.212 -30.2 -13.688 0.42016 0.70096 0.56274 0.12431 1 75.645 8.76 -5.063 -0.32455 0.79573 0.28162 -0.4268 2 79.954 -8.846 -9.34 0.55979 0.07883 -0.38734 -0.72828 3 
120.199 -30.212 -13.716 0.42017 0.70058 0.56294 0.12545 1 75.596 8.803 -5.088 -0.32341 0.79768 0.2801 -0.42505 2 79.851 -8.835 -9.334 0.56167 0.07862 -0.38495 -0.72812 3 
120.173 -30.199 -13.714 0.42029 0.7001 0.5632 0.12657 1 75.564 8.823 -5.168 -0.32192 0.8043 0.26937 -0.42062 2 79.935 -8.951 -9.184 0.57223 0.08058 -0.38066 -0.72192 3 
120.129 -30.229 -13.715 0.4208 0.69967 0.56312 0.12762 1 75.609 8.724 -5.333 -0.31853 0.81868 0.24372 -0.41097 2 80.099 -9.362 -8.838 0.59452 0.08303 -0.36927 -0.70943 3 
120.087 -30.219 -13.715 0.41997 0.6999 0.56356 0.12715 1 75.789 8.283 -5.502 -0.32422 0.84971 0.15818 -0.38452 2 81.255 -10.359 -7.244 0.66156 0.10521 -0.34671 -0.65655 3 
119.817 -30.276 -13.71 0.42317 0.69787 0.56346 0.12812 1 75.524 7.239 -5.516 -0.32955 0.88494 -0.02765 -0.32789 2 82.123 -10.734 -3.234 0.77966 0.15828 -0.30756 -0.52201 3 
119.549 -30.395 -13.766 0.42643 0.69597 0.56298 0.12977 1 73.679 6.251 -5.578 -0.29653 0.88295 -0.27142 -0.2425 2 78.424 -7.536 1.753 0.8926 0.21833 -0.24361 -0.31025 3 
119.505 -30.4 -13.78 0.42254 0.69722 0.56506 0.12673 1 70.915 4.709 -5.785 -0.25691 0.83042 -0.46336 -0.17233 2 72.708 -3.506 4.479 0.93665 0.2639 -0.19839 -0.11694 3 
119.518 -30.327 -13.812 0.41551 0.69924 0.56914 0.12042 1 67.979 2.295 -5.489 -0.24659 0.78827 -0.54584 -0.14102 2 68.471 -2.806 5.819 0.9379 0.29275 -0.18496 -0.02074 3 
119.501 -30.17 -13.923 0.40707 0.70124 0.57475 0.11056 1 64.426 -0.473 -4.731 -0.26471 0.77626 -0.55406 -0.14269 2 65.819 -5.391 7.068 0.93103 0.30239 -0.20329 -0.02039 3 
119.437 -30.074 -13.989 0.39766 0.70227 0.58145 0.10298 1 60.568 -2.942 -3.799 -0.28718 0.78433 -0.52399 -0.16671 2 63.899 -9.199 8.218 0.92344 0.29299 -0.23897 -0.06568 3 
119.276 -29.939 -14.11 0.38875 0.70155 0.58928 0.09719 1 56.625 -5.341 -3.203 -0.27968 0.79342 -0.50946 -0.18085 2 60.234 -12.188 9.177 0.9259 0.27122 -0.25011 -0.0812 3 
119.152 -29.855 -14.163 0.37947 0.70079 0.59636 0.09619 1 52.856 -7.247 -3.027 -0.25388 0.8017 -0.51255 -0.17352 2 55.389 -14.133 9.844 0.93566 0.25156 -0.23542 -0.07639 3 
119.083 -29.756 -14.201 0.37034 0.70096 0.60208 0.09489 1 50.133 -8.651 -3.268 -0.20407 0.81204 -0.51597 -0.18089 2 51.324 -15.182 9.912 0.95056 0.20183 -0.22712 -0.06421 3 
118.94 -29.694 -14.256 0.36276 0.70108 0.60698 0.09202 1 48.404 -9.464 -3.59 -0.18895 0.82617 -0.4999 -0.17847 2 49.083 -16.714 9.468 0.95445 0.1851 -0.2188 -0.08299 3 
118.786 -29.645 -14.284 0.35739 0.70043 0.61098 0.09156 1 47.414 -9.911 -3.93 -0.17683 0.84637 -0.47289 -0.16963 2 47.244 -18.59 8.75 0.95779 0.17153 -0.19631 -0.12113 3 
118.638 -29.607 -14.313 0.35346 0.69992 0.61392 0.09099 1 46.959 -9.908 -4.179 -0.16232 0.84923 -0.47332 -0.16861 2 46.184 -18.604 8.513 0.96162 0.16031 -0.18623 -0.1221 3 
118.399 -29.65 -14.311 0.3533 0.69754 0.61643 0.09286 1 46.689 -9.686 -4.384 -0.15203 0.84317 -0.48863 -0.16488 2 45.913 -17.317 8.467 0.96353 0.15754 -0.195 -0.09361 3 
118.151 -29.793 -14.403 0.35745 0.69347 0.61796 0.09719 1 46.87 -9.626 -4.493 -0.15478 0.84228 -0.4882 -0.16812 2 46.402 -17.217 8.353 0.96204 0.15763 -0.20245 -0.09295 3 
118.077 -29.937 -14.408 0.36295 0.69156 0.61662 0.09897 1 46.824 -9.588 -4.42 -0.15299 0.84812 -0.48632 -0.14415 2 46.159 -17.301 8.388 0.96273 0.15716 -0.19878 -0.09454 3 
118.214 -30.138 -14.41 0.36969 0.69075 0.6134 0.09964 1 47.376 -9.038 -4.213 -0.14796 0.86028 -0.48112 -0.08091 2 45.977 -17.355 8.431 0.96321 0.15687 -0.19627 -0.09533 3 
118.5 -30.281 -14.426 0.37782 0.68937 0.6104 0.09715 1 50.995 -7.481 -4.001 -0.17667 0.84855 -0.49869 -0.00776 2 46.344 -17.253 8.371 0.96219 0.15757 -0.2014 -0.09385 3 
118.886 -30.432 -14.47 0.38834 0.68708 0.60661 0.09561 1 57.016 -3.879 -3.272 -0.25443 0.79298 -0.55358 0.00136 2 46.309 -17.261 8.369 0.96226 0.15749 -0.20108 -0.09389 3 
119.258 -30.647 -14.413 0.40322 0.68424 0.59994 0.09645 1 64.979 1.676 -1.96 -0.33278 0.73514 -0.58894 -0.04439 2 46.34 -17.255 8.365 0.96217 0.15741 -0.20167 -0.09367 3 
119.656 -30.862 -14.417 0.41644 0.68216 0.59311 0.09722 1 75.897 7.107 -1.194 -0.38668 0.79132 -0.46618 -0.08343 2 46.34 -17.253 8.363 0.96218 0.15752 -0.20151 -0.09377 3 
119.785 -31.113 -14.392 0.42858 0.67845 0.58738 0.1049 1 87.129 10.418 -1.673 -0.39632 0.89194 -0.21654 -0.02178 2 46.342 -17.252 8.364 0.96218 0.15752 -0.20153 -0.09375 3 
119.307 -31.445 -14.379 0.45108 0.66592 0.58192 0.12018 1 97.911 12.413 -3.502 -0.36703 0.9113 -0.07705 0.16997 2 46.335 -17.257 8.364 0.96219 0.15744 -0.20149 -0.09379 3 
118.229 -31.708 -14.334 0.48772 0.64592 0.56881 0.1462 1 108.834 13.212 -5.805 -0.30624 0.86514 -0.07884 0.38927 2 46.333 -17.259 8.365 0.9622 0.15745 -0.20144 -0.0938 3 
117.778 -30.914 -14.415 0.5101 0.62165 0.57207 0.16151 1 117.114 10.757 -7.046 -0.2934 0.81615 -0.11839 0.48353 2 46.337 -17.257 8.365 0.96219 0.15748 -0.20148 -0.09378 3 
117.547 -29.587 -14.414 0.52814 0.60344 0.56988 0.17937 1 120.153 9.454 -7.233 -0.23411 0.8202 -0.26143 0.4518 2 46.337 -17.256 8.363 0.96219 0.15748 -0.20147 -0.0938 3 
117.146 -27.876 -14.229 0.55286 0.58334 0.55459 0.21561 1 121.688 11.462 -7.068 -0.218 0.83556 -0.2502 0.43785 2 46.335 -17.258 8.364 0.9622 0.15745 -0.20147 -0.09379 3 
114.017 -26.493 -13.956 0.5632 0.58898 0.43506 0.38292 1 123.449 14.874 -6.847 -0.20238 0.83491 -0.24518 0.44929 2 46.333 -17.26 8.365 0.9622 0.15744 -0.20145 -0.09381 3 
112.623 -23.488 -15.685 0.31046 0.62001 0.50108 0.5178 1 124.262 21.291 -6.843 -0.13799 0.84467 -0.23197 0.46226 2 46.335 -17.257 8.364 0.9622 0.15747 -0.20146 -0.0938 3 
112.932 -12.944 -16.585 0.12723 0.52023 0.72093 0.43981 1 125.503 30.693 -7.376 -0.00676 0.8513 -0.29768 0.43201 2 46.334 -17.259 8.366 0.9622 0.15748 -0.20145 -0.09381 3 
110.813 1.325 -15.069 0.24808 0.47536 0.66541 0.51934 1 125.127 36.667 -8.213 0.0411 0.83616 -0.30704 0.45263 2 46.334 -17.259 8.365 0.9622 0.15746 -0.20144 -0.09383 3 
110.853 17.503 -13.901 0.35955 0.34301 0.66216 0.56091 1 123.577 39.724 -9.631 0.05101 0.7517 -0.31072 0.57948 2 46.335 -17.258 8.364 0.9622 0.15745 -0.20146 -0.09379 3 
107.511 28.834 -11.837 0.46345 0.43866 0.61322 0.46556 1 121.603 46.004 -9.955 0.13638 0.70386 -0.36137 0.59615 2 46.334 -17.259 8.366 0.9622 0.15746 -0.20145 -0.09379 3 
99.055 34.926 -10.115 0.47969 0.65706 0.50583 0.28688 1 115.426 51.148 -9.524 0.15218 0.75621 -0.47819 0.4199 2 46.336 -17.257 8.364 0.9622 0.15747 -0.20146 -0.0938 3 
88.798 37.79 -10.747 0.35514 0.79334 0.40077 0.28959 1 108.042 54.387 -9.566 0.17067 0.77489 -0.55985 0.23871 2 46.334 -17.258 8.365 0.9622 0.15745 -0.20145 -0.0938 3 
83.058 38.709 -12.335 0.30047 0.81481 0.32148 0.37742 1 102.334 56.67 -10.06 0.20458 0.77789 -0.56986 0.1682 2 46.335 -17.258 8.364 0.9622 0.15746 -0.20145 -0.09379 3 
81.735 40.033 -13.25 0.30243 0.80758 0.27208 0.42699 1 99.121 58.422 -10.608 0.23724 0.7898 -0.53492 0.18383 2 46.334 -17.257 8.364 0.9622 0.15747 -0.20145 -0.0938 3 
81.698 41.348 -13.976 0.31724 0.79657 0.23812 0.45621 1 97.614 59.387 -11.159 0.24673 0.79464 -0.5162 0.20302 2 46.335 -17.257 8.365 0.96219 0.15747 -0.20147 -0.09379 3 
81.426 41.717 -14.405 0.2996 0.78663 0.2493 0.47886 1 96.048 60.249 -11.666 0.23804 0.79861 -0.51099 0.21084 2 46.335 -17.258 8.365 0.9622 0.15746 -0.20146 -0.09379 3 
81.052 41.849 -14.374 0.28855 0.77989 0.26351 0.48894 1 94.631 60.626 -12.436 0.23857 0.80214 -0.50014 0.22253 2 46.334 -17.258 8.365 0.9622 0.15744 -0.20145 -0.0938 3 
