117.587 -31.783 -13.22 0.49001 0.68733 0.47816 0.24254 1 114.91 8.586 -9.843 -0.47161 0.77725 -0.37713 0.17674 2 53.258 17.253 -2.242 0.98422 -0.12933 -0.10284 0.0633 3 
117.743 -31.767 -13.249 0.48877 0.68878 0.47901 0.23922 1 114.834 8.564 -9.899 -0.47401 0.77505 -0.37726 0.17967 2 53.258 17.253 -2.242 0.98422 -0.12935 -0.10283 0.06328 3 
117.94 -31.808 -13.204 0.48649 0.69013 0.47992 0.23818 1 114.752 8.493 -9.935 -0.47629 0.7725 -0.37847 0.18205 2 53.259 17.252 -2.242 0.98422 -0.12937 -0.10283 0.06328 3 
118.136 -31.83 -13.24 0.4851 0.69155 0.48016 0.23637 1 114.714 8.421 -9.934 -0.47897 0.77094 -0.3776 0.18344 2 53.261 17.255 -2.241 0.98422 -0.12936 -0.10282 0.06329 3 
118.261 -31.895 -13.255 0.48448 0.69219 0.48104 0.234 1 114.657 8.383 -9.927 -0.48077 0.76983 -0.37722 0.18421 2 53.261 17.255 -2.241 0.98422 -0.12936 -0.10282 0.06329 3 
118.382 -31.928 -13.283 0.48401 0.69244 0.48274 0.2307 1 114.601 8.335 -9.938 -0.48108 0.76984 -0.37604 0.18575 2 53.262 17.255 -2.241 0.98422 -0.12936 -0.10282 0.0633 3 
118.443 -31.989 -13.299 0.48392 0.693 0.48192 0.23092 1 114.359 8.385 -9.723 -0.47822 0.77129 -0.3538 0.22637 2 53.262 17.255 -2.242 0.98422 -0.12935 -0.10284 0.06331 3 
118.426 -32.107 -13.297 0.48086 0.6955 0.48168 0.2303 1 112.092 10.685 -9.161 -0.43931 0.80593 -0.30083 0.25881 2 53.26 17.253 -2.242 0.98422 -0.12934 -0.10283 0.06329 3 
118.5 -32.01 -13.373 0.477 0.6968 0.48645 0.22429 1 105.602 15.825 -8.243 -0.32097 0.87971 -0.31339 0.15773 2 53.264 17.255 -2.242 0.98422 -0.12935 -0.10285 0.06331 3 
118.312 -31.83 -13.393 0.47748 0.69518 0.48816 0.22456 1 96.49 19.906 -7.066 -0.16315 0.92005 -0.3556 0.02076 2 53.263 17.256 -2.242 0.98422 -0.12931 -0.10284 0.06331 3 
118.015 -31.516 -13.399 0.4765 0.69461 0.48882 0.22698 1 87.027 21.511 -6.647 -0.04287 0.9043 -0.42147 -0.05255 2 53.262 17.255 -2.243 0.98422 -0.12931 -0.10286 0.06332 3 
117.737 -31.037 -13.332 0.47021 0.69646 0.48955 0.23278 1 78.272 20.976 -7.285 0.04263 0.86705 -0.49578 -0.02483 2 53.263 17.255 -2.242 0.98422 -0.12931 -0.10285 0.06331 3 
117.593 -30.513 -13.176 0.45588 0.69987 0.4919 0.24574 1 71.167 19.679 -8.421 0.10565 0.85477 -0.5081 0.00588 2 53.264 17.256 -2.242 0.98422 -0.1293 -0.10286 0.06333 3 
117.735 -29.796 -13.085 0.43203 0.70659 0.49686 0.25925 1 66.427 18.891 -9.679 0.1531 0.84795 -0.5064 0.0332 2 53.276 17.265 -2.244 0.98421 -0.12937 -0.1029 0.06338 3 
117.991 -29.061 -12.901 0.40392 0.71248 0.50241 0.27713 1 63.945 18.842 -10.591 0.18812 0.83324 -0.51934 0.02479 2 53.284 17.275 -2.246 0.9842 -0.12935 -0.10293 0.06346 3 
118.013 -28.538 -12.793 0.38739 0.71625 0.50398 0.28796 1 62.734 19.129 -10.99 0.19043 0.8308 -0.52293 -0.00725 2 53.277 17.27 -2.246 0.98421 -0.1293 -0.10292 0.06343 3 
117.836 -28.228 -12.662 0.37856 0.71974 0.5033 0.29215 1 62.055 19.318 -11.077 0.18772 0.8352 -0.51448 -0.05008 2 53.267 17.261 -2.245 0.98421 -0.12928 -0.10292 0.06338 3 
117.834 -28.054 -12.627 0.37102 0.72364 0.50222 0.29406 1 61.348 19.263 -11.061 0.18573 0.83261 -0.51672 -0.07259 2 52.717 17.383 -2.201 0.98492 -0.12913 -0.0947 0.06552 3 
117.985 -27.967 -12.569 0.36608 0.72684 0.50186 0.29296 1 61.011 19.191 -11.041 0.18988 0.82762 -0.52003 -0.09255 2 52.483 17.344 -2.182 0.98557 -0.12605 -0.09256 0.06484 3 
118.124 -28.071 -12.52 0.36578 0.72954 0.50131 0.28752 1 61.077 18.986 -10.934 0.20478 0.82483 -0.51476 -0.11288 2 52.615 17.431 -2.162 0.98349 -0.14148 -0.08961 0.0685 3 
118.359 -28.13 -12.563 0.36274 0.73375 0.50117 0.28082 1 61.847 19.126 -10.438 0.19317 0.81686 -0.5294 -0.12311 2 52.684 18.128 -1.517 0.9861 -0.12558 -0.05946 0.09108 3 
118.384 -28.194 -12.618 0.36773 0.73398 0.50143 0.27316 1 64.21 18.673 -9.229 0.12158 0.82482 -0.52519 -0.17051 2 57.048 17.214 0.162 0.98651 -0.09007 -0.10308 0.08983 3 
118.148 -28.422 -12.694 0.38145 0.72902 0.50039 0.26951 1 67.708 17.425 -7.617 0.01913 0.85813 -0.4557 -0.23576 2 63.987 12.678 1.821 0.98127 -0.0475 -0.18663 -0.00384 3 
118.122 -28.71 -12.826 0.39724 0.72412 0.49895 0.26249 1 71.54 15.644 -6.386 -0.05552 0.89177 -0.3391 -0.29439 2 69.932 6.545 2.01 0.95969 -0.03861 -0.23763 -0.14501 3 
118.587 -29.025 -12.958 0.40634 0.7237 0.49867 0.24996 1 74.871 13.953 -6.082 -0.10822 0.91867 -0.22766 -0.30413 2 73.918 1.313 0.594 0.92855 -0.02721 -0.24764 -0.27518 3 
119.318 -29.264 -13.087 0.40936 0.72597 0.49908 0.23728 1 77.349 12.175 -6.474 -0.14094 0.94096 -0.11617 -0.285 2 75.779 -3.089 -1.897 0.89252 -0.01344 -0.21726 -0.39501 3 
119.975 -29.54 -13.115 0.41296 0.72709 0.49815 0.22946 1 78.833 10.612 -7.306 -0.16724 0.95148 -0.02294 -0.25727 2 77.157 -6.119 -4.688 0.85136 0.00873 -0.19205 -0.48808 3 
120.718 -29.805 -13.158 0.41285 0.72968 0.49651 0.22494 1 79.707 9.749 -7.909 -0.18399 0.95035 0.041 -0.24758 2 78.435 -7.572 -6.595 0.81677 0.02069 -0.19193 -0.54371 3 
121.485 -29.949 -13.224 0.409 0.73347 0.49713 0.21819 1 80.063 9.346 -8.013 -0.1923 0.94284 0.09043 -0.25669 2 79.057 -8.269 -7.67 0.78387 0.01807 -0.20481 -0.58589 3 
122.117 -30.012 -13.223 0.40695 0.73681 0.49737 0.21005 1 80.132 9.123 -7.895 -0.20369 0.92952 0.14093 -0.2732 2 79.51 -8.666 -8.631 0.74274 0.01463 -0.22707 -0.62973 3 
122.552 -30.003 -13.284 0.40639 0.73946 0.49724 0.20197 1 80.137 9.082 -7.646 -0.21133 0.91763 0.17144 -0.28968 2 79.807 -8.712 -8.99 0.7145 0.00949 -0.24983 -0.65344 3 
122.875 -29.992 -13.265 0.40612 0.74097 0.49731 0.19675 1 80.055 9.137 -7.311 -0.21402 0.90506 0.19709 -0.31018 2 79.662 -8.63 -9.173 0.68834 -0.00384 -0.2709 -0.6729 3 
123.142 -29.85 -13.284 0.40453 0.74281 0.49789 0.19157 1 79.88 9.096 -6.938 -0.22271 0.88509 0.23628 -0.33345 2 79.495 -8.452 -9.697 0.64505 -0.01099 -0.2963 -0.70427 3 
123.256 -29.729 -13.284 0.40473 0.74361 0.49799 0.18772 1 79.669 8.9 -6.596 -0.23686 0.86791 0.26023 -0.35058 2 79.562 -8.499 -9.883 0.61829 -0.00969 -0.31746 -0.71892 3 
123.31 -29.555 -13.279 0.40307 0.74563 0.49802 0.18318 1 79.355 8.662 -6.327 -0.24388 0.8626 0.25696 -0.36113 2 79.582 -8.8 -9.555 0.61775 -0.01003 -0.33155 -0.71299 3 
123.36 -29.41 -13.289 0.40014 0.74769 0.49869 0.1793 1 79.066 8.415 -6.121 -0.25049 0.85312 0.26611 -0.37233 2 79.452 -8.955 -9.568 0.60564 -0.01022 -0.34526 -0.71686 3 
123.396 -29.223 -13.251 0.39803 0.74876 0.49974 0.17659 1 78.792 8.325 -5.925 -0.25478 0.84669 0.27169 -0.37999 2 79.292 -8.993 -9.478 0.59812 -0.0102 -0.35477 -0.71853 3 
123.412 -29.088 -13.271 0.3972 0.74895 0.50092 0.1743 1 78.654 8.458 -5.707 -0.25329 0.84366 0.27201 -0.38743 2 79.089 -8.88 -9.246 0.59597 -0.01535 -0.36106 -0.71709 3 
123.437 -29.019 -13.292 0.39732 0.74875 0.50156 0.17303 1 78.675 8.59 -5.532 -0.25332 0.83876 0.27738 -0.39416 2 79.049 -8.705 -9.171 0.58966 -0.01882 -0.3675 -0.71895 3 
123.448 -28.998 -13.295 0.39889 0.74812 0.50126 0.17301 1 78.793 8.636 -5.402 -0.25434 0.83507 0.2796 -0.39975 2 79.174 -8.643 -9.073 0.58593 -0.02086 -0.37328 -0.71897 3 
123.493 -29.019 -13.284 0.3999 0.74771 0.50057 0.17446 1 78.873 8.625 -5.343 -0.25326 0.83568 0.27578 -0.40181 2 79.259 -8.727 -8.922 0.58869 -0.02277 -0.37415 -0.71619 3 
123.557 -29.063 -13.294 0.40037 0.74764 0.50005 0.17517 1 78.867 8.599 -5.358 -0.25116 0.83742 0.27237 -0.40182 2 79.196 -8.793 -8.863 0.59201 -0.02498 -0.37285 -0.71406 3 
123.677 -29.054 -13.301 0.39922 0.74816 0.50005 0.17556 1 78.862 8.54 -5.386 -0.25073 0.83712 0.27297 -0.4023 2 79.156 -8.861 -8.895 0.59126 -0.02604 -0.37313 -0.7145 3 
123.753 -29.076 -13.348 0.39909 0.74813 0.50032 0.17525 1 78.841 8.433 -5.394 -0.25335 0.83558 0.27361 -0.40343 2 79.268 -8.943 -8.93 0.59014 -0.02345 -0.37622 -0.71389 3 
123.775 -29.084 -13.284 0.39815 0.74821 0.5007 0.17593 1 78.756 8.339 -5.404 -0.25505 0.83574 0.27334 -0.4022 2 79.268 -9.027 -8.95 0.59056 -0.02095 -0.376 -0.71374 3 
123.762 -29.109 -13.333 0.39794 0.74806 0.5011 0.17592 1 78.668 8.273 -5.453 -0.25586 0.83776 0.27146 -0.39876 2 79.263 -9.098 -8.972 0.59368 -0.01764 -0.37326 -0.71268 3 
123.733 -29.126 -13.313 0.39766 0.74806 0.50125 0.17614 1 78.626 8.242 -5.515 -0.25677 0.83923 0.26923 -0.39658 2 79.303 -9.147 -8.993 0.59619 -0.0152 -0.37173 -0.71144 3 
123.698 -29.104 -13.305 0.3974 0.74812 0.50131 0.17627 1 78.575 8.25 -5.545 -0.25463 0.84282 0.26342 -0.39424 2 79.231 -9.207 -8.914 0.60211 -0.01561 -0.3681 -0.70833 3 
123.671 -29.102 -13.29 0.39725 0.74773 0.50175 0.17704 1 78.577 8.293 -5.614 -0.25111 0.84833 0.25322 -0.39135 2 79.211 -9.28 -8.77 0.6119 -0.01716 -0.36352 -0.70224 3 
123.627 -29.086 -13.306 0.39751 0.74742 0.50173 0.1778 1 78.634 8.291 -5.77 -0.24929 0.85522 0.24327 -0.38376 2 79.285 -9.356 -8.738 0.62222 -0.01458 -0.35502 -0.69756 3 
123.569 -29.08 -13.313 0.39663 0.74737 0.50256 0.17763 1 78.691 8.283 -5.963 -0.24664 0.87426 0.20502 -0.36442 2 79.61 -9.628 -8.227 0.65644 -0.00463 -0.33506 -0.67587 3 
123.406 -29.089 -13.335 0.39676 0.74692 0.50305 0.17783 1 78.537 8.059 -6.137 -0.23647 0.90581 0.10906 -0.33421 2 79.789 -10.095 -6.518 0.73156 0.00725 -0.30388 -0.61026 3 
123.124 -29.076 -13.318 0.39707 0.74655 0.50369 0.17689 1 77.898 7.715 -6.24 -0.20697 0.93291 -0.07928 -0.28381 2 78.875 -8.944 -2.806 0.85177 0.02457 -0.25675 -0.45603 3 
122.833 -29.095 -13.3 0.39627 0.74682 0.50464 0.17484 1 76.576 7.337 -6.492 -0.15472 0.91506 -0.30468 -0.21425 2 75.479 -4.631 0.837 0.95034 0.04814 -0.18875 -0.2427 3 
122.542 -29.075 -13.321 0.39396 0.74682 0.50711 0.1729 1 74.867 5.851 -6.794 -0.11003 0.85688 -0.48103 -0.14922 2 71.264 -0.723 2.52 0.98751 0.07785 -0.12634 -0.05293 3 
122.269 -29.055 -13.358 0.39076 0.74836 0.50836 0.16978 1 72.575 3.215 -6.63 -0.10493 0.81555 -0.55426 -0.12907 2 68.428 -0.899 3.332 0.98841 0.09693 -0.11376 0.02678 3 
122.13 -28.981 -13.356 0.38266 0.75046 0.5134 0.16372 1 69.68 0.144 -5.758 -0.14465 0.80499 -0.55606 -0.14788 2 67.467 -4.204 4.7 0.98084 0.11611 -0.15531 0.01891 3 
122.139 -28.833 -13.427 0.37175 0.75276 0.52022 0.15663 1 66.164 -2.741 -4.483 -0.18781 0.79872 -0.54405 -0.17548 2 66.233 -7.621 6.487 0.96998 0.1314 -0.20462 0.00228 3 
122.12 -28.728 -13.541 0.36165 0.75336 0.52804 0.1511 1 62.521 -5.265 -3.344 -0.20802 0.79509 -0.5319 -0.20405 2 64.208 -10.459 8.102 0.96121 0.12734 -0.24455 -0.00709 3 
122.195 -28.556 -13.562 0.34814 0.75502 0.53575 0.14736 1 59.176 -7.301 -2.51 -0.22279 0.80385 -0.50161 -0.22928 2 62.155 -13.734 9.109 0.95287 0.11622 -0.27712 -0.04167 3 
122.343 -28.27 -13.649 0.3314 0.75632 0.54516 0.14477 1 56.025 -8.975 -1.978 -0.24075 0.81874 -0.45814 -0.24862 2 60.232 -17.3 9.425 0.94059 0.10964 -0.30707 -0.09477 3 
122.42 -28.117 -13.674 0.31696 0.75586 0.55364 0.14729 1 53.401 -10.213 -1.888 -0.23834 0.8321 -0.43721 -0.24423 2 57.349 -19.563 9.46 0.93961 0.10498 -0.30185 -0.12245 3 
122.294 -28.063 -13.728 0.30679 0.75477 0.5604 0.14883 1 51.335 -10.891 -2.234 -0.21708 0.83339 -0.45731 -0.22181 2 54.133 -19.639 9.504 0.94982 0.10112 -0.27738 -0.10334 3 
122.151 -28.048 -13.723 0.29894 0.75383 0.5653 0.15105 1 50.034 -11.352 -2.729 -0.18344 0.8305 -0.48588 -0.20132 2 51.382 -18.982 9.364 0.96148 0.08659 -0.25093 -0.07133 3 
121.986 -28.148 -13.757 0.29461 0.75304 0.568 0.15332 1 49.161 -11.697 -3.205 -0.1674 0.83779 -0.48214 -0.19396 2 49.766 -19.519 8.781 0.9654 0.07528 -0.23711 -0.07816 3 
121.87 -28.295 -13.773 0.29164 0.75188 0.57055 0.15522 1 48.609 -11.84 -3.655 -0.1591 0.85126 -0.46345 -0.18775 2 48.734 -20.53 7.972 0.96591 0.06593 -0.22728 -0.10498 3 
121.763 -28.417 -13.82 0.28954 0.75104 0.57198 0.15795 1 48.24 -11.606 -3.779 -0.14561 0.84362 -0.48185 -0.18687 2 48.041 -19.372 8.117 0.96949 0.05885 -0.22456 -0.07877 3 
121.563 -28.619 -13.832 0.29106 0.74961 0.57231 0.16073 1 48.039 -11.47 -3.878 -0.13421 0.84227 -0.48832 -0.1847 2 47.351 -18.933 8.14 0.9725 0.05186 -0.21563 -0.07112 3 
121.43 -28.827 -13.838 0.29421 0.74833 0.57162 0.1634 1 47.957 -11.399 -3.937 -0.12895 0.84082 -0.49144 -0.18673 2 47.084 -18.743 8.166 0.97359 0.04658 -0.21289 -0.06806 3 
121.555 -28.855 -13.863 0.29281 0.74863 0.57224 0.16235 1 47.86 -11.427 -3.932 -0.13096 0.84329 -0.48818 -0.18273 2 46.894 -18.965 8.17 0.97385 0.04824 -0.20954 -0.07331 3 
121.734 -28.859 -13.856 0.29435 0.74932 0.57166 0.15835 1 47.897 -11.404 -3.931 -0.12953 0.84596 -0.48791 -0.17182 2 46.835 -19.007 8.175 0.97402 0.04819 -0.20845 -0.07426 3 
121.993 -28.985 -13.913 0.29717 0.75011 0.5707 0.15272 1 48.112 -11.244 -3.797 -0.12257 0.85833 -0.47799 -0.14061 2 46.846 -19.001 8.169 0.97398 0.04824 -0.20865 -0.07416 3 
122.236 -29.297 -13.934 0.30479 0.74996 0.56831 0.14728 1 49.919 -10.827 -3.711 -0.11145 0.85653 -0.50011 -0.06186 2 46.824 -19.025 8.177 0.97403 0.04806 -0.20844 -0.07426 3 
122.471 -29.706 -14.052 0.3139 0.75054 0.56519 0.1368 1 54.804 -9.441 -3.573 -0.16335 0.81735 -0.55134 0.0357 2 46.837 -19.062 8.174 0.97404 0.04815 -0.20832 -0.07439 3 
122.577 -30.423 -14.166 0.32828 0.74712 0.56158 0.13663 1 60.118 -6.355 -3.163 -0.24059 0.77991 -0.57448 0.06199 2 46.843 -19.065 8.17 0.97404 0.04822 -0.20831 -0.07439 3 
122.233 -31.554 -14.24 0.35736 0.73862 0.55329 0.14356 1 65.545 -1.848 -2.535 -0.32347 0.75616 -0.56511 0.06519 2 46.835 -19.071 8.171 0.97405 0.04813 -0.20826 -0.07443 3 
121.75 -32.598 -14.28 0.38213 0.73124 0.54494 0.14935 1 74.001 3.574 -1.408 -0.37321 0.83469 -0.40441 0.02144 2 46.832 -19.072 8.174 0.97406 0.04812 -0.20822 -0.07441 3 
120.917 -33.668 -14.313 0.4114 0.71899 0.53615 0.16232 1 85.08 7.588 -0.269 -0.35017 0.92387 -0.15197 0.02752 2 46.833 -19.072 8.173 0.97405 0.04814 -0.20823 -0.07444 3 
119.458 -34.845 -14.351 0.45239 0.69901 0.5227 0.18305 1 95.601 8.813 -0.579 -0.32736 0.93435 -0.02321 0.13888 2 46.835 -19.07 8.174 0.97406 0.04815 -0.20823 -0.07441 3 
118.115 -35.642 -14.299 0.48894 0.67789 0.50999 0.20326 1 105.189 8.707 -2.645 -0.29974 0.90154 0.00282 0.31204 2 46.831 -19.074 8.174 0.97406 0.0481 -0.2082 -0.07444 3 
117.563 -35.922 -14.355 0.50811 0.6647 0.50596 0.20978 1 113.981 7.384 -5.022 -0.29312 0.85793 0.0125 0.42176 2 46.829 -19.075 8.175 0.97407 0.04807 -0.20818 -0.07445 3 
117.291 -35.902 -14.351 0.51815 0.65668 0.50569 0.2111 1 118.878 4.296 -6.595 -0.32696 0.85017 -0.10144 0.40002 2 46.83 -19.075 8.174 0.97406 0.04809 -0.2082 -0.07446 3 
117.325 -35.979 -14.32 0.52176 0.65627 0.50287 0.21025 1 119.348 3.413 -7.71 -0.33 0.83111 -0.24671 0.37349 2 46.832 -19.073 8.175 0.97407 0.0481 -0.20819 -0.07444 3 
117.651 -36.072 -14.351 0.51925 0.65865 0.50396 0.20634 1 119.258 3.473 -7.836 -0.3488 0.82036 -0.25808 0.37248 2 46.829 -19.075 8.175 0.97407 0.04807 -0.20818 -0.07446 3 
118.008 -36.098 -14.31 0.51788 0.66155 0.50098 0.20778 1 119.121 3.611 -7.994 -0.35432 0.81457 -0.27484 0.36797 2 46.83 -19.074 8.174 0.97407 0.04809 -0.20819 -0.07444 3 
118.271 -35.948 -14.289 0.51275 0.66588 0.50222 0.20365 1 118.989 3.802 -7.996 -0.35747 0.81405 -0.27316 0.36732 2 46.831 -19.074 8.174 0.97406 0.04809 -0.2082 -0.07444 3 
118.372 -35.835 -14.245 0.51326 0.668 0.49987 0.20116 1 118.957 4.049 -8.073 -0.36281 0.81038 -0.28066 0.36453 2 46.831 -19.073 8.174 0.97406 0.0481 -0.2082 -0.07444 3 
118.41 -35.661 -14.166 0.51351 0.66916 0.49738 0.20283 1 118.974 4.263 -8.149 -0.36366 0.80872 -0.28507 0.36394 2 46.83 -19.074 8.174 0.97406 0.04809 -0.20819 -0.07445 3 
118.271 -35.503 -14.106 0.51608 0.66638 0.49171 0.21869 1 119.31 4.732 -8.117 -0.36329 0.81094 -0.28296 0.36101 2 46.83 -19.074 8.175 0.97407 0.04807 -0.20819 -0.07444 3 
116.752 -35.812 -13.618 0.50078 0.67089 0.4338 0.33308 1 119.924 6.468 -7.754 -0.34949 0.83248 -0.23757 0.35831 2 46.83 -19.074 8.175 0.97407 0.04808 -0.20818 -0.07444 3 
115.394 -35.284 -14.803 0.26298 0.59184 0.45752 0.6093 1 120.255 11.747 -7.678 -0.22689 0.8776 -0.24172 0.34628 2 46.831 -19.073 8.174 0.97407 0.04809 -0.20819 -0.07444 3 
116.703 -29.67 -16.761 0.16623 0.36734 0.80395 0.43713 1 120.229 18.159 -8.085 -0.04234 0.89315 -0.34109 0.29009 2 46.83 -19.074 8.174 0.97407 0.04809 -0.20818 -0.07445 3 
111.187 -22.808 -14.442 0.22339 0.46145 0.74839 0.4208 1 119.196 23.933 -8.527 0.06841 0.87654 -0.42944 0.20634 2 46.83 -19.074 8.174 0.97407 0.04806 -0.20819 -0.07445 3 
107.075 -10.087 -12.858 0.3035 0.41162 0.70541 0.49077 1 117.503 30.186 -8.921 0.13685 0.8562 -0.48092 0.13006 2 46.831 -19.074 8.174 0.97406 0.0481 -0.2082 -0.07445 3 
106.403 5.573 -12.138 0.38058 0.28874 0.64124 0.60049 1 115.574 37.465 -9.643 0.21858 0.81381 -0.53569 0.05454 2 46.828 -19.075 8.176 0.97407 0.04807 -0.20817 -0.07447 3 
108.842 19.893 -11.775 0.41606 0.21042 0.60265 0.64763 1 112.588 44.457 -9.841 0.31145 0.79278 -0.52064 0.05853 2 46.831 -19.073 8.174 0.97406 0.04808 -0.20819 -0.07444 3 
106.335 30.129 -10.914 0.41512 0.30523 0.66707 0.53807 1 110.254 50.618 -9.599 0.36528 0.76844 -0.52534 0.00969 2 46.831 -19.073 8.174 0.97407 0.04807 -0.20819 -0.07443 3 
98.5 35.208 -10.344 0.39039 0.50696 0.64182 0.42268 1 107.21 53.917 -9.655 0.35272 0.7577 -0.54852 0.0247 2 46.83 -19.074 8.175 0.97407 0.04806 -0.20819 -0.07443 3 
89.685 37.034 -10.638 0.35213 0.68282 0.53477 0.35183 1 103.086 55.616 -10.347 0.31714 0.76266 -0.55492 0.0992 2 46.83 -19.073 8.174 0.97407 0.04807 -0.20819 -0.07444 3 
84.203 38.51 -11.674 0.33066 0.75076 0.42091 0.38711 1 99.997 56.935 -11.057 0.2925 0.75425 -0.57601 0.11736 2 46.831 -19.073 8.174 0.97406 0.04808 -0.2082 -0.07443 3 
81.955 39.567 -12.42 0.32413 0.77748 0.35281 0.40743 1 97.659 58.307 -11.292 0.28009 0.74912 -0.58552 0.13242 2 46.83 -19.073 8.175 0.97407 0.04807 -0.20819 -0.07443 3 
80.972 40.626 -13.319 0.31191 0.7665 0.323 0.4592 1 96.231 59.315 -11.62 0.28069 0.75026 -0.5799 0.14847 2 46.831 -19.072 8.174 0.97406 0.04808 -0.2082 -0.07444 3 
80.473 41.667 -13.913 0.30628 0.75784 0.30402 0.48933 1 95.354 59.9 -12.157 0.27756 0.74803 -0.58202 0.15702 2 46.83 -19.074 8.175 0.97407 0.04806 -0.20819 -0.07444 3 
80.275 42.155 -14.169 0.3019 0.75703 0.28158 0.50644 1 94.161 60.549 -12.581 0.27219 0.75273 -0.57675 0.1633 2 46.831 -19.073 8.174 0.97406 0.04806 -0.2082 -0.07444 3 
80.298 42.163 -14.506 0.29213 0.75184 0.28744 0.5165 1 93.24 60.674 -12.995 0.27088 0.75323 -0.57386 0.17308 2 46.831 -19.072 8.172 0.97406 0.04807 -0.20822 -0.07444 3 
