117.747 -33.158 -13.282 0.57468 0.64182 0.48375 0.15426 1 117.323 7.737 -9.842 -0.43963 0.78653 -0.37478 0.21826 2 75.612 26.273 -3.309 0.98951 -0.10987 -0.0796 0.04963 3 
117.713 -33.065 -13.262 0.57418 0.64212 0.48475 0.1517 1 117.231 7.787 -9.838 -0.4404 0.78646 -0.37396 0.21836 2 75.614 26.276 -3.309 0.98951 -0.10989 -0.07959 0.04962 3 
117.69 -33.03 -13.309 0.57368 0.64273 0.48567 0.14801 1 117.135 7.82 -9.838 -0.44078 0.78661 -0.37315 0.21846 2 75.612 26.275 -3.312 0.98951 -0.10988 -0.07964 0.04962 3 
117.683 -32.979 -13.317 0.57329 0.64262 0.48734 0.14452 1 117.021 7.81 -9.818 -0.44158 0.78651 -0.37085 0.22109 2 75.611 26.276 -3.313 0.98951 -0.10984 -0.0796 0.04963 3 
117.613 -33.063 -13.411 0.57889 0.63706 0.49099 0.1341 1 116.888 7.839 -9.759 -0.4453 0.78785 -0.36452 0.21936 2 75.609 26.281 -3.31 0.98952 -0.1098 -0.0796 0.04963 3 
117.885 -33.311 -13.474 0.58147 0.63717 0.48957 0.12741 1 116.916 7.766 -9.733 -0.45095 0.79062 -0.35519 0.2131 2 75.607 26.269 -3.306 0.98951 -0.10989 -0.07955 0.0496 3 
118.094 -33.426 -13.44 0.57775 0.64077 0.48944 0.12675 1 117.024 7.69 -9.723 -0.44997 0.78982 -0.35797 0.21348 2 75.609 26.272 -3.31 0.98951 -0.10986 -0.07961 0.04958 3 
118.186 -33.457 -13.46 0.5757 0.64241 0.49014 0.12507 1 117.048 7.647 -9.765 -0.45028 0.78791 -0.36051 0.21559 2 75.616 26.278 -3.312 0.9895 -0.10993 -0.0796 0.04967 3 
118.332 -33.439 -13.491 0.57441 0.64344 0.4911 0.12192 1 117.055 7.661 -9.774 -0.45216 0.78702 -0.36013 0.21553 2 75.61 26.276 -3.312 0.98951 -0.10983 -0.0796 0.04967 3 
118.466 -33.354 -13.458 0.57166 0.64509 0.49259 0.1201 1 117.141 7.698 -9.774 -0.45056 0.78599 -0.36337 0.21722 2 75.616 26.279 -3.309 0.98951 -0.10986 -0.07959 0.04965 3 
118.551 -33.269 -13.517 0.56969 0.64568 0.49525 0.11521 1 117.171 7.709 -9.748 -0.45074 0.78445 -0.36441 0.22061 2 75.616 26.279 -3.31 0.98951 -0.10988 -0.07959 0.04965 3 
118.659 -33.236 -13.57 0.56833 0.6456 0.49728 0.11367 1 117.136 7.722 -9.736 -0.45225 0.78326 -0.36364 0.22301 2 75.614 26.278 -3.314 0.98951 -0.10983 -0.07964 0.04966 3 
118.702 -33.221 -13.548 0.56741 0.64588 0.4982 0.11264 1 117.033 7.691 -9.75 -0.45264 0.78284 -0.36381 0.22342 2 75.615 26.28 -3.305 0.98951 -0.10986 -0.07956 0.04964 3 
118.645 -33.217 -13.558 0.5662 0.64699 0.49805 0.11298 1 116.782 7.807 -9.645 -0.45479 0.78163 -0.35464 0.23758 2 75.615 26.278 -3.315 0.9895 -0.10987 -0.07966 0.04965 3 
118.5 -33.24 -13.512 0.56535 0.64805 0.49709 0.11537 1 115.67 9.864 -9.457 -0.41439 0.81405 -0.34344 0.21827 2 75.614 26.277 -3.306 0.98952 -0.10984 -0.07955 0.04964 3 
118.563 -33.131 -13.546 0.55936 0.65203 0.49896 0.11407 1 112.104 14.451 -9.492 -0.25094 0.87429 -0.39834 0.11817 2 75.615 26.276 -3.312 0.98951 -0.10988 -0.07962 0.04964 3 
118.442 -32.806 -13.476 0.55813 0.65273 0.49871 0.11711 1 106.014 17.509 -9.545 -0.03998 0.8769 -0.47884 0.01296 2 75.614 26.275 -3.312 0.98951 -0.10985 -0.07962 0.04967 3 
118.183 -32.62 -13.384 0.55944 0.65321 0.49462 0.12532 1 98.674 19.902 -9.75 0.10073 0.84953 -0.51489 -0.05512 2 75.615 26.278 -3.317 0.98951 -0.10984 -0.07969 0.04965 3 
118.221 -32.249 -13.296 0.55199 0.6594 0.493 0.13212 1 92.353 22.11 -10.482 0.21073 0.82431 -0.5227 -0.05375 2 75.614 26.282 -3.314 0.98951 -0.10982 -0.07966 0.04968 3 
118.585 -31.778 -13.14 0.53463 0.67209 0.4928 0.14002 1 88.653 23.819 -11.339 0.2752 0.81401 -0.51086 -0.02587 2 75.62 26.283 -3.316 0.9895 -0.10986 -0.07967 0.04971 3 
118.892 -31.169 -13.032 0.51553 0.68396 0.49349 0.15133 1 86.329 24.942 -12.053 0.29499 0.80593 -0.51271 -0.02445 2 75.623 26.287 -3.315 0.9895 -0.10986 -0.07964 0.0497 3 
118.967 -30.558 -12.875 0.50195 0.69076 0.49314 0.16649 1 84.997 25.692 -12.472 0.30598 0.80377 -0.50792 -0.04842 2 75.625 26.301 -3.314 0.98951 -0.10979 -0.0796 0.04976 3 
119.014 -29.908 -12.758 0.49237 0.69404 0.49418 0.17797 1 84.537 26.191 -12.622 0.30753 0.80365 -0.50062 -0.09461 2 75.268 26.369 -3.297 0.98987 -0.10967 -0.0743 0.05115 3 
119.133 -29.321 -12.684 0.48371 0.6975 0.49606 0.18287 1 84.295 26.41 -12.668 0.29512 0.8046 -0.49923 -0.12764 2 75.153 26.407 -3.288 0.99153 -0.09403 -0.07461 0.04969 3 
119.271 -28.987 -12.6 0.47948 0.69977 0.49705 0.18264 1 84.142 26.599 -12.534 0.30234 0.80488 -0.49286 -0.1336 2 75.086 26.385 -3.276 0.99232 -0.08608 -0.07448 0.0484 3 
119.484 -28.922 -12.545 0.47973 0.7019 0.49424 0.18144 1 84.657 25.832 -12.299 0.29943 0.81611 -0.46818 -0.15848 2 74.67 25.343 -3.123 0.99412 -0.08891 -0.0469 0.04024 3 
119.983 -28.811 -12.488 0.47162 0.70751 0.49515 0.17841 1 86.049 23.385 -11.494 0.23546 0.86132 -0.41285 -0.17958 2 75.453 19.881 -2.408 0.99717 -0.05741 -0.03219 -0.03623 3 
120.218 -28.987 -12.526 0.47472 0.70714 0.49472 0.17273 1 87.19 20.007 -10.369 0.15373 0.91627 -0.31566 -0.1928 2 77.605 11.536 -2.18 0.98278 -0.01301 -0.04718 -0.17818 3 
120.326 -29.388 -12.661 0.48348 0.70497 0.49336 0.16081 1 87.54 16.396 -9.469 0.08883 0.95564 -0.18975 -0.20704 2 78.453 3.339 -3.166 0.94262 0.00969 -0.03241 -0.33214 3 
120.737 -29.903 -12.77 0.48703 0.7062 0.49296 0.14518 1 87.376 13.277 -9.082 0.04666 0.9713 -0.0758 -0.22058 2 78.942 -2.778 -4.903 0.88691 0.01625 -0.02181 -0.46114 3 
121.477 -30.423 -12.931 0.48418 0.71066 0.49451 0.12646 1 86.982 11.112 -8.91 0.00358 0.97201 0.00891 -0.23476 2 79.995 -6.728 -6.541 0.8333 0.03182 -0.03217 -0.55096 3 
122.309 -30.904 -13.054 0.47829 0.71577 0.49709 0.10868 1 86.506 9.466 -8.775 -0.03126 0.96467 0.07338 -0.25109 2 80.884 -9.327 -7.86 0.78548 0.04326 -0.04874 -0.61545 3 
123.126 -31.282 -13.187 0.47086 0.72142 0.49978 0.08982 1 85.909 8.296 -8.598 -0.05125 0.95654 0.11346 -0.26367 2 80.992 -10.895 -8.625 0.75218 0.04604 -0.05933 -0.65466 3 
123.729 -31.61 -13.307 0.46518 0.72568 0.50146 0.07442 1 85.423 7.683 -8.419 -0.06513 0.94527 0.15528 -0.2795 2 80.93 -11.69 -9.452 0.7146 0.04137 -0.07146 -0.69464 3 
124.178 -31.931 -13.403 0.46102 0.72796 0.50353 0.0632 1 85.151 7.479 -8.16 -0.06921 0.9325 0.19609 -0.29531 2 80.462 -11.786 -10.246 0.67219 0.02661 -0.07677 -0.7359 3 
124.398 -32.344 -13.492 0.46133 0.72741 0.50484 0.0565 1 85.152 7.628 -7.956 -0.0751 0.92372 0.21529 -0.30783 2 80.556 -11.596 -10.426 0.65332 0.0203 -0.08801 -0.75168 3 
124.55 -32.665 -13.53 0.46244 0.72622 0.50581 0.05387 1 85.368 7.65 -7.742 -0.08607 0.91606 0.22991 -0.31712 2 81.351 -11.543 -10.549 0.63801 0.0244 -0.10491 -0.76246 3 
124.6 -33.003 -13.642 0.46604 0.72396 0.5059 0.05257 1 85.501 7.571 -7.599 -0.09015 0.90798 0.25134 -0.32292 2 81.435 -11.427 -10.898 0.61692 0.02206 -0.10707 -0.7794 3 
124.692 -33.226 -13.65 0.46668 0.72314 0.50661 0.05126 1 85.638 7.639 -7.457 -0.08535 0.90697 0.25085 -0.32741 2 81.369 -11.337 -10.702 0.61728 0.01489 -0.11005 -0.77886 3 
124.714 -33.427 -13.684 0.469 0.7216 0.50663 0.05156 1 85.696 7.832 -7.34 -0.07552 0.90784 0.24687 -0.33043 2 81.062 -11.112 -10.418 0.6223 0.00567 -0.10994 -0.775 3 
124.725 -33.637 -13.681 0.47032 0.72084 0.50635 0.05287 1 85.747 8.021 -7.243 -0.07004 0.90394 0.25618 -0.33519 2 80.74 -10.777 -10.449 0.61414 -0.00301 -0.10909 -0.78162 3 
124.719 -33.758 -13.692 0.47116 0.72004 0.50665 0.0535 1 85.797 8.214 -7.129 -0.06811 0.90296 0.25739 -0.33731 2 80.737 -10.57 -10.338 0.61344 -0.00535 -0.11106 -0.78188 3 
124.702 -33.776 -13.7 0.47188 0.71926 0.50705 0.05391 1 85.833 8.316 -7.057 -0.06382 0.90267 0.25718 -0.33908 2 80.571 -10.423 -10.237 0.61394 -0.01009 -0.11049 -0.78152 3 
124.731 -33.766 -13.709 0.47169 0.71896 0.50763 0.05392 1 85.805 8.432 -7.028 -0.06185 0.90383 0.25434 -0.33849 2 80.489 -10.338 -10.139 0.6172 -0.0112 -0.10984 -0.77902 3 
124.808 -33.708 -13.72 0.46974 0.71982 0.50827 0.05356 1 85.768 8.543 -7.03 -0.06072 0.90435 0.25489 -0.33688 2 80.404 -10.2 -10.146 0.61708 -0.01099 -0.10777 -0.77941 3 
124.885 -33.632 -13.729 0.46831 0.7201 0.50922 0.05328 1 85.701 8.636 -7.02 -0.06073 0.90491 0.25469 -0.33553 2 80.35 -10.097 -10.151 0.61722 -0.00991 -0.10705 -0.77941 3 
124.901 -33.529 -13.719 0.46725 0.72082 0.50922 0.05294 1 85.664 8.663 -7.026 -0.06097 0.90543 0.25164 -0.3364 2 80.334 -10.121 -10.077 0.61941 -0.01063 -0.10862 -0.77744 3 
124.885 -33.444 -13.732 0.46739 0.72083 0.50906 0.05305 1 85.605 8.679 -7.01 -0.05998 0.90623 0.24872 -0.33657 2 80.267 -10.122 -10.012 0.62189 -0.01132 -0.10923 -0.77537 3 
124.872 -33.406 -13.721 0.46723 0.72085 0.50917 0.05303 1 85.56 8.71 -7.011 -0.06013 0.90651 0.24721 -0.33691 2 80.229 -10.101 -9.972 0.62303 -0.01124 -0.10957 -0.77441 3 
124.887 -33.338 -13.706 0.46666 0.72123 0.50911 0.05343 1 85.541 8.756 -7.019 -0.06121 0.9065 0.24748 -0.33655 2 80.265 -10.072 -10.001 0.6228 -0.01024 -0.11003 -0.77454 3 
124.882 -33.32 -13.691 0.46665 0.72124 0.50897 0.05474 1 85.535 8.819 -7.053 -0.06032 0.90738 0.24697 -0.33469 2 80.242 -9.993 -10.015 0.62369 -0.00913 -0.10816 -0.7741 3 
124.853 -33.32 -13.659 0.467 0.72086 0.50906 0.05599 1 85.529 8.894 -7.084 -0.05956 0.90892 0.24518 -0.33196 2 80.219 -9.939 -10.03 0.62583 -0.00813 -0.10558 -0.77274 3 
124.792 -33.241 -13.671 0.46674 0.72106 0.50903 0.05584 1 85.53 8.923 -7.174 -0.05852 0.91174 0.24018 -0.32806 2 80.218 -9.94 -10.029 0.63022 -0.00592 -0.10205 -0.76966 3 
124.682 -33.198 -13.668 0.46681 0.7207 0.50946 0.05603 1 85.523 8.844 -7.376 -0.06191 0.92417 0.21239 -0.31139 2 80.576 -10.346 -9.734 0.65554 0.01055 -0.09143 -0.74953 3 
124.476 -33.118 -13.701 0.46765 0.71983 0.50994 0.05574 1 85.411 8.626 -7.712 -0.06792 0.95096 0.12835 -0.27311 2 81.337 -11.015 -8.375 0.72536 0.05321 -0.07484 -0.68222 3 
124.273 -32.997 -13.674 0.46607 0.72035 0.51063 0.05589 1 85.364 8.17 -7.933 -0.07132 0.96972 -0.01369 -0.23317 2 82.07 -10.507 -5.33 0.82719 0.10382 -0.07782 -0.54673 3 
123.968 -32.94 -13.656 0.46577 0.72011 0.51105 0.05763 1 84.88 7.788 -8.065 -0.04939 0.95948 -0.20006 -0.19217 2 80.901 -6.962 -1.64 0.92017 0.14351 -0.08204 -0.35491 3 
123.694 -32.835 -13.608 0.46316 0.72123 0.51166 0.05929 1 83.401 7.198 -7.964 -0.02337 0.92268 -0.35022 -0.15958 2 78.084 -2.834 0.824 0.96385 0.17265 -0.07796 -0.18739 3 
123.403 -32.774 -13.615 0.46095 0.72159 0.51311 0.05964 1 80.597 6.349 -7.42 -0.02323 0.8962 -0.41316 -0.15995 2 75.606 -1.593 2.3 0.96982 0.18668 -0.0981 -0.12234 3 
123.218 -32.575 -13.623 0.45336 0.7237 0.51699 0.05866 1 76.939 5.329 -6.331 -0.04052 0.8874 -0.42283 -0.17916 2 73.258 -2.748 3.848 0.96473 0.19151 -0.12736 -0.12803 3 
122.965 -32.331 -13.613 0.44557 0.72533 0.52158 0.05755 1 72.93 4.091 -4.958 -0.06043 0.87869 -0.43148 -0.19515 2 70.312 -4.17 5.764 0.95938 0.20119 -0.1475 -0.13174 3 
122.569 -32.04 -13.642 0.43861 0.72596 0.52668 0.05664 1 68.621 2.206 -3.632 -0.09447 0.86032 -0.45838 -0.20201 2 67.625 -5.542 7.96 0.95001 0.22824 -0.17861 -0.11615 3 
122.245 -31.591 -13.662 0.42762 0.72807 0.53292 0.05533 1 64.303 -0.225 -2.656 -0.12614 0.84127 -0.48252 -0.20864 2 65.272 -7.313 9.742 0.93742 0.24916 -0.22065 -0.10239 3 
122.288 -30.908 -13.67 0.40691 0.73376 0.54141 0.05385 1 60.052 -2.844 -2.22 -0.15268 0.83182 -0.48934 -0.21287 2 62.763 -10.071 10.623 0.92446 0.26057 -0.25518 -0.11116 3 
122.408 -30.271 -13.614 0.38184 0.74103 0.54985 0.05245 1 56.16 -5.169 -2.313 -0.16837 0.82947 -0.48909 -0.21076 2 60.003 -12.653 10.713 0.91472 0.26687 -0.27776 -0.12214 3 
122.454 -29.732 -13.58 0.35965 0.74619 0.55756 0.05454 1 52.986 -7.068 -2.756 -0.16831 0.82835 -0.49932 -0.19023 2 56.535 -14.255 10.518 0.91459 0.27621 -0.27288 -0.11303 3 
122.307 -29.387 -13.571 0.3447 0.74867 0.56346 0.05646 1 50.688 -8.495 -3.506 -0.1441 0.82662 -0.51998 -0.15982 2 52.789 -14.811 10.012 0.92464 0.27254 -0.25184 -0.08569 3 
122.251 -29.126 -13.545 0.32955 0.75184 0.56831 0.05608 1 49.22 -9.309 -4.342 -0.1187 0.83292 -0.52212 -0.13982 2 49.923 -15.552 9.086 0.93439 0.26218 -0.22747 -0.08017 3 
122.197 -28.914 -13.532 0.31755 0.75393 0.57223 0.05744 1 48.421 -9.78 -4.882 -0.11555 0.84402 -0.50653 -0.13306 2 48.827 -16.824 8.245 0.93588 0.25847 -0.21717 -0.10078 3 
121.939 -28.989 -13.533 0.31428 0.7521 0.57583 0.06323 1 47.988 -10.229 -4.95 -0.12063 0.85134 -0.49118 -0.13931 2 48.56 -18.026 8.055 0.93462 0.25573 -0.21561 -0.1208 3 
121.585 -29.184 -13.575 0.31632 0.74908 0.57829 0.06633 1 47.818 -10.448 -4.959 -0.11433 0.85504 -0.4854 -0.1422 2 48.039 -18.541 8.084 0.93744 0.24871 -0.20751 -0.12764 3 
121.41 -29.237 -13.611 0.31787 0.74697 0.57993 0.06844 1 47.534 -10.183 -5.024 -0.10401 0.85126 -0.4968 -0.13315 2 47.17 -17.7 8.237 0.94204 0.24504 -0.20057 -0.11089 3 
121.313 -29.477 -13.67 0.32329 0.74416 0.58053 0.06847 1 47.299 -10.002 -4.997 -0.10647 0.85464 -0.4933 -0.1221 2 46.563 -17.824 8.285 0.94251 0.25034 -0.18831 -0.1164 3 
121.382 -29.513 -13.663 0.32923 0.74295 0.57896 0.06662 1 47.464 -9.872 -4.921 -0.09803 0.85887 -0.49314 -0.09767 2 46.548 -17.649 8.298 0.94278 0.24983 -0.18883 -0.11444 3 
121.563 -29.621 -13.685 0.33733 0.74163 0.57636 0.06326 1 48.911 -8.812 -4.954 -0.083 0.8652 -0.49043 -0.06332 2 46.496 -17.738 8.302 0.94295 0.2497 -0.18757 -0.11536 3 
121.729 -29.929 -13.744 0.3474 0.73858 0.57488 0.05769 1 51.889 -5.788 -4.861 -0.10088 0.85347 -0.50761 -0.06124 2 46.5 -17.841 8.304 0.94298 0.24968 -0.18729 -0.11561 3 
121.68 -30.387 -13.821 0.36665 0.73198 0.57133 0.05802 1 56.529 -1.802 -4.032 -0.12235 0.83145 -0.53133 -0.10684 2 46.506 -17.84 8.304 0.94296 0.24968 -0.18741 -0.11556 3 
121.246 -31.159 -13.931 0.39533 0.72176 0.56462 0.06312 1 62.712 1.628 -2.639 -0.15523 0.81345 -0.53983 -0.15094 2 46.519 -17.832 8.302 0.94293 0.24971 -0.18758 -0.11548 3 
120.618 -32.187 -13.916 0.43077 0.7089 0.5538 0.07214 1 71.17 4.938 -1.12 -0.19943 0.79715 -0.53634 -0.19265 2 46.517 -17.833 8.301 0.94294 0.24971 -0.18754 -0.11551 3 
119.923 -33.05 -13.959 0.46468 0.69487 0.54258 0.08269 1 81.484 8.209 -0.171 -0.23935 0.80378 -0.49718 -0.22241 2 46.516 -17.832 8.301 0.94294 0.24971 -0.18753 -0.11548 3 
119.397 -33.936 -13.948 0.49312 0.68108 0.5329 0.09477 1 91.887 10.157 -0.038 -0.27727 0.87339 -0.3435 -0.20573 2 46.513 -17.834 8.303 0.94295 0.24968 -0.1875 -0.1155 3 
118.869 -34.513 -14.006 0.51734 0.6655 0.52731 0.1068 1 100.493 10.879 -1.587 -0.29975 0.90869 -0.28463 -0.05848 2 46.519 -17.831 8.301 0.94294 0.24973 -0.18754 -0.11549 3 
118.328 -35.092 -13.987 0.53992 0.65087 0.51985 0.12088 1 108.715 10.875 -4.272 -0.31419 0.93648 -0.10743 0.11291 2 46.516 -17.834 8.302 0.94295 0.24971 -0.18751 -0.11549 3 
117.915 -35.393 -14.03 0.55595 0.63858 0.51702 0.12581 1 116.536 10.309 -6.291 -0.33857 0.90699 -0.08379 0.23605 2 46.516 -17.832 8.3 0.94294 0.2497 -0.18753 -0.11551 3 
117.595 -35.705 -14.008 0.56816 0.63064 0.51197 0.13182 1 119.335 9.919 -7.083 -0.31249 0.90175 -0.17117 0.24473 2 46.516 -17.833 8.301 0.94294 0.24971 -0.18752 -0.1155 3 
117.422 -36.01 -14.015 0.57499 0.62508 0.51071 0.13358 1 120.958 8.314 -7.562 -0.35801 0.86619 -0.20071 0.28507 2 46.516 -17.833 8.302 0.94295 0.2497 -0.18752 -0.1155 3 
117.498 -36.369 -14.008 0.57973 0.62273 0.50763 0.13579 1 123.435 6.483 -7.967 -0.35667 0.82392 -0.32333 0.29901 2 46.517 -17.832 8.3 0.94294 0.2497 -0.18753 -0.1155 3 
117.839 -36.533 -14.1 0.5749 0.62362 0.51242 0.13421 1 124.346 5.589 -8.35 -0.33428 0.82628 -0.37573 0.25365 2 46.516 -17.833 8.301 0.94294 0.24971 -0.18752 -0.1155 3 
117.961 -36.601 -14.105 0.57829 0.6206 0.51087 0.13947 1 125.145 5.528 -8.46 -0.31419 0.82882 -0.39824 0.23612 2 46.516 -17.833 8.301 0.94294 0.2497 -0.18752 -0.1155 3 
117.926 -36.533 -14.086 0.58451 0.61422 0.50962 0.14616 1 125.762 5.954 -8.519 -0.31022 0.82945 -0.40345 0.23023 2 46.516 -17.832 8.301 0.94294 0.24971 -0.18752 -0.11549 3 
117.545 -36.549 -13.899 0.60188 0.60235 0.49186 0.18162 1 126.053 7.187 -8.411 -0.30753 0.83644 -0.39066 0.23062 2 46.516 -17.833 8.301 0.94295 0.2497 -0.1875 -0.1155 3 
115.467 -37.5 -13.902 0.5877 0.62909 0.41695 0.29155 1 126.128 10.887 -8.322 -0.17472 0.89183 -0.37835 0.17596 2 46.517 -17.833 8.301 0.94294 0.24972 -0.18752 -0.11551 3 
114.521 -36.527 -16.833 0.33961 0.66315 0.54579 0.38341 1 126.074 16.066 -8.901 0.04615 0.89613 -0.4339 0.08092 2 46.516 -17.832 8.301 0.94295 0.24971 -0.18751 -0.1155 3 
112.816 -30.423 -17.303 0.23318 0.62127 0.65896 0.35415 1 125.465 20.346 -9.434 0.15359 0.88514 -0.43385 0.06858 2 46.516 -17.833 8.301 0.94294 0.24971 -0.18751 -0.1155 3 
109.319 -17.924 -15.104 0.34086 0.55804 0.61952 0.43428 1 124.065 25.103 -9.726 0.21155 0.86811 -0.44684 0.04431 2 46.517 -17.833 8.301 0.94295 0.24971 -0.18751 -0.11549 3 
108.269 -3.245 -13.995 0.41903 0.43631 0.57558 0.55023 1 121.228 30.871 -9.742 0.25998 0.84404 -0.46788 0.03307 2 46.515 -17.834 8.301 0.94295 0.2497 -0.1875 -0.11552 3 
107.503 11.93 -13.168 0.41207 0.36291 0.60586 0.5757 1 116.644 38.459 -9.817 0.29856 0.81438 -0.49763 -0.00196 2 46.514 -17.835 8.302 0.94294 0.2497 -0.18751 -0.11552 3 
103.635 25.829 -11.952 0.37731 0.37663 0.69069 0.48861 1 110.786 47.332 -10.093 0.34074 0.75027 -0.56651 0.00729 2 46.517 -17.831 8.301 0.94294 0.24971 -0.18755 -0.11548 3 
95.73 33.383 -11.308 0.32428 0.55502 0.6655 0.37935 1 105.555 53.586 -10.207 0.32172 0.71077 -0.62512 0.02304 2 46.515 -17.833 8.301 0.94295 0.24971 -0.18751 -0.1155 3 
87.706 36.076 -11.519 0.30862 0.72022 0.51675 0.34496 1 100.275 57.059 -10.536 0.27901 0.72298 -0.62652 0.08326 2 46.515 -17.834 8.302 0.94295 0.24969 -0.18751 -0.11549 3 
83.292 38.504 -12.474 0.31519 0.73904 0.42318 0.4188 1 96.893 59.104 -11.439 0.26264 0.72569 -0.62429 0.12104 2 46.514 -17.834 8.302 0.94295 0.2497 -0.18749 -0.11551 3 
81.806 40.322 -13.286 0.31181 0.74725 0.35941 0.46392 1 95.294 60.497 -12.158 0.2735 0.72793 -0.61381 0.13622 2 46.517 -17.832 8.301 0.94294 0.24971 -0.18753 -0.11548 3 
81.378 41.178 -14.187 0.29208 0.74352 0.33079 0.50243 1 94.686 61.491 -12.579 0.27784 0.72861 -0.60878 0.14599 2 46.515 -17.834 8.302 0.94295 0.2497 -0.1875 -0.1155 3 
81.495 41.794 -14.696 0.28963 0.75008 0.30091 0.51279 1 94.375 61.804 -12.659 0.28069 0.73273 -0.59959 0.15751 2 46.516 -17.832 8.3 0.94294 0.24972 -0.18752 -0.1155 3 
81.106 41.869 -14.695 0.27422 0.74874 0.31376 0.5155 1 93.713 62.514 -12.765 0.27629 0.73744 -0.594 0.16436 2 46.515 -17.833 8.302 0.94295 0.2497 -0.18751 -0.11549 3 
