124.949 -28.693 -13.307 0.51557 0.70432 0.48692 0.03206 1 120.579 12.368 -10.43 -0.45248 0.7729 -0.40608 0.18162 2 101.609 22.802 -4.415 0.99364 0.08439 -0.07323 0.014 3 
125.358 -28.188 -13.281 0.51 0.70707 0.48908 0.02726 1 120.429 12.796 -10.386 -0.45436 0.7736 -0.39734 0.19294 2 101.61 22.803 -4.414 0.99364 0.08436 -0.07322 0.01396 3 
125.432 -27.869 -13.296 0.50948 0.7065 0.49037 0.02866 1 120.555 13.119 -10.301 -0.45085 0.77742 -0.39133 0.19803 2 101.611 22.801 -4.414 0.99364 0.08436 -0.07324 0.01397 3 
125.264 -27.782 -13.293 0.51391 0.70303 0.4904 0.03387 1 120.83 13.377 -10.29 -0.44556 0.7799 -0.39427 0.19436 2 101.61 22.8 -4.412 0.99364 0.08433 -0.07325 0.01392 3 
124.935 -27.861 -13.279 0.52041 0.69815 0.48999 0.0409 1 121.136 13.457 -10.202 -0.43865 0.78427 -0.39394 0.19317 2 101.61 22.802 -4.417 0.99364 0.08437 -0.07328 0.01406 3 
124.57 -27.978 -13.26 0.52648 0.69361 0.48937 0.04726 1 121.369 13.529 -10.183 -0.43347 0.78949 -0.38516 0.20115 2 101.613 22.801 -4.411 0.99364 0.08437 -0.07324 0.01391 3 
124.184 -28.264 -13.246 0.5317 0.69065 0.48716 0.05449 1 121.936 15.852 -9.662 -0.37283 0.83907 -0.33486 0.21172 2 101.611 22.798 -4.411 0.99365 0.08433 -0.07322 0.01398 3 
124.069 -28.326 -13.246 0.52878 0.69182 0.48877 0.05368 1 122.16 22.16 -10.075 -0.02139 0.90578 -0.4078 0.11313 2 101.614 22.806 -4.411 0.99364 0.08437 -0.07321 0.01402 3 
123.498 -28.6 -13.237 0.54161 0.68296 0.48592 0.06406 1 118.034 24.296 -11.34 0.21365 0.82198 -0.52443 0.0606 2 101.609 22.813 -4.412 0.99363 0.08451 -0.07322 0.01402 3 
122.831 -28.933 -13.181 0.55752 0.67204 0.4808 0.07976 1 112.535 23.053 -12.206 0.19561 0.85903 -0.47002 0.05375 2 101.609 22.807 -4.424 0.99363 0.0844 -0.07334 0.01394 3 
122.617 -29.105 -13.116 0.56263 0.66963 0.47694 0.08696 1 110.324 22.652 -12.944 0.24165 0.83289 -0.49741 -0.02179 2 101.45 22.799 -4.418 0.99379 0.08445 -0.07104 0.01399 3 
122.854 -29.094 -13.122 0.55475 0.67679 0.4768 0.08286 1 110.301 22.324 -13.22 0.27717 0.81348 -0.49832 -0.11448 2 101.298 22.756 -4.389 0.9934 0.09021 -0.06954 0.01357 3 
123.048 -29.124 -13.082 0.54899 0.68267 0.47572 0.07918 1 110.246 22.447 -13.294 0.29167 0.80699 -0.48378 -0.17221 2 101.19 22.772 -4.401 0.99348 0.09035 -0.06823 0.01347 3 
123.121 -29.176 -13.102 0.54648 0.68406 0.47721 0.07551 1 109.689 22.581 -12.941 0.29451 0.82043 -0.45543 -0.18096 2 100.472 22.779 -4.305 0.99366 0.09541 -0.05764 0.0147 3 
123.299 -29.175 -13.126 0.54046 0.68755 0.47983 0.07029 1 108.166 22.308 -11.725 0.2881 0.8423 -0.41076 -0.197 2 95.475 21.45 -3.443 0.99418 0.10115 0.03621 0.00778 3 
123.542 -29.16 -13.146 0.52972 0.69383 0.48321 0.06702 1 105.797 21.062 -9.345 0.19545 0.88576 -0.36109 -0.21644 2 94.591 15.99 -0.977 0.9833 0.15746 0.01466 -0.09009 3 
123.355 -29.398 -13.171 0.53079 0.69274 0.48412 0.0632 1 102.27 17.993 -6.642 0.08469 0.94001 -0.22451 -0.24248 2 92.339 6.436 0.366 0.94144 0.20202 0.04341 -0.26644 3 
122.952 -29.881 -13.177 0.53473 0.68991 0.48479 0.05532 1 98.598 13.766 -5.31 -0.00049 0.95857 -0.03686 -0.28247 2 89.977 -3.369 -1.439 0.85592 0.17639 0.08339 -0.4789 3 
122.592 -30.309 -13.275 0.53748 0.68832 0.48525 0.04305 1 94.93 10.405 -5.056 -0.05907 0.94535 0.10964 -0.30133 2 87.103 -8.982 -4.458 0.75749 0.15479 0.11961 -0.62285 3 
122.517 -30.674 -13.329 0.53414 0.68988 0.48793 0.02607 1 91.711 8.466 -5.225 -0.08622 0.93946 0.1625 -0.28909 2 84.56 -11.211 -6.021 0.7107 0.16339 0.13871 -0.67005 3 
122.516 -30.945 -13.445 0.52737 0.69465 0.4891 0.01149 1 89.369 7.576 -5.596 -0.10188 0.93241 0.21061 -0.27546 2 82.598 -11.941 -7.654 0.66784 0.16601 0.15801 -0.70814 3 
122.482 -31.08 -13.478 0.51848 0.69864 0.49303 -0.00112 1 87.977 7.153 -5.903 -0.13178 0.90695 0.29482 -0.27048 2 82.246 -11.659 -10.097 0.58301 0.16476 0.17159 -0.77686 3 
122.276 -31.207 -13.536 0.5165 0.69956 0.49377 -0.00564 1 87.142 6.882 -6.113 -0.15413 0.8928 0.33191 -0.26264 2 82.24 -11.45 -11.212 0.54004 0.17246 0.17818 -0.80428 3 
122.051 -31.231 -13.544 0.51507 0.69957 0.49522 -0.00732 1 86.712 6.818 -6.13 -0.14629 0.90522 0.30511 -0.25706 2 81.64 -11.931 -10.649 0.56714 0.17911 0.1786 -0.78382 3 
121.875 -31.21 -13.564 0.51304 0.69969 0.49718 -0.00619 1 86.485 6.876 -6.152 -0.14229 0.90896 0.2959 -0.25686 2 81.361 -12 -10.449 0.57661 0.18023 0.17585 -0.77725 3 
121.741 -31.206 -13.544 0.51268 0.69917 0.49829 -0.00442 1 86.303 7.12 -6.154 -0.14045 0.90575 0.3053 -0.25823 2 81.038 -11.561 -10.637 0.56865 0.17479 0.1779 -0.78386 3 
121.635 -31.163 -13.542 0.51283 0.6988 0.49868 -0.0027 1 86.253 7.557 -6.069 -0.13585 0.90719 0.30401 -0.25716 2 80.781 -11.099 -10.508 0.57192 0.1731 0.18078 -0.78119 3 
121.576 -31.127 -13.528 0.51373 0.69793 0.49897 -0.00042 1 86.384 7.746 -6.054 -0.13439 0.90557 0.30732 -0.25969 2 80.818 -10.844 -10.534 0.56998 0.16963 0.1804 -0.78346 3 
121.521 -31.116 -13.516 0.51524 0.69687 0.49889 0.00161 1 86.512 7.727 -6.064 -0.13952 0.90464 0.30735 -0.2602 2 81.202 -10.961 -10.54 0.56904 0.17368 0.17678 -0.78408 3 
121.556 -31.053 -13.523 0.51539 0.6966 0.49912 0.00169 1 86.478 7.699 -6.109 -0.13756 0.91045 0.29688 -0.25302 2 81.173 -11.1 -10.433 0.57656 0.18023 0.182 -0.77587 3 
121.705 -30.961 -13.554 0.51227 0.69856 0.49959 -0.00079 1 86.285 7.97 -6.063 -0.12715 0.94301 0.22001 -0.21485 2 80.785 -11.559 -9.164 0.62702 0.21814 0.20875 -0.71811 3 
121.836 -30.857 -13.552 0.50685 0.70159 0.50087 -0.00384 1 86.131 8.404 -5.911 -0.11004 0.98 0.03959 -0.16104 2 79.933 -11.419 -5.545 0.73727 0.29232 0.20716 -0.57277 3 
121.784 -30.786 -13.556 0.50517 0.7022 0.50171 -0.00304 1 85.588 8.984 -5.728 -0.07065 0.9723 -0.19583 -0.1063 2 77.535 -7.03 -0.554 0.84878 0.37093 0.15425 -0.34379 3 
121.562 -30.791 -13.543 0.50646 0.70096 0.50215 0.00106 1 84.786 9.161 -5.571 -0.02222 0.92222 -0.38078 -0.06338 2 73.854 -0.988 2.226 0.89251 0.41696 0.12038 -0.12281 3 
121.417 -30.763 -13.534 0.50594 0.69961 0.50454 0.00266 1 83.453 9.147 -4.938 0.02578 0.89809 -0.43616 -0.0504 2 69.517 1.925 2.906 0.89919 0.41088 0.14984 -0.01349 3 
121.427 -30.632 -13.594 0.49997 0.70057 0.50915 -0.00164 1 81.812 9.295 -4.449 0.04408 0.86394 -0.50097 -0.02639 2 66.506 4.345 3.483 0.88732 0.42902 0.15267 0.07278 3 
121.348 -30.508 -13.654 0.49377 0.70116 0.51434 -0.00427 1 79.84 8.511 -4.124 0.03485 0.80882 -0.58702 0.00148 2 64.509 6.435 4.28 0.86136 0.46641 0.1114 0.16767 3 
121.381 -30.467 -13.661 0.48746 0.70141 0.52001 0.00019 1 77.17 6.504 -3.731 0.02513 0.76754 -0.64045 -0.00841 2 62.817 7.011 5.359 0.85156 0.47327 0.05125 0.2196 3 
121.885 -30.406 -13.739 0.47272 0.70433 0.52955 0.00589 1 73.985 3.654 -3.35 0.02497 0.74952 -0.65996 -0.0453 2 62.03 5.926 6.787 0.86984 0.44327 -0.0248 0.2151 3 
122.935 -30.245 -13.85 0.44452 0.71397 0.54085 0.01084 1 70.019 0.576 -3.116 0.02041 0.75316 -0.6504 -0.09655 2 60.938 3.328 8.162 0.8902 0.40866 -0.09325 0.17845 3 
123.949 -30.13 -14.041 0.41522 0.72385 0.55074 0.01803 1 65.582 -2.452 -2.948 0.00198 0.76589 -0.62367 -0.15632 2 60.094 -0.474 9.53 0.90417 0.37756 -0.16395 0.11427 3 
124.853 -30.014 -14.129 0.38886 0.73056 0.56039 0.03207 1 61.161 -5.146 -2.798 -0.01724 0.77386 -0.60125 -0.19837 2 58.652 -4.008 10.428 0.90571 0.35559 -0.22111 0.06598 3 
125.506 -29.821 -14.239 0.36305 0.73374 0.57272 0.04263 1 56.73 -7.093 -2.919 -0.04072 0.7844 -0.58183 -0.21101 2 55.96 -7.147 10.754 0.89913 0.35902 -0.24921 0.02377 3 
125.825 -29.751 -14.374 0.34234 0.73481 0.58316 0.05275 1 53.293 -8.371 -3.404 -0.06399 0.81221 -0.53892 -0.21396 2 53.384 -11.245 10.362 0.89606 0.36873 -0.24175 -0.05169 3 
125.864 -29.827 -14.434 0.32784 0.73436 0.59156 0.05737 1 51.09 -9.147 -4.011 -0.08077 0.84248 -0.49188 -0.20432 2 51.288 -14.973 9.399 0.89234 0.37777 -0.21324 -0.12473 3 
125.726 -30.051 -14.536 0.32099 0.73276 0.59657 0.06433 1 50.006 -9.532 -4.646 -0.08425 0.85394 -0.47611 -0.19235 2 50.022 -16.298 8.46 0.89017 0.38242 -0.19924 -0.14717 3 
125.506 -30.324 -14.573 0.31767 0.73122 0.59977 0.06838 1 49.458 -9.689 -5.055 -0.07938 0.85126 -0.48496 -0.18404 2 48.841 -15.982 8.126 0.89189 0.38897 -0.19004 -0.13084 3 
125.345 -30.545 -14.616 0.3165 0.72989 0.60164 0.07152 1 49.257 -9.777 -5.085 -0.07989 0.85256 -0.48098 -0.18822 2 48.897 -16.064 8.072 0.89188 0.38489 -0.19666 -0.13316 3 
125.103 -30.846 -14.701 0.32163 0.72614 0.60286 0.07643 1 49.189 -9.863 -5.091 -0.07641 0.85521 -0.47702 -0.1877 2 48.58 -16.267 8.096 0.8953 0.379 -0.19163 -0.13448 3 
124.996 -31.001 -14.755 0.32519 0.72382 0.60371 0.07664 1 49.042 -9.888 -5.101 -0.07423 0.85659 -0.47906 -0.17677 2 48.049 -16.388 8.15 0.89793 0.37677 -0.18375 -0.13419 3 
125.171 -31.105 -14.719 0.32597 0.72438 0.60251 0.07746 1 48.7 -9.949 -4.989 -0.07694 0.8606 -0.48047 -0.1503 2 47.226 -16.911 8.239 0.89646 0.38554 -0.16695 -0.1409 3 
125.463 -31.123 -14.745 0.32762 0.72542 0.60064 0.07524 1 48.785 -9.882 -4.971 -0.07431 0.86224 -0.48098 -0.14029 2 47.361 -16.769 8.205 0.89564 0.38677 -0.16966 -0.13948 3 
125.801 -31.177 -14.735 0.33183 0.72636 0.59748 0.0728 1 48.981 -9.669 -4.862 -0.07127 0.87009 -0.47785 -0.09753 2 47.343 -16.79 8.208 0.89571 0.38663 -0.16939 -0.13974 3 
126.035 -31.281 -14.712 0.33971 0.72624 0.5937 0.06848 1 50.211 -8.369 -4.622 -0.06596 0.87997 -0.46527 -0.06944 2 47.341 -16.794 8.215 0.89571 0.38665 -0.16933 -0.13974 3 
126.214 -31.466 -14.708 0.35394 0.7238 0.5886 0.06629 1 52.903 -5.576 -4.132 -0.07933 0.8569 -0.50136 -0.0898 2 47.351 -16.786 8.21 0.89566 0.38677 -0.16933 -0.13973 3 
126.256 -31.706 -14.691 0.37166 0.7205 0.58214 0.06223 1 57.348 -0.832 -2.924 -0.10971 0.8358 -0.51367 -0.15984 2 47.341 -16.794 8.217 0.89572 0.38665 -0.16931 -0.13972 3 
126.438 -31.841 -14.613 0.38866 0.71886 0.57326 0.05962 1 64.02 5.469 -1.866 -0.12815 0.84423 -0.47794 -0.20596 2 47.34 -16.795 8.213 0.89572 0.38667 -0.16928 -0.13973 3 
126.367 -31.992 -14.49 0.408 0.71638 0.56301 0.05793 1 72.334 11.136 -1.423 -0.17597 0.90962 -0.32853 -0.18359 2 47.347 -16.793 8.214 0.8957 0.3867 -0.16931 -0.13972 3 
125.789 -32.286 -14.253 0.43686 0.70964 0.54873 0.06676 1 82.217 15.47 -1.88 -0.23456 0.95953 -0.10527 -0.11491 2 47.343 -16.794 8.214 0.89572 0.38666 -0.16927 -0.13974 3 
124.684 -32.478 -13.998 0.47557 0.69636 0.53133 0.08126 1 92.53 17.646 -3.46 -0.30154 0.95322 0.01344 0.01644 2 47.343 -16.795 8.214 0.89572 0.38667 -0.16928 -0.13973 3 
123.628 -32.155 -13.775 0.50524 0.68436 0.51785 0.09064 1 103.279 18.129 -5.04 -0.35341 0.92282 0.00799 0.15307 2 47.34 -16.798 8.216 0.89574 0.38663 -0.16925 -0.13973 3 
122.976 -31.462 -13.527 0.52427 0.67625 0.50828 0.09733 1 113.533 16.629 -6.197 -0.40282 0.87226 -0.0397 0.27445 2 47.344 -16.793 8.214 0.89571 0.38669 -0.16927 -0.13973 3 
122.464 -30.542 -13.373 0.53849 0.67124 0.49976 0.0985 1 120.658 13.976 -6.88 -0.44963 0.83303 -0.11969 0.29928 2 47.344 -16.794 8.214 0.89571 0.38669 -0.16929 -0.13972 3 
122.001 -29.84 -13.227 0.55063 0.66526 0.49432 0.09944 1 123.152 11.744 -7.81 -0.44395 0.81901 -0.24438 0.26908 2 47.341 -16.796 8.216 0.89572 0.38666 -0.16926 -0.13973 3 
121.635 -29.234 -13.228 0.56199 0.65943 0.48975 0.09726 1 122.887 11.86 -8.858 -0.46159 0.7876 -0.35129 0.20788 2 47.343 -16.794 8.214 0.89572 0.38666 -0.16927 -0.13973 3 
121.506 -28.74 -13.218 0.56466 0.6595 0.4873 0.09358 1 122.132 12.474 -9.096 -0.48861 0.76938 -0.36009 0.19911 2 47.342 -16.796 8.216 0.89572 0.38666 -0.16926 -0.13972 3 
121.712 -28.251 -13.204 0.56162 0.66457 0.48551 0.08488 1 121.458 12.832 -9.226 -0.5009 0.76076 -0.36526 0.19216 2 47.343 -16.795 8.215 0.89572 0.38667 -0.16927 -0.13973 3 
122.105 -27.964 -13.174 0.55212 0.67482 0.4845 0.07101 1 120.808 13.087 -9.268 -0.51008 0.75467 -0.3659 0.19078 2 47.343 -16.794 8.214 0.89571 0.38668 -0.16928 -0.13974 3 
122.291 -27.579 -13.192 0.54497 0.68181 0.48434 0.05963 1 120.385 13.315 -9.343 -0.51573 0.74984 -0.36823 0.19019 2 47.341 -16.796 8.215 0.89572 0.38666 -0.16927 -0.13973 3 
122.398 -27.339 -13.192 0.54291 0.68397 0.48381 0.05808 1 120.166 13.544 -9.398 -0.51862 0.74718 -0.37015 0.18904 2 47.343 -16.794 8.215 0.89572 0.38667 -0.16927 -0.13972 3 
122.35 -27.026 -13.163 0.54356 0.68242 0.48461 0.06319 1 120.274 13.867 -9.378 -0.51273 0.75036 -0.37276 0.18738 2 47.342 -16.795 8.215 0.89572 0.38667 -0.16926 -0.13973 3 
122.114 -26.69 -13.157 0.54766 0.67695 0.48594 0.07528 1 120.867 14.406 -9.303 -0.49647 0.7607 -0.3745 0.18603 2 47.343 -16.795 8.215 0.89572 0.38667 -0.16928 -0.13972 3 
121.666 -26.175 -13.11 0.55749 0.66709 0.48453 0.0971 1 122.164 15.371 -9.24 -0.46431 0.78307 -0.36758 0.19 2 47.343 -16.795 8.214 0.89572 0.38667 -0.16927 -0.13973 3 
121.106 -25.643 -13.015 0.57036 0.65398 0.48035 0.12754 1 123.818 16.746 -9.039 -0.42493 0.8075 -0.35221 0.20816 2 47.342 -16.795 8.214 0.89572 0.38666 -0.16927 -0.13973 3 
120.459 -24.874 -12.941 0.58038 0.64129 0.47516 0.16161 1 124.685 21.128 -9.119 -0.33656 0.86857 -0.31238 0.18637 2 47.343 -16.795 8.214 0.89571 0.38668 -0.16928 -0.13973 3 
119.953 -23.728 -12.882 0.58435 0.62901 0.47337 0.19699 1 121.486 27.522 -9.12 -0.08781 0.94765 -0.28414 0.11627 2 47.342 -16.796 8.214 0.89572 0.38666 -0.16926 -0.13974 3 
119.205 -22.502 -12.664 0.59759 0.61154 0.45826 0.24269 1 114.474 32.168 -8.801 0.18263 0.96097 -0.19848 0.06155 2 47.343 -16.794 8.214 0.89571 0.38667 -0.16929 -0.13973 3 
115.918 -21.282 -11.759 0.64238 0.5931 0.35611 0.3298 1 107.635 37.111 -8.83 0.28508 0.94113 -0.1794 0.02873 2 47.342 -16.796 8.215 0.89572 0.38666 -0.16926 -0.13973 3 
109.55 -16.838 -11.121 0.59588 0.63484 0.23127 0.43408 1 103.044 42.314 -9.303 0.36436 0.91128 -0.18803 0.03806 2 47.342 -16.795 8.214 0.89572 0.38666 -0.16926 -0.13973 3 
102.855 -8.782 -12.281 0.35855 0.6447 0.48477 0.4699 1 101.137 47.2 -9.734 0.39579 0.88177 -0.25401 0.03624 2 47.343 -16.794 8.214 0.89572 0.38667 -0.16927 -0.13972 3 
99.69 3.053 -10.898 0.43806 0.59688 0.50739 0.4409 1 99.819 50.68 -9.955 0.36966 0.87644 -0.30388 0.05357 2 47.342 -16.795 8.215 0.89572 0.38667 -0.16926 -0.13973 3 
96.015 13.614 -9.384 0.4777 0.66027 0.42194 0.39726 1 98.086 52.544 -10.276 0.33626 0.88551 -0.30715 0.09199 2 47.343 -16.795 8.215 0.89572 0.38666 -0.16927 -0.13973 3 
92.062 22.908 -8.36 0.40183 0.60865 0.55202 0.40417 1 96.657 54.013 -10.588 0.33269 0.88255 -0.30929 0.1215 2 47.342 -16.795 8.214 0.89572 0.38666 -0.16927 -0.13973 3 
88.5 29.334 -8.339 0.38493 0.69365 0.45924 0.39972 1 95.635 55.236 -11.13 0.33279 0.87993 -0.30855 0.14061 2 47.343 -16.795 8.215 0.89572 0.38667 -0.16927 -0.13973 3 
84.69 34.141 -10.017 0.33638 0.73482 0.36803 0.45983 1 95.003 56.485 -11.72 0.3309 0.87521 -0.31566 0.15769 2 47.343 -16.795 8.215 0.89572 0.38667 -0.16927 -0.13972 3 
82.126 37.121 -11.52 0.31748 0.71999 0.35351 0.50581 1 94.797 57.582 -11.781 0.33514 0.87141 -0.32115 0.15873 2 47.342 -16.795 8.214 0.89572 0.38667 -0.16927 -0.13973 3 
81.222 38.929 -12.734 0.31816 0.70964 0.32162 0.54013 1 94.66 58.205 -11.947 0.3271 0.87322 -0.32382 0.16012 2 47.343 -16.795 8.214 0.89572 0.38667 -0.16927 -0.13973 3 
80.671 39.796 -13.421 0.3019 0.71302 0.31071 0.55129 1 94.162 58.508 -12.314 0.31596 0.87447 -0.33266 0.15751 2 47.342 -16.794 8.214 0.89571 0.38668 -0.16926 -0.13973 3 
80.337 40.308 -13.896 0.2906 0.71792 0.29581 0.55914 1 93.558 58.685 -12.656 0.30941 0.87812 -0.32655 0.16292 2 47.343 -16.794 8.215 0.89572 0.38668 -0.16927 -0.13973 3 
80.044 40.743 -13.993 0.28356 0.71021 0.28481 0.57799 1 93.172 58.889 -13.175 0.3082 0.88292 -0.31502 0.16193 2 47.343 -16.796 8.215 0.89572 0.38667 -0.16926 -0.13973 3 
80.08 41.079 -14.308 0.28645 0.71868 0.25702 0.57912 1 92.765 59.219 -13.21 0.30374 0.88818 -0.30113 0.16794 2 47.343 -16.795 8.214 0.89571 0.38667 -0.16927 -0.13973 3 
