 0.0936907   0.982287   0.162277 -0.0388393  0.491144 -0.187381  0.850686 -0.147477 0.866025        0     -0.5 0.115874 0 0 0 1         0 -0.524398  0.959398         0 -0.611398    1.3944 -0.437398  0.785398         0 -0.785398  0.785398         0 -0.785398  0.785398 -0.785398  0.785398
0.0268592
0.063728
0.523599
100
33
67
0.112806
0.220066
0.162845 0.130856 0.155399 0.138113 0.154419 0.187612 0.120955 0.075511 0.178717 0.16215 0.144463 0.138945 0.0711168 0.137678 0.139322 0.105923 0.165453 0.182117 0.10113 0.136284 0.0811047 0.0659862 0.00346495 0.0550092 0.100581 0.178325 0.15339 0.174923 0.0616058 0.0487199 0.122815 0.0720988 0.0720306 0.160887 0.0762844 0.112982 0.137649 0.112023 0.183592 0.0658846 0.201436 0.146674 0.0341537 0.0520696 0.0586851 0.154496 0.050875 0.17139 0.0455052 0.164784 0.0690497 0.0516613 0.0528638 0.0653033 0.212599 0.0729445 0.137127 0.0598959 0.0735081 0.0685961 0.064887 0.103508 0.199654 0.0680873 0.201146 0.107813 0.0409557 
0.288494 0.253177 0.326446 0.399551 0.305761 0.538542 0.264733 0.0710843 0.528645 0.274821 0.301292 0.18017 0.0606886 0.29938 0.284025 0.102882 0.543714 0.528265 0.256102 0.315115 0.0725363 0.0727841 0.0211807 0.070231 0.0732007 0.534964 0.294139 0.550228 0.0663936 0.0604391 0.281089 0.0731043 0.0453736 0.206753 0.0752712 0.279398 0.29554 0.17305 0.199365 0.06033 0.540982 0.305594 0.0621192 0.0693607 0.0669343 0.310836 0.0647491 0.210842 0.0700269 0.288768 0.0744946 0.0677734 0.0716763 0.073626 0.538483 0.0717748 0.40078 0.0692679 0.0697375 0.0618475 0.070162 0.262054 0.555261 0.06484 0.55651 0.0515632 0.0661247 
