0.00338956 -0.309017   0.95105 -0.158343 -0.00110133 -0.951057 -0.309015 0.0614693    0.999994           0 -0.00356399   0.0915425 0 0 0 1         0 -0.437398  0.959398         0 -0.437398  0.959398 -0.437398  0.959398         0 -0.785398  0.785398         0 -0.785398  0.785398 -0.785398  0.785398
0.042657
0.0384223
0.003564
100
3
97
0.0645389
0.0949504
0.00794683 0.0697953 0.041803 0.0143716 0.0393207 0.0408498 0.0534566 0.0616819 0.0686302 0.0683447 0.162772 0.0126015 0.0732023 0.0450484 0.0653725 0.0254938 0.114953 0.00719137 0.0604104 0.0954198 0.0360264 0.0269866 0.113141 0.0520293 0.107777 0.115919 0.011239 0.0429168 0.0718345 0.135481 0.0082601 0.0621094 0.0506783 0.0411522 0.0468195 0.0458808 0.0205207 0.111058 0.0390531 0.026954 0.11301 0.114891 0.112369 0.0361855 0.073976 0.0577334 0.0189844 0.109255 0.124611 0.0331726 0.045309 0.0679687 0.00908604 0.0624943 0.0258447 0.0469412 0.141003 0.140815 0.0584765 0.0424724 0.0293271 0.0437386 0.0543061 0.120825 0.0606024 0.0319247 0.111635 0.0193906 0.110704 0.132217 0.0410532 0.0478987 0.0289888 0.0467579 0.0132745 0.0336905 0.126476 0.0368981 0.0331971 0.166395 0.101604 0.0602718 0.025015 0.0495783 0.134643 0.0414049 0.0481045 0.114135 0.0485546 0.138802 0.0455558 0.0703054 0.0593895 0.150383 0.0484198 0.0659543 0.0397498 
0.00316328 0.0630783 0.0543491 0.0348753 0.0355157 0.0646044 0.0556636 0.0627308 0.0626157 0.0535624 0.288974 0.0652498 0.153702 0.0414137 0.0473195 0.0319588 0.216308 0.0430382 0.0365407 0.140065 0.051262 0.0263848 0.112944 0.0371755 0.125621 0.126364 0.0309618 0.057653 0.16364 0.18763 0.0353792 0.0589876 0.0450985 0.0385177 0.0500185 0.0527034 0.0605325 0.160296 0.0299523 0.0314413 0.273632 0.170395 0.117662 0.031626 0.110392 0.101143 0.0292573 0.162143 0.165382 0.0428012 0.0595916 0.0577698 0.0470484 0.062837 0.0557848 0.0514963 0.262115 0.179794 0.105128 0.0487772 0.0306411 0.0473695 0.0568877 0.168547 0.0598303 0.0352542 0.152697 0.0339045 0.176071 0.166158 0.0352273 0.128674 0.133934 0.0533985 0.0615598 0.0496042 0.162755 0.0318577 0.0441033 0.251168 0.165016 0.158447 0.0587845 0.0430868 0.187084 0.032703 0.145778 0.112374 0.153377 0.278498 0.0584471 0.152302 0.0406184 0.306016 0.155585 0.0629998 0.0473618 
