  0.202276  -0.976912 -0.0687502  0.0108896  -0.924947  -0.213641   0.314373 -0.0133116 -0.321803         0 -0.946807  0.251779 0 0 0 1         0 -0.785398  0.785398         0 -0.698398    1.3074 -0.437398    1.3074         0 -0.785398  0.785398         0 -0.785398  0.785398 -0.785398  0.785398
0.00268298
0.00141086
0.327633
100
36
64
0.0548275
0.122785
0.0354833 0.0899845 0.17255 0.00766462 0.00719067 0.0388395 0.0586118 0.058722 0.00332229 0.076527 0.00370458 0.149387 0.0733035 0.0569885 0.0217804 0.045029 0.0124404 0.0025091 0.0952528 0.00964586 0.090081 0.087999 0.134285 0.0200406 0.0559289 0.0193213 0.00309981 0.00779553 0.146107 0.0169522 0.00527571 0.00413462 0.015602 0.027144 0.00148618 0.00260156 0.081298 0.0152342 0.0103304 0.0288831 0.18933 0.0751566 0.063011 0.0657454 0.00410548 0.0755345 0.159427 0.00592323 0.00387395 0.0569596 0.00808228 0.184283 0.0915768 0.0811998 0.114125 0.0107631 0.00828614 0.0425751 0.0712023 0.184704 0.069187 0.007702 0.138509 0.00515789 
0.0625785 0.0848975 0.50203 0.00219638 0.00249343 0.069582 0.0724734 0.077912 0.0501621 0.0875755 0.172218 0.270019 0.0729235 0.227185 0.0565878 0.072051 0.0566033 0.0325058 0.235417 0.0578993 0.219633 0.0738445 0.284184 0.086108 0.0741697 0.220277 0.0316509 0.0529491 0.278548 0.0349499 0.045685 0.0843025 0.0484532 0.058296 0.0506958 0.00159638 0.236797 0.104336 0.0994114 0.0637485 0.47142 0.0740885 0.0689796 0.0847286 0.0641443 0.079588 0.275606 0.0308385 0.0301175 0.0643387 0.168669 0.469841 0.24746 0.0821347 0.197853 0.0029685 0.052754 0.0621946 0.0832708 0.427565 0.0802214 0.00224266 0.268267 0.0540145 
