 -0.209551  -0.976912 -0.0415987  0.0227632 -0.958214  0.213641 -0.190218  0.051357 0.194714        0 -0.98086 0.246738 0 0 0 1         0 -0.350398  0.785398         0 -0.524398  0.959398 -0.524398  0.872398         0 -0.785398  0.785398         0 -0.785398  0.785398 -0.785398  0.785398
0.16224
0.245816
0.195966
100
16
84
0.0977954
0.149864
0.0149789 0.0572073 0.260389 0.142285 0.0795422 0.252651 0.133202 0.064286 0.0128451 0.057629 0.163497 0.187433 0.0155015 0.132178 0.0677927 0.164386 0.0460091 0.0137728 0.1043 0.221007 0.0507432 0.0696099 0.253515 0.131784 0.0816156 0.0610757 0.110879 0.157234 0.0654204 0.0598702 0.0592908 0.0139976 0.0683024 0.0132233 0.150268 0.0127939 0.160856 0.136116 0.138595 0.0807644 0.0746973 0.0519517 0.0627792 0.0125362 0.0132858 0.0134771 0.0131031 0.0701204 0.0652867 0.0759842 0.0138032 0.01175 0.053121 0.0550081 0.0676601 0.0604512 0.151456 0.0636883 0.139911 0.245263 0.157637 0.0139754 0.145912 0.147667 0.1306 0.0518164 0.0561429 0.0670848 0.176116 0.0672147 0.155185 0.0643887 0.144024 0.151101 0.244645 0.0756122 0.145173 0.0136959 0.174794 0.162149 0.0654158 0.221696 0.187087 0.0134965 
0.00367956 0.0419632 0.591553 0.233205 0.0451333 0.529715 0.269079 0.100571 0.00327593 0.046054 0.27139 0.329652 0.00387334 0.223599 0.0468453 0.273339 0.0395786 0.00335111 0.116943 0.661307 0.0436374 0.0493616 0.568462 0.219534 0.0468856 0.049326 0.100801 0.253123 0.0479789 0.04499 0.0415737 0.00362347 0.0438668 0.0034324 0.25042 0.00349272 0.236758 0.249031 0.220855 0.042727 0.0489975 0.0445241 0.0526991 0.00319003 0.0034034 0.00342335 0.0032729 0.0454353 0.0455851 0.0424071 0.00354744 0.00308057 0.0482035 0.0463244 0.0488118 0.0463955 0.239827 0.0477977 0.142859 0.600782 0.265556 0.00355556 0.238832 0.195754 0.121741 0.0513285 0.0477537 0.048109 0.259094 0.049216 0.267253 0.045724 0.238269 0.265038 0.527838 0.0430379 0.259976 0.00346164 0.221614 0.280921 0.0464221 0.633085 0.597063 0.00335736 
