-0.0936957  0.982287 -0.162274 0.0201165   0.49117  0.187381   0.85067 -0.151047   0.86601         0 -0.500027   0.13575 0 0 0 1         0 -0.524398  0.872398         0 -0.698398    1.4814 -0.437398  0.785398         0 -0.785398  0.785398         0 -0.785398  0.785398 -0.785398  0.785398
0.0475623
0.0657521
0.52363
100
35
65
0.104375
0.189574
0.0814293 0.0715317 0.107789 0.143954 0.0495701 0.0694662 0.0671972 0.0576468 0.128356 0.169905 0.136737 0.0420299 0.14459 0.187766 0.159433 0.0255804 0.111533 0.116712 0.15855 0.165627 0.138081 0.108325 0.0349904 0.161736 0.0573389 0.163033 0.17829 0.0521364 0.126397 0.0534522 0.123249 0.137022 0.0558404 0.0373216 0.101713 0.0699618 0.0679783 0.0503479 0.12493 0.0839293 0.0648653 0.129515 0.125549 0.0347786 0.0643614 0.108278 0.147808 0.16308 0.156714 0.143278 0.0375698 0.102304 0.0764656 0.0757564 0.177273 0.160482 0.056255 0.169643 0.163144 0.124993 0.139947 0.0658851 0.0369321 0.0632499 0.0747724 
0.0636742 0.0733702 0.218529 0.277753 0.0632935 0.167526 0.0598514 0.0691133 0.377873 0.293068 0.273353 0.0619226 0.255629 0.540246 0.320844 0.262942 0.18167 0.27645 0.299249 0.296843 0.276217 0.257712 0.0613063 0.457863 0.0659593 0.212041 0.258504 0.0694145 0.246418 0.161404 0.257496 0.270107 0.0714227 0.0608721 0.243161 0.0723348 0.0711983 0.0695008 0.268592 0.0718381 0.0715829 0.282534 0.272699 0.0599373 0.168081 0.253721 0.253782 0.312209 0.261059 0.251779 0.0612127 0.257223 0.0745072 0.166858 0.214671 0.286593 0.0702771 0.250192 0.201866 0.0768553 0.259408 0.051026 0.0631352 0.0717674 0.0727862 
