1.30041e-16 0.309017 0.951057 -0.16425 4.2253e-17  -0.951057   0.309017 -0.0433477            1            0 -1.36734e-16    0.0174053 0 0 0 1         0 -0.437398  0.959398         0 -0.437398  0.959398 -0.437398  0.959398         0 -0.785398  0.785398         0 -0.785398  0.785398 -0.785398  0.785398
0.0335873
0.0365605
2.22045e-16
100
0
100
0.0912402
0.115894
0.273091 0.189784 0.0790295 0.0655281 0.133337 0.0377326 0.0576121 0.0592543 0.145172 0.0321242 0.0732627 0.190091 0.0567106 0.0222482 0.064934 0.128547 0.037799 0.0706372 0.045585 0.0306573 0.180173 0.0407028 0.0796815 0.0826224 0.0703393 0.177465 0.133448 0.0675678 0.172901 0.0736417 0.0554024 0.0718518 0.0865111 0.0535602 0.0268961 0.184968 0.0382963 0.154629 0.0600771 0.206367 0.0465733 0.0390957 0.0501537 0.146688 0.1306 0.0585249 0.0475704 0.0627823 0.165969 0.0487732 0.0647934 0.118055 0.0627333 0.066762 0.15488 0.0360276 0.155943 0.0411036 0.0591037 0.0717807 0.0544455 0.0692577 0.0839343 0.139853 0.20026 0.0514642 0.0726374 0.0637944 0.136176 0.0689549 0.15377 0.0542485 0.03598 0.176689 0.0673198 0.142331 0.184709 0.161994 0.0707878 0.0818989 0.0596871 0.0564471 0.192479 0.0474483 0.0572324 0.0771192 0.151056 0.0295718 0.0488109 0.139029 0.0724547 0.0610096 0.150771 0.0362972 0.0591529 0.0501518 0.0343006 0.0323416 0.181855 0.0781499 
0.50774 0.113696 0.0643507 0.0609186 0.160694 0.0479947 0.0519151 0.0537943 0.181302 0.0473087 0.0611767 0.322259 0.167722 0.0652927 0.0540898 0.165111 0.0488952 0.0594304 0.0470263 0.0346053 0.253331 0.0377948 0.0641933 0.0686156 0.0555181 0.187202 0.147876 0.052692 0.276579 0.0817905 0.0575321 0.0602069 0.0612884 0.0548925 0.214451 0.315445 0.0456448 0.182717 0.0597881 0.312728 0.145488 0.0629613 0.0467726 0.18431 0.135623 0.059538 0.133158 0.0637106 0.190806 0.0464059 0.0581723 0.142683 0.0628523 0.0602994 0.380555 0.0479545 0.188238 0.0397215 0.0563048 0.0623009 0.060718 0.0590924 0.0710584 0.169744 0.318507 0.0571107 0.0603227 0.0521692 0.174427 0.0589788 0.307707 0.0625645 0.0324491 0.303915 0.0603577 0.177179 0.295193 0.303392 0.0601454 0.0920912 0.0617317 0.0505964 0.230147 0.0508309 0.0576316 0.0615409 0.179838 0.0426142 0.0531256 0.168414 0.0546482 0.0597793 0.175463 0.0523952 0.057662 0.0517461 0.0419623 0.04508 0.18633 0.0572688 
