1.34643e-07 0.309017 0.951057 -0.16425 4.37481e-08  -0.951057   0.309017 -0.0433477            1            0 -1.41572e-07    0.0508739 0 0 0 1         0 -0.437398  0.959398         0 -0.437398  0.959398 -0.437398  0.959398         0 -0.785398  0.785398         0 -0.785398  0.785398 -0.785398  0.785398
0.0522999
0.0489047
1.41572e-07
100
1
99
0.0844643
0.11371
0.0752164 0.136844 0.0387622 0.164601 0.0313819 0.0616729 0.0531981 0.071781 0.0378895 0.0780683 0.0351144 0.076045 0.0375933 0.126553 0.0508142 0.0674466 0.0539729 0.0458466 0.0622117 0.0367498 0.0683146 0.0337573 0.0231141 0.0570187 0.0523525 0.175004 0.0702066 0.0819546 0.0617303 0.132023 0.0706999 0.0647842 0.147279 0.0632573 0.0617708 0.0701759 0.057374 0.143998 0.0567423 0.0386074 0.0678971 0.176422 0.23905 0.147834 0.161315 0.0562079 0.0261174 0.0564237 0.0387513 0.187134 0.0733767 0.0535981 0.0420682 0.0551776 0.0269326 0.0313095 0.147868 0.129084 0.0559546 0.0665639 0.0653803 0.0584618 0.0592936 0.158282 0.0428352 0.04729 0.126171 0.0374754 0.0656162 0.0311595 0.199193 0.0316749 0.125183 0.152531 0.0548212 0.163502 0.0573011 0.153336 0.161675 0.0407582 0.0680915 0.0597021 0.0613943 0.0706523 0.0546281 0.27206 0.0595038 0.0520828 0.134486 0.146413 0.0573624 0.04826 0.0573599 0.184211 0.104035 0.148069 0.0267636 0.0784354 0.135501 
0.0589926 0.171946 0.222319 0.186504 0.0529318 0.170324 0.0542349 0.0607433 0.0584518 0.0671589 0.0507298 0.0716941 0.132495 0.180657 0.0356631 0.0608521 0.15197 0.0454469 0.0525034 0.0477603 0.0601519 0.156449 0.0478365 0.0576099 0.173114 0.293019 0.0648666 0.0669569 0.0551251 0.168276 0.0581851 0.0548966 0.288117 0.0539901 0.0670942 0.0605597 0.0486472 0.171392 0.0600447 0.0444118 0.0590564 0.286001 0.52742 0.171374 0.287991 0.0612388 0.0339697 0.0556501 0.0484538 0.298565 0.0572829 0.0608915 0.0485827 0.0506927 0.0442934 0.0412357 0.178874 0.174965 0.0536361 0.059538 0.0697333 0.0514034 0.063276 0.154548 0.0558899 0.060921 0.147919 0.0520699 0.0576321 0.0450158 0.32487 0.0476064 0.172514 0.186785 0.0574863 0.292067 0.056203 0.165798 0.181128 0.0558225 0.0614441 0.0557973 0.0635347 0.0582425 0.0637242 0.53181 0.0511888 0.0551833 0.175557 0.183969 0.0560178 0.05702 0.0563645 0.288834 0.165672 0.19102 0.0472132 0.0592034 0.152959 
