 -0.590782  -0.731187   0.341088 -0.0333586  -0.633227   0.682177   0.365593 -0.0490017      -0.5         0 -0.866026  0.241244 0 0 0 1           0 -0.00239816      1.5684           0   -0.611398      1.1334   -0.611398      1.3944         0 -0.785398  0.785398         0 -0.785398  0.785398 -0.785398  0.785398
0.0061045
0.0537848
0.523598
100
30
70
0.0639466
0.175072
0.0394737 0.0530377 0.0706068 0.0576752 0.0801398 0.111809 0.0188115 0.0207811 0.023295 0.0172377 0.0475565 0.0633284 0.0533932 0.140711 0.107903 0.0224571 0.0751898 0.003651 0.0279793 0.0931598 0.00931356 0.1126 0.0465367 0.00341273 0.0914774 0.125992 0.0997768 0.00656819 0.128227 0.0854041 0.0993594 0.0950586 0.0124743 0.014542 0.10469 0.011485 0.037231 0.101939 0.0274681 0.162625 0.0195933 0.02197 0.0682072 0.00429536 0.0309397 0.0418489 0.130243 0.173551 0.0331299 0.0868778 0.012597 0.0217206 0.0906061 0.00727604 0.138472 0.162211 0.0313628 0.160351 0.0776404 0.182247 0.0928737 0.0415329 0.00855626 0.00889703 0.00149573 0.173719 0.0111734 0.0645564 0.0684228 0.00552004 
0.0534416 0.143412 0.194252 0.176133 0.210751 0.209261 0.0711329 0.0658603 0.0564482 0.156807 0.126486 0.144284 0.138444 0.40653 0.174119 0.0659769 0.168552 0.0488173 0.0493291 0.180699 0.0461799 0.177154 0.142855 0.0843961 0.209431 0.409609 0.142543 0.0783955 0.226627 0.170605 0.15035 0.338068 0.0999432 0.200653 0.367158 0.0481684 0.0548369 0.383882 0.150392 0.551768 0.0918553 0.0651296 0.155534 0.0903389 0.0573818 0.144735 0.201057 0.470783 0.191383 0.160764 0.0503319 0.133878 0.18467 0.0471415 0.393545 0.412625 0.132251 0.427695 0.127796 0.503967 0.197397 0.136317 0.0608951 0.0466764 0.0403739 0.487219 0.0382565 0.234178 0.0553742 0.0417189 
