 0.0936957   0.982287   0.162274 -0.0388389   0.49117 -0.187381   0.85067 -0.147475   0.86601         0 -0.500027   0.13575 0 0 0 1         0 -0.524398  0.959398         0 -0.611398    1.3944 -0.437398  0.785398         0 -0.785398  0.785398         0 -0.785398  0.785398 -0.785398  0.785398
0.0297406
0.0643039
0.52363
100
32
68
0.109344
0.220911
0.124349 0.13938 0.126009 0.0326879 0.132637 0.179823 0.0820564 0.131863 0.167868 0.121422 0.145782 0.0474519 0.102731 0.122513 0.118091 0.0549549 0.0282646 0.1262 0.116489 0.075095 0.0322715 0.171014 0.0630805 0.0437604 0.128825 0.172248 0.0600052 0.154782 0.172046 0.148711 0.0743797 0.171658 0.198052 0.0802094 0.160165 0.0643059 0.0293223 0.15234 0.154646 0.0623159 0.138728 0.0553285 0.119982 0.143427 0.145691 0.125608 0.159443 0.168421 0.0632212 0.119733 0.0974054 0.0563059 0.0601669 0.0451505 0.118809 0.0751468 0.0992685 0.0930517 0.124273 0.149225 0.0845691 0.168213 0.0601988 0.0858231 0.11845 0.0361018 0.19 0.0638497 
0.256512 0.271332 0.296888 0.064394 0.30599 0.211323 0.158691 0.247605 0.495568 0.267164 0.279177 0.0654533 0.22687 0.291446 0.247113 0.0653376 0.0607439 0.256047 0.291175 0.0693794 0.0668216 0.223036 0.0715814 0.0668239 0.311981 0.205144 0.0697484 0.276782 0.535262 0.272513 0.0701324 0.306018 0.554738 0.170772 0.279199 0.0725528 0.0702484 0.377517 0.286198 0.0697397 0.221134 0.0657406 0.267584 0.263654 0.379049 0.308441 0.300449 0.318876 0.068864 0.356877 0.229562 0.0654928 0.0646703 0.0665702 0.276089 0.0715845 0.250368 0.26772 0.283471 0.487916 0.217793 0.474385 0.0679257 0.230188 0.288641 0.0471383 0.227281 0.069433 
