  0.303214  -0.717415   0.627198 -0.0996937 -0.312254 -0.696646 -0.645896  0.115865   0.90031         0 -0.435249  0.174265 0 0 0 1         0 -0.524398  0.959398         0 -0.350398  0.872398 -0.437398  0.872398         0 -0.785398  0.785398         0 -0.785398  0.785398 -0.785398  0.785398
0.00692466
0.0575271
0.450314
100
3
97
0.0503626
0.0730878
0.15097 0.046012 0.0586817 0.051428 0.058346 0.00790064 0.0266234 0.0424947 0.00807016 0.0461241 0.0565571 0.0288327 0.125766 0.0384278 0.123229 0.041766 0.0597679 0.0453244 0.00730559 0.0440642 0.0361344 0.0729635 0.00973188 0.0534332 0.0145272 0.0413282 0.0633253 0.0507123 0.03217 0.0424509 0.0585402 0.0401322 0.0465197 0.0115698 0.0622529 0.0375894 0.0146797 0.118477 0.0529476 0.0443663 0.0364585 0.114069 0.140814 0.0419396 0.0621767 0.138805 0.00632253 0.0530012 0.0354935 0.0395247 0.0369882 0.0348421 0.123894 0.0161849 0.109744 0.0305394 0.0910665 0.0493493 0.0709069 0.0424676 0.0652015 0.0178495 0.0501995 0.0179821 0.00762579 0.0919763 0.136031 0.00795315 0.0471553 0.0643381 0.0622678 0.0492148 0.0492984 0.0445065 0.00579544 0.049091 0.0640038 0.130558 0.0320361 0.00583178 0.0016488 0.0491563 0.00427838 0.0369161 0.0244608 0.0296679 0.132323 0.0567884 0.031353 0.0398008 0.055591 0.033029 0.0503464 0.0282146 0.0105243 0.00549585 0.0505275 
0.181566 0.0550129 0.0713746 0.0592663 0.065922 0.0468011 0.0465689 0.0627438 0.0432031 0.0482568 0.0581562 0.0437734 0.159557 0.0444179 0.197304 0.0517711 0.0643473 0.137858 0.0474236 0.057821 0.0431344 0.151902 0.0486929 0.0611959 0.0498721 0.0570945 0.0700782 0.0490397 0.0591262 0.0611405 0.0544424 0.0558023 0.0606256 0.0556283 0.0596407 0.0578094 0.0393119 0.160733 0.0605417 0.0626717 0.0635369 0.167135 0.173126 0.0595451 0.0682237 0.163536 0.0485312 0.0611898 0.0607084 0.062835 0.047487 0.0506334 0.183053 0.0421127 0.154662 0.0164233 0.122171 0.0647224 0.137339 0.062073 0.0656358 0.0541062 0.0577753 0.0506426 0.0534955 0.171298 0.173736 0.0576859 0.0536232 0.0652286 0.0655482 0.0605438 0.0623392 0.0614345 0.0352349 0.0610269 0.0705389 0.172607 0.0631704 0.0025519 0.0336247 0.0589765 0.0274084 0.05777 0.0472905 0.0521401 0.172697 0.0581396 0.0580079 0.0583736 0.0482347 0.0579889 0.0599004 0.0569222 0.0495397 0.00222169 0.0613835 
