    0.682177    -0.731187  3.42099e-07 -0.000457363    -0.731187    -0.682177 -3.66677e-07    0.0151838 5.01482e-07    0   -1 0.25 0 0 0 1         0 -0.350398  0.785398         0 -0.611398    1.1334 -0.611398    1.0464         0 -0.785398  0.785398         0 -0.785398  0.785398 -0.785398  0.785398
0.13335
0.267466
5.01353e-07
100
31
69
0.14057
0.256774
0.122008 0.151509 0.299226 0.105334 0.131115 0.140617 0.0772164 0.176403 0.0907444 0.143066 0.0172359 0.196186 0.164611 0.235804 0.119227 0.118829 0.100544 0.193805 0.0768114 0.0996949 0.184159 0.229324 0.128623 0.0842922 0.204292 0.0981491 0.162834 0.105029 0.196258 0.193263 0.0840462 0.140038 0.0188763 0.0956744 0.186556 0.133993 0.175371 0.165593 0.0863118 0.0971551 0.138266 0.169051 0.239125 0.12746 0.22706 0.238165 0.181015 0.0915029 0.103992 0.160945 0.211971 0.221609 0.095078 0.130537 0.0899033 0.155476 0.0826209 0.163349 0.0972296 0.245499 0.15194 0.0829889 0.085019 0.224637 0.0544645 0.124351 0.0951233 0.08621 0.094927 
0.0940635 0.279091 0.920176 0.102905 0.226818 0.224109 0.0484353 0.276535 0.0539023 0.229233 0.208571 0.611087 0.243351 0.596139 0.228423 0.230165 0.0536269 0.321033 0.0438423 0.243901 0.560292 0.62719 0.225358 0.0504565 0.324094 0.0526743 0.218389 0.0963408 0.56388 0.545483 0.0494792 0.251666 0.0445818 0.0486933 0.277474 0.219305 0.252557 0.264445 0.0495071 0.0537536 0.235463 0.272522 0.49137 0.113691 0.575169 0.598238 0.556986 0.0537905 0.196569 0.237933 0.613789 0.611578 0.0517981 0.244237 0.0460942 0.214471 0.046368 0.242442 0.0537357 0.59741 0.24784 0.0492691 0.0488023 0.424407 0.450709 0.235358 0.0947246 0.0478833 0.0537379 
