         0         -1          0 0.00827044  -0.866028          0   0.499995 -0.0499791 -0.499995         0 -0.866028  0.241244 0 0 0 1         0 -0.785398  0.785398         0 -0.698398    1.3074 -0.524398    1.4814         0 -0.785398  0.785398         0 -0.785398  0.785398 -0.785398  0.785398
0.0196102
0.0553762
0.523593
100
45
55
0.047593
0.147068
0.101704 0.0560708 0.0253028 0.0281503 0.0243427 0.101428 0.0696986 0.0447904 0.0584757 0.10732 0.049786 0.0281208 0.00253582 0.0179598 0.0760243 0.0295043 0.00550329 0.0227312 0.0625433 0.0394533 0.045068 0.0634356 0.0386833 0.041886 0.124268 0.0534987 0.0863875 0.00951807 0.00939084 0.00751868 0.00411669 0.0410317 0.0547298 0.0508599 0.119755 0.0477819 0.0307569 0.0121234 0.0316609 0.0312827 0.0359316 0.0301225 0.00609875 0.0511636 0.161617 0.026086 0.00510405 0.0342141 0.0308079 0.115366 0.116669 0.0955387 0.0093031 0.0236905 0.0207026 
0.199489 0.163323 0.108553 0.110663 0.0698645 0.331355 0.215826 0.173434 0.207842 0.213492 0.154336 0.157018 0.00164603 0.0868978 0.193794 0.147087 0.0579807 0.0433826 0.177164 0.183578 0.156349 0.211278 0.135731 0.164572 0.419977 0.0541851 0.166402 0.0506643 0.0616825 0.0935723 0.094735 0.157769 0.21235 0.0687574 0.397902 0.0547249 0.0503041 0.0407368 0.0439442 0.144111 0.115483 0.165012 0.085547 0.0580046 0.530205 0.105183 0.0020097 0.0528996 0.0629316 0.364637 0.219973 0.25014 0.0545468 0.149426 0.0962447 
