 -0.590782   0.731187   0.341088 -0.0438841  0.633227  0.682177 -0.365593 0.0323434      -0.5         0 -0.866026  0.232584 0 0 0 1           0 -0.00239816      1.6554           0   -0.785398      1.4814   -0.785398      1.6554         0 -0.785398  0.785398         0 -0.785398  0.785398 -0.785398  0.785398
0.0288892
0.200096
0.523598
100
73
27
0.0729914
0.23944
0.00485767 0.0336019 0.0110547 0.00392487 0.135695 0.138812 0.140287 0.10279 0.093678 0.0899462 0.190737 0.03938 0.081998 0.0770869 0.127059 0.0968867 0.155878 0.00530932 0.170218 0.0673808 0.0316114 0.044484 0.0525667 0.0305883 0.015972 0.0116079 0.0173553 
0.0724428 0.16386 0.0955585 0.0926943 0.359943 0.394345 0.407288 0.374373 0.309426 0.224509 0.590252 0.160298 0.223414 0.273037 0.276487 0.225367 0.389814 0.0827878 0.459868 0.19514 0.166085 0.211388 0.235088 0.194905 0.0927182 0.102025 0.0917695 
