          0           1           0 -0.00827044           1           0 6.04362e-06  -0.0200209 6.04362e-06    0   -1 0.25 0 0 0 1         0 -0.263398  0.872398         0 -0.698398    1.3074 -0.611398    1.1334         0 -0.785398  0.785398         0 -0.785398  0.785398 -0.785398  0.785398
0.0543327
0.0453481
6.04359e-06
100
32
68
0.114943
0.183424
0.229227 0.0198978 0.100998 0.103274 0.241468 0.138919 0.126792 0.0624722 0.194046 0.114042 0.119695 0.1111 0.136675 0.130522 0.151156 0.174681 0.0804992 0.0385672 0.103786 0.0204243 0.129631 0.013173 0.0854808 0.103976 0.141395 0.0981078 0.240518 0.0976856 0.115261 0.0606611 0.223151 0.0813529 0.148275 0.0944628 0.0885246 0.00124961 0.187564 0.0874824 0.23171 0.102934 0.0841399 0.109386 0.12785 0.198071 0.0882712 0.127713 0.0139683 0.181921 0.221995 0.152188 0.102788 0.0762962 0.0808175 0.0817226 0.105305 0.143156 0.0805196 0.107125 0.0829471 0.0883047 0.0823939 0.11242 0.114301 0.0128263 0.151095 0.115361 0.115949 0.126482 
0.598831 0.181647 0.0948067 0.0899353 0.599855 0.221731 0.223768 0.045708 0.298644 0.19373 0.213809 0.104695 0.252289 0.225401 0.247483 0.313092 0.0479782 0.0411598 0.0942201 0.188056 0.223557 0.00327466 0.0492698 0.112169 0.220965 0.108041 0.590582 0.0951492 0.212914 0.0400019 0.618975 0.047004 0.248202 0.0436394 0.0885127 0.0751502 0.296475 0.0532413 0.600086 0.101869 0.0474309 0.217298 0.113522 0.314778 0.0966662 0.222383 0.00362568 0.543478 0.586985 0.25811 0.103595 0.0465193 0.049137 0.0485773 0.0485261 0.249606 0.0542864 0.0933747 0.0496314 0.200298 0.03616 0.095708 0.198906 0.00332204 0.253289 0.111802 0.098904 0.220988 
