 0.475503 -0.309017  0.823654  -0.20769   -0.1545 -0.951057 -0.267621  0.077503  0.866041         0 -0.499973 0.0342478 0 0 0 1         0 -0.350398  0.785398         0 -0.524398  0.872398 -0.437398  0.785398         0 -0.785398  0.785398         0 -0.785398  0.785398 -0.785398  0.785398
0.0353499
0.052877
0.523568
100
41
59
0.0126524
0.0225636
0.0679708 0.0244077 0.00526267 0.00269105 0.0108815 0.0619472 0.00803919 0.00754753 0.00365136 0.00566611 0.0213331 0.00975421 0.00823241 0.0122825 0.0280649 0.012703 0.00565696 0.00997218 0.00845801 0.00696981 0.0051026 0.0423387 0.00571705 0.00784285 0.00735857 0.00522728 0.00574266 0.0121375 0.00823952 0.00886344 0.00643353 0.00936488 0.00616119 0.0106864 0.00940013 0.0223566 0.00605115 0.00434351 0.00208023 0.0169417 0.0065749 0.00943905 0.00881 0.00691034 0.00594714 0.00868932 0.025074 0.00677901 0.00654213 0.0453516 0.00860748 0.00611204 0.00863549 0.00922882 0.00850554 0.0072958 0.0261252 0.0087606 0.00922107 
0.0640077 0.0500543 0.00204323 0.00160436 0.0476671 0.0596166 0.00275438 0.00254708 0.00155939 0.0377345 0.0510589 0.0499023 0.00261981 0.053169 0.0461817 0.0547586 0.00193828 0.00299074 0.00278232 0.0452629 0.00200825 0.0530983 0.00207498 0.002688 0.042657 0.00193198 0.00201288 0.00380471 0.0490468 0.00281883 0.00211335 0.00316782 0.00190928 0.0504622 0.0487505 0.0498009 0.00212574 0.00196058 0.00150425 0.0553728 0.00193654 0.0486183 0.00285663 0.00243785 0.00210726 0.00273754 0.0522186 0.00241637 0.00217378 0.0564842 0.00287367 0.00211744 0.00293056 0.0481369 0.00291575 0.00256323 0.0493943 0.0411243 0.0456473 
