 -0.209552   0.976912 -0.0415987 0.00414323  0.958214  0.213641  0.190218 -0.055429 0.194714        0 -0.98086 0.246738 0 0 0 1         0 -0.437398  0.959398         0 -0.611398    1.0464 -0.524398  0.959398         0 -0.785398  0.785398         0 -0.785398  0.785398 -0.785398  0.785398
0.0593643
0.0492951
0.195966
100
13
87
0.119784
0.197979
0.153729 0.0640405 0.255841 0.127379 0.105863 0.26451 0.126509 0.0680052 0.186455 0.179388 0.139504 0.166635 0.070959 0.177282 0.0134719 0.156962 0.146889 0.0684915 0.117783 0.197663 0.107106 0.115406 0.250871 0.075086 0.0132629 0.161762 0.150058 0.0702415 0.129571 0.149608 0.0605316 0.0985939 0.0649432 0.0715473 0.175701 0.123589 0.167818 0.161467 0.117649 0.256049 0.132035 0.0649511 0.190124 0.00993043 0.0635556 0.0596913 0.0571768 0.242881 0.0568033 0.0713722 0.0651636 0.130425 0.0168298 0.133616 0.0760643 0.119404 0.11226 0.0129556 0.0720222 0.121871 0.174104 0.154399 0.250206 0.123183 0.13999 0.0557122 0.0645067 0.130303 0.0650223 0.0684368 0.153156 0.263533 0.0133887 0.131439 0.0647368 0.0581374 0.213933 0.124438 0.123475 0.0630054 0.0487368 0.0751427 0.258082 0.136266 0.148803 0.0124982 0.189216 
0.239863 0.0487836 0.584793 0.236876 0.207046 0.599474 0.197895 0.0519393 0.235037 0.566307 0.234731 0.234782 0.048637 0.266007 0.00349208 0.233029 0.252749 0.0489423 0.210297 0.269857 0.189313 0.210967 0.569945 0.0423836 0.00349764 0.276209 0.22942 0.0440252 0.24694 0.173224 0.0528606 0.0865768 0.0536451 0.0531385 0.270961 0.192432 0.210973 0.207315 0.238838 0.578882 0.202053 0.0468787 0.531991 0.0027444 0.0470223 0.0460966 0.0462507 0.570276 0.0428683 0.0437314 0.0525336 0.118636 0.00417239 0.218486 0.0382289 0.197492 0.190866 0.00322109 0.0425707 0.208223 0.251032 0.218291 0.586088 0.206753 0.223001 0.0476469 0.0485315 0.133824 0.220779 0.044551 0.269567 0.600937 0.0036514 0.229838 0.0446497 0.051108 0.534667 0.19758 0.224816 0.0488431 0.0470383 0.0438367 0.56893 0.243576 0.239652 0.00330136 0.53523 
