         0          1          0 -0.0107896  0.866028         0 -0.499995 0.0499791 -0.499995         0 -0.866028  0.241244 0 0 0 1         0 -0.785398  0.785398         0 -0.698398    1.3944 -0.611398    1.5684         0 -0.785398  0.785398         0 -0.785398  0.785398 -0.785398  0.785398
0.00184844
0.00149416
0.523593
100
45
55
0.0498022
0.163567
0.0670597 0.0910556 0.0355067 0.03541 0.0351021 0.0502737 0.00443932 0.109429 0.052768 0.00213651 0.0130681 0.0283166 0.00582021 0.0566758 0.0728577 0.116505 0.104566 0.106238 0.040013 0.0050308 0.00211486 0.0417479 0.131888 0.00391575 0.102982 0.024453 0.0326747 0.0299742 0.00939595 0.117735 0.157816 0.00845272 0.016178 0.131228 0.119182 0.0290484 0.0301447 0.0124621 0.0186117 0.0864619 0.0834048 0.00317049 0.00561132 0.0512795 0.00460003 0.00370641 0.0472749 0.0159418 0.0474092 0.0431263 0.0368085 0.0211823 0.165633 0.0291845 0.0420502 
0.33558 0.242154 0.172571 0.134155 0.161035 0.169354 0.0786875 0.342561 0.169843 0.00474194 0.0752459 0.126163 0.0822972 0.207095 0.112813 0.327159 0.224556 0.148319 0.194169 0.103249 0.0403698 0.136974 0.434984 0.0906145 0.32137 0.0568785 0.137929 0.150247 0.0960903 0.259145 0.400099 0.0569569 0.0691387 0.378242 0.199169 0.148543 0.0504764 0.0545416 0.0496917 0.162719 0.223325 0.0753391 0.0997614 0.143826 0.0865969 0.0522822 0.17324 0.12439 0.176783 0.155063 0.148269 0.095099 0.463322 0.0733591 0.199579 
