 0.475528 -0.309017  0.823639 -0.141796 -0.154508 -0.951057 -0.267617 0.0560927  0.866025         0      -0.5 0.0824053 0 0 0 1         0 -0.524398  0.872398         0 -0.698398    1.4814 -0.437398  0.785398         0 -0.785398  0.785398         0 -0.785398  0.785398 -0.785398  0.785398
0.0423482
0.0649827
0.523599
100
33
67
0.135465
0.259841
0.149027 0.213554 0.172099 0.161006 0.0699339 0.138927 0.164155 0.191172 0.156538 0.19777 0.154052 0.153718 0.211624 0.0624729 0.0606567 0.0428755 0.139185 0.150548 0.158681 0.222546 0.18031 0.155903 0.145031 0.11578 0.125317 0.0375137 0.149856 0.141018 0.163167 0.10509 0.0604507 0.124286 0.194964 0.130951 0.073996 0.157351 0.110058 0.155407 0.050058 0.1932 0.171344 0.210603 0.176863 0.0600311 0.0699803 0.0594365 0.0683437 0.0578349 0.187135 0.108529 0.0455725 0.192669 0.161618 0.162191 0.225923 0.0647129 0.165534 0.0621053 0.152138 0.172038 0.113507 0.158279 0.16379 0.154505 0.138809 0.11623 0.116201 
0.287784 0.519733 0.214277 0.301198 0.0723912 0.281169 0.305309 0.515707 0.30596 0.538065 0.300835 0.29364 0.51806 0.0558898 0.0710386 0.0617208 0.28838 0.282536 0.312453 0.50781 0.217145 0.300102 0.298151 0.274865 0.286986 0.0590471 0.321708 0.291631 0.314645 0.0791059 0.0626781 0.276718 0.544889 0.0787278 0.0715387 0.287039 0.0741683 0.302491 0.0673886 0.525786 0.207308 0.531364 0.499833 0.0704252 0.068873 0.0666427 0.0718397 0.068764 0.199633 0.0713367 0.0671916 0.547721 0.305368 0.278924 0.518582 0.0716718 0.318566 0.0724245 0.223283 0.27983 0.28083 0.278869 0.300312 0.293418 0.288111 0.265603 0.393877 
