   0.57619  -0.717415   0.391562 -0.0690611 -0.593368 -0.696646 -0.403235 0.0843195  0.562067         0 -0.827092  0.225205 0 0 0 1         0 -0.524398  0.872398         0 -0.524398    1.0464 -0.524398  0.872398         0 -0.785398  0.785398         0 -0.785398  0.785398 -0.785398  0.785398
0.0551665
0.0483289
0.596883
100
3
97
0.080961
0.0880166
0.127634 0.0613656 0.129099 0.0583405 0.0602914 0.193308 0.0482355 0.0549368 0.0165258 0.0672472 0.0471992 0.0583567 0.0554578 0.076864 0.146243 0.166777 0.084097 0.0657202 0.059369 0.12 0.0542244 0.0513338 0.044115 0.0804359 0.0433328 0.060195 0.056481 0.0648951 0.196558 0.152157 0.13337 0.0743046 0.062129 0.0613077 0.141924 0.0648798 0.0681817 0.0658197 0.137362 0.032499 0.0688919 0.0304328 0.155422 0.0611936 0.0524726 0.0599333 0.122848 0.0416405 0.0658007 0.0565587 0.0488899 0.13532 0.0612325 0.0581518 0.0365263 0.0356381 0.0647891 0.125342 0.0700066 0.0137875 0.0740643 0.061721 0.0502797 0.0555697 0.0653417 0.0651744 0.0509396 0.188083 0.0731648 0.0591976 0.0311723 0.0733454 0.0878793 0.0689342 0.167244 0.0508195 0.152889 0.19632 0.077653 0.0639805 0.0683994 0.128753 0.121376 0.0525439 0.134486 0.173714 0.0443978 0.0626556 0.0433018 0.0443483 0.0665807 0.0638692 0.129791 0.0431375 0.0645663 0.0456278 0.144449 
0.217296 0.0482981 0.150317 0.0491808 0.047886 0.22892 0.0479522 0.0514447 0.0494397 0.0468042 0.0495538 0.0501709 0.0492117 0.0501741 0.185195 0.227788 0.060646 0.0495181 0.0505127 0.152401 0.0476103 0.0470245 0.0503717 0.0478451 0.0528576 0.051501 0.0484192 0.050125 0.218703 0.199595 0.172542 0.0566316 0.0472688 0.0478154 0.173235 0.0506355 0.0496703 0.0499508 0.228006 0.055137 0.0492434 0.0475513 0.190427 0.0501072 0.0490821 0.0483804 0.187203 0.047782 0.0498305 0.050401 0.0468613 0.22056 0.0487319 0.0487094 0.0460636 0.0458099 0.0499989 0.170301 0.0483985 0.0473982 0.0497556 0.052475 0.0488098 0.0493965 0.0501063 0.0522892 0.0493853 0.226179 0.0476397 0.0501069 0.0578897 0.0512719 0.0601819 0.0434181 0.232301 0.0651301 0.177562 0.238381 0.0513026 0.0520485 0.0526841 0.158941 0.215367 0.0448402 0.192932 0.221601 0.0532147 0.0492227 0.0480779 0.05636 0.0494099 0.0490218 0.150049 0.0461033 0.0481767 0.0454101 0.200076 
