-3.37945e-11 0.309017 0.951057 -0.16425 -1.09805e-11  -0.951057   0.309017 -0.0433476           1           0 3.55336e-11  -0.0297079 0 0 0 1         0 -0.437398  0.959398         0 -0.437398  0.959398 -0.437398  0.959398         0 -0.785398  0.785398         0 -0.785398  0.785398 -0.785398  0.785398
0.0562166
0.053504
3.55336e-11
100
1
99
0.090933
0.11184
0.155219 0.0538022 0.0513725 0.0416745 0.0673768 0.190381 0.0482805 0.0496657 0.0704018 0.0657795 0.0787254 0.0444764 0.165107 0.0469926 0.0589806 0.0536586 0.0536837 0.0681888 0.0533331 0.0612546 0.045939 0.167619 0.0547454 0.176089 0.0891271 0.196096 0.0733575 0.148544 0.0553289 0.0274012 0.0381107 0.198792 0.0255845 0.184711 0.0562588 0.0646728 0.053959 0.193842 0.0685372 0.141313 0.148277 0.153123 0.0584711 0.0396406 0.0578823 0.0424863 0.0385403 0.185917 0.151991 0.161668 0.064998 0.0504253 0.0489293 0.0685824 0.0778386 0.0747096 0.0705451 0.149147 0.194341 0.0641471 0.0622135 0.0807497 0.0340966 0.179197 0.0598352 0.156598 0.157443 0.0600109 0.132695 0.0678133 0.0804915 0.0596368 0.169593 0.133851 0.189702 0.194195 0.0558612 0.0694542 0.0731853 0.0472972 0.0786741 0.0806731 0.0724221 0.034484 0.133774 0.137762 0.0332577 0.0350929 0.0710736 0.0584615 0.07718 0.0553723 0.0548779 0.0503682 0.0393871 0.0876745 0.182983 0.142205 0.072678 
0.170874 0.0541663 0.0515821 0.0512005 0.0543949 0.30254 0.0532321 0.0522381 0.0625712 0.0597155 0.0627574 0.0454643 0.182887 0.0584279 0.0667484 0.0475535 0.0533263 0.0589948 0.0572241 0.0600072 0.0510155 0.189392 0.0570441 0.174215 0.0612659 0.307841 0.0612742 0.188633 0.0549748 0.0439713 0.0526377 0.30141 0.0438278 0.323884 0.0556089 0.0610344 0.0593264 0.319191 0.0619798 0.262285 0.154373 0.192848 0.0509799 0.0509261 0.0579294 0.0480146 0.0492473 0.315343 0.30603 0.17386 0.0571959 0.0547238 0.0548209 0.0605737 0.0610302 0.0630178 0.0541104 0.176014 0.298895 0.0628207 0.0636117 0.150006 0.0460467 0.26246 0.0206271 0.164616 0.183525 0.0576599 0.163551 0.0556378 0.0617872 0.0613885 0.292824 0.175343 0.305435 0.331976 0.0525256 0.0651627 0.0597452 0.0513692 0.0506215 0.0573498 0.0599563 0.0496988 0.166258 0.157648 0.0546203 0.0566819 0.059307 0.0505717 0.061413 0.0548659 0.0361834 0.0604899 0.155303 0.0712102 0.306466 0.177992 0.0807635 
