 0.0936906   0.982287   0.162277 -0.0388393  0.491144 -0.187381  0.850686 -0.147477  0.866025         0      -0.5 0.0947079 0 0 0 1         0 -0.524398  0.959398         0 -0.611398    1.3944 -0.437398  0.785398         0 -0.785398  0.785398         0 -0.785398  0.785398 -0.785398  0.785398
0.0314971
0.0629041
0.523599
100
32
68
0.108954
0.201951
0.17854 0.178393 0.0503924 0.16353 0.0534261 0.126149 0.0599802 0.0490705 0.035982 0.0707169 0.167635 0.0778544 0.173706 0.134226 0.163919 0.0679062 0.188876 0.112816 0.152827 0.130314 0.158947 0.163753 0.139741 0.17107 0.0645137 0.156968 0.0356239 0.0668236 0.0477087 0.0615658 0.0801532 0.193654 0.0597573 0.154802 0.145586 0.094714 0.145813 0.132675 0.0288613 0.149207 0.125304 0.117377 0.0475711 0.0649687 0.136554 0.136838 0.144517 0.0579165 0.174081 0.0643449 0.0492878 0.0997974 0.0539814 0.0453369 0.158336 0.154696 0.0655877 0.0752494 0.0230868 0.178775 0.075602 0.140329 0.0601691 0.0318908 0.146423 0.177217 0.0558674 0.159596 
0.519215 0.200312 0.0673744 0.291596 0.0692428 0.196266 0.0660797 0.0621645 0.0658151 0.0720818 0.286371 0.0687076 0.2978 0.282593 0.302848 0.0710499 0.529905 0.062217 0.283064 0.279457 0.3131 0.275222 0.298989 0.296269 0.0725311 0.302816 0.0665225 0.0718084 0.0684431 0.0660114 0.0707797 0.497733 0.0677196 0.286252 0.307429 0.0772342 0.284267 0.264596 0.227054 0.29906 0.26168 0.315839 0.0700866 0.0698793 0.37957 0.516802 0.290109 0.0715133 0.536949 0.0683361 0.065087 0.262956 0.0687808 0.0663179 0.293065 0.312868 0.0703076 0.0710261 0.0632569 0.214744 0.0710422 0.278483 0.0670548 0.0679584 0.287678 0.21595 0.069699 0.317641 
