  0.342292  -0.728969   0.592824 -0.0972324 -0.364504 -0.684547 -0.631294  0.117464   0.86601         0 -0.500027   0.13575 0 0 0 1         0 -0.524398  0.872398         0 -0.611398    1.3944 -0.437398  0.785398         0 -0.785398  0.785398         0 -0.785398  0.785398 -0.785398  0.785398
0.0669748
0.0664889
0.52363
100
25
75
0.10846
0.196987
0.0766152 0.0679063 0.153219 0.166539 0.0716859 0.0732454 0.165358 0.147394 0.0652385 0.0796879 0.116665 0.110482 0.0574406 0.161994 0.15942 0.139827 0.0328763 0.173714 0.0658795 0.116024 0.176662 0.050407 0.187955 0.145025 0.0627509 0.0480467 0.1653 0.151374 0.0650003 0.0730904 0.0846264 0.0702583 0.145469 0.0643614 0.147464 0.0793344 0.160373 0.0402488 0.151943 0.19728 0.0732299 0.0702026 0.173425 0.144686 0.131503 0.0776858 0.0687668 0.17697 0.0733864 0.0609988 0.0667777 0.0796287 0.205155 0.0597474 0.044359 0.147439 0.0103498 0.171452 0.176311 0.126739 0.140043 0.0140269 0.125693 0.085484 0.155414 0.125563 0.0334455 0.134438 0.0739987 0.0629498 0.0863057 0.0980878 0.0821646 0.153463 0.156423 
0.0713284 0.21847 0.261457 0.275014 0.0736932 0.0632164 0.405957 0.294936 0.0672717 0.0741513 0.259314 0.2306 0.0685991 0.315502 0.274957 0.291087 0.0623197 0.258538 0.0676151 0.253935 0.21578 0.0775931 0.219962 0.293692 0.0694085 0.0739003 0.280808 0.410102 0.393006 0.0726805 0.171178 0.0726781 0.305107 0.0695608 0.310731 0.0682121 0.280512 0.0607386 0.268701 0.488893 0.0660985 0.0713491 0.495371 0.214241 0.300207 0.066959 0.163978 0.271362 0.0697602 0.0661338 0.0697608 0.0677833 0.210472 0.0666715 0.0611655 0.310997 0.0676373 0.290114 0.562487 0.296115 0.254398 0.163141 0.224716 0.0702975 0.316731 0.282799 0.0601101 0.255893 0.160963 0.147379 0.0714344 0.244897 0.0688587 0.281302 0.291255 
