-0.0942719  0.982287  -0.16194 0.0200695   0.49419  0.187381  0.848919 -0.150803  0.864227         0 -0.503102  0.156482 0 0 0 1         0 -0.524398  0.872398         0 -0.524398    1.2204 -0.437398  0.785398         0 -0.785398  0.785398         0 -0.785398  0.785398 -0.785398  0.785398
0.0362329
0.0604104
0.527184
100
11
89
0.0901095
0.159505
0.0110078 0.0732183 0.0358147 0.162721 0.127232 0.0508849 0.159399 0.0493396 0.0787512 0.125632 0.133353 0.032819 0.160491 0.0479105 0.0800751 0.0471299 0.134492 0.0428656 0.152173 0.0302895 0.193149 0.0689452 0.103436 0.0423591 0.0430994 0.036143 0.0860792 0.0518937 0.149695 0.157361 0.163663 0.137748 0.0310933 0.158028 0.135913 0.0613936 0.0432592 0.0644975 0.0571646 0.0502316 0.0346012 0.125598 0.123509 0.0613083 0.0682495 0.0548192 0.0502787 0.110109 0.136693 0.0550099 0.0705044 0.0846428 0.0406442 0.0666317 0.053414 0.177351 0.15114 0.100897 0.122673 0.0682434 0.176103 0.148323 0.0456973 0.101877 0.115965 0.169192 0.0423984 0.121154 0.00575318 0.0483779 0.0367484 0.053034 0.0446566 0.039295 0.128557 0.0815287 0.0993104 0.113383 0.168543 0.139221 0.0429705 0.136382 0.0526949 0.0672131 0.143782 0.0511251 0.141235 0.129241 0.0489144 
0.060616 0.0708773 0.0605157 0.200631 0.221703 0.0690615 0.244768 0.0718752 0.06821 0.240676 0.220407 0.0637843 0.227612 0.0674635 0.223945 0.0670442 0.254932 0.0681283 0.425822 0.0616209 0.210545 0.0747892 0.255903 0.0671536 0.0624681 0.062664 0.0765156 0.0660182 0.368256 0.458573 0.439474 0.206632 0.0647486 0.261413 0.256126 0.0705508 0.0635805 0.0700343 0.0656481 0.0645462 0.0629594 0.185313 0.189714 0.0677221 0.200744 0.0711821 0.0714175 0.2347 0.216162 0.0729528 0.0700231 0.193929 0.0657061 0.0445229 0.0709322 0.44727 0.245057 0.206012 0.243989 0.0717646 0.458288 0.235394 0.0629138 0.232752 0.261938 0.422767 0.0663046 0.233465 0.0627787 0.0668373 0.0627607 0.0692281 0.0627736 0.0615918 0.239692 0.0749997 0.203781 0.232892 0.217706 0.256197 0.0656713 0.250478 0.0700244 0.0731219 0.247134 0.0679845 0.248814 0.234517 0.0657493 
