  -0.9309  0.313463 -0.187525 0.0495156    0.30729     0.9496   0.061902 -0.0274505  0.197478         0 -0.980307  0.246639 0 0 0 1         0 -0.350398  0.785398         0 -0.524398  0.959398 -0.524398  0.872398         0 -0.785398  0.785398         0 -0.785398  0.785398 -0.785398  0.785398
0.0595414
0.0506394
0.198785
100
11
89
0.111622
0.171989
0.12963 0.109786 0.0618202 0.137968 0.0144911 0.0529538 0.14795 0.013518 0.167765 0.0582202 0.263085 0.0599261 0.109597 0.135146 0.0995241 0.152606 0.164322 0.140883 0.269196 0.145161 0.129051 0.140207 0.113354 0.150747 0.152008 0.168678 0.0767116 0.058863 0.10332 0.139643 0.154668 0.0120438 0.113812 0.0472134 0.150626 0.0153072 0.151971 0.0647886 0.103474 0.128406 0.0536396 0.0937753 0.0155828 0.0595744 0.0136666 0.0697537 0.186629 0.0131815 0.0652834 0.149013 0.130499 0.143538 0.124127 0.12856 0.120714 0.167468 0.260403 0.244019 0.015181 0.146868 0.127415 0.164136 0.0628334 0.0741434 0.0612941 0.130571 0.139243 0.0118745 0.125969 0.0780327 0.165206 0.17543 0.0895623 0.106677 0.123194 0.074429 0.119009 0.0151372 0.157828 0.146947 0.0648529 0.0647097 0.0120137 0.103627 0.126576 0.108521 0.131681 0.238955 0.124544 
0.225432 0.0863676 0.0484819 0.242308 0.0027733 0.105794 0.243292 0.00336266 0.251282 0.0437612 0.568699 0.0462942 0.113358 0.178216 0.0901786 0.240251 0.230227 0.23141 0.5515 0.256725 0.241805 0.205447 0.230327 0.268106 0.258509 0.266921 0.0442333 0.0475027 0.182216 0.213972 0.239717 0.00311223 0.178255 0.0468819 0.22133 0.00390662 0.260035 0.0494275 0.100377 0.212125 0.0509779 0.108765 0.00379782 0.0481097 0.00348281 0.0454316 0.270443 0.00338524 0.0535504 0.258742 0.199189 0.223176 0.10756 0.241845 0.209296 0.243248 0.590047 0.596171 0.0038992 0.261099 0.250677 0.266917 0.0495033 0.0472009 0.0444828 0.225351 0.217241 0.00314299 0.11763 0.0370401 0.269299 0.26843 0.0435171 0.0790159 0.217825 0.0456685 0.238933 0.00367993 0.255463 0.256683 0.0450678 0.0483343 0.0030837 0.236037 0.219089 0.229309 0.209909 0.596269 0.226104 
