0.00338956  0.309017   0.95105 -0.164233 0.00110133  -0.951057   0.309015 -0.0433422    0.999994           0 -0.00356399   0.0915425 0 0 0 1         0 -0.437398  0.959398         0 -0.437398  0.959398 -0.437398  0.959398         0 -0.785398  0.785398         0 -0.785398  0.785398 -0.785398  0.785398
0.0509012
0.0487467
0.003564
100
3
97
0.0577201
0.0828021
0.0516341 0.0245016 0.102957 0.0582752 0.0921435 0.0182321 0.0258031 0.027929 0.13721 0.144635 0.0468196 0.0453249 0.0566723 0.034135 0.0498563 0.0348963 0.00607838 0.0296189 0.00294452 0.0473845 0.0165921 0.188926 0.051651 0.0160053 0.113304 0.122634 0.143103 0.117044 0.0276389 0.049644 0.00446207 0.0648564 0.0292359 0.0955549 0.0315371 0.0330176 0.0405795 0.026323 0.0355746 0.00546926 0.0309349 0.0288034 0.0342509 0.0386355 0.017394 0.0409416 0.0542458 0.144343 0.091833 0.0346408 0.0492103 0.00798592 0.14177 0.0441613 0.0364114 0.033598 0.0347275 0.0198709 0.036078 0.0762098 0.063831 0.00575429 0.163021 0.0135388 0.155747 0.0479748 0.0634456 0.0602931 0.102906 0.0523181 0.122777 0.0544939 0.0519692 0.038705 0.0611327 0.0185312 0.061789 0.0405794 0.119257 0.0684608 0.0454407 0.104779 0.0547423 0.0444985 0.0621682 0.0529052 0.106455 0.0560613 0.0430468 0.0386022 0.014495 0.020731 0.0687903 0.00401583 0.0354998 0.0955687 0.138273 
0.062027 0.02824 0.112965 0.0581047 0.106926 0.0288282 0.0400606 0.0322 0.280239 0.290848 0.0370882 0.0487947 0.0525325 0.0475205 0.0422928 0.0567408 0.0434887 0.025797 0.0244243 0.0486406 0.0352777 0.288471 0.0397978 0.0528958 0.120012 0.169572 0.136423 0.175956 0.0291674 0.0366854 0.0435011 0.0634376 0.0459123 0.131995 0.0376245 0.0462198 0.0522672 0.0256956 0.0619127 0.00189997 0.0331548 0.0523727 0.0336366 0.155809 0.0342973 0.051855 0.0521169 0.159116 0.163919 0.0507435 0.0362747 0.00248767 0.16972 0.0330236 0.0393103 0.0388931 0.0361384 0.0599445 0.0398427 0.10432 0.054686 0.0650187 0.314789 0.0544175 0.201701 0.0355791 0.0639106 0.0579245 0.224523 0.0609889 0.133545 0.0547796 0.156799 0.0537832 0.0640425 0.0522355 0.0567425 0.0476355 0.12127 0.056944 0.0634394 0.228362 0.0381684 0.0335803 0.0592402 0.0368256 0.160929 0.152284 0.144051 0.0373794 0.0597546 0.0408197 0.0595738 0.132923 0.0609132 0.206937 0.175854 
