1.34643e-07 -0.309017  0.951057  -0.15836 -4.37481e-08 -0.951057 -0.309017 0.0614748            1            0 -1.41572e-07    0.0508739 0 0 0 1         0 -0.437398  0.959398         0 -0.437398  0.959398 -0.437398  0.959398         0 -0.785398  0.785398         0 -0.785398  0.785398 -0.785398  0.785398
0.0545187
0.0590128
1.41572e-07
100
2
98
0.079063
0.107192
0.164825 0.0472195 0.16567 0.167558 0.0530933 0.137149 0.0688623 0.0550943 0.054325 0.138417 0.0661014 0.0256639 0.0502509 0.0373358 0.0622344 0.0679785 0.0715326 0.021261 0.0419714 0.15253 0.0757539 0.138722 0.11968 0.17281 0.16572 0.0314521 0.06066 0.04517 0.0539531 0.0641115 0.0542711 0.0595842 0.0696206 0.0506131 0.132337 0.0223557 0.177117 0.0443348 0.198469 0.137367 0.00356405 0.0701817 0.0769214 0.130554 0.0671419 0.0270468 0.186443 0.0525367 0.0636839 0.0591018 0.125091 0.065289 0.133799 0.0815591 0.0406277 0.0289324 0.0511025 0.0605281 0.0682798 0.157214 0.0435733 0.0591521 0.0301888 0.0824624 0.0879442 0.0740058 0.191369 0.0347169 0.0615446 0.0428891 0.0685505 0.0447011 0.0580345 0.0606712 0.148502 0.0436468 0.0405184 0.068482 0.0606947 0.200117 0.0296163 0.070553 0.0668087 0.0391904 0.0491979 0.0362622 0.06202 0.0780424 0.0825844 0.0270103 0.153919 0.123492 0.0540383 0.13558 0.0282492 0.0530866 0.0585279 0.0254603 
0.193808 0.0474323 0.308245 0.278921 0.0479682 0.174934 0.0545206 0.178119 0.0611376 0.16543 0.0592064 0.044544 0.0512592 0.0338184 0.0563522 0.062646 0.0588133 0.0400453 0.153023 0.256532 0.0620106 0.169858 0.169004 0.282047 0.286767 0.173154 0.0541637 0.0567314 0.0508281 0.0650097 0.0548222 0.0592767 0.0593789 0.0506619 0.179642 0.0418834 0.315225 0.0491608 0.311373 0.173581 0.047365 0.062909 0.0593432 0.179576 0.0599395 0.052344 0.324828 0.0488959 0.0587424 0.0655865 0.171812 0.0583326 0.164686 0.0636076 0.0548626 0.0399917 0.0539966 0.0573514 0.151921 0.180653 0.0555003 0.0583727 0.0522762 0.0664847 0.0657739 0.0454422 0.313034 0.15774 0.0486338 0.0542845 0.0623226 0.0544716 0.0571205 0.0543424 0.272712 0.173728 0.0397538 0.165107 0.0667842 0.307305 0.042357 0.0622266 0.0565712 0.0483915 0.0591357 0.0508023 0.057438 0.0615372 0.0609882 0.044445 0.280688 0.16312 0.049579 0.154057 0.0475122 0.0504828 0.0540302 0.0421437 
