  0.344384  -0.728969   0.591612 -0.0970633 -0.366732 -0.684547 -0.630002  0.117284  0.864238         0 -0.503083   0.15648 0 0 0 1         0 -0.524398  0.872398         0 -0.524398    1.2204 -0.437398  0.785398         0 -0.785398  0.785398         0 -0.785398  0.785398 -0.785398  0.785398
0.0477345
0.0627698
0.527163
100
7
93
0.0993482
0.163082
0.066562 0.105053 0.0490265 0.105912 0.0917569 0.0955998 0.0893651 0.0378957 0.102957 0.15002 0.130153 0.165263 0.129764 0.0520384 0.0625651 0.0509044 0.0857621 0.207298 0.0603825 0.0554236 0.105259 0.111971 0.0833242 0.149087 0.104663 0.115624 0.13313 0.0449793 0.133575 0.102185 0.0714867 0.144661 0.0664322 0.0425913 0.0425421 0.129902 0.168148 0.0608809 0.0648804 0.123069 0.0583809 0.127752 0.0602873 0.152454 0.160663 0.0747118 0.170243 0.0717229 0.150154 0.0861081 0.142126 0.0311126 0.119628 0.0617056 0.15645 0.14244 0.162199 0.134363 0.139693 0.141399 0.0560236 0.142937 0.0943003 0.0560395 0.049924 0.0643388 0.115694 0.0487724 0.0623896 0.105715 0.160809 0.0878535 0.0675963 0.0832662 0.156922 0.17147 0.135085 0.0656536 0.0527646 0.06826 0.0516863 0.160112 0.150009 0.109614 0.117006 0.0645841 0.0354234 0.0309147 0.0628804 0.0368518 0.174182 0.119516 0.0451065 
0.0651149 0.221792 0.0662043 0.182929 0.21677 0.23054 0.0733066 0.0631857 0.243899 0.250539 0.237582 0.233306 0.200349 0.0557939 0.0715247 0.0600432 0.139613 0.401985 0.0664258 0.0677464 0.206793 0.214839 0.0714271 0.255835 0.21594 0.195058 0.222332 0.0675527 0.269244 0.210437 0.0672815 0.277634 0.0629947 0.0657045 0.0632109 0.215947 0.262778 0.0702515 0.0687989 0.225452 0.0667831 0.246314 0.0663551 0.216212 0.413636 0.0705908 0.429442 0.062513 0.210491 0.0724936 0.242942 0.0599331 0.267307 0.0686379 0.208435 0.240932 0.431902 0.232101 0.251053 0.225496 0.071034 0.240321 0.143291 0.0687834 0.0659274 0.0518237 0.254055 0.0691076 0.0602739 0.179631 0.238506 0.0759642 0.0664416 0.073124 0.26279 0.439497 0.200788 0.0714695 0.0665136 0.0651153 0.0642247 0.248657 0.193991 0.244217 0.222512 0.0693151 0.0658572 0.05701 0.0701148 0.0589353 0.299285 0.19964 0.0666502 
