    0.9309  -0.313463   0.187525 -0.0495155  -0.30729   -0.9496 -0.061902 0.0274505  0.197478         0 -0.980307  0.246639 0 0 0 1         0 -0.350398  0.785398         0 -0.524398  0.959398 -0.524398  0.872398         0 -0.785398  0.785398         0 -0.785398  0.785398 -0.785398  0.785398
-1
0.0304652
0.198784
100
10
90
0.103108
0.1518
0.0150582 0.0627025 0.0119842 0.107865 0.191499 0.126198 0.014124 0.0696024 0.0815732 0.257553 0.125485 0.0179452 0.0677974 0.137939 0.112801 0.0834332 0.0608441 0.169041 0.253381 0.134853 0.0834822 0.0136049 0.137454 0.108841 0.0135914 0.260559 0.139352 0.132929 0.0483015 0.0504757 0.149586 0.148408 0.0697844 0.155613 0.171262 0.114194 0.0615776 0.161866 0.0562502 0.149337 0.155126 0.0687621 0.0601801 0.161511 0.25427 0.0460852 0.0149756 0.101347 0.145312 0.149885 0.114211 0.0518061 0.0588915 0.137851 0.15703 0.062158 0.239789 0.0126335 0.0610949 0.0121012 0.185432 0.0794446 0.186517 0.190318 0.0743884 0.0673739 0.130269 0.140916 0.146968 0.0640972 0.0496427 0.111836 0.0119092 0.062024 0.0613795 0.136883 0.143737 0.164669 0.0680352 0.18104 0.0129543 0.168122 0.0714892 0.074416 0.0132722 0.0121794 0.0399495 0.151694 0.0728366 0.0127205 
0.00380639 0.0306515 0.00309308 0.107724 0.260484 0.209004 0.00386849 0.0530228 0.0441213 0.581113 0.220094 0.0384448 0.048352 0.195783 0.256925 0.101892 0.0457717 0.256646 0.589703 0.245998 0.0387387 0.00356469 0.219064 0.204138 0.00338115 0.579131 0.253409 0.208352 0.0538248 0.0380127 0.193145 0.225868 0.0525372 0.243909 0.283222 0.210227 0.0448114 0.248374 0.0505184 0.268911 0.244262 0.0480861 0.0427778 0.205083 0.5551 0.0395711 0.00390127 0.103969 0.223425 0.244968 0.100282 0.0510947 0.0464573 0.183634 0.163824 0.042696 0.550637 0.00328744 0.045887 0.00318521 0.267285 0.0447283 0.526815 0.283449 0.0528258 0.103776 0.235276 0.230573 0.21108 0.0492764 0.0537898 0.0977205 0.00313716 0.0526592 0.0449263 0.24304 0.252471 0.266765 0.0519607 0.281789 0.00341418 0.252551 0.0517781 0.040148 0.00354093 0.00244232 0.032289 0.24668 0.0505839 0.0034249 
