        -0         -1          0 0.00827044 -0.866022         0 -0.500005 0.0850208  0.500005         0 -0.866022  0.232583 0 0 0 1         0 -0.524398  0.872398         0 -0.524398    1.3074 -0.524398  0.959398         0 -0.785398  0.785398         0 -0.785398  0.785398 -0.785398  0.785398
0.0402584
0.0498223
0.523605
100
5
95
0.113177
0.181218
0.16242 0.186745 0.0456434 0.0627418 0.133833 0.0692736 0.129362 0.139531 0.205302 0.0379213 0.149932 0.135455 0.0623661 0.0594199 0.12481 0.100183 0.153191 0.126167 0.0541542 0.00835266 0.075073 0.15349 0.00935536 0.113269 0.123119 0.189159 0.0487471 0.0456676 0.156147 0.0536939 0.1558 0.134028 0.163854 0.0377386 0.150568 0.138154 0.097258 0.0322022 0.153102 0.0925003 0.124653 0.0510989 0.183884 0.150616 0.135226 0.187931 0.14924 0.059699 0.145708 0.0445736 0.0383222 0.00554727 0.1422 0.154892 0.123897 0.187823 0.135084 0.0136876 0.13281 0.141232 0.153475 0.19445 0.151161 0.139705 0.0206537 0.156407 0.0135573 0.134671 0.0530111 0.0145753 0.154157 0.0412559 0.155613 0.134951 0.140384 0.0121775 0.149368 0.134329 0.0452727 0.0264946 0.179809 0.0371004 0.142713 0.175378 0.142889 0.136903 0.199673 0.148494 0.135378 0.130601 0.165127 0.048571 0.137663 0.141698 0.226337 
0.220717 0.203952 0.0461 0.0492715 0.145606 0.196716 0.155271 0.190977 0.44916 0.0471489 0.189194 0.155562 0.0502005 0.0490632 0.205707 0.14956 0.179467 0.14779 0.0503969 0.0500029 0.181621 0.245042 0.05377 0.114737 0.230851 0.461129 0.0480536 0.0461925 0.197461 0.047901 0.192978 0.312038 0.414151 0.0525214 0.198136 0.168973 0.20347 0.0591675 0.220268 0.207431 0.134616 0.0481591 0.23994 0.488936 0.226909 0.398229 0.191043 0.0483856 0.218844 0.0460568 0.0474976 0.0575874 0.185063 0.216812 0.158466 0.633088 0.191742 0.0481268 0.154606 0.172628 0.29683 0.48478 0.169437 0.199294 0.0507082 0.227344 0.0498049 0.266494 0.0483952 0.0478728 0.211487 0.0484593 0.257048 0.19746 0.191506 0.0529016 0.196953 0.0959821 0.0463563 0.0485567 0.225818 0.0507562 0.175794 0.448028 0.218053 0.158924 0.418512 0.191635 0.179288 0.153252 0.41684 0.0478999 0.23073 0.141094 0.47691 
