  -0.9309 -0.313463 -0.187525 0.0554902   -0.30729     0.9496  -0.061902 0.00935114  0.197478         0 -0.980307  0.246639 0 0 0 1         0 -0.437398  0.959398         0 -0.611398    1.1334 -0.524398  0.872398         0 -0.785398  0.785398         0 -0.785398  0.785398 -0.785398  0.785398
0.05396
0.0488145
0.198785
100
16
84
0.122304
0.199659
0.101813 0.0133583 0.0563 0.13138 0.115305 0.179995 0.131803 0.161195 0.0135091 0.0270689 0.0130883 0.120615 0.136202 0.113338 0.0686762 0.142936 0.132976 0.0627971 0.244715 0.25991 0.245199 0.146336 0.114676 0.111965 0.147977 0.130095 0.10479 0.180562 0.170723 0.15146 0.0521531 0.250311 0.102758 0.0715734 0.01213 0.0502869 0.109251 0.0525897 0.0647658 0.0677829 0.25032 0.0745005 0.112202 0.129903 0.0572162 0.186515 0.251072 0.154061 0.15425 0.154475 0.18743 0.252515 0.0863941 0.0950053 0.0639092 0.0643234 0.0683973 0.0909078 0.0590335 0.242144 0.232152 0.249685 0.0763245 0.129339 0.168314 0.144126 0.13794 0.141874 0.079953 0.0588724 0.0151672 0.0139095 0.10478 0.166768 0.258312 0.166903 0.0822509 0.0695352 0.136771 0.141952 0.0134226 0.241229 0.0757839 0.0691927 
0.229868 0.00360171 0.0485849 0.200758 0.112506 0.271336 0.199033 0.262336 0.00334612 0.0449702 0.0033598 0.215562 0.227831 0.113075 0.0529291 0.253673 0.223905 0.0535922 0.558482 0.638585 0.542391 0.206032 0.109286 0.197566 0.235778 0.236177 0.0952334 0.2742 0.270475 0.255687 0.0459236 0.584759 0.190392 0.046834 0.00318198 0.0418408 0.10237 0.0472434 0.0522111 0.0459975 0.600877 0.104731 0.215147 0.24566 0.0473917 0.342347 0.604529 0.241207 0.205827 0.260863 0.281622 0.572118 0.0376926 0.085975 0.0515418 0.0483946 0.0453007 0.0828122 0.044441 0.594437 0.581334 0.589211 0.0530226 0.21884 0.24608 0.133181 0.238385 0.219796 0.0376575 0.0463856 0.00358662 0.00351181 0.0925135 0.268225 0.56381 0.267104 0.0451159 0.0499718 0.233561 0.218582 0.00346317 0.546028 0.0469352 0.0511981 
