 -0.614815  -0.704347   0.354821 -0.0272694  -0.610043   0.709856   0.352068 -0.0402847  -0.49985         0 -0.866112  0.241255 0 0 0 1         0 -0.785398  0.785398         0 -0.698398    1.3944 -0.524398    1.4814         0 -0.785398  0.785398         0 -0.785398  0.785398 -0.785398  0.785398
0.00357864
0.0463507
0.523425
100
55
45
0.0364585
0.126958
0.0323295 0.00433215 0.0029684 0.0918594 0.0224932 0.0152272 0.153255 0.00269227 0.00239016 0.0727364 0.00278707 0.0526666 0.00382307 0.00562041 0.0044684 0.0402383 0.0367953 0.0285831 0.12997 0.0069374 0.00766616 0.0513261 0.134006 0.0157626 0.00807764 0.0221903 0.0330888 0.0578112 0.012615 0.0324967 0.104218 0.00353701 0.0149351 0.0051005 0.0446842 0.0848152 0.00434961 0.0276661 0.0408077 0.00379225 0.0371133 0.0118226 0.0865371 0.0369251 0.0471155 
0.118595 0.0824733 0.0893875 0.176156 0.147695 0.0955598 0.43969 0.00182973 0.0862184 0.21219 0.049225 0.171577 0.0691063 0.00199711 0.06665 0.160104 0.0511789 0.0399668 0.399168 0.0827163 0.0398864 0.0750897 0.407363 0.0375496 0.109327 0.116176 0.15575 0.155848 0.0490068 0.163178 0.226372 0.0629307 0.0973637 0.079037 0.0889107 0.191998 0.0789625 0.0513695 0.16014 0.0784384 0.166684 0.0589539 0.214742 0.158781 0.14779 
