 -0.694776   0.717415 -0.0510076   0.024789   0.715489   0.696646  0.0525282 -0.0387276 0.0732188         0 -0.997316  0.247334 0 0 0 1         0 -0.785398  0.785398         0 -0.611398    1.1334 -0.437398  0.785398         0 -0.785398  0.785398         0 -0.785398  0.785398 -0.785398  0.785398
0.0143253
0.003551
0.0732844
100
17
83
0.0772067
0.114138
0.0668937 0.0985065 0.0127425 0.00760275 0.0114725 0.0121693 0.106049 0.0118679 0.00822732 0.109526 0.069942 0.0816376 0.187284 0.125943 0.0854792 0.148601 0.0950918 0.0832682 0.251448 0.046319 0.142542 0.0592051 0.0625799 0.153177 0.115385 0.0436413 0.0138004 0.166297 0.0119251 0.139865 0.0592527 0.0717872 0.0725067 0.0137297 0.00901417 0.0939555 0.130722 0.138767 0.0717426 0.106451 0.0164171 0.121831 0.0122089 0.00677267 0.0967404 0.0125553 0.111646 0.0123945 0.196842 0.160968 0.0116542 0.0119862 0.110606 0.0148748 0.0509661 0.114773 0.0718315 0.116525 0.0778134 0.194099 0.160903 0.0936395 0.0107796 0.0830908 0.0129308 0.0137579 0.105149 0.116533 0.187907 0.0862415 0.0139949 0.137534 0.086494 0.0124108 0.0132234 0.118982 0.012076 0.0121325 0.0104672 0.0117322 0.124185 0.152098 0.0119706 
0.0469195 0.0886909 0.00320417 0.00165631 0.003015 0.00315103 0.109397 0.00311284 0.00187325 0.0667733 0.0481157 0.0990787 0.59655 0.238076 0.0848895 0.298391 0.0957142 0.0751481 0.595501 0.0714913 0.254866 0.0821744 0.0950968 0.266905 0.0991057 0.0775505 0.00344069 0.25855 0.00299104 0.299632 0.0502493 0.0928374 0.0484393 0.00330863 0.00237344 0.0913047 0.211009 0.252573 0.103112 0.0926982 0.00361139 0.213551 0.00313525 0.00175156 0.109166 0.00312894 0.106882 0.00328909 0.571117 0.249857 0.00306217 0.00276907 0.109701 0.00363415 0.0941697 0.101393 0.0814851 0.104571 0.0948569 0.284667 0.319988 0.0676848 0.0028592 0.0858476 0.00318085 0.00333406 0.330624 0.106076 0.313273 0.108651 0.0987352 0.251825 0.0955307 0.00316525 0.00327614 0.109039 0.00320033 0.0032337 0.00273221 0.00293177 0.223081 0.267446 0.00295857 
