 0.342274  0.728969  0.592835 -0.111128  0.364484 -0.684547  0.631305 -0.104418  0.866025         0      -0.5 0.0352921 0 0 0 1         0 -0.524398  0.872398         0 -0.698398    1.4814 -0.437398  0.785398         0 -0.785398  0.785398         0 -0.785398  0.785398 -0.785398  0.785398
0.0441493
0.069259
0.523599
100
46
54
0.0900366
0.178836
0.171928 0.00570668 0.06025 0.00684327 0.0303581 0.180618 0.17502 0.187329 0.00603576 0.0675596 0.00525051 0.185364 0.133077 0.0796257 0.15316 0.0810973 0.00565763 0.166661 0.00502162 0.129876 0.115999 0.0431896 0.141399 0.00655293 0.00983828 0.210664 0.0479504 0.00670381 0.142843 0.00828117 0.0104291 0.173017 0.00665395 0.135798 0.140918 0.0545918 0.20223 0.0558048 0.0778311 0.0395539 0.122043 0.134661 0.116824 0.125691 0.131356 0.124429 0.0544414 0.00648724 0.130397 0.00650284 0.137183 0.139226 0.0516109 0.114438 
0.215077 0.0724389 0.0589056 0.0757656 0.0667886 0.516159 0.280606 0.20368 0.0023628 0.0648742 0.00190982 0.217984 0.307908 0.0719613 0.216538 0.380585 0.0807561 0.219873 0.00194136 0.258581 0.25449 0.0664459 0.28623 0.00236644 0.00328818 0.508099 0.0617765 0.0743249 0.323219 0.00326585 0.0746054 0.216377 0.0827972 0.303394 0.28982 0.227252 0.203741 0.0606284 0.167476 0.0628509 0.291702 0.297235 0.263188 0.282785 0.268959 0.305252 0.0608179 0.0840197 0.275078 0.00242093 0.292441 0.302295 0.0689206 0.274906 
