   -0.682177    -0.731187 -3.42099e-07    0.0143938    -0.731187     0.682177 -3.66677e-07   0.00218146 5.01482e-07    0   -1 0.25 0 0 0 1         0 -0.350398  0.785398         0 -0.611398    1.1334 -0.611398    1.1334         0 -0.785398  0.785398         0 -0.785398  0.785398 -0.785398  0.785398
0.0796018
0.0502571
5.01353e-07
100
29
71
0.142807
0.253651
0.0892554 0.194965 0.139783 0.234351 0.118007 0.0864688 0.23993 0.142178 0.128451 0.137357 0.147912 0.12396 0.149056 0.238805 0.301051 0.123111 0.0983704 0.174116 0.14195 0.148134 0.0884666 0.088966 0.122769 0.152803 0.0886662 0.111944 0.193518 0.112285 0.0315365 0.190314 0.0878387 0.117148 0.125548 0.105484 0.0860286 0.0918579 0.16476 0.0851317 0.154785 0.11317 0.136123 0.0932672 0.14321 0.0939881 0.154848 0.221952 0.14063 0.232687 0.211109 0.0936294 0.0812365 0.230769 0.217529 0.0901155 0.236136 0.247262 0.0950663 0.14046 0.129164 0.191303 0.184943 0.137254 0.14128 0.118748 0.126471 0.129816 0.164897 0.113056 0.0994248 0.0936065 0.179064 
0.0534043 0.4821 0.22769 0.463771 0.240207 0.0499872 0.818681 0.228359 0.231166 0.239812 0.237051 0.23125 0.228959 0.504194 0.902198 0.205987 0.0544513 0.249731 0.23009 0.264663 0.0501001 0.0507881 0.217673 0.234444 0.0461482 0.238462 0.293887 0.24807 0.189865 0.462401 0.0484702 0.101944 0.209473 0.102316 0.0479599 0.0504657 0.607376 0.0504642 0.224744 0.111934 0.232028 0.0534057 0.188901 0.0456569 0.263648 0.579678 0.227483 0.59064 0.411041 0.0503999 0.0487893 0.594211 0.539857 0.0536479 0.577965 0.503826 0.0535704 0.250228 0.229748 0.455307 0.3071 0.24901 0.267949 0.101671 0.241256 0.241924 0.265257 0.106661 0.202573 0.0540847 0.29096 
