-2.43244e-11  0.728969  0.684547 -0.123051 -2.59029e-11 -0.684547  0.728969 -0.117114           1           0 3.55336e-11  -0.0297079 0 0 0 1         0 -0.437398  0.959398         0 -0.437398  0.959398 -0.437398  0.959398         0 -0.785398  0.785398         0 -0.785398  0.785398 -0.785398  0.785398
0.0546687
0.0653168
3.55336e-11
100
3
97
0.0857339
0.114316
0.131982 0.140311 0.190048 0.194315 0.0321562 0.0562315 0.072414 0.141868 0.068085 0.0605886 0.13269 0.0575647 0.039368 0.230964 0.0540922 0.0625638 0.0150922 0.0584993 0.200204 0.043023 0.0615841 0.0386654 0.0456173 0.0388256 0.0592611 0.0640877 0.19243 0.0254139 0.0250211 0.172621 0.0254323 0.0575426 0.0513657 0.0523351 0.0763398 0.0454707 0.0888151 0.0361119 0.0537335 0.0563437 0.064209 0.155683 0.0511381 0.0813624 0.0604067 0.051577 0.135375 0.050193 0.0351064 0.149137 0.189973 0.175858 0.0681592 0.074645 0.0742326 0.0614679 0.0310957 0.0634576 0.0692413 0.0445899 0.0704708 0.172726 0.152581 0.0636753 0.0664191 0.190343 0.0637424 0.0527096 0.0790347 0.0509106 0.0394883 0.181011 0.0342544 0.0826619 0.0450208 0.0691644 0.0589916 0.18905 0.0625835 0.150039 0.175247 0.0731326 0.139215 0.0729326 0.0524593 0.165165 0.0729365 0.167229 0.0225775 0.0219837 0.0769058 0.0515643 0.0424523 0.203483 0.0550963 0.0454129 0.067534 
0.171996 0.114441 0.299004 0.304575 0.0529036 0.0567837 0.0679616 0.169211 0.0609068 0.0560976 0.152898 0.059748 0.157778 0.323169 0.0524999 0.0608432 0.052441 0.0601475 0.294845 0.05173 0.0582357 0.0485088 0.157638 0.0481573 0.0553075 0.0607479 0.29445 0.046901 0.0500548 0.302612 0.0476712 0.0558539 0.0605373 0.0579706 0.0631512 0.0520973 0.066658 0.0544803 0.059647 0.0576625 0.0588094 0.187831 0.0551034 0.0658576 0.0639607 0.0600473 0.152846 0.051911 0.0535162 0.174831 0.301421 0.301328 0.0580142 0.0579551 0.0707258 0.0509163 0.0536408 0.0565047 0.0591232 0.0351816 0.0669463 0.315784 0.18409 0.0603051 0.0556845 0.27979 0.060437 0.0501149 0.0633509 0.0482923 0.0562524 0.32213 0.0468972 0.0674664 0.145813 0.0627261 0.184714 0.287199 0.0569264 0.189048 0.240458 0.0619232 0.171607 0.0633568 0.0547279 0.309629 0.0620461 0.298187 0.0473216 0.046525 0.058357 0.165403 0.0492644 0.290726 0.0545375 0.161164 0.0615647 
