 -0.202276   0.976912  0.0687502 -0.0108896  0.924947  0.213641 -0.314373 0.0133116 -0.321803         0 -0.946807  0.251779 0 0 0 1         0 -0.785398  0.785398         0 -0.698398    1.3074 -0.437398    1.3074         0 -0.785398  0.785398         0 -0.785398  0.785398 -0.785398  0.785398
0.00373429
0.00186426
0.327633
100
54
46
0.0653961
0.150474
0.00402291 0.00619525 0.150247 0.00422064 0.169447 0.0718156 0.166371 0.00387649 0.0795202 0.0386143 0.103168 0.0225982 0.0037717 0.00889542 0.00953091 0.0708941 0.0861273 0.172584 0.00658517 0.00362712 0.169705 0.0892065 0.182039 0.0119787 0.125213 0.0794481 0.0560283 0.0418874 0.00709831 0.0561814 0.166008 0.0578303 0.0480128 0.0179525 0.00792355 0.0488547 0.00476905 0.191836 0.0564618 0.17941 0.0532295 0.00398743 0.00329801 0.129739 0.0335436 0.00446519 
0.0930924 0.0459986 0.280408 0.0452861 0.248965 0.0885648 0.454927 0.0986917 0.0646766 0.0644288 0.0841162 0.222714 0.0430354 0.15624 0.0958254 0.0826122 0.249462 0.432994 0.0564838 0.080579 0.435275 0.0742786 0.464302 0.00327917 0.242231 0.208374 0.064068 0.0537756 0.0988502 0.0617855 0.267422 0.0774091 0.0830598 0.0540747 0.00234209 0.0714793 0.0530086 0.564481 0.0714431 0.468791 0.055751 0.096591 0.00135869 0.261492 0.0586866 0.0390834 
