  0.709856   0.704347 0.00012319 -0.0224216    0.704347   -0.709856 0.000122234 -0.00902066 0.000173543    0   -1 0.25 0 0 0 1         0 -0.785398  0.785398         0 -0.611398    1.1334 -0.611398    1.1334         0 -0.785398  0.785398         0 -0.785398  0.785398 -0.785398  0.785398
0.0140566
0.00354925
0.000173543
100
36
64
0.10704
0.168222
0.114346 0.113574 0.0130509 0.14165 0.110343 0.130692 0.159279 0.110144 0.103363 0.109252 0.10022 0.155133 0.225262 0.0908318 0.0770755 0.0132714 0.0136974 0.0133817 0.237851 0.0970862 0.160056 0.013384 0.0902629 0.0107871 0.158009 0.0134998 0.196135 0.206355 0.0151118 0.184088 0.121101 0.0807877 0.100427 0.0133534 0.17969 0.0870356 0.171078 0.12516 0.0916087 0.0818798 0.113181 0.044191 0.0701697 0.0961029 0.114251 0.241538 0.164122 0.0852931 0.116151 0.0855906 0.0137088 0.116642 0.0124694 0.114366 0.147317 0.181139 0.122543 0.121474 0.102289 0.102796 0.11404 0.0895044 0.0993601 0.153 
0.110553 0.101596 0.00331902 0.242776 0.107003 0.222129 0.300428 0.111018 0.0814358 0.105737 0.271487 0.278092 0.616412 0.0530115 0.0496428 0.00342557 0.00342744 0.00341878 0.621688 0.0953096 0.27447 0.00341344 0.0537076 0.00293204 0.281264 0.0966384 0.595605 0.482933 0.00366365 0.298308 0.112878 0.0829427 0.0906887 0.00339702 0.266886 0.295253 0.243253 0.198313 0.0514795 0.103675 0.104882 0.0439306 0.0495742 0.0539728 0.0974002 0.606299 0.607023 0.0989767 0.111579 0.0451905 0.00339338 0.103735 0.00327829 0.10656 0.267464 0.309653 0.214365 0.228574 0.0820677 0.194796 0.0967607 0.0459118 0.105812 0.26142 
