 0.614815 -0.704347 -0.354821 0.0406942  -0.610043  -0.709856   0.352068 -0.0267548  -0.49985         0 -0.866112  0.241255 0 0 0 1         0 -0.785398  0.785398         0 -0.698398    1.3944 -0.524398    1.4814         0 -0.785398  0.785398         0 -0.785398  0.785398 -0.785398  0.785398
-1
0.0436064
0.523425
100
58
42
0.0305021
0.118795
0.00351372 0.0323045 0.00746808 0.0404343 0.00335514 0.0344985 0.00814859 0.0263561 0.00627846 0.0303083 0.00778929 0.00298412 0.0271788 0.0221668 0.104112 0.0169142 0.00447724 0.0536121 0.00374794 0.0662095 0.0531169 0.00366045 0.0420006 0.0421573 0.0160721 0.0281941 0.00342026 0.00331254 0.049762 0.00233568 0.054638 0.164372 0.00616814 0.0103671 0.0464942 0.00431556 0.00924453 0.0425928 0.115727 0.0349283 0.013129 0.0332228 
0.079191 0.119694 0.0476287 0.0712526 0.0389435 0.0475021 0.0648539 0.102429 0.0490056 0.14587 0.07997 0.00146795 0.17257 0.0474959 0.150379 0.0580991 0.0602111 0.199896 0.00164144 0.179454 0.207787 0.0481988 0.171316 0.224508 0.104326 0.11118 0.086786 0.0326249 0.181883 0.0803868 0.189577 0.428565 0.0779058 0.0634332 0.205601 0.0807621 0.0720314 0.209866 0.386576 0.165123 0.0970502 0.0463289 
