 -0.899946   0.313463   0.303049 -0.0172895    0.297072      0.9496   -0.100036 -0.00539818 -0.319133        0 -0.94771 0.251878 0 0 0 1         0 -0.785398  0.785398         0 -0.611398    1.1334 -0.524398    1.3944         0 -0.785398  0.785398         0 -0.785398  0.785398 -0.785398  0.785398
-1
0.00134242
0.324814
100
38
62
0.0518862
0.121423
0.042454 0.0283351 0.0616541 0.163355 0.044412 0.0154291 0.104301 0.173395 0.113299 0.00643853 0.00712289 0.13862 0.0224678 0.0183531 0.162255 0.0858103 0.0149913 0.00448354 0.152709 0.00434713 0.00542687 0.0345381 0.00467454 0.0511659 0.138541 0.00672658 0.00627301 0.00358681 0.0109959 0.0266328 0.0569093 0.0971027 0.0205703 0.153331 0.038163 0.0225436 0.00630127 0.00683877 0.00126697 0.145741 0.00432993 0.0862799 0.0547791 0.0448492 0.114565 0.0900307 0.0225872 0.0650324 0.0294807 0.0232382 0.03782 0.149061 0.00572958 0.00908015 0.00221938 0.0298108 0.00643915 0.019908 0.0522679 0.00544691 0.0071089 0.15532 
0.0508869 0.0662219 0.069454 0.250863 0.0730931 0.0585511 0.215775 0.449792 0.28455 0.104672 0.00219489 0.276836 0.173001 0.0364539 0.285281 0.0868201 0.0536653 0.0876558 0.276525 0.0419652 0.0424282 0.0985254 0.00177742 0.0796099 0.265317 0.00216046 0.044453 0.0900103 0.110087 0.218894 0.0613701 0.195076 0.159325 0.296568 0.0684632 0.04004 0.0974938 0.0487348 0.0010972 0.259904 0.132794 0.216157 0.0677267 0.223889 0.234391 0.0822007 0.101105 0.0785555 0.111776 0.0406971 0.0758086 0.286254 0.0543099 0.00250513 0.0611308 0.0523168 0.130722 0.113714 0.0697374 0.00173554 0.00216635 0.26293 
