 0.478461 -0.309017  0.821939 -0.141559 -0.155461 -0.951057 -0.267064 0.0560157  0.864238         0 -0.503083   0.15648 0 0 0 1         0 -0.524398  0.872398         0 -0.524398    1.2204 -0.437398  0.785398         0 -0.785398  0.785398         0 -0.785398  0.785398 -0.785398  0.785398
0.0607445
0.0632016
0.527163
100
4
96
0.100183
0.164739
0.132115 0.163889 0.149796 0.0639995 0.12537 0.0665908 0.0544479 0.180879 0.0459462 0.0729581 0.0687483 0.0519195 0.139739 0.0618177 0.0640642 0.14908 0.131725 0.15137 0.0530267 0.166785 0.139537 0.161869 0.15508 0.066005 0.0648922 0.126055 0.143329 0.0453651 0.13633 0.108682 0.138307 0.151426 0.0534328 0.109861 0.14816 0.160335 0.157563 0.0688495 0.0577665 0.137462 0.165758 0.0958784 0.0861918 0.170627 0.0618312 0.0434517 0.119981 0.15452 0.00569756 0.13137 0.0761953 0.087205 0.033597 0.0669248 0.033073 0.0959355 0.0594892 0.0750283 0.0692986 0.0628324 0.167318 0.148648 0.148753 0.150566 0.0975792 0.0484745 0.0620543 0.061573 0.139879 0.0643519 0.0623406 0.124435 0.153198 0.0531772 0.0585516 0.0490168 0.0685588 0.0573352 0.172761 0.166976 0.0480388 0.17333 0.148182 0.0961098 0.0570711 0.0736509 0.0455778 0.129709 0.0656028 0.13082 0.060262 0.182614 0.00415512 0.117251 0.0486116 0.0616205 
0.23922 0.397795 0.415676 0.0663386 0.236024 0.0711235 0.0564518 0.212301 0.0530713 0.0715102 0.0741411 0.0654007 0.23863 0.0705548 0.0662484 0.277131 0.230217 0.21564 0.0623316 0.218484 0.247533 0.298318 0.461136 0.0595599 0.0573263 0.206693 0.239243 0.0586506 0.271766 0.225072 0.208037 0.238797 0.0683364 0.214637 0.245345 0.437313 0.398616 0.0674069 0.0686176 0.23077 0.222157 0.185279 0.217178 0.201683 0.0673348 0.0653954 0.200421 0.262646 0.0608589 0.164436 0.0659044 0.177127 0.0624458 0.0673942 0.0623838 0.194667 0.0550575 0.0745883 0.0588486 0.0668631 0.249559 0.224297 0.27912 0.244084 0.249402 0.064399 0.0675921 0.0692383 0.212416 0.0718794 0.0676364 0.230224 0.198816 0.0644642 0.0668523 0.0675446 0.0701561 0.0507371 0.44911 0.418526 0.0650196 0.396742 0.236971 0.0816272 0.0460228 0.0723928 0.0645142 0.196148 0.133321 0.227689 0.066105 0.216622 0.0558513 0.229143 0.0652603 0.0713755 
