 0.342255 -0.728969  0.592846 -0.144663 -0.364465 -0.684547 -0.631317  0.167972  0.866041         0 -0.499973 0.0342478 0 0 0 1         0 -0.350398  0.785398         0 -0.524398  0.872398 -0.437398  0.785398         0 -0.785398  0.785398         0 -0.785398  0.785398 -0.785398  0.785398
0.01212
0.0524443
0.523568
100
38
62
0.0139595
0.0237824
0.00668377 0.0305816 0.00870086 0.00791574 0.00599002 0.00691035 0.0090479 0.00802052 0.00558883 0.00691452 0.0181773 0.00855398 0.00911512 0.0100506 0.0092909 0.00606055 0.0082605 0.063199 0.0102485 0.00520791 0.0471811 0.0156064 0.00760829 0.00380491 0.0102334 0.00507939 0.0064585 0.057088 0.0171376 0.0104811 0.00660757 0.00829888 0.00802748 0.00608995 0.00938974 0.00999186 0.0604255 0.0452265 0.0126878 0.00253525 0.00630015 0.00798376 0.00818663 0.0095838 0.0731079 0.00130207 0.00876035 0.0274449 0.00774508 0.00566315 0.00461518 0.00964646 0.00923777 0.00737298 0.00519926 0.0168809 0.0109153 0.0102786 0.0172077 0.00787866 0.00752982 0.00817224 
0.00238501 0.0488962 0.00311772 0.0456146 0.00208684 0.00249866 0.052396 0.00267205 0.00182711 0.00226662 0.0573155 0.0026231 0.00243414 0.0432385 0.0469892 0.00184042 0.00261637 0.0631986 0.0490789 0.00193007 0.0489302 0.0546065 0.041237 0.00162485 0.0528482 0.00195347 0.00226241 0.0622063 0.0574262 0.00324308 0.00218231 0.00278292 0.0441988 0.00209642 0.00312453 0.00320372 0.0418935 0.0617227 0.051233 0.00146229 0.00214402 0.00259999 0.00279726 0.0469545 0.0528851 0.0014785 0.00268732 0.0500711 0.00264928 0.00196638 0.00175789 0.0466663 0.0419001 0.0403194 0.00196232 0.0489657 0.003506 0.00345375 0.0520574 0.0440697 0.00247469 0.0458781 
