-0.160678  0.976912 -0.140801 0.0170396 0.734729 0.213641 0.643841  -0.1144  0.659057         0 -0.752093  0.216998 0 0 0 1         0 -0.524398  0.872398         0 -0.437398    1.0464 -0.437398  0.785398         0 -0.785398  0.785398         0 -0.785398  0.785398 -0.785398  0.785398
0.141249
0.167514
0.719564
100
6
94
0.0841635
0.123848
0.120254 0.0256124 0.143493 0.0279565 0.0501087 0.0468733 0.0451132 0.149912 0.126459 0.0104973 0.0974117 0.0241977 0.00853591 0.0400606 0.129878 0.0477803 0.164058 0.132689 0.0464703 0.182439 0.130766 0.130067 0.11739 0.0547015 0.0426489 0.11344 0.0391115 0.152527 0.120516 0.100361 0.0623011 0.142557 0.0473528 0.035051 0.00851647 0.0325564 0.0230685 0.0516732 0.0549989 0.135091 0.146326 0.168479 0.0406167 0.0573516 0.0151321 0.058853 0.123122 0.14029 0.0329398 0.164222 0.0147091 0.104403 0.00897625 0.148925 0.134573 0.048828 0.0499231 0.127839 0.0384386 0.120163 0.0182743 0.127924 0.0395314 0.129551 0.0383091 0.0499628 0.163969 0.126826 0.126585 0.0522821 0.043141 0.0374689 0.0421499 0.033017 0.100521 0.121685 0.010178 0.130523 0.132141 0.0491597 0.0364745 0.0562991 0.144899 0.172603 0.166482 0.118244 0.020711 0.0701368 0.122661 0.141894 0.114531 0.02553 0.0415211 0.147576 
0.17249 0.0421053 0.18782 0.0476299 0.0508733 0.061807 0.0439313 0.198541 0.184798 0.0556434 0.206497 0.0637994 0.0583663 0.0549352 0.192673 0.0471366 0.229041 0.184126 0.055971 0.412861 0.187585 0.161686 0.144481 0.0486937 0.0565996 0.137619 0.0527544 0.213891 0.142911 0.140954 0.0536286 0.208784 0.045058 0.0532636 0.0579899 0.0543963 0.0565454 0.0558355 0.0653141 0.184526 0.156942 0.431034 0.0532142 0.0489633 0.0593864 0.0517228 0.175642 0.155037 0.0540285 0.241092 0.0612545 0.150868 0.054648 0.205724 0.199104 0.0381971 0.0581659 0.180533 0.0501165 0.128779 0.0528661 0.150851 0.0469773 0.149349 0.047463 0.0555594 0.425193 0.191127 0.167265 0.0484249 0.0608895 0.0594974 0.0471905 0.057601 0.111639 0.207842 0.0568189 0.152765 0.162917 0.049399 0.0524602 0.0507824 0.211032 0.427292 0.229362 0.225454 0.0628787 0.0563013 0.143543 0.174878 0.204274 0.0527997 0.0507575 0.170248 
