 0.694776 -0.717415 0.0510075 -0.024789  -0.715489  -0.696646 -0.0525282  0.0387276 0.0732187         0 -0.997316  0.247334 0 0 0 1         0 -0.785398  0.785398         0 -0.611398    1.1334 -0.437398  0.785398         0 -0.785398  0.785398         0 -0.785398  0.785398 -0.785398  0.785398
0.013965
0.00354466
0.0732843
100
28
72
0.0774208
0.103425
0.065396 0.0127752 0.0798477 0.0732487 0.0119213 0.015017 0.0751179 0.0114297 0.139854 0.11286 0.0126768 0.146841 0.0620419 0.0940842 0.0684061 0.103743 0.113357 0.0659141 0.217992 0.108872 0.0129988 0.100885 0.0844559 0.0865603 0.0142209 0.0126337 0.11958 0.107042 0.00895606 0.0161376 0.0992132 0.0985411 0.0637688 0.0630483 0.0127639 0.0409764 0.106333 0.0792971 0.0145594 0.0920375 0.178184 0.0770606 0.0102539 0.112358 0.0135109 0.173638 0.0693226 0.0112739 0.200671 0.0112284 0.121999 0.123036 0.105787 0.126863 0.00763359 0.0774535 0.118408 0.173129 0.138144 0.0133403 0.0801342 0.0125939 0.122789 0.1301 0.0121792 0.0733988 0.114558 0.0118986 0.0151425 0.147622 0.150361 0.0148241 
0.0725008 0.00331141 0.0454369 0.0473935 0.00320204 0.003875 0.0928675 0.00312323 0.241735 0.0907313 0.00326439 0.259369 0.105692 0.0854792 0.0464785 0.0946377 0.104518 0.106702 0.585279 0.101464 0.0034842 0.088385 0.0870556 0.0842587 0.00365135 0.0033259 0.114617 0.0980468 0.00230089 0.00397313 0.189053 0.0925583 0.0946511 0.0949668 0.00319943 0.0893912 0.0947654 0.0916465 0.00383368 0.107309 0.252725 0.0852075 0.00256739 0.0962718 0.0025264 0.32379 0.0854965 0.00312742 0.569748 0.00314172 0.106815 0.115029 0.116368 0.307849 0.00206042 0.047005 0.105362 0.314136 0.217268 0.00350679 0.0979033 0.00323067 0.113175 0.22477 0.00326475 0.0477357 0.103225 0.00304061 0.00380172 0.315754 0.319431 0.00374522 
