 0.899946  0.313463 -0.303049 0.0113149  0.297072   -0.9496 -0.100036 0.0127012 -0.319133        0 -0.94771 0.251878 0 0 0 1         0 -0.785398  0.785398         0 -0.698398    1.3074 -0.437398    1.3074         0 -0.785398  0.785398         0 -0.785398  0.785398 -0.785398  0.785398
-1
0.00125645
0.324814
100
49
51
0.0527946
0.115501
0.00914118 0.00382926 0.0190369 0.0396452 0.180648 0.00270691 0.0149567 0.137364 0.149763 0.0768978 0.0165223 0.0694195 0.0047765 0.105753 0.00612644 0.176963 0.00694609 0.00517938 0.0979668 0.00949132 0.00931965 0.0596435 0.00263818 0.0294627 0.00629141 0.102658 0.145166 0.00411495 0.0993229 0.0122876 0.00657655 0.0248148 0.0649498 0.00468007 0.00713625 0.00660005 0.0021066 0.134623 0.0123614 0.0383196 0.0501452 0.00556841 0.0134293 0.071152 0.18282 0.0111211 0.0543298 0.00819855 0.147506 0.154205 0.0878436 
0.0782586 0.0917558 0.0337981 0.0561306 0.266296 0.091356 0.108905 0.204839 0.273992 0.0782997 0.0573207 0.0723006 0.00147946 0.0763967 0.0747826 0.455428 0.0501906 0.123164 0.0686889 0.0381416 0.0432512 0.0722 0.00142207 0.0539609 0.00193445 0.281334 0.243141 0.00169623 0.094402 0.0587697 0.0503446 0.053659 0.0745127 0.00166705 0.127731 0.0843004 0.095636 0.248512 0.146314 0.0510833 0.2033 0.0401086 0.0566077 0.218175 0.437737 0.0681313 0.0694267 0.0824215 0.278012 0.263058 0.0861678 
