   0.682177    0.731187 3.42099e-07  -0.0143938    0.731187   -0.682177 3.66677e-07 -0.00218146 5.01482e-07    0   -1 0.25 0 0 0 1         0 -0.350398  0.785398         0 -0.611398    1.1334 -0.611398    1.1334         0 -0.785398  0.785398         0 -0.785398  0.785398 -0.785398  0.785398
0.0754262
0.0505154
5.01353e-07
100
30
70
0.138909
0.261101
0.220772 0.204862 0.0904555 0.19887 0.115274 0.0838887 0.242904 0.0418205 0.138754 0.135251 0.1876 0.210792 0.120642 0.126005 0.088405 0.232899 0.107148 0.0918242 0.0918316 0.149558 0.0849858 0.0955712 0.212869 0.107344 0.240607 0.124158 0.117509 0.171591 0.125027 0.123036 0.167137 0.127246 0.0131284 0.14815 0.155341 0.120709 0.126131 0.162616 0.167357 0.0927866 0.164867 0.112713 0.240136 0.0901847 0.193503 0.0141129 0.136747 0.179153 0.14408 0.0828101 0.174092 0.0983022 0.0841391 0.0878443 0.148937 0.0823146 0.01116 0.164588 0.179996 0.184985 0.174319 0.0867968 0.223746 0.164975 0.288378 0.154833 0.109422 0.115472 0.157584 0.110563 
0.614097 0.583121 0.0537091 0.565808 0.224835 0.0491357 0.636172 0.309609 0.263337 0.225772 0.631645 0.584037 0.202204 0.214449 0.0521153 0.392272 0.221358 0.0457742 0.0469977 0.242995 0.05031 0.0513463 0.604904 0.0892152 0.584363 0.214023 0.243826 0.261245 0.108185 0.219067 0.261418 0.219214 0.00345727 0.239152 0.237539 0.102905 0.221409 0.263789 0.308283 0.0537425 0.21763 0.0955937 0.59719 0.0535839 0.285862 0.0035829 0.223315 0.314881 0.252069 0.0496386 0.449472 0.0535453 0.447319 0.051802 0.259956 0.0497784 0.0349508 0.261079 0.540277 0.432699 0.278983 0.0490998 0.489871 0.515577 0.897684 0.212871 0.181051 0.10022 0.286036 0.094598 
