 0.0942719   0.982287    0.16194 -0.0387919   0.49419 -0.187381  0.848919 -0.147231  0.864227         0 -0.503102  0.156482 0 0 0 1         0 -0.524398  0.959398         0 -0.524398    1.2204 -0.437398  0.785398         0 -0.785398  0.785398         0 -0.785398  0.785398 -0.785398  0.785398
0.0385404
0.0639349
0.527184
100
4
96
0.0986687
0.180536
0.108713 0.165269 0.115947 0.0497492 0.115697 0.104346 0.0375618 0.101941 0.0622194 0.112916 0.137363 0.143958 0.14731 0.0523301 0.142459 0.141242 0.0401853 0.0606346 0.0512639 0.116736 0.118661 0.0969211 0.0678147 0.094593 0.105107 0.114732 0.168555 0.121279 0.105686 0.118683 0.0376497 0.0962698 0.132858 0.0560809 0.101675 0.140596 0.0485794 0.06339 0.0342071 0.0878648 0.0571223 0.159555 0.149682 0.0601985 0.122818 0.141245 0.056981 0.066506 0.0545144 0.0281317 0.106642 0.0948421 0.161999 0.128557 0.112281 0.14149 0.0543603 0.0571961 0.148295 0.109306 0.157075 0.0450519 0.0523932 0.107548 0.0503763 0.0425282 0.0581237 0.166754 0.107907 0.0713698 0.0527665 0.197244 0.145887 0.203629 0.148896 0.0669839 0.123608 0.063342 0.0488681 0.0410769 0.053949 0.150733 0.115121 0.107109 0.0569895 0.0764629 0.153863 0.0883442 0.147316 0.134106 0.115626 0.044573 0.153618 0.0539073 0.104343 0.0339407 
0.196504 0.224928 0.264408 0.0714001 0.215215 0.21879 0.0694292 0.221019 0.0695746 0.250175 0.217949 0.201558 0.280579 0.0581824 0.274395 0.229558 0.0649498 0.0646746 0.061106 0.250016 0.218261 0.241919 0.0627144 0.22536 0.214594 0.229053 0.203661 0.276645 0.205682 0.254955 0.0633958 0.212082 0.262666 0.0675314 0.189573 0.227524 0.064733 0.191988 0.0647276 0.149221 0.0630225 0.438573 0.213795 0.0705696 0.238232 0.272696 0.0704882 0.068289 0.0707747 0.0650624 0.250695 0.258438 0.450676 0.424258 0.249131 0.409808 0.0681621 0.0684689 0.400899 0.192768 0.199466 0.0607797 0.0641677 0.250179 0.0699711 0.0628686 0.0679625 0.21828 0.249104 0.0658413 0.0706262 0.412453 0.213251 0.411508 0.2213 0.0688626 0.193224 0.0652401 0.0627494 0.0650097 0.0681481 0.260712 0.224016 0.240666 0.0667415 0.0762309 0.206862 0.225619 0.253232 0.260784 0.247572 0.0681018 0.241587 0.067985 0.188499 0.066322 
