 0.475528 -0.309017  0.823639 -0.141796 -0.154508 -0.951057 -0.267617 0.0560927  0.866025         0      -0.5 0.0475947 0 0 0 1         0 -0.524398  0.872398         0 -0.698398    1.4814 -0.437398  0.785398         0 -0.785398  0.785398         0 -0.785398  0.785398 -0.785398  0.785398
0.043795
0.0651789
0.523599
100
34
66
0.104287
0.201798
0.0576671 0.0708418 0.0950942 0.0490957 0.0368303 0.0570252 0.0670923 0.0642484 0.129087 0.0446638 0.120361 0.137333 0.158221 0.102263 0.0995614 0.154283 0.0514479 0.0393047 0.067759 0.174268 0.140444 0.129972 0.0580099 0.144322 0.147459 0.100078 0.177856 0.0149101 0.0833874 0.214814 0.175872 0.051392 0.0551476 0.0420861 0.111173 0.127395 0.0325428 0.0857373 0.0521973 0.152092 0.045054 0.0506033 0.187705 0.0567643 0.149545 0.193151 0.179802 0.0788862 0.116586 0.146345 0.16649 0.160676 0.150556 0.0565817 0.184675 0.0505302 0.175259 0.0531844 0.198776 0.0561244 0.136718 0.0421783 0.14989 0.0635631 0.11653 0.0434598 
0.0669222 0.0684025 0.384984 0.0716357 0.0669727 0.0601051 0.0707582 0.0633909 0.282116 0.065998 0.281834 0.309171 0.286067 0.367853 0.0694751 0.277446 0.0630327 0.0683062 0.0680029 0.535362 0.320828 0.28446 0.0669204 0.286429 0.302995 0.366622 0.28719 0.0633667 0.0598251 0.529588 0.212971 0.0647083 0.0679864 0.0688981 0.298843 0.312982 0.0672274 0.0656814 0.071616 0.276613 0.0671871 0.0678504 0.52615 0.057878 0.307713 0.202865 0.292617 0.276985 0.280013 0.289821 0.284193 0.311079 0.291396 0.0695024 0.217902 0.0665292 0.219495 0.0699514 0.520263 0.0672788 0.31982 0.0624694 0.401093 0.0741477 0.302147 0.0687612 
