   0.209552   -0.976912   0.0415987 -0.00414323 -0.958214 -0.213641 -0.190218  0.055429 0.194714        0 -0.98086 0.246738 0 0 0 1         0 -0.437398  0.959398         0 -0.611398    1.0464 -0.524398  0.959398         0 -0.785398  0.785398         0 -0.785398  0.785398 -0.785398  0.785398
0.0608412
0.048013
0.195966
100
11
89
0.102927
0.162886
0.132384 0.142355 0.249245 0.118589 0.0630131 0.012939 0.247587 0.0135185 0.121572 0.144143 0.00635721 0.250972 0.0681794 0.146126 0.0694825 0.210825 0.0131322 0.142202 0.132005 0.0639896 0.143527 0.120582 0.0706822 0.247924 0.16091 0.0579442 0.0992323 0.168238 0.141287 0.12039 0.0654199 0.241202 0.0712952 0.0133767 0.156587 0.012819 0.115917 0.0126688 0.132218 0.160448 0.11501 0.0134642 0.125107 0.0622272 0.138087 0.026679 0.10256 0.0603258 0.106878 0.0637698 0.121474 0.0993267 0.135762 0.10405 0.0508192 0.0137028 0.0106488 0.0758488 0.0122505 0.0138329 0.0129343 0.125827 0.249379 0.0649524 0.0679891 0.09203 0.226866 0.130796 0.0466913 0.0777433 0.212888 0.127854 0.135377 0.142226 0.0601653 0.0746714 0.0631734 0.127538 0.127509 0.0137379 0.143507 0.0649105 0.0105641 0.14298 0.0619503 0.102555 0.0903408 0.121697 0.128518 
0.223641 0.224183 0.575342 0.262913 0.0435858 0.00322972 0.570926 0.00342965 0.186496 0.213214 0.00227328 0.574972 0.0480744 0.234165 0.0529057 0.530298 0.00330259 0.255061 0.240099 0.0461031 0.253018 0.10735 0.0476696 0.621698 0.228598 0.10956 0.106917 0.238739 0.247039 0.103957 0.0521439 0.53203 0.053553 0.00361863 0.267916 0.00323011 0.215237 0.0032511 0.222541 0.231139 0.105503 0.00338965 0.114813 0.0482266 0.244304 0.0878342 0.0898207 0.0467853 0.103933 0.0476089 0.214627 0.039593 0.185152 0.228676 0.0446241 0.00370631 0.00637307 0.0527022 0.00313598 0.00354186 0.00321864 0.229877 0.595027 0.051516 0.0486094 0.0855172 0.554357 0.12034 0.0426613 0.0526641 0.541446 0.125444 0.216982 0.25152 0.0480172 0.0524045 0.0510483 0.245585 0.21067 0.00345967 0.255437 0.0488588 0.00287587 0.260479 0.0487469 0.105081 0.180198 0.233999 0.213042 
