-9.36006e-17  0.728969  0.684547 -0.123051 -9.96745e-17 -0.684547  0.728969 -0.117114           1           0 1.36734e-16  -0.0174053 0 0 0 1         0 -0.437398  0.959398         0 -0.437398  0.959398 -0.437398  0.959398         0 -0.785398  0.785398         0 -0.785398  0.785398 -0.785398  0.785398
0.0409425
0.0342632
0
100
1
99
0.0782857
0.108613
0.0324306 0.0572092 0.0193979 0.179168 0.0272009 0.0334708 0.045396 0.0720587 0.0577818 0.0575901 0.0625865 0.0491178 0.0641549 0.13892 0.0397326 0.0474848 0.0655336 0.147386 0.0292168 0.0801393 0.0800318 0.0476054 0.0763112 0.077085 0.0739115 0.0420787 0.0634613 0.187008 0.024401 0.060485 0.0688809 0.187424 0.0744222 0.194078 0.0372905 0.189969 0.0226589 0.0501797 0.0393731 0.0430603 0.0677348 0.138825 0.0716957 0.0293363 0.0409279 0.0349089 0.0365643 0.0321408 0.0671836 0.0462507 0.038443 0.0400424 0.0248971 0.0423933 0.0720376 0.0732995 0.181291 0.0411705 0.061961 0.0637542 0.173972 0.00778443 0.053558 0.0539298 0.177646 0.0407435 0.0641125 0.184686 0.156403 0.131331 0.147475 0.0653293 0.163998 0.0509201 0.1544 0.0568402 0.077128 0.129273 0.0640631 0.0682717 0.0598151 0.166116 0.0517872 0.15789 0.067229 0.0550943 0.0578847 0.0633801 0.128845 0.0452218 0.0389335 0.0420221 0.134436 0.0684374 0.0492112 0.0595167 0.0548809 0.192252 0.0849218 
0.050843 0.0520419 0.063842 0.266507 0.0306476 0.0455263 0.0521651 0.0567111 0.102696 0.0556231 0.0526986 0.0539482 0.0624014 0.168359 0.0394596 0.166217 0.0549077 0.180246 0.0426393 0.0655415 0.0576724 0.0504704 0.0675757 0.0613383 0.0611897 0.0593898 0.0600123 0.305855 0.0425095 0.0576662 0.0562438 0.28977 0.0626788 0.318315 0.0532982 0.29736 0.0468388 0.163276 0.042711 0.0508573 0.0628625 0.416597 0.060926 0.0439342 0.0505867 0.149851 0.15969 0.0423512 0.0619362 0.0528021 0.0572224 0.160399 0.0331463 0.0491568 0.0665488 0.0643146 0.308894 0.051277 0.0674625 0.0581043 0.281896 0.0535662 0.0492539 0.0518905 0.289481 0.0472465 0.067187 0.342555 0.177216 0.365317 0.190571 0.0616358 0.180598 0.0525927 0.280848 0.0541957 0.064061 0.150319 0.0551515 0.0599153 0.0540473 0.179938 0.0611652 0.391587 0.0577046 0.0579714 0.0594707 0.0405871 0.165437 0.0533791 0.0482097 0.0559981 0.163572 0.0592547 0.0514502 0.0699869 0.0589612 0.296877 0.065456 
