-0.0936907  0.982287 -0.162277 0.0201169  0.491144  0.187381  0.850686 -0.151049  0.866025         0      -0.5 0.0352921 0 0 0 1         0 -0.524398  0.872398         0 -0.698398    1.4814 -0.437398  0.785398         0 -0.785398  0.785398         0 -0.785398  0.785398 -0.785398  0.785398
0.0431704
0.067798
0.523599
100
47
53
0.0916679
0.202581
0.136773 0.00662596 0.0062008 0.0459153 0.128123 0.0277837 0.0434526 0.139384 0.136848 0.152623 0.122153 0.0584353 0.11386 0.0419014 0.00635819 0.0701371 0.00678723 0.00630137 0.0347065 0.120911 0.149402 0.0468082 0.113277 0.00866254 0.115841 0.0479368 0.159193 0.0502553 0.174748 0.104327 0.0030859 0.155871 0.0485757 0.059228 0.129378 0.128534 0.142399 0.125449 0.180294 0.0068903 0.136164 0.198256 0.0403525 0.168597 0.124638 0.005576 0.105013 0.139052 0.181826 0.101998 0.123572 0.126566 0.0513499 
0.291604 0.00263356 0.00237621 0.0619348 0.288064 0.0603016 0.066271 0.281822 0.27087 0.293981 0.299956 0.0700866 0.266049 0.0664385 0.0783918 0.0668506 0.00265239 0.0728288 0.0630185 0.254681 0.306426 0.0644587 0.274584 0.0765011 0.29332 0.0677506 0.292975 0.0645967 0.558223 0.268333 0.0765288 0.280017 0.0681526 0.0634179 0.297599 0.268524 0.263626 0.268579 0.204968 0.0783654 0.314121 0.514993 0.0628001 0.524908 0.265587 0.00230301 0.297015 0.316872 0.542178 0.261915 0.291845 0.278153 0.0663603 
