9.69126e-08  0.728969  0.684547 -0.123051 1.03201e-07 -0.684547  0.728969 -0.117114            1            0 -1.41572e-07    0.0508739 0 0 0 1         0 -0.437398  0.959398         0 -0.437398  0.959398 -0.437398  0.959398         0 -0.785398  0.785398         0 -0.785398  0.785398 -0.785398  0.785398
0.0523072
0.04476
1.41572e-07
100
0
100
0.0800973
0.116248
0.122721 0.0129384 0.0746147 0.0712949 0.0433768 0.0416287 0.161735 0.202474 0.0752532 0.0674143 0.129129 0.0723051 0.224319 0.0540439 0.184571 0.0509855 0.0499189 0.0702356 0.179841 0.171018 0.0526058 0.0708322 0.039802 0.0501529 0.0296512 0.0322728 0.0507886 0.0844745 0.0446551 0.135239 0.0630001 0.0265004 0.171848 0.0543997 0.0733196 0.0628851 0.134628 0.122123 0.0757898 0.0414762 0.040493 0.0431108 0.0398897 0.0143104 0.0656142 0.0993616 0.0516516 0.0544547 0.144034 0.0549985 0.0217079 0.0349793 0.158029 0.0451453 0.0687915 0.0772905 0.0539768 0.0558205 0.190424 0.0321457 0.0596967 0.0576763 0.0435656 0.0416352 0.0499002 0.0261673 0.0480288 0.0844896 0.134604 0.0607616 0.121984 0.0287213 0.182712 0.123106 0.160693 0.0691664 0.0311464 0.0343719 0.0581035 0.0640515 0.0469759 0.0633677 0.0588954 0.0408356 0.155326 0.0521751 0.0563694 0.0304953 0.130604 0.14723 0.116688 0.138366 0.0604079 0.0574536 0.0745369 0.0365626 0.185074 0.0269163 0.156534 0.0718471 
0.353888 0.132037 0.0604873 0.0635426 0.0495363 0.108181 0.273013 0.34817 0.0645383 0.0546982 0.167736 0.0649666 0.357931 0.0581643 0.286845 0.0598748 0.0462964 0.0590593 0.293155 0.31004 0.0555652 0.0664107 0.0526567 0.0592182 0.0483557 0.0357934 0.0581267 0.0666636 0.0515273 0.169775 0.0576178 0.143901 0.268454 0.0560526 0.0627849 0.0612665 0.173166 0.155139 0.0649253 0.0593655 0.143572 0.0547479 0.0557035 0.011059 0.0617356 0.266103 0.0594294 0.0483492 0.280527 0.0459012 0.0355349 0.0381656 0.287282 0.060428 0.0626081 0.0618118 0.0603232 0.0651694 0.299776 0.0491787 0.0584982 0.0665557 0.0537165 0.0488213 0.065936 0.0467561 0.0552318 0.0640721 0.178099 0.0562291 0.166234 0.0526933 0.299072 0.170715 0.296595 0.0591744 0.047994 0.056049 0.0584684 0.167176 0.0546512 0.0591176 0.0562378 0.0587066 0.264514 0.0593189 0.0556911 0.0457601 0.168983 0.184941 0.379622 0.175838 0.0536817 0.0594623 0.0657747 0.0412728 0.332851 0.0481739 0.30123 0.0645311 
