        -0         -1          0 0.00827044           -1            0 -6.04362e-06    0.0200209 6.04362e-06    0   -1 0.25 0 0 0 1         0 -0.263398  0.872398         0 -0.698398    1.3074 -0.611398    1.1334         0 -0.785398  0.785398         0 -0.785398  0.785398 -0.785398  0.785398
0.0575725
0.0450572
6.04359e-06
100
24
76
0.133961
0.256201
0.132514 0.237912 0.141157 0.172436 0.178493 0.0871405 0.139461 0.0164835 0.229925 0.0921799 0.135956 0.096726 0.193962 0.0929585 0.0833445 0.101435 0.0927787 0.139974 0.109279 0.0136944 0.0785696 0.129194 0.141819 0.229949 0.237994 0.108833 0.0131071 0.0141827 0.156811 0.16017 0.127691 0.235105 0.243811 0.0794948 0.152027 0.136664 0.160665 0.145035 0.133019 0.215211 0.149162 0.21517 0.135673 0.0793982 0.173453 0.174021 0.14771 0.0870218 0.142346 0.0119932 0.172082 0.0940552 0.13185 0.0891083 0.21491 0.0122194 0.135094 0.0133636 0.12003 0.223271 0.122175 0.191118 0.132443 0.225183 0.167557 0.146804 0.2118 0.116596 0.0144077 0.138823 0.0719518 0.03665 0.122623 0.212135 0.118911 0.242773 
0.228113 0.584974 0.231718 0.233344 0.320131 0.0471617 0.208418 0.099855 0.593682 0.232657 0.230346 0.245935 0.601002 0.208451 0.0939229 0.085198 0.0900064 0.235325 0.0455353 0.00353356 0.0488522 0.239463 0.262297 0.623818 0.606157 0.106917 0.00342506 0.00352449 0.270196 0.305656 0.21932 0.563838 0.577435 0.0487524 0.235383 0.222649 0.237687 0.25373 0.224082 0.574941 0.201523 0.552552 0.226831 0.0491736 0.256856 0.318139 0.258635 0.0460146 0.219454 0.00317142 0.282827 0.101065 0.221003 0.17821 0.550359 0.00316331 0.249407 0.00334783 0.215204 0.599749 0.21454 0.316598 0.218518 0.563469 0.315265 0.238404 0.625566 0.207663 0.00352397 0.250753 0.0894797 0.0891389 0.224662 0.610997 0.111986 0.606611 
