 0.590782 -0.731187 -0.341088 0.0438841  -0.633227  -0.682177   0.365593 -0.0323434      -0.5         0 -0.866026  0.232584 0 0 0 1           0 -0.00239816      1.6554           0   -0.785398      1.4814   -0.785398      1.6554         0 -0.785398  0.785398         0 -0.785398  0.785398 -0.785398  0.785398
0.0345806
0.200432
0.523598
100
69
31
0.0877933
0.279077
0.00376443 0.104618 0.0369146 0.163882 0.0397053 0.0681839 0.0927704 0.150432 0.0601019 0.193698 0.00125137 0.104948 0.0142921 0.189105 0.0419842 0.0824366 0.0789501 0.123119 0.175638 0.0137554 0.0879881 0.172829 0.082294 0.00573275 0.122307 0.143365 0.0520962 0.0321857 0.115743 0.153061 0.0144417 
0.0781109 0.329129 0.189297 0.484785 0.192888 0.194252 0.222038 0.306096 0.381681 0.479287 0.0843998 0.320535 0.103205 0.569106 0.153857 0.190108 0.212453 0.353864 0.49286 0.0965246 0.337387 0.609813 0.183496 0.0970544 0.405207 0.464098 0.201287 0.165662 0.212787 0.403483 0.136649 
