 -0.614815   0.704347   0.354821 -0.0406942  0.610043  0.709856 -0.352068 0.0267548  -0.49985         0 -0.866112  0.241255 0 0 0 1         0 -0.785398  0.785398         0 -0.698398    1.3944 -0.524398    1.4814         0 -0.785398  0.785398         0 -0.785398  0.785398 -0.785398  0.785398
0.005001
0.045935
0.523425
100
63
37
0.0487729
0.132786
0.00490048 0.0105084 0.072743 0.0114204 0.0326591 0.00361178 0.00396189 0.00750075 0.0664167 0.0408599 0.0970366 0.117726 0.0460593 0.0652833 0.0867365 0.034973 0.00937336 0.00828057 0.149093 0.0270424 0.133815 0.0284907 0.114713 0.00876744 0.0295051 0.0451014 0.0489405 0.00945643 0.0472317 0.0042481 0.156183 0.00477452 0.0347678 0.127748 0.0319125 0.0735723 0.00918451 
0.0333646 0.14553 0.202439 0.0933142 0.129355 0.00176706 0.0319864 0.0534753 0.1448 0.0529395 0.216368 0.390738 0.145873 0.199191 0.1688 0.0724668 0.0634538 0.0545194 0.201908 0.147087 0.244081 0.0507756 0.381703 0.0553847 0.164869 0.0540378 0.217115 0.100195 0.166888 0.0822184 0.204998 0.0379605 0.0418024 0.178714 0.133162 0.20051 0.0493084 
