   0.709856   -0.704347  0.00012319 -0.00899678    -0.704347    -0.709856 -0.000122234    0.0225505 0.000173543    0   -1 0.25 0 0 0 1         0 -0.785398  0.785398         0 -0.611398    1.1334 -0.611398    1.1334         0 -0.785398  0.785398         0 -0.785398  0.785398 -0.785398  0.785398
0.0141232
0.00260917
0.000173543
100
29
71
0.109395
0.188032
0.0870269 0.0501058 0.0956397 0.0127002 0.163243 0.175958 0.0135063 0.110838 0.105233 0.240315 0.181821 0.00979516 0.120507 0.0919383 0.0451357 0.0137753 0.0719819 0.145353 0.199522 0.104443 0.0978747 0.131147 0.144363 0.014436 0.136617 0.0909405 0.0221975 0.0116444 0.0136638 0.115179 0.111041 0.0800275 0.068634 0.0894844 0.0500302 0.153616 0.144699 0.214797 0.180489 0.115743 0.149555 0.193254 0.148038 0.115911 0.225702 0.0769406 0.0918001 0.128696 0.113176 0.0867711 0.236869 0.0802918 0.0130684 0.110983 0.0573114 0.111932 0.117654 0.195325 0.110259 0.197613 0.115543 0.0868364 0.0145874 0.116263 0.19707 0.107698 0.206106 0.133015 0.129339 0.0625824 0.0113829 
0.0418423 0.496002 0.0539435 0.00333544 0.260268 0.29174 0.00349822 0.0921483 0.11162 0.616576 0.315894 0.0743501 0.106739 0.0437163 0.1033 0.00356222 0.0439407 0.230389 0.555485 0.186893 0.108537 0.22574 0.260947 0.00373365 0.235601 0.0896174 0.0752858 0.0031789 0.00350826 0.191477 0.107752 0.0483416 0.0489541 0.0462801 0.0398943 0.245475 0.232101 0.562895 0.282311 0.10182 0.257409 0.307431 0.249767 0.10246 0.631242 0.215911 0.106728 0.212886 0.109405 0.108606 0.603487 0.0901814 0.00336997 0.0938182 0.075348 0.233123 0.110276 0.549387 0.103517 0.556454 0.112714 0.0539362 0.00380209 0.207274 0.528655 0.110098 0.565936 0.236997 0.213631 0.0448417 0.00286706 
