-1.30041e-16 -0.309017  0.951057  -0.15836 4.2253e-17 -0.951057 -0.309017 0.0614748           1           0 1.36734e-16  -0.0174053 0 0 0 1         0 -0.437398  0.959398         0 -0.437398  0.959398 -0.437398  0.959398         0 -0.785398  0.785398         0 -0.785398  0.785398 -0.785398  0.785398
0.0661907
0.0477016
0
100
1
99
0.0970616
0.127393
0.0259935 0.0553301 0.197132 0.0724834 0.0590422 0.0387778 0.133104 0.153659 0.0092251 0.0630634 0.0653988 0.0514888 0.151867 0.0365246 0.0642127 0.00620981 0.0653765 0.0832773 0.0760217 0.0487072 0.0591344 0.0831026 0.19716 0.159391 0.0391091 0.0736044 0.0856395 0.0411418 0.0654661 0.164176 0.178532 0.0130831 0.0337923 0.0567044 0.0714265 0.0546329 0.0303807 0.134371 0.0550526 0.0754433 0.0260388 0.0636233 0.199346 0.188828 0.0868988 0.195798 0.190721 0.142727 0.182227 0.157088 0.26766 0.0657635 0.166806 0.0382258 0.16908 0.0236261 0.0422708 0.171989 0.0743412 0.155838 0.0590875 0.0602901 0.0663275 0.0799364 0.183791 0.0694739 0.0882475 0.124908 0.0316537 0.0774511 0.20218 0.191493 0.149789 0.195324 0.0412 0.151164 0.186361 0.20579 0.0614308 0.067347 0.0595702 0.0623058 0.0538725 0.0566265 0.171545 0.0584424 0.0827304 0.0759795 0.0466218 0.077523 0.0548896 0.241 0.0388454 0.150655 0.17072 0.0598372 0.0308463 0.0307506 0.0559552 
0.044049 0.165076 0.361288 0.0589584 0.166503 0.0441298 0.170163 0.171733 0.0513218 0.0642166 0.0557367 0.0541141 0.166104 0.0398571 0.0619963 0.047068 0.0577565 0.0602108 0.0603093 0.0509144 0.0345769 0.0641621 0.318075 0.177867 0.0477693 0.0600052 0.0615019 0.0484274 0.0555913 0.296262 0.29659 0.0554773 0.0428738 0.0546407 0.0596222 0.0590515 0.0359342 0.123032 0.0632458 0.0674874 0.0388733 0.0535224 0.303849 0.307126 0.0710459 0.307008 0.29457 0.3809 0.208461 0.183277 0.513888 0.0603536 0.246996 0.0476382 0.291421 0.0430139 0.0467057 0.197045 0.0628395 0.173664 0.0548789 0.0456874 0.0614704 0.0626181 0.327637 0.0599992 0.0651922 0.163718 0.0435641 0.0669386 0.322589 0.286933 0.153244 0.322583 0.222983 0.178602 0.267965 0.343042 0.0778954 0.0602073 0.0625685 0.0540418 0.0551105 0.0558859 0.189758 0.0386415 0.0637823 0.060761 0.149158 0.0559027 0.0563936 0.00265937 0.0443296 0.234227 0.300266 0.0421004 0.044027 0.0487993 0.059865 
