  0.342274  -0.728969   0.592835 -0.0972339 -0.364484 -0.684547 -0.631305  0.117465  0.866025         0      -0.5 0.0352921 0 0 0 1         0 -0.524398  0.872398         0 -0.698398    1.4814 -0.437398  0.785398         0 -0.785398  0.785398         0 -0.785398  0.785398 -0.785398  0.785398
0.0430933
0.0666967
0.523599
100
51
49
0.0900355
0.178322
0.0616184 0.0304453 0.141123 0.0329151 0.0497866 0.18522 0.0545783 0.00620625 0.043867 0.0479847 0.141576 0.0538807 0.00582987 0.0498667 0.0559738 0.0582438 0.0372882 0.0887461 0.139993 0.117872 0.0468063 0.192004 0.0572518 0.0369622 0.0606872 0.0590369 0.046215 0.0071972 0.0436953 0.13761 0.0641328 0.0560704 0.167779 0.133168 0.113208 0.146458 0.125452 0.127285 0.0483773 0.183194 0.205812 0.123522 0.139941 0.134314 0.193533 0.12285 0.0429287 0.0511417 0.14209 
0.0681228 0.0662107 0.28094 0.0662527 0.0625281 0.515956 0.0636951 0.0780172 0.0670807 0.176663 0.317772 0.066982 0.00266427 0.0684062 0.174817 0.0689884 0.0649276 0.0706227 0.297109 0.296294 0.0641666 0.508293 0.0685325 0.0632576 0.0700229 0.065867 0.0663732 0.00271921 0.0693475 0.319988 0.0713038 0.0685309 0.209449 0.291228 0.273925 0.273692 0.259765 0.254642 0.0648021 0.210424 0.528754 0.26238 0.288649 0.265523 0.537594 0.258314 0.0629157 0.0654196 0.317828 
