 0.0936907   0.982287   0.162277 -0.0388393  0.491144 -0.187381  0.850686 -0.147477  0.866025         0      -0.5 0.0475947 0 0 0 1         0 -0.524398  0.959398         0 -0.611398    1.3944 -0.437398  0.785398         0 -0.785398  0.785398         0 -0.785398  0.785398 -0.785398  0.785398
0.0299489
0.0572202
0.523599
100
45
55
0.114345
0.234734
0.0679409 0.105504 0.0969775 0.155823 0.0678721 0.20533 0.153409 0.0532562 0.0748518 0.105311 0.123238 0.0439799 0.192189 0.105592 0.0389908 0.126436 0.0716916 0.147573 0.1863 0.198361 0.187765 0.0544136 0.0445544 0.0980497 0.174361 0.0534036 0.138373 0.112927 0.149622 0.0300422 0.0718735 0.035732 0.178892 0.108196 0.0344001 0.0586122 0.151178 0.163021 0.172327 0.191317 0.0997419 0.0609344 0.195694 0.125086 0.0541172 0.194758 0.125627 0.106306 0.164864 0.134188 0.16827 0.0512631 0.155093 0.0721709 0.0511901 
0.0704668 0.244694 0.246129 0.331275 0.0705068 0.558669 0.299111 0.0454623 0.0688976 0.232504 0.28598 0.0722799 0.53386 0.265447 0.0656957 0.28648 0.0704228 0.264429 0.556846 0.543822 0.220096 0.0672273 0.226498 0.281233 0.205411 0.0684506 0.307112 0.277268 0.317609 0.066534 0.164136 0.0645008 0.206311 0.257974 0.0509443 0.0544749 0.280626 0.293206 0.212453 0.528652 0.221526 0.069895 0.547853 0.295122 0.0488611 0.521339 0.236155 0.270375 0.222982 0.29732 0.224975 0.0667922 0.477722 0.0752008 0.0705316 
