-1.34643e-07 0.309017 0.951057 -0.16425 -4.37481e-08  -0.951057   0.309017 -0.0433477           1           0 1.41572e-07  -0.0508739 0 0 0 1         0 -0.437398  0.959398         0 -0.437398  0.959398 -0.437398  0.959398         0 -0.785398  0.785398         0 -0.785398  0.785398 -0.785398  0.785398
0.0635052
0.0648949
1.41572e-07
100
3
97
0.075712
0.106669
0.0406071 0.165495 0.154857 0.152704 0.0858087 0.0422437 0.0620189 0.0315626 0.0580833 0.0616348 0.201184 0.0433399 0.155127 0.0429414 0.152801 0.0582638 0.13472 0.0679655 0.0290601 0.0256942 0.0413242 0.0671972 0.0527058 0.0619755 0.0421313 0.184831 0.056528 0.155056 0.0269089 0.0438305 0.0640219 0.0843054 0.0238007 0.0413439 0.0324989 0.0571145 0.0246231 0.0845101 0.0384226 0.126192 0.0673234 0.0987622 0.0520544 0.0596288 0.0158471 0.164056 0.133935 0.03105 0.0716531 0.0521889 0.159637 0.0544229 0.0272772 0.0724159 0.0452128 0.0238591 0.034194 0.0557262 0.178742 0.0394915 0.043005 0.0874165 0.153273 0.0481034 0.0435517 0.0834301 0.160254 0.0345535 0.0504521 0.140298 0.166833 0.0737005 0.068332 0.0583694 0.0829729 0.0645791 0.0264221 0.0554915 0.173138 0.0578705 0.0436595 0.155305 0.0363747 0.0444424 0.0326014 0.0475471 0.0839096 0.0593854 0.0619097 0.0861924 0.054361 0.056102 0.126358 0.0470322 0.0592453 0.133247 0.0314322 
0.0514159 0.169074 0.176582 0.292192 0.0687073 0.0440936 0.0600237 0.0430765 0.183624 0.0564571 0.387779 0.159848 0.182601 0.0600705 0.178698 0.0561234 0.165264 0.066219 0.0358361 0.0625105 0.0506498 0.0581 0.05136 0.056963 0.167456 0.282543 0.0609894 0.184386 0.0429094 0.0487116 0.0553929 0.130647 0.0430578 0.0445561 0.0476838 0.0540665 0.039264 0.0655609 0.0514721 0.157068 0.0559012 0.249764 0.0521652 0.0621874 0.0405881 0.174449 0.305813 0.0492668 0.0600036 0.0497784 0.266339 0.05544 0.0505727 0.0606691 0.0502704 0.030357 0.0403485 0.0555849 0.293422 0.0474976 0.161266 0.066615 0.16406 0.0550276 0.159253 0.0644376 0.198477 0.0444237 0.0499531 0.160944 0.243271 0.195157 0.186394 0.0644867 0.0653592 0.0652292 0.0468442 0.0618067 0.309154 0.0538402 0.14666 0.25715 0.0532415 0.0598474 0.0474676 0.158343 0.0612442 0.0522192 0.0584964 0.0652971 0.0534684 0.0574445 0.26188 0.0585524 0.0645523 0.181542 0.0500715 
