   0.202276    0.976912  -0.0687502 -0.00773032  0.924947 -0.213641 -0.314373 0.0173836 -0.321803         0 -0.946807  0.251779 0 0 0 1         0 -0.785398  0.785398         0 -0.611398    1.1334 -0.524398    1.3944         0 -0.785398  0.785398         0 -0.785398  0.785398 -0.785398  0.785398
-1
0.00136082
0.327633
100
59
41
0.057394
0.118538
0.050797 0.0318581 0.0623599 0.131951 0.0916879 0.00716859 0.0858608 0.00403771 0.0806535 0.160311 0.0132247 0.0223853 0.00742802 0.00474126 0.00699976 0.159635 0.109296 0.0149136 0.0466104 0.160637 0.0170881 0.0135984 0.14757 0.0341769 0.149448 0.081893 0.0102284 0.00868048 0.105872 0.00165645 0.0554637 0.00816332 0.138616 0.0719165 0.0180149 0.00642901 0.0161817 0.0695129 0.0688919 0.0684238 0.00877105 
0.0784799 0.0546889 0.0780279 0.263658 0.0952856 0.0539805 0.0825514 0.0792877 0.0896755 0.2844 0.0822238 0.045047 0.0520169 0.169352 0.0571061 0.280572 0.2519 0.0426998 0.0656344 0.278542 0.179287 0.105465 0.306505 0.069911 0.257085 0.078256 0.144082 0.00218151 0.187125 0.038154 0.0730618 0.00246961 0.265428 0.0766158 0.0984073 0.00198494 0.109693 0.0807751 0.0832989 0.0795874 0.135575 
