9.36006e-17  0.728969  0.684547 -0.123051 9.96745e-17 -0.684547  0.728969 -0.117114            1            0 -1.36734e-16    0.0174053 0 0 0 1         0 -0.437398  0.959398         0 -0.437398  0.959398 -0.437398  0.959398         0 -0.785398  0.785398         0 -0.785398  0.785398 -0.785398  0.785398
0.0571594
0.0696337
2.22045e-16
100
1
99
0.0868691
0.116369
0.20252 0.171355 0.0679409 0.161622 0.140397 0.192528 0.0712926 0.0614413 0.145227 0.0631597 0.029314 0.197767 0.0504887 0.16556 0.0702276 0.031282 0.0531508 0.0387027 0.00849275 0.065101 0.0453732 0.0636549 0.0684323 0.022239 0.187448 0.0666751 0.18864 0.0585656 0.0562826 0.033302 0.0595902 0.0609447 0.157047 0.179353 0.0551829 0.0423272 0.0619712 0.202537 0.168537 0.0528664 0.138579 0.0765646 0.073038 0.0604833 0.0233027 0.072464 0.131227 0.0470661 0.0581318 0.0444965 0.288078 0.0776128 0.185739 0.0552764 0.0519349 0.0606082 0.0447869 0.0774123 0.0447381 0.05975 0.0673251 0.0878895 0.149795 0.0633637 0.0454359 0.206414 0.138646 0.0376946 0.0209063 0.0668531 0.0327504 0.191775 0.046523 0.0612773 0.0335678 0.0678623 0.0720399 0.0531374 0.0646213 0.12857 0.0817362 0.162684 0.0547178 0.041521 0.0571761 0.0561473 0.0332861 0.181109 0.035352 0.0556527 0.137734 0.0636783 0.0668376 0.0745766 0.0386881 0.169503 0.0473037 0.0611416 0.0549235 
0.284493 0.235121 0.167973 0.188199 0.171934 0.218201 0.0549537 0.0501757 0.163011 0.0531814 0.0519157 0.344771 0.0563463 0.176318 0.055622 0.0523758 0.0524881 0.0456246 0.0475535 0.0667897 0.0584936 0.0553297 0.062996 0.0401239 0.262289 0.168824 0.300018 0.0485875 0.0551618 0.0463282 0.0584043 0.0560007 0.173132 0.288281 0.0621025 0.0548312 0.0406599 0.300824 0.271511 0.0578495 0.139203 0.0597631 0.0618191 0.0571472 0.0463713 0.0613322 0.158852 0.154586 0.0591709 0.0576428 0.537177 0.061904 0.31 0.0552437 0.0544024 0.0615697 0.0487565 0.0590509 0.0479061 0.062769 0.0633015 0.0922952 0.174911 0.0588844 0.055884 0.339131 0.0837158 0.052655 0.0478443 0.0591036 0.0563581 0.319535 0.0604627 0.056764 0.160159 0.08011 0.0681112 0.163131 0.0609632 0.368253 0.0629386 0.304298 0.0586667 0.0440692 0.0624676 0.0544803 0.0435869 0.30565 0.0483233 0.0576517 0.168493 0.135656 0.0640585 0.0611397 0.0519619 0.268887 0.0489227 0.0528947 0.051366 
