2.96016e-05 0.309017 0.951057 -0.16425 9.61813e-06  -0.951057   0.309017 -0.0433476            1            0 -3.11249e-05    0.0707506 0 0 0 1         0 -0.437398  0.959398         0 -0.437398  0.959398 -0.437398  0.959398         0 -0.785398  0.785398         0 -0.785398  0.785398 -0.785398  0.785398
0.0571376
0.0535515
3.11249e-05
100
0
100
0.0797863
0.107666
0.12018 0.0537276 0.0443653 0.0424632 0.106835 0.0320095 0.0591078 0.0393069 0.0557655 0.18206 0.113227 0.142487 0.0468063 0.120364 0.141167 0.0458714 0.0392204 0.0284851 0.06197 0.135247 0.0709841 0.0456397 0.032134 0.0341194 0.0661771 0.0819096 0.035759 0.0383743 0.141994 0.0186974 0.037999 0.0549929 0.0360882 0.0733429 0.0360372 0.1323 0.0494802 0.125317 0.0553416 0.0705265 0.0616321 0.0368912 0.0629311 0.0586478 0.0583913 0.145192 0.058817 0.0640875 0.0571557 0.236214 0.0517402 0.0698694 0.0447994 0.160771 0.0224298 0.0451715 0.0243003 0.0473655 0.0604101 0.0896813 0.0233767 0.0667774 0.14814 0.124175 0.179032 0.166451 0.0275511 0.0440032 0.0500444 0.0488035 0.0639859 0.0527749 0.180823 0.0476719 0.0592843 0.137331 0.0498225 0.172544 0.0546381 0.165608 0.0466869 0.0410973 0.0695623 0.0650234 0.0433198 0.161604 0.16477 0.147619 0.0372523 0.156318 0.0629068 0.073533 0.130419 0.0794812 0.0584386 0.0620719 0.0427528 0.0385827 0.140675 0.189299 
0.132694 0.0356068 0.0445809 0.0548083 0.306415 0.0511689 0.0667195 0.0503878 0.0430424 0.304158 0.211773 0.164341 0.045141 0.120787 0.163805 0.0362991 0.0430806 0.0364833 0.0622165 0.150074 0.0625625 0.0424664 0.0341745 0.0310283 0.0640047 0.064462 0.0471761 0.0501038 0.18597 0.0332882 0.0330596 0.0526905 0.0491177 0.0798887 0.122928 0.176194 0.0423076 0.154239 0.0543194 0.0667525 0.0565816 0.0472149 0.0614638 0.0607944 0.0602401 0.216631 0.0592757 0.0588785 0.161215 0.513089 0.0602956 0.0650103 0.0547915 0.289949 0.172288 0.0364196 0.0524392 0.0350605 0.0544082 0.0939942 0.0470737 0.0623582 0.177383 0.12778 0.314263 0.315873 0.030818 0.0579186 0.0478395 0.0431205 0.0454002 0.0589036 0.295563 0.0465314 0.0370985 0.183304 0.0555632 0.236328 0.0564198 0.285144 0.0484205 0.0342231 0.057627 0.049102 0.042978 0.299184 0.298166 0.177015 0.157491 0.254688 0.0533015 0.0689208 0.133806 0.0655432 0.0618324 0.0508617 0.0371459 0.0639911 0.200743 0.30652 
