    0.9309   0.313463   0.187525 -0.0554902     0.30729     -0.9496    0.061902 -0.00935114  0.197478         0 -0.980307  0.246639 0 0 0 1         0 -0.437398  0.959398         0 -0.611398    1.1334 -0.524398  0.872398         0 -0.785398  0.785398         0 -0.785398  0.785398 -0.785398  0.785398
0.0585593
0.0482285
0.198785
100
12
88
0.101311
0.149058
0.0143828 0.151675 0.0633469 0.010053 0.064599 0.0618853 0.167579 0.170434 0.0610248 0.172214 0.110927 0.157097 0.166644 0.0645447 0.107525 0.140364 0.124876 0.151747 0.251368 0.0540781 0.121853 0.111092 0.131497 0.0178289 0.115712 0.0565851 0.060615 0.127045 0.0702299 0.130791 0.0492654 0.178167 0.156858 0.126509 0.142271 0.148339 0.0721075 0.075492 0.164084 0.062255 0.0769847 0.0652086 0.124816 0.0118742 0.156093 0.126765 0.0134403 0.151164 0.130986 0.0619231 0.0668627 0.125156 0.158793 0.0572207 0.0744137 0.0877176 0.149599 0.0921017 0.0703567 0.0821749 0.142101 0.0132789 0.0141708 0.139309 0.0124448 0.0684262 0.119968 0.127945 0.150779 0.17319 0.0121091 0.0731194 0.163178 0.0676981 0.144444 0.0616498 0.059434 0.156875 0.12515 0.0708028 0.0149534 0.0936156 0.164961 0.0133744 0.0675575 0.192459 0.140049 0.0636883 
0.00332522 0.275983 0.0528725 0.00288248 0.0458357 0.0537622 0.250171 0.263077 0.0448107 0.258322 0.217432 0.492287 0.250069 0.043498 0.0925874 0.186947 0.233353 0.269489 0.578623 0.0456464 0.234612 0.0943452 0.214649 0.0284205 0.229068 0.0528479 0.0517975 0.213641 0.0538621 0.250199 0.0350672 0.269145 0.257755 0.128151 0.229842 0.236863 0.0525229 0.0537117 0.272193 0.0486308 0.0553163 0.0481014 0.217629 0.00331141 0.268208 0.239068 0.00358629 0.243106 0.238165 0.047264 0.0466915 0.246904 0.242184 0.0492644 0.0425432 0.208802 0.216589 0.101431 0.0525394 0.0377795 0.119869 0.0166411 0.00375148 0.252648 0.00325498 0.0480156 0.230149 0.213081 0.236148 0.495173 0.00316706 0.0438815 0.267752 0.0454076 0.190739 0.0488152 0.0542967 0.239297 0.254723 0.0533059 0.00361855 0.0779234 0.256237 0.00367422 0.0536405 0.331145 0.249884 0.0440849 
