-3.37945e-11 -0.309017  0.951057  -0.15836 1.09805e-11 -0.951057 -0.309017 0.0614748           1           0 3.55336e-11  -0.0297079 0 0 0 1         0 -0.437398  0.959398         0 -0.437398  0.959398 -0.437398  0.959398         0 -0.785398  0.785398         0 -0.785398  0.785398 -0.785398  0.785398
0.0503897
0.054305
3.55336e-11
100
1
99
0.0839933
0.109759
0.0673576 0.0634974 0.00983048 0.0403693 0.0819197 0.0616332 0.0430228 0.047358 0.0429733 0.072944 0.0684102 0.269189 0.0346796 0.143674 0.188292 0.128071 0.0736683 0.0377778 0.0831999 0.143617 0.0741941 0.141905 0.167534 0.0830051 0.0552057 0.0819054 0.0760731 0.162275 0.190684 0.188335 0.0515426 0.0652726 0.038853 0.0522411 0.161515 0.0370829 0.0753826 0.039823 0.0550735 0.0609038 0.0792196 0.0680077 0.156762 0.273182 0.0366573 0.0435548 0.192273 0.140833 0.082694 0.0670738 0.0448893 0.0438732 0.0245672 0.0239581 0.0662393 0.0560307 0.0380761 0.0737004 0.05059 0.0465863 0.137806 0.147437 0.038816 0.0503874 0.0467958 0.0603183 0.189833 0.0739296 0.0307251 0.0855927 0.0290718 0.0483076 0.0762739 0.0443004 0.123661 0.164146 0.0509162 0.034317 0.0482536 0.15579 0.0518115 0.0713524 0.0808436 0.160113 0.0268741 0.0191957 0.0495936 0.0301829 0.032482 0.0600884 0.0625017 0.0523655 0.0575848 0.165874 0.061753 0.156603 0.151953 0.161263 0.0571624 
0.0583571 0.0546638 0.00789276 0.149108 0.0637581 0.0605161 0.0500416 0.0574416 0.0521103 0.0635162 0.0573329 0.494168 0.0471926 0.173559 0.292973 0.179983 0.0627093 0.044671 0.0642326 0.166682 0.0699721 0.163502 0.294753 0.0527941 0.0518698 0.060236 0.0637026 0.178657 0.304913 0.260192 0.048267 0.0533771 0.0579182 0.050766 0.187741 0.0529628 0.159884 0.0464793 0.0534516 0.0556167 0.0621733 0.068874 0.283224 0.514929 0.155402 0.051061 0.324784 0.170409 0.0699369 0.0608332 0.0497341 0.0569989 0.0487604 0.0473784 0.0580808 0.0574314 0.0439403 0.0574843 0.0536022 0.0470873 0.166904 0.172416 0.0443793 0.0521077 0.0486293 0.0553977 0.300381 0.0615203 0.0546759 0.0610165 0.0544688 0.0455997 0.0590614 0.0490388 0.350321 0.303847 0.0537414 0.0492765 0.0519814 0.176241 0.057694 0.0619858 0.0635567 0.160729 0.0299848 0.0575805 0.0554482 0.0455735 0.0475126 0.0556293 0.061442 0.0574074 0.0553539 0.312733 0.0570786 0.200706 0.178291 0.283254 0.0631367 
