  0.160678   0.976912   0.140801 -0.0356595  0.734729 -0.213641  0.643841 -0.110328  0.659057         0 -0.752093  0.216998 0 0 0 1         0 -0.524398  0.959398         0 -0.437398    1.1334 -0.524398  0.872398         0 -0.785398  0.785398         0 -0.785398  0.785398 -0.785398  0.785398
0.0322121
0.0599238
0.719564
100
4
96
0.0830613
0.126746
0.00834507 0.10754 0.206867 0.0308964 0.165334 0.0408416 0.00938161 0.0679584 0.0468545 0.0565147 0.04936 0.128516 0.0220932 0.0306203 0.137 0.139315 0.143211 0.00755898 0.00692206 0.0257568 0.0623315 0.178853 0.0482181 0.0286602 0.055033 0.127887 0.120749 0.137387 0.0869949 0.156694 0.0103221 0.126086 0.0937387 0.0092983 0.19778 0.0569409 0.0457301 0.0558783 0.074561 0.0437744 0.10791 0.133007 0.0514222 0.0583477 0.0395585 0.133679 0.144801 0.162179 0.142733 0.197848 0.13214 0.00987356 0.0118322 0.141895 0.0310796 0.149009 0.00877438 0.0144308 0.119032 0.11633 0.144855 0.188541 0.0126714 0.12061 0.0602346 0.0171029 0.132143 0.128267 0.119232 0.0492584 0.0484495 0.132913 0.0560817 0.133276 0.010447 0.143048 0.0560034 0.00740544 0.0240512 0.0611263 0.0281839 0.0439497 0.0396442 0.0568385 0.0793572 0.13113 0.0578755 0.15042 0.0602705 0.12862 0.120298 0.0483557 0.0511367 0.0654433 0.154434 0.0585262 
0.0586132 0.200084 0.452008 0.0612768 0.205389 0.0654629 0.0584624 0.141965 0.0507767 0.0497276 0.0473647 0.247089 0.0650441 0.0505109 0.165435 0.239393 0.181789 0.0589092 0.0527938 0.052977 0.0485376 0.217637 0.0566694 0.0575683 0.0473717 0.196524 0.186182 0.173412 0.191991 0.382612 0.0575413 0.209744 0.133872 0.0567389 0.234744 0.049717 0.0503787 0.0524057 0.0550971 0.0448771 0.181529 0.240576 0.0585357 0.0516104 0.0597415 0.172057 0.189337 0.230488 0.23412 0.421189 0.212825 0.0652192 0.0516871 0.140841 0.0530476 0.197427 0.0583889 0.0591374 0.153316 0.208456 0.188347 0.442139 0.0595334 0.177298 0.0477037 0.0573698 0.160671 0.166475 0.178365 0.04634 0.0467635 0.163392 0.0476325 0.174351 0.0573534 0.181928 0.0509381 0.0536176 0.0582658 0.0477251 0.0562732 0.0501918 0.065676 0.0519158 0.0668656 0.156343 0.0613159 0.197362 0.0539239 0.212582 0.136859 0.0562266 0.0635589 0.0517094 0.384745 0.0476624 
