-0.0936907  0.982287 -0.162277 0.0201169  0.491144  0.187381  0.850686 -0.151049  0.866025         0      -0.5 0.0824053 0 0 0 1         0 -0.524398  0.872398         0 -0.698398    1.4814 -0.437398  0.785398         0 -0.785398  0.785398         0 -0.785398  0.785398 -0.785398  0.785398
0.0541633
0.0692958
0.523599
100
40
60
0.124617
0.237721
0.0718763 0.174652 0.161147 0.157236 0.144288 0.0706198 0.141053 0.127185 0.0356811 0.141446 0.161955 0.105094 0.0432896 0.139329 0.138513 0.0812786 0.0577109 0.177635 0.109233 0.196232 0.065414 0.142593 0.16523 0.14492 0.16734 0.0940542 0.0648233 0.148654 0.198576 0.118228 0.142954 0.0626963 0.164782 0.153103 0.195127 0.130123 0.181955 0.106903 0.156767 0.0573919 0.0520206 0.0672264 0.08061 0.138904 0.16238 0.087777 0.174988 0.0611113 0.0570102 0.135066 0.141681 0.169048 0.0676313 0.126983 0.190303 0.176258 0.140444 0.181989 0.121797 0.046719 
0.0744211 0.20534 0.27572 0.306787 0.252059 0.173101 0.266343 0.244664 0.0617144 0.262428 0.289185 0.241357 0.0615142 0.276361 0.304052 0.267792 0.0660659 0.210139 0.25105 0.528482 0.0733678 0.28961 0.54606 0.277163 0.283189 0.220199 0.0704667 0.320245 0.532788 0.287047 0.31199 0.0706388 0.289338 0.305556 0.213516 0.304811 0.49775 0.304358 0.324029 0.0696982 0.251144 0.156912 0.0736544 0.276843 0.294642 0.0770847 0.216462 0.0725548 0.0677855 0.302101 0.286186 0.306634 0.0674884 0.252212 0.204014 0.210812 0.303268 0.274692 0.290434 0.0679574 
