  0.342274  -0.728969   0.592835 -0.0972339 -0.364484 -0.684547 -0.631305  0.117465  0.866025         0      -0.5 0.0947079 0 0 0 1         0 -0.524398  0.872398         0 -0.698398    1.4814 -0.437398  0.785398         0 -0.785398  0.785398         0 -0.785398  0.785398 -0.785398  0.785398
0.0432155
0.0644193
0.523599
100
37
63
0.123419
0.236682
0.163657 0.133619 0.173145 0.0457597 0.0439667 0.172808 0.0539606 0.0568866 0.0728894 0.0721648 0.0476932 0.083118 0.0530228 0.139003 0.15563 0.0652303 0.0989445 0.0655772 0.169375 0.128206 0.182706 0.0747338 0.149354 0.190927 0.170048 0.131678 0.145437 0.148907 0.190579 0.0590257 0.168033 0.161557 0.0692798 0.170305 0.144968 0.0652568 0.170714 0.0587322 0.203895 0.127186 0.16696 0.153565 0.170274 0.130299 0.124044 0.157584 0.165249 0.173498 0.201696 0.0682598 0.202117 0.161381 0.160323 0.186346 0.0226185 0.0669885 0.0688769 0.0746201 0.0459741 0.141483 0.0512446 0.159045 0.144972 
0.274109 0.296501 0.299216 0.067577 0.0657899 0.300055 0.0631464 0.0638454 0.070735 0.0739653 0.0669179 0.363177 0.0669816 0.323813 0.31324 0.0732673 0.284573 0.067788 0.287024 0.268033 0.214147 0.1641 0.296861 0.538777 0.272847 0.28691 0.293623 0.28785 0.503411 0.0645465 0.286581 0.277438 0.0538024 0.298908 0.318923 0.0696515 0.218635 0.0648363 0.542586 0.295246 0.220653 0.288548 0.300102 0.260461 0.209622 0.294179 0.271696 0.27863 0.521081 0.0686166 0.511564 0.283868 0.273523 0.53461 0.0704091 0.0658526 0.0574516 0.374534 0.0680325 0.277205 0.0690327 0.293139 0.27873 
