 0.475528 -0.309017  0.823639 -0.141796 -0.154508 -0.951057 -0.267617 0.0560927  0.866025         0      -0.5 0.0352921 0 0 0 1         0 -0.524398  0.872398         0 -0.698398    1.4814 -0.437398  0.785398         0 -0.785398  0.785398         0 -0.785398  0.785398 -0.785398  0.785398
0.0389217
0.0693433
0.523599
100
56
44
0.0867865
0.175559
0.00665429 0.183593 0.00671665 0.133424 0.103693 0.038351 0.007215 0.0538252 0.160022 0.137739 0.150504 0.133338 0.134946 0.140775 0.119954 0.0374906 0.186411 0.16542 0.00655149 0.0532858 0.0694062 0.184131 0.0677265 0.00615972 0.0373387 0.117672 0.130094 0.0256199 0.142839 0.00687058 0.107036 0.0077537 0.136007 0.152641 0.0525721 0.0535153 0.0355882 0.00703372 0.043416 0.0626826 0.118059 0.035833 0.132826 0.125874 
0.00242135 0.507109 0.00253283 0.252703 0.265679 0.0643873 0.00281983 0.071463 0.208492 0.26373 0.308011 0.273613 0.277638 0.310621 0.218676 0.0636613 0.519487 0.213563 0.070458 0.0601197 0.167695 0.211544 0.158361 0.00222565 0.0616487 0.28751 0.291382 0.216385 0.275532 0.0768511 0.0732272 0.0569926 0.28256 0.326062 0.0704215 0.0698474 0.0639863 0.00252267 0.0659639 0.068361 0.27868 0.0627949 0.298568 0.298273 
