  -0.709856   -0.704347 -0.00012319   0.0224216    -0.704347     0.709856 -0.000122234   0.00902066 0.000173543    0   -1 0.25 0 0 0 1         0 -0.785398  0.785398         0 -0.611398    1.1334 -0.611398    1.1334         0 -0.785398  0.785398         0 -0.785398  0.785398 -0.785398  0.785398
0.0131589
0.00235603
0.000173543
100
34
66
0.0978289
0.154462
0.0872463 0.191473 0.0380528 0.0152528 0.00773728 0.201079 0.0995046 0.074423 0.029201 0.108433 0.178236 0.165667 0.116941 0.113401 0.0136312 0.025444 0.100637 0.129414 0.103243 0.0688868 0.0155639 0.0868746 0.0829865 0.0123074 0.0825576 0.1167 0.127682 0.0128776 0.0873643 0.182965 0.160146 0.0141303 0.112718 0.15085 0.100572 0.113857 0.157104 0.163572 0.116707 0.00970235 0.121831 0.0860851 0.133061 0.0137997 0.0922723 0.212809 0.0141193 0.0159799 0.0998208 0.130351 0.12313 0.0881109 0.107388 0.0114213 0.100636 0.178973 0.127307 0.0966013 0.0748411 0.223889 0.163379 0.143078 0.0133334 0.19153 0.00156578 0.116252 
0.0894902 0.494612 0.0794307 0.00387991 0.00229027 0.536887 0.0478055 0.0448349 0.0880915 0.0934872 0.289939 0.268369 0.0971138 0.111124 0.00357571 0.102752 0.0560751 0.21318 0.0995381 0.507334 0.00380473 0.0528473 0.0485697 0.00319446 0.0485987 0.105879 0.221502 0.00327221 0.0864187 0.613584 0.264503 0.00353805 0.104346 0.295022 0.0943219 0.103102 0.254945 0.300961 0.104724 0.00281085 0.115103 0.04779 0.212835 0.00350526 0.096134 0.594677 0.00328553 0.0038793 0.0909688 0.222316 0.225908 0.0874668 0.104287 0.00313367 0.0901258 0.313626 0.238764 0.101399 0.0439543 0.587336 0.256753 0.241982 0.00351272 0.453188 0.00117625 0.10562 
