  0.614692  -0.704347   0.355035 -0.0551353 -0.609921 -0.709856 -0.352279 0.0683309   0.50015         0 -0.865939  0.232572 0 0 0 1         0 -0.524398  0.872398         0 -0.524398    1.2204 -0.524398  0.872398         0 -0.785398  0.785398         0 -0.785398  0.785398 -0.785398  0.785398
0.0446755
0.0454627
0.523772
100
4
96
0.113476
0.187116
0.0637509 0.146253 0.123369 0.139383 0.0629973 0.158817 0.0183033 0.164875 0.0530809 0.191064 0.147853 0.0615622 0.150152 0.0291169 0.211858 0.0665861 0.105592 0.129874 0.0573333 0.0304539 0.155112 0.0625685 0.0397911 0.162154 0.172174 0.12934 0.168897 0.0413754 0.0201877 0.205602 0.127745 0.216739 0.0574816 0.0305696 0.140831 0.2121 0.181544 0.0550023 0.0359241 0.199965 0.0550964 0.0407162 0.0490042 0.0748829 0.0115043 0.132147 0.153512 0.116871 0.0304513 0.13236 0.0690379 0.154891 0.143915 0.0526562 0.169831 0.193069 0.151743 0.210499 0.0126112 0.194986 0.0712294 0.134911 0.174122 0.0537719 0.137623 0.145734 0.0123422 0.0610891 0.180758 0.148551 0.0635479 0.194672 0.141476 0.199893 0.0538755 0.0582415 0.128936 0.140674 0.132096 0.121694 0.0958001 0.0483821 0.124647 0.183618 0.137631 0.00994847 0.178191 0.0340759 0.09324 0.054443 0.136995 0.00899915 0.162823 0.197219 0.194497 0.200808 
0.0491425 0.230441 0.148191 0.170264 0.0496424 0.210951 0.0441283 0.205695 0.0490385 0.452043 0.188634 0.0484025 0.186763 0.0543758 0.478875 0.0478414 0.130748 0.155114 0.0460759 0.0502414 0.218631 0.0501309 0.0484614 0.215451 0.444596 0.15997 0.461472 0.16981 0.0417864 0.510716 0.162946 0.51641 0.0498259 0.0476875 0.171537 0.448992 0.433035 0.0492823 0.0472942 0.460759 0.0501583 0.0451726 0.0470094 0.16961 0.0467109 0.161669 0.136582 0.176584 0.0459982 0.161867 0.0493707 0.182933 0.175346 0.0461719 0.222636 0.430986 0.212786 0.49637 0.0554715 0.478496 0.0495883 0.183353 0.427565 0.0482325 0.165163 0.194614 0.0540813 0.0500441 0.514372 0.162266 0.0485452 0.229141 0.212462 0.4466 0.0483119 0.0484601 0.162038 0.188742 0.162128 0.207627 0.193245 0.0487306 0.205124 0.197337 0.186733 0.0526848 0.252026 0.0499348 0.200868 0.050048 0.161704 0.0514312 0.192596 0.457249 0.477932 0.484845 
