       -0        -1         0 0.0107896           -1            0 -6.04362e-06    0.0200209 6.04362e-06    0   -1 0.25 0 0 0 1         0 -0.263398  0.959398         0 -0.611398    1.1334 -0.611398    1.1334         0 -0.785398  0.785398         0 -0.785398  0.785398 -0.785398  0.785398
0.0770798
0.0432803
6.04359e-06
100
24
76
0.115474
0.182284
0.159493 0.0127046 0.0896595 0.172708 0.223334 0.115608 0.151677 0.103271 0.173682 0.165006 0.164449 0.0129819 0.0721267 0.144018 0.0957821 0.108418 0.109418 0.101981 0.180357 0.078316 0.0102087 0.13676 0.112564 0.0129566 0.163224 0.108643 0.169442 0.0689719 0.0146201 0.169324 0.0406163 0.140121 0.208838 0.125902 0.113241 0.144069 0.176829 0.0780397 0.124775 0.18617 0.0902151 0.0129975 0.0333225 0.103853 0.102686 0.168528 0.12811 0.0120337 0.111478 0.0122842 0.0874725 0.23524 0.216106 0.080254 0.129162 0.156027 0.116039 0.116067 0.124397 0.0831993 0.131872 0.141623 0.094209 0.143108 0.0845808 0.101463 0.144571 0.133322 0.131798 0.130576 0.0949716 0.112168 0.138845 0.0997022 0.121538 0.111905 
0.266746 0.00345389 0.046727 0.585461 0.613337 0.0984578 0.262505 0.0972284 0.266942 0.289295 0.296311 0.0034157 0.049625 0.250017 0.0869621 0.111445 0.0970295 0.107423 0.32091 0.0499041 0.00292371 0.255455 0.0967001 0.00332419 0.256093 0.105179 0.304892 0.0445627 0.0036592 0.261777 0.200095 0.165029 0.508343 0.214657 0.097514 0.257992 0.304977 0.0477067 0.253747 0.327661 0.0537291 0.00287432 0.302908 0.0983406 0.103468 0.258955 0.214077 0.00317295 0.106232 0.00330234 0.0488362 0.609997 0.57808 0.0458629 0.23344 0.252826 0.094422 0.199971 0.217147 0.0455716 0.229611 0.256801 0.0947167 0.213451 0.0499739 0.203833 0.319366 0.249853 0.21131 0.220991 0.0877358 0.101424 0.261216 0.0492901 0.104116 0.111213 
