  -0.709856    0.704347 -0.00012319  0.00899678    0.704347    0.709856 0.000122234  -0.0225505 0.000173543    0   -1 0.25 0 0 0 1         0 -0.785398  0.785398         0 -0.611398    1.1334 -0.611398    1.1334         0 -0.785398  0.785398         0 -0.785398  0.785398 -0.785398  0.785398
-1
0.0013226
0.000173543
100
27
73
0.107578
0.19327
0.126094 0.100512 0.139849 0.17196 0.101042 0.0478711 0.0302212 0.0112345 0.111985 0.112718 0.233596 0.169756 0.130647 0.13813 0.0237958 0.225956 0.0407251 0.014093 0.167801 0.0661374 0.0132575 0.0855977 0.245537 0.240232 0.111615 0.0124225 0.0135393 0.119277 0.130208 0.0963689 0.0928405 0.0138771 0.121227 0.105624 0.133059 0.110226 0.0751145 0.0979538 0.109819 0.115659 0.176578 0.155083 0.0118995 0.22556 0.214331 0.238577 0.0140327 0.237817 0.215633 0.0786018 0.157683 0.0132939 0.0944875 0.100797 0.117388 0.0929942 0.0139572 0.172277 0.107892 0.0126189 0.114532 0.0771817 0.24159 0.136273 0.155713 0.0773705 0.109356 0.0632967 0.0118158 0.0130805 0.0659782 0.115153 0.0127505 
0.209479 0.101586 0.222268 0.317532 0.1045 0.0391834 0.276863 0.00277583 0.0977865 0.113993 0.598881 0.315937 0.211636 0.248851 0.206838 0.570328 0.0918406 0.00359996 0.286839 0.0971517 0.0033767 0.047119 0.602221 0.610735 0.0997895 0.00329978 0.00338813 0.103384 0.192853 0.101271 0.077828 0.00349963 0.217854 0.0853282 0.224778 0.0977832 0.0888827 0.230997 0.109494 0.119207 0.310897 0.312525 0.00313193 0.56781 0.569089 0.604148 0.00349736 0.644556 0.90758 0.0492838 0.255243 0.00336888 0.0442088 0.046077 0.112273 0.24655 0.00373756 0.308986 0.103149 0.00323066 0.119759 0.0443377 0.611026 0.212096 0.26676 0.0509896 0.0924451 0.302443 0.00291255 0.00335517 0.0469466 0.112017 0.00328751 
