          0           1           0 -0.00827044  0.866028         0 -0.499995 0.0499791 -0.499995         0 -0.866028  0.241244 0 0 0 1         0 -0.785398  0.785398         0 -0.698398    1.3074 -0.524398    1.4814         0 -0.785398  0.785398         0 -0.785398  0.785398 -0.785398  0.785398
0.00382509
0.0604125
0.523593
100
53
47
0.0396687
0.139262
0.0168697 0.0592464 0.0977166 0.0716537 0.092283 0.0824938 0.116032 0.00450258 0.140361 0.132439 0.0047118 0.0169762 0.0181851 0.0146814 0.00973636 0.00647507 0.0848692 0.0272951 0.0895065 0.00498512 0.00449049 0.00866068 0.0262866 0.012246 0.0413423 0.0240823 0.0121896 0.0188105 0.00855468 0.00487813 0.0062871 0.0551735 0.00169572 0.00481329 0.0395849 0.0452407 0.0315238 0.0115513 0.0334132 0.00323897 0.0480731 0.0391308 0.168494 0.00175349 0.0138845 0.044425 0.0635868 
0.0545663 0.212848 0.188555 0.213226 0.173051 0.0663538 0.370983 0.0682997 0.400917 0.362447 0.0640362 0.0457701 0.148268 0.0609885 0.0330478 0.0364804 0.158712 0.126738 0.160204 0.091456 0.0884909 0.103733 0.112473 0.0633587 0.189571 0.101647 0.090207 0.199667 0.041757 0.0890397 0.0720392 0.221305 0.085534 0.0692437 0.0557622 0.205542 0.0521951 0.0928261 0.165212 0.0557442 0.197116 0.173402 0.474671 0.0769906 0.0578386 0.192741 0.180245 
