 0.475528 -0.309017  0.823639 -0.141796 -0.154509 -0.951057 -0.267617 0.0560927 0.866025        0     -0.5 0.115874 0 0 0 1         0 -0.524398  0.872398         0 -0.698398    1.4814 -0.437398  0.785398         0 -0.785398  0.785398         0 -0.785398  0.785398 -0.785398  0.785398
0.0438807
0.0665617
0.523599
100
42
58
0.139121
0.284866
0.165467 0.173987 0.137884 0.171007 0.180817 0.153989 0.137751 0.127541 0.113156 0.19005 0.147249 0.177011 0.128775 0.166335 0.162706 0.203757 0.137717 0.140501 0.00463626 0.159013 0.00460855 0.121037 0.104776 0.164217 0.079735 0.151452 0.0639417 0.211201 0.170013 0.173336 0.145766 0.156037 0.142907 0.158528 0.23272 0.164176 0.0847367 0.141352 0.138286 0.04139 0.155147 0.155412 0.150988 0.140706 0.143039 0.145024 0.0624566 0.146544 0.140248 0.146212 0.0718054 0.162915 0.13663 0.0729289 0.138374 0.101483 0.170419 0.199118 
0.285394 0.299059 0.260649 0.215442 0.516615 0.297942 0.309238 0.375961 0.295311 0.217259 0.311799 0.348452 0.298069 0.200455 0.508645 0.54255 0.271094 0.25456 0.0625639 0.269902 0.3443 0.314155 0.297562 0.299726 0.0704756 0.317751 0.0659291 0.523879 0.287218 0.288015 0.290716 0.295733 0.301876 0.310591 0.509282 0.302556 0.0733401 0.295889 0.289047 0.0625139 0.276157 0.301644 0.294843 0.314251 0.295875 0.287259 0.0683859 0.321877 0.312205 0.29388 0.0763004 0.306021 0.312925 0.0698104 0.302035 0.186446 0.286498 0.534304 
