-0.0936907  0.982287 -0.162277 0.0201169  0.491144  0.187381  0.850686 -0.151049 0.866025        0     -0.5 0.115874 0 0 0 1         0 -0.524398  0.872398         0 -0.698398    1.4814 -0.437398  0.785398         0 -0.785398  0.785398         0 -0.785398  0.785398 -0.785398  0.785398
0.0427476
0.0664821
0.523599
100
51
49
0.117322
0.240493
0.176676 0.100158 0.117354 0.180547 0.0651706 0.0556749 0.153047 0.157286 0.143486 0.157495 0.152841 0.166839 0.113895 0.169022 0.186838 0.131412 0.131113 0.130445 0.0574464 0.0814539 0.145308 0.0621993 0.0670073 0.0477479 0.0498293 0.0362179 0.085118 0.0565498 0.13786 0.17387 0.151855 0.143895 0.117056 0.141419 0.00721793 0.0589284 0.166085 0.160477 0.153448 0.0990621 0.150946 0.0733685 0.0521199 0.0726264 0.162844 0.120229 0.117924 0.165192 0.144177 
0.320814 0.394353 0.281807 0.297866 0.0682957 0.0716702 0.280061 0.313186 0.283058 0.287648 0.303343 0.28194 0.280187 0.305196 0.540163 0.309384 0.280192 0.292234 0.0688983 0.0700969 0.295287 0.0676513 0.0536031 0.0697835 0.0695256 0.0650913 0.0629462 0.0686932 0.318963 0.52843 0.298019 0.312369 0.28707 0.313624 0.161219 0.0717452 0.544358 0.284334 0.385021 0.0698164 0.279171 0.0667288 0.0639083 0.0715646 0.295067 0.38189 0.375215 0.31938 0.273269 
