-1.30041e-16 0.309017 0.951056 -0.16425 -4.2253e-17  -0.951056   0.309017 -0.0433477           1           0 1.36734e-16  -0.0174053 0 0 0 1         0 -0.437398  0.959398         0 -0.437398  0.959398 -0.437398  0.959398         0 -0.785398  0.785398         0 -0.785398  0.785398 -0.785398  0.785398
0.0622803
0.0609658
0
100
1
99
0.0900479
0.115774
0.270631 0.159676 0.14316 0.0598245 0.060858 0.054381 0.0645363 0.0581313 0.0485864 0.148324 0.0550293 0.0379707 0.0179586 0.0627791 0.0613622 0.0336604 0.0366943 0.0759 0.14328 0.0326464 0.0570499 0.0537278 0.0363256 0.0711984 0.0760901 0.0586671 0.0596952 0.148017 0.133416 0.0513994 0.059427 0.204184 0.0715639 0.0411461 0.0483186 0.0662331 0.0475076 0.078447 0.0634651 0.158931 0.0659786 0.0677967 0.189522 0.0675992 0.155015 0.017574 0.0647829 0.152839 0.201535 0.188488 0.186453 0.0693579 0.0726338 0.138084 0.0613813 0.0592584 0.0544905 0.078187 0.0667725 0.0807346 0.128783 0.00867032 0.0813791 0.149627 0.0410269 0.0510132 0.163463 0.0601752 0.153789 0.0617649 0.0528131 0.0569599 0.0819399 0.0443237 0.20504 0.168827 0.0732546 0.19278 0.0790088 0.162095 0.0819519 0.143044 0.149134 0.0717438 0.0612511 0.0214142 0.0525129 0.073538 0.169851 0.200961 0.0492227 0.0671529 0.05881 0.0439388 0.0817046 0.0608642 0.0382978 0.0531903 0.170742 
0.51779 0.30355 0.158893 0.0545401 0.0521246 0.0499726 0.0546338 0.0575028 0.045571 0.176702 0.0556512 0.0572652 0.0644584 0.0514717 0.0575791 0.044232 0.0426982 0.0591393 0.139143 0.0445085 0.0609894 0.0584784 0.0480344 0.0620484 0.189199 0.0625636 0.0534144 0.148855 0.133934 0.0537387 0.0563347 0.29611 0.0588536 0.050807 0.0510075 0.0663069 0.0377938 0.0606267 0.0600865 0.178915 0.0602724 0.0629735 0.386199 0.0582518 0.180572 0.152833 0.0574144 0.175484 0.298134 0.296348 0.297458 0.0634375 0.0660194 0.326804 0.166966 0.0534515 0.0561487 0.170987 0.0606966 0.05605 0.16112 0.0562561 0.0640626 0.184696 0.0484182 0.0560404 0.17753 0.0552603 0.169777 0.0573119 0.0588206 0.0608549 0.159777 0.045681 0.316594 0.185898 0.064324 0.252245 0.0621913 0.311599 0.0595091 0.183165 0.153862 0.0481587 0.0479056 0.0459113 0.169126 0.0611771 0.316972 0.246824 0.0499349 0.0643337 0.0431386 0.0440854 0.0640144 0.0633583 0.0484519 0.052681 0.228539 
