-0.590782  0.731187 -0.341089 0.0447988   0.633227   0.682177   0.365594 -0.0627109       0.5         0 -0.866025  0.232584 0 0 0 1         0 -0.524398  0.872398         0 -0.437398    1.3944 -0.611398    1.1334         0 -0.785398  0.785398         0 -0.785398  0.785398 -0.785398  0.785398
0.0124466
0.052839
0.523599
100
22
78
0.120057
0.236157
0.111799 0.105255 0.174712 0.0737524 0.135005 0.127671 0.100952 0.11346 0.0999418 0.106157 0.115528 0.149159 0.166883 0.012965 0.177385 0.223576 0.116368 0.179737 0.126024 0.180369 0.133425 0.129022 0.123604 0.0805398 0.159741 0.148294 0.109214 0.180831 0.131823 0.10228 0.0182315 0.190076 0.145657 0.149948 0.133577 0.0147935 0.126593 0.104762 0.126376 0.0885354 0.0178689 0.0879353 0.0123522 0.120983 0.101655 0.132269 0.14705 0.129838 0.136053 0.097538 0.0488812 0.00741581 0.165693 0.120534 0.127672 0.136236 0.147067 0.0872421 0.100465 0.0275324 0.121649 0.134668 0.170153 0.0410145 0.143164 0.111467 0.198842 0.139344 0.149701 0.0795408 0.170053 0.108214 0.134836 0.164532 0.173297 0.190257 0.056316 0.13111 
0.188852 0.141055 0.398582 0.19055 0.407087 0.147828 0.197155 0.194853 0.194035 0.123267 0.133256 0.282985 0.223608 0.05022 0.400285 0.479872 0.143608 0.593769 0.266456 0.572865 0.161067 0.172128 0.265869 0.163535 0.221441 0.415757 0.187711 0.444506 0.171647 0.128766 0.0443767 0.571073 0.188864 0.206149 0.287944 0.048137 0.206294 0.237425 0.135894 0.209814 0.0540357 0.168406 0.0516522 0.24981 0.188943 0.314147 0.185394 0.173974 0.138556 0.332647 0.0483891 0.148426 0.214939 0.149397 0.277264 0.161472 0.523086 0.202117 0.201104 0.05149 0.139122 0.159292 0.4018 0.0463396 0.201303 0.191407 0.400877 0.164762 0.41675 0.33091 0.212232 0.191018 0.505297 0.210876 0.407828 0.229642 0.221482 0.355495 
