  0.342274  -0.728969   0.592835 -0.0972339 -0.364484 -0.684547 -0.631305  0.117465  0.866025         0      -0.5 0.0824053 0 0 0 1         0 -0.524398  0.872398         0 -0.698398    1.4814 -0.437398  0.785398         0 -0.785398  0.785398         0 -0.785398  0.785398 -0.785398  0.785398
0.047663
0.0645674
0.523599
100
45
55
0.118325
0.218963
0.154928 0.162811 0.164834 0.067505 0.170132 0.0350474 0.0482411 0.0749764 0.123235 0.146755 0.0751969 0.148081 0.107384 0.075859 0.156999 0.155813 0.143179 0.159679 0.0650648 0.187213 0.155551 0.145382 0.0561495 0.153137 0.119314 0.153991 0.0592974 0.134117 0.0677275 0.200732 0.0755066 0.202422 0.0434185 0.165167 0.199387 0.144713 0.132797 0.16466 0.0618385 0.050784 0.177596 0.0686165 0.069529 0.174388 0.00807128 0.150772 0.11961 0.0636275 0.183704 0.145951 0.0630819 0.0683411 0.104606 0.155642 0.0453056 
0.296289 0.289488 0.29913 0.0692994 0.285086 0.0588365 0.0655806 0.07557 0.37106 0.261929 0.0695405 0.271795 0.22959 0.0685465 0.286742 0.281198 0.304183 0.296847 0.0702208 0.520892 0.278877 0.27294 0.0691405 0.310675 0.28015 0.291469 0.0635854 0.309499 0.0708213 0.572956 0.0725864 0.540802 0.0660485 0.269624 0.544435 0.276887 0.303351 0.28801 0.0639342 0.0674381 0.225322 0.0699364 0.0626797 0.300167 0.0588057 0.271954 0.272899 0.0730517 0.217816 0.27258 0.0728315 0.0639117 0.244266 0.287478 0.0641893 
