 0.0936906   0.982287   0.162277 -0.0453304  0.491144 -0.187381  0.850686 -0.181505  0.866025         0      -0.5 0.0341261 0 0 0 1         0 -0.524398  0.959398         0 -0.524398  0.959398 -0.524398  0.872398         0 -0.785398  0.785398         0 -0.785398  0.785398 -0.785398  0.785398
0.0745264
0.0501421
0.523599
100
21
79
0.0606638
0.044798
0.0660143 0.0652124 0.00938379 0.0669639 0.0642519 0.00879707 0.0559567 0.0180523 0.0683925 0.0772877 0.066954 0.0711813 0.013204 0.0717843 0.0590076 0.066723 0.0675469 0.0796557 0.0720394 0.00915039 0.057993 0.0072561 0.0782934 0.0870237 0.0688996 0.0068199 0.0587366 0.00959054 0.0804589 0.078657 0.0699148 0.0470315 0.0544438 0.0670858 0.0953514 0.0649718 0.0718374 0.0845052 0.0649111 0.0939099 0.0689623 0.0741543 0.0777531 0.0662637 0.0797564 0.0804487 0.0791218 0.0127804 0.0650466 0.0568536 0.0643917 0.0873611 0.0659614 0.0745952 0.0135381 0.0512169 0.0774346 0.0584489 0.0605994 0.0611682 0.014522 0.0753678 0.0890276 0.0698513 0.0106742 0.0724696 0.0668339 0.0669241 0.0698925 0.0655454 0.0636854 0.0089377 0.0746667 0.0781295 0.0777285 0.0716643 0.0890305 0.0539726 0.0724105 
0.0558265 0.0563369 0.00390586 0.0482629 0.0521709 0.00298316 0.044966 0.00488998 0.0528307 0.0560256 0.0505947 0.0487707 0.00370151 0.0529956 0.0461032 0.0472918 0.0505058 0.066522 0.0557839 0.04615 0.048233 0.0360604 0.0550434 0.0527427 0.047159 0.0029263 0.0458267 0.00379535 0.0508217 0.0515979 0.0540922 0.0452263 0.0460074 0.0491502 0.0597337 0.0485797 0.0486066 0.0648399 0.0484807 0.0634422 0.0595129 0.0617246 0.0518108 0.045303 0.0673904 0.0505205 0.045631 0.00344378 0.0471573 0.0485703 0.0486851 0.0507399 0.0495974 0.0484045 0.00401013 0.0449305 0.051073 0.0493165 0.0490062 0.0481485 0.00389291 0.0520656 0.0528603 0.0556181 0.00421684 0.0502257 0.049596 0.0482949 0.0495778 0.0496622 0.0479154 0.00361406 0.0538798 0.0593525 0.0602191 0.0539094 0.0511089 0.0451917 0.0538819 
