0.0936856  0.982287   0.16228 -0.051822  0.491117 -0.187381  0.850701 -0.215535  0.866041         0 -0.499973 0.0342477 0 0 0 1         0 -0.350398  0.785398         0 -0.524398  0.959398 -0.437398  0.785398         0 -0.785398  0.785398         0 -0.785398  0.785398 -0.785398  0.785398
0.0333243
0.050222
0.523567
100
34
66
0.0129006
0.020167
0.0215841 0.00914161 0.00761665 0.00862152 0.0109857 0.00314789 0.00984705 0.0101989 0.049226 0.00917345 0.00543099 0.0277435 0.00578297 0.0078928 0.00635145 0.00420117 0.00818571 0.00560823 0.00833147 0.0652091 0.00348231 0.00632245 0.00615352 0.00775123 0.0249405 0.00807645 0.00537918 0.00851655 0.00937195 0.00934243 0.00619459 0.00841394 0.010657 0.00827625 0.0281862 0.00941769 0.00671534 0.0077873 0.00773645 0.00681589 0.0248445 0.00802804 0.00956894 0.00389847 0.0422289 0.00530188 0.00925106 0.00930759 0.0730534 0.00823926 0.00531335 0.00645484 0.00715931 0.00416822 0.00694093 0.031824 0.0100141 0.00572166 0.036908 0.00585217 0.00640044 0.00493402 0.00304054 0.0105258 0.0048529 0.0337926 
0.0527852 0.0426286 0.0486632 0.0415485 0.00359562 0.00177259 0.0505913 0.00337519 0.0546592 0.0512506 0.00194984 0.0399992 0.00222748 0.0446153 0.00213975 0.00208098 0.00268607 0.00219713 0.0417322 0.0492805 0.00165807 0.0022985 0.00244671 0.00308555 0.0415595 0.00269002 0.00190593 0.00265886 0.0481502 0.0423152 0.00236383 0.00304779 0.0463453 0.0027635 0.0567352 0.044609 0.0024126 0.00292947 0.0026513 0.00229189 0.0574523 0.0395865 0.0489216 0.00172535 0.0519368 0.00231492 0.00270295 0.0468557 0.0486706 0.00283766 0.00197852 0.00221936 0.00262777 0.00197736 0.00238691 0.0567031 0.00329996 0.00199553 0.0409809 0.00208875 0.00228046 0.00185918 0.00160421 0.00327016 0.0019672 0.0460809 
