 0.899946 -0.313463 -0.303049 0.0172895  -0.297072    -0.9496   0.100036 0.00539817 -0.319133        0 -0.94771 0.251878 0 0 0 1         0 -0.785398  0.785398         0 -0.611398    1.1334 -0.524398    1.3944         0 -0.785398  0.785398         0 -0.785398  0.785398 -0.785398  0.785398
-1
0.00114396
0.324814
100
51
49
0.0345409
0.115932
0.00770862 0.00674764 0.00459552 0.00494399 0.00347303 0.00506951 0.175865 0.0100703 0.00338051 0.0146032 0.00207969 0.00384189 0.00414323 0.025831 0.00759731 0.105105 0.141545 0.00803459 0.00423298 0.00577826 0.00883578 0.0113461 0.0212474 0.189472 0.0959864 0.0880013 0.0717291 0.0842525 0.00660877 0.0697447 0.00647751 0.00403089 0.00483578 0.0487637 0.0060518 0.00421183 0.00424677 0.165781 0.00835491 0.00584537 0.00576831 0.111961 0.0324818 0.00734733 0.0452955 0.0178914 0.0116904 0.00643632 0.00316082 
0.0383182 0.00228287 0.0918618 0.0487633 0.0853007 0.0410774 0.515632 0.143651 0.0888419 0.0703458 0.0562832 0.0872924 0.08652 0.175044 0.00221695 0.202387 0.294408 0.00232112 0.0393719 0.0682406 0.155457 0.07446 0.0562606 0.282655 0.233376 0.270293 0.0810663 0.180544 0.00234239 0.180562 0.153157 0.0884479 0.0982568 0.0803049 0.040391 0.10159 0.072337 0.461531 0.00283874 0.0916198 0.120819 0.270852 0.0535578 0.00214959 0.0581361 0.103358 0.0613275 0.0502534 0.112545 
