        0        -1         0 0.0107896  -0.866028          0   0.499995 -0.0499791 -0.499995         0 -0.866028  0.241244 0 0 0 1         0 -0.785398  0.785398         0 -0.698398    1.3944 -0.611398    1.5684         0 -0.785398  0.785398         0 -0.785398  0.785398 -0.785398  0.785398
0.00127923
0.00152541
0.523593
100
59
41
0.0529906
0.164073
0.00822313 0.0693427 0.0270577 0.00250817 0.0347579 0.013213 0.015233 0.0569328 0.0167388 0.00911009 0.0327223 0.0498507 0.0246147 0.00348814 0.00701315 0.0267497 0.145973 0.0475185 0.0306954 0.0784378 0.0635432 0.0750523 0.0374671 0.177968 0.0795363 0.020127 0.0199237 0.0249855 0.158582 0.168596 0.16467 0.0588698 0.0224216 0.0332644 0.0671496 0.0279774 0.141199 0.00592757 0.0317644 0.00523248 0.088175 
0.0644894 0.1654 0.154209 0.00156581 0.0542621 0.132351 0.0536579 0.068475 0.0417593 0.0964997 0.139182 0.167364 0.038403 0.0737627 0.0507108 0.141843 0.367918 0.175791 0.127091 0.152515 0.193287 0.198699 0.205557 0.562427 0.163118 0.165578 0.0439377 0.148483 0.402677 0.424601 0.451918 0.154133 0.181593 0.187854 0.230743 0.067987 0.223129 0.0350831 0.157282 0.0972171 0.164445 
