 0.342273 -0.728969  0.592835 -0.120947 -0.364484 -0.684547 -0.631305  0.142717  0.866025         0      -0.5 0.0341261 0 0 0 1         0 -0.524398  0.872398         0 -0.524398  0.872398 -0.524398  0.872398         0 -0.785398  0.785398         0 -0.785398  0.785398 -0.785398  0.785398
0.077391
0.0496946
0.523599
100
25
75
0.055517
0.0399459
0.0760092 0.0132047 0.0723327 0.08857 0.0732601 0.0644973 0.0596681 0.0130138 0.0572355 0.0401553 0.0752276 0.0204103 0.0765071 0.0727887 0.0641833 0.0635612 0.0712758 0.0115558 0.0102184 0.0152109 0.0654941 0.0123428 0.0660536 0.0770661 0.0697354 0.0504502 0.0638299 0.0688217 0.0718859 0.0101326 0.00947904 0.0712444 0.0783054 0.0635246 0.0781578 0.073329 0.0758951 0.0571458 0.0665071 0.0790606 0.0759961 0.0529875 0.0654537 0.0846318 0.0699395 0.0645964 0.0613811 0.0674762 0.0710039 0.00928559 0.0680098 0.0555213 0.0513668 0.0765309 0.0678608 0.0148851 0.00786724 0.0849309 0.0744478 0.010497 0.0117086 0.0630983 0.070277 0.00982311 0.0687899 0.0688305 0.01414 0.073556 0.0715257 0.0720791 0.0506436 0.0128277 0.0766135 0.0551402 0.0627042 
0.0496074 0.00408575 0.0662996 0.0556504 0.047687 0.0487484 0.0483096 0.00425698 0.0478411 0.0495618 0.0382639 0.00564631 0.049572 0.0483487 0.0340763 0.0461272 0.050162 0.00330284 0.00420853 0.00419438 0.0471212 0.00359723 0.0468707 0.0511417 0.0510923 0.0449932 0.0496712 0.0525539 0.0540567 0.00374151 0.00357167 0.0526222 0.0527285 0.0532228 0.0499519 0.0459524 0.0507678 0.0482192 0.0489324 0.0605604 0.0535479 0.04654 0.0499029 0.0511595 0.049948 0.0634145 0.0497947 0.0482937 0.0482919 0.00366299 0.0480172 0.0466248 0.0476667 0.0469383 0.051481 0.00405832 0.00366987 0.0489647 0.0494499 0.00509017 0.0488512 0.0473183 0.0502615 0.00382656 0.0487898 0.0491519 0.00461289 0.0512445 0.0494566 0.0519188 0.0454283 0.00359823 0.0534671 0.0454572 0.0487224 
