         0          1          0 -0.0107896           1           0 6.04362e-06  -0.0200209 6.04362e-06    0   -1 0.25 0 0 0 1         0 -0.263398  0.959398         0 -0.611398    1.1334 -0.611398    1.1334         0 -0.785398  0.785398         0 -0.785398  0.785398 -0.785398  0.785398
0.0752227
0.0441528
6.04359e-06
100
33
67
0.114342
0.187645
0.0829261 0.0696844 0.0130447 0.181105 0.0921325 0.213068 0.163776 0.0136289 0.0924946 0.0868566 0.120138 0.0138998 0.0775678 0.20732 0.0777458 0.124791 0.192129 0.132913 0.0796947 0.0837084 0.0149916 0.128049 0.121258 0.138456 0.106624 0.0797022 0.0791778 0.115707 0.17 0.113508 0.106103 0.141003 0.129988 0.0122259 0.0774467 0.128989 0.104826 0.026603 0.114974 0.110432 0.187079 0.224914 0.103686 0.108941 0.0382996 0.166764 0.227995 0.0442579 0.169383 0.0147803 0.226899 0.0801079 0.0824474 0.0916888 0.165374 0.138034 0.114639 0.0809972 0.227183 0.0131418 0.210705 0.0110206 0.0961286 0.160592 0.159679 0.180649 0.196833 
0.0488153 0.0490901 0.00330041 0.459925 0.0872274 0.62477 0.258149 0.00338454 0.0972919 0.049274 0.210629 0.00365589 0.0419768 0.587103 0.0481549 0.217929 0.297377 0.256632 0.0443981 0.0436039 0.00369683 0.235237 0.225545 0.117932 0.0961961 0.0485914 0.05027 0.100873 0.273418 0.115014 0.215982 0.19371 0.207591 0.00319791 0.0490904 0.227939 0.102352 0.0828984 0.107463 0.100326 0.56495 0.455877 0.0997109 0.187759 0.169067 0.289303 0.584216 0.0956079 0.290703 0.00372552 0.60914 0.0479827 0.0480298 0.0452306 0.30757 0.248409 0.10114 0.0868926 0.588373 0.00351008 0.545411 0.00300743 0.103747 0.264239 0.264486 0.26134 0.312749 
