3.37945e-11 -0.309017  0.951057  -0.15836 -1.09805e-11 -0.951057 -0.309017 0.0614748            1            0 -3.55336e-11    0.0297079 0 0 0 1         0 -0.437398  0.959398         0 -0.437398  0.959398 -0.437398  0.959398         0 -0.785398  0.785398         0 -0.785398  0.785398 -0.785398  0.785398
0.0626325
0.0701359
3.55336e-11
100
1
99
0.0881667
0.114045
0.0612065 0.199803 0.0662987 0.0646902 0.0680351 0.116295 0.138033 0.132904 0.0542202 0.121574 0.136305 0.127271 0.0777117 0.0803361 0.0376994 0.0572656 0.0690999 0.0574545 0.0536963 0.0789215 0.0416896 0.0595949 0.0733758 0.077331 0.0773715 0.0576402 0.152993 0.0521704 0.0692402 0.0728206 0.154813 0.0479527 0.136538 0.159502 0.0469637 0.061015 0.0584615 0.0495605 0.076939 0.208068 0.0484988 0.0498114 0.186548 0.0561962 0.0598899 0.178307 0.128793 0.0648439 0.193447 0.0655826 0.0405875 0.1526 0.0615914 0.0400759 0.0497807 0.126465 0.143659 0.0712172 0.150621 0.051125 0.0680572 0.19762 0.0646077 0.17805 0.193645 0.170568 0.0788199 0.0271516 0.0705246 0.0575378 0.0577483 0.0716361 0.0678031 0.0470696 0.0429857 0.0530466 0.0779038 0.049474 0.0606645 0.0648326 0.0540338 0.0442685 0.0375957 0.0622686 0.147512 0.08029 0.0652678 0.0538245 0.0610819 0.0507235 0.0717022 0.142282 0.0757462 0.177369 0.060307 0.166209 0.0390896 0.131709 0.0549779 
0.0510616 0.317235 0.0644922 0.0615123 0.0633064 0.16431 0.178529 0.340174 0.0569997 0.157321 0.358017 0.139858 0.0683925 0.0635826 0.0515116 0.0623021 0.0586176 0.0658609 0.0557726 0.0620043 0.206183 0.0557128 0.0623377 0.0584616 0.0597129 0.0612096 0.181249 0.0604565 0.0580799 0.0621585 0.17402 0.05137 0.167814 0.286163 0.0499252 0.0590178 0.0506247 0.051214 0.0640938 0.341133 0.0403845 0.0506564 0.288239 0.177744 0.0627165 0.361375 0.175407 0.0567233 0.321867 0.0618433 0.0534963 0.184074 0.0555902 0.0553269 0.0343374 0.172731 0.167312 0.0639752 0.145541 0.0525411 0.0650156 0.36731 0.0597233 0.29168 0.295707 0.249876 0.0628282 0.0533192 0.0546823 0.0507803 0.0591275 0.0615066 0.0316882 0.155941 0.0516786 0.0496961 0.0602706 0.0548318 0.0610848 0.0565229 0.0577366 0.0649485 0.0506125 0.0596268 0.171047 0.0618701 0.04511 0.0589607 0.0609032 0.0486865 0.0626759 0.174757 0.0605968 0.29288 0.058568 0.313482 0.0460831 0.16029 0.0646223 
