  0.209551   0.976912  0.0415987 -0.0227632  0.958214 -0.213641  0.190218 -0.051357 0.194714        0 -0.98086 0.246738 0 0 0 1         0 -0.350398  0.785398         0 -0.524398  0.959398 -0.524398  0.872398         0 -0.785398  0.785398         0 -0.785398  0.785398 -0.785398  0.785398
0.162145
0.245754
0.195966
100
18
82
0.113116
0.190413
0.122977 0.231411 0.190046 0.0704193 0.0818973 0.147331 0.122321 0.0133844 0.134978 0.169142 0.066595 0.0132106 0.07171 0.231281 0.0151663 0.0631346 0.0722302 0.0133231 0.162198 0.0697938 0.068 0.0222094 0.0551288 0.118772 0.259237 0.0144862 0.13376 0.0768956 0.0693686 0.13963 0.014153 0.133119 0.065141 0.0667426 0.0129425 0.167099 0.156988 0.0421111 0.077994 0.0737475 0.0756748 0.159191 0.1334 0.151773 0.0156227 0.151136 0.147943 0.156449 0.115828 0.123288 0.116214 0.0876937 0.243442 0.072561 0.221858 0.141432 0.15722 0.182553 0.0737649 0.170207 0.12472 0.0515962 0.261604 0.118969 0.157735 0.158451 0.214924 0.0646713 0.151611 0.0749965 0.13083 0.137453 0.142027 0.124223 0.0706126 0.0133514 0.151581 0.153225 0.0155538 0.0142217 0.25926 0.156574 
0.202301 0.59236 0.552442 0.0442889 0.206345 0.26269 0.111631 0.00346699 0.248446 0.269857 0.0431507 0.0032387 0.0400221 0.506109 0.00383125 0.0489305 0.0368939 0.00340028 0.260018 0.0419377 0.044399 0.00512108 0.0429003 0.226926 0.587763 0.00363186 0.224927 0.0395333 0.0529439 0.242021 0.00309356 0.238144 0.0477178 0.0536898 0.0034867 0.264305 0.242467 0.0519813 0.0384758 0.0374519 0.0435586 0.592158 0.211684 0.260329 0.00382064 0.198406 0.241287 0.254138 0.217466 0.208257 0.115088 0.0469648 0.556663 0.0514266 0.549641 0.245012 0.212211 0.283401 0.0469502 0.572109 0.231256 0.190134 0.589435 0.190323 0.268911 0.230444 0.508165 0.0483693 0.226422 0.0483362 0.239213 0.198221 0.233089 0.228565 0.0530031 0.00351289 0.250429 0.242852 0.00390087 0.00356947 0.592459 0.190306 
