-0.0936907  0.982287 -0.162277 0.0201169  0.491144  0.187381  0.850686 -0.151049  0.866025         0      -0.5 0.0947079 0 0 0 1         0 -0.524398  0.872398         0 -0.698398    1.4814 -0.437398  0.785398         0 -0.785398  0.785398         0 -0.785398  0.785398 -0.785398  0.785398
0.0484245
0.0678515
0.523599
100
46
54
0.120169
0.226389
0.0474499 0.166594 0.121771 0.0308004 0.164207 0.160087 0.16295 0.172357 0.174403 0.171945 0.163149 0.0832843 0.0518451 0.0415305 0.201048 0.0635772 0.110425 0.046008 0.119269 0.139004 0.157035 0.155759 0.152218 0.138052 0.19043 0.0545337 0.0871693 0.0716914 0.151152 0.163435 0.0467225 0.050136 0.0529411 0.156192 0.156539 0.0776576 0.0580957 0.160919 0.198748 0.0631743 0.118529 0.0606033 0.186092 0.0768233 0.0460153 0.180923 0.069583 0.209091 0.0612315 0.143904 0.155669 0.163128 0.129906 0.153302 
0.0667396 0.221183 0.266209 0.0633848 0.307538 0.293533 0.292571 0.314197 0.217959 0.295298 0.314734 0.0789373 0.0699568 0.0624732 0.219342 0.0707764 0.249703 0.0643431 0.287937 0.304787 0.290478 0.289356 0.323967 0.280084 0.528867 0.0684017 0.537753 0.0710901 0.282479 0.281657 0.0650067 0.0637854 0.0696695 0.298303 0.295934 0.0717477 0.0615853 0.276581 0.538142 0.0686609 0.298889 0.0569528 0.281292 0.0725512 0.0664664 0.505717 0.0700913 0.544631 0.072037 0.252898 0.298673 0.291795 0.277399 0.310474 
