0.00243972  0.728969  0.684543 -0.123038 0.00259804 -0.684547  0.728964 -0.117101    0.999994           0 -0.00356399   0.0915424 0 0 0 1         0 -0.437398  0.959398         0 -0.437398  0.959398 -0.437398  0.959398         0 -0.785398  0.785398         0 -0.785398  0.785398 -0.785398  0.785398
0.0481991
0.0524293
0.003564
100
6
94
0.0700198
0.101075
0.0865251 0.070893 0.0278859 0.017533 0.0642204 0.0383474 0.113875 0.0953649 0.103902 0.0298674 0.0279749 0.0342517 0.00863015 0.0375295 0.0423621 0.0222209 0.0452342 0.00524526 0.147532 0.111114 0.0525761 0.0529537 0.0616922 0.117148 0.0557526 0.121263 0.0247729 0.066313 0.151354 0.0417403 0.163133 0.045305 0.137073 0.0207578 0.0327722 0.141217 0.0555651 0.0449463 0.0295729 0.124195 0.0119911 0.0347274 0.139018 0.0508075 0.0501491 0.0901644 0.0888619 0.0626492 0.135355 0.0346007 0.0995125 0.0657039 0.103772 0.0500932 0.0342012 0.0390227 0.0310595 0.0727247 0.0306081 0.113791 0.105545 0.102551 0.00278825 0.0430017 0.114138 0.107984 0.0336525 0.0481739 0.0631334 0.0215108 0.0560603 0.0179366 0.0217708 0.0454087 0.10634 0.197351 0.0418021 0.11291 0.0233073 0.11422 0.136418 0.114751 0.111498 0.0944571 0.0136953 0.102164 0.0512141 0.064796 0.0520865 0.149056 0.145103 0.0618377 0.044167 0.0516057 
0.103881 0.104032 0.0318089 0.0476935 0.057587 0.0310007 0.121053 0.175694 0.168325 0.0480506 0.0477894 0.0337559 0.00253225 0.0486345 0.055542 0.0437421 0.0340075 0.00226228 0.294831 0.163142 0.039782 0.0360158 0.0415482 0.126406 0.0499398 0.156669 0.0409745 0.0976287 0.227887 0.0518786 0.271305 0.0533785 0.167337 0.0517031 0.0267837 0.184609 0.0571314 0.0418129 0.0344974 0.141309 0.0604318 0.0551666 0.205772 0.0630702 0.149572 0.13681 0.161688 0.283673 0.165052 0.0387971 0.162671 0.113375 0.118907 0.0425444 0.0394618 0.0403307 0.037914 0.116319 0.0346001 0.169342 0.110017 0.151048 0.0695686 0.0391487 0.115213 0.114209 0.0370433 0.0599299 0.0382577 0.0500112 0.0611127 0.0452824 0.0323992 0.0355476 0.159713 0.488733 0.126719 0.11608 0.0322376 0.168044 0.182274 0.192803 0.135085 0.16507 0.0277924 0.121579 0.0622326 0.0749517 0.135635 0.302486 0.207783 0.0573819 0.0437363 0.0324586 
