2.13065e-05 0.728969 0.684547 -0.12305 2.26891e-05 -0.684547  0.728969 -0.117114            1            0 -3.11249e-05    0.0707506 0 0 0 1         0 -0.437398  0.959398         0 -0.437398  0.959398 -0.437398  0.959398         0 -0.785398  0.785398         0 -0.785398  0.785398 -0.785398  0.785398
0.0540655
0.0532139
3.11249e-05
100
0
100
0.0828827
0.114767
0.125964 0.057648 0.117747 0.119047 0.0316419 0.051666 0.230621 0.0297892 0.0668877 0.0409611 0.109644 0.16542 0.0268752 0.122864 0.0554782 0.0330205 0.0337417 0.0466464 0.141174 0.0801581 0.1579 0.0548419 0.143137 0.120759 0.0589154 0.060567 0.127632 0.057602 0.0494976 0.138465 0.0442204 0.161668 0.126078 0.0476215 0.119868 0.109988 0.0222712 0.0540486 0.0347686 0.186927 0.0325953 0.0624422 0.0318175 0.0360037 0.0273517 0.143758 0.0612277 0.0540177 0.0357266 0.0425482 0.0472539 0.0602057 0.0558349 0.0415275 0.119988 0.250057 0.115192 0.0489579 0.0220289 0.114831 0.0706109 0.123029 0.127099 0.186187 0.157206 0.159807 0.0453089 0.044655 0.0625447 0.116381 0.118179 0.0626043 0.0559509 0.13443 0.0436133 0.0549345 0.0392338 0.119813 0.0517433 0.109319 0.0380599 0.0676983 0.156147 0.0562428 0.0210587 0.0537644 0.0466201 0.0517196 0.0419782 0.0385942 0.059388 0.10612 0.0455144 0.0606008 0.0359495 0.12344 0.0452242 0.167891 0.167229 0.0552469 
0.171773 0.0467073 0.164206 0.160807 0.0495713 0.0509614 0.410888 0.0357398 0.0618003 0.05052 0.270177 0.241121 0.0309728 0.159279 0.0360618 0.0359959 0.108503 0.0447413 0.166618 0.0593796 0.181745 0.0454477 0.179978 0.17261 0.0607252 0.0463706 0.164916 0.0410123 0.0481477 0.253377 0.0351571 0.282465 0.143029 0.0406401 0.162351 0.235042 0.04755 0.0522538 0.0545422 0.29895 0.0581196 0.161948 0.0466138 0.034266 0.0477289 0.228984 0.0619308 0.0542829 0.0461548 0.0385953 0.0344005 0.0519411 0.0419507 0.0547573 0.12699 0.437425 0.165761 0.0393849 0.0458314 0.134402 0.0632202 0.268372 0.125414 0.324503 0.211616 0.210153 0.0601191 0.0546852 0.047384 0.116294 0.304901 0.0634213 0.055048 0.180803 0.052289 0.0471941 0.0470839 0.171974 0.0572568 0.166318 0.0360304 0.0630714 0.223034 0.0612031 0.0328513 0.0623828 0.0425225 0.0591623 0.0534797 0.0429471 0.0598416 0.305182 0.0468142 0.060089 0.0566991 0.174918 0.0575341 0.280765 0.258378 0.0581557 
