   -0.682177     0.731187 -3.42099e-07  0.000457362    0.731187    0.682177 3.66677e-07  -0.0151838 5.01482e-07    0   -1 0.25 0 0 0 1         0 -0.350398  0.785398         0 -0.611398    1.1334 -0.611398    1.0464         0 -0.785398  0.785398         0 -0.785398  0.785398 -0.785398  0.785398
0.151192
0.277241
5.01353e-07
100
28
72
0.141427
0.252802
0.233011 0.0154451 0.290892 0.288722 0.181895 0.131779 0.0867592 0.0407326 0.163941 0.140754 0.0826336 0.27842 0.178736 0.170229 0.0896999 0.233347 0.163799 0.178642 0.204298 0.139301 0.0787403 0.229872 0.0874607 0.110743 0.128345 0.0972298 0.0140224 0.0932747 0.142245 0.0135093 0.126738 0.227955 0.140545 0.241185 0.18978 0.162023 0.207822 0.132393 0.13014 0.0868544 0.0906365 0.0938428 0.12042 0.133572 0.0965148 0.097083 0.157127 0.079732 0.115797 0.137855 0.126423 0.142896 0.0840619 0.149778 0.11806 0.179887 0.166747 0.240697 0.117019 0.0781296 0.220928 0.134268 0.119804 0.0891977 0.0852981 0.111503 0.204506 0.231083 0.0840219 0.155084 0.134948 0.151909 
0.501685 0.094682 0.922998 0.819556 0.275946 0.236237 0.0438404 0.0401141 0.263932 0.24128 0.048928 0.813306 0.270318 0.282753 0.0498164 0.592667 0.275293 0.276544 0.542579 0.240786 0.0492773 0.426924 0.0450196 0.110091 0.236108 0.0548207 0.0945908 0.0560208 0.162625 0.0881405 0.104852 0.563314 0.222353 0.554017 0.30228 0.274249 0.475149 0.226266 0.213679 0.0441234 0.0540884 0.0436544 0.240591 0.189776 0.0467003 0.0545308 0.417936 0.0491623 0.0918176 0.599853 0.216154 0.23241 0.0494666 0.248903 0.105197 0.307782 0.259506 0.580433 0.211708 0.0492001 0.42312 0.256392 0.214621 0.0486974 0.0505252 0.0966411 0.554529 0.572976 0.0492132 0.249801 0.230725 0.268452 
