          0           1           0 -0.00827044   0.866022          0   0.500005 -0.0850208  0.500005         0 -0.866022  0.232583 0 0 0 1         0 -0.524398  0.872398         0 -0.524398    1.3074 -0.524398  0.959398         0 -0.785398  0.785398         0 -0.785398  0.785398 -0.785398  0.785398
0.0397437
0.0503733
0.523605
100
3
97
0.111505
0.185215
0.129493 0.14005 0.176664 0.136573 0.107559 0.0282809 0.192644 0.0134137 0.0348669 0.137533 0.147986 0.136916 0.0455897 0.0204254 0.0523125 0.167068 0.0332562 0.0469136 0.131823 0.143873 0.174405 0.0502293 0.0430495 0.0448586 0.131309 0.0380821 0.14241 0.167618 0.145208 0.172922 0.105712 0.049323 0.118915 0.0630223 0.18794 0.16041 0.140212 0.137512 0.050929 0.155248 0.224001 0.202932 0.147674 0.0571771 0.127833 0.152354 0.0784023 0.0303897 0.128573 0.176965 0.134378 0.132305 0.167878 0.126832 0.136737 0.059876 0.0589822 0.0299966 0.199087 0.0175037 0.119412 0.11973 0.0957963 0.0359972 0.0284076 0.0320741 0.135124 0.145598 0.153512 0.020029 0.0170245 0.146211 0.202326 0.200706 0.0598877 0.206914 0.0285725 0.143121 0.131207 0.152175 0.123068 0.173759 0.0304066 0.151212 0.136111 0.0106638 0.162036 0.191157 0.0109166 0.0196116 0.209684 0.161459 0.159331 0.184517 0.0397779 0.147792 0.0381973 
0.231096 0.174707 0.393074 0.179131 0.131216 0.0491303 0.428445 0.0475172 0.0451811 0.16462 0.206125 0.186902 0.0471472 0.050361 0.0577166 0.446048 0.0500008 0.0486272 0.160813 0.171769 0.469073 0.0482725 0.0455541 0.0481368 0.170294 0.0172702 0.176538 0.436273 0.203138 0.429101 0.212601 0.0472107 0.204589 0.278826 0.43854 0.209763 0.187624 0.193575 0.0458349 0.187851 0.503466 0.504632 0.179241 0.0493707 0.136905 0.204635 0.238461 0.0481471 0.228847 0.442199 0.0968641 0.178178 0.21359 0.207761 0.218495 0.0503106 0.0495637 0.0441177 0.446273 0.0451168 0.130954 0.270427 0.111419 0.0480471 0.0481026 0.0448327 0.185857 0.17121 0.240667 0.0484321 0.0531489 0.215257 0.234828 0.422723 0.0493224 0.484609 0.0461258 0.187323 0.169422 0.184556 0.156919 0.210283 0.0505886 0.190913 0.182937 0.0507259 0.205636 0.457927 0.057768 0.0470172 0.461606 0.203561 0.215687 0.437658 0.0464967 0.188764 0.0482275 
