  0.342274  -0.728969   0.592835 -0.0972339 -0.364484 -0.684547 -0.631305  0.117465  0.866025         0      -0.5 0.0475947 0 0 0 1         0 -0.524398  0.872398         0 -0.698398    1.4814 -0.437398  0.785398         0 -0.785398  0.785398         0 -0.785398  0.785398 -0.785398  0.785398
0.0415048
0.0683825
0.523599
100
49
51
0.12924
0.269252
0.230702 0.172813 0.0454495 0.0632232 0.145471 0.0639832 0.100948 0.140715 0.0328417 0.192288 0.199684 0.161453 0.105354 0.179586 0.138185 0.0591554 0.0765102 0.16524 0.149081 0.149294 0.184022 0.134078 0.174366 0.122322 0.194497 0.105744 0.13736 0.119891 0.117687 0.153594 0.150716 0.125925 0.140067 0.104461 0.140949 0.160503 0.159235 0.153204 0.112349 0.108871 0.144535 0.0511298 0.155857 0.141329 0.183524 0.122826 0.049036 0.0528938 0.0580613 0.124091 0.136129 
0.496342 0.310499 0.0650134 0.0722579 0.278545 0.0717089 0.0733967 0.290048 0.0667265 0.206937 0.55534 0.291862 0.25745 0.541539 0.279107 0.0612058 0.0735104 0.524051 0.256746 0.247705 0.551561 0.296056 0.527221 0.291039 0.535158 0.256418 0.308826 0.294233 0.273709 0.306095 0.303137 0.273283 0.27498 0.228412 0.306115 0.307298 0.27619 0.294415 0.270117 0.226312 0.299214 0.0691456 0.285928 0.259063 0.207244 0.300274 0.0643296 0.0654531 0.178597 0.293613 0.288428 
