 -0.899946  -0.313463   0.303049 -0.0113149  -0.297072     0.9496   0.100036 -0.0127012 -0.319133        0 -0.94771 0.251878 0 0 0 1         0 -0.785398  0.785398         0 -0.698398    1.3074 -0.437398    1.3074         0 -0.785398  0.785398         0 -0.785398  0.785398 -0.785398  0.785398
-1
0.0013638
0.324814
100
41
59
0.0445464
0.109651
0.00445799 0.00389669 0.155656 0.0239424 0.0482346 0.0199838 0.0386778 0.0624932 0.0190858 0.00515712 0.089708 0.00954006 0.00745448 0.158552 0.124535 0.111574 0.00577896 0.0228251 0.00272766 0.0115515 0.0300539 0.00441334 0.00371637 0.0641119 0.0536287 0.00720267 0.162401 0.124717 0.0613164 0.0568538 0.113824 0.00298106 0.00399692 0.0224269 0.0774292 0.138514 0.0132793 0.00282038 0.120281 0.00626179 0.0574413 0.0230318 0.0344466 0.0066801 0.00479629 0.00460158 0.0676221 0.126074 0.00765999 0.070129 0.00361903 0.0036292 0.0061546 0.0123834 0.00425421 0.00964465 0.0683602 0.108866 0.0127798 
0.0972819 0.00144342 0.253867 0.113992 0.0571649 0.0642212 0.0476207 0.221239 0.0657388 0.0963004 0.233803 0.0394691 0.00216056 0.294983 0.284747 0.22766 0.0595803 0.111111 0.0402676 0.117122 0.0723778 0.051636 0.0941961 0.0746312 0.0643933 0.00224695 0.291338 0.199777 0.0702336 0.0689696 0.195591 0.0437079 0.0849874 0.0606075 0.0930618 0.285807 0.0525003 0.0819193 0.217173 0.044074 0.0691287 0.105319 0.0519949 0.00209593 0.0847326 0.114329 0.25354 0.263302 0.0930864 0.0921105 0.0814978 0.0359426 0.0514106 0.0565453 0.0713949 0.00268096 0.0781729 0.257695 0.125451 
