0 48.504 89.972 46.375 -0.14285 -0.08213 -0.40821 -0.89789
1 46.827 101.856 58.723 0.40768 -0.57458 0.25664 0.66166
2 12.395 131.909 98.218 0.94482 0.32378 -0.00495 0.04949
0 48.02 89.912 47.171 -0.16704 -0.09725 -0.38155 -0.90391
1 46.899 101.853 58.687 0.4077 -0.57433 0.25724 0.66163
2 12.277 131.892 98.242 0.94479 0.32372 -0.00512 0.05055
0 46.399 92.5 51.016 -0.25145 -0.16681 -0.30277 -0.90403
1 46.844 101.868 58.699 0.40752 -0.5746 0.25694 0.66162
2 12.422 131.909 98.23 0.94491 0.32358 -0.00496 0.04914
0 44.265 95.666 54.627 -0.30557 -0.21039 -0.26762 -0.88924
1 46.877 101.836 58.727 0.40786 -0.5744 0.25694 0.66159
2 12.364 131.876 98.273 0.94482 0.32379 -0.00496 0.04952
0 43.681 97.402 56.427 -0.31166 -0.16652 -0.29019 -0.88934
1 46.273 102.138 58.864 0.41866 -0.56321 0.26587 0.66093
2 12.378 131.89 98.257 0.94484 0.32371 -0.00487 0.04959
0 43.729 97.313 54.256 -0.2769 -0.11131 -0.28911 -0.90959
1 45.244 102.212 56.847 0.3692 -0.58169 0.22111 0.69024
2 12.359 131.891 98.23 0.94484 0.32374 -0.00492 0.04948
0 37.231 95.04 44.867 -0.21234 0.01295 -0.26107 -0.94159
1 36.47 100.171 47.863 0.3081 -0.65526 0.11912 0.67935
2 12.386 131.845 98.318 0.94479 0.32386 -0.00499 0.04955
0 26.259 95.797 40.297 -0.15768 0.05444 -0.09008 -0.98187
1 24.09 99.408 45.307 0.36449 -0.63318 -0.0676 0.67946
2 12.373 131.896 98.253 0.94487 0.32367 -0.0049 0.04941
0 17.334 102.283 43.229 -0.1659 0.108 0.31074 -0.92965
1 13.237 101 50.654 0.55628 -0.51034 -0.37569 0.53754
2 12.359 131.878 98.26 0.94481 0.32383 -0.00486 0.04946
0 15.871 105.168 46.235 -0.20582 0.17162 0.49872 -0.8243
1 10.632 101.922 53.131 0.64228 -0.44015 -0.49962 0.37963
2 12.414 131.923 98.219 0.94483 0.32382 -0.005 0.04916
0 15.299 106.398 47.398 -0.26216 0.23164 0.59038 -0.72737
1 9.259 102.976 53.165 0.6958 -0.41029 -0.54032 0.23576
2 12.329 131.874 98.297 0.94482 0.32377 -0.00484 0.04958
