0 45.873 94.147 53.352 -0.13818 -0.10436 -0.46539 -0.868
1 48.44 112.471 72.455 0.68404 -0.21107 0.47373 0.51295
2 12.462 131.871 98.258 0.94482 0.32388 -0.00487 0.04884
0 42.142 98.794 56.781 -0.27646 -0.19417 -0.3642 -0.86789
1 48.442 112.485 72.456 0.68404 -0.21121 0.47374 0.51288
2 12.41 131.903 98.223 0.9449 0.32363 -0.00464 0.04917
0 40.527 106.014 61.537 -0.44574 -0.32205 -0.22274 -0.80498
1 48.525 112.467 72.429 0.68405 -0.2108 0.47416 0.51265
2 12.4 131.879 98.271 0.94484 0.32378 -0.00484 0.04914
0 41.556 110.736 64.52 -0.5191 -0.38693 -0.11992 -0.75263
1 48.475 112.477 72.419 0.68402 -0.21104 0.474 0.51274
2 12.355 131.858 98.304 0.94476 0.32394 -0.00502 0.04966
0 42.476 112.967 67.472 -0.52536 -0.42751 -0.10114 -0.7287
1 48.536 112.492 72.453 0.6853 -0.20804 0.47268 0.51347
2 12.397 131.919 98.234 0.94487 0.32365 -0.00479 0.0494
0 43.022 112.598 67.671 -0.52451 -0.39557 -0.12883 -0.74284
1 48.977 112.458 72.182 0.67692 -0.23239 0.46 0.52552
2 12.37 131.889 98.247 0.94478 0.32389 -0.00483 0.04968
0 40.837 109.577 62.911 -0.45339 -0.31051 -0.20481 -0.80998
1 45.485 111.538 66.5 0.59222 -0.33787 0.42551 0.59503
2 12.508 131.902 98.223 0.94501 0.32344 -0.00446 0.04827
0 33.564 105.322 54.505 -0.3459 -0.18498 -0.20822 -0.89598
1 35.182 108.456 58.865 0.52048 -0.47136 0.30394 0.64385
2 12.402 131.865 98.279 0.9448 0.32391 -0.00468 0.04915
0 21.746 102.193 47.235 -0.15546 -0.07621 -0.09401 -0.9804
1 20.516 104.292 53.216 0.45416 -0.53321 0.05815 0.71137
2 12.249 131.892 98.266 0.94478 0.32381 -0.005 0.05008
0 17.506 103.634 46.895 -0.09497 -0.04781 0.06954 -0.9919
1 15.53 103.431 54.324 0.49143 -0.48498 -0.10944 0.71506
2 12.4 131.876 98.282 0.94481 0.32383 -0.00475 0.04943
0 15.494 105.202 47.339 -0.079 -0.00769 0.25953 -0.96247
1 12.512 102.549 55.318 0.55322 -0.4168 -0.27333 0.66747
2 12.386 131.868 98.281 0.94483 0.3238 -0.00494 0.04924
0 14.636 105.911 47.681 -0.09196 0.03227 0.39338 -0.9142
1 10.906 101.939 55.127 0.60296 -0.36267 -0.37798 0.6017
2 12.458 131.919 98.214 0.94493 0.32355 -0.00482 0.04899
0 14.014 106.355 47.79 -0.14171 0.10842 0.53956 -0.82282
1 9.164 101.57 53.733 0.67495 -0.31189 -0.48323 0.46223
2 12.444 131.895 98.235 0.94489 0.32366 -0.00467 0.04902
0 13.787 106.641 47.803 -0.17207 0.15714 0.6041 -0.76207
1 8.369 101.906 52.706 0.70663 -0.29119 -0.52994 0.36748
2 12.389 131.892 98.238 0.94492 0.32358 -0.00509 0.04897
