0 51.555 89.884 52.061 -0.13183 -0.14589 -0.53551 -0.82132
1 43.296 87.886 48.633 0.03923 -0.7087 0.01715 0.70421
2 12.43 131.846 98.289 0.94486 0.32377 -0.00465 0.04879
0 54.656 87.81 51.461 -0.06943 -0.10753 -0.52968 -0.83848
1 43.314 87.876 48.639 0.03926 -0.7086 0.01715 0.70431
2 12.44 131.898 98.238 0.9449 0.32362 -0.005 0.04906
0 56.361 82.233 46.593 0.09485 0.07956 -0.45987 -0.87932
1 43.31 87.887 48.624 0.03917 -0.70858 0.01725 0.70433
2 12.375 131.862 98.261 0.94483 0.32376 -0.00491 0.04949
0 50.033 80.557 45.594 0.05031 0.03247 -0.41218 -0.90913
1 43.314 87.884 48.625 0.03914 -0.70859 0.0172 0.70432
2 12.432 131.857 98.27 0.94484 0.32384 -0.0051 0.04871
0 45.154 81.72 46.905 -0.0135 -0.05551 -0.39263 -0.91792
1 43.309 87.885 48.626 0.03921 -0.7086 0.01724 0.70431
2 12.407 131.869 98.249 0.94488 0.3237 -0.0049 0.04894
0 44.109 81.618 46.595 -0.01324 -0.02082 -0.40138 -0.91558
1 42.587 87.458 48.556 0.08461 -0.69997 0.06465 0.70619
2 12.389 131.842 98.294 0.94479 0.32391 -0.00498 0.04922
0 43.961 82.598 46.168 -0.00762 0.01521 -0.3612 -0.93233
1 42.176 88.242 48.56 0.07171 -0.69379 0.02959 0.71599
2 12.452 131.89 98.238 0.94496 0.32348 -0.00486 0.04882
0 40.064 83.687 44.123 -0.03526 0.02432 -0.32014 -0.9464
1 38.412 89.245 46.876 0.1081 -0.69195 0.02235 0.71345
2 12.436 131.894 98.233 0.94488 0.32373 -0.0047 0.04879
0 32.469 86.383 41.076 -0.08824 0.043 -0.21399 -0.97189
1 30.813 91.391 44.869 0.20603 -0.69297 -0.02922 0.69028
2 12.368 131.93 98.216 0.94494 0.32347 -0.00478 0.04928
0 24.134 91.108 39.598 -0.11104 0.05466 -0.11308 -0.98585
1 22.136 95.185 44.441 0.28189 -0.68539 -0.09554 0.66456
2 12.464 131.879 98.251 0.94487 0.32375 -0.00474 0.04883
0 15.936 100.634 41.61 -0.14264 0.07128 0.12681 -0.97903
1 12.888 101.553 48.904 0.43961 -0.6289 -0.25725 0.58741
2 12.432 131.902 98.228 0.94489 0.32366 -0.00491 0.04898
0 14.695 104.879 43.592 -0.16567 0.12245 0.32813 -0.9219
1 10.143 102.994 51.702 0.55043 -0.57195 -0.3914 0.46552
2 12.42 131.951 98.171 0.94495 0.32353 -0.00483 0.04868
0 14.631 106.488 45.591 -0.21243 0.18224 0.50091 -0.81899
1 8.821 102.907 52.802 0.6485 -0.5066 -0.47997 0.30401
2 12.451 131.897 98.231 0.9449 0.32364 -0.00461 0.04892
0 14.255 106.585 46.001 -0.23414 0.20275 0.56679 -0.76342
1 8.059 102.66 52.266 0.68978 -0.4667 -0.50665 0.22294
2 12.409 131.883 98.255 0.94481 0.3239 -0.00487 0.04903
