0 39.076 97.778 48.591 -0.25542 -0.14282 -0.47099 -0.83218
1 30.236 116.47 73.893 0.69036 -0.06963 0.55587 0.45777
2 12.378 131.933 98.226 0.94482 0.32375 -0.0048 0.04973
0 32.912 105.096 52.77 -0.31983 -0.19382 -0.3378 -0.86373
1 30.21 116.485 73.871 0.69049 -0.06982 0.55572 0.45774
2 12.26 131.914 98.253 0.94476 0.32381 -0.00509 0.0504
0 30.778 114.375 61.878 -0.35479 -0.31841 -0.16294 -0.86383
1 30.217 116.482 73.878 0.69036 -0.06977 0.55586 0.45777
2 12.321 131.942 98.208 0.94481 0.32373 -0.00503 0.05016
0 30.782 116.192 64.786 -0.30698 -0.34341 -0.16917 -0.87133
1 30.218 116.502 73.864 0.68727 -0.0822 0.54959 0.46782
2 12.395 131.882 98.26 0.9448 0.32379 -0.00487 0.04978
0 31.438 116.009 65.211 -0.29661 -0.32385 -0.19846 -0.87622
1 30.59 116.365 73.477 0.68002 -0.12925 0.52283 0.49751
2 12.412 131.925 98.214 0.94488 0.32364 -0.00451 0.04935
0 31.864 111.911 59.635 -0.30011 -0.2253 -0.22891 -0.89821
1 29.684 113.348 66.664 0.67742 -0.21637 0.49631 0.49796
2 12.385 131.896 98.261 0.94482 0.32378 -0.00466 0.04968
0 23.849 102.725 48.522 -0.13775 -0.07616 -0.19559 -0.96797
1 19.256 103.338 54.823 0.6311 -0.35186 0.33056 0.60716
2 12.37 131.914 98.225 0.94485 0.32368 -0.00491 0.04962
0 17.895 101.205 45.933 -0.07108 -0.04054 -0.08135 -0.99332
1 12.521 100.156 52.405 0.63616 -0.3264 0.20715 0.66772
2 12.482 131.915 98.208 0.94495 0.32353 -0.00456 0.04885
0 15.014 103.102 44.735 -0.08423 0.00317 0.09864 -0.99155
1 8.706 100.235 51.456 0.6951 -0.2415 0.06704 0.67381
2 12.379 131.906 98.241 0.94482 0.32373 -0.00489 0.0498
0 13.71 105.497 44.12 -0.11164 0.08366 0.30923 -0.9407
1 6.443 101.258 49.771 0.75057 -0.14176 -0.11779 0.63457
2 12.434 131.858 98.284 0.94482 0.32381 -0.00492 0.04936
0 13.391 107.216 43.848 -0.15531 0.17518 0.43829 -0.86781
1 5.599 103.141 47.97 0.7908 -0.08951 -0.26408 0.54488
2 12.362 131.908 98.244 0.94481 0.3238 -0.00491 0.04967
0 13.196 108.219 43.975 -0.19242 0.2317 0.51834 -0.80038
1 5.63 104.849 46.801 0.81213 -0.03996 -0.36852 0.45061
2 12.305 131.934 98.226 0.94474 0.32393 -0.00483 0.05014
0 13.404 108.394 44.403 -0.19794 0.23345 0.52848 -0.79185
1 5.818 105.117 47.106 0.81491 -0.02865 -0.3805 0.43625
2 12.445 131.861 98.31 0.94474 0.32405 -0.00467 0.0493
