0 43.539 89.002 47.734 -0.05392 -0.12615 -0.60013 -0.78805
1 0.973 -92.322 -53.213 0.60032 -0.2326 0.62224 0.44533
2 12.446 131.876 98.256 0.94486 0.32372 -0.00489 0.04922
0 43.231 88.505 47.735 -0.04708 -0.12056 -0.59859 -0.79053
1 0.969 -92.32 -53.218 0.60033 -0.23246 0.62224 0.4454
2 12.447 131.917 98.208 0.94491 0.32356 -0.00476 0.04926
0 38.824 84.401 43.33 -0.02846 -0.04728 -0.55024 -0.83318
1 0.976 -92.321 -53.218 0.60026 -0.23259 0.62224 0.44542
2 12.428 131.907 98.224 0.94488 0.32369 -0.00436 0.04917
0 26.956 80.673 39.586 -0.00828 -0.00252 -0.47445 -0.88024
1 0.977 -92.329 -53.209 0.60028 -0.23253 0.62224 0.44543
2 12.318 131.889 98.254 0.94477 0.32382 -0.00502 0.05032
0 14.46 84.192 41.839 0.00229 -0.05749 -0.39996 -0.91472
1 0.967 -92.314 -53.228 0.60033 -0.23236 0.6222 0.4455
2 12.428 131.871 98.283 0.94477 0.32389 -0.00487 0.04972
0 6.501 89.645 44.956 0.05969 -0.10739 -0.36515 -0.92281
1 0.969 -92.311 -53.224 0.60033 -0.23245 0.62217 0.4455
2 12.337 131.921 98.235 0.94484 0.32368 -0.00495 0.04989
0 5.019 90.509 45.827 0.07987 -0.14193 -0.3364 -0.92753
1 0.909 -92.366 -53.251 0.59464 -0.23665 0.61711 0.4578
2 12.423 131.876 98.269 0.94482 0.32376 -0.00475 0.04965
0 5.831 92.487 45.837 0.03023 -0.09741 -0.30374 -0.94728
1 0.428 -93.1 -52.655 0.62064 -0.21501 0.55604 0.50931
2 12.439 131.889 98.247 0.94486 0.32371 -0.00467 0.04922
0 8.819 99.303 45.075 -0.1397 0.00029 -0.00012 -0.99019
1 0.019 74.119 39.495 0.7665 -0.00651 0.33312 0.54906
2 12.431 131.892 98.233 0.94487 0.3237 -0.00482 0.04921
0 12.233 105.729 47.645 -0.24982 0.16019 0.32704 -0.8972
1 1.595 102.727 51.345 0.82515 0.17822 -0.00736 0.53602
2 12.423 131.908 98.246 0.9448 0.32389 -0.00453 0.0492
0 13.237 107.513 49.69 -0.30416 0.21573 0.4655 -0.80266
1 3.061 105.804 51.47 0.81831 0.26853 -0.16798 0.47962
2 12.514 131.95 98.17 0.94498 0.32345 -0.00465 0.04872
0 13.377 108.127 50.286 -0.32988 0.23794 0.51475 -0.75472
1 3.897 107.339 51.259 0.81116 0.30213 -0.23947 0.43976
2 12.256 131.913 98.237 0.94479 0.32379 -0.00503 0.05003
