0 43.716 91.027 48.861 -0.14804 -0.15825 -0.58997 -0.7778
1 25.459 102.955 59.537 0.57394 -0.35406 0.46645 0.57241
2 12.414 131.871 98.262 0.94482 0.3238 -0.00483 0.04937
0 39.884 90.351 47.708 -0.11974 -0.12244 -0.54186 -0.82284
1 25.46 102.948 59.557 0.57401 -0.35395 0.46633 0.57251
2 12.489 131.898 98.235 0.94487 0.32373 -0.00475 0.04896
0 32.355 91.958 47.125 -0.13295 -0.07792 -0.44996 -0.87965
1 25.443 102.943 59.564 0.57401 -0.35401 0.46626 0.57253
2 12.367 131.868 98.268 0.94469 0.32414 -0.00491 0.04973
0 27.908 96.947 50.892 -0.1997 -0.18335 -0.31421 -0.90982
1 25.457 102.936 59.571 0.57404 -0.35393 0.46633 0.57249
2 12.425 131.856 98.288 0.94476 0.32399 -0.005 0.04944
0 26.857 99.579 53.508 -0.21006 -0.22159 -0.26 -0.91606
1 25.475 102.931 59.567 0.57406 -0.35379 0.46647 0.57244
2 12.397 131.858 98.31 0.94479 0.32388 -0.00494 0.04948
0 26.673 100.492 54.338 -0.21207 -0.19552 -0.26625 -0.91973
1 25.472 103.24 59.62 0.56073 -0.374 0.44856 0.58694
2 12.529 131.846 98.268 0.94484 0.32385 -0.00459 0.04883
0 26.379 100.687 52.227 -0.19266 -0.12688 -0.24428 -0.94186
1 24.235 103.129 57.549 0.53931 -0.41177 0.39661 0.6183
2 12.49 131.902 98.215 0.9449 0.32366 -0.00494 0.0489
0 20.679 101.047 46.43 -0.15315 -0.04245 -0.11545 -0.98052
1 16.904 102.103 52.532 0.58062 -0.42758 0.24304 0.64884
2 12.375 131.887 98.26 0.94481 0.3238 -0.0049 0.04971
0 15.807 103.016 44.534 -0.12052 0.01026 0.12336 -0.98496
1 10.664 101.363 51.512 0.65044 -0.34473 0.02314 0.67643
2 12.438 131.913 98.22 0.9449 0.32362 -0.00465 0.04914
0 14.448 105.027 44.959 -0.13948 0.08737 0.35364 -0.92079
1 8.246 101.552 51.268 0.72081 -0.24865 -0.18055 0.6213
2 12.379 131.888 98.257 0.94479 0.32376 -0.00492 0.05021
0 13.618 106.594 45.872 -0.2248 0.22901 0.56883 -0.75727
1 6.799 103.433 49.577 0.80899 -0.15483 -0.39436 0.40747
2 12.373 131.871 98.29 0.94472 0.32394 -0.00474 0.05038
0 13.596 107.118 45.427 -0.24064 0.25683 0.58834 -0.728
1 6.764 104.339 48.708 0.81746 -0.14753 -0.42432 0.36047
2 12.408 131.85 98.307 0.94476 0.32398 -0.00487 0.0494
