0 47.947 88.115 48.773 -0.07695 -0.16565 -0.69849 -0.69192
1 12.789 122.674 76.117 0.63949 0.24698 0.69893 0.20383
2 12.369 131.931 98.217 0.94486 0.3237 -0.00556 0.04922
0 47.474 88.331 48.782 -0.08088 -0.1714 -0.69388 -0.69471
1 12.806 122.726 76.041 0.63934 0.24673 0.69929 0.20338
2 12.419 131.875 98.279 0.94477 0.32403 -0.00556 0.04892
0 44.787 88.294 47.392 -0.09843 -0.18477 -0.65682 -0.72441
1 12.79 122.69 76.092 0.63948 0.24686 0.69898 0.20382
2 12.334 131.932 98.215 0.94481 0.32381 -0.00577 0.04958
0 36.497 88.618 43.617 -0.15138 -0.18771 -0.57705 -0.78029
1 12.753 122.721 76.061 0.63956 0.24665 0.69901 0.20375
2 12.409 131.915 98.222 0.94482 0.32381 -0.00575 0.04926
0 19.963 98.609 41.229 -0.2256 -0.18972 -0.36016 -0.8851
1 12.833 122.699 76.087 0.63941 0.24705 0.6991 0.20341
2 12.354 131.889 98.285 0.94474 0.32406 -0.00573 0.04929
0 15.169 111.318 49.535 -0.26949 -0.26979 -0.20138 -0.90224
1 12.735 122.722 76.07 0.63952 0.24652 0.69906 0.20387
2 12.396 131.914 98.254 0.94482 0.32387 -0.00595 0.04895
0 13.897 118.514 58.406 -0.24543 -0.30156 -0.13017 -0.91207
1 12.763 122.698 76.082 0.6394 0.24674 0.69905 0.20399
2 12.387 131.922 98.214 0.94487 0.32376 -0.0052 0.04877
0 13.489 120.967 63.069 -0.20345 -0.32482 -0.16508 -0.90876
1 12.754 122.695 76.111 0.63951 0.24681 0.69893 0.20396
2 12.402 131.9 98.262 0.9448 0.32392 -0.00576 0.04896
0 14.215 121.859 64.938 -0.18758 -0.30021 -0.20173 -0.91323
1 12.645 122.56 76.513 0.64235 0.23268 0.68815 0.24431
2 12.358 131.916 98.255 0.94478 0.32398 -0.00555 0.04904
0 13.747 118.23 58.682 -0.26254 -0.23468 -0.31646 -0.88082
1 11.749 121.949 65.812 0.67563 0.16778 0.69538 0.17841
2 12.436 131.889 98.282 0.94476 0.32409 -0.00548 0.0486
0 12.798 115.3 47.715 -0.35032 -0.12144 -0.2853 -0.88381
1 8.93 119.87 53.968 0.76281 0.17387 0.6044 0.1503
2 12.402 131.916 98.249 0.94482 0.32385 -0.00575 0.04907
0 12.08 110.951 39.805 -0.35355 0.03747 -0.12141 -0.92675
1 4.007 113.737 46.21 0.84404 0.1911 0.42096 0.27179
2 12.344 131.957 98.22 0.94485 0.32355 -0.00438 0.05049
0 11.364 107.383 39.47 -0.27933 0.12471 0.16685 -0.93733
1 0.774 106.634 44.973 0.81191 0.29251 0.20234 0.46293
2 12.406 131.888 98.246 0.94482 0.32369 -0.00431 0.05028
0 13.067 106.98 45.287 -0.28441 0.16503 0.41683 -0.84743
1 2.666 105.435 48.213 0.74099 0.42164 -0.00659 0.52259
2 12.464 131.906 98.222 0.94479 0.32391 -0.00503 0.04934
0 13.515 107.959 47.317 -0.30091 0.21233 0.52221 -0.7692
1 3.703 107.312 48.226 0.70371 0.46389 -0.14742 0.51757
2 12.431 131.87 98.277 0.94483 0.32378 -0.00505 0.04936
0 14.126 108.652 48.337 -0.31077 0.22143 0.54522 -0.74641
1 4.613 108.41 48.849 0.69198 0.47798 -0.18716 0.50761
2 12.354 131.917 98.234 0.94485 0.32364 -0.00499 0.05
