0 46.798 78.953 38.352 0.02399 0.09516 -0.50899 -0.85516
1 10.47 108.646 61.466 0.43256 -0.49503 0.29936 0.69154
2 44.141 105.549 90.816 0.85841 0.27854 -0.24246 0.35604
0 39.635 79.445 35.788 -0.04854 0.09238 -0.41722 -0.90279
1 10.447 108.67 61.442 0.43241 -0.49519 0.29934 0.69152
2 44.132 105.567 90.802 0.85834 0.27853 -0.2425 0.35618
0 25.976 82.947 34.893 -0.10809 0.0406 -0.34545 -0.93131
1 10.462 108.653 61.475 0.43257 -0.49505 0.29926 0.69156
2 44.135 105.563 90.807 0.85855 0.27854 -0.24235 0.35578
0 11.507 95.877 42.23 -0.14539 -0.17745 -0.22664 -0.94658
1 10.447 108.649 61.479 0.43259 -0.49515 0.29911 0.69154
2 44.156 105.553 90.797 0.8588 0.27872 -0.24261 0.35486
0 10.337 103.11 48.715 -0.14537 -0.24614 -0.19951 -0.93727
1 10.455 108.66 61.46 0.43252 -0.49512 0.29925 0.69154
2 43.983 105.562 90.852 0.86472 0.28146 -0.23833 0.34094
0 10.203 105.995 52.266 -0.12509 -0.26169 -0.19968 -0.93595
1 10.491 108.647 61.468 0.4333 -0.49481 0.29883 0.69146
2 43.998 105.623 90.86 0.8699 0.28343 -0.23475 0.32838
0 11.158 106.433 52.46 -0.13241 -0.2072 -0.19406 -0.94967
1 10.975 108.778 61.151 0.45862 -0.5074 0.26988 0.67778
2 43.919 105.662 90.879 0.87162 0.28459 -0.23361 0.3236
0 15.356 99.865 42.671 -0.22711 -0.05965 -0.22404 -0.94587
1 13.255 103.971 49.311 0.46937 -0.61587 0.28364 0.56563
2 43.965 105.668 90.861 0.87282 0.28571 -0.23375 0.31924
0 21.535 90.768 36.649 -0.21081 0.05384 -0.13328 -0.9669
1 17.252 93.686 42.954 0.51057 -0.65895 0.16176 0.52814
2 43.848 105.679 90.908 0.8726 0.28585 -0.23425 0.31937
0 29.512 84.64 37.466 -0.16464 0.09574 -0.04744 -0.98055
1 24.459 86.217 43.728 0.50939 -0.65718 0.05445 0.55288
2 43.906 105.66 90.937 0.87303 0.28613 -0.23352 0.31844
0 35.092 84.258 37.866 -0.21545 0.20482 0.10334 -0.94919
1 27.984 83.982 43.521 0.6053 -0.65257 -0.08491 0.44783
2 43.874 105.68 90.902 0.873 0.28593 -0.23351 0.31872
0 39.965 86.504 38.472 -0.33221 0.41894 0.35456 -0.76708
1 30.871 85.206 40.918 0.7548 -0.57605 -0.29215 0.11446
2 43.874 105.693 90.882 0.87309 0.28589 -0.23335 0.31865
0 40.317 86.632 39.396 -0.35059 0.43177 0.36661 -0.74583
1 31.336 85.485 41.48 0.76104 -0.56448 -0.31143 0.07201
2 43.896 105.65 90.925 0.87316 0.28599 -0.23346 0.31829
