0 37.879 83.215 37.47 -0.1281 0.01049 -0.42167 -0.89759
1 27.764 102.763 58.368 0.53339 -0.40876 0.42557 0.60605
2 43.49 107.37 91.207 0.84714 0.27675 -0.24514 0.38168
0 29.549 91.39 42.714 -0.21048 -0.18671 -0.25709 -0.92452
1 27.772 102.77 58.35 0.53331 -0.40873 0.42574 0.60602
2 43.471 107.389 91.185 0.84709 0.27673 -0.24526 0.38171
0 26.676 96.967 46.908 -0.23893 -0.27721 -0.20132 -0.90859
1 27.782 102.762 58.355 0.53341 -0.40874 0.42574 0.60593
2 43.502 107.386 91.177 0.84723 0.27656 -0.24528 0.38151
0 26.381 99.456 49.356 -0.26267 -0.29871 -0.18908 -0.89779
1 27.788 102.773 58.325 0.5334 -0.40876 0.42588 0.60583
2 43.439 107.416 91.17 0.84703 0.27651 -0.24528 0.38199
0 27.201 99.645 49.186 -0.28788 -0.2229 -0.173 -0.91516
1 28.721 102.769 57.942 0.53015 -0.4419 0.3865 0.61178
2 43.472 107.402 91.165 0.84709 0.27657 -0.24522 0.38186
0 29.873 92.463 41.738 -0.27392 0.00868 -0.17308 -0.94601
1 27.339 96.591 49.018 0.50357 -0.62223 0.26577 0.53723
2 43.49 107.385 91.186 0.84718 0.27661 -0.24526 0.38161
0 33.809 87.796 39.291 -0.26642 0.17251 0.01714 -0.94814
1 26.875 89.317 46.323 0.58931 -0.66257 0.04904 0.45968
2 43.492 107.391 91.202 0.84719 0.27665 -0.24516 0.38162
0 37.852 86.769 40.971 -0.30683 0.29935 0.22559 -0.87485
1 28.645 85.926 46.639 0.68118 -0.63329 -0.12014 0.34715
2 43.524 107.389 91.2 0.84736 0.27646 -0.24523 0.38134
0 39.236 86.913 41.465 -0.33249 0.39786 0.34822 -0.78096
1 29.507 84.835 44.773 0.71875 -0.6053 -0.26736 0.21338
2 43.465 107.411 91.191 0.84712 0.27642 -0.24537 0.3818
0 39.03 86.892 41.055 -0.36085 0.42527 0.39573 -0.72961
1 29.544 84.797 42.926 0.7555 -0.55114 -0.33838 0.10468
2 43.484 107.38 91.203 0.84728 0.27654 -0.24532 0.3814
