0 48.153 81.453 40.018 0.03269 0.0797 -0.60639 -0.79049
1 23.322 89.185 49.321 0.28943 -0.60574 0.27286 0.68909
2 43.518 107.392 91.176 0.8473 0.27665 -0.24513 0.3814
0 42.629 80.019 41.161 0.05775 0.05711 -0.54586 -0.83393
1 23.302 89.183 49.334 0.28937 -0.60581 0.27265 0.68915
2 43.481 107.412 91.171 0.8472 0.27657 -0.24505 0.38173
0 33.057 79.796 42.816 0.03603 -0.01523 -0.46642 -0.8837
1 23.316 89.178 49.333 0.28945 -0.60573 0.27276 0.68914
2 43.463 107.393 91.218 0.84711 0.27654 -0.24532 0.38176
0 26.325 82.481 43.97 -0.03505 -0.10431 -0.3901 -0.91417
1 23.318 89.183 49.322 0.28939 -0.60578 0.27285 0.68909
2 43.441 107.392 91.223 0.84707 0.27668 -0.24527 0.38179
0 24.13 84.394 44.749 -0.05341 -0.12891 -0.34482 -0.92824
1 23.211 89.24 49.329 0.29659 -0.59999 0.27362 0.69078
2 43.514 107.391 91.202 0.8473 0.2767 -0.24515 0.38134
0 31.359 85.084 42.329 -0.18073 0.04061 -0.13813 -0.97294
1 26.737 87.372 48.233 0.51217 -0.65824 0.09309 0.54382
2 43.462 107.401 91.214 0.84702 0.27653 -0.24549 0.38187
0 37.596 86.354 42.219 -0.26155 0.21953 0.14033 -0.92936
1 29.907 85.555 47.595 0.68461 -0.61608 -0.14043 0.36336
2 43.454 107.415 91.187 0.84716 0.2764 -0.24539 0.38172
0 39.358 87.155 42.424 -0.28719 0.33484 0.29701 -0.84687
1 31.238 85.103 45.678 0.74158 -0.54771 -0.32276 0.21424
2 43.46 107.378 91.222 0.84713 0.27665 -0.24522 0.38172
