0 44.223 80.598 41.522 -0.08044 -0.00485 -0.55955 -0.82487
1 13.629 119.604 74.771 0.62592 -0.21922 0.46366 0.58753
2 44.371 103.481 89.313 0.73657 0.22677 -0.28989 0.56746
0 35.571 78.974 33.227 -0.17175 0.0156 -0.36744 -0.91392
1 13.684 119.573 74.813 0.62629 -0.21873 0.46363 0.58734
2 44.364 103.5 89.292 0.73647 0.22667 -0.28992 0.56761
0 22.66 85.074 31.365 -0.24067 -0.00146 -0.27299 -0.93142
1 13.673 119.604 74.757 0.62612 -0.21902 0.46389 0.58721
2 44.383 103.486 89.294 0.73666 0.22676 -0.28983 0.56737
0 11.405 98.794 38.794 -0.26676 -0.15197 -0.20288 -0.92983
1 13.64 119.602 74.804 0.62609 -0.21899 0.46366 0.58743
2 44.369 103.516 89.271 0.73637 0.22654 -0.28997 0.56776
0 10.235 111.648 52.248 -0.2663 -0.32426 -0.16847 -0.89194
1 13.651 119.606 74.785 0.62602 -0.21905 0.46366 0.58748
2 44.253 103.565 89.438 0.75939 0.23497 -0.28339 0.53648
0 14.624 119.953 61.008 -0.25343 -0.34302 -0.10563 -0.89831
1 13.69 119.571 74.797 0.62629 -0.21876 0.46376 0.58721
2 44.167 103.577 89.474 0.76415 0.23741 -0.2819 0.52938
0 15.217 120.747 62.337 -0.24092 -0.31001 -0.12582 -0.91105
1 14.326 119.807 74.593 0.62712 -0.23954 0.43168 0.60249
2 44.194 103.577 89.493 0.76451 0.23746 -0.28188 0.52885
0 15.698 118.212 57.162 -0.30922 -0.22637 -0.15812 -0.91002
1 14.366 119.199 67.381 0.63804 -0.307 0.4338 0.5572
2 44.197 103.558 89.505 0.7644 0.23756 -0.28216 0.52881
0 16.502 109.113 43.264 -0.36659 -0.08252 -0.16669 -0.9116
1 13.603 112.09 51.223 0.66259 -0.40435 0.407 0.48149
2 44.172 103.543 89.507 0.76435 0.23784 -0.28233 0.52867
0 23.751 86.648 32.548 -0.19447 0.07702 -0.11998 -0.97049
1 18.317 88.496 38.545 0.59772 -0.53919 0.22141 0.55044
2 44.188 103.54 89.504 0.76431 0.23789 -0.28238 0.52868
0 29.752 79.182 34.906 -0.11609 0.09225 -0.03574 -0.9883
1 24.161 79.465 40.523 0.57859 -0.5318 0.12091 0.60647
2 44.086 103.587 89.511 0.76421 0.23734 -0.28214 0.52919
0 35.043 80.938 37.647 -0.22315 0.1738 0.1485 -0.9476
1 27.539 79.702 42.552 0.72197 -0.47912 -0.01143 0.49907
2 44.11 103.551 89.534 0.76454 0.2379 -0.28242 0.52832
0 38.729 83.119 38.438 -0.31217 0.32578 0.29222 -0.84322
1 29.794 81.598 41.459 0.81321 -0.45465 -0.17018 0.32097
2 44.201 103.519 89.531 0.76494 0.23812 -0.28219 0.52777
0 39.692 83.703 38.685 -0.34999 0.41216 0.36729 -0.75678
1 31.136 82.339 39.841 0.83065 -0.42279 -0.30807 0.19068
2 44.116 103.558 89.521 0.76463 0.23768 -0.28206 0.52849
0 39.127 83.465 38.788 -0.37656 0.42527 0.40014 -0.71919
1 31.273 82.354 39.246 0.83222 -0.38301 -0.38387 0.11555
2 44.116 103.548 89.53 0.76476 0.23792 -0.28206 0.52818
