0 37.258 78.321 38.154 0.0429 0.07759 -0.53717 -0.8388
1 4.183 92.493 51.152 0.31393 -0.57043 0.29566 0.69903
2 43.894 105.675 90.914 0.87358 0.28603 -0.23286 0.31752
0 23.836 77.69 36.907 0.03719 0.01648 -0.4176 -0.90772
1 4.19 92.493 51.154 0.31398 -0.57041 0.29571 0.699
2 43.867 105.683 90.918 0.87358 0.28592 -0.23289 0.31758
0 10.814 84.651 40.824 0.02082 -0.12337 -0.33968 -0.93218
1 4.175 92.493 51.153 0.31391 -0.57051 0.2956 0.699
2 43.944 105.69 90.879 0.87369 0.28586 -0.23277 0.31744
0 7.848 87.579 42.755 0.08431 -0.1574 -0.31139 -0.93336
1 4.199 92.493 51.148 0.31401 -0.57038 0.2958 0.69897
2 43.892 105.69 90.896 0.87389 0.28537 -0.23166 0.31813
0 6.666 89.103 43.737 0.1153 -0.14455 -0.31429 -0.93115
1 4.174 92.526 51.146 0.31921 -0.56765 0.29596 0.69877
2 43.893 105.696 90.887 0.87366 0.28543 -0.23216 0.31837
0 8.577 89.177 43.488 0.08987 -0.07079 -0.30069 -0.94683
1 5.454 92.495 50.525 0.3161 -0.60538 0.25824 0.68331
2 43.932 105.668 90.883 0.87326 0.28599 -0.23356 0.31793
0 15.444 86.612 39.982 -0.02012 0.01513 -0.2538 -0.96693
1 11.113 89.812 46.499 0.3836 -0.63646 0.2412 0.62417
2 43.919 105.64 90.914 0.87331 0.28611 -0.23343 0.31778
0 30.632 83.178 38.049 -0.09982 0.11835 -0.10343 -0.98251
1 24.485 84.341 44.291 0.49973 -0.63069 0.11636 0.5822
2 43.815 105.706 90.907 0.87319 0.28582 -0.23322 0.31852
0 37.639 84.72 39.525 -0.18821 0.25233 0.10764 -0.94304
1 29.047 83.354 44.832 0.64176 -0.59923 -0.06563 0.47409
2 43.885 105.659 90.916 0.87323 0.28628 -0.23349 0.3178
0 40.44 85.781 40.418 -0.27502 0.39984 0.27545 -0.82983
1 30.629 83.476 43.273 0.73797 -0.56304 -0.23105 0.29154
2 43.825 105.683 90.919 0.87331 0.28598 -0.23314 0.31811
0 41.575 86.331 40.567 -0.31719 0.45759 0.319 -0.76697
1 32.108 84.214 42.097 0.75708 -0.538 -0.32642 0.17559
2 43.857 105.702 90.893 0.87347 0.28603 -0.2327 0.31794
