0 35.91 87.987 36.21 -0.17177 0.04929 -0.42942 -0.88525
1 32.581 116.365 72.391 0.64321 -0.25101 0.45018 0.56623
2 43.827 105.837 90.987 0.88249 0.29026 -0.22588 0.29315
0 28.951 97.548 39.628 -0.29005 -0.06243 -0.30281 -0.90569
1 32.654 116.364 72.37 0.64322 -0.25085 0.4505 0.56603
2 43.792 105.855 90.986 0.88241 0.29012 -0.22602 0.29344
0 26.659 106.901 48.375 -0.36125 -0.2193 -0.20721 -0.88231
1 32.574 116.375 72.381 0.64324 -0.25123 0.45022 0.56607
2 43.796 105.861 91.003 0.88252 0.29039 -0.22565 0.29311
0 30.578 114.9 59.399 -0.36995 -0.34446 -0.12102 -0.8543
1 32.625 116.368 72.363 0.64328 -0.25105 0.45045 0.56592
2 43.624 106.359 91.065 0.87669 0.28817 -0.22916 0.30961
0 31.423 116.559 61.736 -0.3483 -0.34898 -0.11661 -0.86215
1 32.709 116.372 72.383 0.64813 -0.24791 0.44852 0.56329
2 43.415 107.363 91.232 0.84972 0.27778 -0.24397 0.37589
0 32.306 115.581 61.513 -0.35416 -0.30548 -0.13577 -0.8734
1 33.088 115.859 71.418 0.64552 -0.28407 0.42927 0.56421
2 43.533 107.391 91.187 0.84571 0.27624 -0.246 0.38463
0 33.886 112.32 55.857 -0.40184 -0.21895 -0.14822 -0.87671
1 33.571 113.849 64.624 0.66557 -0.34697 0.42002 0.51011
2 43.505 107.385 91.203 0.84574 0.27621 -0.24581 0.38472
0 33.514 100.479 41.844 -0.35007 -0.0165 -0.18677 -0.91777
1 30.395 103.637 48.534 0.6311 -0.52343 0.32446 0.47166
2 43.462 107.41 91.192 0.84557 0.27605 -0.24604 0.38506
0 34.561 91.696 37.407 -0.24125 0.07847 -0.15451 -0.95487
1 29.504 94.082 43.603 0.59258 -0.59512 0.19721 0.50576
2 43.515 107.364 91.201 0.84635 0.27626 -0.24588 0.38329
0 36.272 86.497 37.043 -0.14932 0.11097 -0.06172 -0.9806
1 30.429 87.182 43.296 0.57407 -0.5887 0.07128 0.56462
2 43.435 107.42 91.171 0.84617 0.27619 -0.24571 0.38385
0 38.332 86.555 38.334 -0.1598 0.20909 0.15074 -0.9529
1 30.908 84.632 43.605 0.66532 -0.54045 -0.12261 0.50024
2 43.486 107.426 91.153 0.84645 0.27605 -0.24562 0.3834
0 39.715 87.675 39.878 -0.24407 0.37178 0.34329 -0.82726
1 31.616 84.759 42.286 0.74368 -0.48909 -0.35098 0.29077
2 43.531 107.374 91.187 0.84663 0.27632 -0.24552 0.38287
0 40.214 87.609 40.087 -0.28225 0.40324 0.38525 -0.78059
1 32.287 84.987 41.625 0.76368 -0.45936 -0.40872 0.19681
2 43.494 107.371 91.212 0.84644 0.27629 -0.24558 0.38326
0 40.367 87.779 40.418 -0.29459 0.40434 0.39154 -0.77228
1 32.45 85.275 41.884 0.77243 -0.45101 -0.41073 0.17674
2 43.451 107.414 91.181 0.84636 0.27617 -0.24568 0.38348
