0 46.984 98.752 50.445 -0.32685 -0.18617 -0.41591 -0.82797
1 47.53 112.795 73.378 0.71145 -0.10403 0.52833 0.45153
2 43.465 107.381 91.207 0.84744 0.27696 -0.2451 0.38088
0 47.58 108.316 59.464 -0.40813 -0.25914 -0.17367 -0.85797
1 47.505 112.799 73.388 0.71132 -0.10412 0.52836 0.45168
2 43.431 107.425 91.197 0.84736 0.27681 -0.24507 0.38117
0 47.788 111.874 65.651 -0.42749 -0.28846 -0.09746 -0.8512
1 47.558 112.858 73.375 0.71143 -0.10109 0.52676 0.45406
2 43.466 107.417 91.183 0.84755 0.27656 -0.24512 0.38091
0 47.987 111.485 66.103 -0.44765 -0.22001 -0.13363 -0.85636
1 47.659 112.893 72.851 0.71442 -0.14213 0.50121 0.46711
2 43.469 107.417 91.19 0.84748 0.27672 -0.24515 0.38094
0 46.412 107.459 56.935 -0.47832 -0.04061 -0.14125 -0.8658
1 44.003 110.217 62.639 0.77372 -0.28384 0.41551 0.3849
2 43.449 107.406 91.191 0.84742 0.2768 -0.24498 0.3811
0 43.47 99.742 45.497 -0.40213 0.2125 -0.03809 -0.88977
1 38.054 102.299 50.827 0.81525 -0.43181 0.1653 0.34869
2 43.395 107.43 91.186 0.84711 0.27661 -0.24526 0.38175
0 41.175 90.873 41.359 -0.26058 0.26344 0.08522 -0.92489
1 34.638 92.308 46.3 0.7858 -0.43585 -0.00342 0.43879
2 43.422 107.422 91.198 0.84745 0.2767 -0.24507 0.38105
0 40.477 85.117 42.191 -0.18529 0.24942 0.23771 -0.9203
1 33.586 85.175 46.863 0.77956 -0.36137 -0.13541 0.49331
2 43.437 107.399 91.21 0.84734 0.27685 -0.2454 0.38099
0 39.781 84.962 42.903 -0.21931 0.28714 0.3794 -0.85177
1 32.94 84.69 46.975 0.81984 -0.26357 -0.26808 0.43188
2 43.494 107.401 91.202 0.84757 0.27672 -0.24514 0.38072
0 39.154 84.975 42.331 -0.26178 0.33672 0.46782 -0.7741
1 32.759 85.003 45.604 0.84199 -0.20026 -0.36706 0.3409
2 43.459 107.416 91.189 0.84748 0.27675 -0.24508 0.38095
