  -0.6437  0.714913 -0.273039 0.0535714   0.658153   0.699213   0.279169 -0.0684149  0.390494         0 -0.920605  0.171344 0 0 0 1         0 -0.437398  0.872398         0 -0.524398  0.872398 -0.524398  0.785398         0 -0.785398  0.785398         0 -0.785398  0.785398 -0.785398  0.785398
0.171515
0.547858
0.401168
100
0
100
0.147431
0.465949
0.162224 0.149398 0.0250272 0.168647 0.160772 0.173979 0.0261332 0.15807 0.171056 0.148619 0.164185 0.0267944 0.190406 0.164071 0.146894 0.186696 0.17799 0.170232 0.160671 0.155149 0.159894 0.159026 0.095097 0.0230246 0.132035 0.161955 0.15157 0.158683 0.129464 0.170531 0.168296 0.162998 0.160861 0.174059 0.163997 0.14125 0.176815 0.163105 0.185242 0.166646 0.174932 0.175128 0.0235534 0.165571 0.173667 0.165464 0.183897 0.173541 0.170978 0.176128 0.157127 0.024719 0.18244 0.184329 0.173564 0.174939 0.159687 0.173324 0.0244766 0.162419 0.176789 0.157719 0.148761 0.161632 0.158941 0.152294 0.136334 0.0256117 0.165955 0.157339 0.168948 0.13266 0.164179 0.168034 0.140878 0.18801 0.154756 0.163466 0.188068 0.175903 0.175954 0.0277264 0.162863 0.145414 0.164616 0.15727 0.142114 0.0228383 0.182095 0.151694 0.143072 0.183231 0.163822 0.144761 0.165198 0.153258 0.161416 0.160936 0.134289 0.0228139 
0.570688 0.447007 0.0346257 0.57702 0.51472 0.492203 0.0361155 0.556662 0.542018 0.546589 0.492592 0.0374698 0.525318 0.527958 0.519085 0.57957 0.530262 0.436132 0.516687 0.573064 0.458521 0.471275 0.358484 0.0324796 0.491946 0.472179 0.566053 0.573965 0.467332 0.506666 0.554375 0.529368 0.464706 0.467178 0.49192 0.439672 0.566019 0.520174 0.57176 0.567757 0.500084 0.502586 0.032442 0.562952 0.568856 0.497816 0.499196 0.475034 0.552808 0.549882 0.539439 0.034013 0.578431 0.547439 0.534609 0.572502 0.564676 0.556103 0.0339989 0.52071 0.5198 0.573026 0.464861 0.549573 0.462355 0.490473 0.456666 0.0342821 0.490382 0.537749 0.464995 0.478389 0.519856 0.568854 0.481678 0.529637 0.497692 0.550158 0.513495 0.581261 0.533828 0.0382711 0.46965 0.465782 0.573044 0.553713 0.499152 0.0323211 0.552659 0.530067 0.500986 0.552763 0.550865 0.474648 0.492203 0.520914 0.552728 0.510363 0.54239 0.0321694 
