 0.135843  0.684547    0.7162 -0.130892  0.127565 -0.728969  0.672556 -0.109843  0.982484         0 -0.186349 0.0386578 0 0 0 1         0 -0.437398  0.785398         0 -0.437398  0.959398 -0.524398  0.959398         0 -0.785398  0.785398         0 -0.785398  0.785398 -0.785398  0.785398
0.0960137
0.389126
0.187445
100
5
95
0.145127
0.648338
0.293217 0.0862936 0.301744 0.0750466 0.0571958 0.118069 0.322993 0.14694 0.128546 0.303227 0.102817 0.125728 0.153822 0.127479 0.074001 0.302512 0.190429 0.188735 0.133152 0.0852543 0.111284 0.0530314 0.290059 0.1371 0.268908 0.122488 0.0743062 0.13459 0.313758 0.123786 0.133207 0.207667 0.13134 0.114056 0.100397 0.0969235 0.0405073 0.182365 0.111533 0.088455 0.0783006 0.0856472 0.112721 0.0755795 0.303531 0.108885 0.126754 0.211215 0.138126 0.10763 0.144842 0.0751324 0.126451 0.116458 0.0835089 0.119006 0.132953 0.280555 0.0533008 0.275317 0.109484 0.0583242 0.176526 0.152587 0.136797 0.098198 0.147712 0.287896 0.142608 0.0822333 0.116115 0.066134 0.11272 0.172353 0.140309 0.132923 0.115834 0.130209 0.0166165 0.302235 0.0953525 0.126353 0.0731484 0.327745 0.103323 0.121322 0.115681 0.115075 0.109421 0.111326 0.0738264 0.265722 0.143481 0.277452 0.121132 
1.39347 0.395628 1.39336 0.340165 0.298002 0.438659 1.41354 0.469567 0.456611 1.38503 0.461748 0.450504 0.442375 0.428562 0.389195 1.34767 1.16953 1.20344 0.448212 0.377337 0.392971 0.336419 1.81362 0.415743 1.77828 0.413166 0.335667 0.451913 1.60783 0.445066 0.461283 1.19705 0.447511 0.378513 0.398884 0.405945 0.314198 1.10153 0.404565 0.363303 0.406036 0.38959 0.457408 0.375105 1.81998 0.372422 0.509007 1.16699 0.438216 0.376653 0.460888 0.390055 0.474428 0.445248 0.335737 0.433828 0.430678 1.19368 0.347329 1.19918 0.413089 0.342515 1.12842 0.540802 0.42859 0.398621 0.438738 1.95774 0.534171 0.380837 0.391619 0.370878 0.401563 1.20216 0.493163 0.454597 0.426653 0.480931 0.402537 1.28666 0.384899 0.441412 0.35367 1.56412 0.421842 0.39351 0.407648 0.390113 0.439295 0.460686 0.361983 1.23557 0.45424 1.21258 0.40772 
