 0.652501 -0.361619  0.665938 -0.108421 -0.253084 -0.932326 -0.258296 0.0523012  0.714277         0 -0.699864  0.137994 0 0 0 1         0 -0.524398  0.872398         0 -0.350398  0.872398 -0.524398  0.872398         0 -0.785398  0.785398         0 -0.785398  0.785398 -0.785398  0.785398
0.062239
0.411735
0.775206
100
4
96
0.102264
0.465983
0.0343845 0.057069 0.12106 0.0757437 0.102736 0.154389 0.142032 0.134427 0.152556 0.132143 0.0905675 0.0220942 0.0951271 0.111787 0.330286 0.111991 0.142601 0.106187 0.147003 0.13412 0.0852667 0.0155784 0.0991636 0.0205677 0.125981 0.0101228 0.295245 0.0504057 0.0171598 0.0742533 0.150003 0.015011 0.0310142 0.0316027 0.0805946 0.128783 0.135391 0.0179085 0.114175 0.0129052 0.132346 0.0522177 0.0895104 0.0934329 0.0601551 0.0625581 0.132595 0.149362 0.105602 0.101168 0.336214 0.0569358 0.0874366 0.301114 0.0943601 0.110047 0.0766821 0.0309999 0.10447 0.145614 0.0753998 0.0564619 0.0731255 0.0925817 0.122069 0.0813113 0.11845 0.0880528 0.0833728 0.118798 0.118049 0.10733 0.123859 0.0944763 0.0681354 0.107921 0.159735 0.102567 0.108138 0.126834 0.0289427 0.143382 0.118249 0.0677876 0.104533 0.112662 0.0951728 0.0588345 0.0981558 0.125282 0.117994 0.0664744 0.0835121 0.170213 0.107919 0.05932 
0.459188 0.464151 0.483047 0.394436 0.449926 0.53738 0.504771 0.511162 0.483713 0.427052 0.407708 0.029985 0.43785 0.433617 1.44082 0.457371 0.521752 0.413567 0.543694 0.432606 0.4732 0.024553 0.419013 0.0313935 0.432952 0.338844 1.47008 0.455944 0.356575 0.343903 0.528233 0.0227954 0.455744 0.339272 0.421138 0.501271 0.461699 0.0279335 0.5124 0.327715 0.489723 0.389073 0.45491 0.421752 0.465177 0.424484 0.48821 0.659532 0.45473 0.447627 1.48643 0.461215 0.429911 1.42626 0.422286 0.448627 0.358012 0.422824 0.423651 0.506036 0.45466 0.382898 0.388317 0.437252 0.436534 0.379774 0.479508 0.391657 0.352822 0.411995 0.436743 0.444127 0.498362 0.380571 0.367718 0.466578 0.49444 0.437587 0.53496 0.48629 0.475807 0.510266 0.465195 0.436272 0.451746 0.474083 0.404116 0.433229 0.376798 0.496946 0.456844 0.405973 0.430252 0.626329 0.403573 0.365256 
