 0.636606  0.758075 -0.141614 0.0043557  0.739987 -0.652167 -0.164611 0.0197923 -0.217143        0 -0.97614 0.184222 0 0 0 1         0 -0.176398  0.872398         0 -0.524398  0.872398 -0.524398  0.872398         0 -0.785398  0.785398         0 -0.785398  0.785398 -0.785398  0.785398
0.129827
0.425103
0.218887
100
1
99
0.101649
0.393242
0.0667393 0.164336 0.022977 0.159224 0.145712 0.138878 0.150561 0.0997697 0.0278577 0.135097 0.126531 0.170653 0.135617 0.0265342 0.0231934 0.145948 0.0178855 0.223446 0.14316 0.0255431 0.196509 0.0814666 0.203963 0.0884687 0.0603834 0.134841 0.136452 0.153846 0.135537 0.130161 0.10652 0.150351 0.12844 0.021383 0.0215255 0.0164748 0.0210918 0.0219234 0.11806 0.0704086 0.139603 0.0194976 0.120279 0.16244 0.0233866 0.135677 0.124126 0.087674 0.164784 0.0228522 0.0214697 0.107574 0.192027 0.104698 0.0204014 0.165511 0.0609314 0.0272428 0.160421 0.0210563 0.0971501 0.130223 0.206927 0.130976 0.100922 0.0218952 0.0969828 0.0239191 0.0251114 0.0174112 0.121671 0.134812 0.0209223 0.156274 0.148482 0.143371 0.021973 0.153185 0.122026 0.0227511 0.239086 0.104549 0.176379 0.190418 0.0221136 0.0690147 0.113057 0.0172721 0.123215 0.0273011 0.309526 0.131259 0.0207275 0.143065 0.05762 0.0763333 0.152081 0.141439 0.0227029 
0.412901 0.517767 0.0321415 0.489319 0.422793 0.461596 0.500489 0.386712 0.413968 0.426311 0.418483 0.546941 0.579116 0.0365049 0.373873 0.462773 0.0264939 1.43252 0.488215 0.036107 1.42388 0.407269 0.688862 0.404911 0.461097 0.473172 0.457626 0.477919 0.422121 0.449865 0.399713 0.453257 0.461971 0.0297882 0.0307422 0.0226521 0.0296444 0.287242 0.433926 0.391437 0.434156 0.0280754 0.433969 0.478093 0.0330384 0.458964 0.45369 0.372269 0.540933 0.0314619 0.0310725 0.470099 0.654846 0.421177 0.0294127 0.502931 0.39843 0.0377878 0.499443 0.0307379 0.414052 0.410189 1.38838 0.435904 0.382648 0.0315402 0.428532 0.0335016 0.0361515 0.0252038 0.437495 0.448003 0.0288465 0.506579 0.466388 0.494841 0.0313645 0.474392 0.440883 0.032376 1.63677 0.424033 0.506551 0.57204 0.0314709 0.385997 0.437612 0.0263779 0.43972 0.397672 1.43251 0.465773 0.0286293 0.461774 0.350288 0.405401 0.47553 0.461613 0.0311744 
