  0.571914  -0.711925   0.407526 -0.0851076 -0.579788 -0.702256 -0.413137 0.0998615  0.580311         0 -0.814395  0.160965 0 0 0 1         0 -0.437398  0.785398         0 -0.524398  0.785398 -0.524398  0.785398         0 -0.785398  0.785398         0 -0.785398  0.785398 -0.785398  0.785398
0.175747
0.60927
0.61911
100
0
100
0.156009
0.520546
0.0295633 0.18042 0.192306 0.162199 0.181505 0.160218 0.155505 0.173847 0.178773 0.15886 0.152958 0.181656 0.179631 0.175471 0.154721 0.0274511 0.157743 0.171175 0.166162 0.169486 0.171097 0.157554 0.191319 0.176158 0.177252 0.16753 0.024605 0.193929 0.17898 0.165463 0.0296432 0.178092 0.170052 0.171697 0.0247554 0.194221 0.165895 0.154426 0.185034 0.177454 0.0557226 0.176441 0.156387 0.180141 0.161797 0.195754 0.179039 0.169408 0.182262 0.154201 0.176209 0.123719 0.181819 0.164519 0.172421 0.0299617 0.145699 0.0253329 0.161922 0.0315571 0.151834 0.172879 0.173573 0.174268 0.179353 0.154407 0.171077 0.0210082 0.102921 0.15924 0.157282 0.178174 0.186842 0.167894 0.173637 0.127585 0.175537 0.182613 0.165038 0.174051 0.192042 0.16661 0.174427 0.164649 0.178252 0.198653 0.179949 0.164642 0.170154 0.176531 0.188469 0.180794 0.172842 0.179669 0.174334 0.171766 0.186039 0.153679 0.118367 0.170682 
0.0400303 0.556353 0.554848 0.59095 0.566051 0.573256 0.499646 0.578088 0.565788 0.529953 0.494624 0.559964 0.581041 0.523396 0.508789 0.0373608 0.479409 0.55076 0.568495 0.382238 0.547676 0.505301 0.531997 0.580725 0.582761 0.561927 0.509903 0.53369 0.573665 0.511784 0.0395881 0.567203 0.559425 0.571849 0.452846 0.591212 0.560041 0.548869 0.598342 0.569149 0.398186 0.554212 0.517038 0.56023 0.503341 0.559183 0.55718 0.583174 0.59029 0.523994 0.572157 0.507708 0.578225 0.545498 0.590134 0.0404633 0.470789 0.0356615 0.539401 0.4287 0.534359 0.562844 0.581119 0.575748 0.573648 0.558602 0.535818 0.388031 0.520561 0.579555 0.487753 0.566418 0.577466 0.5369 0.547469 0.501368 0.563526 0.561033 0.523084 0.509398 0.600693 0.547329 0.566336 0.576577 0.581901 0.526197 0.603197 0.581727 0.51724 0.582646 0.578891 0.545341 0.575788 0.616612 0.563136 0.543581 0.572603 0.60471 0.542627 0.548219 
