  0.622124   0.758075   0.195662 -0.0394902   0.723153  -0.652167   0.227436 -0.0311739  0.300018         0 -0.953933  0.181335 0 0 0 1         0 -0.524398  0.872398         0 -0.437398  0.872398 -0.524398  0.872398         0 -0.785398  0.785398         0 -0.785398  0.785398 -0.785398  0.785398
0.16111
0.518693
0.304712
100
0
100
0.146502
0.520706
0.122524 0.15206 0.186824 0.127379 0.151874 0.169999 0.176228 0.189517 0.162017 0.0856466 0.0867942 0.149628 0.147518 0.161073 0.132525 0.149828 0.161494 0.162842 0.351828 0.276921 0.172802 0.182943 0.167113 0.137086 0.139505 0.167456 0.101316 0.112823 0.0964473 0.156556 0.181446 0.17087 0.126932 0.159969 0.136468 0.164434 0.157326 0.167115 0.180589 0.0653889 0.141677 0.127629 0.136645 0.133544 0.145655 0.139162 0.165186 0.105696 0.16205 0.162739 0.109899 0.151506 0.161865 0.158738 0.133009 0.16437 0.14028 0.14258 0.0704191 0.173873 0.152462 0.164093 0.142541 0.150855 0.150589 0.101065 0.141253 0.16464 0.0802461 0.181045 0.157798 0.164852 0.176602 0.122686 0.0919168 0.136369 0.16208 0.16486 0.153741 0.174764 0.129375 0.140508 0.150079 0.141971 0.17187 0.1238 0.0952187 0.105168 0.133415 0.0238526 0.111372 0.110675 0.161591 0.173488 0.151993 0.115749 0.164857 0.162339 0.135732 0.137104 
0.442941 0.547257 0.5777 0.474909 0.543954 0.569713 0.566725 0.564806 0.570762 0.445671 0.435577 0.52335 0.471736 0.508668 0.470817 0.46646 0.513778 0.515898 1.58263 1.56684 0.54175 0.522675 0.510752 0.503955 0.480453 0.562985 0.466104 0.446405 0.442652 0.520618 0.51815 0.537602 0.510167 0.580773 0.481484 0.537653 0.456716 0.462345 0.523726 0.408531 0.507752 0.490072 0.515236 0.495645 0.490745 0.520944 0.556756 0.454375 0.531699 0.521877 0.404696 0.525123 0.55014 0.505735 0.514958 0.551872 0.382479 0.505717 0.381536 0.558673 0.50842 0.534769 0.447839 0.541332 0.511164 0.447595 0.485805 0.502646 0.44011 0.565661 0.509838 0.557154 0.548111 0.482084 0.391369 0.492534 0.440643 0.547276 0.544419 0.564014 0.51125 0.482182 0.496497 0.498528 0.545076 0.407374 0.420733 0.506235 0.49316 0.440243 0.431371 0.42947 0.542114 0.55078 0.533953 0.418393 0.530818 0.56827 0.453633 0.406005 
