  0.111444   0.970375   0.214368 -0.0466404  0.447598 -0.241605  0.860978 -0.144934  0.887264         0 -0.461263 0.0934509 0 0 0 1         0 -0.524398  0.959398         0 -0.350398  0.872398 -0.524398  0.872398         0 -0.785398  0.785398         0 -0.785398  0.785398 -0.785398  0.785398
0.10917
0.400459
0.479418
100
7
93
0.109059
0.494778
0.106242 0.117262 0.117168 0.126844 0.121382 0.321852 0.325321 0.123264 0.0853056 0.0989672 0.0215917 0.0285164 0.119822 0.0139025 0.143542 0.1072 0.0982082 0.0201523 0.141244 0.112094 0.0784307 0.0977301 0.0490747 0.127038 0.0279614 0.0955316 0.114246 0.121547 0.128593 0.123065 0.047217 0.112792 0.0666215 0.138138 0.0276469 0.10178 0.020259 0.0561447 0.0988233 0.0698712 0.109851 0.256253 0.0202358 0.126474 0.0612309 0.0913002 0.118951 0.105402 0.0615882 0.0639728 0.0904905 0.177943 0.137453 0.117877 0.0187543 0.0531993 0.0844657 0.289611 0.098608 0.0932657 0.071479 0.0284671 0.296686 0.0466196 0.0785585 0.345932 0.0909597 0.1053 0.127489 0.119777 0.279576 0.0482778 0.19604 0.163881 0.228558 0.0337211 0.0469755 0.0872241 0.132474 0.137125 0.109131 0.0543465 0.0764354 0.0657805 0.123704 0.0895213 0.0832374 0.131173 0.0998526 0.128165 0.122987 0.046395 0.117337 
0.443924 0.466897 0.442364 0.441644 0.446824 1.4386 1.42045 0.454095 0.380377 0.419289 0.0314987 0.362622 0.496335 0.0215168 0.452918 0.467067 0.444106 0.0284722 0.474094 0.426098 0.388583 0.451065 0.375989 0.473724 0.411081 0.416414 0.466091 0.444077 0.441828 0.427339 0.346494 0.437017 0.414929 0.458652 0.429838 0.396854 0.0305281 0.326484 0.448963 0.394571 0.426813 1.34906 0.0304166 0.452199 0.364498 0.418894 0.448 0.451817 0.400617 0.412927 0.395674 0.488763 0.559626 0.481563 0.0255656 0.325702 0.424078 1.84385 0.481809 0.41019 0.381005 0.377048 1.34953 0.45255 0.425604 1.54111 0.418831 0.42757 0.47387 0.436657 1.3435 0.358359 1.11752 0.504672 1.17978 0.393163 0.360758 0.372417 0.497995 0.47733 0.441824 0.327768 0.433207 0.377531 0.441878 0.426702 0.385333 0.479129 0.398422 0.456113 0.439637 0.323858 0.461873 
