 0.225216 -0.368125  0.902088 -0.153459 -0.0891694 -0.929776 -0.357162 0.0710084   0.97022         0 -0.242226 0.0504373 0 0 0 1         0 -0.524398  0.959398         0 -0.437398  0.959398 -0.524398  0.959398         0 -0.785398  0.785398         0 -0.785398  0.785398 -0.785398  0.785398
0.118466
0.408281
0.24466
100
4
96
0.133246
0.541583
0.324631 0.117625 0.127604 0.144493 0.133955 0.299261 0.122628 0.091301 0.0886033 0.0935431 0.12318 0.152471 0.0794879 0.0246402 0.105347 0.136756 0.106552 0.149727 0.151476 0.0180073 0.257051 0.143743 0.0196007 0.0239252 0.134305 0.0933246 0.0933668 0.150319 0.329212 0.115911 0.142225 0.0228677 0.128975 0.135991 0.138156 0.108068 0.0942251 0.11975 0.139991 0.0952798 0.0795882 0.283648 0.312747 0.120528 0.1142 0.19547 0.113236 0.14981 0.0793565 0.13984 0.142966 0.0965389 0.135352 0.151079 0.104896 0.150848 0.11541 0.145085 0.144225 0.111279 0.101461 0.129179 0.146298 0.147433 0.103316 0.0848933 0.0993773 0.163799 0.104341 0.11616 0.116423 0.119951 0.123084 0.263348 0.110631 0.0229904 0.250718 0.2787 0.177933 0.328183 0.125146 0.112801 0.102338 0.128344 0.145871 0.0492503 0.0725612 0.189566 0.162198 0.154395 0.0916251 0.149742 0.130237 0.0221221 0.0743018 0.129215 
1.42227 0.382134 0.476995 0.455974 0.446624 1.32884 0.510616 0.33847 0.410402 0.35542 0.373188 0.473188 0.404716 0.437552 0.465712 0.515481 0.433731 0.427599 0.511171 0.387353 1.84223 0.432674 0.0286946 0.0345182 0.373568 0.346412 0.357338 0.476981 1.48335 0.394112 0.43807 0.0332763 0.451432 0.429499 0.441568 0.406752 0.377049 0.352133 0.446264 0.35716 0.34755 1.73872 1.40669 0.407295 0.410355 1.10667 0.372195 0.445299 0.428644 0.490484 0.424613 0.392394 0.422688 0.461247 0.406928 0.453659 0.413479 0.441511 0.457049 0.419088 0.334639 0.422452 0.42799 0.569623 0.437607 0.375568 0.379634 0.493841 0.389279 0.420606 0.445499 0.386636 0.368155 1.7325 0.433102 0.4468 1.30192 1.45056 1.08878 1.40982 0.392331 0.430356 0.426087 0.431251 0.471203 0.331789 0.359279 1.195 0.4641 0.468756 0.413564 0.438715 0.5259 0.0315017 0.359507 0.43052 
