 0.424374 -0.324909  0.845187 -0.141777 -0.145793 -0.945745 -0.290362 0.0587902  0.893673         0 -0.448719 0.0912108 0 0 0 1         0 -0.524398  0.959398         0 -0.350398  0.872398 -0.524398  0.959398         0 -0.785398  0.785398         0 -0.785398  0.785398 -0.785398  0.785398
0.109805
0.429459
0.465331
100
3
97
0.125148
0.531226
0.303763 0.13488 0.139993 0.0912378 0.109149 0.130413 0.131835 0.125357 0.129007 0.0765928 0.0564379 0.0974386 0.13887 0.114577 0.0848148 0.0759472 0.135797 0.117799 0.168015 0.12198 0.144492 0.13041 0.0311075 0.11564 0.132921 0.146995 0.0954993 0.111028 0.119253 0.0850894 0.305725 0.263359 0.27026 0.0729488 0.129071 0.140612 0.217505 0.123967 0.0817653 0.107377 0.0925256 0.131381 0.0959101 0.123575 0.0636146 0.0230796 0.0986555 0.222487 0.094673 0.124426 0.114228 0.153974 0.115256 0.0792051 0.127482 0.128004 0.152074 0.0938936 0.0865173 0.0490143 0.208797 0.144738 0.136549 0.0866351 0.125253 0.213367 0.0227867 0.0903752 0.125245 0.255478 0.280612 0.111043 0.0920239 0.0199495 0.113433 0.121706 0.1156 0.101923 0.146631 0.249559 0.110691 0.146014 0.133521 0.0933854 0.0857986 0.124835 0.0745971 0.0536064 0.132494 0.119645 0.143498 0.114286 0.0961397 0.101295 0.122703 0.134801 0.111483 
1.39923 0.478036 0.446325 0.362072 0.430155 0.460962 0.452005 0.44697 0.444799 0.403899 0.338087 0.407738 0.463184 0.444081 0.444819 0.365953 0.432779 0.459155 0.999557 0.429864 0.507165 0.459463 0.302878 0.443592 0.439538 0.491597 0.400545 0.440539 0.427309 0.380214 1.40035 1.32436 1.79976 0.442377 0.468986 0.485673 1.29128 0.430065 0.391561 0.517733 0.357359 0.472462 0.391101 0.454602 0.387508 0.0337042 0.422637 1.16684 0.393723 0.452845 0.423354 0.476255 0.442867 0.340631 0.480003 0.434203 0.467739 0.367053 0.407786 0.345997 1.08918 0.540397 0.436616 0.425147 0.433361 1.24965 0.0295074 0.405671 0.449163 1.33498 1.37333 0.404942 0.413497 0.0301094 0.443341 0.426596 0.421163 0.436905 0.494538 1.75723 0.420293 0.517751 0.426375 0.408327 0.40468 0.445797 0.387284 0.354603 0.410264 0.476486 0.47413 0.380602 0.422467 0.466679 0.426721 0.46613 0.371721 
