 0.646087 -0.368125  0.668623 -0.149853 -0.255804 -0.929776 -0.264726 0.0695808  0.719122         0 -0.694884  0.137078 0 0 0 1         0 -0.437398  0.872398         0 -0.524398  0.785398 -0.524398  0.785398         0 -0.785398  0.785398         0 -0.785398  0.785398 -0.785398  0.785398
0.185665
0.552958
0.768258
100
4
96
0.145977
0.472693
0.170225 0.0345175 0.140511 0.185952 0.147634 0.158646 0.185217 0.177201 0.15811 0.171836 0.183692 0.189726 0.162909 0.100065 0.164177 0.144178 0.031399 0.119011 0.173987 0.18489 0.176313 0.186742 0.141684 0.149515 0.0292167 0.0320789 0.0301957 0.178438 0.166307 0.184774 0.0298351 0.175469 0.158146 0.166412 0.164525 0.181764 0.0315708 0.0325004 0.0273279 0.177434 0.182311 0.171759 0.182451 0.160124 0.0303159 0.165198 0.16358 0.19324 0.160964 0.0303355 0.134372 0.175087 0.181994 0.0285887 0.174431 0.163195 0.158814 0.178609 0.142706 0.179367 0.193958 0.196393 0.165985 0.16933 0.151759 0.188992 0.181717 0.157061 0.176769 0.163811 0.175559 0.165691 0.157222 0.146006 0.0274421 0.184805 0.175392 0.185126 0.165823 0.157038 0.154919 0.136542 0.187135 0.151757 0.18275 0.136085 0.097871 0.173131 0.14615 0.19136 0.164602 0.154938 0.0922758 0.0260037 0.180011 0.190826 
0.569351 0.0450066 0.507238 0.547586 0.501965 0.539109 0.589496 0.560633 0.606605 0.568405 0.55004 0.572545 0.571357 0.46782 0.496292 0.555126 0.0426837 0.56778 0.566544 0.546032 0.564908 0.510324 0.485602 0.515712 0.0392398 0.506801 0.0404417 0.570508 0.56384 0.536456 0.0398992 0.501873 0.535021 0.505177 0.527847 0.576452 0.0419959 0.0424468 0.0410602 0.551807 0.540542 0.590648 0.598553 0.535606 0.0385825 0.516267 0.544894 0.559162 0.507035 0.0401793 0.583836 0.549611 0.571605 0.0406922 0.580051 0.555349 0.497892 0.561128 0.442126 0.562336 0.524436 0.574872 0.568388 0.581281 0.556469 0.559138 0.463121 0.554499 0.575383 0.550614 0.555754 0.570006 0.53933 0.571415 0.0377667 0.531588 0.549062 0.491075 0.488195 0.490368 0.501393 0.504407 0.503438 0.495995 0.55502 0.48563 0.574193 0.605919 0.483509 0.572351 0.50094 0.563654 0.479181 0.0342738 0.575157 0.525586 
