 0.0195526   0.998011  0.0599299 -0.0217055   0.309551 -0.0630389   0.948791   -0.16368  0.950682         0 -0.310168 0.0640985 0 0 0 1         0 -0.437398  0.785398         0 -0.350398  0.785398 -0.524398  0.872398         0 -0.785398  0.785398         0 -0.785398  0.785398 -0.785398  0.785398
0.128397
0.425083
0.31537
100
5
95
0.126451
0.523932
0.114828 0.103319 0.102502 0.300391 0.287172 0.105914 0.143352 0.128454 0.135896 0.0692072 0.103238 0.122351 0.148007 0.114466 0.337064 0.0937053 0.128461 0.0880892 0.130907 0.291123 0.122475 0.0441186 0.0734156 0.123962 0.0788129 0.0973956 0.119903 0.0605556 0.118896 0.0864145 0.112559 0.255284 0.0544396 0.0677375 0.107341 0.0513634 0.0785694 0.0603998 0.174085 0.0690595 0.0838795 0.141881 0.0610158 0.14069 0.126863 0.0357212 0.156572 0.130685 0.082719 0.119518 0.144853 0.142283 0.116349 0.0674356 0.129849 0.0735298 0.128232 0.0700302 0.117401 0.108653 0.130514 0.128356 0.112858 0.0973818 0.305821 0.115485 0.115687 0.135039 0.112449 0.145032 0.135739 0.0870753 0.0199498 0.114337 0.266887 0.0510729 0.129 0.06655 0.0839439 0.290379 0.0787479 0.129751 0.13505 0.16173 0.324629 0.137795 0.113622 0.0999294 0.0977205 0.0187667 0.269009 0.305965 0.0891654 0.138659 0.0853645 
0.402768 0.385745 0.521624 1.3525 1.75921 0.390599 0.394288 0.429847 0.443281 0.44792 0.393091 0.395409 0.448026 0.398586 1.41216 0.388914 0.42886 0.373421 0.437659 1.25707 0.465334 0.322996 0.392332 0.521277 0.375984 0.393096 0.443626 0.393879 0.436441 0.37164 0.422367 1.19391 0.371572 0.353063 0.406924 0.333452 0.33502 0.340932 0.759567 0.403355 0.372553 0.449717 0.324271 0.449398 0.46001 0.326524 0.548715 0.452301 0.40447 0.446957 0.445031 0.462139 0.411218 0.363287 0.458004 0.387484 0.456881 0.343558 0.426883 0.38774 0.463511 0.468859 0.429921 0.350153 1.33102 0.429422 0.479787 0.440282 0.443415 0.462401 0.442337 0.370812 0.0297056 0.451072 1.34569 0.376062 0.475444 0.367089 0.392049 1.4822 0.39869 0.47932 0.456237 0.476916 1.37228 0.434632 0.389248 0.380366 0.388639 0.317832 1.23212 1.3736 0.367404 0.439143 0.360975 
