  0.622124  -0.758075   0.195662 -0.0250412 -0.723153 -0.652167 -0.227436 0.0436042  0.300018         0 -0.953934  0.181335 0 0 0 1         0 -0.524398  0.872398         0 -0.437398  0.872398 -0.524398  0.872398         0 -0.785398  0.785398         0 -0.785398  0.785398 -0.785398  0.785398
0.148689
0.524975
0.304711
100
1
99
0.144426
0.511007
0.169185 0.139114 0.173139 0.163864 0.15644 0.146137 0.12575 0.118196 0.332168 0.156801 0.151499 0.190025 0.163542 0.14054 0.00677034 0.118309 0.173598 0.0827532 0.172763 0.15806 0.150831 0.104633 0.0951036 0.139763 0.12088 0.139693 0.167195 0.17158 0.108193 0.152333 0.145755 0.142373 0.185803 0.161692 0.129999 0.167192 0.175641 0.141711 0.176864 0.1184 0.130558 0.174168 0.163442 0.0627483 0.150021 0.0603019 0.155305 0.0226076 0.125137 0.1504 0.183176 0.15073 0.119617 0.159478 0.184333 0.028629 0.169047 0.170907 0.1684 0.116432 0.135993 0.175899 0.0958056 0.18213 0.177854 0.138349 0.184233 0.0971859 0.158854 0.155202 0.166782 0.168188 0.165522 0.13697 0.173333 0.135171 0.154907 0.110567 0.149279 0.142711 0.191747 0.129591 0.128207 0.123832 0.163135 0.136838 0.149044 0.189454 0.1708 0.0984113 0.0197274 0.157193 0.114102 0.135921 0.179943 0.185856 0.1495 0.130799 0.159444 
0.546283 0.445557 0.574865 0.545008 0.516746 0.496013 0.454666 0.501961 1.64341 0.512942 0.497388 0.557129 0.470662 0.444837 0.328175 0.497379 0.521966 0.464147 0.541535 0.513635 0.534587 0.469049 0.470087 0.482611 0.482159 0.506105 0.565999 0.537444 0.470568 0.521907 0.500587 0.497729 0.556162 0.474918 0.330906 0.528137 0.570218 0.508889 0.560744 0.467077 0.4564 0.53926 0.552619 0.374945 0.503169 0.358623 0.503311 0.437874 0.500763 0.494812 0.565853 0.482121 0.449675 0.508682 0.576156 0.404041 0.532437 0.560921 0.555593 0.494432 0.466292 0.499053 0.413339 0.562207 0.554146 0.490932 0.528307 0.425971 0.527048 0.524468 0.569731 0.515477 0.523996 0.459007 0.539388 0.485766 0.502278 0.433858 0.548812 0.478293 0.563705 0.523974 0.468652 0.462897 0.545303 0.518452 0.490958 0.560949 0.566775 0.456909 0.428873 0.523649 0.452826 0.430896 0.568562 0.558083 0.509968 0.491 0.457 
