0.0688151  0.964627   0.25448 -0.049883  0.251805  -0.26362  0.931181 -0.144209  0.965328         0 -0.261039 0.0811905 0 0 0 1           0   -0.524398      1.0464           0 -0.00239816      1.3074   -0.437398      1.0464         0 -0.785398  0.785398         0 -0.785398  0.785398 -0.785398  0.785398
0.0332656
0.44309
0.264098
100
7
93
0.145781
0.933734
0.2149 0.0584914 0.307533 0.198945 0.0926121 0.107761 0.00826183 0.242397 0.0740302 0.300117 0.228341 0.284777 0.0708053 0.123043 0.11945 0.0167852 0.261713 0.172557 0.00955762 0.203316 0.187611 0.243844 0.173606 0.373355 0.160453 0.247452 0.0105542 0.173008 0.210697 0.0345392 0.229856 0.0653043 0.0778842 0.323332 0.231023 0.287828 0.188809 0.0539851 0.091156 0.284618 0.0604683 0.135064 0.0397421 0.0740965 0.0989705 0.0265122 0.115708 0.0328723 0.0508432 0.174345 0.300724 0.062291 0.244143 0.0880389 0.195757 0.0299776 0.0145002 0.249707 0.0630536 0.0497629 0.208242 0.29266 0.00879345 0.261076 0.189529 0.148701 0.289203 0.184228 0.239863 0.180533 0.175109 0.247712 0.288416 0.328554 0.273232 0.0404221 0.179977 0.067984 0.0644998 0.0269558 0.0526282 0.284923 0.161883 0.0472799 0.0951298 0.0159315 0.073018 0.0480273 0.165088 0.014094 0.0174627 0.025616 0.0099754 
1.22686 0.369229 2.2732 2.35203 0.417254 0.457186 0.0153337 1.39043 0.417499 2.26173 1.9852 1.43837 0.393164 0.385748 0.40105 0.36793 2.16086 1.13714 0.0183281 1.1542 1.26446 1.36054 1.2607 3.16985 0.438894 1.37194 0.0188803 1.23152 1.17515 0.355094 2.27076 0.352357 0.420214 2.51202 1.08373 1.41689 1.19523 0.382997 0.450448 1.80962 0.397812 0.53076 0.356921 0.405201 0.44272 0.34332 0.347981 0.383197 0.36714 1.1457 1.40965 0.36039 1.28125 0.383756 1.11557 0.344299 0.022679 1.65258 0.41875 0.384958 1.98787 1.32054 0.0162906 1.24298 1.13729 0.528526 2.29024 1.16321 1.25221 1.15122 1.10752 1.18852 2.35699 2.39189 1.42773 0.362804 1.15703 0.385562 0.390801 0.359119 0.385383 2.69873 1.05305 0.194148 0.303491 0.0222274 0.394651 0.391895 1.13228 0.0213148 0.363632 0.381585 0.0178703 
