 0.0897397   0.904827   0.416215 -0.0811314  0.190707 -0.425779  0.884502 -0.150031  0.977537         0 -0.210766 0.0439526 0 0 0 1         0 -0.437398  0.785398         0 -0.437398  0.959398 -0.524398  0.959398         0 -0.785398  0.785398         0 -0.785398  0.785398 -0.785398  0.785398
0.108102
0.436793
0.212358
100
3
97
0.123822
0.527912
0.113908 0.0852221 0.107849 0.0568708 0.010687 0.113613 0.113414 0.100122 0.139983 0.0753716 0.327222 0.207885 0.119557 0.137449 0.214455 0.155803 0.140811 0.0676003 0.119089 0.178074 0.300444 0.34209 0.0884125 0.01206 0.0917491 0.0984234 0.08396 0.135003 0.0964575 0.0218934 0.127428 0.0960435 0.117807 0.106681 0.138904 0.139127 0.138197 0.108789 0.0822148 0.116252 0.12564 0.124385 0.135503 0.148844 0.152042 0.113759 0.122866 0.0774446 0.12313 0.115832 0.125021 0.141532 0.0562856 0.288761 0.0853458 0.149514 0.166354 0.0328235 0.0959463 0.0766191 0.114917 0.018596 0.071374 0.163388 0.0605576 0.31228 0.121714 0.0666929 0.120838 0.326852 0.113103 0.141979 0.126279 0.305036 0.159403 0.0828764 0.129221 0.0968556 0.124135 0.0614626 0.0666465 0.135426 0.142384 0.0808344 0.0593819 0.0616988 0.112723 0.0774174 0.226528 0.113241 0.120615 0.135157 0.0706211 0.142465 0.102119 0.0922111 0.0691639 
0.425381 0.347797 0.405604 0.322359 0.338571 0.403785 0.429674 0.415306 0.442023 0.394521 1.40084 1.2681 0.444582 0.467629 1.30569 0.468818 0.437057 0.323252 0.435387 1.08725 1.80463 1.4566 0.353486 0.344319 0.305563 0.376336 0.398893 0.440779 0.392514 0.0335192 0.432355 0.369066 0.4342 0.367245 0.444856 0.455483 0.450888 0.408114 0.452624 0.429468 0.429249 0.406701 0.441393 0.461639 0.457054 0.419445 0.424815 0.384181 0.438655 0.446707 0.42207 0.476109 0.304168 1.74261 0.339237 0.415907 0.961838 0.31824 0.331767 0.374678 0.389435 0.388748 0.306165 1.129 0.330851 1.35553 0.450914 0.345331 0.402927 1.39208 0.407361 0.420836 0.417756 1.30616 0.479073 0.393391 0.510492 0.384165 0.428522 0.325927 0.384071 0.444676 0.425929 0.398077 0.34585 0.34602 0.444963 0.357244 1.57928 0.395208 0.4499 0.444143 0.374986 0.446378 0.403764 0.359751 0.331499 
