    0.6437   0.714913   0.273039 -0.0671976   0.658153  -0.699213   0.279169 -0.0550879  0.390494         0 -0.920605  0.171344 0 0 0 1         0 -0.437398  0.872398         0 -0.524398  0.872398 -0.524398  0.785398         0 -0.785398  0.785398         0 -0.785398  0.785398 -0.785398  0.785398
0.170081
0.563946
0.401168
100
5
95
0.131111
0.426868
0.137842 0.187526 0.172071 0.166588 0.0232874 0.143455 0.152837 0.189029 0.147092 0.143019 0.142021 0.173955 0.164652 0.168276 0.153061 0.163451 0.156053 0.0231785 0.0241444 0.180177 0.158073 0.0278442 0.0259338 0.0233761 0.147434 0.158488 0.179531 0.153914 0.180278 0.0268911 0.154275 0.140399 0.153317 0.151228 0.0248104 0.161488 0.142635 0.145613 0.0248806 0.166258 0.0252369 0.179153 0.169147 0.164039 0.135948 0.159202 0.15258 0.158136 0.0254276 0.153162 0.168562 0.0225271 0.157478 0.0438984 0.151956 0.173249 0.154041 0.151401 0.134363 0.162647 0.175862 0.0226956 0.149412 0.14826 0.168993 0.154419 0.150342 0.170898 0.184895 0.146143 0.170842 0.025126 0.026096 0.0250291 0.0251712 0.140285 0.145228 0.167832 0.160803 0.171936 0.155976 0.145881 0.152069 0.143578 0.0268881 0.171206 0.026496 0.18576 0.159782 0.176854 0.150397 0.133162 0.165438 0.162821 0.168443 
0.505894 0.577285 0.544855 0.570292 0.40839 0.501108 0.522827 0.600376 0.525716 0.515881 0.508295 0.573861 0.564195 0.506808 0.506132 0.522451 0.52048 0.0326982 0.0340531 0.572484 0.554348 0.0377 0.0357438 0.0322374 0.475864 0.547056 0.571625 0.499244 0.50385 0.0363689 0.453083 0.449967 0.564786 0.554011 0.0347799 0.559998 0.456722 0.481298 0.0338614 0.452928 0.0347491 0.580541 0.425006 0.569009 0.544012 0.462196 0.556664 0.488402 0.0365218 0.580764 0.542778 0.0328658 0.510921 0.38265 0.545068 0.481673 0.517706 0.472491 0.486896 0.521084 0.504596 0.0323691 0.537886 0.508294 0.453985 0.486638 0.514781 0.494262 0.558971 0.537201 0.55683 0.0357569 0.034578 0.0354943 0.0349924 0.530824 0.487661 0.584726 0.515427 0.567968 0.470122 0.542179 0.432255 0.50355 0.0375078 0.567218 0.0372134 0.540202 0.485779 0.545986 0.523068 0.504837 0.525483 0.549018 0.553241 
