  0.551917   0.770513   0.318899 -0.0487925   0.667153  -0.637424   0.385483 -0.0440293  0.500294         0 -0.865856  0.172561 0 0 0 1          0  -0.524398   0.872398          0 -0.0893982     1.4814  -0.437398   0.785398         0 -0.785398  0.785398         0 -0.785398  0.785398 -0.785398  0.785398
0.0460667
0.474885
0.523938
100
1
99
0.0817533
0.441834
0.110232 0.0181472 0.0761388 0.0184607 0.0735591 0.0805508 0.099997 0.139912 0.0385844 0.0222217 0.209787 0.0232718 0.155549 0.0655984 0.0212692 0.116968 0.0247082 0.0214794 0.263772 0.0257058 0.161878 0.0910554 0.0694003 0.103113 0.254689 0.0171261 0.0391559 0.0830717 0.13875 0.274831 0.06421 0.0404377 0.018636 0.105463 0.0403095 0.288754 0.0786531 0.018408 0.0796992 0.0181813 0.0557377 0.087822 0.0809244 0.0211235 0.0828877 0.0586675 0.0206205 0.104628 0.0887568 0.101064 0.0793128 0.0209485 0.0319607 0.0511577 0.0940638 0.10331 0.0667605 0.0914851 0.102991 0.118748 0.0244079 0.0427375 0.0314735 0.233558 0.229794 0.021321 0.212397 0.0180566 0.120855 0.0622862 0.115628 0.0149636 0.0114723 0.0148099 0.143248 0.101886 0.0180587 0.0335355 0.0542508 0.113864 0.0346386 0.0668028 0.0758642 0.0180317 0.0243682 0.0958363 0.0743788 0.118235 0.0139455 0.0216407 0.214512 0.081558 0.0978821 0.131064 0.0125312 0.118465 0.0605179 0.0201114 0.139889 
0.4473 0.0263127 0.511233 0.0266029 0.416833 0.480722 0.40999 0.635479 0.367968 0.0312926 1.40942 0.421168 0.36503 0.439355 0.0291407 0.449934 0.0334231 0.385888 1.52027 0.415623 0.505556 0.399343 0.43085 0.441276 1.42993 0.0264458 0.461924 0.438443 0.558348 1.53636 0.39268 0.458159 0.0243069 0.468034 0.415884 1.54105 0.382743 0.0253335 0.434592 0.0274548 0.486878 0.432769 0.521874 0.0295187 0.488417 0.377682 0.0287142 0.40393 0.448759 0.42066 0.424987 0.397027 0.356671 0.468193 0.408963 0.449757 0.612767 0.409778 0.450209 0.443743 0.387809 0.438338 0.450448 1.30564 1.33566 0.030383 1.30318 0.0254782 0.448214 0.438744 0.476472 0.0235877 0.0168511 0.0213285 0.566958 0.464455 0.0264032 0.449102 0.420801 0.500501 0.428622 0.411871 0.40758 0.0252324 0.461091 0.440939 0.439286 0.48635 0.0202443 0.0289107 1.41505 0.46007 0.449091 0.592123 0.0176919 0.429619 0.370975 0.0282965 0.415195 
