 0.173107  0.235993  0.956212 -0.168778  0.0420394  -0.971755   0.232219 -0.0311866  0.984005         0 -0.178138 0.0371151 0 0 0 1         0 -0.437398  0.785398         0 -0.437398  0.959398 -0.524398  0.959398         0 -0.785398  0.785398         0 -0.785398  0.785398 -0.785398  0.785398
0.118989
0.382881
0.179094
100
9
91
0.1455
0.571953
0.0994721 0.260121 0.0830618 0.28783 0.12345 0.111102 0.0587891 0.0942672 0.139855 0.101279 0.126512 0.0788964 0.135017 0.15842 0.131413 0.128078 0.146592 0.14029 0.324344 0.151208 0.331913 0.287911 0.300521 0.0955998 0.14445 0.105579 0.130923 0.313028 0.112139 0.15481 0.140352 0.0189832 0.1346 0.127274 0.309341 0.116969 0.285225 0.146661 0.0897073 0.124368 0.336811 0.15185 0.0225521 0.140018 0.0967795 0.320312 0.327041 0.137369 0.14508 0.121169 0.145451 0.182239 0.0782316 0.0837347 0.138202 0.103925 0.104422 0.147115 0.106104 0.114796 0.0976018 0.14756 0.0795101 0.0993571 0.079705 0.114998 0.0485516 0.136107 0.087798 0.106526 0.118935 0.139533 0.155374 0.128098 0.141564 0.0535464 0.192359 0.311704 0.127497 0.108453 0.321597 0.129582 0.150595 0.113773 0.122197 0.0689543 0.11802 0.0223236 0.135257 0.0981157 0.131721 
0.375772 1.38503 0.376464 1.41877 0.405099 0.398141 0.366445 0.368105 0.466387 0.41191 0.41724 0.352679 0.450747 0.462442 0.458158 0.429637 0.444771 0.434628 1.37196 0.457899 1.40274 1.25778 1.33442 0.337001 0.446547 0.399367 0.400703 1.8109 0.368805 0.466751 0.436977 0.414766 0.423714 0.428007 1.31298 0.431747 1.33223 0.466383 0.364363 0.394625 1.65273 0.469534 0.394496 0.418857 0.377964 1.27947 1.35457 0.433641 0.438336 0.41507 0.467818 1.14701 0.341127 0.353255 0.422738 0.365902 0.338739 0.455797 0.40078 0.395473 0.361929 0.45232 0.318558 0.379598 0.334056 0.371721 0.352805 0.444199 0.348536 0.382201 0.357238 0.465144 0.469434 0.416684 0.438901 0.355957 1.09328 1.32428 0.414132 0.378517 1.34131 0.427564 0.390797 0.403919 0.407737 0.318522 0.405389 0.303442 0.414453 0.337891 0.4308 
