-0.203697  0.970375 -0.129926 0.0197661   0.81812  0.241605   0.52183 -0.115886  0.537761         0 -0.843097  0.159951 0 0 0 1         0 -0.437398  0.785398         0 -0.524398  0.785398 -0.524398  0.785398         0 -0.785398  0.785398         0 -0.785398  0.785398 -0.785398  0.785398
0.172934
0.562752
0.567779
100
3
97
0.141544
0.453553
0.0256261 0.167757 0.0567886 0.028483 0.176609 0.175544 0.153222 0.149169 0.141812 0.161804 0.179071 0.147283 0.0314927 0.157969 0.185354 0.0690685 0.135925 0.175509 0.172382 0.0290012 0.15105 0.168872 0.167834 0.153311 0.160137 0.0260393 0.185882 0.165918 0.162145 0.166592 0.158201 0.14399 0.173123 0.153053 0.169658 0.178664 0.152794 0.170166 0.157905 0.0258386 0.148537 0.159953 0.0264113 0.0272713 0.167798 0.158382 0.1762 0.145864 0.444224 0.161945 0.174486 0.179375 0.169595 0.169495 0.0239824 0.171983 0.0189561 0.17273 0.174366 0.18109 0.173338 0.163909 0.16794 0.164215 0.139627 0.0299376 0.141541 0.174512 0.161348 0.0295984 0.156208 0.149659 0.0291322 0.167541 0.164125 0.17152 0.174446 0.143673 0.165106 0.151791 0.148711 0.0292809 0.132895 0.16607 0.175219 0.182692 0.159085 0.0266012 0.0274877 0.14766 0.141125 0.163446 0.166836 0.172643 0.161878 0.166792 0.17851 
0.0352769 0.581098 0.452718 0.0379834 0.586638 0.554509 0.572583 0.539842 0.532583 0.565295 0.554284 0.539668 0.0418118 0.541802 0.542546 0.408533 0.487919 0.572295 0.546336 0.039626 0.51048 0.568891 0.576762 0.503493 0.576426 0.0366709 0.544756 0.55605 0.53004 0.580782 0.540301 0.506881 0.548193 0.519055 0.513385 0.559846 0.482311 0.546846 0.503025 0.0366892 0.469553 0.534308 0.0363324 0.0363786 0.54475 0.550376 0.574657 0.496505 0.00128836 0.571769 0.56554 0.55818 0.475472 0.537237 0.0337814 0.564582 0.0291722 0.507554 0.580826 0.561108 0.581917 0.601675 0.546447 0.564438 0.521475 0.0395507 0.549527 0.586043 0.562541 0.0400664 0.519136 0.528769 0.0388789 0.492968 0.564492 0.524876 0.580834 0.51951 0.565808 0.511618 0.511972 0.0388388 0.528787 0.581508 0.562393 0.573158 0.51064 0.0360141 0.0375472 0.505067 0.573373 0.584885 0.590867 0.5607 0.543873 0.552402 0.558437 
