  -0.637424   -0.770513 -0.00021636  0.00736369    -0.770513     0.637424 -0.000261535  -0.00604948 0.000339429    0   -1 0.19 0 0 0 1         0 -0.524398  0.959398         0 -0.524398  0.959398 -0.524398  0.785398         0 -0.785398  0.785398         0 -0.785398  0.785398 -0.785398  0.785398
0.193666
0.550575
0.000339429
100
1
99
0.169754
0.531724
0.191649 0.177162 0.165518 0.19561 0.175775 0.170987 0.193721 0.162299 0.184361 0.199243 0.150394 0.163734 0.198209 0.151194 0.184749 0.191759 0.144509 0.196171 0.191122 0.158376 0.119442 0.0279979 0.156957 0.177233 0.1683 0.201618 0.185809 0.177018 0.0587283 0.19056 0.181848 0.199364 0.199531 0.17628 0.0647354 0.170388 0.204603 0.185279 0.186107 0.133046 0.182174 0.193712 0.182054 0.198483 0.190603 0.181038 0.156075 0.188863 0.1965 0.162914 0.173808 0.169 0.179245 0.17557 0.173362 0.183617 0.144435 0.120382 0.196399 0.19565 0.199976 0.153965 0.170746 0.185813 0.167779 0.181578 0.179228 0.154558 0.16034 0.167709 0.156071 0.175542 0.170585 0.157257 0.18734 0.177163 0.16867 0.179727 0.192789 0.180244 0.186352 0.190823 0.142348 0.184438 0.0215056 0.163619 0.181323 0.155255 0.17759 0.317262 0.189525 0.186549 0.185167 0.0268468 0.183404 0.113021 0.196705 0.10571 0.175885 
0.500744 0.525701 0.501022 0.567425 0.539015 0.530797 0.566459 0.502151 0.53669 0.584065 0.508578 0.497507 0.582155 0.423143 0.510477 0.581988 0.41608 0.575492 0.576986 0.52222 0.386511 0.473112 0.510388 0.55314 0.509252 0.578941 0.560573 0.553809 0.41677 0.546113 0.52128 0.549521 0.57252 0.543782 0.443514 0.519781 0.575879 0.557836 0.573637 0.476448 0.550873 0.558998 0.516785 0.579182 0.526874 0.550854 0.466439 0.549881 0.563063 0.507582 0.504068 0.460912 0.512093 0.521416 0.506097 0.527573 0.471551 0.476316 0.57026 0.56148 0.572028 0.461284 0.507487 0.529255 0.502565 0.515138 0.5338 0.478298 0.464122 0.538396 0.484288 0.5327 0.493048 0.438598 0.585776 0.498921 0.505512 0.532433 0.568813 0.536687 0.56498 0.55631 0.469559 0.55442 0.370053 0.516855 0.527737 0.517797 0.508736 1.68334 0.571664 0.507341 0.532983 0.445583 0.525288 0.508428 0.57992 0.493038 0.473738 
