 0.420941 -0.714913  0.558308 -0.087926 -0.430392 -0.699213 -0.570844  0.103541   0.79848         0 -0.602021  0.120722 0 0 0 1         0 -0.524398  0.872398         0 -0.350398  0.872398 -0.524398  0.872398         0 -0.785398  0.785398         0 -0.785398  0.785398 -0.785398  0.785398
0.0880253
0.468351
0.646029
100
4
96
0.0894568
0.421149
0.0803345 0.0426127 0.0140389 0.148204 0.12505 0.14959 0.0692872 0.0583489 0.320074 0.0534903 0.0606403 0.0516899 0.0610764 0.0909051 0.0190506 0.0995965 0.0377618 0.0744037 0.145984 0.0917403 0.137015 0.204101 0.171042 0.105921 0.0793875 0.0485101 0.0586445 0.134818 0.092052 0.0920797 0.0393572 0.109712 0.132324 0.0471318 0.103464 0.0454493 0.0952947 0.0977029 0.119867 0.10635 0.127355 0.104929 0.0224758 0.130319 0.111458 0.131147 0.0828719 0.0645785 0.0686605 0.111787 0.155104 0.0774673 0.0351014 0.148519 0.089474 0.0897769 0.10256 0.0409667 0.0219869 0.0846084 0.0779935 0.0126013 0.076657 0.113247 0.0674226 0.0838898 0.0486936 0.0897062 0.0945436 0.0849183 0.116786 0.0802375 0.10087 0.148776 0.103282 0.116164 0.0119323 0.0453803 0.0218706 0.0933117 0.117881 0.0781286 0.113401 0.0246207 0.0643393 0.0666865 0.110514 0.0977048 0.10956 0.0895949 0.0628501 0.0544452 0.0158199 0.124536 0.136686 0.117553 
0.412845 0.37328 0.0221468 0.445907 0.44456 0.487062 0.499975 0.355015 1.45062 0.363938 0.428933 0.374863 0.351234 0.411645 0.0301263 0.4299 0.359696 0.47592 0.562317 0.439518 0.465373 1.05564 0.488462 0.438875 0.470208 0.365346 0.443617 0.468576 0.405129 0.418344 0.384308 0.463147 0.45328 0.365999 0.436073 0.341944 0.437648 0.462552 0.497423 0.448811 0.43852 0.456645 0.0327665 0.467889 0.455989 0.477545 0.396717 0.377105 0.419338 0.444417 0.552968 0.435513 0.374377 0.462677 0.445085 0.414347 0.442893 0.392272 0.453302 0.444105 0.378469 0.0197169 0.379244 0.469844 0.472269 0.445581 0.414184 0.369098 0.481833 0.389483 0.483109 0.482458 0.412813 0.549049 0.423603 0.463118 0.019861 0.368652 0.0319329 0.474423 0.468214 0.411915 0.452587 0.0388645 0.386059 0.385866 0.434884 0.430362 0.459702 0.418289 0.347961 0.422793 0.375774 0.472381 0.497446 0.483749 
