-0.186836  0.964627 -0.185979 0.0225921  0.683661   0.26362  0.680524 -0.116648  0.705479         0 -0.708731   0.13939 0 0 0 1         0 -0.524398  0.872398         0 -0.350398  0.872398 -0.524398  0.872398         0 -0.785398  0.785398         0 -0.785398  0.785398 -0.785398  0.785398
0.0426991
0.387128
0.783099
100
6
94
0.107376
0.491636
0.124357 0.158202 0.0878967 0.0989391 0.0960591 0.0706045 0.13007 0.0589007 0.0956131 0.124183 0.117873 0.0997956 0.135022 0.0844952 0.0478537 0.0826146 0.131051 0.111192 0.0913956 0.320578 0.105655 0.0620571 0.104764 0.121243 0.0975662 0.16567 0.109754 0.0767704 0.143131 0.134615 0.12193 0.103544 0.0715073 0.11504 0.0691083 0.102296 0.0817496 0.139792 0.0897122 0.126364 0.110974 0.110585 0.0949992 0.0184573 0.070785 0.108808 0.0139757 0.146088 0.130517 0.0939371 0.0879511 0.1588 0.0799407 0.0999744 0.0864794 0.0101887 0.132908 0.139516 0.268743 0.07078 0.108137 0.116822 0.0502121 0.0501893 0.138798 0.0731142 0.129709 0.0726903 0.252222 0.0789161 0.0573621 0.130381 0.035194 0.1449 0.110721 0.109365 0.238096 0.125248 0.123287 0.0277007 0.120731 0.137776 0.0145251 0.114939 0.0999005 0.0532728 0.0914828 0.130705 0.116477 0.0524023 0.135065 0.235257 0.0761268 0.0982577 
0.496231 0.547735 0.412032 0.470774 0.469309 0.364306 0.438087 0.365316 0.464032 0.489855 0.506471 0.460641 0.504475 0.421833 0.381638 0.419682 0.459279 0.435787 0.403207 1.46744 0.477923 0.354209 0.451618 0.469884 0.413413 0.53573 0.442728 0.390996 0.494619 0.593462 0.463757 0.452826 0.384513 0.488041 0.430431 0.512652 0.443948 0.490521 0.446272 0.477195 0.419614 0.502826 0.453515 0.0259146 0.427899 0.45589 0.0210241 0.512485 0.497063 0.424822 0.39648 0.512669 0.41443 0.413052 0.424617 0.0171639 0.497088 0.536322 1.33789 0.348782 0.442895 0.470787 0.431773 0.366188 0.541525 0.415294 0.503087 0.412796 1.81989 0.386189 0.414266 0.478229 0.382223 0.462442 0.483515 0.41423 1.7527 0.463936 0.486548 0.449764 0.448201 0.501601 0.0222502 0.482038 0.469619 0.480417 0.444341 0.499959 0.451972 0.401105 0.504694 1.24481 0.436809 0.415318 
