  0.203697  -0.970375   0.129926 -0.0197661  -0.81812 -0.241605  -0.52183  0.115886  0.537761         0 -0.843097  0.159951 0 0 0 1         0 -0.437398  0.785398         0 -0.524398  0.785398 -0.524398  0.785398         0 -0.785398  0.785398         0 -0.785398  0.785398 -0.785398  0.785398
0.173206
0.563185
0.567779
100
2
98
0.137336
0.454545
0.167536 0.17184 0.186345 0.176449 0.15336 0.162728 0.146039 0.178761 0.165696 0.153601 0.0517459 0.163028 0.0248322 0.131774 0.143872 0.139099 0.0227543 0.17125 0.159749 0.0267413 0.0254568 0.167995 0.171612 0.162001 0.0321037 0.155583 0.167978 0.170521 0.17582 0.157656 0.0263929 0.173052 0.163789 0.165554 0.0291268 0.153731 0.159371 0.177229 0.15861 0.164544 0.155473 0.0251841 0.161195 0.146618 0.0267351 0.180025 0.157284 0.163087 0.173854 0.194233 0.0272456 0.1827 0.152077 0.173107 0.0284451 0.146052 0.0738354 0.17237 0.158651 0.153502 0.161037 0.150414 0.174116 0.168219 0.161621 0.185776 0.147564 0.0259307 0.176386 0.151354 0.173801 0.176262 0.188446 0.145457 0.179845 0.1704 0.0276175 0.0297428 0.168984 0.0264348 0.169972 0.173074 0.166883 0.0235188 0.158696 0.175689 0.17361 0.0253399 0.186604 0.170617 0.167076 0.149544 0.157286 0.14726 0.180099 0.0251872 0.158015 0.154014 
0.573083 0.563589 0.567657 0.515309 0.545567 0.562916 0.516514 0.549533 0.501595 0.511869 0.535026 0.560925 0.0349196 0.483286 0.531135 0.480051 0.0335425 0.548602 0.492534 0.0365261 0.0351079 0.514457 0.52378 0.554248 0.0415158 0.542775 0.559135 0.559114 0.562159 0.517231 0.0367209 0.576489 0.534921 0.572036 0.0392253 0.510341 0.562747 0.568688 0.550953 0.520294 0.52215 0.421383 0.541743 0.487721 0.0371152 0.561067 0.512496 0.543624 0.563864 0.578794 0.0377768 0.584211 0.513991 0.498314 0.0388987 0.562092 0.524899 0.514259 0.546479 0.544546 0.555102 0.490104 0.572969 0.558487 0.547776 0.574326 0.532852 0.0369413 0.578558 0.501499 0.544337 0.58196 0.519556 0.498831 0.575464 0.556216 0.0385696 0.0392018 0.610567 0.037423 0.566551 0.589575 0.500261 0.0337344 0.548651 0.588874 0.566352 0.0351272 0.57437 0.585889 0.545381 0.513288 0.558311 0.535368 0.583776 0.0355662 0.524202 0.547806 
