  0.186836   0.964627   0.185979 -0.0409779   0.68366  -0.26362  0.680524 -0.111623  0.705479         0 -0.708731   0.13939 0 0 0 1         0 -0.524398  0.872398         0 -0.350398  0.872398 -0.524398  0.872398         0 -0.785398  0.785398         0 -0.785398  0.785398 -0.785398  0.785398
0.094076
0.438549
0.783099
100
2
98
0.0957891
0.418903
0.0830904 0.0256611 0.0965234 0.059799 0.108953 0.0495358 0.0892865 0.0626462 0.0810653 0.0911483 0.12148 0.138252 0.0582871 0.0169943 0.10653 0.0864125 0.106614 0.125662 0.143807 0.0541729 0.0797921 0.136312 0.104759 0.131499 0.133762 0.139854 0.134538 0.0812668 0.0742732 0.14905 0.0524706 0.0805772 0.0565445 0.101214 0.019042 0.0576804 0.0834578 0.0965804 0.139545 0.0623048 0.125325 0.0905283 0.11451 0.109284 0.138515 0.113883 0.138071 0.125532 0.168805 0.0636401 0.135333 0.10772 0.146226 0.107359 0.0707431 0.0185566 0.0787449 0.142396 0.134182 0.015835 0.0717222 0.111108 0.0894156 0.086276 0.0248858 0.36815 0.0229706 0.105549 0.105375 0.108488 0.0214175 0.0259315 0.0524048 0.0775036 0.0191202 0.10663 0.0156829 0.0198302 0.112075 0.07796 0.0981852 0.308833 0.118898 0.0998158 0.0796087 0.09966 0.101351 0.0897944 0.107578 0.0211701 0.135416 0.0833723 0.0924476 0.11428 0.112845 0.0959335 0.094393 0.145626 
0.417084 0.391963 0.426463 0.344871 0.403639 0.392426 0.379719 0.355055 0.417971 0.449993 0.477009 0.471996 0.391389 0.0247884 0.480761 0.418863 0.436789 0.483827 0.501288 0.432652 0.365108 0.485908 0.418634 0.512909 0.526246 0.541311 0.492822 0.503362 0.439328 0.510818 0.362963 0.398184 0.391105 0.456505 0.0285547 0.408428 0.410721 0.395732 0.484225 0.383784 0.475264 0.4078 0.512327 0.414665 0.508569 0.463891 0.480546 0.49622 0.40009 0.441555 0.43278 0.456251 0.568787 0.472095 0.396455 0.290633 0.441862 0.49142 0.496508 0.0241979 0.389143 0.451339 0.490089 0.420623 0.0342052 1.63144 0.0334587 0.444147 0.420704 0.450099 0.401679 0.0365967 0.435897 0.38668 0.0291394 0.423731 0.0231043 0.0309989 0.477609 0.427255 0.443229 1.3721 0.424536 0.389057 0.426935 0.461084 0.39979 0.443603 0.421983 0.0329231 0.51713 0.412693 0.370939 0.446599 0.445842 0.449691 0.39272 0.476585 
