 0.0948374   0.989252   0.111298 -0.0359337  0.641605 -0.146224  0.752969 -0.169242   0.76115         0 -0.648576  0.124337 0 0 0 1         0 -0.437398  0.872398         0 -0.524398  0.785398 -0.524398  0.785398         0 -0.785398  0.785398         0 -0.785398  0.785398 -0.785398  0.785398
0.161677
0.561221
0.705712
100
12
88
0.138065
0.429284
0.169682 0.194783 0.156105 0.165832 0.143829 0.191134 0.0296266 0.0308999 0.171149 0.18108 0.175884 0.170573 0.181287 0.0295852 0.177622 0.142498 0.184572 0.0295976 0.0313194 0.0290274 0.178839 0.14427 0.174123 0.0316214 0.0310402 0.164022 0.166973 0.156816 0.182842 0.0304972 0.0272342 0.174905 0.156588 0.167782 0.163091 0.185748 0.0313523 0.172523 0.172004 0.169 0.192587 0.18013 0.177817 0.165978 0.178434 0.173524 0.175152 0.168215 0.132123 0.184703 0.178533 0.183095 0.180062 0.183552 0.174522 0.163872 0.193937 0.0306426 0.172124 0.024404 0.186038 0.177768 0.168202 0.162945 0.182643 0.0295286 0.14977 0.162636 0.17828 0.0875787 0.182657 0.0515121 0.197795 0.0288913 0.175881 0.187414 0.171262 0.0244577 0.158423 0.0326201 0.178023 0.189453 0.0293458 0.173732 0.199055 0.030162 0.142828 0.0300228 
0.530066 0.565353 0.560883 0.571222 0.492216 0.582791 0.0383042 0.0396782 0.539251 0.59843 0.467125 0.543402 0.55074 0.0384801 0.565377 0.470704 0.564082 0.0380773 0.0431718 0.0391063 0.568387 0.525978 0.56015 0.502964 0.0401837 0.517474 0.573525 0.553573 0.564742 0.0390963 0.0374744 0.559766 0.492641 0.507645 0.469883 0.562821 0.0400294 0.541276 0.569761 0.531494 0.550165 0.558968 0.550049 0.529271 0.559302 0.484302 0.618737 0.565216 0.511146 0.559968 0.577307 0.574123 0.500405 0.536935 0.559707 0.519401 0.542577 0.0388271 0.535379 0.0367529 0.548447 0.567499 0.570811 0.485301 0.547078 0.0395804 0.496575 0.542218 0.519876 0.445457 0.457827 0.455796 0.620464 0.0384159 0.474658 0.564108 0.554858 0.0366831 0.546148 0.0419382 0.559202 0.430421 0.0399235 0.576037 0.561392 0.0406523 0.471287 0.0385187 
