 -0.254794   0.964627 -0.0676443 0.00788506   0.932329    0.26362   0.247521 -0.0628327  0.256597         0 -0.966518  0.182568 0 0 0 1         0 -0.437398  0.959398         0 -0.524398  0.785398 -0.524398  0.872398         0 -0.785398  0.785398         0 -0.785398  0.785398 -0.785398  0.785398
0.169022
0.500506
0.2595
100
0
100
0.158627
0.495237
0.182292 0.166324 0.18303 0.14814 0.160849 0.17083 0.154905 0.194002 0.0197613 0.169575 0.180595 0.139994 0.171951 0.155859 0.024727 0.160576 0.162719 0.184825 0.153592 0.179062 0.166851 0.163897 0.0237983 0.165587 0.142728 0.161375 0.0259677 0.146247 0.165806 0.162912 0.171962 0.173813 0.153 0.16172 0.177344 0.182178 0.172823 0.15299 0.167776 0.157826 0.166556 0.143362 0.159682 0.187292 0.19621 0.17632 0.175159 0.146451 0.160556 0.16909 0.17098 0.160345 0.158407 0.187548 0.167655 0.147348 0.181653 0.157358 0.164017 0.184832 0.158721 0.190231 0.0256855 0.163351 0.164127 0.185935 0.149382 0.173588 0.149328 0.0289279 0.165534 0.165628 0.179512 0.161507 0.133109 0.185745 0.160126 0.176076 0.156593 0.167731 0.190638 0.170195 0.181601 0.180504 0.160121 0.156439 0.192752 0.172025 0.170468 0.169199 0.108489 0.15247 0.178009 0.190534 0.173172 0.170157 0.168495 0.173855 0.181953 0.159788 
0.539668 0.513986 0.634195 0.489103 0.484104 0.561154 0.535194 0.56705 0.38996 0.527937 0.464501 0.558409 0.487715 0.492283 0.0338233 0.526386 0.500467 0.557546 0.477252 0.455166 0.572411 0.542395 0.0343556 0.545776 0.488995 0.500571 0.0353605 0.441297 0.548139 0.468761 0.541449 0.469714 0.534503 0.494978 0.513065 0.522842 0.517354 0.512437 0.537788 0.445282 0.604514 0.438229 0.464021 0.533918 0.560702 0.497036 0.573117 0.448542 0.530741 0.487488 0.562781 0.565816 0.425788 0.527126 0.540515 0.489422 0.512826 0.505022 0.480711 0.457153 0.492417 0.505138 0.0355655 0.522326 0.491446 0.567088 0.481957 0.525614 0.493348 0.444467 0.55112 0.544591 0.523766 0.483285 0.436325 0.557886 0.585355 0.520531 0.527038 0.564351 0.579005 0.564262 0.559058 0.481007 0.490431 0.483108 0.567603 0.515894 0.520566 0.55566 0.487928 0.471695 0.482583 0.568205 0.57222 0.479352 0.520218 0.476253 0.49984 0.5264 
