 0.232113 -0.361619   0.90297 -0.139235 -0.0900293 -0.932326 -0.350233  0.064253  0.968513         0 -0.248961 0.0793772 0 0 0 1           0   -0.524398      1.0464           0 -0.00239816      1.3074   -0.437398      1.0464         0 -0.785398  0.785398         0 -0.785398  0.785398 -0.785398  0.785398
0.0332754
0.331855
0.251608
100
11
89
0.134915
0.813405
0.0921084 0.268991 0.0720377 0.252717 0.0751658 0.0189103 0.181825 0.0532411 0.0172182 0.237992 0.128347 0.214229 0.0907863 0.223276 0.0287742 0.0148739 0.204229 0.0733701 0.160035 0.115043 0.270119 0.0390996 0.0086948 0.21262 0.169025 0.182593 0.00904948 0.0220598 0.20171 0.290406 0.141148 0.0754418 0.0135398 0.061021 0.216389 0.282215 0.170709 0.254785 0.0776995 0.287014 0.210039 0.176575 0.185475 0.223829 0.0190535 0.296309 0.0321655 0.0206912 0.240464 0.0724846 0.0619401 0.240952 0.0610593 0.0291617 0.0394278 0.0881696 0.312181 0.0111878 0.0213638 0.0938564 0.117268 0.0674554 0.342197 0.0500482 0.155417 0.0260121 0.253001 0.0512454 0.0821005 0.0769072 0.0312257 0.227031 0.187939 0.129656 0.0176503 0.00728956 0.270613 0.0511824 0.147736 0.25304 0.0838254 0.316276 0.0166037 0.177281 0.0515683 0.247845 0.324613 0.244343 0.0552017 
0.407711 1.2601 0.359731 1.63253 0.452504 0.0276456 1.12909 0.407437 0.315787 1.2574 0.422758 1.45371 0.280977 1.48254 0.360749 0.0224045 1.2825 0.396234 1.07131 0.475509 1.34285 0.406513 0.0157158 1.27287 0.442561 1.20325 0.0159584 0.029139 1.11087 2.1703 0.405185 0.407532 0.0206695 0.418116 1.21922 1.27038 1.14794 1.71981 0.36672 2.25226 1.07604 1.12819 1.21217 1.63154 0.025218 2.21647 0.347527 0.372932 1.16059 0.417598 0.353819 1.25848 0.391132 0.343247 0.334269 0.410462 2.35247 0.0192073 0.409425 0.429339 0.493971 0.809712 2.46405 0.36591 0.451872 0.349617 1.29385 0.368925 0.420079 0.410088 0.337555 1.40618 1.19304 0.418511 0.36758 0.017606 2.2827 0.413782 0.489334 1.35888 0.430973 2.31487 0.337597 1.00927 0.431756 1.27315 1.48084 1.37676 0.397939 
