   0.254794   -0.964627   0.0676444 -0.00788508 -0.932329  -0.26362 -0.247521 0.0628328  0.256598         0 -0.966518  0.182568 0 0 0 1         0 -0.437398  0.959398         0 -0.524398  0.785398 -0.524398  0.872398         0 -0.785398  0.785398         0 -0.785398  0.785398 -0.785398  0.785398
0.169122
0.50177
0.2595
100
0
100
0.155522
0.482632
0.157983 0.17718 0.168957 0.170528 0.17868 0.161456 0.15723 0.181173 0.156768 0.14741 0.140377 0.172658 0.149844 0.151402 0.173835 0.165132 0.165468 0.139492 0.154989 0.181941 0.138301 0.176142 0.152149 0.163718 0.184585 0.143474 0.150676 0.0272422 0.146881 0.170616 0.162641 0.164435 0.171991 0.158267 0.156396 0.188362 0.153855 0.173095 0.0255537 0.176519 0.155003 0.169751 0.138348 0.174719 0.177854 0.166988 0.16442 0.175676 0.1687 0.173146 0.162213 0.139477 0.164832 0.166933 0.175583 0.173003 0.161132 0.144547 0.175816 0.173874 0.197516 0.192513 0.188987 0.195007 0.161075 0.164225 0.023957 0.179721 0.026221 0.137518 0.168555 0.151701 0.172258 0.171727 0.171702 0.158184 0.178367 0.174875 0.172031 0.189417 0.169274 0.175561 0.175682 0.172259 0.167271 0.151222 0.0258369 0.180805 0.144483 0.180272 0.0264594 0.133697 0.172405 0.184147 0.165471 0.175802 0.15021 0.0711687 0.187546 0.0276478 
0.503255 0.576067 0.45861 0.552219 0.488684 0.523444 0.485139 0.578881 0.493257 0.461563 0.496728 0.565268 0.432859 0.548526 0.54815 0.485362 0.479496 0.455894 0.478363 0.498559 0.429406 0.505249 0.474845 0.542932 0.554881 0.465374 0.470658 0.0376786 0.500108 0.467663 0.573913 0.5321 0.560107 0.462622 0.45465 0.553962 0.492518 0.576525 0.319068 0.567916 0.581342 0.547682 0.42885 0.52264 0.510891 0.545347 0.481609 0.48931 0.48772 0.523152 0.438754 0.471824 0.520084 0.468451 0.555452 0.489802 0.469856 0.558226 0.498961 0.549341 0.582013 0.480578 0.5638 0.593244 0.51674 0.501887 0.0339538 0.570399 0.0363745 0.512384 0.498815 0.539777 0.513676 0.492647 0.434129 0.51969 0.52686 0.574219 0.498146 0.578061 0.526036 0.552939 0.541817 0.497202 0.528647 0.442822 0.035153 0.474723 0.463684 0.561229 0.0357166 0.565836 0.548847 0.555466 0.457936 0.532441 0.485241 0.47603 0.583768 0.0384661 
