  0.254794   0.964627  0.0676443 -0.0262709   0.932329   -0.26362   0.247521 -0.0578082  0.256598         0 -0.966518  0.182568 0 0 0 1         0 -0.437398  0.959398         0 -0.524398  0.872398 -0.524398  0.785398         0 -0.785398  0.785398         0 -0.785398  0.785398 -0.785398  0.785398
0.157915
0.498599
0.2595
100
0
100
0.149843
0.483592
0.159766 0.15789 0.0258262 0.171296 0.151547 0.149471 0.182021 0.143452 0.179504 0.168597 0.152976 0.156007 0.16758 0.103217 0.168594 0.17248 0.165092 0.0113362 0.186852 0.179062 0.125877 0.16626 0.183348 0.0323484 0.15353 0.164339 0.158249 0.184304 0.154297 0.165039 0.144376 0.164573 0.169651 0.0261594 0.180797 0.156894 0.174607 0.167521 0.00952927 0.0609701 0.154925 0.15172 0.167426 0.174931 0.113652 0.143396 0.163966 0.0276048 0.176262 0.156057 0.170932 0.168476 0.184827 0.182727 0.181713 0.0257529 0.177942 0.168004 0.165447 0.16419 0.194817 0.169101 0.157195 0.19145 0.183189 0.163081 0.195986 0.0250104 0.162459 0.102437 0.150042 0.19201 0.165471 0.175006 0.189194 0.157928 0.160371 0.167804 0.182185 0.163506 0.156319 0.175276 0.151327 0.149311 0.149409 0.159083 0.176649 0.163444 0.185868 0.16917 0.183907 0.173861 0.197639 0.158715 0.0664145 0.0284929 0.151673 0.172043 0.0798766 0.172356 
0.509697 0.506034 0.0353279 0.497987 0.563249 0.485892 0.385562 0.433435 0.573643 0.546276 0.549347 0.48814 0.473916 0.434307 0.529807 0.505386 0.508283 0.377407 0.574943 0.57252 0.524598 0.523861 0.60487 0.344932 0.431531 0.496042 0.456814 0.557085 0.535491 0.527118 0.407585 0.573174 0.565149 0.369785 0.435271 0.498425 0.521188 0.456472 0.40725 0.408067 0.486417 0.480145 0.590633 0.524492 0.346172 0.462207 0.478568 0.0377171 0.512147 0.540473 0.55132 0.496512 0.590995 0.572181 0.559824 0.0356101 0.560851 0.577411 0.465466 0.541235 0.581707 0.486991 0.507105 0.586585 0.547047 0.472615 0.58255 0.0342105 0.493501 0.419989 0.45847 0.586499 0.56934 0.460078 0.571005 0.47596 0.362816 0.499443 0.56935 0.516731 0.498364 0.566034 0.543933 0.492575 0.512509 0.485632 0.497569 0.54477 0.554144 0.544927 0.570066 0.586112 0.58161 0.491869 0.483297 0.0383776 0.488148 0.478322 0.440578 0.572167 
