 0.291529 -0.711925  0.638885 -0.102958 -0.295543 -0.702256 -0.647682  0.117958  0.909761         0 -0.415132 0.0846286 0 0 0 1         0 -0.524398  0.959398         0 -0.350398  0.785398 -0.524398  0.959398         0 -0.785398  0.785398         0 -0.785398  0.785398 -0.785398  0.785398
0.123695
0.470256
0.428088
100
3
97
0.106098
0.504034
0.119551 0.3263 0.0895799 0.0750341 0.0739447 0.116754 0.138328 0.0663434 0.0745937 0.0217161 0.0882433 0.130122 0.109244 0.0206329 0.270992 0.0546707 0.0539187 0.102235 0.0834978 0.149144 0.103608 0.104874 0.0950554 0.1422 0.0961086 0.0911661 0.148116 0.0738617 0.176073 0.0707237 0.125907 0.32435 0.0223437 0.119496 0.0833798 0.143151 0.0273837 0.0868482 0.0533699 0.0972258 0.304201 0.128559 0.0967276 0.0584106 0.322421 0.0504312 0.0615413 0.0527734 0.0375722 0.019097 0.114289 0.135312 0.11271 0.281436 0.111994 0.110637 0.104016 0.0288112 0.0870845 0.192998 0.0805752 0.0809794 0.0304443 0.0869793 0.0293985 0.0828698 0.133593 0.138079 0.128212 0.0986566 0.187644 0.0974221 0.115595 0.0930612 0.117667 0.126482 0.099047 0.0138805 0.0785545 0.134192 0.103177 0.0884711 0.169663 0.117306 0.0899764 0.0177703 0.0472063 0.105077 0.102582 0.09687 0.116651 0.127229 0.0248013 0.140556 0.0892013 0.0902982 0.0502162 
0.38572 1.43663 0.387514 0.376867 0.425438 0.432713 0.485754 0.372365 0.41641 0.313424 0.43641 0.472008 0.406058 0.406054 1.20536 0.459215 0.387165 0.423971 0.406389 0.49631 0.419291 0.433044 0.412487 0.527423 0.408963 0.440896 0.484508 0.366221 1 0.385077 0.457782 1.40021 0.441347 0.469492 0.418527 0.51659 0.439613 0.447109 0.368286 0.421757 1.26871 0.448436 0.433828 0.435438 1.36547 0.341626 0.389292 0.344094 0.338932 0.355468 0.42997 0.479189 0.450715 1.31036 0.397953 0.461741 0.499369 0.40802 0.376862 1.29772 0.385839 0.37615 0.356405 0.400687 0.347343 0.415871 0.471572 0.464339 0.474067 0.39525 1.14902 0.452771 0.440801 0.445137 0.421782 0.457694 0.349716 0.0239688 0.390019 0.470378 0.404651 0.396777 1.35744 0.452536 0.381938 0.385779 0.350889 0.421782 0.470074 0.43509 0.425207 0.436992 0.384483 0.444776 0.431517 0.450029 0.348957 
