 -0.552133   0.770513   0.318525 -0.0487586  0.667415  0.637424  -0.38503 0.0439881 -0.499706         0 -0.866195  0.172605 0 0 0 1         0 0.0846018    1.1334         0 -0.524398  0.872398 -0.437398  0.785398         0 -0.785398  0.785398         0 -0.785398  0.785398 -0.785398  0.785398
0.0688143
0.467844
0.523259
100
4
96
0.0643052
0.251054
0.178807 0.0851828 0.0802419 0.0952095 0.123882 0.118698 0.0229157 0.108862 0.0208142 0.110068 0.0190017 0.0995785 0.0663634 0.0774641 0.0810374 0.0737903 0.0220889 0.023014 0.0171886 0.0234613 0.0171717 0.0210097 0.0216091 0.0459418 0.0258344 0.0860393 0.139592 0.0221165 0.0239581 0.114686 0.115294 0.0240821 0.0177233 0.0731657 0.0196121 0.0177821 0.0254937 0.107103 0.127785 0.0715624 0.0231285 0.119912 0.00454688 0.0169258 0.140543 0.0241372 0.126516 0.0163077 0.143617 0.0607715 0.107954 0.140629 0.0229994 0.0133893 0.18079 0.112343 0.126001 0.0217033 0.122756 0.015141 0.0923457 0.0143976 0.0871784 0.105016 0.0253858 0.120572 0.138382 0.018477 0.0234702 0.011529 0.0178765 0.0235976 0.0812254 0.0225282 0.177373 0.0679229 0.0230871 0.0232652 0.0927253 0.0244336 0.0230666 0.0222182 0.0171682 0.0898027 0.0223242 0.0767868 0.0252502 0.0919195 0.106904 0.0230925 0.0247302 0.0703989 0.121425 0.126695 0.0157246 0.0196645 
0.646999 0.438468 0.366552 0.441004 0.430775 0.487475 0.0324114 0.403681 0.0311245 0.476803 0.0288683 0.424782 0.389959 0.386934 0.409686 0.44565 0.0334022 0.0331423 0.0245009 0.0321343 0.0249597 0.0299219 0.0310412 0.360882 0.391604 0.367436 0.44491 0.0313559 0.0346827 0.452081 0.446973 0.0323893 0.0263909 0.417803 0.0300498 0.0273718 0.0348995 0.452755 0.385072 0.416615 0.0335877 0.453983 0.013159 0.0271957 0.476868 0.0349768 0.448044 0.0258119 0.485157 0.359925 0.443238 0.454344 0.0325065 0.022296 0.717143 0.440068 0.422344 0.0328169 0.435021 0.0235937 0.547568 0.021068 0.481864 0.372709 0.0354977 0.43995 0.479224 0.0274918 0.0350833 0.38916 0.0278187 0.0335045 0.432948 0.0305965 0.665146 0.385682 0.0339312 0.0339859 0.38756 0.032098 0.0329931 0.0311869 0.0256386 0.443335 0.0330595 0.422562 0.0365121 0.4613 0.393558 0.0337845 0.0346249 0.467706 0.426335 0.528364 0.0227908 0.0288968 
