 -0.254794  -0.964627 -0.0676443  0.0262708 -0.932329   0.26362 -0.247521 0.0578081  0.256597         0 -0.966518  0.182568 0 0 0 1         0 -0.437398  0.959398         0 -0.524398  0.872398 -0.524398  0.785398         0 -0.785398  0.785398         0 -0.785398  0.785398 -0.785398  0.785398
0.040429
0.429254
0.2595
100
0
100
0.157385
0.487546
0.185224 0.171295 0.16658 0.151723 0.15832 0.154813 0.166985 0.154017 0.16214 0.159464 0.16558 0.154779 0.167369 0.162767 0.16948 0.153899 0.169597 0.157076 0.144743 0.156182 0.016612 0.189123 0.148476 0.189054 0.178097 0.173695 0.183343 0.0288575 0.150294 0.188499 0.165504 0.138369 0.203671 0.167641 0.132816 0.160741 0.154504 0.166691 0.167294 0.0229313 0.165156 0.144838 0.167226 0.181244 0.175834 0.163895 0.191347 0.184712 0.183601 0.176237 0.161807 0.170015 0.194573 0.161991 0.183006 0.17565 0.166721 0.186175 0.160154 0.156512 0.152546 0.172147 0.132552 0.138508 0.194438 0.168501 0.14473 0.187737 0.162545 0.153565 0.155018 0.176793 0.195295 0.230913 0.185079 0.19787 0.178799 0.176799 0.15131 0.172354 0.0183608 0.157214 0.159375 0.189968 0.184953 0.179746 0.177199 0.193104 0.024463 0.176005 0.176871 0.14615 0.154128 0.0257235 0.184369 0.0230025 0.166035 0.0281135 0.162126 0.175164 
0.578623 0.566763 0.550106 0.499532 0.43041 0.503037 0.534965 0.490337 0.452144 0.497649 0.457577 0.457261 0.556432 0.56371 0.544958 0.480956 0.561078 0.48481 0.469074 0.424637 0.384324 0.571557 0.487077 0.574578 0.509198 0.519346 0.567829 0.0390782 0.459467 0.568535 0.491829 0.53018 0.572981 0.540787 0.471061 0.495053 0.45102 0.422991 0.510514 0.428622 0.543599 0.468586 0.460458 0.566914 0.524543 0.542757 0.558881 0.577933 0.578362 0.571225 0.542397 0.481108 0.561141 0.468775 0.530559 0.557907 0.527548 0.537671 0.465978 0.479837 0.567819 0.530423 0.463613 0.542398 0.550626 0.44925 0.468824 0.564405 0.541931 0.491546 0.501621 0.579164 0.586967 0.554039 0.583406 0.574799 0.496032 0.522558 0.476857 0.557773 0.0296202 0.42978 0.485115 0.581034 0.575131 0.520257 0.506886 0.580178 0.0341079 0.523545 0.457393 0.490024 0.470533 0.0358463 0.532715 0.0324499 0.499105 0.0374873 0.51032 0.572784 
