 0.291529  0.711925  0.638885 -0.116528  0.295542 -0.702256  0.647681 -0.104573  0.909761         0 -0.415132 0.0846286 0 0 0 1         0 -0.524398  0.959398         0 -0.350398  0.785398 -0.524398  0.959398         0 -0.785398  0.785398         0 -0.785398  0.785398 -0.785398  0.785398
0.154427
0.503921
0.428087
100
6
94
0.11252
0.485994
0.0850945 0.069028 0.224398 0.0229752 0.106249 0.0940352 0.125075 0.107971 0.0717784 0.0950586 0.0978934 0.0630322 0.11422 0.0749428 0.123624 0.132489 0.121083 0.107195 0.133396 0.113972 0.105221 0.0924507 0.146967 0.310976 0.117343 0.121752 0.0701004 0.09652 0.0681121 0.0877644 0.110071 0.0513252 0.0526747 0.134915 0.0207039 0.16107 0.0584642 0.146001 0.148588 0.0454022 0.123627 0.0635115 0.319683 0.114169 0.0602369 0.0669836 0.0822361 0.153506 0.106098 0.117009 0.137689 0.107335 0.0826685 0.0904807 0.1338 0.0166514 0.112723 0.0942413 0.140785 0.0619431 0.121139 0.0606446 0.159378 0.117675 0.196843 0.0623489 0.0734919 0.102543 0.124143 0.138166 0.114298 0.123794 0.145104 0.0886961 0.0559239 0.0797527 0.134299 0.063708 0.291439 0.0818784 0.195232 0.0879624 0.132953 0.0179387 0.132557 0.134088 0.146297 0.0724322 0.317792 0.327543 0.0662819 0.0686499 0.0653256 0.0612428 
0.359232 0.368959 1.11136 0.0347389 0.450607 0.414078 0.446229 0.428547 0.369669 0.399665 0.430469 0.336796 0.449242 0.390244 0.453764 0.446402 0.414771 0.470276 0.480391 0.438095 0.437198 0.377926 0.491006 1.34078 0.43673 0.458712 0.370146 0.399299 0.388121 0.401903 0.432819 0.379527 0.338786 0.445648 0.400134 0.511505 0.357506 0.48722 0.48225 0.309746 0.452057 0.349757 1.32907 0.356563 0.363737 0.337029 0.455578 0.449248 0.430569 0.480862 0.444624 0.409723 0.375111 0.381238 0.511908 0.026564 0.440563 0.398891 0.417499 0.340759 0.481955 0.38929 1.02773 0.425194 1.16321 0.334765 0.441448 0.456609 0.382344 0.448322 0.39162 0.488622 0.442054 0.396991 0.35074 0.412722 0.394961 0.410989 1.33352 0.397954 1.43676 0.400616 0.45069 0.0288449 0.433614 0.474801 0.460603 0.377316 1.36915 1.42764 0.385443 0.406719 0.358055 0.410324 
