   0.637424    0.770513  0.00021636 -0.00736369    0.770513   -0.637424 0.000261535  0.00604948 0.000339429    0   -1 0.19 0 0 0 1         0 -0.524398  0.959398         0 -0.524398  0.959398 -0.524398  0.785398         0 -0.785398  0.785398         0 -0.785398  0.785398 -0.785398  0.785398
0.187633
0.543657
0.000339429
100
2
98
0.181477
0.570889
0.191668 0.202753 0.181403 0.194896 0.162198 0.17898 0.19255 0.205639 0.141693 0.0981322 0.168056 0.176825 0.180548 0.192557 0.18477 0.180885 0.127815 0.176105 0.161725 0.182537 0.17938 0.198599 0.179742 0.17858 0.175479 0.126066 0.168478 0.181237 0.180551 0.185832 0.15327 0.185771 0.17468 0.176762 0.196672 0.177732 0.200213 0.186128 0.190131 0.187939 0.178909 0.184296 0.0579898 0.383218 0.177493 0.171495 0.18665 0.168777 0.188195 0.1779 0.179489 0.183508 0.149314 0.199024 0.383821 0.198632 0.167712 0.180385 0.166144 0.176712 0.162111 0.195592 0.174075 0.195194 0.131108 0.164883 0.171142 0.189576 0.187584 0.182552 0.156471 0.142798 0.150603 0.191276 0.181816 0.190547 0.375763 0.195286 0.199826 0.183083 0.172051 0.165282 0.185636 0.196892 0.161175 0.124599 0.170396 0.196749 0.177245 0.196528 0.177973 0.196915 0.154185 0.196038 0.18046 0.165046 0.165482 0.156168 
0.555006 0.572545 0.570684 0.565298 0.47935 0.56231 0.555968 0.593629 0.461648 0.435781 0.49929 0.520277 0.56704 0.58082 0.558882 0.561072 0.44413 0.573071 0.531597 0.568921 0.491955 0.58214 0.512922 0.509391 0.540305 0.414879 0.506079 0.542157 0.50038 0.576391 0.481623 0.500578 0.523858 0.516232 0.571639 0.523335 0.578321 0.559131 0.543276 0.545883 0.508089 0.519803 0.45485 1.9095 0.499214 0.521303 0.578527 0.526182 0.555446 0.499009 0.568672 0.535746 0.515098 0.564595 2.00662 0.564044 0.52161 0.554126 0.524761 0.518939 0.496396 0.488589 0.513047 0.564267 0.465014 0.506618 0.482286 0.561504 0.548117 0.549832 0.502501 0.514513 0.478673 0.548942 0.552379 0.589223 1.82633 0.557421 0.55232 0.554349 0.477644 0.507649 0.554618 0.578233 0.447868 0.481871 0.556765 0.55365 0.5409 0.560194 0.518399 0.561217 0.472518 0.579986 0.518186 0.486819 0.519452 0.454915 
