 -0.552134  -0.770513   0.318525 -0.0340726  -0.667415   0.637424    0.38503 -0.0561374 -0.499706         0 -0.866195  0.172605 0 0 0 1         0 0.0846018    1.1334         0 -0.524398  0.872398 -0.437398  0.785398         0 -0.785398  0.785398         0 -0.785398  0.785398 -0.785398  0.785398
0.0535068
0.457363
0.523259
100
2
98
0.0667439
0.305934
0.0146163 0.20348 0.162982 0.0225356 0.0743809 0.0868219 0.0220448 0.0223143 0.0229054 0.102134 0.02491 0.0215337 0.0676138 0.108119 0.0970521 0.0194303 0.0242971 0.0608429 0.037948 0.12182 0.0630762 0.175061 0.0261641 0.0760052 0.0204989 0.134931 0.128014 0.0194321 0.0182903 0.0186489 0.0188298 0.0816594 0.0141493 0.0180109 0.0855449 0.167288 0.0115738 0.0162378 0.10359 0.0886641 0.0179471 0.117686 0.288529 0.0701507 0.14503 0.0168912 0.11114 0.0215728 0.10636 0.0193502 0.0195486 0.132582 0.240614 0.0190149 0.0208248 0.0441456 0.137708 0.0182657 0.0198802 0.0812223 0.129465 0.0657175 0.0688451 0.0189261 0.022097 0.017785 0.022296 0.050252 0.0801055 0.0229375 0.026488 0.0176043 0.0206974 0.0161778 0.0194633 0.164221 0.0201972 0.0536087 0.0686119 0.00838854 0.0242646 0.0239825 0.0198302 0.0257842 0.123905 0.308184 0.106607 0.0184306 0.0131447 0.00686376 0.155659 0.0175016 0.0233198 0.234321 0.118188 0.015985 0.0379046 0.10123 
0.0239487 1.39981 0.494497 0.0317386 0.430824 0.451542 0.0313116 0.0324192 0.032067 0.449491 0.0346115 0.0289761 0.411772 0.498594 0.525229 0.393094 0.0345546 0.354286 0.425527 0.466479 0.393926 0.694615 0.423254 0.397402 0.0287225 0.403278 0.452505 0.0256079 0.027883 0.0275665 0.32776 0.445734 0.022244 0.0263072 0.389118 0.686129 0.0221155 0.0246966 0.465026 0.354999 0.0259526 0.425413 1.45486 0.434969 0.466237 0.0251025 0.459824 0.0309417 0.430659 0.0291122 0.0285867 0.471376 1.46724 0.0273643 0.0299495 0.355196 0.451228 0.0242522 0.0298173 0.426906 0.582204 0.438668 0.396185 0.0276752 0.0313266 0.0267287 0.0313035 0.421546 0.433475 0.0324213 0.0359845 0.0254242 0.0306024 0.0243511 0.0275759 0.672669 0.0277974 0.399464 0.466285 0.0169038 0.0340441 0.0348978 0.0265787 0.0337559 0.4911 1.48842 0.486275 0.0267194 0.0201521 0.343547 0.656841 0.0295243 0.0328349 1.42514 0.485187 0.0237284 0.417269 0.492257 
