-0.622124  0.758075 -0.195662 0.0250412   0.723153   0.652167   0.227436 -0.0436042  0.300018         0 -0.953934  0.181335 0 0 0 1         0 -0.524398  0.872398         0 -0.437398  0.872398 -0.524398  0.872398         0 -0.785398  0.785398         0 -0.785398  0.785398 -0.785398  0.785398
0.152574
0.529897
0.304711
100
1
99
0.145697
0.507845
0.184865 0.11984 0.0839487 0.152714 0.150695 0.160297 0.122201 0.162429 0.186976 0.181814 0.114705 0.153415 0.147281 0.15535 0.131561 0.14576 0.117896 0.130973 0.147606 0.156978 0.159561 0.163467 0.143523 0.116867 0.167857 0.154604 0.180824 0.146728 0.102536 0.183436 0.128555 0.144011 0.119277 0.159764 0.150645 0.171005 0.17151 0.140056 0.136536 0.149416 0.152009 0.347093 0.105788 0.166153 0.134441 0.15108 0.15483 0.164145 0.143237 0.155903 0.135396 0.114831 0.162742 0.145219 0.154755 0.173276 0.133651 0.148071 0.101678 0.161269 0.141374 0.106119 0.153056 0.149358 0.153305 0.115465 0.157457 0.149817 0.15459 0.164876 0.14274 0.162335 0.165187 0.166859 0.0723508 0.0855434 0.161902 0.0992069 0.0854715 0.126395 0.166804 0.145939 0.072194 0.0959902 0.14844 0.141937 0.157961 0.172177 0.160205 0.165384 0.168407 0.137469 0.162017 0.165721 0.148503 0.135677 0.109994 0.121102 0.13164 
0.539796 0.416838 0.363207 0.469921 0.493077 0.514551 0.445391 0.572773 0.552176 0.578677 0.415131 0.509239 0.517998 0.539526 0.474256 0.498254 0.484029 0.49953 0.50822 0.530146 0.509245 0.514033 0.504224 0.435289 0.511048 0.500505 0.507092 0.500258 0.487327 0.5628 0.491826 0.507278 0.436609 0.535001 0.547392 0.510775 0.53954 0.481566 0.508508 0.498463 0.530637 1.76571 0.431468 0.591386 0.463907 0.53345 0.519913 0.50369 0.524114 0.552794 0.490907 0.441129 0.546692 0.404894 0.525542 0.545023 0.458116 0.524347 0.44944 0.47684 0.505959 0.425343 0.439055 0.506867 0.51698 0.447919 0.403058 0.531845 0.535189 0.525596 0.475904 0.561156 0.571709 0.522757 0.383536 0.404725 0.574123 0.43825 0.455683 0.4444 0.532601 0.49993 0.378111 0.390148 0.505077 0.464469 0.568188 0.491171 0.521759 0.516022 0.535265 0.499091 0.507979 0.550764 0.53662 0.463877 0.435179 0.468763 0.450067 
