  0.203697   0.970375   0.129926 -0.0382615   0.81812 -0.241605   0.52183 -0.111281  0.537761         0 -0.843097  0.159951 0 0 0 1         0 -0.437398  0.872398         0 -0.524398  0.872398 -0.524398  0.785398         0 -0.785398  0.785398         0 -0.785398  0.785398 -0.785398  0.785398
0.174309
0.571178
0.56778
100
5
95
0.147028
0.478993
0.162392 0.164699 0.175055 0.153568 0.16601 0.16015 0.1575 0.167364 0.162891 0.149788 0.0585009 0.0261155 0.148935 0.182933 0.183259 0.136873 0.153485 0.162035 0.175114 0.156446 0.0262067 0.180168 0.118897 0.167574 0.169925 0.18361 0.167908 0.171594 0.15601 0.186213 0.165356 0.148655 0.0247978 0.16255 0.0283704 0.0266363 0.169068 0.162688 0.18713 0.191347 0.025331 0.172011 0.149521 0.176206 0.164781 0.1667 0.168891 0.175835 0.180013 0.181487 0.170457 0.185263 0.1771 0.0212362 0.19014 0.158429 0.155257 0.162496 0.173361 0.178119 0.176399 0.130729 0.150441 0.17571 0.174459 0.137517 0.168491 0.155796 0.174786 0.144146 0.0304555 0.139958 0.179872 0.153243 0.0253356 0.148215 0.166842 0.177321 0.0298388 0.16598 0.154898 0.151415 0.174096 0.143212 0.1715 0.176135 0.19662 0.0279848 0.159362 0.16258 0.182829 0.168535 0.165126 0.169791 0.0276291 
0.559613 0.501518 0.560515 0.559174 0.563816 0.54721 0.514208 0.528502 0.529489 0.539755 0.438726 0.0353042 0.562234 0.51866 0.567595 0.54103 0.483244 0.56723 0.448691 0.553639 0.0361217 0.569291 0.432835 0.562529 0.567935 0.574968 0.524212 0.551943 0.55224 0.501153 0.557287 0.483899 0.0369062 0.54571 0.412345 0.0363824 0.577195 0.589684 0.515805 0.521291 0.0353135 0.590014 0.491103 0.540969 0.540397 0.575637 0.571704 0.435832 0.458035 0.590054 0.569504 0.574971 0.57171 0.0290506 0.536701 0.497172 0.508625 0.560811 0.576261 0.560722 0.535042 0.468125 0.53945 0.537265 0.544613 0.490361 0.536931 0.531453 0.585877 0.568671 0.0401894 0.424834 0.571725 0.521372 0.034285 0.557731 0.57942 0.593617 0.040047 0.503999 0.54864 0.553547 0.568612 0.503052 0.576165 0.565779 0.530589 0.037161 0.531788 0.481471 0.593734 0.566645 0.565856 0.554981 0.0368084 
