 0.0264824   0.989252   0.143806 -0.0357077  0.179162 -0.146224  0.972892 -0.167713  0.983463         0 -0.181108 0.0376231 0 0 0 1         0 -0.437398  0.785398         0 -0.437398  0.959398 -0.524398  0.959398         0 -0.785398  0.785398         0 -0.785398  0.785398 -0.785398  0.785398
0.116316
0.347828
0.182113
100
4
96
0.145816
0.605727
0.314256 0.1502 0.13643 0.302457 0.202165 0.0766095 0.129687 0.119111 0.0929427 0.298303 0.133084 0.136173 0.237876 0.143474 0.126603 0.129576 0.305739 0.119859 0.115455 0.0813675 0.145767 0.0879775 0.103391 0.139591 0.137752 0.150834 0.0878702 0.069679 0.097402 0.134685 0.116999 0.297091 0.12791 0.0786253 0.0916044 0.14762 0.184255 0.221336 0.126378 0.131107 0.0969964 0.259686 0.136715 0.0952447 0.121436 0.138262 0.0896441 0.167636 0.0736408 0.101387 0.294766 0.152435 0.141651 0.116846 0.185002 0.227965 0.132775 0.0832338 0.154434 0.112156 0.273698 0.138496 0.0902394 0.296052 0.0993583 0.0573014 0.103845 0.152579 0.098039 0.303653 0.202125 0.322399 0.308139 0.11575 0.071921 0.135148 0.0850978 0.126241 0.024262 0.0452793 0.115267 0.130078 0.0884007 0.0820505 0.151746 0.109492 0.31261 0.057246 0.14676 0.067758 0.103282 0.141122 0.135984 0.0932502 0.152484 0.150063 
1.39844 0.453483 0.532154 1.21836 1.20469 0.35835 0.425944 0.400301 0.418569 1.89259 0.498208 0.441655 1.22784 0.49998 0.432688 0.391981 1.34663 0.423335 0.397836 0.347246 0.455886 0.418797 0.388958 0.428919 0.414249 0.469425 0.375081 0.403788 0.346862 0.450728 0.38814 1.24515 0.43782 0.336815 0.365881 0.444557 1.10452 1.23176 0.45852 0.417317 0.358997 1.37444 0.459813 0.400295 0.362699 0.46594 0.356762 0.487161 0.388746 0.392053 1.70666 0.464161 0.488772 0.405435 1.11569 1.33671 0.437596 0.362342 0.435614 0.420488 1.69318 0.400275 0.33357 1.29555 0.400786 0.308743 0.407654 0.472535 0.35359 1.73056 1.19714 1.28407 1.37259 0.431427 0.369725 0.433902 0.378711 0.413968 0.0341875 0.383661 0.386106 0.441558 0.345332 0.345449 0.467459 0.379145 1.37974 0.323218 0.429997 0.352214 0.364518 0.427311 0.461411 0.350114 0.470225 0.416373 
