 0.173107 -0.235993  0.956212  -0.16428 -0.0420394 -0.971755 -0.232219 0.0497082  0.984005         0 -0.178138 0.0371151 0 0 0 1         0 -0.437398  0.785398         0 -0.437398  0.959398 -0.524398  0.959398         0 -0.785398  0.785398         0 -0.785398  0.785398 -0.785398  0.785398
0.119459
0.391805
0.179094
100
7
93
0.138793
0.512852
0.162046 0.308073 0.086523 0.316258 0.143146 0.310758 0.12834 0.151176 0.114809 0.124082 0.147292 0.0928573 0.134728 0.105308 0.0937346 0.306382 0.308168 0.12245 0.152442 0.124874 0.0923876 0.114198 0.150588 0.294805 0.155855 0.0287219 0.140368 0.0806427 0.130385 0.152469 0.0938403 0.10637 0.107779 0.138775 0.113658 0.0963954 0.136447 0.0782827 0.0934623 0.114873 0.149931 0.195612 0.132002 0.135758 0.13996 0.141464 0.0606731 0.0769927 0.158609 0.131435 0.125719 0.0920003 0.088608 0.1203 0.121078 0.106773 0.145158 0.137318 0.142276 0.160003 0.175834 0.0203895 0.155495 0.159343 0.141833 0.116849 0.106654 0.0872683 0.332437 0.121722 0.153786 0.148805 0.148044 0.307376 0.123469 0.142797 0.0640927 0.103364 0.0872136 0.138315 0.126607 0.139104 0.160003 0.135956 0.170046 0.0227276 0.107503 0.0896419 0.129699 0.210263 0.146947 0.145968 0.0727936 
0.45716 1.30017 0.180528 1.38163 0.441377 1.33509 0.436742 0.441716 0.388395 0.410762 0.450819 0.359579 0.440237 0.38968 0.348476 1.33479 1.36179 0.413991 0.451495 0.380685 0.32389 0.39202 0.453143 1.90043 0.464782 0.0406798 0.448799 0.358723 0.428348 0.475823 0.359317 0.362828 0.350518 0.39865 0.382204 0.36973 0.413679 0.318266 0.335225 0.379385 0.429397 1.16736 0.43351 0.414903 0.431563 0.457569 0.365191 0.403596 0.471404 0.377472 0.392015 0.355574 0.317928 0.407502 0.382441 0.370629 0.435609 0.408381 0.435218 0.51798 1.12285 0.0300348 0.532549 0.474701 0.382849 0.363479 0.403308 0.359072 1.44105 0.403861 0.42243 0.393009 0.418689 1.37713 0.354438 0.432712 0.343145 0.403304 0.310186 0.443547 0.381186 0.443668 0.47898 0.439658 1.08655 0.272819 0.382281 0.3698 0.423333 1.13229 0.476315 0.427148 0.332074 
