  -0.637424    0.770513 -0.00021636 -0.00732229    0.770513    0.637424 0.000261535 -0.00609982 0.000339429    0   -1 0.19 0 0 0 1         0 -0.524398  0.959398         0 -0.524398  0.959398 -0.524398  0.785398         0 -0.785398  0.785398         0 -0.785398  0.785398 -0.785398  0.785398
0.198356
0.557859
0.000339429
100
0
100
0.172022
0.536824
0.187844 0.175572 0.183791 0.153529 0.196178 0.218438 0.177193 0.166442 0.18131 0.171759 0.11434 0.164904 0.184364 0.188611 0.168069 0.195867 0.182298 0.0964022 0.180386 0.199248 0.179022 0.176282 0.152002 0.193768 0.156726 0.177402 0.00500357 0.194769 0.177038 0.182339 0.157474 0.158622 0.195011 0.182009 0.135989 0.188673 0.177217 0.20503 0.180587 0.169748 0.172444 0.192569 0.179181 0.173217 0.20865 0.169767 0.196874 0.158512 0.155697 0.179524 0.196114 0.154691 0.165337 0.187283 0.162554 0.165682 0.190993 0.176532 0.177829 0.165926 0.150111 0.188774 0.16935 0.168383 0.200858 0.186683 0.158689 0.387602 0.170352 0.187665 0.151203 0.176849 0.16282 0.185269 0.163052 0.177846 0.0195837 0.166771 0.157994 0.199061 0.188294 0.200499 0.146406 0.195279 0.195141 0.168257 0.188198 0.0266914 0.197433 0.191482 0.161343 0.160172 0.158283 0.143069 0.11431 0.174434 0.169814 0.172133 0.169988 0.191445 
0.568294 0.534623 0.55346 0.503036 0.559665 0.598031 0.530941 0.500011 0.570525 0.521842 0.400637 0.521382 0.564572 0.534199 0.493759 0.562477 0.520271 0.352923 0.551459 0.526621 0.563388 0.532402 0.456129 0.564447 0.497215 0.534547 0.460118 0.564348 0.547702 0.563555 0.508784 0.499989 0.557834 0.519671 0.445756 0.555876 0.525416 0.594965 0.536756 0.515328 0.482919 0.583062 0.498723 0.502709 0.596597 0.525996 0.547037 0.499753 0.476492 0.515587 0.566409 0.459482 0.474428 0.562207 0.499176 0.524899 0.549637 0.53453 0.521472 0.485594 0.461996 0.561919 0.521957 0.486302 0.563675 0.564158 0.495001 1.98293 0.515231 0.552108 0.440406 0.529111 0.468883 0.559363 0.525523 0.505871 0.478404 0.502865 0.479636 0.58119 0.528898 0.564358 0.479682 0.563061 0.571624 0.50427 0.576026 0.465823 0.576946 0.5442 0.4885 0.488463 0.520916 0.505137 0.441655 0.534903 0.513021 0.509352 0.529508 0.579841 
