 0.475743 -0.684547  0.552326 -0.118634 -0.446752 -0.728969 -0.518668  0.124478  0.757681         0 -0.652625  0.125379 0 0 0 1         0 -0.437398  0.872398         0 -0.524398  0.785398 -0.524398  0.785398         0 -0.785398  0.785398         0 -0.785398  0.785398 -0.785398  0.785398
0.175414
0.603166
0.711044
100
10
90
0.142924
0.457974
0.151723 0.0316101 0.152212 0.192561 0.163059 0.150064 0.143311 0.151254 0.0302336 0.175086 0.176118 0.168872 0.166824 0.174474 0.172836 0.19407 0.154979 0.0304744 0.167041 0.181449 0.0310412 0.0932132 0.167434 0.161613 0.168299 0.0267211 0.176766 0.159319 0.181532 0.195481 0.182755 0.157447 0.180432 0.168554 0.180004 0.17267 0.149468 0.17115 0.186764 0.0273372 0.161284 0.141664 0.134328 0.166384 0.0312893 0.174062 0.0351704 0.170956 0.177832 0.179939 0.0289783 0.0317359 0.201319 0.1705 0.186237 0.162751 0.0620736 0.184291 0.175023 0.0300841 0.191723 0.169994 0.179201 0.170791 0.171887 0.181904 0.153618 0.182056 0.1687 0.172761 0.161902 0.16849 0.196986 0.0297372 0.0316714 0.165027 0.159579 0.0300407 0.188988 0.189232 0.183317 0.157872 0.189099 0.18385 0.118139 0.0306587 0.0817484 0.0302844 0.178371 0.173362 
0.50467 0.0404692 0.505961 0.594866 0.486296 0.528368 0.495878 0.488516 0.0410147 0.577639 0.545496 0.518931 0.552851 0.526329 0.523502 0.502873 0.537222 0.0396284 0.554476 0.560948 0.0410176 0.457436 0.594001 0.549245 0.571297 0.0362568 0.556255 0.532279 0.547207 0.562184 0.557662 0.561148 0.471172 0.476822 0.564869 0.611017 0.497053 0.549409 0.580604 0.0388067 0.535289 0.49658 0.48046 0.582836 0.0405009 0.605289 0.462962 0.579717 0.552951 0.529376 0.0387431 0.0408621 0.575964 0.595064 0.54575 0.572059 0.490619 0.559957 0.559134 0.0423353 0.551793 0.552421 0.567599 0.501532 0.56656 0.555923 0.508406 0.574699 0.560485 0.532054 0.570177 0.50266 0.575297 0.0391673 0.0415984 0.55416 0.497158 0.0414428 0.550418 0.567333 0.533463 0.472489 0.567872 0.575466 0.512131 0.0400361 0.55155 0.0394644 0.572313 0.573845 
