  0.551917  -0.770513   0.318899 -0.0341065 -0.667153 -0.637424 -0.385483 0.0561786  0.500294         0 -0.865856  0.172561 0 0 0 1          0  -0.524398   0.872398          0 -0.0893982     1.4814  -0.437398   0.785398         0 -0.785398  0.785398         0 -0.785398  0.785398 -0.785398  0.785398
0.0245445
0.454386
0.523938
100
5
95
0.0640276
0.346195
0.0946249 0.0182977 0.062791 0.0771696 0.0179962 0.177495 0.101845 0.0179644 0.0225535 0.0875049 0.017107 0.0681373 0.015994 0.0162093 0.0745632 0.0458379 0.020701 0.0447362 0.104684 0.0759229 0.0570843 0.11541 0.021344 0.111192 0.0171579 0.0167157 0.0161469 0.116857 0.0509724 0.0867065 0.0513785 0.0209692 0.129019 0.211346 0.0408492 0.057138 0.0234715 0.0820801 0.130993 0.112431 0.018554 0.0679413 0.0546816 0.0191974 0.158396 0.0969008 0.0666702 0.100835 0.221946 0.059935 0.0553552 0.10798 0.0755064 0.0469205 0.0194016 0.0183485 0.0224422 0.100628 0.0303387 0.0360354 0.0105454 0.0814011 0.0365359 0.0224897 0.103534 0.0169915 0.066362 0.0783882 0.0165892 0.0192064 0.0583191 0.0926954 0.0233562 0.0907726 0.0679152 0.0453036 0.0185977 0.0649346 0.0142502 0.051658 0.0493812 0.145208 0.0900625 0.084929 0.118094 0.0211712 0.0224434 0.0194223 0.0466075 0.0217031 0.164863 0.0204166 0.11204 0.0629905 0.114029 
0.472227 0.0260723 0.477842 0.488242 0.0269308 0.590885 0.436791 0.0246003 0.0329683 0.430831 0.0246945 0.397513 0.0244335 0.0231181 0.357118 0.405467 0.390743 0.42039 0.503931 0.428235 0.404896 0.484235 0.0300862 0.448681 0.0260133 0.0232337 0.0233949 0.446299 0.396809 0.370147 0.474505 0.0305222 0.454828 1.29431 0.392296 0.406836 0.0337504 0.486337 0.479584 0.46683 0.026519 0.508424 0.360685 0.414619 0.64044 0.394883 0.367759 0.433969 1.19058 0.426786 0.363222 0.456429 0.48047 0.41571 0.0276802 0.0276521 0.0325002 0.416178 0.412442 0.406006 0.376243 0.487675 0.463658 0.0309726 0.427373 0.0250208 0.446956 0.476104 0.0255458 0.0272648 0.504175 0.496195 0.445171 0.416255 0.489433 0.4069 0.0284999 0.506381 0.0263352 0.438197 0.423422 0.491457 0.492481 0.424518 0.447444 0.0303392 0.451355 0.327994 0.376152 0.0330002 0.556925 0.03005 0.447886 0.429822 0.421783 
