-0.0948374  0.989252 -0.111298 0.0170786  0.641605  0.146224  0.752969 -0.172029   0.76115         0 -0.648576  0.124337 0 0 0 1         0 -0.437398  0.785398         0 -0.524398  0.785398 -0.524398  0.785398         0 -0.785398  0.785398         0 -0.785398  0.785398 -0.785398  0.785398
0.170991
0.553538
0.705712
100
17
83
0.136644
0.452044
0.0269663 0.0520828 0.0303035 0.166087 0.170342 0.158957 0.164514 0.0295487 0.0270993 0.176152 0.171739 0.151062 0.171082 0.187698 0.168023 0.174405 0.156761 0.0189396 0.172958 0.156244 0.173947 0.143712 0.173563 0.0329571 0.178912 0.033287 0.169892 0.168542 0.0286562 0.160993 0.174311 0.0969699 0.186438 0.175807 0.13631 0.164859 0.177572 0.162541 0.173651 0.0319719 0.145368 0.16042 0.0287834 0.168799 0.187528 0.158594 0.159553 0.184527 0.0305829 0.182414 0.158799 0.132022 0.132886 0.141032 0.134198 0.0298093 0.171446 0.177605 0.165797 0.131399 0.171047 0.163244 0.166021 0.155944 0.159595 0.0284193 0.153713 0.127477 0.140542 0.187615 0.167511 0.190524 0.178817 0.177338 0.192739 0.0321885 0.027563 0.180092 0.175161 0.139111 0.0300005 0.174693 0.16466 
0.0369974 0.455268 0.0396296 0.423841 0.475429 0.506525 0.581943 0.0418284 0.453024 0.516701 0.535706 0.542991 0.556502 0.514022 0.529051 0.589652 0.500608 0.491634 0.529869 0.504713 0.574791 0.488153 0.548974 0.045211 0.537394 0.0434209 0.560341 0.614493 0.0380949 0.572751 0.550334 0.431183 0.546593 0.53627 0.506381 0.563332 0.573255 0.56947 0.560349 0.485512 0.534267 0.540968 0.0392077 0.55793 0.535248 0.524772 0.54798 0.57151 0.0403109 0.543374 0.566725 0.470504 0.491913 0.492964 0.495716 0.0399619 0.583548 0.537542 0.563282 0.503631 0.552107 0.512735 0.520626 0.466154 0.549444 0.0392395 0.498659 0.469766 0.477445 0.484358 0.534913 0.538944 0.571049 0.562944 0.569562 0.0416155 0.0373096 0.552993 0.576477 0.492823 0.0396573 0.56937 0.507882 
