 -0.046898   0.998011 -0.0421245 0.00163242  0.742475 0.0630389  0.666901 -0.148243   0.66823         0 -0.743954  0.142809 0 0 0 1         0 -0.437398  0.785398         0 -0.524398  0.785398 -0.524398  0.785398         0 -0.785398  0.785398         0 -0.785398  0.785398 -0.785398  0.785398
0.167983
0.578421
0.731828
100
7
93
0.133859
0.441824
0.029065 0.0287899 0.17103 0.174742 0.170642 0.186946 0.169492 0.0289846 0.154793 0.166297 0.142173 0.138823 0.159412 0.155068 0.18633 0.173058 0.0316112 0.0282759 0.0248412 0.171008 0.155421 0.168878 0.16037 0.162561 0.186099 0.148018 0.140961 0.0289099 0.178493 0.166738 0.179918 0.155437 0.151518 0.0300061 0.0312979 0.149068 0.151789 0.154741 0.180273 0.1551 0.0225836 0.169948 0.185247 0.169266 0.170363 0.155995 0.0293481 0.140308 0.16162 0.184556 0.0309762 0.0300571 0.181065 0.169698 0.157085 0.157288 0.186893 0.167478 0.18843 0.185874 0.0292624 0.157823 0.144762 0.0261602 0.173383 0.166038 0.161596 0.0279258 0.18781 0.15342 0.145574 0.166627 0.158541 0.0297263 0.170819 0.158273 0.0304495 0.166861 0.157861 0.158544 0.144076 0.124721 0.18712 0.159818 0.152905 0.170825 0.166395 0.178193 0.165711 0.0298206 0.157388 0.0380145 0.0314209 
0.494649 0.0389862 0.534582 0.564641 0.551323 0.549452 0.546962 0.0386153 0.557525 0.553277 0.520677 0.519818 0.499533 0.530615 0.556835 0.567366 0.0405137 0.0378378 0.0367428 0.563136 0.537303 0.575287 0.556004 0.552788 0.505577 0.523717 0.494446 0.0374918 0.542307 0.554662 0.566215 0.520587 0.444272 0.0401628 0.0437416 0.514223 0.508665 0.564509 0.568817 0.561884 0.0329934 0.553416 0.572182 0.5392 0.544206 0.503053 0.0380169 0.553587 0.539267 0.574151 0.0419001 0.0409366 0.567548 0.54999 0.443527 0.527687 0.561974 0.567882 0.551549 0.576416 0.488173 0.528772 0.517698 0.0365004 0.579613 0.572777 0.557055 0.036862 0.527761 0.539285 0.535551 0.574959 0.565261 0.437337 0.552673 0.475439 0.0397705 0.573468 0.536311 0.563349 0.503033 0.483176 0.516712 0.528206 0.560116 0.49304 0.576584 0.562437 0.561667 0.0399547 0.540231 0.0496517 0.0409692 
