 0.636606 -0.758075 -0.141614 0.0188046   -0.739987   -0.652167    0.164611 -0.00736199 -0.217144        0 -0.97614 0.184222 0 0 0 1         0 -0.176398  0.785398         0 -0.524398  0.872398 -0.524398  0.872398         0 -0.785398  0.785398         0 -0.785398  0.785398 -0.785398  0.785398
0.128258
0.456519
0.218887
100
0
100
0.102366
0.358713
0.158553 0.029032 0.0261327 0.116302 0.0267934 0.0554151 0.0488381 0.0175017 0.103582 0.0233712 0.110887 0.159534 0.0898395 0.181905 0.127516 0.168759 0.0208391 0.104524 0.182274 0.120984 0.16195 0.150285 0.0203118 0.130207 0.165425 0.0878543 0.146554 0.120056 0.145024 0.0194417 0.0209757 0.0229535 0.10705 0.0201454 0.138546 0.148606 0.115836 0.130169 0.133053 0.266135 0.116644 0.150542 0.0927513 0.164365 0.0797015 0.159256 0.124435 0.134648 0.130687 0.0265734 0.0677212 0.202689 0.16575 0.115537 0.0207159 0.165002 0.200893 0.115533 0.178662 0.0190673 0.019771 0.0234662 0.1154 0.102752 0.235431 0.137493 0.0250097 0.16779 0.128407 0.0803652 0.0950024 0.165327 0.133918 0.102728 0.158084 0.140424 0.0207611 0.179683 0.0233701 0.149385 0.153392 0.0215557 0.024246 0.0210386 0.110773 0.162604 0.0212003 0.0269931 0.0176581 0.145905 0.0247604 0.115775 0.109121 0.121328 0.0258972 0.106499 0.0962054 0.0218203 0.126458 0.0244578 
0.447369 0.0392636 0.0352304 0.397368 0.0369885 0.421195 0.352812 0.024597 0.39682 0.032222 0.38697 0.534336 0.35829 0.552282 0.482741 0.470105 0.0291495 0.3727 0.527809 0.439443 0.445036 0.465622 0.0304532 0.470859 0.517119 0.419523 0.473619 0.422599 0.433028 0.0281993 0.0298634 0.400876 0.382264 0.0295139 0.473483 0.483276 0.453744 0.472574 0.412585 1.61834 0.462327 0.420804 0.381172 0.482523 0.390319 0.482667 0.436522 0.46173 0.422961 0.0355284 0.367619 0.740255 0.538344 0.443389 0.0297864 0.468177 0.734149 0.427189 0.54425 0.0280024 0.0288038 0.0327993 0.452995 0.417027 1.42655 0.468106 0.0350482 0.536224 0.429217 0.38997 0.405246 0.481971 0.441445 0.433773 0.463457 0.473821 0.0290348 0.548662 0.0325617 0.446122 0.476672 0.0302974 0.0341607 0.0341182 0.433875 0.532048 0.0297766 0.0366108 0.0261715 0.494844 0.0339936 0.37476 0.387549 0.411349 0.0359972 0.427297 0.459673 0.030639 0.477601 0.0330794 
