-0.055075  0.324909   0.94414 -0.160834 -0.0189209  -0.945745   0.324357 -0.0451836  0.998303         0 0.0582345 0.0253068 0 0 0 1         0 -0.524398    1.0464         0 -0.176398    1.1334 -0.437398  0.959398         0 -0.785398  0.785398         0 -0.785398  0.785398 -0.785398  0.785398
0.226928
1.03519
0.0582674
100
8
92
0.159423
0.977257
0.0824105 0.0594501 0.143708 0.196329 0.0107833 0.382773 0.195786 0.287314 0.184205 0.0890478 0.0744511 0.194594 0.0945243 0.0849487 0.041341 0.0851753 0.107584 0.0247687 0.30764 0.291992 0.0803796 0.0914915 0.0822569 0.0604513 0.178408 0.0449237 0.186872 0.311236 0.068805 0.219367 0.278479 0.373497 0.215042 0.287416 0.0729551 0.154022 0.308246 0.305521 0.116235 0.234955 0.131335 0.391234 0.0492962 0.355811 0.132078 0.121366 0.109204 0.343876 0.375452 0.231999 0.0378881 0.183394 0.229128 0.0720053 0.0574459 0.131012 0.0663065 0.405583 0.0864389 0.222931 0.0985045 0.071088 0.0518629 0.0288152 0.0985332 0.0542367 0.0977629 0.153144 0.0727364 0.0885409 0.124649 0.337067 0.013399 0.183928 0.31218 0.11965 0.0612123 0.202692 0.0126502 0.115076 0.0486046 0.312762 0.21968 0.121196 0.0542267 0.34003 0.0594994 0.120432 0.14338 0.194542 0.0844962 0.327214 
0.346693 0.358503 1.11007 1.26424 0.0169179 3.11616 1.08946 2.20023 1.26666 0.412581 0.173617 1.30063 0.35945 0.37103 0.342817 0.344656 0.416561 1.03089 2.24114 1.25584 0.379042 0.354332 0.366976 0.361949 1.20501 0.300388 1.11532 2.3801 0.368133 1.10451 2.20725 2.63341 1.20982 2.17874 0.443985 1.22919 1.43079 1.32811 0.386047 0.972908 0.412508 2.48215 0.332379 2.48048 0.406365 0.369034 0.425926 2.6173 2.56531 1.13105 0.343234 1.22563 1.188 0.336087 0.332769 0.498571 0.357896 2.57785 0.384366 1.15845 0.372753 0.352727 0.314326 0.299273 0.50109 0.924454 0.386561 1.17479 0.390294 0.356739 0.419734 2.50546 0.0208547 1.19875 2.33651 0.424643 0.383349 1.2575 0.0216471 0.374959 0.336974 2.43021 1.27846 0.430093 0.319658 2.43741 0.400502 0.348911 1.18525 1.31079 0.373642 2.4398 
