 0.232113  0.361619   0.90297 -0.146127  0.0900293  -0.932326   0.350233 -0.0464829  0.968513         0 -0.248962 0.0793772 0 0 0 1           0   -0.524398      1.0464           0 -0.00239816      1.3074   -0.437398      1.0464         0 -0.785398  0.785398         0 -0.785398  0.785398 -0.785398  0.785398
0.0697044
0.388307
0.251608
100
7
93
0.145349
0.892924
0.087352 0.0928648 0.202811 0.0519009 0.116154 0.0687721 0.253578 0.0216794 0.225243 0.0421835 0.0485635 0.0479548 0.390662 0.269261 0.0559784 0.207939 0.12489 0.0367893 0.118475 0.0959447 0.168794 0.36877 0.0119265 0.182983 0.221053 0.0125715 0.0243216 0.0137643 0.0433053 0.059274 0.220114 0.195077 0.0722374 0.081103 0.0361819 0.255442 0.274447 0.245029 0.21521 0.0096673 0.238575 0.237686 0.065251 0.0426898 0.0615207 0.195961 0.200714 0.204328 0.0293208 0.0442481 0.0812341 0.0127014 0.145732 0.0634859 0.0474921 0.26395 0.044034 0.0614529 0.170816 0.0785726 0.186747 0.285148 0.0916131 0.239604 0.150053 0.0549185 0.100281 0.0712709 0.253309 0.265339 0.334769 0.199473 0.0775353 0.346649 0.0632367 0.189159 0.041927 0.218602 0.202415 0.0885524 0.0948347 0.404849 0.178168 0.137614 0.328145 0.267272 0.137063 0.0122692 0.205537 0.2915 0.0208352 0.337337 0.0814392 
0.428482 0.412197 1.32815 0.403903 0.49606 0.432688 1.70937 0.347196 1.30481 0.339584 0.368638 0.372353 2.47273 1.25803 0.192943 1.18647 0.449978 0.416576 0.870561 0.987704 1.06015 3.1213 0.0176825 1.08365 1.20305 0.0210668 0.341634 0.0210863 0.384537 0.388486 1.31103 1.06475 0.411596 0.415355 0.371816 2.07174 2.29508 1.29692 1.23371 0.015923 1.61513 1.22683 0.366792 0.373418 0.392332 1.13872 1.17899 1.27392 0.350925 0.405233 0.224937 0.0203574 0.402095 0.311707 0.391923 2.02458 0.395868 0.359741 0.460675 0.436659 1.28505 2.15716 0.39843 1.39396 1.04587 0.376529 0.395776 0.355154 1.16207 1.36474 2.31602 1.31107 0.388563 2.42422 0.385568 1.19097 0.39673 1.20256 1.23208 0.41079 0.441732 2.54803 1.04371 0.480553 2.49877 1.25059 0.4796 0.0196288 1.22544 1.41488 0.359127 2.42816 0.398559 
