  0.046898   0.998011  0.0421245 -0.0206545   0.742475 -0.0630389   0.666901  -0.147041  0.668231         0 -0.743954  0.142809 0 0 0 1         0 -0.437398  0.872398         0 -0.524398  0.872398 -0.524398  0.785398         0 -0.785398  0.785398         0 -0.785398  0.785398 -0.785398  0.785398
0.179949
0.524648
0.731828
100
8
92
0.146646
0.476808
0.0286584 0.164355 0.116403 0.183922 0.17138 0.150376 0.183811 0.0294459 0.155265 0.152146 0.172198 0.179888 0.16764 0.150516 0.156166 0.183061 0.179691 0.171675 0.163014 0.169443 0.143798 0.176645 0.165027 0.157524 0.182483 0.153545 0.106716 0.166338 0.167936 0.0066741 0.154595 0.162484 0.189995 0.165781 0.181395 0.174461 0.0293335 0.161544 0.0244553 0.173719 0.153438 0.158096 0.16998 0.0256529 0.185823 0.177397 0.0275708 0.179296 0.177482 0.0288664 0.171619 0.164882 0.1488 0.179064 0.178037 0.104821 0.145634 0.178408 0.178929 0.151294 0.172728 0.170686 0.0270451 0.171881 0.172058 0.150287 0.163388 0.17221 0.0303593 0.191434 0.16664 0.172601 0.0265605 0.161223 0.190017 0.176417 0.169532 0.0306305 0.1778 0.186488 0.179007 0.178038 0.170813 0.0298613 0.166398 0.178534 0.190793 0.0914178 0.125044 0.182907 0.182236 0.177813 
0.0379061 0.508735 0.471509 0.582769 0.540355 0.533655 0.577771 0.040636 0.574497 0.422308 0.558912 0.525534 0.54164 0.546178 0.551375 0.588585 0.512571 0.569085 0.570054 0.591678 0.507243 0.569718 0.586084 0.541803 0.576881 0.522558 0.515786 0.545226 0.568303 0.458035 0.483627 0.547405 0.580624 0.530838 0.57699 0.50196 0.0405678 0.525264 0.0338746 0.448874 0.549578 0.497337 0.566354 0.036099 0.601881 0.567466 0.0383431 0.575193 0.569233 0.0383963 0.493309 0.497618 0.471155 0.561437 0.560079 0.470581 0.494714 0.570914 0.534836 0.501745 0.567195 0.544595 0.0367945 0.550731 0.561371 0.533199 0.553997 0.530859 0.0399319 0.571818 0.560351 0.558271 0.0360398 0.556249 0.586505 0.554248 0.583281 0.0407407 0.493926 0.566419 0.557985 0.581788 0.58028 0.0398645 0.557468 0.576652 0.53073 0.537938 0.461658 0.580697 0.563677 0.567417 
