    0.6437  -0.714913   0.273039 -0.0535714 -0.658153 -0.699213 -0.279169 0.0684149  0.390494         0 -0.920605  0.171344 0 0 0 1         0 -0.437398  0.872398         0 -0.524398  0.872398 -0.524398  0.785398         0 -0.785398  0.785398         0 -0.785398  0.785398 -0.785398  0.785398
0.172468
0.555487
0.401168
100
2
98
0.148946
0.479713
0.0225537 0.164785 0.176371 0.15803 0.0279945 0.176073 0.158541 0.136354 0.14706 0.162229 0.16544 0.146105 0.132443 0.181998 0.170537 0.174081 0.156964 0.0261936 0.0248902 0.183305 0.18247 0.19956 0.148138 0.139804 0.153344 0.169628 0.171743 0.15956 0.160185 0.158967 0.157341 0.170162 0.132838 0.1522 0.158325 0.198207 0.157572 0.173799 0.161023 0.143674 0.167745 0.159057 0.169223 0.0235554 0.141536 0.150552 0.175738 0.0244995 0.149065 0.17046 0.025736 0.168574 0.165175 0.148942 0.169769 0.146616 0.180074 0.166094 0.153748 0.158806 0.126676 0.158805 0.165681 0.173141 0.174471 0.185345 0.164301 0.159667 0.170813 0.149333 0.151616 0.187905 0.18039 0.154111 0.170699 0.17502 0.161028 0.179127 0.15546 0.153736 0.169888 0.139718 0.0250511 0.0992106 0.180027 0.176664 0.169697 0.189913 0.17876 0.184641 0.166338 0.148931 0.149328 0.182019 0.0282765 0.175561 0.154536 0.0253279 
0.0315924 0.468666 0.56243 0.595988 0.0374231 0.507672 0.537187 0.596212 0.464465 0.496191 0.50422 0.46435 0.507049 0.495241 0.480825 0.518872 0.522454 0.444518 0.0332371 0.541074 0.550464 0.588276 0.552456 0.457537 0.56009 0.51698 0.539145 0.547015 0.513611 0.49824 0.565413 0.533399 0.527666 0.555978 0.544256 0.589488 0.513514 0.541616 0.564107 0.507579 0.512975 0.522651 0.481378 0.0336791 0.502125 0.488507 0.461851 0.0343296 0.515872 0.547409 0.0343188 0.513527 0.496231 0.512613 0.474481 0.456285 0.565989 0.493509 0.491264 0.516974 0.524207 0.568203 0.500842 0.534354 0.524244 0.584584 0.538178 0.584119 0.577688 0.515782 0.439107 0.570545 0.576976 0.498658 0.533246 0.56426 0.521078 0.560365 0.540833 0.483353 0.557228 0.598119 0.0346884 0.429608 0.555071 0.514945 0.553578 0.620425 0.547155 0.488014 0.499214 0.520696 0.466109 0.510704 0.0381158 0.56442 0.504902 0.0358159 
