  0.637424  -0.770513 0.00021636 0.00732229    -0.770513    -0.637424 -0.000261535   0.00609982 0.000339429    0   -1 0.19 0 0 0 1         0 -0.524398  0.959398         0 -0.524398  0.959398 -0.524398  0.785398         0 -0.785398  0.785398         0 -0.785398  0.785398 -0.785398  0.785398
0.198111
0.552403
0.000339429
100
1
99
0.172855
0.525628
0.195188 0.148958 0.159011 0.180063 0.07562 0.155694 0.179703 0.193723 0.159549 0.1859 0.113121 0.148407 0.199944 0.145646 0.169241 0.174839 0.192256 0.196452 0.199142 0.101858 0.179627 0.193919 0.174184 0.165618 0.173602 0.199447 0.192322 0.150431 0.187886 0.192454 0.133633 0.188976 0.201465 0.159152 0.197356 0.183732 0.195519 0.156687 0.174478 0.171839 0.177 0.19172 0.198036 0.194916 0.153616 0.119549 0.181543 0.193869 0.179419 0.172481 0.181199 0.176831 0.173072 0.161552 0.1769 0.195354 0.186206 0.184435 0.151975 0.185944 0.194832 0.193208 0.187837 0.178644 0.161894 0.169253 0.168802 0.184546 0.186013 0.195904 0.170749 0.1545 0.177946 0.160991 0.184314 0.177386 0.164344 0.177067 0.190768 0.188293 0.154582 0.181906 0.198784 0.176895 0.159892 0.165625 0.157412 0.181936 0.19096 0.200055 0.191961 0.169052 0.0236511 0.175238 0.189509 0.187242 0.192705 0.151726 0.113932 
0.56857 0.501493 0.489404 0.558858 0.487081 0.498859 0.514292 0.564561 0.491988 0.564235 0.361129 0.488566 0.578293 0.432713 0.515819 0.480946 0.546587 0.57586 0.571156 0.457933 0.523707 0.592143 0.514557 0.509443 0.516144 0.563873 0.541171 0.475401 0.536957 0.579799 0.434729 0.565631 0.574302 0.514768 0.567519 0.546532 0.560605 0.461956 0.513187 0.528395 0.531089 0.57065 0.56248 0.568446 0.483796 0.417947 0.521784 0.573345 0.513991 0.491857 0.512884 0.561759 0.523873 0.462956 0.53443 0.567269 0.520728 0.528438 0.511465 0.555948 0.556777 0.568868 0.532093 0.534473 0.497565 0.501856 0.507358 0.541598 0.533832 0.567144 0.51761 0.496405 0.537509 0.511295 0.535206 0.507647 0.517808 0.525516 0.572349 0.562341 0.462577 0.551635 0.567614 0.52622 0.499746 0.51761 0.468938 0.557681 0.566535 0.558948 0.5423 0.472609 0.503098 0.526687 0.54873 0.599054 0.564496 0.453381 0.539727 
