 0.628021 -0.235993  0.741551 -0.166036 -0.152516 -0.971755 -0.180087 0.0501347  0.763105         0 -0.646275  0.123824 0 0 0 1         0 -0.437398  0.872398         0 -0.524398  0.785398 -0.524398  0.785398         0 -0.785398  0.785398         0 -0.785398  0.785398 -0.785398  0.785398
0.182278
0.54906
0.702693
100
12
88
0.1304
0.451166
0.171273 0.153741 0.159717 0.16558 0.15425 0.183487 0.0278719 0.192619 0.0296213 0.133922 0.127078 0.183483 0.166019 0.0326201 0.0273417 0.168538 0.188919 0.160005 0.168563 0.146488 0.182544 0.101689 0.146707 0.0304033 0.0248339 0.175512 0.0653061 0.142882 0.192324 0.145571 0.177236 0.0294426 0.165931 0.197979 0.0313463 0.0324326 0.0317758 0.167697 0.166896 0.175522 0.176496 0.0279327 0.0286323 0.177293 0.0312834 0.165177 0.137748 0.158011 0.171544 0.184809 0.141158 0.172412 0.177064 0.190633 0.0345413 0.185179 0.141193 0.172289 0.178422 0.150506 0.181166 0.154773 0.028955 0.0323044 0.177455 0.198597 0.156074 0.188533 0.0304637 0.116325 0.0585019 0.0291405 0.186636 0.137684 0.144835 0.137157 0.03035 0.178347 0.0298692 0.156346 0.176558 0.144577 0.0288989 0.146288 0.178381 0.177612 0.171442 0.170481 
0.563005 0.477412 0.552848 0.568367 0.491472 0.5573 0.0394502 0.562914 0.0376641 0.523594 0.48282 0.568026 0.569585 0.446556 0.478711 0.534058 0.564307 0.546365 0.626529 0.481064 0.55915 0.486255 0.524171 0.0414851 0.0351611 0.491964 0.467168 0.479465 0.606414 0.567132 0.570164 0.0401341 0.526682 0.574982 0.0414197 0.0405932 0.0414366 0.560534 0.531987 0.574682 0.508484 0.481023 0.473247 0.564474 0.0407814 0.55163 0.528234 0.53612 0.556268 0.579614 0.54994 0.501493 0.532544 0.556601 0.04658 0.540608 0.397617 0.577157 0.541166 0.510976 0.596224 0.497823 0.0383198 0.492055 0.559973 0.56658 0.51847 0.539685 0.0391992 0.496503 0.534826 0.46186 0.574013 0.495582 0.502579 0.483646 0.0395897 0.567084 0.0410591 0.415196 0.516504 0.469571 0.494176 0.515977 0.557876 0.539683 0.5806 0.560405 
