  -0.636606   -0.758075    0.141614 -0.00435571  -0.739988   0.652167   0.164611 -0.0197923 -0.217144        0 -0.97614 0.184222 0 0 0 1         0 -0.176398  0.872398         0 -0.524398  0.872398 -0.524398  0.872398         0 -0.785398  0.785398         0 -0.785398  0.785398 -0.785398  0.785398
0.119599
0.411061
0.218887
100
1
99
0.0962928
0.357987
0.113323 0.105411 0.0214659 0.178059 0.101035 0.0234605 0.239472 0.131188 0.0271106 0.0215808 0.187442 0.0257895 0.144006 0.159975 0.0765522 0.149746 0.19212 0.168865 0.0208063 0.0924574 0.0196109 0.0265239 0.0246321 0.133477 0.0276596 0.0228802 0.0830595 0.122209 0.15691 0.0157403 0.0254969 0.023664 0.128374 0.161137 0.0253218 0.120887 0.0221424 0.0462767 0.13335 0.11245 0.144617 0.024252 0.120161 0.126283 0.107049 0.0174396 0.121191 0.143927 0.0682704 0.115554 0.0240674 0.180186 0.0197871 0.0211634 0.140592 0.0262442 0.17187 0.13947 0.161752 0.141966 0.112772 0.0274001 0.123644 0.0671469 0.129462 0.115394 0.0828865 0.138971 0.121142 0.0786682 0.132418 0.137294 0.152837 0.119875 0.166007 0.109582 0.138528 0.0930367 0.125521 0.0788665 0.0254668 0.0637487 0.201846 0.113454 0.0238319 0.136903 0.189021 0.0197359 0.155086 0.11926 0.0205295 0.16432 0.0950199 0.100046 0.0245342 0.0134782 0.0275677 0.137063 0.0231155 
0.416549 0.375109 0.0293855 0.531179 0.397349 0.0320306 1.54758 0.472278 0.337532 0.030871 0.795732 0.0355 0.478529 0.525408 0.392256 0.473136 0.724935 0.501654 0.0294295 0.449513 0.0277056 0.0363181 0.0338989 0.468459 0.0353425 0.0320443 0.401166 0.442491 0.479118 0.0255512 0.0356433 0.0330761 0.494275 0.486988 0.448474 0.434879 0.0306406 0.417607 0.463765 0.393368 0.447824 0.0328987 0.445471 0.461591 0.416268 0.0258297 0.463595 0.407285 0.365616 0.458761 0.0340105 0.539929 0.0290492 0.0292892 0.452279 0.494557 0.515312 0.468108 0.499616 0.434917 0.386327 0.037685 0.427485 0.375103 0.441943 0.402674 0.381733 0.477277 0.456299 0.378164 0.430086 0.44834 0.472617 0.450465 0.562642 0.456344 0.457854 0.414438 0.504291 0.38511 0.0354001 0.449022 0.689719 0.42078 0.0336993 0.442284 1.40924 0.0267801 0.453241 0.444349 0.0287802 0.507702 0.369605 0.416806 0.0342296 0.0228329 0.0380464 0.419981 0.0323267 
