-0.898052  0.361619 -0.250469 0.0569143   0.348325   0.932326  0.0971489 -0.0323235   0.26865         0 -0.963238  0.181865 0 0 0 1         0 -0.437398  0.959398         0 -0.524398  0.872398 -0.524398  0.785398         0 -0.785398  0.785398         0 -0.785398  0.785398 -0.785398  0.785398
0.15394
0.457756
0.271991
100
2
98
0.161479
0.495363
0.1825 0.174711 0.177054 0.180289 0.0237022 0.197819 0.159378 0.130676 0.150197 0.159703 0.171519 0.131179 0.0238335 0.17294 0.168893 0.197764 0.189199 0.186141 0.170625 0.167551 0.183368 0.149276 0.178284 0.176293 0.171023 0.191725 0.181081 0.164725 0.178572 0.151497 0.144738 0.168766 0.184647 0.0263762 0.159165 0.157313 0.176991 0.158298 0.16525 0.158822 0.149903 0.187994 0.165256 0.0281 0.018383 0.168062 0.160267 0.176456 0.160822 0.173266 0.175281 0.181204 0.169574 0.180265 0.171342 0.173626 0.183885 0.168287 0.179834 0.17008 0.161792 0.151667 0.172414 0.181167 0.165258 0.162178 0.179953 0.167643 0.173904 0.183747 0.154669 0.17692 0.167854 0.186701 0.175459 0.166474 0.173733 0.166019 0.155465 0.180942 0.177704 0.178983 0.17219 0.168744 0.170584 0.156545 0.153055 0.166053 0.184852 0.0764013 0.172587 0.187395 0.160631 0.166124 0.151489 0.15767 0.174071 0.162096 
0.586908 0.501762 0.532322 0.553972 0.0346264 0.592324 0.512053 0.428455 0.464391 0.501646 0.518054 0.429155 0.0336623 0.455922 0.466335 0.5437 0.559953 0.59213 0.532593 0.497739 0.579194 0.451721 0.531354 0.52267 0.561986 0.591664 0.572345 0.469955 0.533479 0.452683 0.45842 0.531196 0.572391 0.0369231 0.416334 0.47643 0.506928 0.521195 0.528759 0.466184 0.47306 0.547116 0.541514 0.0379984 0.0263552 0.530741 0.506778 0.539875 0.474431 0.541449 0.560649 0.581408 0.537289 0.538887 0.521199 0.591786 0.563857 0.530874 0.571317 0.519587 0.478805 0.523351 0.51752 0.550478 0.457026 0.548428 0.583447 0.536425 0.517484 0.53041 0.487103 0.507578 0.58153 0.561968 0.541133 0.545494 0.447274 0.50499 0.467106 0.564441 0.589516 0.523942 0.604794 0.520616 0.585867 0.422494 0.5203 0.521503 0.506895 0.364015 0.496202 0.583136 0.504966 0.472031 0.429065 0.5225 0.538327 0.531701 
