  0.440944  -0.758075    0.48051 -0.0620715 -0.512551 -0.652167 -0.558542  0.086648   0.73679         0 -0.676122  0.145219 0 0 0 1           0   -0.524398    0.959398           0 -0.00239816      1.6554   -0.437398    0.959398         0 -0.785398  0.785398         0 -0.785398  0.785398 -0.785398  0.785398
0.0615732
0.45366
0.742486
100
7
93
0.0920579
0.549935
0.0153632 0.0105219 0.0506402 0.0482448 0.266817 0.0725808 0.0133361 0.127275 0.00933552 0.0772953 0.0492253 0.0341612 0.101174 0.0979959 0.066079 0.209784 0.211725 0.122324 0.110494 0.0120442 0.00374007 0.0480729 0.0129265 0.0544914 0.0385363 0.0758794 0.0084365 0.0479907 0.0959966 0.0139834 0.0472326 0.122473 0.186859 0.151432 0.0268088 0.016305 0.255543 0.130892 0.0177812 0.245957 0.0540327 0.0136107 0.0142988 0.295478 0.041989 0.12536 0.231423 0.04666 0.296911 0.058668 0.0638269 0.0149021 0.252493 0.0662289 0.0150215 0.304524 0.168508 0.0157825 0.0604916 0.014262 0.043248 0.0166327 0.0474853 0.0839609 0.0774527 0.0827511 0.040419 0.0423014 0.0798859 0.0915933 0.0207211 0.261679 0.231176 0.0171019 0.0137637 0.222025 0.196951 0.120007 0.133009 0.256998 0.0175713 0.0124334 0.145355 0.012523 0.0656989 0.0822818 0.0159709 0.0789553 0.257956 0.059418 0.17876 0.0183603 0.0747142 
0.0250379 0.0167835 0.385576 0.400895 1.26454 0.459676 0.0189594 1.02816 0.0161769 0.481895 0.365886 0.381263 0.438435 0.492032 0.385091 1.24798 1.35779 0.506356 0.492721 0.0166192 0.013036 0.448005 0.0178149 0.424105 0.32285 0.478709 0.0161901 0.474128 0.524418 0.0219111 0.397468 0.481276 1.17633 0.512627 0.367285 0.36753 1.26333 0.545747 0.35145 1.67995 0.37413 0.0189728 0.0202637 2.32668 0.424014 0.506331 1.28798 0.379162 1.5235 0.449145 0.419219 0.0222087 1.32757 0.389864 0.0229972 1.46028 1.15768 0.024312 0.410011 0.0212206 0.462339 0.0240141 0.476581 0.469844 0.388985 0.413632 0.409206 0.386418 0.416712 0.454267 0.372931 1.34637 1.35735 0.369474 0.0171327 1.21203 1.28254 0.589793 0.513286 1.27494 0.0276367 0.0185052 1.0843 0.0189869 0.468743 0.981265 0.0236677 0.500094 1.35356 0.405607 1.30145 0.0287093 0.462014 
