 0.225216  0.368125  0.902088 -0.160475  0.0891694  -0.929776   0.357162 -0.0532868   0.97022         0 -0.242226 0.0504373 0 0 0 1         0 -0.524398  0.959398         0 -0.437398  0.959398 -0.524398  0.959398         0 -0.785398  0.785398         0 -0.785398  0.785398 -0.785398  0.785398
0.109661
0.398244
0.24466
100
5
95
0.136326
0.540637
0.0831987 0.302391 0.0629044 0.212243 0.0880212 0.0803853 0.1373 0.0371921 0.114104 0.142222 0.141165 0.0942978 0.292006 0.139006 0.0759943 0.155665 0.148507 0.108926 0.0935942 0.070117 0.0220081 0.123503 0.105998 0.0779153 0.108336 0.114706 0.0879701 0.097837 0.0972851 0.105106 0.096501 0.127613 0.150953 0.127238 0.153861 0.175335 0.112705 0.0459184 0.12313 0.0745207 0.286107 0.29766 0.134254 0.140991 0.120886 0.305871 0.264974 0.0928519 0.134258 0.122319 0.139905 0.123281 0.128061 0.292144 0.101199 0.140916 0.129831 0.114003 0.123334 0.168391 0.135203 0.104412 0.304076 0.11104 0.0762442 0.102091 0.149907 0.125344 0.0451162 0.100489 0.145461 0.109053 0.0873426 0.111832 0.109803 0.108216 0.0925268 0.332389 0.163627 0.122214 0.147166 0.108329 0.308442 0.127858 0.125098 0.130451 0.12671 0.15029 0.146506 0.295752 0.127119 0.134142 0.120449 0.104136 0.0932262 
0.386198 1.35029 0.357812 1.21951 0.522442 0.338001 0.410561 0.295641 0.404776 0.448465 0.435412 0.374477 1.31849 0.399467 0.395385 0.477948 0.449111 0.403299 0.378106 0.340657 0.0330768 0.415363 0.405311 0.346733 0.370144 0.404044 0.38946 0.376884 0.389947 0.399503 0.411506 0.412217 0.493498 0.454095 0.472032 0.553786 0.400085 0.362585 0.424872 0.344069 1.75531 1.28141 0.434029 0.442443 0.424944 1.48338 1.74816 0.409618 0.454286 0.415698 0.443667 0.405234 0.435772 1.81922 0.373777 0.462933 0.423416 0.450545 0.447002 0.506652 0.436559 0.397211 1.30394 0.380398 0.332312 0.422406 0.456023 0.41925 0.323117 0.39358 0.534352 0.372281 0.357235 0.360825 0.414502 0.436443 0.37482 1.37799 0.485124 0.274877 0.45423 0.42585 1.37149 0.408804 0.441875 0.446403 0.414582 0.451326 0.505028 1.29136 0.448063 0.439573 0.411825 0.375568 0.438535 
