117.823 -27.026 -12.616 0.48022 0.70298 0.47826 0.21557 1 118.646 13.192 -9.649 0.48604 -0.77169 0.39871 -0.09639 2 45.966 -27.004 7.704 0.96884 0.12982 -0.17626 -0.11584 3 
118.059 -26.954 -12.634 0.4802 0.70342 0.47808 0.21458 1 118.792 13.335 -9.694 0.48837 -0.77025 0.39861 -0.09653 2 45.966 -27.004 7.704 0.96885 0.12984 -0.17624 -0.11585 3 
118.337 -26.899 -12.599 0.4792 0.70511 0.478 0.21146 1 118.879 13.363 -9.688 0.49047 -0.76877 0.39885 -0.09671 2 45.966 -27.003 7.705 0.96885 0.12983 -0.17624 -0.11584 3 
118.623 -26.825 -12.574 0.47775 0.70709 0.47821 0.20759 1 118.916 13.441 -9.698 0.49325 -0.76704 0.39886 -0.09627 2 45.966 -27.003 7.704 0.96884 0.12984 -0.17625 -0.11584 3 
118.871 -26.792 -12.603 0.47642 0.70861 0.47814 0.20563 1 118.881 13.525 -9.706 0.49705 -0.76491 0.39821 -0.09634 2 45.966 -27.004 7.704 0.96885 0.12983 -0.17625 -0.11584 3 
119.013 -26.701 -12.588 0.47537 0.70941 0.47868 0.20403 1 118.869 13.632 -9.734 0.49859 -0.76366 0.399 -0.09504 2 45.967 -27.003 7.703 0.96884 0.12984 -0.17626 -0.11586 3 
118.867 -27.18 -12.361 0.48838 0.70727 0.46466 0.21293 1 118.875 13.767 -9.723 0.49743 -0.76234 0.40261 -0.09648 2 45.966 -27.003 7.703 0.96884 0.12984 -0.17626 -0.11585 3 
118.286 -30.019 -11.678 0.47873 0.76175 0.40599 0.16041 1 118.842 13.985 -9.682 0.49463 -0.76202 0.40469 -0.10441 2 45.966 -27.003 7.703 0.96884 0.12984 -0.17626 -0.11585 3 
118.019 -33.861 -11.454 0.32972 0.86098 0.38395 0.05072 1 118.715 14.126 -9.704 0.4927 -0.76073 0.4086 -0.1076 2 45.966 -27.004 7.704 0.96884 0.12983 -0.17625 -0.11585 3 
116.989 -36.428 -10.586 0.14253 0.86852 0.44468 -0.16617 1 118.422 14.162 -9.715 0.49617 -0.75649 0.41121 -0.11155 2 45.966 -27.003 7.704 0.96884 0.12984 -0.17625 -0.11585 3 
112.092 -39.016 -8.016 0.08562 0.8323 0.45507 -0.30472 1 118.053 14.137 -9.729 0.50158 -0.75102 0.41321 -0.11677 2 45.966 -27.003 7.704 0.96884 0.12984 -0.17626 -0.11584 3 
104.634 -41.115 -5.332 0.10367 0.77432 0.49495 -0.3804 1 117.89 14.092 -9.768 0.50413 -0.74728 0.41594 -0.1201 2 45.966 -27.003 7.703 0.96884 0.12984 -0.17625 -0.11585 3 
96.094 -41.545 -3.047 0.1006 0.76323 0.51932 -0.37103 1 118.082 13.94 -9.778 0.49373 -0.74878 0.424 -0.12563 2 45.966 -27.004 7.704 0.96885 0.12983 -0.17624 -0.11585 3 
87.015 -41.154 -1.767 0.08215 0.76454 0.54399 -0.33587 1 118.526 13.671 -9.791 0.47729 -0.75262 0.43303 -0.13506 2 45.966 -27.004 7.704 0.96885 0.12983 -0.17625 -0.11584 3 
78.052 -39.754 -1.633 0.06437 0.76198 0.56933 -0.30182 1 119.022 13.115 -9.755 0.45609 -0.75798 0.44251 -0.14707 2 45.965 -27.004 7.705 0.96885 0.12984 -0.17623 -0.11585 3 
69.785 -37.652 -2.481 0.04758 0.77683 0.5782 -0.24487 1 119.797 12.354 -9.65 0.42201 -0.76848 0.45272 -0.16245 2 45.966 -27.004 7.703 0.96884 0.12984 -0.17625 -0.11585 3 
63.161 -35.667 -3.921 0.02382 0.78415 0.58633 -0.20187 1 120.67 11.333 -9.559 0.38196 -0.78134 0.46223 -0.17311 2 45.966 -27.004 7.703 0.96885 0.12983 -0.17624 -0.11585 3 
57.758 -33.578 -5.461 0.01653 0.77805 0.60035 -0.18424 1 121.345 10.197 -9.539 0.33959 -0.79348 0.47159 -0.18075 2 45.965 -27.004 7.704 0.96885 0.12983 -0.17624 -0.11584 3 
54.045 -31.646 -6.843 0.01448 0.7552 0.63459 -0.16361 1 121.695 9.085 -9.471 0.31029 -0.80074 0.47705 -0.18697 2 45.966 -27.002 7.704 0.96884 0.12985 -0.17625 -0.11583 3 
51.695 -30.272 -7.435 0.01813 0.73741 0.65163 -0.17683 1 121.75 8.33 -9.441 0.28772 -0.80573 0.48068 -0.19227 2 45.967 -27.002 7.705 0.96885 0.12984 -0.17624 -0.11582 3 
50.168 -29.212 -7.579 0.02854 0.7276 0.65905 -0.18825 1 121.619 7.88 -9.422 0.27379 -0.80843 0.4826 -0.19642 2 45.966 -27.003 7.703 0.96884 0.12983 -0.17625 -0.11585 3 
49.668 -28.904 -7.956 0.00141 0.70131 0.68281 -0.20477 1 121.498 7.549 -9.355 0.26545 -0.81155 0.4826 -0.19498 2 45.953 -27.004 7.704 0.96887 0.12982 -0.17608 -0.11588 3 
49.257 -28.98 -7.888 0.0097 0.67902 0.70603 -0.2009 1 121.517 7.311 -9.34 0.25601 -0.81594 0.48182 -0.19114 2 45.512 -27.116 7.775 0.97002 0.12866 -0.1693 -0.1177 3 
49.314 -29.132 -7.559 0.0132 0.68918 0.69235 -0.2133 1 121.551 7.18 -9.276 0.25567 -0.81762 0.48043 -0.18792 2 46.108 -26.981 7.706 0.96752 0.13843 -0.17621 -0.117 3 
50.753 -29.243 -7.118 0.0415 0.69141 0.68179 -0.23536 1 121.655 7.178 -9.246 0.25254 -0.82117 0.47839 -0.18178 2 48.8 -27.129 8.021 0.96373 0.13675 -0.19438 -0.12138 3 
53.758 -29.59 -6.02 0.11158 0.69563 0.65947 -0.26221 1 121.52 7.434 -9.203 0.25949 -0.82133 0.47427 -0.18205 2 54.831 -26.138 8.975 0.95706 0.11399 -0.24958 -0.09355 3 
58.189 -30.039 -4.905 0.17175 0.73145 0.60253 -0.26916 1 121.033 7.931 -9.195 0.27916 -0.8191 0.46835 -0.1783 2 60.969 -22.5 9.377 0.95465 0.09188 -0.2832 0.0003 3 
63.07 -30.421 -4.632 0.20717 0.78696 0.522 -0.2555 1 120.548 8.68 -9.202 0.30076 -0.818 0.45915 -0.17203 2 65.9 -17.794 7.923 0.94644 0.08041 -0.28635 0.12569 3 
67.685 -30.571 -5.234 0.23076 0.84486 0.42564 -0.22758 1 120.219 9.494 -9.218 0.32416 -0.81599 0.4493 -0.16492 2 69.671 -13.298 4.722 0.92567 0.06582 -0.26717 0.25965 3 
72.089 -30.646 -6.338 0.23784 0.88582 0.34468 -0.19988 1 120.104 10.31 -9.257 0.34653 -0.81266 0.44082 -0.15868 2 72.992 -10.761 1.333 0.90147 0.0557 -0.24045 0.35558 3 
76.21 -30.97 -7.404 0.23018 0.91219 0.29082 -0.17421 1 120.22 10.974 -9.303 0.36512 -0.80951 0.43368 -0.15265 2 75.782 -9.891 -1.167 0.88536 0.05219 -0.20809 0.41246 3 
79.738 -31.484 -8.087 0.21547 0.93615 0.22852 -0.15803 1 120.497 11.592 -9.408 0.38178 -0.80634 0.42823 -0.14379 2 77.968 -9.446 -3.447 0.85959 0.05754 -0.18174 0.47409 3 
82.715 -31.985 -8.438 0.20026 0.95665 0.15494 -0.14393 1 120.746 12.132 -9.44 0.39492 -0.804 0.42429 -0.13268 2 79.61 -9.375 -5.633 0.82335 0.0628 -0.15636 0.54195 3 
84.65 -32.058 -8.444 0.18842 0.96955 0.08004 -0.13443 1 120.761 12.566 -9.536 0.41013 -0.80065 0.41923 -0.12246 2 80.671 -9.443 -7.513 0.77896 0.06241 -0.13906 0.60826 3 
85.701 -31.604 -8.12 0.17375 0.97465 0.0074 -0.14078 1 120.601 12.966 -9.587 0.42259 -0.79716 0.41551 -0.11537 2 80.757 -9.537 -8.855 0.73124 0.07332 -0.13454 0.66469 3 
86.217 -30.788 -7.528 0.16495 0.97172 -0.06227 -0.15708 1 120.363 13.272 -9.594 0.43132 -0.79462 0.41287 -0.10992 2 80.524 -9.64 -9.875 0.67707 0.0854 -0.14394 0.71664 3 
86.377 -30.072 -6.858 0.16655 0.96522 -0.10524 -0.17186 1 120.04 13.594 -9.678 0.43754 -0.79304 0.41108 -0.10326 2 80.464 -9.606 -10.141 0.64256 0.0906 -0.15901 0.74406 3 
86.466 -29.154 -6.289 0.17645 0.95703 -0.13383 -0.18722 1 119.857 13.86 -9.71 0.442 -0.7916 0.4105 -0.09746 2 80.882 -9.15 -10.177 0.61924 0.0895 -0.18178 0.75861 3 
86.432 -28.148 -5.832 0.18781 0.94835 -0.15899 -0.2002 1 119.775 14.094 -9.773 0.445 -0.79021 0.41113 -0.09227 2 81.28 -8.61 -10.269 0.59745 0.08546 -0.20461 0.77064 3 
86.209 -27.636 -5.544 0.19054 0.94593 -0.16161 -0.20687 1 119.82 14.291 -9.836 0.44707 -0.78934 0.41144 -0.08824 2 81.14 -8.082 -10.019 0.59568 0.08768 -0.21194 0.76978 3 
86.112 -27.491 -5.438 0.18838 0.94593 -0.15824 -0.21142 1 119.983 14.376 -9.842 0.4442 -0.79072 0.4126 -0.08496 2 80.915 -7.849 -9.807 0.59794 0.09246 -0.21345 0.76705 3 
86.185 -27.398 -5.31 0.18912 0.94442 -0.16406 -0.21304 1 120.143 14.435 -9.84 0.44253 -0.79144 0.41306 -0.08468 2 81.013 -7.906 -9.822 0.59264 0.09145 -0.21668 0.77036 3 
86.301 -27.445 -5.183 0.18854 0.94317 -0.16832 -0.21576 1 120.18 14.457 -9.829 0.44464 -0.78996 0.41341 -0.08572 2 81.04 -8.025 -9.782 0.5888 0.09351 -0.2189 0.77244 3 
86.438 -27.541 -5.08 0.18668 0.94286 -0.16696 -0.21977 1 120.156 14.418 -9.829 0.44616 -0.78915 0.41328 -0.08596 2 81.053 -8.067 -9.638 0.58955 0.09782 -0.22079 0.77079 3 
86.527 -27.601 -5.029 0.18656 0.94239 -0.16674 -0.22201 1 120.112 14.361 -9.849 0.44799 -0.78836 0.41276 -0.0862 2 81.128 -8.109 -9.563 0.5894 0.09937 -0.22273 0.77015 3 
86.593 -27.672 -5.002 0.18564 0.94245 -0.16748 -0.22197 1 120.101 14.349 -9.823 0.4492 -0.7875 0.41279 -0.08757 2 81.147 -8.213 -9.568 0.58855 0.09976 -0.22246 0.77082 3 
86.622 -27.76 -5.023 0.18511 0.94337 -0.16484 -0.22048 1 120.135 14.286 -9.828 0.44956 -0.78709 0.41306 -0.0881 2 81.171 -8.254 -9.543 0.59062 0.09918 -0.22036 0.76992 3 
86.644 -27.802 -5.037 0.18499 0.9436 -0.16349 -0.22061 1 120.194 14.232 -9.839 0.44978 -0.78701 0.41292 -0.0884 2 81.196 -8.262 -9.532 0.59165 0.09962 -0.22038 0.76906 3 
86.653 -27.816 -5.055 0.185 0.94416 -0.1613 -0.21981 1 120.218 14.226 -9.827 0.44984 -0.78677 0.41321 -0.08881 2 81.238 -8.241 -9.516 0.59327 0.0989 -0.21973 0.76809 3 
86.618 -27.829 -5.109 0.18637 0.94455 -0.15998 -0.21794 1 120.223 14.215 -9.843 0.44999 -0.78655 0.41335 -0.08937 2 81.308 -8.222 -9.56 0.59442 0.0964 -0.21914 0.76769 3 
86.57 -27.84 -5.176 0.188 0.94471 -0.1608 -0.21524 1 120.222 14.208 -9.822 0.4495 -0.78671 0.41349 -0.08977 2 81.366 -8.252 -9.675 0.59382 0.09303 -0.21807 0.76888 3 
86.527 -27.883 -5.216 0.18797 0.94513 -0.15991 -0.21405 1 120.187 14.235 -9.795 0.44898 -0.78689 0.41347 -0.0909 2 81.363 -8.286 -9.706 0.59449 0.09221 -0.21746 0.76863 3 
86.518 -27.969 -5.233 0.18476 0.94603 -0.15547 -0.21614 1 120.145 14.248 -9.818 0.44911 -0.78663 0.41363 -0.09175 2 81.176 -8.264 -9.587 0.59804 0.09705 -0.21604 0.76567 3 
86.551 -28.012 -5.236 0.1848 0.94625 -0.15356 -0.21653 1 120.109 14.225 -9.811 0.4491 -0.78664 0.41339 -0.09279 2 81.233 -8.268 -9.543 0.59966 0.09733 -0.21666 0.76419 3 
86.6 -28.023 -5.268 0.18579 0.94606 -0.15532 -0.21525 1 120.09 14.259 -9.804 0.45001 -0.78611 0.4133 -0.09332 2 81.332 -8.324 -9.638 0.59833 0.09543 -0.21663 0.76548 3 
86.62 -28.083 -5.351 0.18629 0.9467 -0.1531 -0.21358 1 120.075 14.233 -9.809 0.44957 -0.78644 0.41313 -0.0934 2 81.395 -8.332 -9.674 0.6002 0.09415 -0.21528 0.76456 3 
86.609 -28.103 -5.45 0.18694 0.94724 -0.15064 -0.21237 1 120.018 14.251 -9.818 0.44991 -0.78647 0.41247 -0.09441 2 81.44 -8.308 -9.711 0.60245 0.09306 -0.21433 0.76319 3 
86.528 -28.132 -5.538 0.18934 0.94773 -0.148 -0.20988 1 119.951 14.186 -9.81 0.44962 -0.78645 0.41267 -0.09512 2 81.524 -8.28 -9.761 0.60476 0.08933 -0.2136 0.76201 3 
86.402 -28.359 -5.663 0.19092 0.94923 -0.13968 -0.20738 1 119.858 14.145 -9.782 0.44829 -0.78695 0.41303 -0.0957 2 81.597 -8.314 -9.737 0.61113 0.08681 -0.21243 0.75754 3 
86.248 -28.971 -5.845 0.18653 0.95484 -0.10573 -0.20567 1 119.711 14.129 -9.767 0.44599 -0.78783 0.41354 -0.09693 2 81.44 -8.279 -9.177 0.63602 0.09181 -0.20548 0.73812 3 
85.933 -29.906 -6.038 0.17964 0.96042 -0.03819 -0.20943 1 119.453 14.094 -9.799 0.44468 -0.78844 0.41328 -0.09911 2 81.131 -8.15 -7.774 0.6848 0.10625 -0.20017 0.69259 3 
85.173 -30.864 -6.161 0.17046 0.95857 0.05902 -0.22045 1 119.117 14.077 -9.715 0.44392 -0.78807 0.41361 -0.10396 2 80.537 -8.32 -5.463 0.74914 0.12736 -0.20183 0.61793 3 
83.516 -32.159 -6.278 0.14932 0.94148 0.18955 -0.23534 1 118.796 13.997 -9.707 0.44376 -0.78721 0.41396 -0.10963 2 79.075 -10.1 -2.123 0.82562 0.15493 -0.2048 0.5024 3 
80.941 -33.642 -6.227 0.13052 0.90881 0.3104 -0.24632 1 118.597 13.89 -9.67 0.43889 -0.78837 0.41546 -0.11503 2 77.09 -13.61 1.081 0.88557 0.16961 -0.20898 0.37859 3 
77.79 -34.391 -5.721 0.11692 0.88099 0.37245 -0.26733 1 118.484 13.718 -9.639 0.42971 -0.7909 0.41833 -0.12175 2 74.75 -15.969 3.212 0.90558 0.18525 -0.22609 0.3074 3 
74.039 -34.549 -5.176 0.11063 0.84854 0.43176 -0.28516 1 118.437 13.458 -9.553 0.41775 -0.7938 0.42227 -0.13059 2 72.379 -18.103 5.296 0.91968 0.19154 -0.24923 0.23536 3 
69.511 -34.2 -4.937 0.10656 0.7984 0.51829 -0.28737 1 118.543 13.126 -9.502 0.40037 -0.79771 0.42855 -0.14035 2 69.458 -21.396 7.429 0.93983 0.17739 -0.26244 0.12797 3 
64.762 -33.405 -5.156 0.09765 0.75107 0.59153 -0.27648 1 118.895 12.716 -9.398 0.37469 -0.80415 0.43565 -0.1522 2 65.547 -24.552 8.512 0.95165 0.1571 -0.26239 0.02875 3 
60.369 -32.382 -5.623 0.08071 0.7265 0.62814 -0.26669 1 119.349 12.182 -9.254 0.344 -0.81144 0.44303 -0.16415 2 60.97 -25.765 8.614 0.95516 0.15129 -0.25344 -0.02356 3 
56.682 -31.275 -6.158 0.06824 0.71689 0.64461 -0.25669 1 119.712 11.566 -9.116 0.31927 -0.81683 0.44779 -0.17419 2 56.987 -25.688 8.32 0.95635 0.14843 -0.24718 -0.04756 3 
54.033 -30.255 -6.986 0.0534 0.70732 0.66263 -0.24035 1 119.966 10.877 -8.954 0.29486 -0.82406 0.44966 -0.17828 2 53.806 -25.698 7.549 0.95839 0.14132 -0.23775 -0.07063 3 
52.581 -29.631 -7.619 0.03125 0.69504 0.67752 -0.23858 1 120.165 10.233 -8.819 0.27163 -0.83166 0.44966 -0.17992 2 51.094 -26.232 7.162 0.9619 0.1434 -0.21291 -0.09404 3 
51.453 -29.346 -7.624 0.01796 0.67643 0.69253 -0.25004 1 120.181 9.731 -8.69 0.25652 -0.83506 0.45057 -0.18401 2 50.675 -27.836 7.15 0.95077 0.16395 -0.22508 -0.13597 3 
50.768 -29.168 -7.657 0.00282 0.67688 0.69321 -0.24755 1 119.867 9.419 -8.663 0.25276 -0.8351 0.45096 -0.18801 2 48.73 -28.227 7.309 0.95433 0.16935 -0.19873 -0.1452 3 
50.381 -28.783 -7.552 -0.00203 0.6907 0.68131 -0.24237 1 119.472 9.209 -8.667 0.25565 -0.83258 0.45283 -0.19078 2 47.432 -27.035 7.547 0.95948 0.17219 -0.18487 -0.12478 3 
50.206 -28.55 -7.577 -0.00412 0.69175 0.6815 -0.2388 1 119.31 9.126 -8.663 0.25659 -0.83214 0.45298 -0.19107 2 46.732 -26.647 7.625 0.96287 0.16701 -0.17576 -0.11875 3 
50.178 -28.591 -7.607 -0.00412 0.69067 0.68434 -0.23375 1 119.462 9.062 -8.711 0.25299 -0.83382 0.4534 -0.18753 2 46.578 -26.749 7.623 0.96382 0.16324 -0.1732 -0.11999 3 
50.252 -28.581 -7.605 -0.00394 0.69227 0.68614 -0.22352 1 119.746 9.047 -8.7 0.25476 -0.83403 0.45295 -0.18528 2 46.537 -26.786 7.629 0.96393 0.16294 -0.17265 -0.12037 3 
50.83 -29.056 -7.588 0.0107 0.70995 0.67506 -0.20037 1 120.204 9.045 -8.7 0.2582 -0.83517 0.45099 -0.18007 2 46.515 -26.796 7.639 0.96398 0.16289 -0.17232 -0.12049 3 
53.851 -30.344 -7.182 0.03608 0.6854 0.68571 -0.24231 1 120.886 9.009 -8.678 0.26 -0.83759 0.44788 -0.17391 2 46.516 -26.796 7.637 0.96397 0.16288 -0.17234 -0.12051 3 
59.726 -31.99 -6.29 0.09948 0.66766 0.67627 -0.29495 1 121.379 9.047 -8.782 0.26943 -0.83775 0.44396 -0.16876 2 46.513 -26.795 7.639 0.96398 0.1629 -0.17232 -0.1205 3 
67.196 -33.307 -5.715 0.17686 0.65059 0.67043 -0.30979 1 121.595 9.14 -8.92 0.29132 -0.83282 0.44034 -0.16626 2 46.513 -26.797 7.638 0.96398 0.16288 -0.17229 -0.12052 3 
75.2 -34.788 -5.962 0.22059 0.65328 0.66317 -0.29116 1 121.549 9.392 -9.023 0.32034 -0.82692 0.43223 -0.16359 2 46.514 -26.796 7.64 0.96398 0.16288 -0.1723 -0.1205 3 
83.721 -35.703 -6.731 0.25304 0.70034 0.6259 -0.23182 1 121.393 9.732 -9.137 0.34596 -0.82172 0.42483 -0.15689 2 46.511 -26.796 7.64 0.96399 0.16288 -0.17227 -0.12051 3 
91.928 -35.821 -8.086 0.29513 0.76341 0.56774 -0.08815 1 121.213 10.123 -9.199 0.36881 -0.81607 0.41857 -0.15103 2 46.513 -26.797 7.639 0.96398 0.16287 -0.17229 -0.12052 3 
99.97 -35.82 -9.742 0.33212 0.80764 0.47658 0.10141 1 121.119 10.468 -9.239 0.38858 -0.81091 0.41347 -0.1431 2 46.512 -26.797 7.639 0.96398 0.16289 -0.17228 -0.12052 3 
106.976 -36.203 -10.801 0.42374 0.8078 0.30771 0.2706 1 121.069 10.794 -9.34 0.40341 -0.80726 0.40958 -0.13354 2 46.513 -26.797 7.639 0.96398 0.1629 -0.17228 -0.12051 3 
113.134 -35.096 -11.159 0.52788 0.73853 0.24498 0.34044 1 121.132 11.069 -9.422 0.41537 -0.80464 0.4054 -0.12521 2 46.512 -26.797 7.64 0.96398 0.16289 -0.17228 -0.12051 3 
117.502 -30.753 -11.854 0.49784 0.70956 0.3839 0.31828 1 121.022 11.218 -9.514 0.43618 -0.79652 0.402 -0.11704 2 46.511 -26.798 7.64 0.96399 0.16288 -0.17225 -0.12052 3 
119.032 -29.332 -12.382 0.47143 0.71072 0.44962 0.26546 1 121.135 11.301 -9.601 0.44253 -0.793 0.40491 -0.10661 2 46.513 -26.797 7.64 0.96398 0.16288 -0.17228 -0.1205 3 
119.631 -29.534 -12.298 0.47325 0.71453 0.44226 0.26438 1 121.3 11.335 -9.62 0.45178 -0.78909 0.40282 -0.10467 2 46.511 -26.797 7.639 0.96399 0.16289 -0.17226 -0.12051 3 
119.895 -30.165 -12.414 0.48717 0.70902 0.42957 0.27462 1 122.064 11.494 -9.491 0.45275 -0.78903 0.40051 -0.10972 2 46.512 -26.798 7.639 0.96399 0.16287 -0.17227 -0.12053 3 
118.179 -32.558 -12.043 0.51225 0.69305 0.33682 0.37925 1 123.183 12.558 -8.82 0.44356 -0.80993 0.35081 -0.15556 2 46.512 -26.797 7.639 0.96399 0.16288 -0.17227 -0.1205 3 
114.304 -34.685 -12.394 0.3836 0.69312 0.251 0.55627 1 123.079 16.116 -8.314 0.37845 -0.86353 0.29657 -0.15213 2 46.511 -26.797 7.639 0.96399 0.16288 -0.17226 -0.12051 3 
111.545 -30.492 -12.024 0.29589 0.71005 0.45921 0.44431 1 122.379 22.601 -8.439 0.19209 -0.9292 0.29982 -0.099 2 46.512 -26.798 7.638 0.96398 0.16287 -0.17229 -0.12053 3 
109.075 -19.312 -10.63 0.28033 0.63067 0.67638 0.25726 1 119.452 28.748 -8.222 -0.01717 -0.93371 0.35337 -0.05493 2 46.51 -26.798 7.639 0.96399 0.16286 -0.17226 -0.12052 3 
106.006 -5.181 -8.712 0.42368 0.50012 0.68605 0.31577 1 115.677 35.177 -8.007 -0.11248 -0.90156 0.41758 -0.01276 2 46.512 -26.798 7.639 0.96399 0.16289 -0.17226 -0.12051 3 
104.21 8.684 -7.578 0.46543 0.5043 0.62211 0.37688 1 111.755 41.43 -8.047 -0.16337 -0.88438 0.43692 -0.01672 2 46.509 -26.798 7.639 0.96399 0.16288 -0.17224 -0.12053 3 
100.164 19.521 -7.003 0.44662 0.62079 0.55537 0.32667 1 107.941 46.924 -8.302 -0.2215 -0.87657 0.42134 -0.07089 2 46.515 -26.795 7.638 0.96398 0.16292 -0.1723 -0.12049 3 
94.072 28.456 -8 0.37621 0.71144 0.48974 0.33536 1 105.193 51.256 -8.923 -0.26558 -0.84818 0.45107 -0.08124 2 46.51 -26.799 7.641 0.96399 0.16288 -0.17225 -0.12051 3 
88.839 34.815 -9.861 0.29793 0.76162 0.44632 0.36328 1 102.328 54.173 -9.533 -0.26394 -0.84129 0.45733 -0.11582 2 46.509 -26.799 7.64 0.96399 0.16287 -0.17224 -0.12052 3 
85.149 38.392 -11.92 0.22067 0.75004 0.45696 0.42418 1 100.044 56.243 -10.261 -0.25619 -0.83458 0.46674 -0.14141 2 46.512 -26.799 7.639 0.96399 0.16288 -0.17226 -0.12051 3 
83.419 39.683 -13.117 0.19517 0.73907 0.45318 0.45859 1 98.121 57.562 -11.11 -0.24285 -0.82676 0.48093 -0.16184 2 46.51 -26.799 7.64 0.96399 0.16288 -0.17225 -0.12051 3 
82.387 40.285 -13.785 0.18641 0.73154 0.43505 0.49074 1 96.732 58.31 -11.493 -0.2362 -0.82452 0.48124 -0.18105 2 46.511 -26.798 7.639 0.96399 0.16289 -0.17225 -0.12051 3 
81.725 40.663 -14.124 0.18031 0.72961 0.42553 0.50407 1 95.813 58.902 -11.637 -0.23244 -0.82094 0.48774 -0.18476 2 46.511 -26.798 7.64 0.96399 0.16289 -0.17226 -0.1205 3 
81.514 41.022 -14.237 0.16916 0.72522 0.4149 0.52278 1 94.866 59.417 -12.267 -0.23719 -0.81988 0.48527 -0.18987 2 46.51 -26.798 7.64 0.96399 0.16289 -0.17223 -0.12051 3 
81.505 41.257 -14.379 0.16473 0.72785 0.41084 0.52374 1 93.895 60.032 -12.625 -0.23914 -0.81937 0.47871 -0.20563 2 46.511 -26.799 7.64 0.96399 0.16288 -0.17226 -0.1205 3 
