117.569 -29.202 -13.43 0.45867 0.70558 0.47546 0.25635 1 114.943 11.673 -9.556 0.51173 -0.76072 0.36599 -0.15969 2 61.874 -40.437 -4.703 0.96898 0.22425 -0.06481 -0.0812 3 
117.491 -29.179 -13.439 0.45922 0.70409 0.47633 0.25784 1 114.999 11.656 -9.535 0.50989 -0.7626 0.36438 -0.16025 2 61.877 -40.432 -4.7 0.96898 0.22426 -0.06482 -0.08118 3 
117.232 -29.259 -13.459 0.46316 0.70043 0.47587 0.26159 1 115.23 11.645 -9.51 0.50575 -0.76472 0.36633 -0.15879 2 61.873 -40.44 -4.702 0.96899 0.22421 -0.06482 -0.08119 3 
116.989 -29.308 -13.461 0.46797 0.69534 0.47564 0.26697 1 115.433 11.746 -9.463 0.49818 -0.76943 0.36759 -0.15708 2 61.871 -40.442 -4.705 0.96898 0.22424 -0.06481 -0.08121 3 
117.031 -29.286 -13.464 0.46767 0.69363 0.4772 0.26914 1 115.209 11.741 -9.466 0.49618 -0.77116 0.36721 -0.1558 2 61.875 -40.435 -4.704 0.96897 0.22427 -0.06482 -0.08118 3 
117.367 -29.192 -13.496 0.45961 0.69779 0.48146 0.26466 1 114.709 11.658 -9.511 0.50481 -0.76493 0.36699 -0.15928 2 61.875 -40.44 -4.704 0.96899 0.22421 -0.06484 -0.08119 3 
117.541 -29.048 -13.482 0.45392 0.70169 0.48375 0.25995 1 114.365 11.681 -9.495 0.51047 -0.75902 0.36837 -0.16621 2 61.874 -40.439 -4.701 0.96899 0.22421 -0.06481 -0.0812 3 
117.575 -28.962 -13.487 0.45156 0.70219 0.48603 0.25848 1 114.179 11.758 -9.537 0.5117 -0.75575 0.37131 -0.1707 2 61.879 -40.43 -4.699 0.96898 0.22427 -0.06484 -0.08117 3 
117.611 -29.272 -13.39 0.44647 0.70892 0.47857 0.2628 1 114.029 11.815 -9.585 0.51212 -0.75215 0.37683 -0.17321 2 61.88 -40.43 -4.698 0.96897 0.22432 -0.06481 -0.08116 3 
117.765 -31.033 -13.226 0.41971 0.74363 0.44971 0.26196 1 113.817 11.901 -9.586 0.51014 -0.74965 0.38071 -0.18122 2 61.875 -40.435 -4.702 0.96898 0.22424 -0.06483 -0.08119 3 
118.081 -35.133 -12.859 0.31899 0.82526 0.42037 0.2012 1 113.431 11.881 -9.607 0.51519 -0.74496 0.37923 -0.18921 2 61.875 -40.434 -4.703 0.96898 0.22426 -0.06483 -0.0812 3 
117.986 -39.739 -12.057 0.16884 0.8854 0.42774 0.06781 1 113.116 11.903 -9.572 0.5168 -0.74234 0.37931 -0.19485 2 61.872 -40.44 -4.705 0.96897 0.22427 -0.06477 -0.08122 3 
115.24 -44.367 -10.476 0.08006 0.88643 0.44773 -0.08585 1 113.036 11.954 -9.548 0.51636 -0.74209 0.37717 -0.20106 2 61.879 -40.431 -4.701 0.96898 0.22425 -0.06482 -0.08119 3 
108.866 -48.431 -8.877 0.07744 0.84359 0.48944 -0.2069 1 113.229 12.003 -9.5 0.51395 -0.74329 0.37553 -0.20581 2 61.876 -40.431 -4.704 0.96898 0.22426 -0.06485 -0.08117 3 
100.6 -49.722 -8.27 0.09577 0.81399 0.52319 -0.23351 1 113.827 11.875 -9.437 0.50015 -0.75031 0.37636 -0.21269 2 61.867 -40.441 -4.707 0.96898 0.22424 -0.06477 -0.08123 3 
92.052 -49.263 -8.827 0.07942 0.80061 0.55629 -0.20796 1 114.631 11.659 -9.337 0.48104 -0.75793 0.37872 -0.22517 2 61.859 -40.445 -4.703 0.96901 0.22415 -0.06469 -0.08122 3 
84.981 -48.563 -10.318 0.0436 0.80209 0.57426 -0.15803 1 115.429 11.227 -9.245 0.46203 -0.76415 0.38012 -0.24108 2 61.848 -40.461 -4.708 0.96902 0.22408 -0.06465 -0.08127 3 
80.005 -48.09 -12.194 0.01339 0.80346 0.58343 -0.11783 1 116.253 10.759 -9.154 0.43821 -0.77029 0.38388 -0.25935 2 61.842 -40.464 -4.71 0.96903 0.22407 -0.06459 -0.08131 3 
76.583 -47.469 -14.011 -0.00635 0.80521 0.58662 -0.08644 1 116.967 10.137 -9.086 0.41396 -0.77405 0.38884 -0.27979 2 61.842 -40.466 -4.709 0.96903 0.22407 -0.06458 -0.08129 3 
74.198 -46.603 -15.499 -0.02877 0.80256 0.59081 -0.07755 1 117.361 9.408 -9.07 0.39463 -0.77591 0.39062 -0.29941 2 61.84 -40.476 -4.715 0.96902 0.22407 -0.06456 -0.08134 3 
72.609 -45.549 -16.353 -0.05157 0.79237 0.59945 -0.1007 1 117.554 8.596 -9.092 0.38052 -0.77643 0.39424 -0.31134 2 61.83 -40.479 -4.713 0.96904 0.22401 -0.06447 -0.08137 3 
71.39 -44.619 -16.967 -0.06682 0.78246 0.60745 -0.11956 1 117.656 7.905 -9.091 0.36837 -0.776 0.39933 -0.32041 2 61.83 -40.488 -4.716 0.96903 0.22406 -0.06444 -0.08139 3 
70.803 -44.367 -17.427 -0.09148 0.76626 0.61861 -0.14767 1 117.722 7.264 -9.202 0.3593 -0.77575 0.40367 -0.32583 2 61.814 -40.495 -4.713 0.96907 0.22392 -0.06432 -0.08139 3 
70.274 -44.425 -17.587 -0.09266 0.75413 0.62669 -0.17313 1 117.834 6.697 -9.227 0.35151 -0.77675 0.40645 -0.32847 2 61.313 -40.699 -4.708 0.9695 0.22337 -0.05688 -0.08335 3 
69.974 -44.522 -17.551 -0.0878 0.74711 0.63474 -0.17672 1 118.033 6.328 -9.174 0.34474 -0.77983 0.40747 -0.32709 2 61.184 -40.751 -4.713 0.97052 0.21873 -0.05756 -0.08324 3 
69.88 -44.284 -17.484 -0.09013 0.74355 0.63686 -0.18283 1 118.316 6.145 -9.183 0.34245 -0.78258 0.40674 -0.32382 2 61.243 -40.723 -4.702 0.97026 0.21984 -0.05805 -0.08308 3 
70.092 -43.88 -17.158 -0.09882 0.75327 0.62071 -0.19377 1 118.818 6.068 -9.106 0.33781 -0.78722 0.4056 -0.31884 2 61.151 -40.225 -4.557 0.96752 0.23542 -0.0509 -0.07675 3 
70.89 -43.353 -16.137 -0.07295 0.77113 0.59799 -0.20603 1 119.42 6.279 -9.016 0.3329 -0.79367 0.40219 -0.31226 2 62.587 -38.075 -3.568 0.96935 0.23181 -0.06905 -0.04312 3 
72.099 -42.471 -14.282 -0.023 0.77594 0.58833 -0.22638 1 119.9 6.594 -8.932 0.33519 -0.79887 0.40126 -0.29739 2 65.589 -36.148 -1.656 0.97132 0.21051 -0.10739 -0.02637 3 
73.741 -41.2 -12.311 0.03066 0.78797 0.56713 -0.23776 1 120.107 7.173 -8.96 0.34628 -0.80271 0.398 -0.2781 2 68.987 -33.128 0.163 0.97195 0.18503 -0.1448 0.01056 3 
75.78 -39.532 -10.718 0.07504 0.81787 0.52287 -0.22817 1 120.183 7.849 -9.014 0.36152 -0.80396 0.39575 -0.25755 2 71.821 -28.592 1.071 0.97039 0.15816 -0.1626 0.08302 3 
77.836 -37.569 -9.841 0.10985 0.85708 0.45801 -0.20872 1 120.03 8.531 -9.065 0.38005 -0.80323 0.3902 -0.24109 2 74.031 -23.335 0.657 0.96069 0.13597 -0.16487 0.17721 3 
79.672 -35.569 -9.642 0.13715 0.897 0.38129 -0.17663 1 119.929 9.132 -9.078 0.39449 -0.80257 0.38594 -0.22649 2 75.68 -18.264 -0.972 0.94117 0.10891 -0.15243 0.28124 3 
81.16 -33.89 -10 0.15699 0.92762 0.30641 -0.14486 1 119.925 9.738 -9.137 0.40409 -0.80284 0.3816 -0.21572 2 77.151 -14.482 -3.218 0.91421 0.08232 -0.13733 0.37226 3 
82.301 -32.855 -10.563 0.17431 0.94488 0.25338 -0.11232 1 120.026 10.261 -9.127 0.4094 -0.80355 0.37843 -0.20855 2 78.601 -12.341 -5.216 0.89185 0.05194 -0.12185 0.4325 3 
83.063 -32.395 -11.106 0.18034 0.95382 0.22601 -0.08136 1 120.159 10.749 -9.11 0.41086 -0.80459 0.37718 -0.20386 2 79.389 -11.428 -6.526 0.88015 0.02876 -0.10043 0.46306 3 
83.672 -32.233 -11.576 0.17768 0.95947 0.20977 -0.06197 1 120.215 11.113 -9.116 0.41219 -0.8051 0.37651 -0.20039 2 79.792 -11.065 -7.446 0.87273 0.01868 -0.08385 0.48059 3 
84.056 -32.107 -11.844 0.17247 0.96476 0.19279 -0.04817 1 120.19 11.435 -9.092 0.41476 -0.80413 0.37573 -0.20043 2 79.902 -10.795 -8.172 0.86407 0.01337 -0.06903 0.49843 3 
84.398 -31.763 -11.853 0.16519 0.97228 0.1596 -0.04384 1 120.188 11.641 -9.101 0.41684 -0.80292 0.37587 -0.20073 2 79.982 -10.34 -8.986 0.84598 0.01433 -0.06093 0.52953 3 
84.638 -31.474 -11.665 0.1679 0.97824 0.11292 -0.04583 1 120.194 11.813 -9.125 0.41884 -0.80192 0.37638 -0.19957 2 80.544 -9.922 -9.924 0.81662 0.00988 -0.06433 0.57349 3 
84.789 -31.346 -11.346 0.16675 0.9817 0.07589 -0.05194 1 120.215 11.995 -9.121 0.42044 -0.80095 0.37727 -0.19843 2 80.726 -9.873 -10.502 0.79177 0.01128 -0.06785 0.60693 3 
85.007 -31.121 -10.874 0.16063 0.98407 0.03948 -0.06516 1 120.279 12.153 -9.148 0.42289 -0.79952 0.37804 -0.19754 2 80.691 -9.889 -10.855 0.76701 0.02087 -0.07352 0.63706 3 
85.261 -30.75 -10.301 0.15714 0.984 0.0049 -0.08379 1 120.377 12.277 -9.197 0.4241 -0.79885 0.37922 -0.19535 2 80.732 -9.858 -11.077 0.73957 0.03031 -0.08424 0.66709 3 
85.421 -30.475 -9.59 0.15809 0.98193 -0.0198 -0.10214 1 120.456 12.391 -9.214 0.42552 -0.7979 0.38081 -0.19306 2 80.88 -9.852 -10.927 0.72036 0.0378 -0.09997 0.68531 3 
85.475 -30.22 -8.825 0.15955 0.97854 -0.05196 -0.11963 1 120.469 12.482 -9.24 0.42779 -0.79589 0.3833 -0.19143 2 80.87 -9.977 -10.929 0.69376 0.0439 -0.11458 0.70968 3 
85.471 -29.727 -8.086 0.16697 0.97153 -0.0976 -0.13686 1 120.386 12.505 -9.315 0.43109 -0.79324 0.38603 -0.18948 2 80.992 -10.216 -11.311 0.65312 0.0433 -0.13354 0.74413 3 
85.444 -29.19 -7.419 0.17706 0.96382 -0.12952 -0.15143 1 120.293 12.56 -9.354 0.43311 -0.79116 0.38941 -0.18664 2 81.199 -10.206 -11.386 0.62506 0.04262 -0.15304 0.76424 3 
85.414 -28.813 -6.814 0.17683 0.96055 -0.13498 -0.16692 1 120.25 12.628 -9.396 0.43259 -0.79074 0.39232 -0.18353 2 80.833 -9.858 -10.842 0.62034 0.05485 -0.16169 0.76552 3 
85.573 -28.177 -6.059 0.17748 0.95358 -0.15249 -0.18956 1 120.217 12.667 -9.434 0.43117 -0.79072 0.39497 -0.18124 2 80.596 -9.585 -10.438 0.603 0.06819 -0.17901 0.7744 3 
85.782 -27.533 -5.344 0.18055 0.94362 -0.18027 -0.21092 1 120.111 12.708 -9.451 0.43233 -0.78918 0.39705 -0.18064 2 80.467 -9.489 -10.274 0.57557 0.07799 -0.19785 0.78962 3 
85.957 -27.115 -4.818 0.18354 0.93417 -0.2069 -0.22547 1 119.981 12.778 -9.474 0.43404 -0.78769 0.39818 -0.18058 2 80.42 -9.682 -10.284 0.54988 0.08297 -0.21456 0.80294 3 
86.221 -26.743 -4.452 0.18805 0.92605 -0.22538 -0.23721 1 119.89 12.812 -9.49 0.43456 -0.78669 0.39961 -0.18053 2 80.565 -9.742 -10.29 0.53102 0.08588 -0.22882 0.81135 3 
86.402 -26.404 -4.241 0.19141 0.92181 -0.23065 -0.24582 1 119.83 12.835 -9.504 0.43675 -0.78505 0.40019 -0.18111 2 80.811 -9.475 -10.135 0.52547 0.08818 -0.24012 0.81145 3 
86.444 -26.246 -4.146 0.19085 0.92139 -0.22815 -0.25013 1 119.816 12.886 -9.498 0.43851 -0.78389 0.40047 -0.18125 2 80.811 -9.227 -9.959 0.52779 0.09176 -0.24328 0.8086 3 
86.521 -26.203 -4.09 0.18933 0.92063 -0.22984 -0.25253 1 119.911 12.972 -9.486 0.43807 -0.78433 0.39997 -0.18151 2 80.782 -9.233 -9.92 0.52616 0.09428 -0.2447 0.80894 3 
86.578 -26.199 -4.038 0.18613 0.92075 -0.2304 -0.25397 1 120.032 13.052 -9.496 0.43765 -0.78479 0.39941 -0.18176 2 80.657 -9.252 -9.867 0.52529 0.09743 -0.24334 0.80955 3 
86.632 -26.176 -4.013 0.1874 0.91961 -0.23244 -0.25528 1 120.09 13.063 -9.456 0.43777 -0.78505 0.39879 -0.18172 2 80.747 -9.262 -9.874 0.52337 0.09699 -0.24574 0.81012 3 
86.683 -26.113 -4.01 0.18958 0.91862 -0.23467 -0.2552 1 120.124 13.025 -9.469 0.43821 -0.78488 0.39865 -0.18172 2 80.891 -9.261 -9.933 0.52104 0.09479 -0.24776 0.81126 3 
86.656 -26.12 -4.008 0.18929 0.919 -0.23343 -0.25518 1 120.164 12.958 -9.471 0.43829 -0.785 0.39846 -0.18141 2 80.843 -9.242 -9.918 0.52199 0.09531 -0.24708 0.8108 3 
86.642 -26.149 -4.009 0.19025 0.91892 -0.23142 -0.25657 1 120.254 12.849 -9.459 0.43699 -0.78567 0.39887 -0.18073 2 80.899 -9.195 -9.863 0.5239 0.09541 -0.24922 0.80889 3 
86.614 -26.122 -4.046 0.19357 0.9185 -0.23001 -0.25686 1 120.309 12.76 -9.449 0.43642 -0.78622 0.39842 -0.1807 2 81.067 -9.105 -9.885 0.52547 0.09263 -0.25221 0.80727 3 
86.487 -26.16 -4.122 0.19485 0.91897 -0.22859 -0.25547 1 120.351 12.664 -9.477 0.43567 -0.78698 0.39789 -0.1804 2 81.062 -9.095 -9.922 0.5271 0.09034 -0.25189 0.80657 3 
86.327 -26.345 -4.199 0.19544 0.9215 -0.2209 -0.25265 1 120.4 12.53 -9.478 0.43426 -0.78783 0.39758 -0.18074 2 81.061 -9.092 -9.893 0.53416 0.08814 -0.25015 0.8027 3 
86.142 -26.844 -4.327 0.19856 0.9257 -0.20171 -0.25093 1 120.443 12.443 -9.457 0.43173 -0.78924 0.39725 -0.18136 2 81.278 -9.052 -9.665 0.55028 0.08555 -0.25022 0.792 3 
85.632 -28.057 -4.508 0.20354 0.93751 -0.14133 -0.24428 1 120.415 12.324 -9.411 0.42877 -0.7908 0.39631 -0.18365 2 81.729 -8.878 -8.757 0.59817 0.08105 -0.24796 0.75772 3 
84.607 -30.191 -4.988 0.2025 0.95097 -0.02517 -0.23243 1 120.296 12.076 -9.386 0.42687 -0.79196 0.39326 -0.18953 2 81.735 -9.024 -6.721 0.68577 0.0833 -0.23582 0.6835 3 
83.173 -32.861 -5.677 0.19747 0.94768 0.1191 -0.22075 1 120.163 11.764 -9.322 0.42258 -0.794 0.39026 -0.19669 2 81.447 -10.807 -4.017 0.78125 0.08654 -0.23308 0.57257 3 
81.119 -36.212 -6.811 0.17477 0.92093 0.28122 -0.20558 1 120.019 11.354 -9.194 0.41569 -0.79747 0.38502 -0.20738 2 79.839 -15.387 -1.202 0.8714 0.091 -0.22291 0.42743 3 
79.254 -39.771 -8.555 0.12569 0.87447 0.42305 -0.20133 1 119.856 10.701 -8.996 0.40172 -0.8028 0.38187 -0.21979 2 77.127 -22.565 0.5 0.93509 0.11238 -0.20392 0.26718 3 
77.582 -42.462 -10.101 0.08884 0.83048 0.51159 -0.20171 1 119.394 9.906 -8.935 0.38906 -0.8059 0.38013 -0.23378 2 74.755 -28.393 0.738 0.96064 0.12667 -0.18743 0.16123 3 
75.957 -44.002 -11.553 0.05919 0.78601 0.58215 -0.19945 1 118.684 8.945 -8.841 0.38527 -0.80427 0.37831 -0.24819 2 72.63 -33.24 0.491 0.97373 0.13352 -0.17195 0.06675 3 
74.313 -44.802 -13.006 0.02989 0.74812 0.63264 -0.19798 1 118.245 8.028 -8.832 0.37741 -0.80453 0.37852 -0.25886 2 70.409 -37.018 -0.315 0.97756 0.14079 -0.15645 -0.00858 3 
72.763 -45.184 -14.292 0.00538 0.72907 0.65697 -0.1919 1 118.079 7.193 -8.705 0.3617 -0.80861 0.37876 -0.26807 2 68.165 -38.922 -1.436 0.97814 0.14682 -0.13999 -0.04574 3 
71.592 -45.2 -15.443 -0.01906 0.72144 0.66871 -0.17888 1 117.962 6.514 -8.583 0.34727 -0.81245 0.37696 -0.2779 2 65.895 -39.804 -2.594 0.97953 0.15106 -0.11607 -0.06496 3 
70.758 -45.085 -16.36 -0.03669 0.72397 0.66803 -0.1681 1 117.755 5.923 -8.553 0.33415 -0.81565 0.37591 -0.28591 2 64.181 -39.794 -3.568 0.98048 0.15699 -0.09792 -0.06659 3 
70.342 -45.09 -16.992 -0.05204 0.72006 0.67194 -0.16525 1 117.428 5.466 -8.462 0.3261 -0.81651 0.37535 -0.29339 2 63.207 -40.347 -4.211 0.97952 0.16491 -0.08627 -0.07677 3 
70.159 -45.375 -17.509 -0.0693 0.71903 0.67222 -0.1622 1 117.028 5.172 -8.424 0.32337 -0.81525 0.37522 -0.30001 2 62.233 -40.896 -4.739 0.97906 0.1739 -0.06999 -0.07937 3 
69.903 -45.503 -17.489 -0.07694 0.72121 0.66839 -0.16492 1 116.601 5.015 -8.426 0.32207 -0.81407 0.37606 -0.30354 2 61.804 -41.101 -4.756 0.97759 0.1832 -0.06752 -0.07875 3 
69.818 -45.585 -17.501 -0.07551 0.72306 0.66743 -0.16131 1 116.16 4.988 -8.474 0.32565 -0.81186 0.37517 -0.30673 2 61.733 -41.186 -4.778 0.9776 0.18312 -0.06704 -0.07921 3 
69.834 -45.559 -17.465 -0.07824 0.72531 0.66568 -0.15707 1 115.887 5.08 -8.454 0.32986 -0.81027 0.37421 -0.3076 2 61.684 -41.224 -4.792 0.97727 0.18497 -0.06633 -0.07962 3 
70.159 -45.692 -17.336 -0.07739 0.73001 0.66672 -0.1288 1 115.754 5.276 -8.496 0.33745 -0.80888 0.37252 -0.30506 2 61.702 -41.247 -4.801 0.97726 0.18494 -0.06641 -0.07964 3 
72.763 -46.945 -16.619 -0.07235 0.73111 0.66344 -0.14171 1 115.764 5.537 -8.497 0.34778 -0.80739 0.36966 -0.30087 2 61.716 -41.206 -4.786 0.97731 0.18478 -0.06638 -0.07948 3 
79.567 -48.504 -14.95 -0.03008 0.72221 0.65901 -0.20789 1 115.892 5.878 -8.588 0.35655 -0.80482 0.3738 -0.29223 2 61.751 -41.179 -4.779 0.97728 0.18494 -0.06665 -0.07931 3 
88.736 -49.165 -13.488 0.05982 0.756 0.61896 -0.20439 1 115.732 6.32 -8.736 0.37795 -0.79706 0.37236 -0.28842 2 61.747 -41.187 -4.784 0.97726 0.18497 -0.06671 -0.07938 3 
97.784 -47.003 -12.624 0.18372 0.82371 0.53503 -0.03864 1 115.703 6.773 -8.797 0.39939 -0.78902 0.36794 -0.28732 2 61.786 -41.138 -4.762 0.97725 0.185 -0.06701 -0.07917 3 
105.967 -42.791 -12.751 0.27042 0.79974 0.47444 0.2494 1 116.132 7.184 -8.914 0.4147 -0.7856 0.36498 -0.27865 2 61.829 -41.084 -4.753 0.97723 0.18509 -0.06734 -0.07893 3 
112.637 -36.999 -12.765 0.37449 0.73253 0.41532 0.38816 1 116.717 7.379 -9.039 0.4234 -0.78662 0.36964 -0.2556 2 61.81 -41.104 -4.759 0.97725 0.18504 -0.0672 -0.07896 3 
114.233 -33.004 -12.613 0.43323 0.69434 0.4305 0.38062 1 117.337 7.764 -9.151 0.43352 -0.78688 0.37303 -0.23178 2 61.802 -41.115 -4.763 0.97723 0.18508 -0.0671 -0.07909 3 
113.699 -32.443 -12.648 0.45869 0.66987 0.41611 0.40955 1 118.418 8.707 -8.967 0.42561 -0.7977 0.36605 -0.22031 2 61.856 -41.058 -4.748 0.97718 0.18529 -0.06757 -0.07887 3 
112.976 -31.724 -12.559 0.46286 0.64495 0.40474 0.45385 1 119.198 10.271 -8.511 0.41943 -0.81331 0.33625 -0.22259 2 61.854 -41.059 -4.75 0.97719 0.18523 -0.0676 -0.07885 3 
110.649 -32.068 -12.491 0.38091 0.65561 0.39097 0.52176 1 119.849 13.89 -7.822 0.38403 -0.85569 0.28382 -0.19939 2 61.829 -41.079 -4.753 0.97722 0.18511 -0.06735 -0.07892 3 
109.108 -28.691 -12.162 0.30795 0.68784 0.54665 0.36498 1 120.167 20.604 -7.671 0.20097 -0.92754 0.28869 -0.12622 2 61.852 -41.06 -4.75 0.9772 0.18524 -0.06748 -0.07888 3 
106.47 -19.174 -11.134 0.30091 0.63629 0.67301 0.22726 1 118.526 27.921 -7.395 -0.03995 -0.94241 0.33161 -0.01727 2 61.843 -41.066 -4.752 0.9772 0.18518 -0.06751 -0.07888 3 
102.751 -6.534 -9.771 0.39104 0.61811 0.61901 0.28609 1 115.048 34.863 -7.015 -0.16507 -0.90725 0.38615 -0.02321 2 61.839 -41.069 -4.754 0.9772 0.18521 -0.06747 -0.07893 3 
101.053 6.855 -8.7 0.47347 0.62678 0.52588 0.32623 1 111.698 40.825 -7.444 -0.19468 -0.90191 0.38219 -0.05091 2 61.849 -41.052 -4.745 0.97719 0.18525 -0.06751 -0.07886 3 
98.903 18.878 -8.293 0.4794 0.65883 0.47457 0.33301 1 108.535 46.46 -8.09 -0.23433 -0.88123 0.39902 -0.09643 2 61.857 -41.023 -4.733 0.9772 0.18522 -0.06762 -0.0787 3 
93.794 27.697 -8.563 0.43452 0.73794 0.42257 0.29678 1 105.171 50.503 -8.623 -0.24396 -0.87721 0.40341 -0.09085 2 61.862 -41.016 -4.737 0.9772 0.18525 -0.06771 -0.07866 3 
87.277 33.087 -9.846 0.36239 0.80716 0.36302 0.29221 1 101.547 52.918 -9.285 -0.22644 -0.8762 0.3969 -0.15323 2 61.854 -41.027 -4.741 0.97719 0.18525 -0.06767 -0.07873 3 
83.577 36.224 -11.371 0.34266 0.81839 0.29677 0.35319 1 99.259 54.613 -10.045 -0.22328 -0.87559 0.38902 -0.1793 2 61.853 -41.023 -4.74 0.97719 0.18524 -0.06769 -0.07874 3 
82.301 37.851 -12.228 0.33675 0.80843 0.27212 0.39873 1 97.759 56.069 -10.657 -0.21816 -0.86614 0.40716 -0.19085 2 61.863 -41.011 -4.733 0.9772 0.18524 -0.06775 -0.07864 3 
81.553 38.852 -12.846 0.32814 0.80051 0.262 0.42762 1 96.376 56.92 -11.041 -0.20823 -0.86475 0.40905 -0.2038 2 61.864 -41.014 -4.734 0.9772 0.18524 -0.0677 -0.07865 3 
81.29 39.46 -13.018 0.31999 0.80157 0.25463 0.43619 1 95.616 57.548 -11.503 -0.21205 -0.86655 0.39514 -0.21905 2 61.861 -41.016 -4.738 0.97719 0.18525 -0.06775 -0.07866 3 
81.096 40.549 -13.281 0.31078 0.80074 0.23452 0.45523 1 95.073 58.1 -11.638 -0.2132 -0.86367 0.39244 -0.23369 2 61.865 -41.006 -4.74 0.97718 0.18526 -0.0678 -0.0787 3 
80.862 40.771 -13.282 0.29254 0.79558 0.24405 0.47107 1 94.362 58.38 -12.334 -0.21474 -0.86041 0.38865 -0.25007 2 61.866 -41.011 -4.735 0.9772 0.18521 -0.06778 -0.07867 3 
