115.457 -27.868 -12.941 0.48484 0.69168 0.47224 0.25197 1 113.992 12.161 -9.618 0.52966 -0.7503 0.36165 -0.16038 2 57.264 -13.655 -3.025 0.98292 0.14279 -0.1082 -0.04217 3 
115.453 -27.952 -12.928 0.48488 0.69205 0.47226 0.25085 1 114.021 12.083 -9.634 0.52955 -0.75039 0.36176 -0.16007 2 57.257 -13.662 -3.026 0.98292 0.14277 -0.10817 -0.04223 3 
115.506 -28.016 -12.969 0.48467 0.69273 0.47244 0.24903 1 114.047 12.042 -9.644 0.52979 -0.75005 0.36214 -0.16003 2 57.254 -13.663 -3.026 0.98292 0.14277 -0.10815 -0.04224 3 
115.578 -28.035 -12.957 0.48431 0.69318 0.47283 0.24775 1 114.071 12.042 -9.63 0.53074 -0.74914 0.36226 -0.16084 2 57.258 -13.66 -3.026 0.98292 0.14276 -0.10816 -0.04223 3 
115.657 -28.02 -12.963 0.48405 0.69395 0.47254 0.24664 1 114.076 12.026 -9.635 0.53196 -0.74824 0.36216 -0.16123 2 57.261 -13.657 -3.026 0.98292 0.14277 -0.10819 -0.04221 3 
115.726 -28.02 -12.958 0.48315 0.6944 0.47291 0.24642 1 114.085 12.106 -9.632 0.53294 -0.74692 0.36316 -0.16187 2 57.263 -13.657 -3.026 0.98292 0.14278 -0.10819 -0.04221 3 
115.885 -29.623 -12.77 0.46974 0.7205 0.44456 0.2502 1 114.218 12.267 -9.596 0.52748 -0.74908 0.36433 -0.16708 2 57.27 -13.65 -3.024 0.98291 0.14282 -0.10819 -0.04217 3 
117.282 -33.322 -13.265 0.31592 0.80804 0.46051 0.18762 1 114.276 12.55 -9.663 0.51559 -0.75212 0.37359 -0.17004 2 57.268 -13.648 -3.025 0.98292 0.14278 -0.1082 -0.04215 3 
116.294 -36.071 -12.613 0.14135 0.85858 0.49268 -0.01114 1 113.891 12.7 -9.664 0.51935 -0.74756 0.37553 -0.17437 2 57.27 -13.651 -3.025 0.98291 0.14282 -0.1082 -0.04217 3 
111.155 -39.106 -10.262 0.08945 0.83159 0.50647 -0.20963 1 113.418 12.966 -9.727 0.52544 -0.74089 0.37759 -0.18005 2 57.285 -13.635 -3.022 0.98291 0.14283 -0.10827 -0.04206 3 
102.901 -40.881 -7.425 0.12122 0.79752 0.50224 -0.31149 1 113.097 13.219 -9.725 0.53037 -0.73541 0.37976 -0.18345 2 57.281 -13.634 -3.023 0.98292 0.14277 -0.10826 -0.04208 3 
92.455 -39.659 -6.627 0.14161 0.77171 0.54247 -0.30022 1 112.955 13.56 -9.791 0.53168 -0.73462 0.37973 -0.18293 2 57.272 -13.645 -3.024 0.98291 0.14281 -0.10821 -0.04213 3 
82.526 -35.557 -7.934 0.12628 0.7759 0.58116 -0.21043 1 113.135 13.928 -9.819 0.52112 -0.73955 0.38503 -0.18235 2 57.273 -13.637 -3.025 0.98293 0.14273 -0.10824 -0.04208 3 
75.286 -30.46 -10.108 0.10564 0.80544 0.57398 -0.10324 1 113.537 14.124 -9.727 0.50239 -0.74771 0.39133 -0.18816 2 57.273 -13.637 -3.024 0.98294 0.14265 -0.10824 -0.04208 3 
70.751 -26.076 -12.345 0.07638 0.8152 0.57404 -0.00989 1 114.119 14.359 -9.613 0.47834 -0.75653 0.39773 -0.20164 2 57.27 -13.646 -3.024 0.98292 0.14274 -0.1082 -0.04214 3 
67.883 -23.008 -13.303 0.0701 0.81468 0.57553 0.01228 1 114.761 14.363 -9.548 0.4495 -0.76681 0.40472 -0.21484 2 57.274 -13.646 -3.024 0.98293 0.14273 -0.10821 -0.04213 3 
65.53 -20.74 -13.375 0.07527 0.82207 0.56435 -0.00681 1 114.998 14.255 -9.536 0.42576 -0.77393 0.41248 -0.22276 2 57.268 -13.648 -3.025 0.98293 0.14267 -0.10821 -0.04215 3 
64.239 -19.995 -13.807 0.05033 0.81791 0.57255 -0.02591 1 115.047 14.025 -9.548 0.41271 -0.77588 0.41939 -0.22758 2 57.254 -13.664 -3.027 0.98293 0.14274 -0.10811 -0.04224 3 
63.705 -19.845 -14.154 0.03747 0.8025 0.59382 -0.04433 1 115.071 13.748 -9.543 0.39809 -0.77933 0.4253 -0.23086 2 57.174 -13.67 -3.023 0.98306 0.14268 -0.107 -0.04235 3 
63.39 -19.457 -14.2 0.03244 0.78031 0.62127 -0.06391 1 115.065 13.49 -9.488 0.38825 -0.78311 0.42759 -0.23057 2 56.657 -13.661 -2.971 0.98304 0.14713 -0.10047 -0.04349 3 
63.129 -19.064 -14.071 0.0291 0.76674 0.63726 -0.07185 1 115.069 13.157 -9.462 0.3853 -0.78742 0.42472 -0.2261 2 56.246 -13.426 -2.917 0.9827 0.15289 -0.09624 -0.04074 3 
63.296 -18.985 -13.792 0.03399 0.77391 0.62668 -0.08479 1 115.207 12.887 -9.387 0.38276 -0.79314 0.41937 -0.22034 2 56.369 -13.074 -2.714 0.98302 0.15504 -0.09238 -0.03326 3 
63.853 -19.504 -12.515 0.08155 0.77149 0.61991 -0.11774 1 115.384 12.694 -9.357 0.37441 -0.79887 0.41733 -0.21784 2 59.205 -13.293 -1.206 0.98005 0.139 -0.13881 -0.03013 3 
64.991 -20.937 -10.673 0.11899 0.76042 0.61785 -0.16084 1 115.217 12.513 -9.408 0.38541 -0.79525 0.41573 -0.21496 2 62.547 -14.674 1.003 0.97334 0.13362 -0.18374 -0.03147 3 
67.242 -23.383 -9.183 0.15384 0.7877 0.57126 -0.17183 1 115.124 12.516 -9.429 0.39609 -0.79258 0.41375 -0.20915 2 65.679 -14.631 2.212 0.97163 0.12391 -0.19906 0.03083 3 
70.541 -25.87 -8.567 0.17005 0.83182 0.50234 -0.16377 1 115.128 12.636 -9.457 0.40872 -0.78957 0.4098 -0.20394 2 68.837 -13.566 1.75 0.96372 0.12258 -0.19858 0.12954 3 
74.505 -27.96 -8.809 0.17534 0.86433 0.45053 -0.13859 1 115.172 12.865 -9.456 0.42249 -0.78739 0.40217 -0.19946 2 72.028 -13.335 0.398 0.9566 0.11441 -0.17732 0.20094 3 
78.361 -29.212 -9.365 0.16322 0.89323 0.40098 -0.1213 1 115.275 13.148 -9.439 0.43652 -0.78351 0.39576 -0.19735 2 74.663 -12.91 -1.246 0.94481 0.12103 -0.15252 0.26349 3 
81.683 -29.875 -9.875 0.15408 0.91807 0.34974 -0.10528 1 115.318 13.435 -9.438 0.45291 -0.77882 0.38732 -0.19571 2 77.006 -12.203 -2.882 0.92862 0.12367 -0.13111 0.32431 3 
84.329 -29.974 -10.312 0.14258 0.93806 0.30209 -0.09192 1 115.465 13.712 -9.402 0.46639 -0.77501 0.38007 -0.19335 2 78.812 -11.439 -4.381 0.91042 0.12689 -0.11329 0.3771 3 
86.155 -29.793 -10.751 0.12696 0.95649 0.25114 -0.07707 1 115.768 14.055 -9.398 0.47602 -0.77251 0.37469 -0.19038 2 79.697 -10.631 -5.976 0.88799 0.13039 -0.09197 0.4313 3 
87.201 -29.541 -10.905 0.11509 0.97143 0.19649 -0.0668 1 116.216 14.342 -9.338 0.4798 -0.77231 0.37185 -0.18723 2 80.249 -9.915 -7.439 0.85895 0.12912 -0.08007 0.48901 3 
87.686 -29.389 -10.86 0.104 0.97969 0.1575 -0.06774 1 116.705 14.529 -9.393 0.48121 -0.77289 0.37109 -0.18266 2 80.333 -9.705 -8.195 0.83647 0.135 -0.07691 0.52552 3 
87.81 -29.354 -10.536 0.0995 0.98391 0.12686 -0.07695 1 117.181 14.729 -9.4 0.48126 -0.77419 0.37066 -0.17784 2 80.37 -9.678 -8.483 0.81806 0.14115 -0.08558 0.55093 3 
87.74 -29.231 -10.085 0.09608 0.98762 0.08822 -0.08708 1 117.63 14.848 -9.406 0.48122 -0.77497 0.37175 -0.17218 2 80.227 -9.583 -8.873 0.79223 0.14543 -0.09483 0.585 3 
87.645 -29.102 -9.584 0.09686 0.98918 0.04838 -0.09903 1 118.04 14.842 -9.46 0.48021 -0.77649 0.37298 -0.16536 2 80.276 -9.586 -9.225 0.7651 0.14633 -0.11084 0.61719 3 
87.517 -28.888 -9.118 0.10126 0.98885 -0.00026 -0.1092 1 118.366 14.823 -9.505 0.47921 -0.77761 0.37451 -0.15944 2 80.482 -9.645 -9.819 0.73085 0.14069 -0.1295 0.6552 3 
87.433 -28.505 -8.679 0.10299 0.9858 -0.05433 -0.12101 1 118.655 14.784 -9.534 0.47776 -0.77854 0.37663 -0.15419 2 80.407 -9.84 -10.573 0.68745 0.13765 -0.1444 0.6983 3 
87.387 -28.194 -8.155 0.1056 0.98116 -0.08751 -0.13606 1 118.818 14.751 -9.574 0.47621 -0.77942 0.37923 -0.14802 2 80.311 -9.975 -10.753 0.65789 0.13949 -0.1603 0.72251 3 
87.4 -27.666 -7.515 0.11362 0.97489 -0.11015 -0.15666 1 118.921 14.682 -9.642 0.47591 -0.77897 0.38226 -0.14352 2 80.409 -9.701 -10.535 0.63822 0.14476 -0.18356 0.7335 3 
87.3 -26.902 -6.869 0.12591 0.96612 -0.13948 -0.17691 1 118.936 14.632 -9.67 0.47829 -0.77704 0.38407 -0.14118 2 80.607 -9.346 -10.455 0.61274 0.14368 -0.21221 0.74757 3 
87.131 -26.367 -6.304 0.13046 0.95832 -0.16038 -0.19717 1 118.97 14.58 -9.722 0.47853 -0.7763 0.38657 -0.1376 2 80.346 -9.137 -10.261 0.59155 0.15043 -0.23389 0.75679 3 
86.985 -26.184 -5.907 0.13032 0.95313 -0.16847 -0.21489 1 119.006 14.579 -9.744 0.47774 -0.77626 0.3882 -0.13598 2 79.99 -9.021 -9.903 0.58251 0.16121 -0.24939 0.75664 3 
86.917 -26.043 -5.559 0.13002 0.94816 -0.17876 -0.22832 1 119.004 14.539 -9.746 0.47653 -0.77638 0.38974 -0.13513 2 79.741 -9.035 -9.718 0.57085 0.16825 -0.26175 0.75981 3 
86.828 -26.072 -5.369 0.13065 0.94603 -0.18203 -0.23416 1 118.908 14.559 -9.746 0.47664 -0.7756 0.39103 -0.13548 2 79.613 -9.061 -9.565 0.56747 0.1712 -0.26752 0.75967 3 
86.79 -26.112 -5.359 0.1287 0.94617 -0.18113 -0.23537 1 118.782 14.558 -9.75 0.47753 -0.77465 0.39143 -0.13662 2 79.502 -9.095 -9.511 0.56817 0.17349 -0.26742 0.75866 3 
86.749 -26.124 -5.408 0.12955 0.94628 -0.18197 -0.23378 1 118.684 14.567 -9.755 0.47777 -0.77418 0.3915 -0.13823 2 79.523 -9.108 -9.592 0.56797 0.17141 -0.26704 0.75942 3 
86.712 -26.122 -5.421 0.13054 0.94609 -0.18372 -0.23263 1 118.636 14.593 -9.75 0.47778 -0.77382 0.3916 -0.13997 2 79.558 -9.143 -9.651 0.56683 0.16885 -0.26752 0.76067 3 
86.703 -26.156 -5.413 0.12949 0.9465 -0.18141 -0.23336 1 118.63 14.567 -9.73 0.47712 -0.77386 0.39191 -0.14107 2 79.503 -9.133 -9.59 0.5684 0.17066 -0.26675 0.75936 3 
86.716 -26.181 -5.414 0.12985 0.94657 -0.1796 -0.23429 1 118.601 14.545 -9.749 0.47752 -0.77375 0.39149 -0.14146 2 79.541 -9.101 -9.549 0.57003 0.17144 -0.26802 0.75752 3 
86.725 -26.155 -5.43 0.1318 0.94603 -0.18183 -0.23366 1 118.587 14.513 -9.736 0.47866 -0.77299 0.39143 -0.14197 2 79.65 -9.109 -9.613 0.5686 0.16875 -0.26944 0.7587 3 
86.723 -26.156 -5.455 0.13346 0.94607 -0.18128 -0.23296 1 118.612 14.48 -9.732 0.47881 -0.77289 0.39125 -0.14247 2 79.751 -9.091 -9.636 0.56946 0.16674 -0.27012 0.75825 3 
86.724 -26.176 -5.466 0.13368 0.9463 -0.17975 -0.2331 1 118.673 14.45 -9.727 0.47741 -0.77399 0.39089 -0.14224 2 79.779 -9.073 -9.616 0.57096 0.16704 -0.27061 0.75688 3 
86.75 -26.235 -5.509 0.13298 0.94675 -0.17943 -0.23193 1 118.739 14.447 -9.72 0.47668 -0.77465 0.3905 -0.14214 2 79.807 -9.129 -9.655 0.57174 0.16672 -0.26966 0.7567 3 
86.744 -26.343 -5.552 0.13229 0.94856 -0.17312 -0.22971 1 118.762 14.454 -9.718 0.47662 -0.77486 0.39017 -0.1421 2 79.83 -9.128 -9.587 0.57717 0.1666 -0.26678 0.75362 3 
86.658 -26.585 -5.651 0.13522 0.95344 -0.14704 -0.22594 1 118.733 14.412 -9.731 0.47689 -0.77494 0.38979 -0.14183 2 80.082 -8.826 -9.241 0.598 0.16545 -0.2625 0.739 3 
86.248 -27.277 -5.976 0.13836 0.96352 -0.08358 -0.21332 1 118.693 14.394 -9.734 0.47749 -0.77506 0.38886 -0.14167 2 80.344 -8.427 -8.429 0.6469 0.16289 -0.24941 0.70199 3 
85.524 -28.398 -6.626 0.12974 0.97048 0.03361 -0.20053 1 118.736 14.342 -9.695 0.47365 -0.77767 0.38847 -0.14134 2 79.945 -8.373 -6.591 0.72915 0.17616 -0.22581 0.62155 3 
84.428 -29.718 -7.551 0.09933 0.95582 0.19022 -0.2009 1 118.828 14.344 -9.679 0.46984 -0.78003 0.3879 -0.14261 2 78.469 -10.124 -3.768 0.82368 0.2137 -0.20206 0.48483 3 
82.989 -31.286 -8.829 0.0495 0.91547 0.34519 -0.20074 1 118.939 14.343 -9.627 0.46478 -0.78305 0.38676 -0.14571 2 76.181 -14.838 -1.424 0.89879 0.25219 -0.16861 0.31647 3 
81.318 -31.844 -10.07 0.00949 0.87375 0.44703 -0.19139 1 118.956 14.312 -9.568 0.45703 -0.78676 0.38637 -0.15116 2 73.73 -18.721 -0.748 0.93345 0.26749 -0.13328 0.1984 3 
79.063 -31.436 -11.163 -0.01005 0.84649 0.50528 -0.16746 1 118.752 14.27 -9.536 0.45362 -0.78804 0.38542 -0.15706 2 71.113 -20.365 -1.111 0.95069 0.25841 -0.10875 0.13258 3 
76.532 -30.158 -12.127 -0.02556 0.81968 0.5536 -0.1449 1 118.604 14.209 -9.5 0.44516 -0.79158 0.3856 -0.16292 2 68.107 -21.005 -1.606 0.96237 0.24723 -0.08374 0.0755 3 
73.736 -28.238 -12.809 -0.03855 0.79042 0.59682 -0.13248 1 118.529 14.135 -9.414 0.42949 -0.79778 0.38831 -0.16823 2 65.241 -21.16 -1.903 0.96776 0.24093 -0.07155 0.01681 3 
70.681 -25.997 -13.095 -0.0418 0.77136 0.62263 -0.12487 1 118.477 14.077 -9.356 0.41299 -0.80396 0.39093 -0.17397 2 62.455 -20.203 -2.037 0.96933 0.2341 -0.07198 -0.02059 3 
68.042 -23.891 -13.281 -0.04078 0.76469 0.63214 -0.11831 1 118.55 13.98 -9.25 0.39762 -0.80948 0.39289 -0.17968 2 60.056 -18.536 -2.196 0.97003 0.22799 -0.07689 -0.03407 3 
66.138 -22.005 -13.454 -0.03733 0.76073 0.63859 -0.10998 1 118.699 13.879 -9.169 0.37949 -0.81518 0.39759 -0.18272 2 58.269 -16.874 -2.379 0.97144 0.21962 -0.07983 -0.0412 3 
65.001 -20.58 -13.687 -0.03781 0.75281 0.64917 -0.10212 1 118.77 13.777 -9.188 0.3671 -0.81781 0.40224 -0.18608 2 57.085 -16.016 -2.611 0.97226 0.2135 -0.07697 -0.05654 3 
64.369 -19.625 -13.963 -0.03952 0.75159 0.6515 -0.09539 1 118.746 13.696 -9.183 0.36164 -0.81739 0.40562 -0.19121 2 56.312 -15.244 -2.928 0.97259 0.21168 -0.07405 -0.06155 3 
64.004 -19.136 -13.939 -0.03057 0.75886 0.64329 -0.09679 1 118.716 13.645 -9.211 0.35533 -0.81719 0.40999 -0.19455 2 56.359 -14.316 -2.925 0.97248 0.21011 -0.08688 -0.05078 3 
64.005 -18.801 -13.891 -0.03681 0.76264 0.63766 -0.10206 1 118.579 13.558 -9.214 0.35426 -0.81538 0.41291 -0.19788 2 56.242 -14.046 -2.909 0.97 0.22207 -0.08557 -0.04959 3 
64.116 -18.702 -13.92 -0.03717 0.76499 0.63413 -0.10625 1 118.438 13.451 -9.238 0.35672 -0.81308 0.41397 -0.20069 2 56.527 -14.029 -2.938 0.96851 0.2267 -0.08923 -0.05136 3 
64.272 -18.825 -13.962 -0.03457 0.76624 0.63301 -0.10477 1 118.567 13.281 -9.222 0.35558 -0.8131 0.41473 -0.20109 2 56.96 -14.257 -3.004 0.96785 0.2263 -0.09465 -0.05569 3 
64.268 -18.988 -13.906 -0.0345 0.76702 0.63571 -0.07982 1 118.857 13.11 -9.178 0.35679 -0.81449 0.41215 -0.19861 2 56.994 -14.313 -3.02 0.96924 0.21968 -0.09612 -0.05541 3 
64.954 -20.01 -13.606 -0.02727 0.77046 0.63525 -0.04591 1 119.11 12.914 -9.183 0.36352 -0.81536 0.40633 -0.19478 2 57.277 -14.224 -3.039 0.96915 0.21843 -0.1006 -0.05403 3 
69.382 -23.793 -12.603 -0.02042 0.76098 0.64334 -0.08128 1 119.296 12.716 -9.199 0.37389 -0.81473 0.40013 -0.19056 2 57.462 -14.13 -3.047 0.96905 0.21791 -0.10323 -0.0529 3 
78.136 -30.652 -11.398 0.01846 0.76321 0.6294 -0.14501 1 119.185 12.561 -9.329 0.39077 -0.80905 0.39779 -0.18576 2 57.426 -14.17 -3.051 0.96907 0.21795 -0.10286 -0.05319 3 
88.569 -35.504 -10.941 0.11511 0.80466 0.57629 -0.08464 1 118.779 12.241 -9.358 0.41613 -0.79831 0.39228 -0.18883 2 57.429 -14.162 -3.05 0.96906 0.21799 -0.10286 -0.05319 3 
98.451 -37.499 -11.055 0.24112 0.85523 0.44583 0.10802 1 118.428 11.792 -9.418 0.43932 -0.78854 0.38491 -0.19246 2 57.458 -14.131 -3.046 0.96905 0.21794 -0.10313 -0.05295 3 
107.167 -37.158 -11.492 0.36014 0.82898 0.33391 0.26756 1 118.368 11.128 -9.435 0.45832 -0.78147 0.37742 -0.19182 2 57.432 -14.159 -3.05 0.96906 0.21796 -0.10292 -0.05313 3 
113.486 -34.067 -11.65 0.49584 0.72923 0.34034 0.32641 1 118.474 10.364 -9.532 0.47109 -0.77876 0.37266 -0.1809 2 57.44 -14.153 -3.048 0.96905 0.21801 -0.10294 -0.05312 3 
114.767 -31.993 -11.949 0.55658 0.68255 0.35439 0.31426 1 118.801 9.727 -9.549 0.48331 -0.77713 0.3646 -0.17188 2 57.443 -14.148 -3.049 0.96905 0.21796 -0.10302 -0.05306 3 
114.661 -32.223 -12.271 0.57604 0.66095 0.36116 0.31763 1 119.705 9.527 -9.488 0.47872 -0.78375 0.35865 -0.16713 2 57.427 -14.168 -3.051 0.96906 0.21799 -0.10286 -0.05319 3 
114.812 -32.136 -12.331 0.58528 0.65472 0.35772 0.31752 1 120.66 9.749 -9.316 0.46721 -0.79548 0.35172 -0.15884 2 57.435 -14.161 -3.051 0.96904 0.21803 -0.10292 -0.05315 3 
115.094 -31.626 -12.388 0.58834 0.65194 0.35783 0.31748 1 121.465 10.409 -9.299 0.45334 -0.80349 0.35563 -0.14972 2 57.43 -14.166 -3.051 0.96905 0.21799 -0.10289 -0.05318 3 
115.429 -31.225 -12.423 0.58236 0.66243 0.35396 0.31105 1 121.999 11.774 -9.187 0.44835 -0.80714 0.34931 -0.15966 2 57.43 -14.167 -3.05 0.96905 0.21801 -0.10287 -0.05318 3 
116.413 -32.991 -13.313 0.49026 0.72696 0.37331 0.30301 1 122.684 15.386 -8.894 0.41705 -0.83403 0.32019 -0.16718 2 57.434 -14.163 -3.05 0.96905 0.21802 -0.1029 -0.05317 3 
118.379 -31.522 -13.974 0.26243 0.82332 0.46775 0.18569 1 123.012 22.499 -8.863 0.28028 -0.89507 0.31891 -0.13635 2 57.428 -14.169 -3.049 0.96906 0.218 -0.10283 -0.05321 3 
115.917 -22.502 -12.498 0.17623 0.81866 0.54612 0.02192 1 121.771 30.963 -8.721 0.07334 -0.92475 0.36974 -0.05253 2 57.432 -14.163 -3.051 0.96905 0.218 -0.1029 -0.05317 3 
109.498 -9.83 -10.329 0.30146 0.74542 0.59124 0.06248 1 118.53 38.505 -8.743 -0.034 -0.89828 0.43715 -0.02892 2 57.436 -14.147 -3.049 0.96905 0.21801 -0.10293 -0.05311 3 
104.853 4.348 -8.756 0.42191 0.67938 0.56344 0.20728 1 114.189 44.133 -8.602 -0.0744 -0.88891 0.44534 -0.07734 2 57.452 -14.114 -3.046 0.96904 0.21801 -0.10314 -0.0529 3 
100.832 17.838 -7.873 0.46174 0.64325 0.5139 0.33005 1 110.278 48.66 -8.841 -0.14542 -0.85445 0.49149 -0.08486 2 57.449 -14.117 -3.043 0.96905 0.21797 -0.10311 -0.05289 3 
94.627 27.576 -7.771 0.44519 0.70502 0.45559 0.31175 1 106.533 51.885 -8.608 -0.17609 -0.83644 0.51024 -0.09495 2 57.437 -14.133 -3.041 0.96906 0.21798 -0.103 -0.05297 3 
87.652 33.413 -9.131 0.36805 0.7807 0.39035 0.32043 1 103.911 54.139 -8.9 -0.19758 -0.83176 0.51205 -0.08334 2 57.449 -14.116 -3.045 0.96905 0.21796 -0.10312 -0.05288 3 
83.975 36.258 -10.794 0.30702 0.78215 0.37407 0.39249 1 102.026 55.509 -9.703 -0.21639 -0.82134 0.5175 -0.10376 2 57.445 -14.122 -3.046 0.96905 0.21798 -0.1031 -0.05291 3 
82.718 37.814 -12.023 0.28222 0.76887 0.3737 0.43536 1 100.17 56.544 -10.207 -0.21713 -0.81893 0.51356 -0.13588 2 57.448 -14.116 -3.043 0.96905 0.21796 -0.10312 -0.0529 3 
81.939 38.57 -12.799 0.25553 0.77145 0.36029 0.458 1 98.839 57.17 -10.764 -0.22039 -0.81835 0.50896 -0.15067 2 57.456 -14.104 -3.043 0.96905 0.21795 -0.10319 -0.0528 3 
81.463 39.078 -13.394 0.24381 0.76087 0.35806 0.48314 1 97.633 57.743 -11.144 -0.22603 -0.81391 0.51068 -0.16022 2 57.452 -14.112 -3.043 0.96905 0.21796 -0.10315 -0.05284 3 
81.258 39.53 -13.561 0.22426 0.75397 0.3537 0.50609 1 96.398 58.093 -11.633 -0.23205 -0.81529 0.50119 -0.17397 2 57.459 -14.101 -3.042 0.96904 0.21798 -0.10321 -0.05279 3 
81.44 39.664 -13.936 0.20493 0.73827 0.37265 0.52354 1 95.43 58.277 -12.138 -0.2404 -0.81585 0.49055 -0.18965 2 57.46 -14.1 -3.041 0.96906 0.21792 -0.10321 -0.05277 3 
81.256 39.761 -13.933 0.18622 0.72669 0.38389 0.5384 1 94.779 58.431 -12.6 -0.25333 -0.81716 0.47511 -0.20578 2 57.459 -14.103 -3.042 0.96905 0.21795 -0.10322 -0.0528 3 
