123.851 -30.598 -13.469 0.43596 0.719 0.46745 0.27288 1 121.339 11.016 -9.962 0.51319 -0.75542 0.38783 -0.12476 2 86.169 -50.23 -6.907 0.80989 0.57759 -0.01984 -0.1004 3 
123.724 -30.694 -13.519 0.43503 0.72024 0.46761 0.27082 1 121.125 10.846 -9.921 0.51345 -0.75429 0.38907 -0.1267 2 86.168 -50.229 -6.907 0.8099 0.57758 -0.01982 -0.10041 3 
123.696 -30.778 -13.509 0.43276 0.72264 0.46717 0.26882 1 120.878 10.738 -9.932 0.51462 -0.75286 0.38939 -0.12938 2 86.163 -50.239 -6.907 0.80995 0.57751 -0.01975 -0.1004 3 
123.767 -30.773 -13.539 0.42968 0.72488 0.46909 0.26436 1 120.613 10.634 -9.941 0.51729 -0.75073 0.38934 -0.13127 2 86.165 -50.237 -6.912 0.80993 0.57752 -0.01985 -0.10041 3 
123.833 -30.729 -13.525 0.42552 0.72702 0.47105 0.26171 1 120.374 10.61 -9.93 0.51988 -0.74859 0.38903 -0.13414 2 86.166 -50.235 -6.912 0.8099 0.57756 -0.01985 -0.10041 3 
123.772 -30.637 -13.528 0.42481 0.72806 0.47109 0.25989 1 120.275 10.652 -9.95 0.52033 -0.74731 0.39036 -0.13563 2 86.166 -50.234 -6.912 0.80991 0.57755 -0.01987 -0.10041 3 
123.609 -30.73 -13.516 0.42653 0.72895 0.46766 0.26076 1 120.178 10.717 -9.943 0.51893 -0.7475 0.3911 -0.13783 2 86.167 -50.23 -6.917 0.80991 0.57755 -0.01989 -0.10042 3 
123.139 -32.114 -13.252 0.43875 0.73648 0.43377 0.27738 1 119.874 10.842 -9.891 0.51992 -0.74647 0.38918 -0.14491 2 86.165 -50.232 -6.909 0.80994 0.57751 -0.0198 -0.10043 3 
124.01 -35.249 -13.528 0.33096 0.81037 0.43648 0.20795 1 119.649 10.994 -9.817 0.51673 -0.7484 0.38793 -0.14969 2 86.166 -50.23 -6.918 0.80989 0.57757 -0.01987 -0.10049 3 
126.196 -38.376 -14.183 0.0844 0.87751 0.47149 0.02356 1 119.674 11.096 -9.823 0.50969 -0.75155 0.39106 -0.14985 2 86.165 -50.235 -6.906 0.80993 0.57753 -0.01982 -0.10038 3 
125.35 -42.525 -13.954 -0.05088 0.84402 0.50032 -0.18637 1 119.582 11.121 -9.829 0.50792 -0.75259 0.39045 -0.15221 2 86.166 -50.235 -6.909 0.80994 0.57752 -0.01991 -0.10038 3 
120.039 -47.899 -13.804 -0.05988 0.8158 0.51583 -0.25456 1 119.423 11.104 -9.796 0.5115 -0.75065 0.38825 -0.15541 2 86.169 -50.228 -6.906 0.80989 0.57759 -0.01983 -0.10035 3 
112.774 -51.164 -14.347 -0.05654 0.82455 0.52558 -0.2017 1 119.667 10.978 -9.687 0.5084 -0.75383 0.38421 -0.16016 2 86.173 -50.221 -6.905 0.80986 0.57764 -0.0199 -0.10031 3 
106.015 -52.304 -15.519 -0.05822 0.82205 0.54736 -0.14573 1 120.241 10.685 -9.606 0.4959 -0.76422 0.37859 -0.16346 2 86.159 -50.242 -6.917 0.80997 0.57747 -0.0198 -0.10044 3 
100.995 -52.238 -16.634 -0.06864 0.81064 0.56881 -0.12082 1 121.084 10.234 -9.434 0.47695 -0.77778 0.37366 -0.16718 2 86.172 -50.226 -6.912 0.80987 0.57761 -0.01992 -0.10041 3 
98.066 -51.906 -17.413 -0.08558 0.80152 0.57679 -0.13248 1 122.132 9.716 -9.239 0.45546 -0.79165 0.36895 -0.17242 2 86.162 -50.245 -6.915 0.81 0.57742 -0.01988 -0.10046 3 
96.872 -52.034 -18.041 -0.09721 0.77095 0.60377 -0.1779 1 123.2 9.189 -9.085 0.43111 -0.80452 0.36856 -0.17622 2 86.141 -50.255 -6.917 0.81006 0.57735 -0.0197 -0.1004 3 
96.471 -52.354 -18.265 -0.096 0.75651 0.61204 -0.20948 1 124.072 8.619 -8.99 0.41224 -0.81434 0.36908 -0.17518 2 85.974 -50.603 -6.93 0.81018 0.57678 -0.01465 -0.10352 3 
96.222 -52.387 -18.223 -0.09347 0.7476 0.6165 -0.22866 1 124.599 8.221 -8.977 0.40412 -0.81896 0.36924 -0.17224 2 85.827 -50.703 -6.938 0.8097 0.57733 -0.01318 -0.1044 3 
96.104 -52.153 -18.207 -0.09456 0.74027 0.61791 -0.24748 1 124.822 8.037 -8.956 0.40408 -0.81956 0.36855 -0.17091 2 85.796 -50.663 -6.931 0.80217 0.58765 -0.01187 -0.10512 3 
96.265 -51.231 -17.74 -0.11499 0.74412 0.60062 -0.26892 1 125.155 7.977 -8.928 0.40215 -0.82137 0.36755 -0.16891 2 85.312 -50.059 -6.7 0.78553 0.61238 -0.00133 -0.08909 3 
96.454 -49.711 -16.181 -0.10951 0.75697 0.5721 -0.29614 1 125.621 8.16 -8.922 0.39212 -0.82534 0.3728 -0.16149 2 85.259 -48.012 -5.378 0.77659 0.62709 -0.00718 -0.06017 3 
96.14 -47.487 -13.733 -0.08462 0.77491 0.53667 -0.32302 1 125.685 8.516 -9.103 0.39432 -0.82373 0.37864 -0.15038 2 86.014 -44.941 -3.18 0.7715 0.63266 -0.04505 -0.04994 3 
95.324 -44.401 -11.233 -0.05602 0.79777 0.49759 -0.3359 1 125.551 9.023 -9.264 0.40718 -0.81644 0.3846 -0.14043 2 86.079 -40.296 -1.094 0.77188 0.6297 -0.08471 -0.02247 3 
94.277 -40.839 -9.404 -0.01844 0.81937 0.46499 -0.33479 1 125.69 9.69 -9.513 0.41365 -0.8115 0.39267 -0.12716 2 86.039 -35.013 0.24 0.77991 0.61338 -0.12448 0.00428 3 
92.891 -36.958 -8.42 0.01492 0.84848 0.42732 -0.31188 1 126.027 10.396 -9.59 0.41387 -0.81074 0.39826 -0.11314 2 85.016 -29.299 0.477 0.79157 0.5911 -0.14751 0.04759 3 
91.286 -32.555 -8.059 0.05112 0.88815 0.36565 -0.27365 1 126.539 11.186 -9.722 0.41076 -0.81227 0.40236 -0.09798 2 83.531 -22.452 -0.408 0.79715 0.56308 -0.17776 0.12606 3 
89.748 -28.626 -8.246 0.08003 0.92921 0.27513 -0.2334 1 127.21 11.91 -9.772 0.4032 -0.81497 0.40744 -0.08511 2 81.874 -16.138 -2.355 0.78433 0.53515 -0.21274 0.23061 3 
88.661 -25.811 -8.705 0.116 0.9603 0.16726 -0.19078 1 128.056 12.438 -9.884 0.39151 -0.81945 0.41231 -0.07229 2 81.237 -11.329 -4.92 0.76022 0.48566 -0.25741 0.34632 3 
87.932 -24.442 -9.073 0.1375 0.97449 0.08308 -0.15672 1 128.838 12.85 -9.955 0.37711 -0.82458 0.41757 -0.05912 2 80.931 -9.148 -7.052 0.73301 0.44089 -0.28465 0.43276 3 
87.362 -24.146 -9.278 0.1421 0.97949 0.03496 -0.13853 1 129.325 13.17 -10.033 0.36795 -0.82691 0.4226 -0.04723 2 80.527 -8.717 -8.249 0.71022 0.41644 -0.29986 0.48192 3 
87.025 -24.205 -9.271 0.14436 0.98082 -0.00422 -0.13091 1 129.483 13.267 -10.079 0.3647 -0.82725 0.42539 -0.04121 2 80.327 -8.829 -9.037 0.68787 0.39903 -0.31628 0.51728 3 
86.921 -24.282 -9.119 0.15135 0.97805 -0.05265 -0.13317 1 129.417 13.343 -10.133 0.36485 -0.82554 0.42899 -0.03658 2 80.543 -9.106 -9.825 0.65584 0.37799 -0.34728 0.55353 3 
86.904 -24.327 -8.808 0.15716 0.97302 -0.0898 -0.14305 1 129.193 13.346 -10.153 0.36772 -0.82281 0.43184 -0.03578 2 80.673 -9.423 -10.226 0.62491 0.3646 -0.37626 0.57878 3 
86.812 -24.413 -8.338 0.15503 0.96868 -0.1069 -0.16188 1 128.876 13.421 -10.208 0.37168 -0.8206 0.43263 -0.03599 2 80.377 -9.642 -9.996 0.60518 0.37067 -0.3962 0.58257 3 
86.857 -24.297 -7.845 0.15744 0.96013 -0.13482 -0.18756 1 128.487 13.449 -10.208 0.37514 -0.81921 0.43209 -0.03819 2 80.214 -9.818 -9.932 0.57211 0.37266 -0.42817 0.59201 3 
86.745 -24.032 -7.246 0.16661 0.94829 -0.16824 -0.2114 1 127.983 13.53 -10.199 0.38196 -0.81621 0.4315 -0.04132 2 79.959 -9.911 -9.984 0.53007 0.36565 -0.46475 0.60772 3 
86.507 -23.906 -6.584 0.16666 0.94301 -0.16568 -0.23562 1 127.56 13.507 -10.217 0.38906 -0.81288 0.43122 -0.04376 2 79.518 -9.599 -9.159 0.52106 0.38269 -0.48054 0.59256 3 
86.245 -23.908 -6.052 0.16313 0.93919 -0.15781 -0.2577 1 127.347 13.47 -10.196 0.39179 -0.81152 0.43109 -0.04588 2 79.111 -9.389 -8.309 0.51877 0.40125 -0.49127 0.57317 3 
86.256 -23.926 -5.648 0.16355 0.93293 -0.16807 -0.27321 1 127.318 13.444 -10.168 0.39035 -0.81224 0.43101 -0.04603 2 79.029 -9.454 -7.998 0.50488 0.40522 -0.50663 0.5694 3 
86.323 -24.126 -5.234 0.15574 0.93038 -0.1633 -0.28892 1 127.265 13.413 -10.199 0.39069 -0.81196 0.43128 -0.04557 2 78.771 -9.569 -7.375 0.49912 0.4218 -0.51034 0.55903 3 
86.404 -24.42 -5.028 0.15258 0.92867 -0.16601 -0.29449 1 127.13 13.331 -10.185 0.39459 -0.81025 0.4308 -0.04695 2 78.679 -9.88 -7.19 0.49302 0.42622 -0.51373 0.55799 3 
86.56 -24.449 -5.071 0.15661 0.92701 -0.17473 -0.29256 1 126.999 13.281 -10.192 0.39768 -0.80846 0.43116 -0.04848 2 78.94 -10.004 -7.397 0.48893 0.41852 -0.51864 0.56284 3 
86.619 -24.292 -5.209 0.16103 0.92832 -0.17349 -0.28669 1 126.922 13.22 -10.196 0.40091 -0.80713 0.43052 -0.04967 2 79.27 -9.811 -7.555 0.49564 0.41152 -0.51776 0.56296 3 
86.619 -24.129 -5.338 0.16354 0.93016 -0.17013 -0.28127 1 127.003 13.17 -10.188 0.40149 -0.80704 0.43014 -0.04972 2 79.432 -9.61 -7.687 0.50123 0.40741 -0.51497 0.56355 3 
86.677 -23.997 -5.408 0.16682 0.93 -0.17118 -0.27923 1 127.166 13.181 -10.185 0.39992 -0.80801 0.4299 -0.04866 2 79.625 -9.479 -7.791 0.50253 0.40337 -0.51628 0.56411 3 
86.756 -23.82 -5.393 0.17 0.92917 -0.17189 -0.27962 1 127.342 13.221 -10.218 0.3987 -0.80867 0.42994 -0.04744 2 79.826 -9.294 -7.803 0.50283 0.40087 -0.51901 0.56311 3 
86.774 -23.672 -5.33 0.16999 0.92901 -0.16915 -0.28183 1 127.531 13.213 -10.233 0.39863 -0.80869 0.43001 -0.04699 2 79.886 -9.109 -7.671 0.50445 0.4023 -0.51969 0.56001 3 
86.871 -23.506 -5.276 0.17222 0.92791 -0.17158 -0.28265 1 127.723 13.225 -10.229 0.39812 -0.8088 0.43032 -0.04651 2 80.036 -8.977 -7.683 0.50278 0.4002 -0.5226 0.56031 3 
86.934 -23.412 -5.29 0.17374 0.92777 -0.17262 -0.28152 1 127.91 13.231 -10.232 0.39689 -0.80925 0.43074 -0.04529 2 80.18 -8.897 -7.716 0.50327 0.39754 -0.52365 0.56077 3 
86.934 -23.34 -5.311 0.17417 0.92836 -0.17143 -0.28002 1 128.052 13.226 -10.229 0.39636 -0.80959 0.43063 -0.04496 2 80.211 -8.817 -7.738 0.50499 0.39663 -0.52251 0.56095 3 
86.955 -23.275 -5.358 0.17716 0.92803 -0.173 -0.2783 1 128.118 13.262 -10.223 0.39605 -0.80972 0.43062 -0.04549 2 80.367 -8.76 -7.831 0.50582 0.39248 -0.52414 0.56159 3 
86.961 -23.216 -5.402 0.17638 0.92893 -0.17158 -0.27667 1 128.153 13.286 -10.233 0.39621 -0.80964 0.43062 -0.04542 2 80.371 -8.716 -7.862 0.50741 0.3922 -0.52234 0.56203 3 
86.98 -23.234 -5.464 0.17581 0.93019 -0.16556 -0.27645 1 128.152 13.268 -10.234 0.3959 -0.81 0.43027 -0.04506 2 80.413 -8.651 -7.826 0.51177 0.39465 -0.51962 0.55887 3 
87.027 -23.316 -5.672 0.17517 0.93328 -0.15918 -0.27013 1 128.118 13.266 -10.236 0.39641 -0.81029 0.42917 -0.04593 2 80.522 -8.675 -7.965 0.51821 0.39315 -0.51312 0.56 3 
87.121 -23.775 -5.976 0.17196 0.94169 -0.12611 -0.26026 1 127.994 13.163 -10.225 0.3973 -0.8103 0.42815 -0.04751 2 80.779 -8.766 -7.764 0.54395 0.40063 -0.49363 0.54768 3 
87.222 -24.811 -6.193 0.15512 0.95222 -0.0506 -0.25819 1 127.849 13.078 -10.167 0.39792 -0.81098 0.42558 -0.0535 2 80.895 -9.188 -6.576 0.59453 0.43442 -0.45546 0.50036 3 
87.364 -26.762 -6.392 0.12627 0.95464 0.06305 -0.26218 1 127.717 12.888 -10.058 0.39739 -0.81287 0.4214 -0.06123 2 80.817 -10.973 -4.63 0.65465 0.48279 -0.40008 0.42224 3 
87.827 -30.255 -6.909 0.06633 0.93502 0.21634 -0.27303 1 127.644 12.648 -9.977 0.39328 -0.81663 0.41693 -0.06796 2 80.741 -16.365 -2.034 0.72202 0.54753 -0.31495 0.28234 3 
89.025 -34.544 -8.112 -0.01717 0.88372 0.3676 -0.28917 1 127.521 12.278 -9.846 0.38928 -0.82056 0.41154 -0.076 2 80.542 -24.825 -0.57 0.74996 0.61432 -0.20311 0.13754 3 
90.695 -38.89 -9.816 -0.07889 0.81855 0.48354 -0.29989 1 127.324 11.831 -9.678 0.38703 -0.82344 0.40566 -0.08713 2 81.203 -33.475 -0.73 0.75485 0.64645 -0.10727 0.02808 3 
92.273 -42.34 -11.569 -0.12386 0.76051 0.55526 -0.31299 1 127.04 11.198 -9.612 0.38944 -0.82378 0.40058 -0.09627 2 82.299 -40.556 -1.675 0.74451 0.66418 -0.0424 -0.05271 3 
93.276 -44.819 -12.983 -0.14052 0.73963 0.57474 -0.32074 1 126.811 10.654 -9.476 0.39361 -0.82335 0.39415 -0.10867 2 83.161 -44.167 -2.761 0.73571 0.67238 -0.02635 -0.07706 3 
93.768 -46.466 -14.064 -0.14392 0.75025 0.56584 -0.31023 1 126.86 10.077 -9.377 0.39312 -0.82485 0.38947 -0.11571 2 83.301 -45.126 -3.796 0.73782 0.67158 -0.03445 -0.05854 3 
94.34 -47.525 -15.108 -0.16166 0.74792 0.56771 -0.30362 1 127.192 9.407 -9.32 0.38458 -0.83071 0.38491 -0.11777 2 83.251 -46.62 -4.734 0.733 0.67763 -0.02076 -0.05569 3 
95.082 -48.261 -16.032 -0.17839 0.73741 0.57609 -0.30418 1 127.69 8.962 -9.238 0.37199 -0.83717 0.3836 -0.11671 2 83.612 -48.13 -5.52 0.72584 0.68479 -0.00492 -0.06476 3 
95.437 -48.746 -16.576 -0.18246 0.73659 0.57695 -0.30211 1 128.105 8.56 -9.207 0.36147 -0.84253 0.38201 -0.11641 2 83.806 -48.732 -5.969 0.72485 0.68582 -0.00121 -0.06515 3 
95.598 -49.1 -16.964 -0.18677 0.7379 0.57415 -0.30161 1 128.371 8.167 -9.131 0.35771 -0.84533 0.3789 -0.11786 2 83.902 -48.978 -6.349 0.7226 0.68851 -0.00483 -0.06145 3 
96.06 -49.317 -17.444 -0.20159 0.72308 0.58285 -0.31113 1 128.651 7.925 -9.1 0.35312 -0.84749 0.37791 -0.1194 2 84.375 -50.094 -6.681 0.71117 0.69872 0.00412 -0.07755 3 
96.464 -49.468 -17.668 -0.20847 0.7122 0.5884 -0.32108 1 128.858 7.772 -9.078 0.35064 -0.84886 0.37699 -0.11985 2 85.1 -50.866 -6.834 0.70208 0.70577 0.0051 -0.09455 3 
97.044 -49.208 -17.827 -0.21561 0.70472 0.5896 -0.33052 1 128.934 7.631 -9.134 0.35152 -0.8488 0.37689 -0.118 2 85.953 -51.049 -6.923 0.6921 0.71415 0.0002 -0.10479 3 
97.717 -48.787 -17.653 -0.21505 0.70528 0.60408 -0.30236 1 128.613 7.67 -9.225 0.36356 -0.84413 0.3758 -0.11853 2 85.932 -51.027 -6.93 0.69314 0.71319 0.00012 -0.10449 3 
102.575 -48.632 -17.155 -0.18639 0.68644 0.63307 -0.30542 1 128.339 7.608 -9.253 0.37218 -0.8402 0.37424 -0.12445 2 85.894 -51.091 -6.947 0.69301 0.71331 0.00062 -0.10453 3 
109.608 -48.556 -16.626 -0.04632 0.74905 0.62904 -0.20269 1 128.408 7.523 -9.334 0.36751 -0.83861 0.38121 -0.12784 2 85.865 -51.097 -6.95 0.69317 0.71315 0.00059 -0.10455 3 
114.45 -45.974 -15.231 0.1669 0.83013 0.50009 0.18148 1 128.122 7.592 -9.201 0.37284 -0.8366 0.37559 -0.14149 2 85.903 -51.073 -6.942 0.693 0.71332 0.00046 -0.1045 3 
119.118 -40.571 -13.619 0.36701 0.74886 0.38025 0.3999 1 127.81 7.925 -9.045 0.37928 -0.8325 0.3739 -0.15262 2 85.88 -51.1 -6.941 0.69302 0.71331 0.00063 -0.10441 3 
123.105 -33.761 -13.246 0.40792 0.69102 0.45037 0.39148 1 127.632 8.364 -9.104 0.38919 -0.82442 0.37825 -0.16062 2 85.871 -51.088 -6.946 0.69317 0.71317 0.00048 -0.10447 3 
123.936 -31.781 -13.336 0.38062 0.69559 0.48693 0.3663 1 128.044 8.906 -9.133 0.38264 -0.8232 0.39 -0.15437 2 85.889 -51.098 -6.943 0.69308 0.71325 0.00058 -0.10446 3 
123.165 -31.334 -13.167 0.393 0.69133 0.46087 0.39398 1 128.423 10.114 -8.908 0.3764 -0.82924 0.37936 -0.16361 2 85.868 -51.11 -6.941 0.69309 0.71325 0.0007 -0.10441 3 
120.135 -31.494 -12.856 0.36766 0.66622 0.40698 0.50532 1 127.686 13.848 -8.271 0.37554 -0.85817 0.30481 -0.17204 2 85.869 -51.106 -6.949 0.69323 0.71311 0.0006 -0.10445 3 
116.991 -29.9 -13.089 0.23919 0.648 0.54913 0.47048 1 126.304 22.288 -7.987 0.16335 -0.93581 0.29462 -0.10383 2 85.887 -51.094 -6.949 0.69296 0.71336 0.00063 -0.10449 3 
113.033 -18.261 -12.322 0.21048 0.56479 0.77296 0.1981 1 121.407 30.122 -7.664 -0.09185 -0.9215 0.36073 -0.11077 2 85.874 -51.098 -6.941 0.69302 0.71331 0.0006 -0.10442 3 
106.573 -3.092 -10.335 0.31133 0.54894 0.7241 0.27823 1 115.938 37.342 -8.131 -0.15836 -0.86251 0.47001 -0.10047 2 85.874 -51.09 -6.952 0.69308 0.71325 0.00047 -0.10449 3 
103.847 12.514 -9.403 0.35435 0.50324 0.67186 0.41206 1 110.894 43.776 -9.096 -0.20263 -0.83201 0.50961 -0.08365 2 85.892 -51.062 -6.935 0.693 0.71334 0.00039 -0.10438 3 
98.558 21.841 -8.146 0.39575 0.635 0.57187 0.33634 1 106.681 48.93 -9.3 -0.21751 -0.82329 0.51906 -0.07398 2 85.891 -51.057 -6.93 0.69315 0.7132 0.00027 -0.10435 3 
90.928 28.577 -8.594 0.33535 0.7222 0.52376 0.30274 1 103.248 52.329 -9.859 -0.23341 -0.80141 0.53996 -0.10818 2 85.888 -51.061 -6.931 0.69298 0.71336 0.00042 -0.10435 3 
85.672 33.999 -10.618 0.26277 0.74297 0.49709 0.36311 1 101.098 54.479 -10.134 -0.25565 -0.80408 0.51867 -0.13815 2 85.885 -51.074 -6.93 0.69297 0.71338 0.00052 -0.10434 3 
84.11 36.997 -12.579 0.21394 0.71793 0.4994 0.43521 1 99.856 56.169 -10.816 -0.25604 -0.79408 0.53224 -0.14349 2 85.874 -51.086 -6.936 0.6931 0.71325 0.00046 -0.10433 3 
83.36 38.048 -13.545 0.19449 0.70904 0.51161 0.44462 1 98.701 57.122 -11.32 -0.24506 -0.78953 0.53715 -0.16752 2 85.892 -51.068 -6.935 0.69289 0.71345 0.00046 -0.10434 3 
82.657 38.653 -13.994 0.1974 0.69373 0.53642 0.43821 1 97.416 57.861 -11.37 -0.23222 -0.78482 0.54818 -0.17215 2 85.884 -51.076 -6.931 0.69301 0.71335 0.00047 -0.10429 3 
82.439 39.28 -14.537 0.21558 0.69161 0.52161 0.45069 1 96.266 58.363 -11.614 -0.22309 -0.7859 0.54994 -0.17364 2 85.88 -51.087 -6.93 0.69301 0.71335 0.00057 -0.10428 3 
82.387 39.693 -14.65 0.22563 0.70448 0.48881 0.46246 1 95.456 58.76 -11.855 -0.22427 -0.79075 0.54078 -0.1788 2 85.901 -51.062 -6.931 0.69278 0.71357 0.00049 -0.10431 3 
82.638 40.059 -14.75 0.22329 0.72625 0.44932 0.46991 1 94.72 59.069 -12.51 -0.22531 -0.78978 0.54198 -0.17815 2 85.885 -51.08 -6.926 0.69301 0.71336 0.00045 -0.10423 3 
82.67 40.293 -14.788 0.21042 0.72608 0.45138 0.47412 1 93.96 59.389 -12.739 -0.23563 -0.79025 0.53375 -0.18734 2 85.892 -51.071 -6.942 0.69289 0.71345 0.00044 -0.10438 3 
