129.472 -30.303 -13.97 0.42316 0.72821 0.50428 0.19065 1 124.879 10.515 -9.889 0.54495 -0.73183 0.37847 -0.1556 2 107.189 -32.281 -6.597 0.90649 0.41404 -0.05235 -0.06404 3 
129.331 -30.259 -13.975 0.42371 0.72792 0.50369 0.19211 1 124.757 10.609 -9.921 0.54556 -0.73103 0.37926 -0.15531 2 107.194 -32.269 -6.594 0.90644 0.41416 -0.05235 -0.06407 3 
129.197 -30.268 -13.914 0.42426 0.72804 0.50268 0.19306 1 124.708 10.645 -9.92 0.54548 -0.73103 0.38015 -0.15341 2 107.194 -32.269 -6.597 0.90643 0.41418 -0.05238 -0.06403 3 
129.057 -30.256 -13.921 0.42539 0.72805 0.50128 0.19417 1 124.681 10.692 -9.961 0.54427 -0.73202 0.38083 -0.15128 2 107.195 -32.267 -6.598 0.90646 0.41411 -0.05246 -0.064 3 
128.943 -30.262 -13.912 0.42712 0.72735 0.5005 0.19499 1 124.694 10.725 -9.954 0.54336 -0.73289 0.38098 -0.14998 2 107.188 -32.285 -6.594 0.90651 0.414 -0.05243 -0.06395 3 
128.677 -30.722 -13.789 0.43539 0.72544 0.49039 0.20903 1 124.722 10.789 -9.944 0.54219 -0.73347 0.3814 -0.1503 2 107.191 -32.274 -6.572 0.90645 0.41415 -0.05226 -0.06399 3 
128.32 -33.119 -13.696 0.42611 0.7538 0.44655 0.22542 1 124.774 10.9 -9.873 0.53764 -0.73618 0.38109 -0.15411 2 107.188 -32.278 -6.602 0.90648 0.41406 -0.05246 -0.06405 3 
129.407 -34.749 -15.088 0.24466 0.83691 0.4668 0.14769 1 124.791 11.054 -9.876 0.5371 -0.7368 0.38065 -0.15413 2 107.191 -32.278 -6.592 0.9065 0.41402 -0.05235 -0.06406 3 
129.218 -33.759 -17.166 0.02283 0.83648 0.54739 -0.01216 1 124.666 11.127 -9.887 0.54243 -0.73346 0.37838 -0.15694 2 107.199 -32.262 -6.576 0.90644 0.41419 -0.05235 -0.0639 3 
124.252 -35.068 -17.864 0.01761 0.83451 0.54492 -0.07958 1 124.53 11.164 -9.847 0.54853 -0.72947 0.37588 -0.16033 2 107.188 -32.279 -6.609 0.90649 0.41402 -0.05253 -0.06406 3 
119.474 -34.666 -18.53 0.01719 0.80856 0.57745 -0.11171 1 124.598 11.246 -9.827 0.55161 -0.72888 0.37156 -0.16248 2 107.195 -32.273 -6.584 0.90647 0.41409 -0.05236 -0.06398 3 
117.017 -34.007 -18.741 0.00937 0.79534 0.58725 -0.14994 1 125.085 11.421 -9.763 0.54404 -0.73644 0.36852 -0.16084 2 107.19 -32.278 -6.595 0.9065 0.41402 -0.05234 -0.06404 3 
116.096 -33.697 -18.88 -0.01087 0.77606 0.59254 -0.21566 1 125.743 11.643 -9.68 0.52966 -0.74863 0.36749 -0.15479 2 107.11 -32.348 -6.592 0.90673 0.41361 -0.05091 -0.06454 3 
115.904 -33.596 -18.89 -0.02982 0.76291 0.59341 -0.25484 1 126.29 11.823 -9.637 0.51868 -0.7585 0.36531 -0.14899 2 106.726 -32.553 -6.596 0.90863 0.40963 -0.0468 -0.0664 3 
115.616 -32.607 -18.515 -0.06342 0.75846 0.58741 -0.27508 1 126.657 11.917 -9.621 0.51126 -0.76477 0.36444 -0.14468 2 105.512 -32.62 -6.543 0.89752 0.43515 -0.02919 -0.06512 3 
114.778 -31.775 -17.75 -0.09168 0.76018 0.57611 -0.28605 1 127.044 12.153 -9.524 0.50034 -0.77174 0.36528 -0.14367 2 102.596 -32.32 -6.068 0.88845 0.45641 0.01667 -0.04553 3 
113.117 -31.924 -16.247 -0.06089 0.76651 0.5581 -0.31189 1 127.404 12.38 -9.485 0.48876 -0.77812 0.36896 -0.13966 2 102.125 -31.199 -4.378 0.88818 0.45779 -0.01656 -0.03581 3 
110.705 -32.243 -14.112 -0.03544 0.77456 0.5298 -0.34368 1 127.563 12.636 -9.539 0.48602 -0.77914 0.37265 -0.13361 2 101.097 -29.873 -2.182 0.88389 0.4635 -0.05996 -0.01746 3 
108.213 -32.174 -12.111 -0.02542 0.79518 0.49441 -0.35013 1 127.717 12.882 -9.59 0.48491 -0.77918 0.37651 -0.1264 2 98.729 -27.909 -0.491 0.88084 0.46592 -0.08069 0.02313 3 
105.567 -31.528 -10.611 -0.01631 0.8414 0.42498 -0.33341 1 127.884 13.194 -9.689 0.48353 -0.78 0.38006 -0.11558 2 95.118 -23.92 -0.009 0.87162 0.4663 -0.0965 0.11635 3 
102.968 -29.944 -9.574 -0.01547 0.8967 0.32571 -0.29935 1 128.154 13.496 -9.784 0.47929 -0.78312 0.38256 -0.10316 2 90.528 -18.71 -1.139 0.84244 0.46464 -0.10007 0.25377 3 
100.476 -28.357 -9.239 -0.00686 0.93627 0.24609 -0.25059 1 128.538 13.808 -9.833 0.47249 -0.78685 0.38592 -0.09322 2 86.6 -14.692 -3 0.81464 0.44106 -0.0848 0.36693 3 
98.407 -27.107 -9.27 0.00768 0.9594 0.19199 -0.20648 1 129.006 14.09 -9.944 0.46287 -0.79108 0.39073 -0.08526 2 84.269 -12.089 -4.653 0.79655 0.40988 -0.07352 0.43829 3 
96.655 -26.221 -9.367 0.01923 0.97529 0.14027 -0.16961 1 129.478 14.348 -9.976 0.45275 -0.79494 0.3959 -0.07965 2 82.513 -10.254 -6.3 0.77153 0.38118 -0.06548 0.50514 3 
95.156 -25.806 -9.414 0.02747 0.98494 0.09191 -0.14382 1 129.822 14.506 -9.955 0.44474 -0.79821 0.39929 -0.07505 2 81.116 -9.335 -7.711 0.74201 0.35724 -0.06136 0.56395 3 
94.096 -25.749 -9.302 0.03926 0.98976 0.05249 -0.12679 1 129.976 14.649 -9.951 0.4386 -0.80031 0.40248 -0.0717 2 80.763 -8.904 -8.658 0.71899 0.33161 -0.07295 0.60644 3 
93.466 -25.64 -9.045 0.04515 0.99132 0.00755 -0.12325 1 129.937 14.724 -10.022 0.43687 -0.80009 0.40511 -0.06989 2 80.443 -8.836 -9.53 0.68447 0.31739 -0.087 0.65054 3 
93.099 -25.539 -8.665 0.05027 0.98947 -0.03574 -0.13097 1 129.669 14.753 -10.064 0.43913 -0.79744 0.40794 -0.06956 2 80.371 -9.003 -10.121 0.64794 0.30839 -0.11076 0.68761 3 
92.959 -25.432 -8.144 0.0594 0.98488 -0.07221 -0.1458 1 129.324 14.694 -10.057 0.44248 -0.79435 0.41025 -0.07004 2 80.548 -9.167 -10.347 0.61633 0.30351 -0.14076 0.71288 3 
92.65 -25.185 -7.527 0.06824 0.97905 -0.10593 -0.15992 1 128.99 14.726 -10.11 0.44707 -0.79043 0.41282 -0.07022 2 80.506 -9.171 -10.329 0.59032 0.29994 -0.16696 0.73054 3 
92.179 -24.867 -6.806 0.07613 0.97175 -0.13566 -0.17747 1 128.749 14.711 -10.16 0.45021 -0.78822 0.41378 -0.06941 2 80.197 -9.124 -10.104 0.56571 0.29982 -0.19505 0.743 3 
91.675 -24.656 -6.012 0.08258 0.96436 -0.15628 -0.1969 1 128.618 14.742 -10.199 0.45016 -0.7873 0.41595 -0.06709 2 79.747 -9.011 -9.586 0.54938 0.30586 -0.22111 0.74548 3 
91.32 -24.516 -5.276 0.08905 0.95573 -0.18035 -0.21475 1 128.539 14.679 -10.195 0.45042 -0.7864 0.41787 -0.0639 2 79.437 -9.074 -9.2 0.52827 0.3085 -0.24685 0.75155 3 
91.212 -24.563 -4.713 0.09008 0.95124 -0.18425 -0.2304 1 128.468 14.591 -10.268 0.44992 -0.78621 0.41936 -0.05985 2 79.237 -9.035 -8.598 0.52368 0.31796 -0.26195 0.74568 3 
91.287 -24.577 -4.498 0.09337 0.94848 -0.18681 -0.23825 1 128.446 14.506 -10.249 0.44973 -0.78609 0.42005 -0.05805 2 79.366 -8.98 -8.386 0.52049 0.32072 -0.27168 0.74325 3 
91.353 -24.508 -4.558 0.09799 0.94731 -0.19534 -0.23421 1 128.445 14.487 -10.269 0.45141 -0.7851 0.42014 -0.05773 2 79.664 -9.043 -8.663 0.51472 0.31161 -0.27494 0.74991 3 
91.399 -24.443 -4.671 0.10292 0.94757 -0.19922 -0.22765 1 128.521 14.466 -10.278 0.45241 -0.78463 0.41973 -0.0592 2 80.068 -9.028 -8.952 0.51444 0.30097 -0.27745 0.75351 3 
91.418 -24.392 -4.723 0.10223 0.94774 -0.20068 -0.22597 1 128.661 14.442 -10.25 0.45227 -0.7848 0.41944 -0.06009 2 80.095 -9.037 -9.045 0.51264 0.2994 -0.27669 0.75565 3 
91.455 -24.47 -4.744 0.10032 0.94875 -0.19548 -0.22716 1 128.815 14.426 -10.235 0.45136 -0.78555 0.41892 -0.06075 2 80.1 -9 -8.931 0.51713 0.30246 -0.27574 0.75171 3 
91.5 -24.489 -4.758 0.10051 0.94849 -0.19741 -0.22649 1 128.919 14.423 -10.216 0.45133 -0.78576 0.41862 -0.06035 2 80.165 -9.078 -9.003 0.51519 0.30082 -0.27635 0.75347 3 
91.544 -24.486 -4.772 0.10242 0.94843 -0.19953 -0.22402 1 129.005 14.388 -10.244 0.45159 -0.78572 0.41846 -0.06002 2 80.332 -9.094 -9.104 0.51409 0.29667 -0.2769 0.75566 3 
91.597 -24.466 -4.806 0.10244 0.9487 -0.19916 -0.22318 1 129.081 14.374 -10.226 0.45149 -0.78565 0.41871 -0.05997 2 80.418 -9.078 -9.14 0.51465 0.29575 -0.27692 0.75563 3 
91.602 -24.426 -4.852 0.10335 0.94921 -0.19853 -0.22116 1 129.165 14.434 -10.241 0.45129 -0.78593 0.41835 -0.06017 2 80.502 -9.028 -9.209 0.51526 0.29329 -0.27629 0.7564 3 
91.607 -24.366 -4.901 0.10471 0.94912 -0.19927 -0.22021 1 129.235 14.422 -10.215 0.45074 -0.78628 0.41832 -0.06002 2 80.612 -8.968 -9.276 0.51553 0.29102 -0.27773 0.75657 3 
91.589 -24.33 -4.936 0.10399 0.94965 -0.19853 -0.21893 1 129.294 14.452 -10.227 0.45041 -0.78652 0.41824 -0.05996 2 80.599 -8.954 -9.317 0.51548 0.2899 -0.27643 0.75751 3 
91.578 -24.321 -4.994 0.10419 0.94993 -0.19817 -0.21795 1 129.306 14.434 -10.244 0.44975 -0.78705 0.41799 -0.0597 2 80.628 -8.944 -9.377 0.51613 0.28869 -0.27617 0.75763 3 
91.54 -24.311 -5.043 0.10489 0.95019 -0.20015 -0.21466 1 129.258 14.473 -10.217 0.45007 -0.78675 0.41818 -0.0599 2 80.652 -9.004 -9.506 0.51436 0.28482 -0.27491 0.76075 3 
91.522 -24.321 -5.1 0.10554 0.95085 -0.19918 -0.21231 1 129.175 14.442 -10.237 0.4516 -0.78578 0.41821 -0.06084 2 80.727 -8.977 -9.572 0.51612 0.2828 -0.27373 0.76073 3 
91.543 -24.329 -5.145 0.10514 0.95162 -0.19625 -0.21177 1 129.088 14.428 -10.245 0.45257 -0.78499 0.41853 -0.06166 2 80.749 -8.942 -9.556 0.51869 0.28338 -0.27249 0.75921 3 
91.558 -24.372 -5.173 0.10444 0.95189 -0.19553 -0.21156 1 129.04 14.415 -10.217 0.45276 -0.78483 0.41853 -0.0623 2 80.767 -8.966 -9.561 0.5196 0.28363 -0.27198 0.75868 3 
91.62 -24.472 -5.214 0.10281 0.95314 -0.19076 -0.21112 1 129.012 14.418 -10.223 0.45292 -0.78464 0.41864 -0.06278 2 80.794 -8.994 -9.523 0.52302 0.28507 -0.26985 0.75655 3 
92.184 -24.66 -5.182 0.09367 0.95814 -0.15901 -0.21889 1 128.955 14.42 -10.213 0.45303 -0.7849 0.41797 -0.06328 2 80.985 -8.689 -8.881 0.5429 0.30159 -0.25924 0.73966 3 
93.752 -25.468 -5.098 0.07324 0.96685 -0.05078 -0.2393 1 128.836 14.462 -10.152 0.45447 -0.78476 0.41621 -0.06618 2 82.121 -8.111 -6.512 0.61737 0.34598 -0.2352 0.66621 3 
96.102 -27.035 -5.321 0.04706 0.9565 0.12783 -0.25796 1 128.604 14.531 -10.13 0.46011 -0.78264 0.41304 -0.07193 2 84.493 -9.454 -2.652 0.73253 0.39324 -0.19222 0.52136 3 
99.139 -29.384 -6.28 0.01529 0.91097 0.30633 -0.27581 1 128.384 14.56 -10.129 0.46674 -0.77925 0.41085 -0.07821 2 88.14 -14.987 0.717 0.83148 0.42242 -0.14743 0.32934 3 
102.973 -31.823 -7.914 -0.01826 0.86345 0.41746 -0.28257 1 128.16 14.515 -10.035 0.47378 -0.7753 0.40825 -0.08813 2 91.939 -21.548 1.462 0.87308 0.43479 -0.10362 0.19479 3 
107.021 -33.369 -9.733 -0.03768 0.83725 0.46835 -0.27971 1 127.811 14.332 -9.997 0.48487 -0.76889 0.40414 -0.10189 2 95.519 -25.575 0.523 0.88586 0.43754 -0.07388 0.13547 3 
110.52 -33.811 -11.63 -0.04376 0.82241 0.49777 -0.27193 1 127.501 14.046 -9.921 0.4989 -0.76086 0.39852 -0.11562 2 98.917 -27.569 -0.86 0.89367 0.43359 -0.05885 0.09947 3 
113.318 -33.647 -13.62 -0.037 0.80036 0.5358 -0.2664 1 127.376 13.721 -9.864 0.50934 -0.75568 0.39189 -0.12624 2 102.432 -29.075 -2.294 0.90382 0.42185 -0.05397 0.04734 3 
114.995 -33.002 -15.383 -0.0368 0.78033 0.5653 -0.26489 1 127.545 13.401 -9.762 0.51483 -0.75508 0.38181 -0.13795 2 104.945 -30.059 -3.618 0.90774 0.41593 -0.05489 -0.00124 3 
115.747 -32.183 -16.736 -0.04312 0.769 0.57817 -0.26925 1 127.725 13.132 -9.627 0.51822 -0.75665 0.36734 -0.1549 2 106.027 -30.587 -4.829 0.90547 0.42005 -0.05048 -0.03371 3 
116.159 -31.573 -17.648 -0.04981 0.76975 0.57877 -0.26462 1 128.014 12.893 -9.486 0.51624 -0.76013 0.357 -0.16808 2 106.233 -30.42 -5.779 0.90495 0.42146 -0.04204 -0.04081 3 
116.4 -31.32 -18.26 -0.05838 0.76944 0.58102 -0.25876 1 128.55 12.506 -9.418 0.50782 -0.76667 0.35457 -0.16916 2 106.179 -30.638 -6.431 0.90363 0.42445 -0.03228 -0.04736 3 
116.458 -31.565 -18.366 -0.05078 0.77023 0.5806 -0.25898 1 129.15 12.251 -9.409 0.4952 -0.77554 0.35425 -0.16677 2 106.742 -30.783 -6.449 0.90404 0.4222 -0.04128 -0.05249 3 
116.65 -31.847 -18.519 -0.04614 0.76762 0.58457 -0.25867 1 129.705 11.787 -9.425 0.48269 -0.78314 0.35675 -0.16259 2 107.359 -31.444 -6.544 0.90231 0.42351 -0.047 -0.06537 3 
116.563 -31.854 -18.555 -0.04513 0.77001 0.58686 -0.24625 1 130.072 11.352 -9.454 0.47829 -0.78518 0.35842 -0.16207 2 107.231 -31.482 -6.534 0.90148 0.42529 -0.04585 -0.06608 3 
118.202 -31.707 -18.462 -0.05289 0.78376 0.58765 -0.19388 1 130.324 11.002 -9.366 0.4726 -0.78809 0.35652 -0.16868 2 107.541 -31.076 -6.564 0.90112 0.42587 -0.05264 -0.06197 3 
126.469 -28.891 -18.686 -0.12775 0.73798 0.62406 -0.22275 1 130.969 11.253 -9.05 0.45319 -0.80388 0.34151 -0.17824 2 107.541 -31.153 -6.532 0.90128 0.42547 -0.05198 -0.06301 3 
133.468 -24.312 -17.646 -0.10783 0.73383 0.65363 -0.15042 1 131.879 11.862 -8.844 0.41192 -0.8225 0.35071 -0.17556 2 107.515 -31.192 -6.543 0.90125 0.4255 -0.05185 -0.0633 3 
135.264 -23.238 -15.079 0.11497 0.75455 0.64558 0.02592 1 131.973 13.587 -8.982 0.40371 -0.82146 0.36733 -0.16521 2 107.537 -31.167 -6.527 0.90127 0.42548 -0.05184 -0.06312 3 
136.452 -16.033 -14.42 0.10848 0.66369 0.73271 0.10434 1 131.287 16.265 -9.37 0.40802 -0.81407 0.38653 -0.14627 2 107.524 -31.188 -6.539 0.90133 0.42534 -0.05186 -0.0632 3 
134.251 -10.688 -14.434 0.08447 0.66209 0.73933 0.08888 1 131.081 20.578 -9.629 0.39522 -0.81296 0.40223 -0.14525 2 107.528 -31.172 -6.546 0.90121 0.4256 -0.05185 -0.06327 3 
128.897 -8.473 -13.802 0.08497 0.69603 0.70444 0.10994 1 131.5 26.758 -9.772 0.36843 -0.82448 0.38805 -0.18414 2 107.534 -31.168 -6.547 0.90125 0.42549 -0.05199 -0.06325 3 
119.036 -3.271 -11.642 0.09861 0.72099 0.68574 0.01422 1 131.984 35.678 -9.461 0.29663 -0.86339 0.36854 -0.17536 2 107.54 -31.157 -6.538 0.90125 0.42553 -0.05195 -0.06308 3 
108.066 5.3 -8.415 0.35035 0.67178 0.64622 0.09144 1 129.783 44.675 -9.672 0.02596 -0.88669 0.44484 -0.1234 2 107.546 -31.146 -6.531 0.90124 0.42555 -0.052 -0.06303 3 
100.902 18.381 -6.969 0.4223 0.69675 0.5199 0.25672 1 120.722 48.293 -9.449 -0.11209 -0.85336 0.48563 -0.15291 2 107.538 -31.15 -6.534 0.90128 0.42545 -0.05201 -0.0631 3 
94.363 29.104 -7.484 0.41976 0.7676 0.40716 0.26233 1 111.435 51.359 -9.375 -0.16136 -0.81021 0.53958 -0.16239 2 107.544 -31.143 -6.536 0.90125 0.42551 -0.05204 -0.06316 3 
87.737 35.922 -9.342 0.35652 0.7827 0.41055 0.30285 1 104.39 54.239 -9.641 -0.16326 -0.78879 0.5698 -0.16274 2 107.552 -31.129 -6.537 0.9012 0.42562 -0.05203 -0.06303 3 
84.101 39.065 -11.695 0.27934 0.75478 0.43527 0.40351 1 100.178 56.216 -10.088 -0.17911 -0.773 0.58528 -0.16684 2 107.544 -31.152 -6.528 0.90134 0.42534 -0.05204 -0.06302 3 
82.648 40.385 -13.03 0.22574 0.73918 0.44023 0.45701 1 98.248 57.854 -10.71 -0.19272 -0.75913 0.59152 -0.19156 2 107.552 -31.134 -6.527 0.90127 0.42549 -0.05206 -0.06294 3 
81.964 40.489 -13.745 0.17975 0.73102 0.44657 0.4836 1 96.9 58.943 -11.44 -0.187 -0.74411 0.60892 -0.20137 2 107.554 -31.131 -6.54 0.90125 0.42552 -0.05213 -0.06302 3 
81.487 40.522 -14.156 0.15751 0.71005 0.4647 0.50504 1 95.491 59.531 -11.76 -0.18397 -0.73757 0.6129 -0.21564 2 107.554 -31.132 -6.545 0.90126 0.42547 -0.05221 -0.06303 3 
80.902 40.826 -14.093 0.15667 0.71573 0.44295 0.5167 1 94.021 60.07 -12.187 -0.19219 -0.73576 0.61019 -0.22226 2 107.565 -31.103 -6.533 0.90118 0.42567 -0.05214 -0.06298 3 
80.512 40.746 -13.987 0.1545 0.71529 0.4384 0.52181 1 92.947 60.44 -12.851 -0.20641 -0.73355 0.6075 -0.22415 2 107.569 -31.115 -6.519 0.90122 0.42561 -0.05208 -0.0629 3 
80.398 40.769 -13.865 0.1584 0.71537 0.42936 0.52801 1 92.28 61.265 -13.793 -0.2249 -0.72213 0.60793 -0.24162 2 107.563 -31.122 -6.52 0.90128 0.42548 -0.05204 -0.06287 3 
80.315 40.959 -13.87 0.15761 0.72333 0.42389 0.52179 1 92.076 61.245 -14.081 -0.22736 -0.70691 0.62316 -0.24547 2 107.566 -31.119 -6.529 0.90126 0.42549 -0.05212 -0.06298 3 
80.531 40.884 -14.061 0.16329 0.71099 0.44618 0.51841 1 92.305 61.606 -13.019 -0.22121 -0.70526 0.63158 -0.23404 2 107.564 -31.125 -6.532 0.90127 0.42547 -0.05216 -0.06297 3 
82.973 40.688 -12.917 0.22022 0.69369 0.49437 0.47528 1 94.694 60.275 -12.158 -0.19619 -0.71565 0.63765 -0.20679 2 107.567 -31.104 -6.539 0.9012 0.42563 -0.05215 -0.06297 3 
85.841 40.296 -12.547 0.23992 0.67818 0.52098 0.45945 1 98.225 59.715 -10.564 -0.21745 -0.72512 0.62121 -0.20254 2 107.564 -31.123 -6.523 0.90128 0.42547 -0.05211 -0.06292 3 
84.986 38.262 -12.113 0.24557 0.80281 0.41092 0.35544 1 99.353 59.826 -10.803 -0.22464 -0.74013 0.59944 -0.20597 2 107.562 -31.117 -6.516 0.90123 0.42558 -0.05199 -0.06299 3 
82.807 38.16 -12.298 0.27753 0.81776 0.35556 0.35753 1 97.516 59.973 -11.202 -0.19687 -0.75426 0.58977 -0.21095 2 107.556 -31.135 -6.523 0.9013 0.42541 -0.05206 -0.06295 3 
81.488 39.403 -13.245 0.28525 0.7746 0.37397 0.42281 1 95.479 60.166 -11.818 -0.18764 -0.75438 0.58623 -0.22809 2 107.561 -31.129 -6.525 0.90127 0.4255 -0.05204 -0.06296 3 
81.028 40.482 -13.909 0.28667 0.74994 0.35136 0.48162 1 94.335 60.467 -12.453 -0.19005 -0.75356 0.58379 -0.23499 2 107.563 -31.119 -6.523 0.90123 0.42557 -0.05207 -0.06297 3 
80.957 41.054 -14.194 0.27226 0.73847 0.33051 0.52086 1 93.545 60.9 -12.889 -0.18946 -0.75011 0.58606 -0.24078 2 107.564 -31.121 -6.52 0.90128 0.42547 -0.05208 -0.0629 3 
80.735 41.097 -14.166 0.24404 0.7299 0.34824 0.53519 1 92.738 60.934 -13.636 -0.19155 -0.74787 0.58597 -0.24624 2 107.56 -31.131 -6.525 0.90129 0.42546 -0.05206 -0.06289 3 
