121.831 -28.908 -13.461 0.52098 0.69179 0.45981 0.19644 1 122.288 13.691 -10.066 0.47236 -0.79085 0.36512 -0.13459 2 101.982 22.253 -4.453 0.98937 -0.12187 -0.07263 0.03198 3 
121.947 -28.825 -13.463 0.51836 0.69322 0.46082 0.19595 1 122.235 13.695 -10.093 0.47299 -0.78866 0.36822 -0.13675 2 101.98 22.26 -4.449 0.98938 -0.12177 -0.07263 0.0319 3 
122.116 -28.786 -13.436 0.51623 0.694 0.46191 0.19626 1 122.19 13.753 -10.083 0.47548 -0.7862 0.36932 -0.13932 2 101.982 22.263 -4.455 0.98938 -0.12179 -0.07264 0.032 3 
122.27 -28.691 -13.459 0.51424 0.69458 0.46368 0.19525 1 122.16 13.812 -10.095 0.47615 -0.78569 0.36863 -0.14175 2 101.978 22.253 -4.456 0.98937 -0.12188 -0.07263 0.03201 3 
122.345 -28.61 -13.425 0.51315 0.69545 0.46357 0.19524 1 122.06 14.709 -9.731 0.46642 -0.80436 0.33578 -0.15072 2 101.979 22.269 -4.456 0.98938 -0.12174 -0.07265 0.03204 3 
122.514 -28.498 -13.428 0.50577 0.70025 0.46573 0.19221 1 122.444 19.385 -9.771 0.25693 -0.88942 0.37113 -0.07202 2 101.982 22.256 -4.462 0.98936 -0.12188 -0.07269 0.03199 3 
122.533 -28.365 -13.492 0.50555 0.7007 0.46738 0.18705 1 121.515 23.277 -10.89 -0.09494 -0.89537 0.4349 0.01269 2 101.981 22.261 -4.455 0.98937 -0.12182 -0.07266 0.03197 3 
122.031 -28.366 -13.46 0.51779 0.69346 0.46176 0.19439 1 116.838 23.322 -12.136 -0.18033 -0.86472 0.46752 0.03422 2 101.984 22.252 -4.454 0.98936 -0.1219 -0.07265 0.03199 3 
121.723 -28.398 -13.41 0.52305 0.6911 0.45618 0.20173 1 113.298 22.376 -12.905 -0.20262 -0.8533 0.47809 0.04746 2 101.982 22.255 -4.46 0.98936 -0.1219 -0.07269 0.03203 3 
121.926 -28.381 -13.383 0.51677 0.6963 0.45593 0.20061 1 111.372 21.897 -13.356 -0.22698 -0.84546 0.47253 0.10192 2 101.98 22.26 -4.457 0.98937 -0.12185 -0.07268 0.03201 3 
122.313 -28.358 -13.281 0.5067 0.70544 0.45345 0.19999 1 110.545 21.694 -13.491 -0.24407 -0.84743 0.44456 0.15706 2 101.642 22.341 -4.43 0.98976 -0.12135 -0.06757 0.03283 3 
122.657 -28.236 -13.235 0.49805 0.713 0.4534 0.19495 1 110.146 21.874 -13.479 -0.26017 -0.84148 0.4245 0.20982 2 101.232 22.423 -4.431 0.99156 -0.10653 -0.06666 0.03182 3 
122.936 -28.154 -13.27 0.49076 0.71875 0.45398 0.19094 1 109.443 22.007 -13.248 -0.26683 -0.84682 0.40209 0.22367 2 100.237 22.669 -4.383 0.99253 -0.1043 -0.05283 0.03489 3 
123.11 -28.243 -13.184 0.4861 0.72211 0.45466 0.18853 1 107.851 21.844 -12.553 -0.28104 -0.85436 0.37183 0.22983 2 95.563 22.533 -4.048 0.99295 -0.11043 0.02909 0.03177 3 
123.37 -28.226 -13.209 0.47866 0.72697 0.4564 0.18467 1 105.53 21.506 -11.37 -0.21593 -0.88799 0.33421 0.23053 2 93.377 19.037 -2.847 0.99732 -0.06336 0.0235 -0.02811 3 
123.47 -28.25 -13.243 0.4767 0.72895 0.45817 0.17741 1 101.724 19.96 -9.339 -0.12656 -0.93047 0.26831 0.215 2 89.269 12.375 -1.625 0.9885 0.00233 0.04961 -0.14285 3 
123.415 -28.38 -13.322 0.47895 0.7282 0.46064 0.16776 1 98.002 17.203 -7.672 -0.05102 -0.96183 0.18679 0.19337 2 85.538 5.348 -1.485 0.96021 0.05387 0.09203 -0.25811 3 
123.634 -28.505 -13.418 0.4764 0.7298 0.46482 0.15609 1 95.16 14.286 -6.819 -0.00478 -0.97782 0.10011 0.18391 2 82.835 -0.36 -2.377 0.92254 0.06934 0.12942 -0.35687 3 
124.07 -28.623 -13.546 0.46879 0.73421 0.47099 0.13906 1 93.009 11.698 -6.747 0.01641 -0.98601 0.00769 0.16568 2 80.475 -4.555 -4.286 0.87489 0.06625 0.17484 -0.44678 3 
124.517 -28.8 -13.684 0.46217 0.73833 0.47603 0.12111 1 91.76 9.87 -7.128 0.03223 -0.9847 -0.07788 0.1525 2 79.709 -7.411 -6.546 0.82104 0.06213 0.19808 -0.53179 3 
124.893 -29.032 -13.854 0.45464 0.7417 0.48078 0.1097 1 91.171 8.791 -7.53 0.05175 -0.9738 -0.15471 0.15844 2 80.476 -9.238 -8.38 0.76929 0.06061 0.18492 -0.60855 3 
124.979 -29.462 -13.946 0.45534 0.74027 0.4832 0.1058 1 90.519 8.317 -7.628 0.06277 -0.95991 -0.21606 0.16721 2 80.524 -9.876 -9.697 0.72316 0.05351 0.17823 -0.66514 3 
124.934 -29.884 -14.01 0.45883 0.7374 0.48434 0.10551 1 89.845 8.27 -7.462 0.0666 -0.94572 -0.26323 0.17857 2 80.071 -9.675 -10.446 0.68476 0.04203 0.17334 -0.7066 3 
124.737 -30.241 -14.066 0.46144 0.735 0.4854 0.10603 1 89.495 8.347 -7.145 0.0807 -0.92834 -0.30394 0.1982 2 80.301 -9.524 -10.817 0.652 0.03666 0.15413 -0.74148 3 
124.438 -30.572 -14.095 0.4671 0.73179 0.48475 0.10639 1 89.293 8.246 -6.678 0.09431 -0.91325 -0.32869 0.22146 2 80.611 -9.669 -10.738 0.63301 0.03052 0.12681 -0.76307 3 
124.19 -30.754 -14.137 0.47043 0.72995 0.48448 0.10556 1 89.086 8.117 -6.23 0.09934 -0.90126 -0.34382 0.24423 2 80.505 -9.808 -10.412 0.62225 0.01953 0.10445 -0.77558 3 
124.019 -30.945 -14.156 0.47334 0.72864 0.48416 0.10306 1 88.938 8.089 -5.822 0.10234 -0.89296 -0.35322 0.25959 2 80.417 -9.84 -10.107 0.6156 0.012 0.0882 -0.78302 3 
123.935 -31.008 -14.195 0.4739 0.72822 0.48488 0.10001 1 88.782 8.203 -5.536 0.10316 -0.88499 -0.36558 0.26925 2 80.232 -9.606 -9.975 0.6062 0.00563 0.07902 -0.79136 3 
123.87 -31.074 -14.219 0.47578 0.72719 0.48495 0.0983 1 88.777 8.395 -5.294 0.09924 -0.88217 -0.36897 0.2753 2 80.01 -9.353 -9.752 0.60438 -0.00173 0.07521 -0.79314 3 
123.832 -31.068 -14.215 0.47704 0.72635 0.48524 0.0969 1 88.907 8.456 -5.157 0.1005 -0.87818 -0.37305 0.28202 2 80.177 -9.295 -9.648 0.60144 -0.00489 0.06743 -0.79605 3 
123.824 -31.009 -14.214 0.47902 0.72538 0.48504 0.09543 1 88.947 8.404 -5.113 0.10417 -0.87426 -0.37901 0.28489 2 80.38 -9.347 -9.712 0.59554 -0.00371 0.06287 -0.80085 3 
123.94 -30.914 -14.218 0.47854 0.7258 0.48511 0.09419 1 88.992 8.379 -5.121 0.10323 -0.87436 -0.37875 0.28529 2 80.401 -9.358 -9.718 0.59584 -0.00426 0.06277 -0.80063 3 
124.101 -30.862 -14.213 0.47713 0.72637 0.4857 0.09401 1 89.092 8.425 -5.115 0.10449 -0.87502 -0.37686 0.2853 2 80.594 -9.381 -9.686 0.59725 -0.0025 0.06136 -0.7997 3 
124.215 -30.832 -14.228 0.47765 0.72677 0.48466 0.0936 1 89.148 8.419 -5.119 0.10505 -0.87369 -0.37902 0.28633 2 80.637 -9.348 -9.729 0.59478 -0.00295 0.06129 -0.80154 3 
124.306 -30.8 -14.204 0.47738 0.72719 0.48444 0.09287 1 89.231 8.398 -5.103 0.1053 -0.8739 -0.37774 0.28728 2 80.758 -9.417 -9.676 0.59639 -0.00267 0.05971 -0.80047 3 
124.396 -30.787 -14.226 0.47754 0.7276 0.4838 0.09217 1 89.306 8.392 -5.104 0.10561 -0.87438 -0.37564 0.28845 2 80.87 -9.497 -9.632 0.59825 -0.00257 0.05785 -0.79921 3 
124.502 -30.761 -14.192 0.47676 0.72849 0.4833 0.09171 1 89.368 8.399 -5.107 0.10538 -0.87448 -0.37535 0.28862 2 80.926 -9.489 -9.632 0.59853 -0.00257 0.05767 -0.79902 3 
124.583 -30.744 -14.186 0.47639 0.7291 0.48276 0.09171 1 89.45 8.461 -5.152 0.10586 -0.87564 -0.37313 0.28778 2 81.073 -9.478 -9.637 0.6004 -0.00084 0.05765 -0.79762 3 
124.61 -30.699 -14.144 0.4764 0.72958 0.48185 0.09263 1 89.512 8.511 -5.227 0.10527 -0.87711 -0.37123 0.28598 2 81.121 -9.433 -9.675 0.60196 7e-05 0.05963 -0.7963 3 
124.602 -30.702 -14.154 0.47741 0.7294 0.4809 0.0938 1 89.582 8.587 -5.291 0.10432 -0.87876 -0.36849 0.28479 2 81.189 -9.393 -9.676 0.60458 0.00063 0.06028 -0.79426 3 
124.616 -30.654 -14.148 0.47767 0.72936 0.48062 0.09414 1 89.618 8.678 -5.301 0.10386 -0.8793 -0.36803 0.28389 2 81.219 -9.299 -9.692 0.60479 0.00113 0.0612 -0.79403 3 
124.638 -30.615 -14.133 0.47756 0.72976 0.4802 0.09376 1 89.623 8.794 -5.282 0.1018 -0.88046 -0.36606 0.28359 2 81.13 -9.193 -9.625 0.60731 -0.00018 0.06258 -0.792 3 
124.666 -30.576 -14.131 0.47731 0.73004 0.48001 0.09387 1 89.681 8.881 -5.279 0.10067 -0.88102 -0.36439 0.2844 2 81.142 -9.125 -9.578 0.60913 -0.00121 0.0622 -0.79062 3 
124.669 -30.607 -14.104 0.47854 0.72965 0.47921 0.09471 1 89.77 8.901 -5.302 0.10088 -0.88161 -0.36308 0.28418 2 81.265 -9.137 -9.564 0.61022 -0.00031 0.06212 -0.78979 3 
124.706 -30.532 -14.091 0.47847 0.72985 0.47911 0.094 1 89.873 8.9 -5.34 0.09998 -0.8835 -0.36009 0.28242 2 81.346 -9.166 -9.573 0.61285 0.00038 0.06414 -0.78759 3 
124.785 -30.515 -14.092 0.47878 0.72969 0.47904 0.09403 1 90.02 8.961 -5.361 0.09784 -0.88949 -0.34906 0.2782 2 81.485 -9.231 -9.396 0.62219 0.00338 0.06785 -0.77991 3 
124.869 -30.515 -14.087 0.47941 0.72908 0.47927 0.09445 1 90.181 9.061 -5.354 0.09503 -0.89568 -0.33515 0.27641 2 81.588 -9.317 -9.098 0.63531 0.00485 0.06981 -0.76908 3 
124.9 -30.527 -14.105 0.48081 0.72821 0.47891 0.09582 1 90.389 9.135 -5.265 0.09028 -0.90187 -0.31806 0.27804 2 81.697 -9.439 -8.653 0.65049 0.00398 0.06833 -0.75643 3 
124.929 -30.544 -14.066 0.48231 0.72701 0.47862 0.09879 1 90.602 9.437 -5.067 0.07728 -0.91851 -0.27081 0.27755 2 81.661 -9.49 -7.485 0.68829 0.00409 0.06767 -0.72226 3 
124.955 -30.51 -14.021 0.48253 0.72639 0.4787 0.10185 1 91.017 10.25 -4.804 0.05684 -0.94268 -0.18629 0.27098 2 81.765 -8.872 -5.436 0.75396 0.01085 0.0658 -0.65353 3 
124.811 -30.519 -14.089 0.48538 0.72439 0.47788 0.10631 1 91.863 11.579 -4.706 0.03143 -0.95938 -0.08779 0.26627 2 82.318 -6.876 -3.047 0.82594 0.01962 0.05515 -0.5607 3 
124.606 -30.497 -14.035 0.48866 0.72144 0.47705 0.11471 1 93.64 13.855 -4.745 -0.00813 -0.96438 0.03701 0.2618 2 83.752 -2.32 -0.297 0.90193 0.02638 0.03363 -0.42977 3 
124.284 -30.467 -13.953 0.4932 0.71725 0.476 0.12542 1 96.274 16.702 -5.157 -0.05784 -0.9504 0.16797 0.25532 2 86.263 4.545 1.844 0.96094 0.03093 0.00653 -0.27496 3 
123.732 -30.364 -13.962 0.49971 0.71203 0.47384 0.13705 1 99.647 19.3 -5.934 -0.11036 -0.92413 0.2662 0.2509 2 89.328 11.386 2.461 0.98918 0.01941 -0.00671 -0.14523 3 
122.928 -30.297 -13.826 0.51025 0.70414 0.4698 0.15203 1 103.059 21.114 -6.932 -0.1479 -0.9067 0.30801 0.2473 2 92.254 15.604 1.761 0.99662 -0.00196 -0.00337 -0.08211 3 
121.97 -30.214 -13.789 0.52516 0.69406 0.46298 0.16775 1 105.909 21.858 -8.22 -0.16723 -0.90489 0.30385 0.24675 2 95.362 16.808 0.374 0.99623 -0.02398 -0.01563 -0.0819 3 
120.98 -30.091 -13.677 0.5396 0.68455 0.4544 0.18367 1 107.735 21.961 -9.566 -0.16736 -0.90511 0.30254 0.24744 2 97.915 16.758 -1.019 0.99476 -0.02855 -0.03548 -0.09156 3 
120.292 -30.028 -13.561 0.55019 0.67742 0.44724 0.19587 1 108.693 21.513 -10.686 -0.18984 -0.89888 0.31385 0.23973 2 98.772 17.384 -2.129 0.9959 -0.04265 -0.03623 -0.07109 3 
120.084 -30.079 -13.514 0.55267 0.67621 0.44287 0.20287 1 109.137 21.015 -11.579 -0.22625 -0.88641 0.33032 0.23232 2 98.575 18.863 -3.025 0.99719 -0.06538 -0.02227 -0.02899 3 
120.252 -30.124 -13.476 0.5467 0.6811 0.44241 0.20371 1 109.343 20.723 -12.312 -0.25267 -0.88021 0.33019 0.22881 2 98.621 19.753 -3.829 0.99604 -0.0865 -0.01879 -0.00782 3 
120.576 -30.185 -13.464 0.53858 0.68747 0.44263 0.20348 1 109.172 20.634 -12.76 -0.26194 -0.87944 0.32034 0.23526 2 98.572 19.867 -4.259 0.99478 -0.09917 -0.02338 -0.00603 3 
120.826 -30.283 -13.447 0.53275 0.69163 0.44245 0.2051 1 108.801 20.64 -12.889 -0.25821 -0.87812 0.32122 0.243 2 99.011 19.924 -4.284 0.99393 -0.10057 -0.04452 -0.00396 3 
120.963 -30.351 -13.447 0.52966 0.69313 0.44331 0.20619 1 108.861 20.829 -13.006 -0.26474 -0.87007 0.33721 0.24326 2 99.603 20.97 -4.332 0.99271 -0.10568 -0.05466 0.01938 3 
120.869 -30.321 -13.477 0.53011 0.69119 0.44531 0.20721 1 109.285 20.977 -13.14 -0.26756 -0.86421 0.34938 0.24391 2 100.637 21.596 -4.422 0.99115 -0.10879 -0.06914 0.03161 3 
120.37 -30.393 -13.499 0.53965 0.68311 0.44456 0.21095 1 109.445 21.02 -13.194 -0.26249 -0.86406 0.35845 0.23667 2 100.984 21.541 -4.432 0.99116 -0.10618 -0.07372 0.03003 3 
119.823 -30.47 -13.541 0.55232 0.67156 0.4435 0.21741 1 109.521 21.126 -13.177 -0.25422 -0.86189 0.37896 0.22114 2 101.021 21.52 -4.424 0.99137 -0.10368 -0.07458 0.02959 3 
119.434 -30.624 -13.635 0.56286 0.6607 0.44325 0.22403 1 111.407 21.352 -13.223 -0.24658 -0.87425 0.39725 0.13065 2 101.031 21.526 -4.438 0.99135 -0.10372 -0.0747 0.02963 3 
119.567 -30.961 -13.66 0.56208 0.65947 0.44544 0.22529 1 117.957 22.699 -12.863 -0.24271 -0.87019 0.4192 0.09018 2 101.053 21.502 -4.431 0.99131 -0.10411 -0.07478 0.02961 3 
120.001 -31.276 -13.733 0.55015 0.66734 0.44991 0.22265 1 124.085 23.208 -10.737 -0.13134 -0.92367 0.35792 0.03842 2 101.026 21.527 -4.428 0.99137 -0.10361 -0.07468 0.02953 3 
119.999 -31.493 -13.719 0.55198 0.66599 0.44827 0.22544 1 126.677 19.327 -8.624 0.14345 -0.95375 0.24941 -0.08711 2 101.051 21.518 -4.434 0.99134 -0.10388 -0.07475 0.02959 3 
119.703 -31.646 -13.715 0.5634 0.65612 0.44551 0.23152 1 128.046 13.816 -8.155 0.39253 -0.88968 0.17324 -0.15613 2 101.037 21.509 -4.434 0.99134 -0.10388 -0.07471 0.02961 3 
119.696 -31.628 -13.79 0.56979 0.64862 0.44869 0.2309 1 127.855 10.669 -8.893 0.40719 -0.85681 0.28469 -0.13793 2 101.04 21.531 -4.429 0.99136 -0.10372 -0.07465 0.02962 3 
120.381 -31.709 -13.924 0.55904 0.65208 0.45966 0.22579 1 127.66 10.698 -9.057 0.41095 -0.84855 0.3095 -0.12368 2 101.047 21.51 -4.439 0.99133 -0.10394 -0.07474 0.02963 3 
120.896 -31.858 -13.926 0.55837 0.65003 0.4623 0.22795 1 127.948 10.624 -8.962 0.4105 -0.84906 0.3034 -0.13613 2 101.04 21.517 -4.428 0.99135 -0.10385 -0.07463 0.02961 3 
121.354 -31.895 -13.989 0.55598 0.64744 0.46722 0.23112 1 128.377 10.669 -8.977 0.41295 -0.84522 0.30899 -0.13997 2 101.046 21.512 -4.429 0.99134 -0.10392 -0.07465 0.0296 3 
121.523 -31.651 -13.981 0.5596 0.63972 0.46457 0.24855 1 129.068 11.4 -8.75 0.42146 -0.84433 0.29015 -0.15907 2 101.035 21.514 -4.431 0.99134 -0.10382 -0.07475 0.02957 3 
120.977 -32.093 -13.686 0.55585 0.64059 0.42381 0.3179 1 129.608 14.241 -8.175 0.39936 -0.86936 0.22925 -0.17933 2 101.032 21.509 -4.437 0.99134 -0.10383 -0.07473 0.02958 3 
121.528 -33.399 -15.195 0.38582 0.68774 0.47645 0.38877 1 129.665 20.93 -7.948 0.22599 -0.94104 0.20924 -0.13998 2 101.036 21.508 -4.432 0.99134 -0.10386 -0.07471 0.0295 3 
122.914 -30.571 -16.228 0.16209 0.7392 0.59069 0.28 1 129.497 28.087 -7.94 -0.03537 -0.96559 0.25193 -0.05397 2 101.036 21.522 -4.432 0.99135 -0.10374 -0.07473 0.0296 3 
118.614 -22.456 -14.739 0.23873 0.72553 0.59492 0.25037 1 126.949 33.515 -8.295 -0.22208 -0.92259 0.31343 -0.0355 2 101.033 21.52 -4.429 0.99136 -0.10376 -0.07465 0.02956 3 
114.494 -8.489 -13.298 0.35605 0.64804 0.60811 0.28892 1 122.489 38.573 -8.78 -0.25231 -0.88821 0.38146 -0.04359 2 101.037 21.521 -4.436 0.99135 -0.10378 -0.07467 0.02963 3 
111.982 7.114 -12.226 0.46928 0.54225 0.60676 0.34292 1 117.512 43.838 -9.057 -0.24639 -0.87273 0.42068 -0.02589 2 101.026 21.533 -4.418 0.99137 -0.10365 -0.07461 0.02956 3 
109.068 22.13 -10.512 0.4995 0.50681 0.62782 0.31542 1 112.918 49.97 -9.215 -0.2695 -0.82737 0.49076 -0.0445 2 101.035 21.52 -4.425 0.99134 -0.10389 -0.07463 0.0296 3 
102.46 33.745 -9.987 0.33552 0.51448 0.73506 0.2871 1 109.906 54.378 -9.208 -0.28194 -0.79251 0.53963 -0.0352 2 101.044 21.538 -4.438 0.99134 -0.10381 -0.07469 0.02977 3 
94.702 38.18 -10.449 0.24795 0.61508 0.69234 0.28436 1 106.935 56.38 -9.089 -0.26142 -0.79269 0.54323 -0.09055 2 101.036 21.534 -4.427 0.99136 -0.10369 -0.07465 0.02964 3 
88.616 39.289 -11.85 0.20998 0.72505 0.56576 0.33184 1 104.397 57.022 -9.601 -0.23276 -0.79516 0.55034 -0.10329 2 101.049 21.542 -4.439 0.99134 -0.10386 -0.07471 0.02975 3 
85.131 39.89 -12.871 0.17975 0.74884 0.51149 0.38118 1 102.02 57.835 -10.076 -0.22262 -0.7882 0.56041 -0.12297 2 101.044 21.534 -4.422 0.99134 -0.10388 -0.07459 0.02968 3 
83.566 40.466 -13.713 0.15556 0.72392 0.51101 0.43659 1 99.584 58.639 -10.489 -0.20669 -0.78435 0.56822 -0.13857 2 101.047 21.55 -4.436 0.99135 -0.10377 -0.07467 0.02975 3 
83.187 41.009 -14.122 0.15494 0.70671 0.49633 0.4798 1 98.015 59.215 -11.167 -0.20382 -0.78246 0.57249 -0.13592 2 101.057 21.548 -4.445 0.99132 -0.10388 -0.07487 0.02984 3 
82.966 41.353 -14.463 0.1378 0.70196 0.4888 0.49933 1 96.757 59.948 -11.522 -0.20065 -0.77786 0.57666 -0.1488 2 101.047 21.55 -4.439 0.99134 -0.10381 -0.07474 0.02983 3 
82.683 41.54 -14.505 0.13546 0.7131 0.45845 0.5128 1 95.997 60.583 -11.815 -0.20601 -0.77552 0.57512 -0.15926 2 101.053 21.562 -4.432 0.99136 -0.1037 -0.07466 0.02974 3 
82.391 41.619 -14.525 0.12798 0.70522 0.46533 0.51939 1 95.034 60.924 -12.22 -0.206 -0.77339 0.57535 -0.16852 2 101.05 21.552 -4.421 0.99136 -0.10377 -0.07457 0.02973 3 
