121.909 -30.597 -13.363 0.50433 0.68941 0.49611 0.15568 1 120.151 10.379 -9.323 0.4828 -0.80824 0.31447 -0.12148 2 41.307 13.721 9.442 0.96923 -0.01868 -0.22776 0.09149 3 
122.269 -30.646 -13.343 0.50028 0.69155 0.49816 0.15269 1 119.985 10.275 -9.337 0.48793 -0.80486 0.31453 -0.12327 2 41.307 13.721 9.442 0.96923 -0.01868 -0.22774 0.09149 3 
122.521 -30.66 -13.382 0.49639 0.69397 0.49997 0.14841 1 119.866 10.168 -9.32 0.49179 -0.80239 0.31377 -0.12595 2 41.307 13.721 9.443 0.96923 -0.01868 -0.22774 0.09149 3 
122.639 -30.763 -13.417 0.49453 0.69501 0.50096 0.14642 1 119.78 9.987 -9.334 0.49352 -0.80132 0.31314 -0.12755 2 41.307 13.721 9.442 0.96923 -0.01868 -0.22775 0.09148 3 
122.558 -30.968 -13.463 0.49586 0.69344 0.50183 0.14643 1 119.756 9.878 -9.337 0.49093 -0.80269 0.31245 -0.13059 2 41.306 13.721 9.442 0.96923 -0.01868 -0.22774 0.09149 3 
122.386 -31.199 -13.443 0.49834 0.69032 0.50216 0.15151 1 119.498 10.011 -8.807 0.47507 -0.8189 0.26539 -0.18241 2 41.307 13.721 9.442 0.96923 -0.01868 -0.22776 0.09149 3 
122.17 -31.429 -13.501 0.49908 0.68932 0.50269 0.15184 1 116.765 12.407 -7.096 0.44518 -0.86919 0.15235 -0.15201 2 41.306 13.721 9.442 0.96923 -0.01868 -0.22775 0.0915 3 
121.606 -31.726 -13.556 0.50711 0.68415 0.50114 0.15372 1 111.461 14.831 -3.71 0.41846 -0.90217 0.10122 0.0271 2 41.307 13.721 9.442 0.96923 -0.01869 -0.22776 0.09149 3 
120.933 -31.92 -13.579 0.51889 0.67598 0.49897 0.15755 1 106.046 15.198 0.641 0.41554 -0.87621 0.10884 0.21848 2 41.307 13.721 9.442 0.96923 -0.01868 -0.22776 0.09149 3 
120.426 -31.914 -13.581 0.52704 0.66892 0.49827 0.16278 1 100.191 14.651 4.862 0.36946 -0.8612 0.07259 0.34141 2 41.307 13.721 9.442 0.96923 -0.01868 -0.22776 0.0915 3 
120.235 -31.669 -13.632 0.52422 0.66834 0.50267 0.16074 1 92.769 15.001 7.748 0.30808 -0.86558 0.11921 0.37636 2 41.307 13.721 9.442 0.96923 -0.01868 -0.22776 0.09149 3 
120.208 -31.047 -13.666 0.50896 0.67462 0.51123 0.1565 1 83.938 16.311 8.778 0.24288 -0.87127 0.20352 0.37479 2 41.307 13.721 9.442 0.96923 -0.01868 -0.22774 0.09149 3 
120.062 -30.049 -13.623 0.48659 0.68201 0.52303 0.15665 1 75.117 17.442 7.773 0.16496 -0.89228 0.24266 0.34314 2 41.307 13.722 9.442 0.96923 -0.01867 -0.22775 0.0915 3 
119.739 -28.856 -13.543 0.46019 0.68905 0.5359 0.16201 1 66.52 18.836 5.377 0.08545 -0.90498 0.31361 0.27453 2 41.307 13.721 9.442 0.96923 -0.01868 -0.22775 0.09149 3 
119.306 -27.482 -13.433 0.43107 0.6953 0.54902 0.17123 1 59.564 19.393 2.467 0.01919 -0.89286 0.40228 0.2015 2 41.306 13.721 9.443 0.96923 -0.01868 -0.22776 0.0915 3 
118.861 -26.065 -13.324 0.39915 0.69975 0.56353 0.18294 1 54.027 18.686 -0.046 -0.00862 -0.87999 0.45133 0.14783 2 41.308 13.722 9.44 0.96922 -0.01868 -0.22779 0.09151 3 
118.677 -24.883 -13.168 0.36756 0.70377 0.57553 0.19591 1 49.853 18.205 -1.838 -0.03182 -0.86271 0.48925 0.12389 2 41.306 13.722 9.441 0.96922 -0.01868 -0.22778 0.09151 3 
118.425 -24.005 -12.992 0.34239 0.70595 0.58168 0.2146 1 46.466 17.652 -2.931 -0.0335 -0.85804 0.49902 0.11672 2 41.306 13.723 9.441 0.96922 -0.01866 -0.22778 0.09152 3 
117.973 -23.374 -12.829 0.32767 0.70529 0.58526 0.22949 1 44.404 16.901 -3.572 -0.02314 -0.86758 0.47517 0.14482 2 41.306 13.723 9.44 0.96922 -0.01865 -0.2278 0.09152 3 
117.287 -23.033 -12.719 0.31986 0.70539 0.58554 0.23928 1 43.4 16.394 -4.175 -0.03729 -0.86637 0.46598 0.17571 2 41.289 13.724 9.445 0.96927 -0.01863 -0.22755 0.09157 3 
116.806 -22.771 -12.577 0.31491 0.70625 0.58583 0.24259 1 42.761 16.049 -4.298 -0.03199 -0.85129 0.472 0.22693 2 40.58 13.696 9.61 0.97079 -0.02318 -0.21958 0.0939 3 
116.632 -22.514 -12.457 0.30973 0.71016 0.58517 0.23941 1 42.387 15.954 -4.291 -0.02644 -0.84125 0.4756 0.25574 2 40.402 13.69 9.634 0.9701 -0.0264 -0.22136 0.09602 3 
116.841 -22.324 -12.33 0.3053 0.71508 0.58577 0.22876 1 42.575 15.676 -4.318 -0.03422 -0.82849 0.48331 0.28081 2 40.757 13.625 9.562 0.9688 -0.03834 -0.22457 0.09764 3 
117.436 -22.193 -12.221 0.29734 0.7198 0.58728 0.22041 1 44.042 15.404 -4.249 -0.03609 -0.82574 0.47323 0.30481 2 41.684 13.152 9.561 0.97249 -0.0453 -0.20986 0.09044 3 
117.811 -22.315 -12.224 0.29728 0.72238 0.58415 0.22035 1 47.294 15.148 -3.761 -0.00592 -0.82555 0.45227 0.33747 2 45.57 12.031 9.87 0.97316 -0.03362 -0.21818 0.06504 3 
117.851 -22.893 -12.299 0.31402 0.72297 0.57716 0.21354 1 52.447 14.722 -2.981 0.04229 -0.82199 0.43461 0.36558 2 52.38 10.564 10.29 0.96898 -0.00809 -0.24476 0.03325 3 
117.731 -23.826 -12.502 0.34015 0.72058 0.56833 0.20512 1 58.487 14.327 -2.548 0.07706 -0.82972 0.41393 0.36646 2 58.626 8.704 10.1 0.97097 0.01559 -0.2385 -0.01014 3 
117.853 -24.852 -12.688 0.36865 0.71711 0.55777 0.19682 1 64.778 14.153 -2.844 0.08098 -0.85269 0.37756 0.35188 2 63.702 6.806 8.84 0.97601 0.0138 -0.20823 -0.06212 3 
118.453 -25.818 -12.942 0.39231 0.71491 0.54872 0.18413 1 70.678 14.141 -3.778 0.07867 -0.88322 0.3312 0.32256 2 67.794 4.858 6.614 0.97849 0.00798 -0.1652 -0.12332 3 
119.366 -26.771 -13.002 0.41112 0.71373 0.54042 0.1718 1 75.609 13.913 -4.987 0.07438 -0.91569 0.26733 0.29071 2 70.794 2.519 3.889 0.97329 -0.00456 -0.11929 -0.19611 3 
120.294 -27.635 -13.079 0.42585 0.71343 0.53197 0.16333 1 79.091 13.424 -6.24 0.07335 -0.9447 0.18684 0.25932 2 72.747 -0.139 0.901 0.95611 -0.01758 -0.0796 -0.28143 3 
121.052 -28.406 -13.132 0.43663 0.71642 0.52299 0.15028 1 81.66 12.763 -7.289 0.07715 -0.96419 0.09499 0.23531 2 74.165 -2.721 -2.021 0.92641 -0.03048 -0.04501 -0.37258 3 
121.706 -29.124 -13.149 0.44239 0.71995 0.51612 0.13991 1 83.205 12.246 -7.816 0.09062 -0.97051 -0.00265 0.22336 2 75.582 -4.914 -4.522 0.88281 -0.03617 -0.03194 -0.46724 3 
122.215 -29.699 -13.219 0.45039 0.72131 0.50929 0.13226 1 84.052 11.804 -8.102 0.11008 -0.96315 -0.10046 0.2239 2 77.058 -6.533 -6.762 0.82885 -0.03579 -0.03933 -0.55694 3 
122.663 -29.984 -13.245 0.45278 0.72326 0.50646 0.12407 1 84.712 11.354 -8.112 0.132 -0.94852 -0.16516 0.2358 2 78.606 -7.586 -8.118 0.78449 -0.03174 -0.05832 -0.61658 3 
122.987 -30.15 -13.25 0.45471 0.72408 0.50501 0.11792 1 85.031 10.854 -7.86 0.14836 -0.9331 -0.20442 0.25596 2 79.688 -8.352 -8.603 0.75502 -0.03311 -0.08582 -0.64922 3 
123.235 -30.26 -13.277 0.45777 0.72424 0.50304 0.11343 1 84.994 10.228 -7.506 0.15502 -0.9108 -0.25771 0.28283 2 79.906 -9.014 -9.327 0.70959 -0.04731 -0.11597 -0.69339 3 
123.607 -30.263 -13.326 0.45576 0.72615 0.5038 0.10574 1 84.703 9.997 -7.085 0.15872 -0.8919 -0.29514 0.30366 2 79.553 -9.092 -9.712 0.67235 -0.05881 -0.13638 -0.72518 3 
123.961 -30.123 -13.398 0.45311 0.7283 0.505 0.09612 1 84.454 9.848 -6.607 0.1756 -0.87415 -0.31787 0.32245 2 79.995 -9.252 -9.735 0.65012 -0.05394 -0.16332 -0.74011 3 
124.152 -30.037 -13.4 0.45322 0.72922 0.50486 0.08913 1 84.233 9.326 -6.195 0.19403 -0.85239 -0.34422 0.34248 2 80.441 -9.656 -9.915 0.62131 -0.04901 -0.1926 -0.75794 3 
124.298 -30.015 -13.431 0.45336 0.73 0.5048 0.08211 1 83.834 8.923 -5.79 0.2062 -0.83741 -0.35962 0.35624 2 80.447 -9.979 -9.87 0.6044 -0.04551 -0.21082 -0.76693 3 
124.523 -29.958 -13.461 0.45003 0.73129 0.50692 0.0756 1 83.465 8.79 -5.389 0.20778 -0.83165 -0.36252 0.36573 2 80.14 -10.13 -9.528 0.60086 -0.04886 -0.22115 -0.7666 3 
124.712 -29.911 -13.536 0.44757 0.73209 0.50842 0.07242 1 83.307 8.735 -5.122 0.20902 -0.82406 -0.36967 0.37494 2 79.982 -10.126 -9.371 0.59287 -0.05269 -0.23141 -0.76953 3 
124.745 -29.986 -13.52 0.44849 0.73148 0.5085 0.07233 1 83.218 8.761 -4.957 0.21126 -0.82044 -0.37327 0.37805 2 79.988 -10.069 -9.275 0.58879 -0.05174 -0.23634 -0.77123 3 
124.703 -30.057 -13.515 0.44981 0.73082 0.5082 0.07286 1 83.212 8.782 -4.862 0.21031 -0.81817 -0.37534 0.38144 2 79.916 -10.031 -9.218 0.58659 -0.05427 -0.23921 -0.77185 3 
124.645 -30.158 -13.516 0.45212 0.72943 0.50764 0.07633 1 83.241 8.833 -4.794 0.21022 -0.81718 -0.37474 0.38419 2 79.976 -10.006 -9.12 0.58679 -0.05556 -0.24254 -0.77056 3 
124.566 -30.233 -13.499 0.45437 0.72826 0.50695 0.07868 1 83.242 8.83 -4.754 0.21139 -0.81486 -0.37678 0.38646 2 80.037 -9.987 -9.122 0.58408 -0.05518 -0.24607 -0.77153 3 
124.529 -30.256 -13.528 0.455 0.72792 0.50683 0.07896 1 83.194 8.861 -4.69 0.21124 -0.81504 -0.37536 0.38756 2 80.008 -9.997 -9.034 0.5854 -0.05578 -0.24715 -0.77014 3 
124.546 -30.227 -13.505 0.45396 0.72811 0.5074 0.07943 1 83.154 8.881 -4.661 0.21101 -0.81385 -0.37585 0.38968 2 79.96 -9.961 -9.002 0.58481 -0.05695 -0.24926 -0.76982 3 
124.531 -30.22 -13.48 0.45363 0.72797 0.50779 0.0802 1 83.067 8.904 -4.64 0.21337 -0.81268 -0.37667 0.39006 2 79.984 -9.946 -8.999 0.58396 -0.05468 -0.25099 -0.77007 3 
124.487 -30.152 -13.517 0.4529 0.72819 0.5083 0.07903 1 82.983 8.871 -4.64 0.21507 -0.81205 -0.3777 0.38944 2 79.96 -9.952 -9.046 0.58274 -0.05275 -0.25108 -0.77109 3 
124.472 -30.106 -13.517 0.45204 0.72844 0.5087 0.07911 1 82.939 8.866 -4.694 0.21816 -0.81219 -0.3778 0.38732 2 80.068 -9.956 -9.124 0.583 -0.0486 -0.25063 -0.77132 3 
124.451 -30.058 -13.509 0.45156 0.72845 0.50907 0.07934 1 82.887 8.918 -4.79 0.21933 -0.81397 -0.37828 0.38242 2 80.084 -9.885 -9.256 0.58356 -0.04488 -0.24664 -0.77241 3 
124.394 -30.027 -13.515 0.45194 0.7283 0.50892 0.07956 1 82.806 9.027 -4.981 0.21724 -0.82238 -0.37008 0.37354 2 80.002 -9.851 -9.302 0.59217 -0.0415 -0.23659 -0.76918 3 
124.295 -29.976 -13.514 0.45234 0.72808 0.50894 0.07917 1 82.636 9.154 -5.328 0.20919 -0.85287 -0.32671 0.34944 2 79.911 -10.196 -8.858 0.63146 -0.0327 -0.20872 -0.74607 3 
124.133 -29.892 -13.506 0.45209 0.72769 0.50952 0.08049 1 82.515 9.203 -5.747 0.19636 -0.90201 -0.22001 0.3153 2 79.987 -10.823 -7.165 0.71756 -0.01593 -0.1698 -0.6753 3 
123.877 -29.707 -13.503 0.45017 0.72779 0.51058 0.08356 1 82.237 9.241 -5.907 0.17187 -0.94028 -0.05121 0.28932 2 79.926 -10.014 -3.585 0.83094 0.00468 -0.15125 -0.53539 3 
123.455 -29.442 -13.463 0.44732 0.72786 0.51192 0.0898 1 80.963 10.026 -5.769 0.12803 -0.94247 0.17783 0.25245 2 78.013 -5.128 1.017 0.93427 0.0316 -0.1332 -0.32924 3 
122.985 -29.068 -13.437 0.44095 0.72886 0.51477 0.09662 1 78.627 11.068 -5.424 0.09607 -0.88959 0.38233 0.23072 2 75.461 2.452 4.604 0.98255 0.07127 -0.135 -0.10628 3 
122.417 -28.469 -13.334 0.43186 0.73072 0.51811 0.10534 1 74.909 12.002 -4.672 0.07967 -0.8313 0.49549 0.23892 2 72.54 8.154 6.782 0.98273 0.08293 -0.16225 0.03211 3 
121.788 -27.648 -13.244 0.41761 0.73411 0.52296 0.11489 1 70.231 12.952 -3.572 0.07636 -0.81057 0.50584 0.28508 2 69.791 9.95 8.571 0.97408 0.05752 -0.21238 0.05251 3 
121.117 -26.537 -13.056 0.39467 0.73792 0.53246 0.12726 1 64.554 13.843 -2.416 0.0796 -0.81032 0.48065 0.32561 2 66.003 9.69 10.172 0.96447 0.02767 -0.26176 0.02281 3 
120.517 -25.28 -12.83 0.36687 0.74098 0.54383 0.14353 1 58.737 14.307 -1.775 0.06664 -0.80876 0.46995 0.34728 2 60.771 9.871 11.336 0.95879 0.00146 -0.28345 0.01956 3 
120.088 -24.153 -12.557 0.33763 0.74534 0.5525 0.15881 1 53.469 14.509 -1.841 0.04688 -0.80338 0.47823 0.35168 2 55.502 10.771 11.787 0.95589 -0.01645 -0.29012 0.04271 3 
119.795 -23.038 -12.23 0.30688 0.75171 0.55877 0.16892 1 49.399 14.665 -2.25 0.01816 -0.80227 0.47918 0.35556 2 51.017 11.544 11.722 0.95446 -0.0435 -0.28834 0.06308 3 
119.601 -22 -11.963 0.27972 0.75542 0.56586 0.17577 1 46.442 14.916 -2.808 -0.00484 -0.80934 0.47134 0.35042 2 47.363 11.737 11.289 0.95569 -0.0638 -0.28011 0.06429 3 
119.133 -21.374 -11.787 0.26381 0.75641 0.56985 0.1831 1 44.453 15.132 -3.409 -0.01669 -0.81287 0.47636 0.33473 2 44.718 12.293 10.727 0.95822 -0.06552 -0.26819 0.07482 3 
118.532 -20.916 -11.618 0.25465 0.75559 0.5727 0.19038 1 43.126 15.303 -3.935 -0.03169 -0.82001 0.47513 0.31753 2 42.347 12.592 10.162 0.96308 -0.06835 -0.24806 0.07926 3 
117.969 -20.615 -11.502 0.2496 0.75412 0.57508 0.19567 1 42.521 15.567 -4.318 -0.0395 -0.82762 0.46598 0.31041 2 40.958 12.517 9.676 0.96715 -0.07108 -0.23363 0.07064 3 
117.551 -20.456 -11.408 0.24846 0.75227 0.57518 0.2038 1 42.382 15.894 -4.454 -0.04204 -0.82083 0.47844 0.30913 2 40.953 13.677 9.574 0.96541 -0.06771 -0.23376 0.09357 3 
117.142 -20.542 -11.423 0.25582 0.75094 0.57227 0.20772 1 42.29 16.174 -4.497 -0.04816 -0.81797 0.48644 0.30329 2 40.494 14.582 9.568 0.96602 -0.06759 -0.22356 0.11075 3 
117.16 -20.613 -11.355 0.25923 0.75181 0.56977 0.20722 1 42.262 16.196 -4.473 -0.04409 -0.82049 0.48723 0.29574 2 40.401 14.488 9.575 0.96681 -0.06388 -0.22257 0.10796 3 
117.569 -20.739 -11.39 0.26119 0.75469 0.56736 0.20082 1 42.456 16.313 -4.403 -0.04283 -0.82471 0.49919 0.26237 2 40.393 14.485 9.577 0.96686 -0.06375 -0.22243 0.10788 3 
118.01 -21.199 -11.466 0.27134 0.75624 0.56363 0.19183 1 44.483 16.668 -4.534 -0.0473 -0.83519 0.50662 0.20871 2 40.376 14.491 9.583 0.9669 -0.06375 -0.22221 0.10801 3 
118.478 -22.012 -11.758 0.28973 0.75495 0.55952 0.18178 1 48.888 17.461 -4.4 -0.02967 -0.83809 0.50831 0.19584 2 40.381 14.49 9.583 0.96689 -0.06377 -0.22225 0.108 3 
118.964 -23.306 -12.122 0.31582 0.74967 0.55495 0.17401 1 54.996 18.929 -3.745 -0.00551 -0.8296 0.51617 0.21284 2 40.389 14.49 9.58 0.96688 -0.06379 -0.22231 0.10799 3 
119.424 -25.092 -12.551 0.35115 0.73803 0.54951 0.17334 1 62.502 20.695 -2.276 0.02958 -0.81738 0.52051 0.24512 2 40.385 14.491 9.582 0.96689 -0.06378 -0.22226 0.10801 3 
119.803 -27.051 -13.011 0.39144 0.72152 0.54449 0.17238 1 71.03 22.298 -0.711 0.05789 -0.81229 0.50328 0.28903 2 40.387 14.489 9.583 0.96688 -0.06379 -0.22228 0.10797 3 
120.002 -29.01 -13.333 0.43586 0.70327 0.5353 0.17 1 79.521 23.301 0.477 0.06456 -0.80355 0.491 0.33023 2 40.386 14.491 9.581 0.96689 -0.06378 -0.22225 0.10799 3 
120.158 -30.804 -13.507 0.4758 0.68555 0.52461 0.16861 1 88.254 23.478 1.194 0.07109 -0.81835 0.44085 0.3618 2 40.386 14.489 9.583 0.96689 -0.06378 -0.22227 0.10798 3 
120.504 -32.357 -13.672 0.50486 0.67279 0.51585 0.16238 1 97.2 22.762 0.828 0.08093 -0.8796 0.33109 0.33186 2 40.387 14.489 9.582 0.96688 -0.06379 -0.22227 0.10798 3 
121.008 -33.506 -13.806 0.52267 0.66398 0.51099 0.1576 1 104.9 20.751 -1.069 0.16688 -0.94082 0.21113 0.206 2 40.386 14.489 9.582 0.96689 -0.06378 -0.22226 0.10799 3 
121.347 -34.372 -13.851 0.54195 0.65275 0.50456 0.16008 1 112.283 16.971 -4.336 0.2541 -0.95389 0.15936 -0.01143 2 40.387 14.488 9.582 0.96688 -0.0638 -0.22228 0.10797 3 
121.452 -35.017 -13.848 0.561 0.64122 0.49603 0.16756 1 119.78 12.072 -7.208 0.34761 -0.90754 0.10902 -0.20894 2 40.386 14.49 9.581 0.96689 -0.06379 -0.22226 0.108 3 
121.829 -35.389 -13.902 0.57182 0.63497 0.49254 0.16507 1 126.013 8.303 -8.508 0.42962 -0.85289 0.0918 -0.2821 2 40.387 14.49 9.582 0.96689 -0.06377 -0.22227 0.10798 3 
122.163 -35.307 -13.884 0.57465 0.63091 0.49671 0.15815 1 127.39 6.617 -8.683 0.39706 -0.86048 0.21721 -0.23396 2 40.386 14.489 9.582 0.96689 -0.06378 -0.22226 0.10798 3 
122.215 -35.033 -14.008 0.57286 0.62642 0.50411 0.15906 1 127.824 6.945 -8.811 0.39208 -0.8593 0.23811 -0.22621 2 40.387 14.489 9.581 0.96688 -0.06379 -0.22227 0.10799 3 
122.107 -34.741 -13.986 0.57864 0.61871 0.50382 0.16895 1 128.364 7.221 -8.674 0.38433 -0.8594 0.24525 -0.23146 2 40.387 14.489 9.582 0.96688 -0.06378 -0.22227 0.10798 3 
122.003 -33.997 -13.992 0.58091 0.61098 0.50763 0.17765 1 128.903 7.964 -8.683 0.37705 -0.86037 0.25318 -0.23127 2 40.385 14.489 9.582 0.96689 -0.06378 -0.22226 0.10798 3 
122.082 -33.015 -13.928 0.58375 0.60488 0.50659 0.19165 1 129.477 9.285 -8.6 0.36174 -0.85941 0.26075 -0.25013 2 40.387 14.49 9.582 0.96688 -0.06377 -0.22228 0.10798 3 
121.002 -32.942 -13.466 0.58866 0.61194 0.45289 0.27184 1 129.355 12.745 -8.404 0.33778 -0.87257 0.23734 -0.26113 2 40.386 14.489 9.582 0.96689 -0.06378 -0.22227 0.10798 3 
121.061 -32.963 -14.861 0.39079 0.71412 0.52331 0.25193 1 128.945 19.815 -8.32 0.18461 -0.92402 0.27171 -0.19566 2 40.386 14.49 9.583 0.96689 -0.06378 -0.22225 0.10799 3 
124.21 -24.714 -16.953 0.0015 0.67545 0.73382 0.07261 1 127.271 27.132 -8.828 -0.04216 -0.92674 0.35631 -0.11145 2 40.386 14.49 9.582 0.96689 -0.06378 -0.22227 0.10799 3 
116.262 -16.034 -14.243 0.14657 0.67534 0.70741 0.14836 1 123.268 33.341 -8.898 -0.16949 -0.88728 0.42718 -0.03903 2 40.386 14.49 9.582 0.96689 -0.06378 -0.22225 0.10799 3 
109.067 -0.751 -11.575 0.28879 0.5594 0.7139 0.30664 1 118.131 39.083 -9.007 -0.1991 -0.86264 0.46403 -0.02985 2 40.393 14.493 9.576 0.96687 -0.06378 -0.22232 0.10802 3 
105.795 14.608 -10.343 0.37565 0.41437 0.70614 0.43423 1 113.486 44.497 -9.162 -0.24009 -0.85172 0.46393 -0.04127 2 40.387 14.489 9.582 0.96688 -0.06378 -0.22228 0.10799 3 
103.442 29.415 -10.116 0.29583 0.32133 0.75795 0.48451 1 109.417 49.971 -9.36 -0.28651 -0.80879 0.51227 -0.03693 2 40.383 14.487 9.585 0.96689 -0.06378 -0.22225 0.10797 3 
98.098 38.615 -10.653 0.19964 0.35882 0.79019 0.45496 1 105.985 53.966 -9.779 -0.30188 -0.79644 0.52241 -0.0405 2 40.386 14.488 9.582 0.96689 -0.06378 -0.22227 0.10798 3 
91.073 40.427 -11.88 0.14266 0.49359 0.76046 0.39713 1 102.92 55.954 -10.256 -0.27456 -0.80593 0.51979 -0.07017 2 40.386 14.489 9.581 0.96688 -0.06378 -0.22227 0.10799 3 
85.967 39.744 -13.168 0.1333 0.55396 0.68231 0.45805 1 99.997 57.088 -10.644 -0.24893 -0.81581 0.51271 -0.09806 2 40.386 14.489 9.582 0.96689 -0.06378 -0.22226 0.10799 3 
84.117 40.275 -14.032 0.12876 0.53679 0.64039 0.53403 1 97.566 58.178 -11.254 -0.23632 -0.81055 0.52589 -0.10295 2 40.386 14.489 9.582 0.96689 -0.06378 -0.22226 0.10799 3 
83.37 40.755 -14.885 0.11497 0.51054 0.62469 0.57957 1 95.952 59.223 -11.656 -0.24077 -0.80727 0.52357 -0.12734 2 40.386 14.489 9.583 0.96689 -0.06378 -0.22226 0.10798 3 
82.558 41.166 -15.033 0.1229 0.50741 0.60432 0.60185 1 95.371 59.613 -12.115 -0.24973 -0.80286 0.52318 -0.13901 2 40.386 14.489 9.583 0.96689 -0.06378 -0.22225 0.10798 3 
81.981 41.366 -15.196 0.11587 0.50419 0.58703 0.6227 1 94.912 59.978 -12.221 -0.25382 -0.80336 0.51805 -0.14768 2 40.386 14.489 9.582 0.96689 -0.06378 -0.22226 0.10798 3 
81.607 41.284 -14.911 0.10429 0.50463 0.58447 0.6268 1 94.07 60.307 -13.121 -0.24683 -0.79964 0.52377 -0.15912 2 40.386 14.489 9.583 0.96689 -0.06377 -0.22225 0.10799 3 
