123.531 -28.563 -13.305 0.53887 0.65574 0.45866 0.26316 1 126.508 14.329 -10.184 0.49599 -0.76486 0.39621 -0.10952 2 104.236 -6.975 -5.284 0.96153 0.26414 -0.06959 -0.02901 3 
123.762 -28.395 -13.285 0.53666 0.65616 0.4611 0.26236 1 126.392 14.49 -10.162 0.49829 -0.76227 0.39762 -0.11206 2 104.237 -6.978 -5.283 0.96153 0.26417 -0.06954 -0.029 3 
123.842 -28.271 -13.283 0.53442 0.65742 0.46281 0.26076 1 126.313 14.601 -10.168 0.50011 -0.75961 0.40018 -0.1129 2 104.236 -6.979 -5.283 0.96155 0.26409 -0.06957 -0.029 3 
123.759 -28.212 -13.262 0.5383 0.65682 0.45995 0.25937 1 126.414 14.711 -10.221 0.49845 -0.75865 0.40468 -0.11063 2 104.237 -6.978 -5.285 0.96152 0.26418 -0.06962 -0.02896 3 
123.938 -28.189 -13.301 0.53723 0.65946 0.4615 0.25201 1 126.316 14.771 -10.215 0.50332 -0.75603 0.40317 -0.11201 2 104.236 -6.974 -5.281 0.96152 0.26421 -0.06956 -0.029 3 
124.276 -28.097 -13.355 0.53145 0.66425 0.46692 0.24148 1 125.991 14.77 -10.179 0.50845 -0.75289 0.40136 -0.11638 2 104.238 -6.971 -5.29 0.9615 0.26426 -0.06964 -0.02894 3 
124.53 -28.021 -13.43 0.52578 0.6684 0.471 0.23443 1 125.621 14.672 -10.181 0.51436 -0.74886 0.39973 -0.12192 2 104.237 -6.978 -5.273 0.96153 0.26418 -0.06952 -0.02893 3 
124.616 -28.036 -13.392 0.52375 0.67064 0.47111 0.23236 1 125.315 14.648 -10.181 0.51932 -0.74567 0.3983 -0.12508 2 104.238 -6.976 -5.283 0.96152 0.26419 -0.06956 -0.02904 3 
124.585 -28.157 -13.329 0.52447 0.67285 0.46523 0.23613 1 125.109 14.641 -10.148 0.52123 -0.74478 0.39716 -0.12603 2 104.238 -6.972 -5.287 0.96152 0.2642 -0.0696 -0.02904 3 
124.568 -28.13 -13.319 0.52453 0.67335 0.46493 0.23516 1 124.929 14.684 -10.188 0.52185 -0.74472 0.39677 -0.12506 2 104.239 -6.969 -5.275 0.96151 0.26425 -0.06955 -0.02897 3 
124.624 -28.219 -13.262 0.52342 0.67271 0.46271 0.24371 1 124.764 14.715 -10.137 0.52391 -0.74352 0.39558 -0.12734 2 104.239 -6.968 -5.282 0.9615 0.26426 -0.06962 -0.02895 3 
124.14 -29.891 -13.124 0.52496 0.68197 0.4254 0.27994 1 124.825 14.916 -10.108 0.52169 -0.74624 0.39264 -0.12962 2 104.238 -6.977 -5.277 0.96152 0.26419 -0.06952 -0.02898 3 
123.859 -32.767 -14.431 0.4155 0.74957 0.43666 0.27355 1 125.013 15.135 -10.092 0.51647 -0.75075 0.39178 -0.12704 2 104.239 -6.962 -5.282 0.96147 0.26438 -0.06956 -0.02898 3 
123.017 -33.398 -16.112 0.2448 0.81051 0.48614 0.21638 1 125.105 15.334 -10.111 0.51495 -0.75214 0.39147 -0.12595 2 104.237 -6.985 -5.277 0.96153 0.26415 -0.06957 -0.02897 3 
118.816 -30.002 -16.443 0.202 0.80477 0.54559 0.11779 1 125.088 15.328 -10.095 0.51901 -0.75 0.38941 -0.12837 2 104.24 -6.976 -5.275 0.96153 0.26417 -0.06955 -0.029 3 
113.356 -25.463 -16.085 0.26624 0.78798 0.5416 0.12195 1 124.927 15.231 -10.093 0.52549 -0.74556 0.38762 -0.13326 2 104.238 -6.976 -5.271 0.96152 0.26422 -0.0695 -0.02894 3 
110.019 -20.782 -15.982 0.29543 0.76861 0.55323 0.12609 1 124.819 15.192 -10.052 0.53059 -0.74274 0.38426 -0.13838 2 104.237 -6.984 -5.285 0.96153 0.26412 -0.06961 -0.02906 3 
108.229 -17.436 -15.898 0.31414 0.76488 0.54977 0.11843 1 125.092 15.246 -10.062 0.524 -0.74744 0.3849 -0.1364 2 104.24 -6.965 -5.279 0.96149 0.26432 -0.06955 -0.02894 3 
107.598 -15.048 -16.18 0.25941 0.76018 0.59387 0.04642 1 125.367 15.324 -10.047 0.5169 -0.75304 0.38537 -0.1313 2 104.222 -6.969 -5.275 0.96152 0.26428 -0.06933 -0.02892 3 
107.481 -14.547 -16.248 0.24351 0.75607 0.60749 0.00262 1 125.553 15.431 -9.994 0.50667 -0.76012 0.38669 -0.12638 2 103.938 -6.951 -5.264 0.96168 0.26434 -0.06656 -0.02956 3 
107.455 -14.37 -16.116 0.24237 0.75851 0.60482 -0.01037 1 125.526 15.458 -10.061 0.50483 -0.76179 0.38699 -0.12272 2 103.827 -6.866 -5.253 0.96026 0.2695 -0.06619 -0.02991 3 
107.5 -14.254 -16.02 0.24238 0.76249 0.59957 -0.01961 1 125.388 15.422 -10.063 0.50778 -0.76042 0.38611 -0.12181 2 103.771 -6.858 -5.244 0.95792 0.27782 -0.06527 -0.03071 3 
107.561 -14.201 -15.721 0.2281 0.77197 0.59294 -0.0213 1 125.262 15.358 -10.104 0.50831 -0.76024 0.38603 -0.12094 2 102.907 -6.525 -5.163 0.95555 0.29022 -0.04987 -0.01419 3 
107.572 -14.569 -15.215 0.2058 0.77818 0.59327 -0.01067 1 125.206 15.385 -10.095 0.50673 -0.76134 0.3861 -0.12048 2 100.204 -6.231 -4.945 0.95533 0.29406 0.00513 0.0292 3 
107.103 -15.512 -14.624 0.20328 0.7636 0.61284 0.00444 1 125.103 15.421 -10.109 0.50723 -0.76088 0.38618 -0.121 2 98.278 -7.781 -4.363 0.9594 0.27664 0.05133 0.01962 3 
105.907 -16.486 -13.719 0.19647 0.75963 0.61935 0.02788 1 124.883 15.425 -10.109 0.51071 -0.75831 0.38569 -0.124 2 95.313 -8.323 -3.795 0.96064 0.25505 0.10316 0.03852 3 
104.272 -17.598 -12.855 0.1843 0.77956 0.59587 0.05711 1 124.701 15.359 -10.095 0.5135 -0.75582 0.38614 -0.12631 2 91.37 -7.736 -3.83 0.95245 0.23314 0.17122 0.09573 3 
102.79 -18.506 -12.352 0.15435 0.79102 0.58483 0.09179 1 124.512 15.328 -10.114 0.51541 -0.75435 0.38646 -0.12634 2 87.433 -7.816 -4.528 0.9337 0.2153 0.25021 0.13872 3 
101.657 -19.307 -12.175 0.1158 0.79206 0.58482 0.13124 1 124.433 15.337 -10.114 0.51662 -0.7539 0.38577 -0.12619 2 84.156 -8.542 -5.497 0.90785 0.2063 0.32598 0.16429 3 
100.546 -20.394 -11.898 0.08482 0.80249 0.56262 0.17962 1 124.483 15.342 -10.117 0.51389 -0.75556 0.38639 -0.12549 2 81.809 -8.62 -6.722 0.87383 0.19156 0.39187 0.21486 3 
99.918 -21.505 -11.721 0.06887 0.81213 0.53533 0.22165 1 124.578 15.372 -10.082 0.51082 -0.75705 0.388 -0.12403 2 80.949 -8.532 -7.858 0.84182 0.17653 0.43567 0.26528 3 
99.709 -22.329 -11.721 0.05143 0.79909 0.53631 0.26682 1 124.671 15.371 -10.099 0.50702 -0.75935 0.38928 -0.12154 2 80.514 -9.079 -8.785 0.81396 0.15113 0.48672 0.27881 3 
99.295 -23.023 -11.582 0.04474 0.78872 0.52869 0.31049 1 124.699 15.397 -10.114 0.50631 -0.75912 0.39082 -0.121 2 80.507 -8.985 -9.54 0.78608 0.12013 0.52641 0.30091 3 
98.75 -23.544 -11.215 0.04668 0.78653 0.51374 0.33951 1 124.673 15.365 -10.116 0.50709 -0.75757 0.39279 -0.1211 2 80.679 -8.646 -9.847 0.76808 0.09964 0.54198 0.32615 3 
98.473 -23.87 -11.022 0.03188 0.76435 0.52014 0.37974 1 124.674 15.343 -10.136 0.50727 -0.75696 0.39349 -0.12188 2 80.644 -8.901 -10.424 0.73666 0.07166 0.5881 0.32608 3 
98.147 -24.248 -10.768 0.02222 0.74726 0.52444 0.4075 1 124.686 15.343 -10.11 0.50714 -0.75627 0.39451 -0.12335 2 80.603 -9.188 -10.763 0.71028 0.05096 0.62257 0.32452 3 
97.626 -24.539 -10.395 0.02068 0.74293 0.52246 0.41793 1 124.76 15.31 -10.104 0.50528 -0.75661 0.39632 -0.12315 2 80.291 -9.338 -10.68 0.70011 0.04343 0.63279 0.32793 3 
97.165 -24.875 -9.96 0.01476 0.73313 0.52 0.43807 1 124.872 15.315 -10.101 0.50289 -0.75766 0.39729 -0.12335 2 80.263 -9.472 -10.749 0.68104 0.02823 0.65157 0.33293 3 
96.771 -25.166 -9.414 0.00931 0.72681 0.50948 0.46053 1 125.026 15.283 -10.086 0.49881 -0.75943 0.39929 -0.12253 2 80.553 -9.412 -10.786 0.66114 0.01538 0.66549 0.34609 3 
96.352 -25.425 -8.908 0.00651 0.72297 0.49663 0.48023 1 125.148 15.28 -10.086 0.49702 -0.75994 0.40091 -0.1214 2 80.928 -9.265 -10.787 0.64342 0.00308 0.6746 0.36183 3 
96.123 -25.571 -8.524 -0.00103 0.71942 0.48532 0.49688 1 125.19 15.219 -10.119 0.49721 -0.75947 0.40196 -0.12004 2 81.297 -9.326 -10.913 0.62381 -0.00318 0.6863 0.37396 3 
95.856 -25.689 -8.187 -0.00228 0.7206 0.4752 0.50489 1 125.257 15.097 -10.137 0.4975 -0.75854 0.4036 -0.11925 2 81.446 -9.303 -10.933 0.61423 -0.00544 0.68919 0.38432 3 
95.542 -25.647 -7.998 -0.00275 0.72263 0.46865 0.50809 1 125.33 14.955 -10.173 0.49787 -0.75771 0.40483 -0.1188 2 81.36 -9.23 -10.889 0.60891 -0.0052 0.69004 0.3912 3 
95.242 -25.573 -7.848 -0.00682 0.72159 0.4677 0.51041 1 125.473 14.913 -10.125 0.49724 -0.75741 0.40618 -0.11872 2 81.071 -9.286 -10.903 0.60282 -0.0037 0.69544 0.3911 3 
94.958 -25.495 -7.722 -0.00513 0.72326 0.46249 0.51281 1 125.636 14.829 -10.15 0.49494 -0.75846 0.40726 -0.11797 2 80.969 -9.146 -10.88 0.60033 -0.00405 0.69443 0.39668 3 
94.796 -25.482 -7.698 -0.00367 0.72501 0.45912 0.51337 1 125.762 14.74 -10.172 0.49281 -0.75965 0.40791 -0.11699 2 80.905 -9.066 -10.881 0.60007 -0.00381 0.69261 0.40023 3 
94.756 -25.518 -7.667 -0.00291 0.7255 0.45804 0.51365 1 125.811 14.681 -10.159 0.49188 -0.76011 0.40827 -0.11666 2 80.902 -9.083 -10.863 0.59992 -0.00388 0.6921 0.40134 3 
94.745 -25.547 -7.649 -0.00289 0.72431 0.45825 0.51515 1 125.794 14.647 -10.147 0.49239 -0.75962 0.40839 -0.11729 2 80.927 -9.096 -10.859 0.59869 -0.00511 0.69351 0.40073 3 
94.663 -25.564 -7.598 -0.00184 0.72555 0.45656 0.5149 1 125.723 14.628 -10.158 0.49342 -0.75893 0.4083 -0.11775 2 80.876 -9.086 -10.821 0.59884 -0.00483 0.6925 0.40225 3 
94.647 -25.613 -7.59 -0.00084 0.72498 0.45746 0.51491 1 125.689 14.552 -10.176 0.49341 -0.75904 0.40834 -0.11693 2 80.845 -9.101 -10.793 0.60028 -0.00563 0.69191 0.40111 3 
94.669 -25.639 -7.59 0.00107 0.72466 0.45752 0.5153 1 125.661 14.47 -10.169 0.49307 -0.7596 0.40783 -0.11647 2 80.893 -9.071 -10.756 0.60172 -0.00681 0.69058 0.40122 3 
94.655 -25.662 -7.595 0.003 0.72444 0.45831 0.5149 1 125.623 14.428 -10.167 0.49346 -0.7596 0.40749 -0.116 2 80.879 -9.033 -10.718 0.60314 -0.00784 0.68973 0.40053 3 
94.643 -25.649 -7.58 0.0056 0.72468 0.45906 0.51388 1 125.596 14.389 -10.192 0.4947 -0.75898 0.40707 -0.11625 2 80.851 -8.96 -10.637 0.60569 -0.00868 0.68791 0.39982 3 
94.68 -25.596 -7.571 0.00718 0.72286 0.46149 0.51424 1 125.611 14.322 -10.176 0.49488 -0.75895 0.40696 -0.1161 2 80.864 -8.874 -10.579 0.60714 -0.01026 0.68812 0.3972 3 
94.709 -25.577 -7.55 0.00899 0.72378 0.46103 0.51334 1 125.676 14.276 -10.154 0.49523 -0.75909 0.40643 -0.11551 2 80.884 -8.816 -10.527 0.60925 -0.00999 0.68598 0.39768 3 
94.787 -25.597 -7.547 0.01103 0.72358 0.46271 0.51207 1 125.763 14.248 -10.197 0.49476 -0.7598 0.40601 -0.11431 2 80.93 -8.783 -10.449 0.61224 -0.01098 0.6843 0.39594 3 
94.942 -25.649 -7.574 0.01342 0.72281 0.46682 0.50935 1 125.857 14.221 -10.164 0.49413 -0.76056 0.40556 -0.11364 2 80.931 -8.812 -10.341 0.61779 -0.01175 0.68191 0.3914 3 
95.306 -25.765 -7.663 0.02761 0.72505 0.48411 0.48906 1 125.978 14.256 -10.177 0.49391 -0.7615 0.4044 -0.11242 2 80.53 -8.82 -9.647 0.64973 -0.00711 0.66201 0.37355 3 
96.173 -25.675 -7.832 0.07006 0.72804 0.52059 0.4405 1 126.143 14.33 -10.163 0.49133 -0.76388 0.40352 -0.11073 2 80.203 -8.536 -7.75 0.72893 0.00103 0.59823 0.33284 3 
97.546 -25.202 -8.145 0.14293 0.72446 0.57027 0.35988 1 126.288 14.348 -10.159 0.48962 -0.76604 0.40185 -0.10941 2 81.572 -8.479 -4.607 0.84169 0.01466 0.47117 0.26334 3 
99.391 -24.432 -8.979 0.23139 0.70734 0.61619 0.25774 1 126.469 14.371 -10.154 0.48738 -0.76873 0.39976 -0.10822 2 86.541 -10.101 -1.309 0.94548 0.04334 0.2834 0.15452 3 
101.176 -23.313 -10.222 0.29998 0.70423 0.62106 0.16841 1 126.715 14.321 -10.109 0.48835 -0.77058 0.39484 -0.10868 2 93.346 -11.009 -0.321 0.98649 0.07663 0.12135 0.07901 3 
102.471 -21.68 -11.427 0.35769 0.69947 0.6079 0.11514 1 127.078 14.208 -10.134 0.4914 -0.7713 0.38926 -0.10997 2 99.039 -10.215 -0.787 0.99603 0.07953 0.01481 0.03725 3 
103.837 -19.296 -12.552 0.35878 0.7003 0.61252 0.07537 1 127.597 14.163 -10.166 0.48898 -0.77494 0.38521 -0.10942 2 100.986 -9.357 -1.7 0.99445 0.10489 -0.00797 -0.00225 3 
104.959 -17.364 -13.661 0.32876 0.71188 0.62012 0.02435 1 128.303 14.128 -10.119 0.48451 -0.78021 0.38109 -0.10627 2 101.77 -9.39 -2.717 0.98554 0.16215 -0.02054 -0.04476 3 
105.262 -16.452 -14.225 0.31631 0.73127 0.60431 -0.0026 1 129.207 14.141 -10.042 0.472 -0.78945 0.37793 -0.10564 2 102.327 -8.336 -3.367 0.9792 0.19531 -0.04027 -0.03741 3 
105.136 -15.946 -14.512 0.31561 0.73704 0.59762 -0.00186 1 129.936 14.207 -9.983 0.46037 -0.79746 0.37625 -0.10276 2 102.308 -7.622 -3.741 0.97869 0.19789 -0.0443 -0.0322 3 
105.26 -15.602 -14.92 0.3023 0.74395 0.59594 -0.00288 1 130.551 14.184 -9.978 0.45203 -0.80329 0.37456 -0.10051 2 102.003 -7.4 -4.235 0.97599 0.21184 -0.04025 -0.03095 3 
105.584 -15.62 -15.498 0.2935 0.75463 0.58672 0.01221 1 131.089 14.041 -9.96 0.44333 -0.80752 0.37601 -0.09992 2 101.74 -6.93 -4.964 0.97591 0.21548 -0.03075 -0.01479 3 
106.076 -16.071 -15.634 0.31799 0.75856 0.5685 0.01655 1 131.449 13.839 -9.901 0.43807 -0.80952 0.37707 -0.1029 2 103.788 -6.616 -5.232 0.97708 0.20378 -0.06085 -0.00924 3 
106.344 -16.12 -15.787 0.31469 0.75764 0.57172 0.00894 1 131.622 13.565 -9.896 0.43758 -0.80887 0.3779 -0.10695 2 104.132 -7.045 -5.262 0.97521 0.21111 -0.0636 -0.01877 3 
106.316 -16.147 -15.886 0.31502 0.75739 0.57194 -0.00225 1 131.687 13.39 -9.864 0.44222 -0.80604 0.37639 -0.11434 2 104.338 -7.276 -5.302 0.9729 0.21857 -0.07116 -0.02512 3 
106.163 -16.238 -15.922 0.31933 0.75324 0.57459 0.02238 1 131.695 13.162 -9.823 0.44622 -0.80334 0.37528 -0.12122 2 104.19 -7.265 -5.297 0.9734 0.21688 -0.06935 -0.02526 3 
106.43 -18.091 -16.065 0.28644 0.76213 0.57329 0.09194 1 131.563 12.995 -9.821 0.45183 -0.79946 0.37481 -0.1274 2 104.327 -7.251 -5.31 0.97354 0.21565 -0.07132 -0.02489 3 
108.033 -25.235 -15.729 0.26891 0.77919 0.55689 0.10209 1 131.642 13 -9.788 0.4508 -0.79823 0.37654 -0.13353 2 104.351 -7.235 -5.298 0.9735 0.21579 -0.07158 -0.02473 3 
111.778 -35.509 -14.582 0.32728 0.84012 0.39146 0.18398 1 131.719 12.999 -9.821 0.4506 -0.7972 0.3786 -0.13451 2 104.355 -7.202 -5.303 0.97345 0.21604 -0.07146 -0.02478 3 
117.758 -40.293 -12.716 0.47407 0.79722 0.21751 0.30397 1 131.395 13.009 -9.799 0.4512 -0.79628 0.37905 -0.13668 2 104.34 -7.23 -5.288 0.97346 0.21602 -0.0713 -0.0249 3 
124.801 -36.056 -12.217 0.56317 0.68833 0.30238 0.34294 1 130.81 12.958 -9.724 0.45139 -0.79215 0.38732 -0.13687 2 104.35 -7.22 -5.297 0.97349 0.21587 -0.07138 -0.02484 3 
129.295 -28.441 -13.469 0.46942 0.67493 0.50827 0.25646 1 130.498 13.35 -9.712 0.45483 -0.78639 0.3953 -0.13588 2 104.343 -7.231 -5.306 0.97347 0.21597 -0.07142 -0.02485 3 
128.542 -28.885 -13.202 0.48601 0.67512 0.4659 0.30157 1 129.988 14.568 -9.565 0.45313 -0.78854 0.38277 -0.16237 2 104.341 -7.236 -5.304 0.97349 0.21589 -0.0714 -0.02491 3 
126.8 -30.69 -13.58 0.40943 0.73593 0.39352 0.36867 1 128.508 17.428 -8.962 0.47257 -0.79994 0.30635 -0.20718 2 104.349 -7.233 -5.292 0.97349 0.21589 -0.07135 -0.02476 3 
130.478 -24.065 -17.165 0.03589 0.6798 0.67784 0.2777 1 125.773 25.269 -8.627 0.30416 -0.89131 0.28669 -0.17566 2 104.34 -7.226 -5.305 0.97346 0.216 -0.07142 -0.02479 3 
123.206 -17.152 -15.89 0.17198 0.62402 0.6949 0.31326 1 120.701 33.374 -8.368 0.04453 -0.91623 0.36643 -0.1558 2 104.352 -7.218 -5.292 0.97347 0.21598 -0.07135 -0.02476 3 
117.662 -5.117 -16.648 0.1687 0.36714 0.82187 0.40159 1 115.1 40.443 -8.411 -0.06665 -0.87875 0.45624 -0.12328 2 104.341 -7.221 -5.292 0.97348 0.21597 -0.07132 -0.0248 3 
109.395 5.685 -15.345 0.24815 0.31928 0.82795 0.38857 1 109.483 45.934 -8.772 -0.12192 -0.84898 0.4908 -0.15322 2 104.356 -7.193 -5.296 0.97346 0.21602 -0.07141 -0.02469 3 
100.337 15.864 -12.663 0.28162 0.47638 0.75028 0.36171 1 104.432 50.474 -9.382 -0.16963 -0.83439 0.50141 -0.15364 2 104.355 -7.203 -5.308 0.97348 0.21593 -0.07145 -0.02474 3 
91.984 23.139 -10.704 0.32769 0.64801 0.5684 0.38682 1 100.585 54.412 -10.203 -0.19803 -0.78411 0.55397 -0.19764 2 104.356 -7.207 -5.297 0.97349 0.2159 -0.07142 -0.02474 3 
86.441 30.233 -11.01 0.29365 0.64994 0.55139 0.4328 1 98.429 56.782 -10.797 -0.20478 -0.77588 0.5491 -0.23359 2 104.361 -7.182 -5.294 0.97344 0.21612 -0.07139 -0.02465 3 
83.433 34.776 -12.118 0.25904 0.64638 0.53613 0.47713 1 97.34 58.59 -11.123 -0.19922 -0.75698 0.5763 -0.23488 2 104.357 -7.204 -5.297 0.97348 0.2159 -0.07144 -0.0247 3 
82.504 37.904 -13.347 0.24948 0.63928 0.49745 0.53069 1 96.3 59.529 -11.619 -0.18478 -0.74774 0.58662 -0.25024 2 104.368 -7.187 -5.305 0.97349 0.21587 -0.0715 -0.02466 3 
82.014 39.292 -14.061 0.23161 0.6431 0.49469 0.53672 1 95.71 60.075 -12.1 -0.18031 -0.74765 0.58852 -0.2493 2 104.37 -7.189 -5.298 0.97349 0.21591 -0.07145 -0.02458 3 
81.654 40.046 -14.443 0.21148 0.64536 0.49542 0.54161 1 95.416 60.555 -12.111 -0.17731 -0.74136 0.59879 -0.24577 2 104.381 -7.173 -5.3 0.97348 0.21592 -0.07151 -0.02456 3 
81.508 40.588 -14.486 0.18923 0.63519 0.50547 0.55246 1 94.78 61.215 -13.032 -0.17245 -0.73561 0.60699 -0.24639 2 104.378 -7.169 -5.292 0.97347 0.216 -0.07143 -0.02454 3 
81.219 40.842 -14.595 0.17912 0.63042 0.50636 0.56044 1 94.404 61.742 -12.776 -0.17116 -0.72922 0.613 -0.25133 2 104.379 -7.179 -5.304 0.97349 0.21584 -0.07152 -0.02458 3 
