119.462 -28.679 -13.531 0.51409 0.69795 0.48594 0.11151 1 116.509 12.536 -9.987 0.54014 -0.74708 0.3723 -0.10729 2 47.327 -47.724 5.694 0.96803 0.17307 -0.10933 -0.14494 3 
119.553 -28.598 -13.51 0.51373 0.69802 0.48612 0.11196 1 116.545 12.637 -9.981 0.54036 -0.74621 0.37354 -0.10794 2 47.328 -47.724 5.692 0.96803 0.17308 -0.10934 -0.14494 3 
119.692 -28.487 -13.498 0.51327 0.69845 0.48597 0.11205 1 116.554 12.704 -9.989 0.54186 -0.74495 0.37378 -0.10826 2 47.327 -47.724 5.693 0.96803 0.17307 -0.10932 -0.14495 3 
119.801 -28.36 -13.521 0.51144 0.70016 0.48582 0.11038 1 116.472 12.784 -10.027 0.54351 -0.74358 0.3741 -0.10828 2 47.327 -47.724 5.694 0.96803 0.17308 -0.10933 -0.14494 3 
119.876 -28.256 -13.474 0.51003 0.70176 0.48512 0.10985 1 116.401 12.903 -10.01 0.5447 -0.74214 0.37493 -0.10934 2 47.328 -47.724 5.693 0.96803 0.17308 -0.10935 -0.14495 3 
119.912 -28.207 -13.392 0.50842 0.70471 0.48086 0.11689 1 116.337 13.007 -10.038 0.54488 -0.74022 0.37818 -0.1103 2 47.327 -47.724 5.693 0.96803 0.17308 -0.10933 -0.14495 3 
119.695 -28.726 -13.019 0.50948 0.7132 0.45724 0.1507 1 116.354 13.088 -10.058 0.54102 -0.7401 0.38294 -0.11356 2 47.327 -47.724 5.693 0.96803 0.17307 -0.10934 -0.14494 3 
120.195 -30.062 -12.569 0.4865 0.75061 0.41923 0.15542 1 116.193 13.103 -10.073 0.53782 -0.73889 0.38803 -0.11929 2 47.329 -47.723 5.693 0.96802 0.1731 -0.10934 -0.14495 3 
121.287 -32.05 -12.006 0.38587 0.81942 0.41948 0.06068 1 115.674 13.003 -10.108 0.54348 -0.73196 0.39125 -0.12563 2 47.326 -47.725 5.695 0.96804 0.17305 -0.10932 -0.14494 3 
120.82 -33.872 -9.915 0.35587 0.86458 0.3517 -0.04645 1 115.106 12.909 -10.123 0.55178 -0.72255 0.39436 -0.13395 2 47.327 -47.725 5.692 0.96803 0.17306 -0.10934 -0.14496 3 
120.374 -35.902 -8.535 0.25873 0.85273 0.40993 -0.19459 1 114.61 12.883 -10.207 0.55941 -0.71464 0.39658 -0.1381 2 47.327 -47.724 5.694 0.96803 0.17306 -0.10934 -0.14494 3 
117.536 -37.375 -5.569 0.24982 0.80942 0.43247 -0.30886 1 114.159 12.84 -10.257 0.56546 -0.70836 0.39856 -0.14013 2 47.327 -47.724 5.695 0.96803 0.17306 -0.10933 -0.14494 3 
113.43 -38.558 -2.223 0.28307 0.76486 0.43924 -0.37673 1 113.968 12.858 -10.271 0.56645 -0.70533 0.40197 -0.14165 2 47.327 -47.725 5.693 0.96803 0.17306 -0.10934 -0.14495 3 
109.155 -39.086 1.116 0.29262 0.75498 0.42388 -0.40584 1 113.982 12.864 -10.269 0.56081 -0.70656 0.40672 -0.14438 2 47.328 -47.723 5.698 0.96803 0.1731 -0.10932 -0.14491 3 
104.916 -39.564 4.747 0.26113 0.78272 0.35772 -0.43727 1 114.232 12.798 -10.273 0.54769 -0.71216 0.41353 -0.14783 2 47.326 -47.725 5.694 0.96803 0.17306 -0.10933 -0.14495 3 
98.961 -41.882 7.098 0.23634 0.75743 0.40017 -0.45859 1 114.561 12.551 -10.266 0.53325 -0.71867 0.41916 -0.15315 2 47.326 -47.724 5.695 0.96803 0.17309 -0.10932 -0.14495 3 
90.912 -43.771 8.063 0.18475 0.777 0.42678 -0.42426 1 114.947 12.06 -10.263 0.51604 -0.72545 0.4254 -0.16266 2 47.328 -47.723 5.694 0.96803 0.17309 -0.10934 -0.14494 3 
81.985 -45.529 6.734 0.12833 0.77384 0.488 -0.38284 1 115.456 11.288 -10.175 0.49477 -0.73247 0.43259 -0.17762 2 47.328 -47.724 5.693 0.96803 0.17306 -0.10936 -0.14494 3 
73.545 -46.759 4.16 0.06646 0.79149 0.50532 -0.33731 1 116.079 10.348 -10.119 0.46669 -0.74248 0.4388 -0.19592 2 47.323 -47.727 5.693 0.96803 0.17305 -0.10932 -0.14497 3 
66.426 -47.927 0.989 0.0071 0.80289 0.52286 -0.28624 1 116.71 9.265 -10.016 0.43912 -0.75197 0.44356 -0.21204 2 47.328 -47.723 5.695 0.96804 0.17307 -0.10935 -0.14491 3 
61.252 -48.649 -2.078 -0.05022 0.82083 0.51852 -0.23421 1 117.165 8.154 -9.946 0.41334 -0.75893 0.44872 -0.22765 2 47.326 -47.725 5.695 0.96804 0.17305 -0.10932 -0.14493 3 
57.722 -49.01 -4.535 -0.07633 0.80417 0.55422 -0.2008 1 117.339 7.204 -9.905 0.39208 -0.76476 0.45113 -0.24064 2 47.325 -47.726 5.696 0.96804 0.17304 -0.10933 -0.14492 3 
55.048 -48.987 -6.132 -0.0646 0.78776 0.58346 -0.18663 1 117.339 6.386 -9.853 0.37304 -0.77054 0.45264 -0.24947 2 47.324 -47.726 5.696 0.96805 0.17302 -0.10931 -0.14492 3 
53.574 -48.692 -7.038 -0.05929 0.75903 0.61263 -0.21223 1 116.983 5.754 -9.802 0.3632 -0.77321 0.45292 -0.25514 2 47.326 -47.725 5.695 0.96804 0.17305 -0.10933 -0.14493 3 
52.722 -48.518 -7.335 -0.06539 0.72823 0.63447 -0.2507 1 116.611 5.395 -9.818 0.36083 -0.77323 0.45366 -0.25712 2 46.944 -47.835 5.727 0.96872 0.17183 -0.10345 -0.1461 3 
52.388 -48.353 -7.386 -0.06441 0.71088 0.64549 -0.27173 1 116.504 5.156 -9.78 0.35721 -0.77485 0.45376 -0.2571 2 46.727 -47.861 5.744 0.96827 0.1746 -0.1015 -0.14719 3 
52.383 -48.157 -7.361 -0.06416 0.70101 0.65042 -0.28534 1 116.573 5.08 -9.717 0.35566 -0.77663 0.45305 -0.25514 2 46.866 -47.819 5.734 0.9672 0.1795 -0.10278 -0.14746 3 
53.204 -47.497 -7.14 -0.07876 0.70345 0.63293 -0.31363 1 116.964 5.176 -9.67 0.3494 -0.78079 0.45326 -0.2507 2 47.941 -47.128 5.9 0.96091 0.21055 -0.11051 -0.14177 3 
55.018 -46.76 -6.277 -0.04019 0.70951 0.61719 -0.33773 1 117.278 5.389 -9.595 0.34426 -0.7848 0.45103 -0.24928 2 51.571 -44.952 6.94 0.95838 0.20829 -0.15745 -0.1155 3 
58.176 -45.406 -4.848 0.02197 0.72594 0.58999 -0.35276 1 116.97 5.746 -9.63 0.35873 -0.78212 0.4484 -0.24197 2 56.27 -41.505 8.388 0.9608 0.18074 -0.1965 -0.07468 3 
62.312 -43.13 -3.566 0.0839 0.75453 0.54846 -0.35047 1 116.512 6.289 -9.683 0.37591 -0.77908 0.44425 -0.23317 2 61.458 -35.924 9.207 0.96283 0.1486 -0.22552 0.00279 3 
66.54 -40.402 -3.22 0.12761 0.77276 0.52448 -0.3339 1 116.23 7.025 -9.728 0.39481 -0.77574 0.43922 -0.22233 2 66.248 -31.181 8.908 0.96282 0.11408 -0.23822 0.05676 3 
70.572 -37.561 -3.909 0.15962 0.79164 0.50617 -0.30269 1 116.275 7.839 -9.721 0.41152 -0.77488 0.43215 -0.20847 2 70.126 -26.921 7.495 0.96519 0.07721 -0.22934 0.09928 3 
74.328 -34.632 -5.167 0.18045 0.83349 0.4545 -0.25722 1 116.715 8.82 -9.725 0.42338 -0.77669 0.42528 -0.19141 2 72.78 -21.398 4.819 0.96228 0.04888 -0.19702 0.18115 3 
77.381 -31.952 -6.507 0.19857 0.88255 0.37303 -0.20621 1 117.436 9.778 -9.738 0.43131 -0.779 0.41928 -0.17701 2 74.646 -15.875 1.443 0.9453 0.02373 -0.15409 0.28654 3 
79.633 -29.712 -7.682 0.21263 0.92386 0.27243 -0.16447 1 118.266 10.61 -9.806 0.43702 -0.78158 0.41433 -0.16271 2 76.233 -11.416 -2.082 0.90958 0.00696 -0.11899 0.39807 3 
80.893 -28.413 -8.25 0.22977 0.9503 0.1591 -0.1372 1 119.02 11.338 -9.8 0.43745 -0.78557 0.41116 -0.14988 2 77.703 -8.784 -5.225 0.85447 -0.01189 -0.10195 0.50926 3 
81.531 -28 -8.225 0.24742 0.9581 0.05206 -0.13461 1 119.53 11.828 -9.778 0.43638 -0.78841 0.41088 -0.13839 2 79.156 -8.112 -7.518 0.78992 -0.02446 -0.11443 0.60194 3 
81.794 -27.862 -7.671 0.26268 0.95345 -0.0348 -0.14396 1 119.798 12.206 -9.841 0.43764 -0.78937 0.41039 -0.13015 2 80.085 -8.408 -8.809 0.73109 -0.03083 -0.13694 0.66769 3 
81.943 -27.595 -6.864 0.27052 0.94245 -0.11142 -0.16185 1 119.922 12.406 -9.879 0.43945 -0.78931 0.41091 -0.12257 2 80.388 -8.948 -9.522 0.6755 -0.0269 -0.16189 0.71886 3 
82.277 -26.975 -6.002 0.2769 0.92336 -0.18663 -0.18949 1 119.962 12.5 -9.926 0.4425 -0.78856 0.41089 -0.11632 2 80.487 -9.516 -10.171 0.61065 -0.01449 -0.19513 0.76735 3 
82.675 -26.004 -5.25 0.29184 0.90133 -0.23724 -0.21483 1 120.007 12.57 -9.95 0.44472 -0.78764 0.41119 -0.11301 2 80.98 -9.536 -10.365 0.56368 -0.00912 -0.23184 0.79274 3 
82.855 -25.026 -4.729 0.30442 0.88487 -0.26543 -0.23212 1 120.063 12.578 -9.986 0.44766 -0.78618 0.41147 -0.11051 2 81.338 -9.173 -10.365 0.53617 -0.00748 -0.25886 0.80341 3 
82.754 -24.303 -4.227 0.30809 0.87224 -0.28647 -0.24942 1 120.216 12.595 -10.011 0.44821 -0.78577 0.41202 -0.10916 2 81.011 -8.915 -10.238 0.5129 0.00073 -0.27866 0.81196 3 
82.586 -23.914 -3.715 0.31133 0.86256 -0.30158 -0.26099 1 120.459 12.643 -9.974 0.44625 -0.78687 0.41223 -0.10845 2 80.757 -8.831 -9.988 0.49841 0.00516 -0.29375 0.81564 3 
82.513 -23.677 -3.352 0.30951 0.85648 -0.31053 -0.27243 1 120.598 12.69 -10 0.44536 -0.78719 0.41281 -0.1076 2 80.392 -8.703 -9.735 0.48935 0.01419 -0.30361 0.81741 3 
82.437 -23.575 -3.174 0.30982 0.85511 -0.31193 -0.27478 1 120.661 12.69 -10.025 0.44582 -0.78657 0.41358 -0.10725 2 80.319 -8.616 -9.589 0.48808 0.01493 -0.30676 0.81698 3 
82.512 -23.523 -3.194 0.31169 0.85286 -0.31737 -0.2734 1 120.675 12.68 -10.002 0.44631 -0.78604 0.41394 -0.10772 2 80.458 -8.743 -9.734 0.48255 0.01187 -0.30801 0.81984 3 
82.59 -23.577 -3.239 0.31343 0.8536 -0.31648 -0.27011 1 120.652 12.709 -10.036 0.44724 -0.78521 0.41433 -0.1084 2 80.688 -8.821 -9.797 0.4832 0.0076 -0.30731 0.81977 3 
82.636 -23.661 -3.263 0.31025 0.85535 -0.31477 -0.27025 1 120.612 12.694 -10.007 0.44867 -0.78402 0.41454 -0.11027 2 80.594 -8.845 -9.775 0.48474 0.01061 -0.30466 0.81982 3 
82.72 -23.75 -3.245 0.30909 0.85538 -0.31534 -0.27083 1 120.553 12.674 -10.007 0.45012 -0.783 0.41443 -0.11205 2 80.617 -8.938 -9.771 0.48408 0.0119 -0.30479 0.82014 3 
82.759 -23.792 -3.231 0.30706 0.85653 -0.31419 -0.27083 1 120.495 12.634 -9.996 0.45199 -0.78168 0.41461 -0.11307 2 80.559 -8.941 -9.729 0.48518 0.01373 -0.30255 0.82029 3 
82.743 -23.812 -3.246 0.30472 0.85906 -0.31003 -0.27027 1 120.463 12.58 -10.02 0.45288 -0.78124 0.41452 -0.11284 2 80.492 -8.829 -9.667 0.48954 0.0154 -0.29953 0.81878 3 
82.737 -23.77 -3.304 0.30554 0.85939 -0.3088 -0.26969 1 120.496 12.596 -10.009 0.45284 -0.78142 0.41412 -0.11322 2 80.538 -8.78 -9.712 0.4905 0.01421 -0.29951 0.81823 3 
82.722 -23.68 -3.38 0.30827 0.85903 -0.30922 -0.26725 1 120.562 12.573 -10.003 0.45225 -0.78168 0.41422 -0.11343 2 80.685 -8.741 -9.811 0.48998 0.00986 -0.29958 0.81858 3 
82.666 -23.649 -3.444 0.30854 0.86034 -0.30747 -0.26472 1 120.593 12.578 -10.008 0.4521 -0.78149 0.41464 -0.11378 2 80.711 -8.688 -9.846 0.49195 0.00761 -0.29772 0.8181 3 
82.582 -23.748 -3.518 0.30855 0.86278 -0.30395 -0.2608 1 120.594 12.584 -10.036 0.45196 -0.78131 0.41527 -0.11332 2 80.711 -8.71 -9.882 0.49529 0.00489 -0.29413 0.8174 3 
82.298 -24.259 -3.569 0.31071 0.87399 -0.2763 -0.25151 1 120.578 12.567 -10.025 0.45136 -0.78167 0.41543 -0.11259 2 80.989 -8.566 -9.538 0.51969 -0.00392 -0.28527 0.80531 3 
81.916 -25.294 -3.53 0.3093 0.90081 -0.18866 -0.23934 1 120.529 12.592 -10.018 0.45069 -0.7825 0.41476 -0.11198 2 81.406 -7.727 -8.022 0.59125 -0.00936 -0.26345 0.76219 3 
81.604 -26.502 -3.321 0.30168 0.92321 -0.04815 -0.23314 1 120.405 12.599 -9.994 0.45041 -0.78289 0.41387 -0.11372 2 81.747 -6.848 -5.022 0.69462 -0.00467 -0.24364 0.67684 3 
81.182 -27.922 -3.038 0.28111 0.92106 0.12436 -0.23908 1 120.16 12.556 -9.962 0.45346 -0.7816 0.41217 -0.11657 2 81.443 -7.678 -0.77 0.80545 0.01225 -0.23264 0.54495 3 
80.57 -29.803 -2.853 0.24671 0.89106 0.28839 -0.24894 1 119.963 12.525 -9.965 0.45449 -0.78135 0.41118 -0.11772 2 80.53 -11.518 3.317 0.89253 0.02947 -0.22636 0.38896 3 
79.93 -32.048 -2.912 0.19856 0.83643 0.44134 -0.25726 1 119.789 12.476 -9.952 0.45331 -0.78208 0.41048 -0.11988 2 79.143 -17.868 6.589 0.95102 0.04343 -0.21208 0.22066 3 
79.129 -34.073 -2.886 0.15865 0.77225 0.55298 -0.26958 1 119.531 12.305 -9.929 0.4528 -0.78187 0.41019 -0.1241 2 77.96 -24.658 8.681 0.97485 0.05034 -0.20384 0.07471 3 
77.718 -36.153 -2.647 0.12652 0.72525 0.61022 -0.29263 1 119.186 12.149 -9.909 0.45348 -0.78036 0.4106 -0.12965 2 76.567 -30.063 9.841 0.97585 0.06961 -0.20671 -0.01213 3 
75.615 -38.442 -2.326 0.09745 0.70499 0.62721 -0.31639 1 118.844 11.805 -9.912 0.44849 -0.78099 0.41269 -0.13636 2 74.677 -33.782 10.553 0.97036 0.09924 -0.21533 -0.04684 3 
72.958 -40.612 -2.163 0.06594 0.69984 0.62352 -0.34219 1 118.485 11.315 -9.848 0.43924 -0.78303 0.41469 -0.14821 2 72.366 -36.264 10.878 0.96146 0.14047 -0.23017 -0.0537 3 
69.606 -42.436 -2.432 0.03712 0.69604 0.61963 -0.36084 1 118.053 10.621 -9.71 0.42571 -0.78637 0.41601 -0.16533 2 69.153 -38.42 10.733 0.95365 0.17378 -0.23764 -0.0623 3 
65.839 -43.982 -3.243 0.00169 0.68046 0.63427 -0.36699 1 117.865 9.72 -9.552 0.40372 -0.79275 0.41647 -0.18737 2 64.969 -41.665 10.104 0.94879 0.19728 -0.22465 -0.10199 3 
61.872 -45.479 -4.431 -0.03286 0.66907 0.64732 -0.36366 1 118.146 8.641 -9.366 0.3742 -0.80009 0.41908 -0.21025 2 60.448 -44.636 8.922 0.94431 0.21672 -0.20737 -0.1353 3 
58.931 -46.542 -5.649 -0.06278 0.6813 0.64337 -0.34345 1 118.675 7.547 -9.182 0.34357 -0.80876 0.42006 -0.22674 2 56.026 -45.844 7.51 0.94874 0.22708 -0.17268 -0.13606 3 
56.943 -47.265 -6.454 -0.08413 0.69793 0.62861 -0.33267 1 119.164 6.481 -8.911 0.30968 -0.81821 0.42112 -0.23933 2 52.807 -46.031 6.555 0.95222 0.23954 -0.14668 -0.11989 3 
55.476 -47.563 -6.792 -0.07505 0.70353 0.62672 -0.32655 1 119.076 5.637 -8.854 0.29461 -0.82117 0.42274 -0.24532 2 51.624 -46.019 6.222 0.95323 0.23271 -0.15252 -0.11801 3 
54.41 -47.431 -7.18 -0.08238 0.70379 0.63128 -0.31524 1 118.557 5.032 -8.807 0.29584 -0.8205 0.42242 -0.24661 2 50.053 -46.231 5.754 0.95516 0.22936 -0.13879 -0.12571 3 
53.757 -47.37 -7.275 -0.08795 0.69983 0.63481 -0.31548 1 118.218 4.693 -8.741 0.29083 -0.82218 0.42153 -0.24849 2 49.079 -46.735 5.704 0.95478 0.23043 -0.12892 -0.13667 3 
53.573 -47.31 -7.263 -0.10215 0.69638 0.63629 -0.31583 1 117.889 4.458 -8.691 0.29142 -0.8208 0.42252 -0.25069 2 48.272 -47.373 5.671 0.95311 0.23989 -0.11206 -0.14656 3 
53.474 -47.269 -7.238 -0.1124 0.69525 0.6372 -0.31299 1 117.618 4.409 -8.73 0.29662 -0.81906 0.42169 -0.25165 2 47.624 -47.84 5.655 0.95249 0.24448 -0.09771 -0.15313 3 
53.575 -47.239 -7.243 -0.1151 0.69698 0.6416 -0.29887 1 117.669 4.465 -8.712 0.29924 -0.81952 0.41998 -0.24991 2 47.588 -47.852 5.654 0.95255 0.24437 -0.09718 -0.15327 3 
54.917 -47.06 -7.317 -0.10581 0.69979 0.65193 -0.27218 1 117.901 4.62 -8.697 0.30831 -0.81824 0.4167 -0.24858 2 47.576 -47.861 5.66 0.95258 0.24431 -0.09701 -0.15329 3 
60.523 -46.087 -6.748 -0.04839 0.64744 0.68817 -0.32388 1 118.44 4.794 -8.788 0.31576 -0.81889 0.41367 -0.24205 2 47.581 -47.86 5.656 0.95256 0.24433 -0.0971 -0.15331 3 
71.026 -44.313 -5.517 0.0971 0.62751 0.66598 -0.39151 1 119.234 4.956 -8.853 0.32027 -0.82074 0.41173 -0.23299 2 47.582 -47.857 5.656 0.95256 0.24435 -0.0971 -0.15327 3 
81.586 -41.274 -5.575 0.26689 0.72324 0.57658 -0.27065 1 120.09 5.301 -8.908 0.33411 -0.81976 0.40686 -0.22542 2 47.582 -47.859 5.655 0.95255 0.24435 -0.09712 -0.15331 3 
89.984 -37.886 -7.024 0.4277 0.78104 0.45185 0.0537 1 121.31 5.797 -8.787 0.34906 -0.82074 0.39746 -0.21579 2 47.583 -47.857 5.655 0.95255 0.24435 -0.09714 -0.15329 3 
98.982 -35.438 -9.493 0.49113 0.71702 0.36977 0.32854 1 122.24 6.659 -8.621 0.36378 -0.82425 0.38323 -0.20349 2 47.58 -47.86 5.655 0.95256 0.24432 -0.0971 -0.15331 3 
106.322 -33.921 -10.933 0.54458 0.65117 0.26068 0.45985 1 122.672 8.099 -8.761 0.38398 -0.82269 0.37492 -0.18756 2 47.583 -47.859 5.655 0.95255 0.24435 -0.09715 -0.15329 3 
110.03 -31.469 -11.523 0.5427 0.61531 0.27484 0.50133 1 122.952 10.207 -8.906 0.40173 -0.81894 0.37289 -0.17 2 47.583 -47.857 5.654 0.95254 0.24438 -0.09712 -0.15331 3 
111.737 -27.492 -11.366 0.55176 0.61973 0.2704 0.48825 1 123.657 13.354 -9.181 0.4058 -0.81857 0.37708 -0.15191 2 47.584 -47.859 5.653 0.95254 0.24436 -0.09716 -0.15331 3 
111.881 -22.953 -11.292 0.54462 0.62056 0.26513 0.498 1 125.053 17.802 -9.435 0.39245 -0.82537 0.38161 -0.13828 2 47.581 -47.86 5.653 0.95255 0.24434 -0.09713 -0.15332 3 
109.883 -17.161 -10.918 0.49133 0.61091 0.2244 0.57882 1 127.381 23.394 -9.599 0.37023 -0.83628 0.38201 -0.13281 2 47.583 -47.859 5.654 0.95255 0.24436 -0.09715 -0.15331 3 
104.309 -12.093 -9.765 0.3838 0.6051 0.25932 0.64754 1 130.436 29.763 -9.043 0.33081 -0.85748 0.35482 -0.17145 2 47.581 -47.86 5.655 0.95255 0.24438 -0.09712 -0.1533 3 
99.068 -1.527 -7.928 0.42464 0.61103 0.50806 0.43381 1 131.992 38.819 -9.103 0.12647 -0.91646 0.35204 -0.14204 2 47.581 -47.86 5.655 0.95255 0.24438 -0.09712 -0.1533 3 
95.018 12.349 -7.326 0.36645 0.57842 0.63053 0.36549 1 126.178 45.455 -9.241 -0.09753 -0.86886 0.48189 -0.0579 2 47.584 -47.859 5.655 0.95254 0.24437 -0.09717 -0.15329 3 
89.988 23.256 -7.27 0.42054 0.70992 0.4273 0.36956 1 116.046 49.453 -9.128 -0.15371 -0.806 0.56025 -0.11335 2 47.58 -47.861 5.657 0.95256 0.24435 -0.09712 -0.15329 3 
83.981 31.599 -9.382 0.37056 0.73866 0.3736 0.42129 1 107.382 52.72 -9.209 -0.1593 -0.79447 0.5729 -0.12344 2 47.582 -47.86 5.654 0.95255 0.24436 -0.09717 -0.15329 3 
80.478 36.253 -11.597 0.32201 0.71279 0.37703 0.49607 1 101.327 55.621 -10.303 -0.17968 -0.77005 0.59041 -0.16172 2 47.582 -47.86 5.655 0.95255 0.24436 -0.09715 -0.15329 3 
79.106 38.508 -12.629 0.28786 0.69705 0.38634 0.53104 1 98.831 57.053 -11.031 -0.21024 -0.77999 0.55341 -0.20285 2 47.582 -47.86 5.655 0.95255 0.24437 -0.09717 -0.15328 3 
79.031 39.664 -13.643 0.28354 0.68672 0.3648 0.5612 1 97.723 58.121 -11.268 -0.21354 -0.77587 0.55672 -0.20614 2 47.579 -47.862 5.656 0.95256 0.24434 -0.09715 -0.15328 3 
78.992 40.174 -13.859 0.2666 0.68011 0.36464 0.57742 1 96.152 58.868 -11.556 -0.19839 -0.7758 0.56013 -0.21221 2 47.581 -47.861 5.656 0.95255 0.24437 -0.09713 -0.15329 3 
78.737 40.65 -13.568 0.24841 0.68219 0.35527 0.5888 1 94.52 59.585 -13.18 -0.20097 -0.77592 0.56837 -0.1858 2 47.581 -47.861 5.656 0.95255 0.24435 -0.09716 -0.15328 3 
