-0.00767348  0.994788 -0.101675 0.0129214   0.997164          0 -0.0752566  0.0186283 -0.0748644 -0.101964 -0.991967  0.196489 0 0 0 1         0 -0.611398  0.785398         0 -0.611398  0.785398 -0.611398  0.785398         0 -0.785398  0.785398         0 -0.785398  0.785398 -0.785398  0.785398
0.190746
0.615498
0.102142
100
1
99
0.178314
0.619167
0.163341 0.177344 0.178638 0.183704 0.197641 0.189803 0.18935 0.185664 0.168566 0.181912 0.164125 0.155407 0.167226 0.187348 0.159131 0.18158 0.171186 0.0248167 0.181607 0.174503 0.182304 0.186602 0.186163 0.186778 0.194597 0.17226 0.187168 0.196882 0.170493 0.183189 0.189144 0.172698 0.181628 0.183741 0.179479 0.158032 0.194771 0.183183 0.179338 0.177016 0.178639 0.17609 0.187889 0.174169 0.190254 0.182751 0.176721 0.179583 0.187013 0.173397 0.172245 0.174423 0.167681 0.168686 0.16718 0.184467 0.179536 0.179922 0.165277 0.188707 0.180142 0.183557 0.19499 0.193668 0.188501 0.165356 0.172833 0.192443 0.188784 0.182563 0.178981 0.18295 0.181568 0.192154 0.178172 0.179269 0.164505 0.182712 0.164819 0.166976 0.171328 0.184678 0.164894 0.179966 0.187179 0.184885 0.16334 0.189117 0.183719 0.181623 0.181587 0.172598 0.17972 0.192966 0.185496 0.194751 0.196272 0.181641 0.179364 
0.694439 0.61479 0.585913 0.562401 0.702083 0.604887 0.791999 0.637226 0.601515 0.609721 0.606719 0.609801 0.631483 0.624468 0.615775 0.575522 0.605985 0.583989 0.604938 0.610324 0.60974 0.592056 0.610339 0.584003 0.631177 0.646337 0.602739 0.670734 0.787047 0.59209 0.625836 0.647292 0.616071 0.645475 0.645215 0.634363 0.513162 0.603923 0.519198 0.595117 0.574029 0.596422 0.641517 0.636378 0.622381 0.613091 0.57954 0.600803 0.358483 0.618429 0.609187 0.607272 0.629322 0.575742 0.563124 0.581449 0.606104 0.618638 0.675892 0.638669 0.597441 0.662961 0.629955 0.623711 0.645921 0.600037 0.66241 0.636962 0.726276 0.626987 0.621853 0.632438 0.619105 0.607093 0.624178 0.635265 0.629459 0.667245 0.614771 0.591198 0.598604 0.632216 0.625597 0.731234 0.59369 0.688021 0.583216 0.612339 0.639256 0.611562 0.621628 0.579788 0.618961 0.622292 0.609602 0.628967 0.67156 0.587073 0.594311 
