-0.0956555   0.931236    0.35164 -0.0909922   0.964935          0   0.262488 -0.0678152  0.244438  0.364418 -0.898582   0.19027 0 0 0 1         0 -0.524398  0.785398         0 -0.524398  0.785398 -0.611398  0.785398         0 -0.785398  0.785398         0 -0.785398  0.785398 -0.785398  0.785398
0.191829
0.721618
0.373008
100
40
60
0.156832
0.6333
0.185922 0.173505 0.181126 0.176032 0.192391 0.165044 0.168329 0.18335 0.185347 0.187144 0.153039 0.137775 0.18401 0.16204 0.0358998 0.0304805 0.170936 0.178069 0.175306 0.157331 0.183355 0.172131 0.185814 0.168503 0.185177 0.169692 0.142494 0.166856 0.0302986 0.151458 0.110309 0.171407 0.0253583 0.156992 0.171556 0.176996 0.178717 0.177072 0.143303 0.154585 0.18129 0.146988 0.14837 0.182315 0.196222 0.17393 0.175953 0.18541 0.154705 0.180673 0.166963 0.193962 0.140947 0.167401 0.196267 0.0292463 0.167797 0.133822 0.148118 0.134416 
0.608356 0.708738 0.64924 0.633218 0.646504 0.627658 0.690263 0.647826 0.662963 0.617552 0.637667 0.648077 0.632973 0.679437 0.575027 0.633174 0.61777 0.615846 0.612435 0.604812 0.634799 0.68058 0.53999 0.608551 0.616153 0.610904 0.61256 0.737015 0.618192 0.678526 0.603381 0.620333 0.53395 0.64865 0.652358 0.642067 0.640993 0.626704 0.567238 0.631018 0.639451 0.584525 0.614188 0.607015 0.772249 0.643243 0.60979 0.709591 0.633998 0.542561 0.745815 0.622595 0.606948 0.606961 0.769583 0.603367 0.613498 0.597535 0.627946 0.593633 
