0.00767348  0.994788 -0.101675 0.0129214   0.997164          0  0.0752566 -0.0186283 0.0748644 -0.101964 -0.991967  0.196489 0 0 0 1         0 -0.611398  0.785398         0 -0.611398  0.785398 -0.611398  0.785398         0 -0.785398  0.785398         0 -0.785398  0.785398 -0.785398  0.785398
0.185248
0.599281
0.102142
100
1
99
0.178896
0.617531
0.19043 0.164901 0.170816 0.173902 0.176143 0.164342 0.189858 0.1734 0.185067 0.168785 0.190145 0.185625 0.176844 0.176074 0.172919 0.423582 0.179384 0.18651 0.188573 0.20214 0.212873 0.177356 0.172853 0.182757 0.177425 0.190254 0.175975 0.192475 0.17685 0.172207 0.168925 0.190952 0.163759 0.13815 0.167573 0.185762 0.0281491 0.162377 0.180484 0.18563 0.170557 0.180232 0.192615 0.182603 0.179851 0.186911 0.167214 0.182282 0.173446 0.182267 0.18739 0.175431 0.189389 0.189977 0.188405 0.173099 0.190845 0.0348654 0.231218 0.191199 0.199197 0.188567 0.170799 0.187896 0.182991 0.183027 0.185105 0.164386 0.178639 0.18341 0.178953 0.191079 0.176908 0.187601 0.177034 0.170722 0.028906 0.177429 0.185802 0.192812 0.181556 0.16751 0.202891 0.18197 0.176999 0.177535 0.181452 0.180415 0.189972 0.185333 0.187759 0.192229 0.178444 0.183185 0.160041 0.164622 0.177922 0.178972 0.178625 
0.728204 0.600901 0.58481 0.608619 0.601502 0.63276 0.619975 0.588033 0.613892 0.570419 0.619987 0.635494 0.778597 0.747064 0.730486 0.0139413 0.623754 0.564452 0.604055 0.547936 0.797215 0.656032 0.643726 0.645329 0.605428 0.626802 0.596876 0.36738 0.633554 0.63513 0.601275 0.667351 0.590745 0.56106 0.632399 0.647238 0.617485 0.608532 0.588943 0.642774 0.640662 0.5868 0.678426 0.605387 0.647921 0.606173 0.607163 0.591536 0.653772 0.609724 0.623782 0.608456 0.639387 0.577697 0.629687 0.606441 0.628232 0.620362 0.671381 0.644326 0.646129 0.634566 0.643744 0.630065 0.634074 0.623312 0.630791 0.509588 0.598612 0.61467 0.67861 0.626902 0.571503 0.628199 0.602104 0.624955 0.607251 0.593762 0.695344 0.599203 0.615794 0.609703 0.627708 0.645257 0.62087 0.640545 0.616161 0.636292 0.641428 0.652299 0.677253 0.629867 0.604207 0.608534 0.581092 0.596144 0.637903 0.624615 0.619028 
