-0.0679064   0.995847 -0.0606388 0.00874671     0.666065 -2.77556e-17    -0.745893     0.165409  -0.742796 -0.0910403  -0.663299   0.136025 0 0 0 1         0 -0.611398  0.785398         0 -0.611398  0.785398 -0.524398  0.785398         0 -0.785398  0.785398         0 -0.785398  0.785398 -0.785398  0.785398
0.166104
0.675562
0.0911666
100
3
97
0.147931
0.58708
0.168007 0.0310205 0.170789 0.163133 0.170199 0.163 0.167389 0.166471 0.182528 0.151927 0.169387 0.171099 0.17007 0.028716 0.0299039 0.167503 0.172189 0.0284217 0.166824 0.161414 0.160901 0.153149 0.157269 0.178396 0.165701 0.15821 0.159332 0.170422 0.164929 0.0286605 0.16347 0.18124 0.156085 0.164605 0.150242 0.170777 0.170961 0.185324 0.190843 0.157954 0.0303598 0.152617 0.181201 0.17323 0.194837 0.166691 0.169153 0.145641 0.190678 0.156852 0.0324389 0.157919 0.166115 0.153805 0.164416 0.170825 0.158696 0.159929 0.169512 0.167548 0.17299 0.173137 0.0276306 0.176918 0.163386 0.0295819 0.172211 0.171995 0.0403218 0.180288 0.160162 0.166584 0.175336 0.179565 0.157691 0.0708024 0.164485 0.153544 0.174862 0.180131 0.162009 0.170354 0.157058 0.15966 0.158771 0.16842 0.0342646 0.0759039 0.159803 0.143107 0.16453 0.1647 0.164497 0.0322409 0.168381 0.163637 0.159449 
0.657252 0.0506842 0.663039 0.693686 0.641993 0.672628 0.628205 0.658006 0.654748 0.652208 0.708191 0.638353 0.687557 0.0473615 0.0498748 0.686542 0.690132 0.0481477 0.662847 0.669623 0.680947 0.660396 0.662252 0.717694 0.664199 0.642096 0.632581 0.664584 0.649086 0.0471569 0.687332 0.410919 0.633788 0.654229 0.666601 0.610948 0.61286 0.672769 0.776378 0.639084 0.0490859 0.668315 0.684048 0.690977 0.656431 0.657152 0.691241 0.717646 0.624026 0.660603 0.055314 0.666435 0.675663 0.614685 0.666194 0.660608 0.66896 0.635996 0.684763 0.70087 0.692056 0.692004 0.0446765 0.696216 0.652638 0.049907 0.627824 0.676792 0.0603716 0.711372 0.670235 0.650427 0.691437 0.695735 0.659901 0.632974 0.663348 0.62748 0.706407 0.621718 0.660967 0.639003 0.640602 0.677008 0.68931 0.699923 0.0550063 0.646316 0.629392 0.665522 0.634766 0.69129 0.69883 0.0520853 0.675467 0.672494 0.619277 
