-0.0572889   0.994137 -0.0917001  0.0141973    0.848097 2.77556e-17   -0.529842    0.115398 -0.526735 -0.108125 -0.843125   0.16522 0 0 0 1         0 -0.611398  0.785398         0 -0.611398  0.785398 -0.524398  0.785398         0 -0.785398  0.785398         0 -0.785398  0.785398 -0.785398  0.785398
0.152379
0.636872
0.108336
100
9
91
0.141467
0.535016
0.176243 0.171856 0.152113 0.158626 0.15882 0.179096 0.197623 0.171348 0.0281687 0.178944 0.159881 0.0335116 0.192144 0.183638 0.0328139 0.162662 0.0308288 0.201748 0.0253265 0.182759 0.160426 0.158366 0.163958 0.174746 0.190892 0.0334645 0.151964 0.178519 0.161023 0.164164 0.163972 0.164167 0.183595 0.159472 0.0331176 0.183075 0.0270792 0.149086 0.195682 0.177615 0.0329203 0.148917 0.156648 0.167464 0.1632 0.0315348 0.175331 0.171175 0.181749 0.172715 0.16594 0.157379 0.156201 0.151994 0.161715 0.142845 0.169982 0.176947 0.159967 0.170691 0.176674 0.178077 0.164785 0.161841 0.169674 0.0295472 0.177847 0.0832049 0.170052 0.177239 0.0275564 0.164999 0.0312393 0.151361 0.033771 0.027774 0.171204 0.170441 0.180147 0.154663 0.180623 0.0308732 0.146818 0.153141 0.0374549 0.160581 0.140551 0.166912 0.14281 0.182259 0.161522 
0.624516 0.677542 0.663207 0.66828 0.663425 0.642854 0.606725 0.64325 0.0468514 0.568316 0.651835 0.0531906 0.686808 0.658164 0.0386123 0.609579 0.0560713 0.722238 0.64458 0.612067 0.673843 0.590054 0.649856 0.608049 0.646044 0.0582751 0.633908 0.67724 0.616959 0.698984 0.648591 0.626617 0.61422 0.60507 0.0548292 0.685257 0.0480393 0.609416 0.661805 0.638616 0.0535009 0.633187 0.636825 0.63738 0.624533 0.0520009 0.645525 0.616206 0.581126 0.650694 0.658887 0.623781 0.629261 0.676922 0.640712 0.615385 0.619142 0.632837 0.623246 0.631273 0.671815 0.59643 0.642686 0.663946 0.673559 0.0506001 0.670801 0.66661 0.634223 0.645091 0.0472303 0.580355 0.0526831 0.605062 0.0606795 0.0458327 0.634202 0.647691 0.6413 0.556082 0.648983 0.0518812 0.620242 0.665268 0.0598505 0.6725 0.601991 0.638875 0.615105 0.636973 0.62166 
