  0.031764   0.995875  0.0849889 -0.0315175     0.936716 -2.77556e-17     -0.35009    0.0818733 -0.348646 0.0907307 -0.932852  0.191171 0 0 0 1         0 -0.524398  0.785398         0 -0.524398  0.785398 -0.611398  0.785398         0 -0.785398  0.785398         0 -0.785398  0.785398 -0.785398  0.785398
0.173684
0.643342
0.0908557
100
1
99
0.16852
0.639069
0.163764 0.187311 0.170974 0.170561 0.155889 0.192731 0.173431 0.166857 0.179601 0.170331 0.182789 0.0363796 0.17065 0.157491 0.199621 0.169159 0.173872 0.186632 0.155286 0.178405 0.185967 0.171405 0.176079 0.172859 0.159872 0.177277 0.17209 0.18538 0.166501 0.189578 0.16501 0.161614 0.171401 0.178114 0.193968 0.180607 0.1852 0.161018 0.186388 0.167648 0.179327 0.155432 0.158985 0.176198 0.125594 0.17153 0.161547 0.140358 0.15325 0.169778 0.173896 0.184227 0.164955 0.170545 0.170475 0.186567 0.161202 0.152112 0.173411 0.169495 0.157818 0.175901 0.18873 0.167324 0.171659 0.159994 0.212323 0.16738 0.176125 0.180969 0.162992 0.197461 0.168026 0.187018 0.16452 0.174249 0.166773 0.157543 0.178106 0.160181 0.156955 0.179989 0.168746 0.148622 0.173767 0.152424 0.170389 0.14794 0.168574 0.157853 0.170624 0.164323 0.170665 0.119569 0.164447 0.155034 0.172896 0.167457 0.149538 
0.729006 0.665696 0.700591 0.635201 0.656258 0.650292 0.647587 0.647492 0.662103 0.634831 0.623522 0.0612785 0.603116 0.635441 0.698705 0.6446 0.635677 0.636242 0.659982 0.619623 0.657726 0.642101 0.62283 0.620269 0.643051 0.599368 0.648898 0.642227 0.542905 0.468674 0.658302 0.58686 0.60774 0.6605 0.587075 0.634918 0.723537 0.621504 0.641926 0.60154 0.684717 0.625073 0.701594 0.66036 0.666316 0.643018 0.630748 0.644888 0.651056 0.662395 0.642423 0.638871 0.646511 0.637169 0.622581 0.628715 0.655044 0.654678 0.658377 0.641951 0.667533 0.680207 0.625045 0.678768 0.672963 0.734779 0.769595 0.625465 0.623277 0.625901 0.636802 0.646092 0.632406 0.629906 0.676393 0.704001 0.611721 0.663206 0.615082 0.627973 0.647837 0.621673 0.675914 0.57283 0.645752 0.668325 0.632823 0.598451 0.653505 0.656281 0.639394 0.790796 0.635707 0.639578 0.659931 0.670569 0.548589 0.660787 0.6463 
