 0.0679064   0.995847  0.0606388 -0.0289403    0.666065 2.77556e-17   -0.745893    0.180327 -0.742796 0.0910403 -0.663299  0.147555 0 0 0 1         0 -0.524398  0.785398         0 -0.524398  0.785398 -0.611398  0.785398         0 -0.785398  0.785398         0 -0.785398  0.785398 -0.785398  0.785398
0.17146
0.628148
0.0911666
100
11
89
0.13389
0.584118
0.155351 0.141693 0.09921 0.151733 0.0876503 0.149825 0.125787 0.162999 0.146333 0.12219 0.152027 0.131209 0.0299003 0.184804 0.143112 0.155684 0.0830925 0.153853 0.171638 0.128363 0.128833 0.150893 0.161827 0.125632 0.128305 0.154618 0.142186 0.125554 0.0383534 0.0952933 0.161097 0.147071 0.177277 0.168476 0.186527 0.15532 0.157231 0.168119 0.0280981 0.174133 0.0313057 0.136133 0.127218 0.0264126 0.147011 0.14394 0.131967 0.134355 0.137452 0.165936 0.11942 0.140099 0.0241383 0.134814 0.0324648 0.0764631 0.155216 0.131749 0.160539 0.084062 0.118906 0.0706906 0.126435 0.164438 0.13862 0.172187 0.130145 0.16585 0.163294 0.151383 0.142001 0.160438 0.137233 0.157637 0.137321 0.123639 0.171522 0.136404 0.180809 0.169748 0.167159 0.150751 0.141563 0.135432 0.163526 0.107312 0.147245 0.150809 0.141687 
0.675305 0.628344 0.501424 0.624891 0.522707 0.635318 0.609311 0.673539 0.664751 0.6397 0.492038 0.556302 0.0400462 0.706885 0.572062 0.706895 0.497723 0.602707 0.697406 0.612536 0.632801 0.519674 0.672662 0.623801 0.635518 0.583106 0.608475 0.596541 0.498748 0.533444 0.58282 0.546263 0.601708 0.585198 0.641784 0.66142 0.601519 0.682319 0.0499993 0.690235 0.0516561 0.56522 0.682176 0.487994 0.66981 0.670144 0.626095 0.626645 0.68404 0.559333 0.611937 0.553157 0.0449414 0.649693 0.0528755 0.489109 0.646146 0.558659 0.599331 0.509678 0.659822 0.497587 0.649771 0.666309 0.585817 0.611254 0.634196 0.661237 0.681685 0.621284 0.658809 0.642724 0.647431 0.633714 0.593628 0.638969 0.6706 0.619699 0.700967 0.582561 0.714485 0.66515 0.560469 0.612801 0.698209 0.646038 0.653102 0.655289 0.576334 
