0.00767348   0.994788   0.101675 -0.0318821   0.997164          0 -0.0752566  0.0186283 -0.0748644  0.101964 -0.991967  0.194546 0 0 0 1         0 -0.611398  0.785398         0 -0.524398  0.785398 -0.611398  0.785398         0 -0.785398  0.785398         0 -0.785398  0.785398 -0.785398  0.785398
0.187703
0.615085
0.102142
100
1
99
0.177396
0.617299
0.167026 0.190851 0.176697 0.178029 0.178819 0.182679 0.157145 0.179129 0.180173 0.175305 0.193676 0.176587 0.152318 0.15957 0.187814 0.17604 0.185141 0.188406 0.184019 0.168979 0.194412 0.151533 0.187343 0.160938 0.185612 0.177341 0.190793 0.198788 0.189577 0.183028 0.178474 0.18516 0.192732 0.180829 0.162875 0.194734 0.175081 0.0293899 0.169725 0.177252 0.190524 0.193878 0.185619 0.178784 0.162177 0.184425 0.196806 0.187707 0.17428 0.192395 0.194934 0.180103 0.179677 0.169007 0.185953 0.174494 0.173858 0.181653 0.174308 0.166437 0.188875 0.194603 0.182151 0.181093 0.188157 0.0614782 0.165352 0.19055 0.193253 0.198196 0.179998 0.165607 0.172152 0.174475 0.193925 0.167632 0.184925 0.188191 0.16068 0.191073 0.166604 0.190599 0.176193 0.172684 0.18735 0.183379 0.196742 0.175244 0.199552 0.182371 0.187161 0.174406 0.160192 0.184779 0.170102 0.191469 0.154352 0.172371 0.183278 
0.644979 0.618991 0.572422 0.617199 0.606846 0.609862 0.415619 0.572175 0.617188 0.61042 0.637029 0.599122 0.601802 0.603676 0.639187 0.605403 0.603772 0.64034 0.639264 0.598695 0.648436 0.606467 0.612828 0.607259 0.623898 0.633629 0.623797 0.622991 0.559571 0.565586 0.605275 0.624359 0.613254 0.616836 0.622529 0.61601 0.620124 0.59814 0.646529 0.632327 0.654887 0.58386 0.604839 0.6071 0.606905 0.633736 0.733248 0.656552 0.580596 0.638261 0.640539 0.65649 0.636905 0.596361 0.590501 0.636708 0.584968 0.6366 0.446541 0.621546 0.590011 0.693913 0.639098 0.650301 0.628256 0.623393 0.594896 0.647979 0.611199 0.639776 0.59884 0.592646 0.542491 0.590039 0.630603 0.627283 0.638165 0.633744 0.592458 0.701862 0.591555 0.617251 0.594842 0.618033 0.627953 0.634509 0.637401 0.623882 0.648863 0.629516 0.755603 0.625336 0.60629 0.626118 0.63614 0.648125 0.566075 0.607213 0.649964 
