 0.0572889   0.994137  0.0917001 -0.0349796  0.848097         0 -0.529842  0.125995 -0.526735  0.108125 -0.843125  0.180022 0 0 0 1         0 -0.524398  0.785398         0 -0.524398  0.785398 -0.611398  0.785398         0 -0.785398  0.785398         0 -0.785398  0.785398 -0.785398  0.785398
0.168718
0.613343
0.108336
100
3
97
0.159551
0.633445
0.159749 0.20009 0.165249 0.182975 0.141493 0.153339 0.130908 0.075791 0.166463 0.171064 0.0228742 0.162498 0.174653 0.180241 0.16674 0.176534 0.175213 0.0238487 0.1643 0.158038 0.171574 0.14262 0.175357 0.174203 0.153933 0.14987 0.135496 0.171255 0.116364 0.146636 0.162713 0.166415 0.183379 0.177869 0.191571 0.182036 0.165281 0.177316 0.105883 0.161945 0.176314 0.16937 0.18032 0.168357 0.151572 0.161814 0.164814 0.180385 0.16728 0.163007 0.175466 0.158023 0.166434 0.167702 0.12732 0.156173 0.183281 0.1695 0.166064 0.158943 0.167374 0.153352 0.139812 0.145278 0.17019 0.165581 0.179867 0.156584 0.160982 0.178993 0.164442 0.143919 0.170752 0.180434 0.180485 0.147358 0.176118 0.16726 0.154291 0.149951 0.141175 0.203381 0.149453 0.172988 0.171938 0.150745 0.157793 0.171308 0.157402 0.156838 0.155591 0.171047 0.150843 0.181318 0.135235 0.160391 0.160041 
0.67658 0.743778 0.666657 0.623444 0.623272 0.647993 0.614998 0.568124 0.628559 0.628773 0.652721 0.622661 0.660827 0.611989 0.640873 0.637309 0.615199 0.661849 0.620378 0.629797 0.643473 0.603453 0.660119 0.654861 0.625647 0.702183 0.618244 0.647628 0.599567 0.621445 0.647965 0.650309 0.597258 0.668963 0.315831 0.650875 0.634606 0.626557 0.574935 0.686002 0.678791 0.652925 0.616289 0.653307 0.706749 0.63353 0.655032 0.654119 0.670715 0.678035 0.626417 0.631893 0.654436 0.594789 0.571604 0.589998 0.626021 0.613494 0.629431 0.649479 0.598228 0.648585 0.659353 0.621784 0.670789 0.63329 0.706654 0.647968 0.636967 0.641031 0.640445 0.708744 0.567186 0.652438 0.60019 0.663562 0.609444 0.619325 0.62641 0.614022 0.595495 0.699179 0.611536 0.682082 0.615222 0.609169 0.675823 0.664126 0.645886 0.629479 0.62713 0.509071 0.613764 0.642118 0.619607 0.601021 0.644252 
