0 56.214 90.647 47.065 -0.2147 0.07915 -0.45956 -0.85816
1 44.761 100.19 58.576 0.48686 -0.50221 0.3437 0.62659
2 66.296 145.124 95.283 0.74969 0.18192 0.11544 -0.62574
0 55.051 90.272 48.224 -0.17671 0.06681 -0.44368 -0.87605
1 44.796 100.189 58.553 0.48691 -0.50202 0.34397 0.62656
2 66.431 145.096 95.29 0.74932 0.18182 0.11579 -0.62615
0 48.441 92.804 52.789 -0.23109 -0.07342 -0.37624 -0.89423
1 44.788 100.189 58.56 0.48702 -0.50209 0.34388 0.62647
2 66.278 145.043 95.413 0.74963 0.18209 0.11569 -0.62571
0 43.577 95.436 55.611 -0.30756 -0.18149 -0.28018 -0.89105
1 44.827 100.176 58.537 0.48699 -0.50191 0.3444 0.62635
2 66.338 145.06 95.33 0.74943 0.18188 0.11547 -0.62606
0 43.38 95.908 55.542 -0.31711 -0.14843 -0.26457 -0.89856
1 44.95 100.4 58.539 0.47666 -0.51247 0.33101 0.63293
2 66.23 145.175 95.293 0.75011 0.18189 0.11538 -0.62525
0 43.755 97.375 54.581 -0.30847 -0.1029 -0.24252 -0.91402
1 44.535 101.708 57.971 0.47808 -0.52153 0.27534 0.65087
2 66.218 145.208 95.274 0.75027 0.18198 0.11519 -0.62506
0 43.556 102.672 51.981 -0.39198 0.03092 -0.07495 -0.91639
1 42.185 105.892 58.056 0.60508 -0.5561 0.12181 0.5566
2 66.386 145.053 95.334 0.74955 0.18202 0.11555 -0.62585
0 46.634 107.826 55.422 -0.54493 0.26663 0.22386 -0.76279
1 41.175 109.061 64.577 0.7969 -0.54234 -0.1164 0.23929
2 66.312 145.123 95.314 0.74969 0.18196 0.11575 -0.62567
0 46.768 108.764 58.173 -0.58336 0.32948 0.31047 -0.67435
1 40.058 109.884 67.066 0.82973 -0.51517 -0.18825 0.10347
2 66.422 145.018 95.328 0.74938 0.18173 0.11607 -0.62604
