0 45.236 92.258 44.909 -0.14758 -0.0191 -0.50166 -0.85217
1 28.305 104.292 58.813 0.43482 -0.52288 0.30201 0.66807
2 66.318 145.139 95.269 0.74912 0.18181 0.1158 -0.62638
0 44.976 91.697 45.847 -0.12347 -0.03194 -0.50039 -0.85636
1 28.326 104.292 58.791 0.4349 -0.52282 0.30219 0.66799
2 66.308 145.135 95.284 0.74934 0.18199 0.11563 -0.6261
0 41.745 90.88 45.803 -0.10598 -0.01518 -0.47971 -0.87087
1 28.32 104.308 58.774 0.43469 -0.52296 0.30221 0.668
2 66.19 145.071 95.421 0.74979 0.18231 0.11577 -0.62544
0 34.795 91.784 45.333 -0.1149 0.0198 -0.41175 -0.90381
1 28.298 104.296 58.798 0.43474 -0.52298 0.30196 0.66806
2 66.234 145.187 95.253 0.74953 0.18182 0.11572 -0.6259
0 28.698 98.137 52.304 -0.22938 -0.16124 -0.28281 -0.91728
1 28.293 104.306 58.781 0.4346 -0.52312 0.30215 0.66796
2 66.34 145.151 95.216 0.74906 0.18181 0.11569 -0.62647
0 28.077 100.151 54.36 -0.23269 -0.16912 -0.2258 -0.93073
1 28.329 104.272 58.81 0.43988 -0.51846 0.30634 0.66623
2 66.344 145.058 95.325 0.74916 0.18193 0.11568 -0.62632
0 28.013 100.584 54.106 -0.22382 -0.12963 -0.2225 -0.94
1 27.893 104.567 58.878 0.4357 -0.51921 0.29531 0.67334
2 66.327 145.094 95.315 0.74939 0.18193 0.11581 -0.62602
0 31.297 103.182 52.957 -0.30271 -0.04509 -0.12902 -0.94323
1 29.906 106.424 58.719 0.53338 -0.54333 0.21935 0.61006
2 66.27 145.148 95.283 0.74952 0.18158 0.11559 -0.62601
0 40.984 109.062 56.279 -0.53974 0.1803 0.15059 -0.80839
1 35.715 110.248 64.651 0.78794 -0.52624 0.02603 0.31866
2 66.151 145.174 95.299 0.74997 0.18202 0.1157 -0.62532
0 43.112 109.725 59.499 -0.60339 0.29472 0.25185 -0.69688
1 36.327 110.967 67.242 0.83746 -0.5222 -0.0779 0.14104
2 66.256 145.145 95.302 0.7494 0.1821 0.11593 -0.62594
0 43.126 109.516 60.915 -0.66162 0.37696 0.32411 -0.56135
1 36.901 111.674 66.741 0.85194 -0.50386 -0.13277 -0.05196
2 66.211 145.156 95.258 0.74966 0.18175 0.11577 -0.62576
0 42.912 109.463 60.749 -0.67819 0.41463 0.33958 -0.50282
1 37.475 112.116 65.573 0.83709 -0.50628 -0.15461 -0.13806
2 66.424 145.051 95.312 0.74871 0.18182 0.11609 -0.62682
0 43.553 109.727 60.536 -0.67987 0.41931 0.33242 -0.50146
1 38.176 112.498 65.303 0.83289 -0.51269 -0.15307 -0.14143
2 66.14 145.137 95.354 0.75004 0.18223 0.11569 -0.62518
