0 36.361 85.423 44.739 0.06307 0.01301 -0.46963 -0.88051
1 3.123 92.843 51.65 0.35689 -0.54095 0.33705 0.68293
2 66.41 145.117 95.192 0.74787 0.18133 0.11656 -0.62787
0 25.502 83.33 43.952 0.10851 0.02376 -0.43527 -0.89342
1 3.14 92.838 51.656 0.35692 -0.54084 0.3371 0.68298
2 66.37 145.128 95.272 0.74818 0.18149 0.11624 -0.62751
0 16.077 83.755 43.646 0.10183 -0.00851 -0.38078 -0.919
1 3.136 92.843 51.646 0.35688 -0.54093 0.33717 0.6829
2 66.487 145.127 95.176 0.74761 0.18123 0.11645 -0.62823
0 8.253 87.946 44.27 0.05978 -0.1013 -0.35394 -0.92784
1 3.152 92.835 51.651 0.35703 -0.54084 0.33723 0.68286
2 66.482 145.065 95.246 0.74754 0.18144 0.11656 -0.62824
0 5.634 89.678 44.457 0.07519 -0.12097 -0.33848 -0.93013
1 3.137 92.832 51.652 0.35704 -0.5409 0.33718 0.68284
2 66.437 145.163 95.191 0.74797 0.18102 0.11635 -0.62789
0 4.969 90.571 44.641 0.0934 -0.09611 -0.33045 -0.93426
1 3.027 93.133 51.648 0.34907 -0.53646 0.32217 0.69755
2 66.477 145.066 95.266 0.74757 0.18151 0.11636 -0.62821
0 7.752 91.453 43.855 0.03109 -0.02351 -0.32141 -0.94614
1 4.572 93.791 50.416 0.38419 -0.57977 0.29114 0.65689
2 66.358 145.177 95.198 0.74801 0.18131 0.11611 -0.62779
0 19.499 95.785 42.775 -0.12757 0.05525 -0.22205 -0.96507
1 15.305 97.051 49.462 0.50622 -0.54412 0.24374 0.62312
2 66.531 145.049 95.285 0.74728 0.1812 0.11669 -0.62859
0 29.08 101.612 44.74 -0.28149 0.09678 -0.15035 -0.94276
1 24.267 102.259 51.886 0.60937 -0.49276 0.2205 0.58071
2 66.263 145.193 95.254 0.74846 0.18169 0.11603 -0.62716
0 37.566 107.591 49.57 -0.47116 0.10875 -0.0458 -0.87412
1 31.611 107.688 57.29 0.75584 -0.40066 0.20852 0.47402
2 66.512 145.159 95.143 0.74764 0.18105 0.11649 -0.62824
0 43.495 111.171 55.694 -0.60934 0.13796 0.12138 -0.77132
1 35.622 110.43 63.095 0.88456 -0.28525 0.10267 0.35446
2 66.479 145.105 95.17 0.74749 0.18111 0.11647 -0.62841
0 46.442 111.698 61.509 -0.70661 0.24695 0.31745 -0.58219
1 37.657 111.892 65.65 0.96659 -0.20428 -0.07685 0.1344
2 66.384 145.072 95.312 0.74787 0.18162 0.11639 -0.62783
0 47.591 111.106 61.917 -0.72618 0.33382 0.34503 -0.49212
1 39.625 112.686 64.035 0.95854 -0.24483 -0.14581 -0.00133
2 66.327 145.113 95.338 0.74792 0.1817 0.11625 -0.62776
0 48.008 111.099 61.713 -0.73004 0.39065 0.35925 -0.43055
1 41.02 113.574 62.332 0.93564 -0.27658 -0.19487 -0.10051
2 66.393 145.108 95.274 0.74799 0.18141 0.1164 -0.62774
0 47.863 111.313 61.735 -0.72841 0.3854 0.37094 -0.42813
1 40.943 113.697 62.327 0.93737 -0.26619 -0.20188 -0.09861
2 66.426 145.058 95.317 0.74792 0.18154 0.1165 -0.62777
