0 42.421 89.375 44.849 -0.09802 -0.0132 -0.51214 -0.85319
1 10.617 108.591 61.257 0.41831 -0.50886 0.28233 0.6974
2 66.537 145.184 95.092 0.74714 0.18063 0.11671 -0.62892
0 40.211 89.069 45.963 -0.07378 -0.02503 -0.51143 -0.85579
1 10.611 108.587 61.274 0.41838 -0.50889 0.28224 0.69737
2 66.404 145.115 95.247 0.74743 0.18136 0.11675 -0.62836
0 34.06 89.945 45.816 -0.0889 -0.03755 -0.48431 -0.86956
1 10.606 108.597 61.259 0.4182 -0.50899 0.28228 0.6974
2 66.443 145.139 95.194 0.74712 0.18128 0.11668 -0.62876
0 25.008 92.404 45.293 -0.11044 -0.03136 -0.43704 -0.89208
1 10.619 108.595 61.257 0.41834 -0.50896 0.2823 0.69732
2 66.488 145.078 95.239 0.74709 0.18126 0.11687 -0.62876
0 16.786 96.799 46.954 -0.1076 -0.08304 -0.36804 -0.91982
1 10.591 108.596 61.272 0.41822 -0.50904 0.28216 0.69739
2 66.485 145.097 95.231 0.74754 0.18124 0.11709 -0.62819
0 11.936 102.421 51.114 -0.11686 -0.16775 -0.26484 -0.94237
1 10.609 108.619 61.216 0.41809 -0.50904 0.28259 0.6973
2 66.411 145.103 95.254 0.74752 0.18121 0.11675 -0.62829
0 10.303 105.131 52.931 -0.12074 -0.22171 -0.23536 -0.93855
1 10.638 108.568 61.278 0.41846 -0.50886 0.28234 0.69731
2 66.461 145.066 95.272 0.7473 0.18127 0.11691 -0.6285
0 10.147 106.232 53.802 -0.09409 -0.20146 -0.24241 -0.94435
1 10.36 108.657 61.312 0.42691 -0.49356 0.28492 0.70211
2 66.556 145.116 95.181 0.74698 0.18094 0.11703 -0.62896
0 11.377 106.355 53.886 -0.11806 -0.17238 -0.24962 -0.94553
1 11.047 108.692 60.697 0.4374 -0.51052 0.25895 0.69354
2 66.332 145.168 95.231 0.7478 0.18155 0.11649 -0.62791
0 22.567 108.042 52.289 -0.32899 -0.08884 -0.13587 -0.93027
1 20.813 109.34 59.611 0.60955 -0.48505 0.23877 0.57979
2 66.368 145.115 95.279 0.74787 0.18172 0.11655 -0.62777
0 31.221 109.129 54.045 -0.43522 -0.0637 -0.05449 -0.89641
1 28.486 109.7 62.002 0.70594 -0.44155 0.22001 0.5082
2 66.399 145.149 95.201 0.74784 0.18157 0.11642 -0.62787
0 38.3 110.675 56.281 -0.54949 0.0206 0.0632 -0.83285
1 33.409 110.535 64.738 0.80494 -0.42 0.15634 0.38888
2 66.418 145.091 95.243 0.74747 0.18167 0.11665 -0.62823
0 42.291 111.551 59.252 -0.63602 0.13769 0.17806 -0.73812
1 35.186 111.532 66.814 0.87747 -0.41271 0.05872 0.23723
2 66.415 145.13 95.217 0.74746 0.18159 0.11644 -0.62831
0 43.633 111.697 62.833 -0.71573 0.26086 0.27381 -0.58712
1 36.041 112.771 67.698 0.90796 -0.41404 -0.04804 0.04324
2 66.449 145.142 95.193 0.74777 0.18126 0.11705 -0.62792
0 43.613 111.253 62.713 -0.7434 0.34445 0.29273 -0.49297
1 37.023 113.705 65.439 0.88621 -0.44564 -0.0808 -0.09755
2 66.472 145.119 95.206 0.74734 0.18116 0.11691 -0.62849
0 45.043 110.666 61.713 -0.74603 0.40433 0.27799 -0.45019
1 38.976 113.842 63.498 0.84833 -0.49025 -0.10039 -0.17298
2 66.408 145.166 95.223 0.74788 0.18147 0.11638 -0.62785
0 46.163 110.739 62.078 -0.74582 0.41631 0.27941 -0.43859
1 40.078 114.096 63.592 0.83877 -0.4964 -0.10892 -0.19541
2 66.235 145.165 95.296 0.74827 0.18179 0.1164 -0.62729
