0 54.154 78.167 42.661 0.1606 0.20648 -0.56633 -0.78156
1 42.252 87.372 48.86 0.19122 -0.67028 0.16686 0.69737
2 66.143 145.133 95.318 0.75098 0.18225 0.11493 -0.62419
0 52.49 78.93 44.203 0.1075 0.15079 -0.54544 -0.81743
1 42.247 87.374 48.851 0.19116 -0.67026 0.16686 0.6974
2 66.283 145.079 95.326 0.75032 0.18209 0.11522 -0.62497
0 48.589 81.385 48.513 0.0142 -0.02181 -0.44912 -0.89309
1 42.25 87.369 48.862 0.19124 -0.67027 0.16691 0.69736
2 66.205 145.132 95.307 0.75032 0.18204 0.11529 -0.62497
0 45.1 82.61 49.246 -0.00408 -0.00438 -0.40143 -0.91587
1 41.5 87.2 48.889 0.22679 -0.65519 0.20296 0.69145
2 66.247 145.131 95.279 0.75033 0.18196 0.11538 -0.62497
0 45.028 82.657 48.529 0.01517 0.0595 -0.36945 -0.92722
1 41.152 87.236 48.882 0.22655 -0.65458 0.20271 0.69218
2 66.219 145.136 95.285 0.7505 0.18215 0.11497 -0.62479
0 45.062 83.031 48.052 0.01028 0.0752 -0.34999 -0.93367
1 41.188 87.536 48.728 0.24344 -0.63629 0.19192 0.70643
2 66.475 145.055 95.241 0.74936 0.18181 0.11584 -0.62609
0 44.436 85.793 45.698 -0.06827 0.10473 -0.26648 -0.9557
1 40.716 90.392 47.59 0.34379 -0.6285 0.14712 0.68202
2 66.308 145.125 95.291 0.75019 0.18192 0.11535 -0.62515
0 43.671 97.745 48.029 -0.31353 0.11699 -0.08935 -0.9381
1 40.903 101.999 53.393 0.60449 -0.54445 0.08869 0.57472
2 66.276 145.124 95.313 0.75013 0.18215 0.11539 -0.62515
0 45.16 105.038 52.153 -0.47084 0.18992 0.07378 -0.85837
1 41.929 107.979 60.434 0.76336 -0.49388 -0.00771 0.4163
2 66.205 145.139 95.316 0.75045 0.18195 0.11548 -0.6248
0 45.426 107.822 55.552 -0.56812 0.2751 0.22702 -0.74164
1 41.102 109.847 65.43 0.85425 -0.44318 -0.11635 0.24558
2 66.366 145.103 95.268 0.74992 0.18182 0.11557 -0.62546
0 44.932 108.526 57.483 -0.6167 0.32782 0.31568 -0.6423
1 40.258 110.465 67.111 0.88721 -0.40853 -0.179 0.11802
2 66.298 145.109 95.29 0.74992 0.18176 0.11578 -0.62544
0 44.33 109.021 58.089 -0.65064 0.37108 0.3587 -0.55705
1 40.157 111.313 66.851 0.89342 -0.39526 -0.21347 0.00243
2 66.287 145.123 95.301 0.74999 0.18193 0.11539 -0.62538
