110.198 -23.083 12.644 0.84023 0.06525 0.49448 0.21271 1 106.998 2.971 -3.618 -0.52266 0.4886 -0.69849 -0.01413 2 113.95 -10.299 -6.393 0.23709 -0.60904 -0.16212 0.73931 3 
115.077 -27.905 9.722 0.77646 0.05103 0.58863 0.21911 1 106.42 3.024 -2.889 -0.63143 0.39335 -0.66675 0.04501 2 112.297 -9.905 -5.663 0.22528 -0.62994 -0.15568 0.72677 3 
116.936 -41.902 3.268 0.76907 0.16423 0.61136 -0.0883 1 104.694 4.761 -4.03 -0.46763 0.44207 -0.76272 -0.06445 2 111.972 -10.969 -5.619 0.23448 -0.62951 -0.16762 0.72156 3 
113.004 -46.519 -5.317 0.33055 0.41307 0.68475 -0.50122 1 102 4.886 -5.214 -0.28422 0.60634 -0.73192 -0.12597 2 112.528 -13.193 -5.8 0.25486 -0.61591 -0.19135 0.72048 3 
104.048 -39.83 -12.349 0.22891 0.43181 0.84295 -0.22489 1 99.204 0.111 -6.688 -0.3214 0.63641 -0.70074 0.02518 2 113.442 -16.247 -6.472 0.27722 -0.59854 -0.23112 0.71518 3 
101.115 -35.939 -11.965 0.30442 0.31654 0.89248 -0.103 1 100.69 -4.829 -7.227 -0.33685 0.69452 -0.63568 0.00901 2 113.838 -16.69 -6.291 0.28141 -0.59623 -0.2396 0.71268 3 
103.036 -33.773 -9.315 0.27931 0.35296 0.88819 -0.09227 1 101.388 -3.51 -5.932 -0.32609 0.66328 -0.67339 0.01646 2 114.227 -13.739 -3.614 0.28374 -0.63243 -0.1873 0.69602 3 
106.653 -33.077 -6.632 0.28265 0.39545 0.87019 -0.08059 1 105.727 -2.569 -4.402 -0.30697 0.63882 -0.70522 0.01861 2 118.077 -12.484 -1.158 0.25797 -0.65989 -0.15532 0.68838 3 
108.789 -32.732 -6.192 0.29027 0.41034 0.86219 -0.06317 1 108.883 -2.193 -4.306 -0.29243 0.63367 -0.7162 0.00244 2 120.866 -12.257 -0.985 0.23795 -0.66575 -0.15349 0.69036 3 
110.06 -31.636 -6.368 0.2747 0.41774 0.8647 -0.04827 1 110.378 -1.403 -4.569 -0.27439 0.63355 -0.72324 0.01596 2 121.87 -11.407 -0.971 0.23478 -0.68257 -0.14494 0.67674 3 
110.982 -30.623 -6.578 0.25799 0.4205 0.86928 -0.03123 1 112.01 -0.748 -4.72 -0.25168 0.6361 -0.72916 0.01899 2 122.787 -10.986 -0.961 0.22636 -0.70044 -0.14557 0.66102 3 
111.705 -29.847 -6.754 0.25049 0.42579 0.86919 -0.02161 1 113.291 -0.199 -4.963 -0.23797 0.63576 -0.73413 0.01528 2 123.594 -10.476 -1.1 0.21872 -0.70968 -0.14408 0.65403 3 
112.262 -29.216 -6.839 0.24472 0.42673 0.87051 -0.01503 1 114.118 0.337 -5.019 -0.23192 0.63707 -0.73489 0.01697 2 124.179 -10.009 -1.176 0.21639 -0.71482 -0.14501 0.64898 3 
112.798 -28.935 -7.066 0.23407 0.42481 0.87445 -0.00887 1 114.854 0.405 -5.132 -0.22305 0.64106 -0.73408 0.02061 2 124.546 -10.02 -1.22 0.2168 -0.72316 -0.14683 0.63912 3 
113.748 -29.201 -7.458 0.21955 0.42665 0.87736 0.00377 1 116.104 -0.148 -5.441 -0.2083 0.64126 -0.73785 0.03103 2 125.266 -10.624 -1.389 0.2144 -0.73761 -0.14326 0.62406 3 
115.459 -29.383 -7.901 0.19687 0.43329 0.8794 0.01227 1 117.693 -0.825 -5.908 -0.19501 0.63709 -0.74454 0.04182 2 126.322 -11.035 -1.625 0.21693 -0.7532 -0.13198 0.60681 3 
117.252 -29.163 -7.899 0.20312 0.43927 0.87509 -0.00216 1 118.765 -0.417 -5.933 -0.21105 0.63322 -0.74341 0.0428 2 127.925 -10.321 -1.824 0.22315 -0.74419 -0.12461 0.61714 3 
118.64 -28.212 -7.636 0.21561 0.45037 0.86587 -0.03086 1 118.752 0.991 -6.012 -0.24156 0.62342 -0.74217 0.04659 2 128.876 -8.298 -2.031 0.23425 -0.72575 -0.10758 0.63784 3 
119.958 -26.491 -7.711 0.20343 0.4483 0.86913 -0.04753 1 118.743 2.506 -5.861 -0.25323 0.62258 -0.73753 0.06574 2 129.198 -6.336 -1.947 0.25271 -0.7239 -0.09988 0.63414 3 
120.292 -25.439 -7.438 0.20572 0.45167 0.86628 -0.05682 1 118.607 3.601 -5.765 -0.26475 0.61629 -0.7388 0.06531 2 129.338 -5.017 -1.818 0.25567 -0.71909 -0.09277 0.63949 3 
119.74 -24.93 -6.804 0.20831 0.45267 0.86464 -0.06392 1 117.45 4.254 -5.436 -0.27896 0.60589 -0.74213 0.0657 2 128.462 -4.003 -1.335 0.26041 -0.71811 -0.08235 0.6401 3 
117.228 -24.949 -6.284 0.21611 0.45237 0.86254 -0.06839 1 114.901 4.499 -5.222 -0.28943 0.60016 -0.74316 0.06131 2 125.846 -3.63 -0.863 0.25901 -0.72282 -0.0766 0.63606 3 
113.546 -25.227 -6.464 0.22108 0.46032 0.85706 -0.06842 1 111.922 4.344 -5.813 -0.28556 0.60231 -0.74379 0.0495 2 122.66 -3.966 -1.396 0.24269 -0.72331 -0.07742 0.64182 3 
110.034 -25.667 -7.301 0.23916 0.46587 0.85046 -0.04982 1 109.433 4.11 -6.637 -0.27163 0.61397 -0.74009 0.03903 2 119.835 -4.543 -2.316 0.23165 -0.72605 -0.08707 0.64157 3 
107.739 -25.9 -8.024 0.23761 0.44694 0.86197 -0.02826 1 107.884 3.776 -7.18 -0.25941 0.61295 -0.745 0.04444 2 117.717 -5.283 -2.67 0.22893 -0.74012 -0.09687 0.62484 3 
107.079 -26.108 -7.931 0.22816 0.44711 0.86453 -0.02511 1 107.3 3.436 -7.009 -0.25135 0.61221 -0.74828 0.04585 2 116.912 -5.663 -2.414 0.23051 -0.74535 -0.09926 0.61763 3 
107.181 -26.102 -8.029 0.22587 0.44815 0.86453 -0.027 1 107.471 3.369 -7.14 -0.24894 0.60958 -0.75135 0.04368 2 117.1 -5.803 -2.521 0.22785 -0.74484 -0.10088 0.61896 3 
107.221 -26.043 -8.072 0.225 0.4449 0.86637 -0.02896 1 107.484 3.405 -7.173 -0.24919 0.60806 -0.75243 0.04495 2 117.14 -5.732 -2.521 0.22773 -0.745 -0.10024 0.61893 3 
107.329 -25.827 -7.883 0.22647 0.44697 0.86484 -0.03119 1 107.458 3.588 -7.111 -0.25112 0.60765 -0.75216 0.04428 2 117.134 -5.392 -2.454 0.22825 -0.74422 -0.09577 0.62037 3 
108.163 -25.217 -7.146 0.23381 0.45215 0.85976 -0.04132 1 107.908 4.232 -6.673 -0.2597 0.60412 -0.7525 0.03672 2 117.853 -4.354 -2.048 0.22829 -0.73811 -0.0841 0.62929 3 
108.692 -25.202 -5.52 0.26353 0.45718 0.84741 -0.05867 1 108.189 4.742 -5.519 -0.28999 0.5822 -0.75913 0.02588 2 118.736 -3.603 -0.678 0.22275 -0.72738 -0.07641 0.64457 3 
108.273 -26.021 -3.201 0.32537 0.46139 0.82099 -0.08504 1 107.161 5.197 -3.679 -0.34895 0.56157 -0.75021 -0.00815 2 119.229 -3.108 0.86 0.21517 -0.68736 -0.07771 0.68934 3 
106.153 -27.536 -0.426 0.40471 0.45676 0.78354 -0.11676 1 104.554 5.163 -1.55 -0.4205 0.54123 -0.72509 -0.06698 2 118.326 -3.443 2.267 0.19473 -0.62569 -0.08846 0.75017 3 
102.678 -29.07 2.471 0.46973 0.44671 0.74462 -0.15922 1 100.036 4.76 0.761 -0.48048 0.5213 -0.69421 -0.12437 2 115.13 -3.994 3.791 0.17847 -0.56206 -0.094 0.80212 3 
97.81 -30.387 5.069 0.51114 0.42981 0.71829 -0.19509 1 94.455 4.01 2.911 -0.51577 0.50593 -0.66923 -0.17359 2 110.179 -4.956 5.46 0.16727 -0.51228 -0.10243 0.83612 3 
91.838 -31.845 7.075 0.53189 0.40867 0.70955 -0.21591 1 88.795 2.819 4.665 -0.52738 0.50245 -0.65159 -0.21176 2 104.555 -6.658 6.998 0.15523 -0.48552 -0.11758 0.85226 3 
85.399 -33.125 8.475 0.53365 0.38952 0.71317 -0.23426 1 82.382 1.611 5.903 -0.52982 0.50303 -0.64387 -0.22732 2 98.155 -7.991 8.297 0.15706 -0.4748 -0.12426 0.857 3 
77.895 -33.963 9.121 0.53252 0.36736 0.72233 -0.24434 1 74.586 0.764 6.237 -0.5255 0.49712 -0.64997 -0.23296 2 90.461 -8.54 8.968 0.16229 -0.47251 -0.11836 0.85813 3 
69.951 -34.41 8.619 0.51328 0.35401 0.74136 -0.24821 1 66.877 0.015 5.422 -0.50635 0.49911 -0.66295 -0.23451 2 82.578 -9.225 8.63 0.16298 -0.48392 -0.11754 0.85173 3 
62.291 -34.87 7.072 0.4743 0.35021 0.77447 -0.22933 1 60.276 -0.647 4.013 -0.47061 0.52549 -0.67562 -0.21431 2 75.408 -10.147 7.87 0.17182 -0.51727 -0.12497 0.82903 3 
55.318 -35.129 4.392 0.39951 0.35638 0.82205 -0.19396 1 54.535 -1.148 2.09 -0.41336 0.56564 -0.6933 -0.16889 2 68.602 -11.077 6.923 0.19514 -0.57406 -0.13842 0.78308 3 
52.41 -35.866 4.069 0.3654 0.3481 0.83864 -0.20491 1 52.301 -1.883 2.849 -0.40222 0.5735 -0.69796 -0.14891 2 66.146 -12.177 8.522 0.21354 -0.5968 -0.14736 0.75929 3 
49.761 -36.646 4.063 0.31964 0.33722 0.86379 -0.19488 1 49.902 -2.435 3.464 -0.37974 0.58663 -0.70496 -0.12116 2 63.39 -13.146 9.933 0.22962 -0.618 -0.15532 0.73568 3 
48.762 -36.884 4.152 0.30369 0.33489 0.87096 -0.19247 1 49.068 -2.607 3.733 -0.36833 0.5882 -0.71096 -0.1135 2 62.372 -13.441 10.524 0.23384 -0.62585 -0.15733 0.72724 3 
48.587 -36.801 4.156 0.30261 0.33726 0.87039 -0.19261 1 48.89 -2.559 3.639 -0.36478 0.58135 -0.71848 -0.11295 2 62.213 -13.322 10.578 0.23268 -0.6272 -0.1548 0.727 3 
48.821 -36.731 4.084 0.32341 0.34028 0.86409 -0.18154 1 49.199 -2.412 3.483 -0.36621 0.58143 -0.71728 -0.11553 2 62.609 -13.085 10.318 0.23025 -0.62417 -0.15235 0.73088 3 
51.076 -36.353 4.143 0.37028 0.34661 0.84237 -0.18214 1 51.011 -1.951 3.473 -0.39361 0.59784 -0.68702 -0.12514 2 64.673 -12.354 9.374 0.22663 -0.60497 -0.14634 0.74915 3 
56.275 -35.379 3.972 0.42522 0.36169 0.80292 -0.20901 1 55.451 -1.209 3.063 -0.41951 0.60536 -0.65608 -0.16469 2 69.579 -11.224 7.512 0.21366 -0.56525 -0.13978 0.78441 3 
63.491 -34.324 3.69 0.43017 0.36008 0.80127 -0.208 1 61.912 -0.696 3.146 -0.43304 0.59059 -0.66375 -0.15204 2 76.192 -10.299 7.549 0.22425 -0.57307 -0.13468 0.77663 3 
71.39 -33.47 3.126 0.39488 0.36701 0.82287 -0.17961 1 69.592 -0.227 3.23 -0.42157 0.58962 -0.68011 -0.10988 2 83.269 -9.75 8.265 0.24408 -0.61945 -0.12923 0.73485 3 
79.259 -32.153 1.484 0.35408 0.38514 0.83938 -0.14745 1 77.05 0.423 1.764 -0.38725 0.59481 -0.7023 -0.0549 2 89.77 -8.69 7.375 0.25764 -0.66988 -0.10941 0.68769 3 
86.185 -30.368 -0.777 0.31491 0.41196 0.84636 -0.12165 1 83.777 1.359 -0.591 -0.3435 0.59168 -0.72925 -0.01086 2 95.321 -7.164 5.311 0.26086 -0.71072 -0.08473 0.6478 3 
91.946 -28.78 -2.704 0.28189 0.42945 0.85265 -0.09538 1 90.228 2.251 -2.412 -0.30139 0.5918 -0.74749 0.01372 2 100.502 -6.143 3.53 0.25377 -0.74226 -0.07418 0.61575 3 
96.102 -27.672 -4.244 0.26774 0.43701 0.85545 -0.07447 1 95.695 2.947 -3.705 -0.27304 0.5927 -0.75753 0.01745 2 104.97 -5.778 2.175 0.2395 -0.764 -0.07967 0.5938 3 
98.395 -27.021 -5.762 0.2706 0.44867 0.8495 -0.0618 1 99.046 3.483 -5.096 -0.25209 0.59952 -0.75945 0.01609 2 107.785 -5.502 0.455 0.22426 -0.7724 -0.08178 0.58857 3 
99.264 -26.729 -7.498 0.27684 0.44317 0.85062 -0.05832 1 100.664 3.759 -6.744 -0.23674 0.61139 -0.75485 0.01885 2 109.093 -5.438 -1.465 0.21277 -0.77687 -0.08473 0.58653 3 
100.43 -26.758 -7.55 0.28432 0.44868 0.8434 -0.08073 1 101.622 3.937 -6.824 -0.24743 0.6109 -0.75197 0.01159 2 110.488 -5.253 -1.688 0.21168 -0.76771 -0.08505 0.59881 3 
100.857 -26.641 -7.625 0.28777 0.44819 0.84208 -0.08495 1 101.949 4.133 -6.992 -0.25036 0.61107 -0.75082 0.01348 2 110.974 -5.059 -1.912 0.20998 -0.76451 -0.08326 0.60374 3 
100.921 -26.541 -7.639 0.29197 0.44559 0.84207 -0.08435 1 102.06 4.44 -7.066 -0.24774 0.61442 -0.74891 0.01562 2 111.071 -4.857 -1.937 0.20839 -0.76443 -0.0814 0.60464 3 
101.021 -26.673 -7.7 0.28869 0.43938 0.84585 -0.09017 1 102.16 4.596 -7.065 -0.24283 0.61903 -0.7468 0.01104 2 111.152 -4.884 -1.952 0.20796 -0.76415 -0.08212 0.60504 3 
101.988 -27.272 -7.766 0.25211 0.45276 0.84169 -0.15166 1 103.012 5.073 -6.964 -0.21043 0.62285 -0.75298 -0.02814 2 111.345 -5.128 -1.982 0.20914 -0.76255 -0.0852 0.60623 3 
106.04 -30.145 -7.106 0.24411 0.45279 0.77706 -0.36272 1 107.472 6.035 -5.866 -0.27312 0.6143 -0.71389 -0.19595 2 112.218 -5.249 -2.227 0.20822 -0.75678 -0.08791 0.61336 3 
112.004 -32.069 -5.382 0.34088 0.43691 0.68294 -0.47592 1 112.39 4.776 -4.331 -0.40391 0.68853 -0.54915 -0.24744 2 113.868 -5.325 -2.74 0.20764 -0.74522 -0.09233 0.6269 3 
115.433 -29.693 -3.567 0.46434 0.51828 0.55172 -0.45977 1 113.611 3.642 -4.236 -0.40429 0.74562 -0.45803 -0.26611 2 115.587 -5.732 -3.292 0.21201 -0.71794 -0.09617 0.65602 3 
116.441 -27.566 -2.478 0.56092 0.49825 0.49041 -0.44341 1 113.657 3.104 -3.88 -0.39805 0.75243 -0.45586 -0.26 2 115.154 -6.289 -3.256 0.22128 -0.71578 -0.10105 0.65458 3 
114.525 -25.675 -0.727 0.77002 0.32563 0.46167 -0.29646 1 112.272 3.227 -3.527 -0.36098 0.76622 -0.46759 -0.25291 2 113.169 -6.051 -2.642 0.22236 -0.73116 -0.0939 0.63808 3 
111.539 -17.626 -0.775 0.80523 0.31157 0.50447 -0.00639 1 110.152 4.025 -3.275 -0.33807 0.76557 -0.48692 -0.25005 2 110.87 -5.103 -1.99 0.22285 -0.74672 -0.07433 0.62227 3 
112.447 -15.507 -0.303 0.80686 0.36083 0.44273 -0.1509 1 108.62 6.009 -3.525 -0.32159 0.73735 -0.54259 -0.24182 2 109.477 -2.878 -1.699 0.21331 -0.7609 -0.04706 0.61099 3 
113.19 -8.036 -0.309 0.85625 0.20884 0.47132 -0.03272 1 107.753 8.714 -3.624 -0.32622 0.70835 -0.58485 -0.2231 2 108.723 -0.707 -1.643 0.20259 -0.76956 -0.02197 0.60519 3 
111.169 -1.979 -1.579 0.81464 0.31177 0.4753 -0.11507 1 106.396 13.507 -5.205 -0.29808 0.62007 -0.69715 -0.20159 2 107.175 3.232 -1.705 0.21375 -0.76863 0.02954 0.6022 3 
108.642 4.252 -3.442 0.78054 0.39094 0.47766 -0.09884 1 106.728 19.236 -7.568 -0.08929 0.67398 -0.70306 -0.20852 2 105.659 8.193 -2.094 0.20868 -0.76473 0.09687 0.60188 3 
104.627 6.883 -4.886 0.64149 0.50177 0.56589 -0.12841 1 108.092 22.179 -9.318 -0.0193 0.66802 -0.71943 -0.18919 2 104.365 12.345 -2.605 0.1709 -0.76716 0.15563 0.59836 3 
102.226 7.912 -5.105 0.60507 0.57047 0.55269 -0.0547 1 108 23.687 -10.632 -0.05387 0.56376 -0.80733 -0.16579 2 101.994 13.752 -2.525 0.12947 -0.77994 0.18957 0.58224 3 
101.285 6.886 -4.897 0.58913 0.57297 0.56888 -0.03169 1 106.866 25.561 -10.572 -0.09285 0.50646 -0.8395 -0.17353 2 100.259 12.921 -1.946 0.11469 -0.79863 0.18209 0.56203 3 
101.087 4.974 -4.464 0.5828 0.5836 0.56385 -0.04272 1 102.104 24.607 -9.12 -0.16875 0.55812 -0.80777 -0.08683 2 99.89 10.726 -1.392 0.12899 -0.80568 0.15287 0.55756 3 
101.739 4.685 -4.607 0.57689 0.60859 0.5409 -0.06515 1 97.803 21.952 -7.834 -0.28276 0.5426 -0.79061 -0.02393 2 100.513 8.206 -1.033 0.14969 -0.80533 0.11618 0.56172 3 
102.742 7.095 -4.832 0.61466 0.56509 0.54521 -0.07487 1 97.123 21.143 -7.821 -0.3186 0.45289 -0.83225 -0.02733 2 102.54 6.835 -1.286 0.16156 -0.79463 0.09216 0.5779 3 
102.339 10.014 -4.897 0.6312 0.5546 0.53152 -0.10722 1 98.499 22.358 -8.768 -0.2792 0.42602 -0.85921 -0.04805 2 103.573 7.738 -1.711 0.18143 -0.78008 0.10216 0.59002 3 
99.912 10.495 -4.637 0.60493 0.56317 0.54173 -0.15303 1 99.733 22.602 -9.779 -0.23089 0.4303 -0.87236 -0.02289 2 102.261 10.049 -1.884 0.18079 -0.78026 0.13608 0.58308 3 
97.972 9.959 -3.446 0.56958 0.55416 0.58322 -0.16831 1 98.071 18.12 -9.903 -0.33247 0.38191 -0.85576 0.10619 2 100.337 11.022 -1.664 0.16484 -0.79196 0.1545 0.56724 3 
98.452 11.07 -2.241 0.59454 0.53853 0.5818 -0.1342 1 96.799 17.344 -9.89 -0.33927 0.40441 -0.84273 0.1056 2 98.386 10.486 -1.14 0.17003 -0.80397 0.15217 0.54915 3 
100.913 16.591 -1.923 0.66091 0.48073 0.57584 -0.02228 1 95.98 16.946 -10.104 -0.34074 0.4008 -0.84334 0.10965 2 98.544 9.78 -1.068 0.17456 -0.80403 0.14269 0.55018 3 
100.019 23.504 -2.905 0.69093 0.57431 0.43723 0.0402 1 95.95 17.601 -10.591 -0.32684 0.36487 -0.86587 0.10161 2 100.108 9.764 -1.404 0.17822 -0.79385 0.13844 0.56469 3 
92.726 29.137 -5.668 0.52917 0.74933 0.39139 0.07271 1 95.711 17.668 -12.086 -0.24954 0.20869 -0.93958 0.10661 2 100.289 11.037 -1.685 0.18939 -0.78396 0.15463 0.57064 3 
86.501 31.112 -9.028 0.38058 0.83654 0.35254 0.17628 1 96.059 18.222 -13.468 -0.13563 0.20024 -0.96771 0.07099 2 98.436 12.665 -1.642 0.19577 -0.78182 0.18064 0.56374 3 
83.707 31.634 -10.096 0.3815 0.85152 0.2811 0.22439 1 94.653 15.376 -13.39 -0.21973 0.17844 -0.94882 0.14006 2 95.872 13.758 -1.474 0.20697 -0.78731 0.20394 0.54379 3 
83.61 33.541 -10.867 0.46616 0.82577 0.16496 0.27128 1 93.667 15.094 -13.182 -0.23345 0.2227 -0.93851 0.12292 2 93.873 14.14 -1.25 0.22182 -0.79172 0.21588 0.52667 3 
83.893 35.214 -12.328 0.48477 0.80961 0.10542 0.31371 1 93.483 15.305 -13.231 -0.22887 0.25987 -0.92974 0.12514 2 93.408 14.434 -1.289 0.22364 -0.79218 0.22183 0.5227 3 
83.712 36.11 -13.191 0.47553 0.81368 0.07359 0.32617 1 93.696 15.406 -13.284 -0.22337 0.26772 -0.928 0.13131 2 93.782 14.834 -1.483 0.22363 -0.78244 0.22502 0.53586 3 
83.904 36.957 -13.651 0.48771 0.80474 0.06107 0.33288 1 93.916 15.724 -13.322 -0.22539 0.28097 -0.92183 0.1431 2 93.817 15.026 -1.561 0.2296 -0.77597 0.22764 0.5416 3 
84.348 37.478 -14.319 0.49133 0.79965 0.04544 0.3422 1 94.28 15.678 -13.56 -0.22437 0.2736 -0.92269 0.15312 2 93.575 15.305 -1.629 0.22818 -0.77607 0.23168 0.54034 3 
84.51 37.862 -14.583 0.4948 0.80136 0.04963 0.33246 1 94.592 15.711 -13.628 -0.2224 0.26553 -0.92647 0.14726 2 93.505 15.532 -1.658 0.22552 -0.77684 0.23454 0.53912 3 
84.539 38.229 -14.813 0.4953 0.80088 0.05159 0.33259 1 95.791 16.738 -14.036 -0.19972 0.27961 -0.92917 0.13633 2 93.545 15.817 -1.768 0.2222 -0.77422 0.23772 0.54287 3 
84.921 38.633 -14.836 0.50733 0.80232 0.05208 0.31015 1 96.209 16.246 -14.018 -0.20669 0.30731 -0.91684 0.14916 2 93.279 15.937 -1.768 0.22217 -0.77533 0.24028 0.54016 3 
85.729 40.177 -15.257 0.54592 0.80402 -0.02188 0.2346 1 96.077 16.257 -13.873 -0.20712 0.32237 -0.91242 0.14378 2 93.102 15.818 -1.687 0.22602 -0.77685 0.2397 0.53662 3 
86.25 41.746 -15.234 0.57314 0.79116 -0.08437 0.19612 1 95.986 16.023 -13.931 -0.20936 0.31384 -0.91427 0.14756 2 92.909 15.727 -1.632 0.22938 -0.7772 0.23929 0.53487 3 
85.426 42.552 -14.898 0.51151 0.8117 -0.00391 0.28192 1 95.839 15.879 -13.913 -0.20915 0.31007 -0.91543 0.1487 2 92.762 15.531 -1.556 0.23143 -0.78003 0.2371 0.53082 3 
85.353 44.377 -15.111 0.46087 0.84535 0.02519 0.26898 1 95.783 15.85 -13.892 -0.20546 0.30911 -0.91653 0.14903 2 93.105 15.387 -1.55 0.23343 -0.77947 0.23425 0.53203 3 
84.956 45.649 -15.071 0.42978 0.86904 0.03413 0.24269 1 95.998 15.992 -13.871 -0.20358 0.31093 -0.91587 0.15184 2 93.714 15.392 -1.648 0.23593 -0.77419 0.23258 0.53933 3 
