112.957 -25.315 -6.542 0.32722 0.50685 0.77766 -0.17684 1 114.505 8.843 -2.744 -0.32798 0.6313 -0.69767 -0.08451 2 118.083 4.616 2.143 0.48832 -0.57887 0.02556 0.65253 3 
113.017 -25.294 -6.501 0.32962 0.50775 0.7762 -0.17623 1 114.62 8.895 -2.773 -0.32865 0.63016 -0.69814 -0.08653 2 118.237 4.714 2.111 0.48702 -0.57827 0.0253 0.65405 3 
112.992 -25.281 -6.395 0.3322 0.50838 0.77466 -0.17636 1 114.697 8.986 -2.772 -0.32955 0.62783 -0.69949 -0.08912 2 118.349 4.797 2.111 0.48474 -0.57718 0.02529 0.65669 3 
112.813 -25.232 -6.377 0.33423 0.50819 0.77387 -0.17653 1 114.583 9.057 -2.796 -0.33055 0.62632 -0.70015 -0.09087 2 118.255 4.914 2.132 0.48333 -0.57686 0.02569 0.658 3 
112.535 -25.234 -6.29 0.33569 0.50779 0.77327 -0.17753 1 114.347 9.065 -2.77 -0.33292 0.62502 -0.69995 -0.09266 2 118.089 4.956 2.164 0.48211 -0.57747 0.02434 0.65842 3 
111.881 -25.141 -6.108 0.33414 0.50794 0.77331 -0.17984 1 113.459 9.078 -2.754 -0.33549 0.62057 -0.70262 -0.09311 2 117.261 5.038 2.301 0.48221 -0.58048 0.0272 0.65557 3 
110.055 -24.912 -6.184 0.32861 0.50893 0.77595 -0.17582 1 111.565 9.069 -2.912 -0.33107 0.62071 -0.70503 -0.08965 2 115.188 4.958 2.173 0.48053 -0.58549 0.0295 0.65225 3 
107.746 -24.592 -6.874 0.31658 0.50993 0.78119 -0.17174 1 109.226 8.883 -3.659 -0.32131 0.62388 -0.70757 -0.08289 2 112.536 4.708 1.516 0.47911 -0.59402 0.03066 0.64549 3 
105.618 -24.297 -8.175 0.29686 0.5114 0.79072 -0.15844 1 107.292 8.525 -4.808 -0.30039 0.6328 -0.71051 -0.06712 2 109.938 4.197 0.364 0.47637 -0.61317 0.03241 0.62932 3 
104.789 -23.985 -9.753 0.26269 0.52057 0.79965 -0.14342 1 105.912 8.179 -6.269 -0.27374 0.63775 -0.7189 -0.03892 2 107.659 3.866 -1.091 0.47879 -0.63677 0.04688 0.60256 3 
104.76 -23.856 -9.647 0.26463 0.5202 0.79929 -0.14313 1 105.802 8.417 -6.253 -0.27375 0.63324 -0.72273 -0.04144 2 107.619 4.193 -1.034 0.47974 -0.63682 0.04958 0.60155 3 
104.65 -23.67 -9.713 0.26517 0.52084 0.79935 -0.13943 1 105.714 8.613 -6.46 -0.27002 0.63069 -0.7264 -0.04073 2 107.466 4.493 -1.189 0.47697 -0.63748 0.0542 0.60264 3 
104.727 -23.679 -9.748 0.26488 0.51992 0.80011 -0.1391 1 105.814 8.625 -6.485 -0.26965 0.63111 -0.72623 -0.03973 2 107.59 4.486 -1.216 0.47686 -0.63708 0.05353 0.60321 3 
104.721 -23.843 -9.801 0.26481 0.5165 0.80218 -0.14004 1 105.748 8.454 -6.413 -0.27272 0.63326 -0.72336 -0.03684 2 107.564 4.249 -1.15 0.47871 -0.63744 0.05114 0.60158 3 
105.267 -24.066 -9.802 0.26897 0.51629 0.79915 -0.14984 1 106.103 8.33 -6.332 -0.28207 0.63632 -0.71695 -0.03894 2 108.15 4.053 -1.139 0.48391 -0.63014 0.04647 0.60547 3 
106.896 -24.334 -9.708 0.2801 0.51427 0.79228 -0.17136 1 107.33 8.356 -6.079 -0.30418 0.6345 -0.70911 -0.04521 2 109.981 4.064 -1.104 0.49265 -0.61045 0.03911 0.61897 3 
108.421 -24.726 -9.196 0.28576 0.51259 0.78825 -0.18507 1 108.57 8.218 -5.632 -0.31809 0.62793 -0.7088 -0.04614 2 111.486 4.022 -0.596 0.4957 -0.60678 0.04119 0.62 3 
109.088 -25.208 -8.12 0.29954 0.51192 0.78048 -0.19764 1 108.874 8.154 -4.756 -0.33993 0.61624 -0.70862 -0.05056 2 112.263 4.125 0.321 0.49738 -0.59666 0.04433 0.62821 3 
109.183 -25.774 -6.412 0.33422 0.50127 0.76596 -0.22435 1 108.623 8.471 -3.265 -0.38726 0.59862 -0.69751 -0.07181 2 113.349 4.436 1.871 0.50272 -0.56314 0.03106 0.65512 3 
108.222 -26.75 -4.147 0.39895 0.47864 0.73545 -0.26617 1 107.762 8.961 -1.335 -0.45544 0.56876 -0.67383 -0.12266 2 114.598 4.85 3.554 0.50077 -0.50397 0.00044 0.70373 3 
106.284 -27.676 -1.629 0.46618 0.45681 0.68382 -0.32617 1 105.301 9.319 0.38 -0.51874 0.52926 -0.64359 -0.19126 2 114.362 5.406 4.728 0.48934 -0.41858 -0.02916 0.76452 3 
102.994 -28.427 0.824 0.51623 0.43351 0.63339 -0.38 1 101.119 9.071 1.966 -0.56814 0.48711 -0.61638 -0.24496 2 111.749 5.367 5.889 0.47132 -0.34595 -0.05045 0.80971 3 
98.362 -29.073 2.931 0.54808 0.40994 0.59789 -0.41723 1 95.852 8.43 3.38 -0.59766 0.45718 -0.59322 -0.28613 2 107.332 4.824 7.055 0.4528 -0.29857 -0.0655 0.83758 3 
92.701 -29.788 4.946 0.5709 0.38775 0.56911 -0.44703 1 89.785 7.349 4.592 -0.60896 0.43601 -0.5814 -0.31787 2 101.684 3.953 8.252 0.43393 -0.2688 -0.07369 0.85675 3 
85.77 -30.76 6.36 0.57961 0.3633 0.56795 -0.45772 1 83.837 6.111 5.784 -0.60593 0.43321 -0.56765 -0.35065 2 95.845 2.394 9.588 0.42154 -0.2592 -0.09682 0.86356 3 
77.653 -31.986 6.902 0.56475 0.33899 0.59009 -0.46683 1 76.945 4.714 6.908 -0.59951 0.44642 -0.55541 -0.36445 2 88.875 0.341 10.942 0.42802 -0.26318 -0.1226 0.85586 3 
69.098 -33.12 6.564 0.53259 0.33825 0.62216 -0.46352 1 68.815 3.326 7.001 -0.5806 0.46555 -0.56738 -0.35248 2 80.343 -1.256 11.704 0.4417 -0.286 -0.12136 0.84165 3 
60.289 -33.948 4.813 0.47 0.35725 0.67611 -0.44085 1 59.86 2.045 5.666 -0.53522 0.49847 -0.60377 -0.31706 2 70.349 -2.56 11.413 0.46206 -0.33254 -0.09784 0.8163 3 
52.559 -34.084 1.516 0.37107 0.40056 0.74772 -0.37785 1 51.571 1.145 2.876 -0.45382 0.55923 -0.65033 -0.24161 2 59.779 -3.596 9.907 0.4861 -0.41636 -0.05047 0.76668 3 
49.938 -34.186 1.516 0.34876 0.39861 0.76007 -0.37653 1 48.969 0.888 3.289 -0.43026 0.55927 -0.67465 -0.21665 2 56.735 -3.787 11.27 0.49964 -0.45389 -0.01961 0.73754 3 
48.573 -34.523 1.459 0.33274 0.39805 0.77061 -0.37012 1 47.513 0.623 3.575 -0.42359 0.56623 -0.67729 -0.20305 2 55.008 -4.192 11.885 0.50547 -0.46661 -0.0147 0.72565 3 
48.845 -34.402 1.423 0.3428 0.40186 0.76482 -0.36885 1 47.845 0.664 3.348 -0.42401 0.56104 -0.67952 -0.20904 2 55.426 -4.037 11.608 0.50274 -0.4642 -0.01477 0.72907 3 
49.401 -34.324 1.46 0.34947 0.40634 0.75897 -0.36975 1 48.305 0.805 3.301 -0.42863 0.5607 -0.67656 -0.21012 2 55.975 -3.89 11.404 0.5021 -0.45931 -0.01604 0.73258 3 
52.381 -34.405 2.544 0.39252 0.41236 0.74157 -0.35492 1 51.17 1.033 3.965 -0.44509 0.58475 -0.63452 -0.23946 2 58.887 -3.869 11.269 0.49097 -0.42665 -0.03119 0.75891 3 
58.199 -33.961 3.478 0.41286 0.4049 0.72857 -0.36713 1 56.881 1.263 4.928 -0.46562 0.57116 -0.62823 -0.24958 2 65.098 -3.611 11.936 0.48973 -0.41213 -0.04123 0.76721 3 
65.749 -33.269 4.183 0.41344 0.41198 0.73589 -0.34322 1 64.003 1.934 6.275 -0.46073 0.58246 -0.63625 -0.20891 2 71.549 -3.127 13.443 0.50731 -0.44933 -0.02652 0.73487 3 
72.441 -32.599 3.562 0.40386 0.43285 0.75224 -0.28926 1 70.046 2.499 5.703 -0.42573 0.60347 -0.65832 -0.14558 2 75.9 -2.506 13.01 0.51825 -0.50792 0.01541 0.6879 3 
77.919 -31.473 1.624 0.35591 0.46129 0.77458 -0.24609 1 74.808 2.812 3.488 -0.37467 0.61421 -0.69063 -0.07347 2 78.502 -1.863 10.709 0.51815 -0.56985 0.06752 0.63421 3 
82.651 -30.19 -1.141 0.31596 0.48965 0.78317 -0.21693 1 79.055 3.174 0.619 -0.32789 0.61713 -0.71487 -0.02447 2 80.898 -1.198 7.452 0.51441 -0.61744 0.10716 0.58538 3 
85.958 -29.3 -4.099 0.29217 0.50473 0.78247 -0.21825 1 82.711 3.461 -2.243 -0.30213 0.61849 -0.72491 -0.02604 2 83.952 -0.749 4.168 0.50909 -0.63391 0.11102 0.57154 3 
88.078 -28.945 -7.149 0.2687 0.51941 0.7754 -0.23827 1 85.765 3.445 -4.933 -0.28628 0.63344 -0.71677 -0.05515 2 87.295 -1.002 0.92 0.50091 -0.6252 0.08435 0.59254 3 
89.568 -28.685 -8.127 0.28793 0.52494 0.76651 -0.23237 1 87.444 3.906 -6.086 -0.28825 0.62709 -0.72083 -0.06378 2 89.454 -0.434 -0.367 0.49651 -0.61278 0.07938 0.60966 3 
90.59 -28.165 -7.995 0.28618 0.52807 0.77317 -0.20362 1 88.696 4.612 -6.36 -0.26017 0.6399 -0.72133 -0.05027 2 90.019 0.408 -0.701 0.48985 -0.60646 0.08564 0.62042 3 
92.16 -28.269 -7.994 0.26506 0.52513 0.78416 -0.19766 1 90.821 5.441 -6.17 -0.21662 0.67502 -0.70485 -0.02469 2 90.63 0.385 -0.77 0.4905 -0.60396 0.0808 0.62299 3 
96.126 -28.934 -8.413 0.20147 0.49513 0.80314 -0.2631 1 94.162 6.908 -5.956 -0.19853 0.69252 -0.6933 -0.01837 2 91.2 0.281 -0.837 0.49525 -0.60637 0.07169 0.61799 3 
102.825 -29.895 -8.281 0.26049 0.49757 0.762 -0.32239 1 99.362 8.919 -5.964 -0.19051 0.65116 -0.73225 -0.05917 2 91.64 0.363 -0.927 0.49541 -0.6041 0.06988 0.62028 3 
108.773 -28.713 -7.053 0.44618 0.46602 0.73092 -0.22247 1 106.223 9.721 -5.964 -0.18848 0.61836 -0.75712 -0.09418 2 91.91 0.505 -0.993 0.49531 -0.60304 0.06931 0.62145 3 
111.549 -21.896 -6.796 0.58849 0.33367 0.72455 0.13179 1 112.271 6.789 -5.553 -0.25044 0.61773 -0.74532 -0.01374 2 92.013 0.601 -1.04 0.49464 -0.60217 0.06982 0.62277 3 
113.465 -17.35 -7.499 0.5944 0.29025 0.7049 0.25604 1 116.681 3.481 -5.602 -0.29818 0.6165 -0.72745 0.04267 2 91.966 0.537 -1.029 0.4949 -0.60254 0.06945 0.62225 3 
115.542 -14.25 -8.364 0.5494 0.23008 0.72063 0.35485 1 120.641 3.048 -6.289 -0.17058 0.62506 -0.75781 -0.07692 2 91.902 0.518 -0.997 0.49511 -0.60317 0.06947 0.62147 3 
118.008 -13.134 -8.83 0.52468 0.18396 0.72179 0.41217 1 124.141 3.057 -6.761 -0.06121 0.62343 -0.76505 -0.14928 2 91.933 0.567 -1.018 0.4948 -0.60301 0.06976 0.62184 3 
119.829 -11.076 -9.077 0.54295 0.14479 0.7084 0.4271 1 127.586 3.895 -6.635 0.01402 0.62099 -0.74902 -0.23052 2 91.956 0.53 -1.023 0.49506 -0.60289 0.06919 0.62181 3 
122.158 -9.991 -9.042 0.57453 0.09504 0.69053 0.42902 1 131.022 4.063 -6.061 0.04465 0.64975 -0.69813 -0.2974 2 91.937 0.558 -1.01 0.49498 -0.60302 0.06953 0.62171 3 
123.784 -5.261 -8.673 0.57334 0.07019 0.6671 0.47046 1 134.79 6.473 -5.867 0.07032 0.64072 -0.66086 -0.38443 2 91.932 0.555 -1.018 0.49502 -0.60311 0.0695 0.6216 3 
127.196 4.587 -8.176 0.60369 -0.186 0.63161 0.44948 1 137.404 10.265 -4.516 -0.04786 0.69602 -0.61123 -0.37371 2 91.949 0.553 -1.02 0.49502 -0.60299 0.0693 0.62174 3 
127.925 11.882 -8.33 0.57723 -0.49341 0.44678 0.47301 1 136.402 9.794 -4.206 -0.15973 0.73966 -0.59707 -0.26625 2 91.943 0.558 -1.022 0.4951 -0.60305 0.06933 0.62161 3 
129.583 13.316 -8.38 0.5279 -0.55458 0.38395 0.51609 1 135.237 10.457 -5.113 -0.26793 0.65597 -0.67747 -0.19735 2 91.938 0.554 -1.016 0.49508 -0.60326 0.06935 0.62142 3 
132.991 17.536 -8.686 0.42781 -0.56697 0.45661 0.53576 1 135.056 12.506 -6.411 -0.35842 0.50704 -0.78136 -0.06256 2 91.946 0.544 -1.014 0.49517 -0.60335 0.06905 0.62129 3 
133.432 22.656 -8.516 0.3456 -0.56271 0.55486 0.50602 1 136.682 16.016 -8.239 -0.38355 0.32814 -0.85926 -0.08297 2 91.948 0.56 -1.017 0.49513 -0.60338 0.06917 0.62129 3 
133.725 27.179 -8.573 0.39763 -0.55897 0.55777 0.46727 1 138.067 18.874 -8.437 -0.37597 0.32144 -0.86076 -0.12005 2 91.939 0.555 -1.017 0.49524 -0.60344 0.06909 0.62115 3 
132.72 28.708 -7.808 0.40122 -0.5814 0.53635 0.46187 1 138.08 20.018 -8.164 -0.39988 0.31761 -0.83685 -0.19725 2 91.942 0.559 -1.02 0.4952 -0.60343 0.06909 0.6212 3 
131.687 29.201 -7.029 0.42328 -0.53944 0.50003 0.52897 1 138.235 22.197 -7.06 -0.45037 0.41629 -0.73966 -0.27708 2 91.947 0.56 -1.019 0.49525 -0.60348 0.06903 0.62111 3 
130.24 30.253 -6.358 0.46243 -0.55774 0.35678 0.58975 1 139.666 22.355 -4.835 -0.42303 0.73472 -0.41921 -0.32479 2 91.944 0.549 -1.018 0.49521 -0.60351 0.069 0.62112 3 
129.185 31.522 -5.373 0.45401 -0.59575 0.3304 0.57427 1 138.036 23.881 -4.099 -0.44685 0.70103 -0.45696 -0.31634 2 91.943 0.559 -1.018 0.49522 -0.6035 0.069 0.62112 3 
126.685 31.177 -4.692 0.3831 -0.636 0.2724 0.61199 1 134.355 26.039 -3.53 -0.47598 0.61067 -0.5713 -0.27227 2 91.931 0.547 -1.02 0.49531 -0.60347 0.06901 0.62107 3 
122.406 30.66 -5.191 0.3971 -0.62917 0.23715 0.62467 1 127.186 28.016 -4.213 -0.48886 0.48042 -0.70208 -0.19313 2 91.915 0.539 -1.009 0.49542 -0.60367 0.06894 0.6208 3 
117.847 31.76 -5.329 0.42626 -0.62688 0.33063 0.56214 1 121.908 28.832 -4.485 -0.48111 0.42816 -0.7503 -0.14919 2 91.965 0.603 -1.03 0.49497 -0.60347 0.06922 0.62132 3 
114.458 30.966 -4.839 0.33897 -0.67474 0.30687 0.57936 1 118.96 28.776 -4.001 -0.48248 0.46828 -0.71487 -0.19207 2 92.006 0.615 -1.032 0.49511 -0.60326 0.06909 0.62143 3 
111.933 30.932 -4.209 0.3573 -0.62025 0.27661 0.64118 1 117.393 29.725 -3.297 -0.50884 0.54361 -0.61333 -0.26344 2 91.978 0.606 -1.026 0.49507 -0.60339 0.06918 0.62132 3 
109.913 30.401 -3.144 0.38873 -0.55557 0.19876 0.70762 1 116.301 29.561 -2.35 -0.52375 0.63205 -0.44811 -0.35412 2 91.955 0.596 -1.019 0.49509 -0.60362 0.06913 0.62109 3 
109.768 31.164 -2.861 0.37076 -0.54559 0.14647 0.73717 1 116.457 30.38 -2.498 -0.50288 0.63374 -0.40336 -0.42754 2 91.989 0.607 -1.023 0.49503 -0.60347 0.06912 0.62128 3 
109.145 31.849 -2.627 0.40652 -0.54172 0.17925 0.71355 1 115.581 30.85 -2.242 -0.50828 0.64135 -0.39437 -0.41808 2 91.994 0.609 -1.027 0.49508 -0.60339 0.06903 0.62133 3 
106.57 31.184 -2.113 0.45849 -0.52664 0.23275 0.67695 1 112.539 30.329 -1.604 -0.5112 0.61939 -0.42419 -0.41844 2 91.974 0.599 -1.024 0.49494 -0.60359 0.06912 0.62123 3 
101.149 27.532 -2.517 0.5128 -0.50839 0.36844 0.58552 1 105.359 28.33 -1.693 -0.57884 0.50393 -0.57901 -0.27524 2 91.977 0.594 -1.024 0.49506 -0.60355 0.06903 0.62119 3 
94.614 22.464 -5.134 0.49782 -0.50413 0.56348 0.42488 1 95.566 24.117 -4.261 -0.55994 0.35678 -0.74624 -0.048 2 91.984 0.609 -1.022 0.49507 -0.60345 0.06912 0.62127 3 
89.179 17.899 -9.452 0.43844 -0.43568 0.71375 0.32942 1 88.04 19.7 -9.486 -0.50933 0.18507 -0.84042 0.00507 2 91.978 0.594 -1.026 0.49503 -0.60356 0.06905 0.6212 3 
86.613 14.898 -13.228 0.36948 -0.33049 0.83532 0.23768 1 84.017 15.707 -13.968 -0.43256 -0.04072 -0.89672 0.08446 2 91.973 0.605 -1.021 0.49508 -0.60358 0.0691 0.62114 3 
86.029 12.691 -15.283 0.24928 -0.28583 0.90966 0.16932 1 84.431 13.2 -16.763 -0.23443 -0.15128 -0.95447 0.10553 2 91.984 0.61 -1.02 0.4951 -0.6035 0.06908 0.6212 3 
87.592 10.911 -17.995 0.06235 -0.40589 0.91004 0.05645 1 85.481 12.783 -18.554 0.0358 -0.06218 -0.98028 0.18412 2 91.981 0.604 -1.024 0.49505 -0.60364 0.069 0.62112 3 
87.82 10.629 -18.359 0.00089 -0.37953 0.92484 0.02507 1 84.76 13.12 -18.393 0.01475 0.10004 -0.96214 0.25309 2 92.013 0.662 -1.041 0.49466 -0.60335 0.06942 0.62166 3 
87.817 10.732 -18.338 0.00219 -0.37577 0.92621 0.03036 1 84.724 13.2 -18.441 0.02315 0.02597 -0.96745 0.25066 2 92.012 0.615 -1.027 0.49507 -0.60352 0.06892 0.62122 3 
87.821 10.74 -18.345 0.00123 -0.37486 0.92657 0.03066 1 84.731 13.201 -18.444 0.02298 0.02599 -0.9676 0.25009 2 91.99 0.627 -1.03 0.49505 -0.60381 0.06901 0.62095 3 
87.826 10.749 -18.346 0.00099 -0.37455 0.92669 0.03093 1 84.736 13.206 -18.443 0.02295 0.02532 -0.96767 0.24989 2 92.004 0.653 -1.021 0.49493 -0.60386 0.06915 0.62098 3 
