108.216 -27.383 -7.934 0.27983 0.51489 0.78411 -0.20434 1 109.701 1.959 -4.734 -0.28078 0.60236 -0.74501 -0.05737 2 117.988 -6.885 1.698 0.20018 -0.72736 -0.10014 0.64873 3 
108.603 -27.29 -7.8 0.28092 0.5163 0.78029 -0.2137 1 109.791 2.163 -4.655 -0.28856 0.59863 -0.74515 -0.05593 2 118.347 -6.519 1.709 0.20272 -0.72282 -0.09548 0.6537 3 
108.696 -27.098 -7.81 0.27865 0.51662 0.78003 -0.21683 1 109.697 2.309 -4.674 -0.29156 0.59807 -0.74463 -0.05322 2 118.313 -6.338 1.694 0.20519 -0.7223 -0.09491 0.65358 3 
108.669 -26.88 -7.839 0.27268 0.51781 0.78104 -0.21792 1 109.393 2.459 -4.7 -0.2902 0.59666 -0.74667 -0.0476 2 117.932 -6.133 1.7 0.20855 -0.72511 -0.09215 0.64979 3 
108.393 -26.825 -7.85 0.26963 0.52055 0.7799 -0.21926 1 108.915 2.441 -4.805 -0.28886 0.59462 -0.74902 -0.04427 2 117.396 -5.972 1.686 0.20991 -0.72677 -0.08741 0.64815 3 
107.756 -26.886 -7.789 0.26836 0.52118 0.78008 -0.2187 1 108.257 2.343 -4.839 -0.28791 0.59285 -0.75078 -0.0443 2 116.695 -6.051 1.685 0.20934 -0.7283 -0.08664 0.64672 3 
105.827 -26.982 -7.555 0.27585 0.51446 0.78142 -0.2205 1 106.477 2.286 -4.544 -0.29588 0.59079 -0.74871 -0.05342 2 115.112 -6.297 2.021 0.20871 -0.72349 -0.09337 0.65137 3 
102.072 -27.29 -6.82 0.2937 0.50234 0.78021 -0.2295 1 103.019 2.095 -3.934 -0.31422 0.58762 -0.74217 -0.07182 2 112.276 -6.713 2.621 0.20482 -0.70839 -0.10319 0.66752 3 
96.417 -27.471 -5.913 0.31098 0.49286 0.776 -0.24124 1 97.702 1.925 -3.405 -0.32484 0.58478 -0.73733 -0.0941 2 107.555 -6.945 3.231 0.19556 -0.69112 -0.10741 0.68744 3 
89.639 -27.326 -5.265 0.31179 0.48781 0.78017 -0.23696 1 91.009 1.815 -3.058 -0.31906 0.58918 -0.7352 -0.10269 2 100.908 -7.045 3.821 0.1921 -0.6864 -0.10989 0.69274 3 
83.062 -27.248 -5.396 0.28905 0.48927 0.7915 -0.22491 1 84.321 1.536 -3.169 -0.30009 0.59396 -0.74031 -0.0954 2 93.673 -7.497 4.095 0.19565 -0.69644 -0.11488 0.6808 3 
77.579 -27.48 -6.094 0.25734 0.4882 0.80743 -0.20856 1 78.983 0.926 -3.741 -0.27635 0.59536 -0.74924 -0.08843 2 87.406 -8.363 3.832 0.19838 -0.71286 -0.12269 0.66138 3 
73.574 -27.869 -6.876 0.23123 0.49113 0.81755 -0.19217 1 74.948 0.391 -4.569 -0.24742 0.59966 -0.75714 -0.07697 2 82.517 -8.871 3.239 0.19994 -0.72801 -0.1202 0.64465 3 
71.072 -27.969 -7.714 0.20156 0.50004 0.82397 -0.1744 1 71.743 0.261 -5.624 -0.21687 0.59617 -0.77139 -0.0501 2 78.336 -8.504 2.492 0.20715 -0.74788 -0.10145 0.62247 3 
69.871 -27.871 -8.833 0.17703 0.51061 0.8283 -0.14782 1 70.467 0.223 -6.88 -0.18002 0.59638 -0.78193 -0.02261 2 75.522 -8.16 1.454 0.20598 -0.7754 -0.086 0.59071 3 
69.561 -27.705 -8.786 0.18384 0.51265 0.82447 -0.15377 1 70.283 0.376 -6.989 -0.17489 0.59407 -0.78478 -0.02467 2 75.338 -7.686 1.439 0.20329 -0.77579 -0.07748 0.5923 3 
69.619 -27.635 -8.807 0.18199 0.51345 0.82395 -0.15605 1 70.339 0.425 -7.032 -0.17392 0.5965 -0.78319 -0.02329 2 75.413 -7.597 1.393 0.20268 -0.77531 -0.07608 0.59332 3 
69.715 -27.67 -8.818 0.18274 0.51442 0.82371 -0.15322 1 70.41 0.428 -7.013 -0.17463 0.59756 -0.78222 -0.02364 2 75.505 -7.636 1.392 0.20338 -0.77487 -0.0773 0.59349 3 
69.923 -27.65 -8.767 0.18882 0.5153 0.82211 -0.15149 1 70.679 0.493 -6.967 -0.1779 0.60187 -0.77811 -0.02551 2 75.871 -7.578 1.351 0.20262 -0.77278 -0.0778 0.5964 3 
71.092 -27.771 -8.539 0.20741 0.51628 0.81625 -0.15545 1 72.015 0.431 -6.629 -0.19705 0.61303 -0.76434 -0.03392 2 77.735 -7.922 1.451 0.20159 -0.76366 -0.08704 0.60713 3 
73.937 -27.947 -8.015 0.22458 0.49882 0.81832 -0.17635 1 74.632 0.182 -5.685 -0.22701 0.61451 -0.75386 -0.05038 2 81.196 -8.599 2.212 0.21179 -0.74994 -0.10324 0.61812 3 
76.715 -28.332 -6.722 0.26385 0.47902 0.80968 -0.21295 1 77.549 0.039 -4.237 -0.27395 0.60753 -0.74125 -0.08003 2 85.696 -9.026 3.417 0.21303 -0.72049 -0.11546 0.64975 3 
78.24 -29.083 -4.533 0.32946 0.46311 0.78212 -0.25548 1 79.824 -0.1 -2.488 -0.33618 0.58643 -0.72566 -0.12844 2 90.132 -9.246 4.783 0.19531 -0.67375 -0.12192 0.70218 3 
78.811 -30.069 -1.645 0.40241 0.44449 0.73971 -0.30549 1 80.587 -0.14 -0.362 -0.40632 0.55397 -0.70433 -0.17871 2 93.32 -9.143 6.347 0.17657 -0.61283 -0.11868 0.76104 3 
77.88 -30.811 1.084 0.45245 0.42505 0.69876 -0.35545 1 79.091 -0.026 1.835 -0.46043 0.52587 -0.67971 -0.22238 2 93.797 -8.758 7.88 0.16991 -0.55268 -0.114 0.80788 3 
75.112 -31.537 3.318 0.47879 0.40679 0.67678 -0.38373 1 76.241 -0.145 3.73 -0.48847 0.50928 -0.66207 -0.25237 2 91.875 -8.998 9.447 0.16198 -0.51529 -0.11676 0.83343 3 
70.779 -32.158 4.849 0.47942 0.39806 0.67601 -0.39335 1 72.164 -0.456 5.082 -0.49022 0.50443 -0.65877 -0.26692 2 87.926 -9.516 11.025 0.15681 -0.50523 -0.12091 0.83996 3 
65.901 -32.515 5.396 0.46059 0.39973 0.69342 -0.38373 1 67.43 -0.748 5.621 -0.47215 0.50785 -0.6716 -0.26097 2 82.852 -9.857 12.252 0.16059 -0.51914 -0.12067 0.83075 3 
61.611 -32.93 5.116 0.43661 0.40844 0.71105 -0.37007 1 62.732 -1.139 5.378 -0.45123 0.51604 -0.68832 -0.23728 2 77.619 -9.991 12.895 0.17283 -0.5444 -0.11128 0.81325 3 
56.726 -33.415 4.101 0.40086 0.41329 0.74413 -0.33877 1 58.346 -1.712 4.524 -0.41278 0.54233 -0.6983 -0.21881 2 72.155 -10.751 12.797 0.17649 -0.57543 -0.1124 0.79063 3 
51.252 -33.012 1.761 0.33379 0.42523 0.79819 -0.26582 1 53.949 -1.783 3.403 -0.34607 0.58951 -0.70746 -0.17949 2 65.324 -11.968 12.643 0.18961 -0.63512 -0.14124 0.73534 3 
47.654 -32.296 -0.326 0.27394 0.42116 0.83442 -0.22655 1 50.397 -2.244 1.779 -0.29307 0.62844 -0.70309 -0.15758 2 59.778 -13.212 12.784 0.19569 -0.68505 -0.15706 0.68392 3 
46.922 -31.88 -0.059 0.26977 0.4319 0.82957 -0.22914 1 49.483 -1.945 1.811 -0.28885 0.613 -0.71908 -0.154 2 58.684 -12.46 13.235 0.19479 -0.69212 -0.14503 0.6797 3 
46.648 -31.238 0.132 0.26644 0.43668 0.82331 -0.24594 1 49.283 -1.446 1.734 -0.28531 0.60632 -0.72651 -0.15218 2 58.433 -11.489 13.363 0.18789 -0.69536 -0.13161 0.68107 3 
46.675 -31.043 0.148 0.27063 0.43915 0.82119 -0.24404 1 49.334 -1.243 1.68 -0.28653 0.6055 -0.72658 -0.15279 2 58.531 -11.211 13.298 0.18645 -0.69055 -0.12729 0.68714 3 
46.942 -31.11 0.008 0.27045 0.43894 0.82049 -0.24693 1 49.598 -1.309 1.631 -0.28866 0.60877 -0.72272 -0.15411 2 58.905 -11.394 13.109 0.18758 -0.68804 -0.13094 0.68867 3 
47.269 -31.413 -0.094 0.27419 0.44134 0.81883 -0.24403 1 49.93 -1.522 1.595 -0.28992 0.61202 -0.71925 -0.15513 2 59.364 -11.737 12.915 0.18895 -0.68461 -0.13472 0.69098 3 
47.502 -31.659 -0.172 0.28232 0.43518 0.82133 -0.23735 1 50.152 -1.548 1.532 -0.29079 0.61708 -0.71511 -0.15258 2 59.7 -11.819 12.722 0.18998 -0.68194 -0.13494 0.6933 3 
48.88 -31.559 0.055 0.31762 0.43505 0.80805 -0.23855 1 51.582 -1.157 1.743 -0.31291 0.62942 -0.69191 -0.16485 2 61.581 -11.483 12.22 0.1889 -0.66748 -0.13487 0.70753 3 
53.405 -31.673 0.422 0.36217 0.43112 0.78861 -0.24712 1 56.279 -1.16 1.663 -0.35065 0.6206 -0.67379 -0.19471 2 67.536 -11.522 10.721 0.17664 -0.6312 -0.14421 0.74135 3 
60.561 -31.249 0.479 0.38402 0.42185 0.77873 -0.26106 1 63.093 -1.033 2.239 -0.37677 0.60432 -0.67116 -0.20588 2 74.865 -11.525 10.771 0.18727 -0.62533 -0.1547 0.74159 3 
66.72 -31.168 -0.236 0.39153 0.41371 0.77914 -0.2617 1 69.011 -1.105 2.005 -0.38399 0.60773 -0.66746 -0.19419 2 80.651 -11.682 10.161 0.19825 -0.63328 -0.15769 0.73129 3 
72 -31.211 -1.509 0.38105 0.4179 0.78808 -0.24307 1 74.261 -1.482 0.778 -0.36931 0.61101 -0.67845 -0.17314 2 85.07 -11.846 8.887 0.19848 -0.65747 -0.15137 0.71094 3 
76.853 -31.262 -2.969 0.36179 0.43798 0.79242 -0.22216 1 79.372 -1.891 -0.9 -0.34074 0.61223 -0.6976 -0.14979 2 88.907 -11.851 7.26 0.18797 -0.68929 -0.13772 0.68599 3 
80.619 -31.048 -4.522 0.34119 0.45993 0.79769 -0.18907 1 83.442 -1.989 -2.844 -0.2951 0.6108 -0.72436 -0.12306 2 91.247 -11.144 5.503 0.17441 -0.72606 -0.11371 0.65536 3 
83.761 -30.213 -6.516 0.29936 0.48777 0.80415 -0.16064 1 86.806 -1.842 -4.905 -0.23198 0.61188 -0.7506 -0.09161 2 92.186 -10.301 3.595 0.16576 -0.77028 -0.09359 0.60863 3 
85.372 -29.418 -9.123 0.25031 0.49347 0.82453 -0.11821 1 89.175 -1.804 -6.734 -0.17585 0.62693 -0.75616 -0.06527 2 91.986 -10.713 1.462 0.15998 -0.80863 -0.1082 0.55571 3 
86.698 -28.993 -9.986 0.24341 0.49984 0.82043 -0.13343 1 90.323 -1.518 -7.538 -0.1714 0.62808 -0.75579 -0.07012 2 93.287 -10.459 0.476 0.16293 -0.805 -0.10972 0.55981 3 
87.3 -28.731 -10.18 0.24763 0.51042 0.8134 -0.12858 1 90.868 -1.058 -7.967 -0.16684 0.63339 -0.75301 -0.06294 2 94.04 -9.704 -0.007 0.15966 -0.80099 -0.09951 0.56835 3 
87.664 -28.839 -10.201 0.26083 0.51582 0.80703 -0.12082 1 91.544 -0.552 -8.085 -0.16375 0.64811 -0.74211 -0.04911 2 94.817 -9.307 -0.233 0.15501 -0.79731 -0.0958 0.57541 3 
88.04 -29.039 -10.189 0.26988 0.52045 0.80183 -0.11558 1 92.549 -0.122 -8.041 -0.14965 0.6584 -0.73654 -0.04031 2 95.394 -9.145 -0.364 0.15354 -0.79453 -0.09462 0.57982 3 
89.164 -29.287 -10.187 0.25949 0.5184 0.80425 -0.13078 1 94.675 0.268 -7.943 -0.10841 0.65389 -0.74807 -0.03273 2 95.757 -9.043 -0.462 0.15353 -0.79235 -0.09396 0.58291 3 
92.658 -30.924 -9.473 0.27262 0.50368 0.77819 -0.25769 1 97.851 0.79 -7.486 -0.11079 0.64662 -0.7518 -0.06641 2 96.61 -8.998 -0.713 0.15216 -0.78709 -0.09382 0.59037 3 
99.007 -33.585 -6.619 0.47018 0.47632 0.60082 -0.4371 1 101.43 0.74 -6.738 -0.12535 0.6782 -0.71655 -0.10433 2 98.016 -9.052 -1.109 0.15123 -0.77842 -0.09562 0.6017 3 
103.621 -32.384 -4.366 0.66871 0.42143 0.44508 -0.42088 1 103.418 -0.325 -6.056 -0.14219 0.74839 -0.63609 -0.1228 2 99.733 -9.074 -1.591 0.14965 -0.76735 -0.0976 0.61583 3 
104.332 -28.242 -3.463 0.77777 0.3556 0.43681 -0.27897 1 103.708 -0.208 -6.039 -0.14072 0.77096 -0.60621 -0.13536 2 101.042 -9.298 -2.045 0.14922 -0.72657 -0.09713 0.66362 3 
104.509 -21.732 -3.061 0.83018 0.28373 0.47314 -0.08027 1 104.431 0.62 -5.969 -0.14513 0.76037 -0.61839 -0.13555 2 101.283 -9.406 -2.074 0.14554 -0.7443 -0.10735 0.64289 3 
103.104 -14.025 -3.514 0.80949 0.27804 0.51063 0.08173 1 105.028 3.306 -6.353 -0.14032 0.709 -0.68303 -0.10533 2 101.336 -9.276 -2.078 0.14399 -0.74641 -0.10634 0.64096 3 
102.413 -7.473 -3.385 0.77165 0.26225 0.55337 0.17198 1 107.146 8.989 -7.104 -0.06891 0.66129 -0.74051 -0.09798 2 101.386 -9.154 -2.091 0.14265 -0.74645 -0.10496 0.64144 3 
100.522 -1.72 -3.537 0.73488 0.29483 0.58875 0.16249 1 111.577 16.333 -7.409 0.00856 0.63934 -0.74978 -0.17031 2 101.453 -9.068 -2.13 0.14214 -0.74604 -0.10403 0.64218 3 
96.045 5.193 -5.255 0.62686 0.44062 0.60768 0.20887 1 116.255 23.377 -7.567 0.10231 0.61855 -0.74156 -0.23879 2 101.539 -9.073 -2.159 0.14222 -0.74524 -0.1044 0.64303 3 
92.582 10.945 -7.406 0.50056 0.54211 0.60733 0.29447 1 119.184 29.042 -7.933 0.17858 0.61641 -0.71695 -0.27226 2 101.557 -9.083 -2.154 0.14257 -0.74496 -0.10457 0.64325 3 
90.313 15.097 -8.51 0.50501 0.62003 0.49985 0.33267 1 120.403 33.696 -8.51 0.24626 0.63711 -0.68016 -0.26612 2 101.535 -9.044 -2.152 0.1424 -0.74481 -0.10418 0.64352 3 
87.344 19.906 -8.996 0.54737 0.69084 0.36328 0.30192 1 118.555 38.273 -8.863 0.30669 0.71563 -0.60692 -0.15954 2 101.531 -9.026 -2.155 0.14223 -0.74496 -0.104 0.64342 3 
84.209 26.315 -9.995 0.57103 0.72847 0.22933 0.30111 1 114.31 42.659 -9.941 0.33173 0.71755 -0.60495 -0.09552 2 101.568 -9.104 -2.157 0.14227 -0.74694 -0.10478 0.64099 3 
83.043 31.859 -11.412 0.57864 0.73633 0.12012 0.32948 1 109.618 46.119 -10.775 0.35958 0.74679 -0.55802 -0.04038 2 101.601 -9.124 -2.173 0.14224 -0.74638 -0.10489 0.64163 3 
82.885 34.726 -12.916 0.56679 0.74071 0.08368 0.35085 1 105.763 48.642 -10.747 0.37362 0.78884 -0.48789 0.01023 2 101.592 -9.09 -2.157 0.14202 -0.74683 -0.10478 0.64117 3 
82.937 36.264 -13.504 0.55525 0.74421 0.07956 0.36265 1 103.104 50.33 -11.31 0.37961 0.81895 -0.42651 0.05757 2 101.62 -9.028 -2.174 0.14194 -0.74668 -0.1042 0.64146 3 
82.819 37.469 -13.893 0.54794 0.7501 0.07238 0.36315 1 100.987 51.768 -11.568 0.36798 0.83624 -0.39579 0.09296 2 101.663 -9.007 -2.181 0.14168 -0.74639 -0.10401 0.64188 3 
82.802 38.064 -14.108 0.53588 0.75223 0.07754 0.37545 1 99.027 53.499 -12.038 0.35029 0.84449 -0.38718 0.11926 2 101.667 -9.022 -2.182 0.14166 -0.74638 -0.10422 0.64186 3 
