105.579 -27.346 -7.164 0.29454 0.53488 0.78362 -0.11442 1 106.99 3.546 -4.696 -0.27321 0.60005 -0.75172 0.0145 2 116.03 -5.033 1.418 0.22463 -0.73058 -0.06608 0.64143 3 
106.681 -27.439 -7.441 0.28881 0.53239 0.78897 -0.10327 1 108.392 3.335 -4.74 -0.26018 0.60307 -0.75391 0.01554 2 116.938 -5.419 1.451 0.22422 -0.74084 -0.06956 0.62932 3 
106.756 -27.546 -7.538 0.2971 0.52759 0.78961 -0.0995 1 109.042 3.245 -4.675 -0.25762 0.60887 -0.75025 0.0047 2 117.533 -5.737 1.392 0.21894 -0.73946 -0.07799 0.63181 3 
106.643 -27.697 -7.477 0.30653 0.52374 0.78922 -0.09415 1 109.708 3.155 -4.59 -0.25662 0.61097 -0.74888 -0.00701 2 118.123 -6.116 1.398 0.20901 -0.73835 -0.08586 0.63543 3 
106.469 -27.781 -7.474 0.30971 0.52335 0.78898 -0.08769 1 110.063 3.049 -4.67 -0.25244 0.61171 -0.7496 -0.01344 2 118.284 -6.316 1.363 0.20139 -0.74066 -0.08828 0.63488 3 
106.268 -27.813 -7.578 0.30844 0.5238 0.78978 -0.08208 1 110.131 2.912 -4.765 -0.24695 0.61157 -0.75151 -0.01492 2 118.118 -6.517 1.265 0.19741 -0.74458 -0.08883 0.63145 3 
106.06 -28.283 -7.69 0.30556 0.52344 0.79084 -0.08494 1 109.674 2.445 -4.9 -0.24795 0.60932 -0.75306 -0.01193 2 117.631 -6.955 1.173 0.20046 -0.74598 -0.08765 0.62901 3 
106.166 -29.969 -7.732 0.29557 0.52272 0.79215 -0.10906 1 108.443 0.864 -4.801 -0.26408 0.60488 -0.75124 0.00469 2 116.9 -8.257 1.236 0.21866 -0.74103 -0.08068 0.62972 3 
107.196 -33.148 -7.87 0.28343 0.52535 0.78866 -0.14729 1 106.619 -1.875 -4.774 -0.30851 0.59417 -0.74169 0.04092 2 116.376 -10.48 1.206 0.25652 -0.72399 -0.06351 0.63719 3 
108.988 -37.205 -8.297 0.26318 0.53353 0.78013 -0.19362 1 104.908 -5.751 -5.08 -0.35042 0.57659 -0.73318 0.08483 2 115.984 -13.257 0.833 0.30022 -0.70499 -0.03467 0.6416 3 
111.706 -41.185 -9.046 0.2266 0.54574 0.77082 -0.23802 1 103.61 -10.163 -5.796 -0.37845 0.55686 -0.72571 0.14151 2 115.394 -16.348 0.177 0.34793 -0.69384 0.00627 0.63047 3 
114.144 -44.502 -10.288 0.19124 0.55299 0.76626 -0.26547 1 102.907 -14.225 -6.78 -0.38982 0.54684 -0.71554 0.19239 2 114.853 -19.562 -0.779 0.38901 -0.68965 0.03479 0.60978 3 
115.673 -46.842 -12.178 0.16587 0.54938 0.76968 -0.27975 1 102.532 -17.188 -7.938 -0.38775 0.55022 -0.7034 0.22836 2 114.39 -22.32 -2.135 0.42008 -0.68963 0.04338 0.58827 3 
116.27 -48.247 -13.988 0.1513 0.53437 0.78137 -0.28465 1 102.343 -18.918 -8.824 -0.38185 0.55753 -0.69342 0.25004 2 114.135 -24.353 -3.253 0.44249 -0.69141 0.03355 0.57012 3 
116.659 -48.891 -14.086 0.1511 0.52887 0.7818 -0.29368 1 102.483 -19.518 -8.614 -0.39186 0.55972 -0.68616 0.24966 2 114.726 -25.157 -3.202 0.45127 -0.68194 0.02462 0.57507 3 
116.862 -48.69 -14.219 0.15034 0.52507 0.7831 -0.2974 1 102.434 -19.388 -8.744 -0.39236 0.55993 -0.6855 0.25026 2 114.79 -24.802 -3.335 0.45374 -0.67857 0.02858 0.57694 3 
116.73 -48.758 -14.281 0.15029 0.52182 0.78533 -0.29727 1 102.568 -19.352 -8.769 -0.39014 0.5595 -0.68725 0.24988 2 114.843 -24.871 -3.349 0.44952 -0.68127 0.02726 0.57712 3 
116.58 -48.465 -14.074 0.14775 0.5281 0.78169 -0.29704 1 102.307 -19.139 -8.738 -0.38518 0.55997 -0.69043 0.24774 2 114.437 -24.568 -3.249 0.44886 -0.68265 0.03236 0.57572 3 
116.383 -46.883 -13.128 0.15267 0.53983 0.77563 -0.28926 1 102.302 -17.667 -8.468 -0.37658 0.55996 -0.6991 0.23643 2 114.08 -22.737 -2.773 0.43972 -0.68702 0.04498 0.57674 3 
115.187 -44.709 -12.081 0.16884 0.53344 0.78588 -0.2633 1 102.734 -15.147 -7.591 -0.3679 0.55545 -0.71424 0.21445 2 114.094 -20.829 -1.569 0.42053 -0.70082 0.02693 0.57557 3 
112.312 -42.499 -10.722 0.2103 0.52526 0.78821 -0.24209 1 102.236 -12.035 -6.496 -0.37081 0.56426 -0.7185 0.16691 2 113.787 -18.316 -0.586 0.39107 -0.69758 0.00336 0.60036 3 
107.993 -40.51 -8.761 0.27008 0.51635 0.7799 -0.22844 1 101.179 -8.895 -5.107 -0.38644 0.56788 -0.71997 0.09909 2 113.274 -15.823 0.696 0.34539 -0.68303 -0.02266 0.64316 3 
102.94 -38.371 -6.043 0.33711 0.50825 0.7599 -0.22494 1 99.252 -5.845 -3.386 -0.41243 0.56325 -0.71561 0.02345 2 112.109 -13.351 2.27 0.29357 -0.65644 -0.04378 0.69353 3 
98.124 -36.187 -3.233 0.39969 0.49768 0.7311 -0.24093 1 96.39 -3.018 -1.532 -0.44721 0.55505 -0.69976 -0.04756 2 110.305 -10.925 3.781 0.25257 -0.61526 -0.05838 0.74449 3 
93.763 -34.282 -0.634 0.44353 0.48054 0.70812 -0.26633 1 93.115 -0.777 0.477 -0.47998 0.54459 -0.6799 -0.10376 2 107.947 -9.153 5.401 0.22559 -0.57415 -0.0742 0.78355 3 
89.723 -32.985 1.565 0.46444 0.46548 0.69779 -0.2841 1 89.542 0.65 2.443 -0.50005 0.53523 -0.667 -0.13635 2 104.869 -8.057 7.343 0.21449 -0.54916 -0.08687 0.80304 3 
85.197 -32.386 3.651 0.4701 0.45201 0.6957 -0.30117 1 85.259 1.335 4.178 -0.50813 0.52497 -0.66448 -0.15711 2 100.788 -7.525 9.312 0.2044 -0.53751 -0.09007 0.81314 3 
80.21 -32.249 5.298 0.46778 0.44843 0.69333 -0.31525 1 79.88 1.537 5.313 -0.50623 0.51946 -0.66771 -0.16753 2 95.578 -7.085 10.824 0.20133 -0.52988 -0.08205 0.81973 3 
74.441 -32.561 6.278 0.45994 0.43871 0.70037 -0.32475 1 74.116 1.295 6.17 -0.50129 0.51523 -0.67258 -0.17572 2 89.828 -7.381 12.095 0.2026 -0.52748 -0.0843 0.82074 3 
68.792 -33.043 7.004 0.44877 0.42834 0.70867 -0.33602 1 68.252 1.021 6.837 -0.49633 0.51324 -0.67656 -0.18032 2 84.041 -7.64 13.101 0.20804 -0.52335 -0.08404 0.82205 3 
63.213 -33.287 7.135 0.41112 0.41782 0.72614 -0.35933 1 62.571 0.883 7.244 -0.48769 0.51708 -0.67921 -0.18293 2 78.308 -7.885 13.83 0.21388 -0.52269 -0.08727 0.82063 3 
57.237 -33.418 5.711 0.35841 0.42758 0.75081 -0.35355 1 56.038 0.619 6.586 -0.46706 0.53381 -0.687 -0.15792 2 71.295 -8.363 13.746 0.23829 -0.54225 -0.09417 0.80019 3 
51.339 -33.181 3.037 0.28706 0.46246 0.78556 -0.29431 1 49.581 0.417 3.702 -0.39642 0.57098 -0.71345 -0.08842 2 62.974 -8.389 12.277 0.25182 -0.60723 -0.07562 0.74977 3 
48.343 -32.559 1.501 0.26484 0.46551 0.79294 -0.29053 1 46.572 0.262 1.808 -0.36457 0.55358 -0.74628 -0.06078 2 59.11 -8.083 12.339 0.24824 -0.64096 -0.05987 0.72385 3 
47.651 -32.259 1.528 0.25759 0.46718 0.79575 -0.28667 1 45.784 0.528 1.763 -0.35758 0.55057 -0.75225 -0.05585 2 58.093 -7.673 12.599 0.2482 -0.64779 -0.05374 0.71825 3 
47.599 -32.267 1.555 0.25729 0.46504 0.79601 -0.28965 1 45.794 0.479 1.839 -0.35815 0.55003 -0.75232 -0.05672 2 58.099 -7.759 12.681 0.2485 -0.64777 -0.05521 0.71805 3 
47.657 -32.185 1.654 0.26331 0.46704 0.79424 -0.28587 1 45.869 0.558 1.787 -0.35745 0.54877 -0.75343 -0.05846 2 58.194 -7.591 12.619 0.24708 -0.64694 -0.053 0.71945 3 
48.018 -32.28 1.716 0.27652 0.47066 0.79078 -0.27693 1 46.293 0.733 1.875 -0.35799 0.56425 -0.74156 -0.05962 2 58.705 -7.589 12.44 0.24689 -0.64325 -0.05448 0.72271 3 
50.27 -32.067 2.488 0.31232 0.48966 0.77063 -0.26234 1 48.514 1.039 2.593 -0.37704 0.5844 -0.71465 -0.07481 2 61.051 -7.391 11.971 0.24037 -0.63276 -0.06109 0.73355 3 
55.162 -31.23 3.19 0.34767 0.48645 0.75332 -0.27388 1 53.23 1.6 3.128 -0.40789 0.56825 -0.70874 -0.09165 2 66.49 -6.676 11.772 0.23145 -0.61419 -0.0652 0.75164 3 
62.212 -29.949 3.684 0.37682 0.48088 0.74253 -0.27461 1 59.721 2.687 3.863 -0.43295 0.54665 -0.71149 -0.08661 2 73.319 -5.301 12.235 0.23991 -0.61257 -0.06312 0.75048 3 
68.916 -29.224 3.113 0.39797 0.4824 0.73549 -0.26071 1 66.758 3.298 3.431 -0.43962 0.54659 -0.7084 -0.07831 2 80.139 -4.714 11.444 0.23695 -0.62361 -0.06405 0.7422 3 
74.479 -28.486 1.491 0.38646 0.49082 0.74294 -0.24037 1 72.276 3.55 1.989 -0.42374 0.55003 -0.71742 -0.05686 2 84.941 -4.342 9.851 0.24028 -0.64697 -0.05882 0.72127 3 
79.065 -27.921 -0.437 0.36388 0.50335 0.75377 -0.21459 1 76.791 3.563 0.104 -0.39022 0.55216 -0.73624 -0.02829 2 88.248 -4.046 8.02 0.24391 -0.67911 -0.04698 0.69073 3 
82.586 -27.608 -2.469 0.34429 0.51853 0.75784 -0.19561 1 80.855 3.407 -1.86 -0.35317 0.55442 -0.75354 -0.00801 2 90.959 -4.176 5.984 0.23805 -0.70951 -0.04123 0.66199 3 
85.131 -27.344 -4.687 0.31885 0.5294 0.76531 -0.17993 1 83.95 3.202 -3.761 -0.31333 0.56365 -0.76428 0.00283 2 92.843 -4.545 3.87 0.23479 -0.73244 -0.04452 0.63751 3 
86.301 -27.038 -6.879 0.28547 0.54109 0.77515 -0.1577 1 85.898 3.076 -5.654 -0.26538 0.57564 -0.77317 0.02068 2 93.221 -4.961 1.837 0.22778 -0.76041 -0.04908 0.6062 3 
86.845 -26.576 -8.728 0.26288 0.55014 0.7794 -0.14416 1 86.433 3.24 -7.504 -0.23324 0.57446 -0.78343 0.04282 2 92.59 -4.675 -0.024 0.22645 -0.78039 -0.04033 0.58145 3 
87.81 -26.328 -8.501 0.26244 0.55664 0.77151 -0.16138 1 87.178 3.624 -7.433 -0.23175 0.58772 -0.77426 0.03735 2 93.729 -4.238 -0.06 0.2253 -0.77171 -0.03656 0.5936 3 
88.636 -26.193 -8.762 0.25458 0.53871 0.78164 -0.18444 1 87.821 3.857 -7.602 -0.23284 0.59738 -0.76655 0.03644 2 94.651 -4.072 -0.388 0.22575 -0.76557 -0.03623 0.60136 3 
89.475 -26.265 -8.99 0.25056 0.54817 0.77778 -0.1783 1 89.505 4.46 -7.557 -0.19806 0.62098 -0.75752 0.03643 2 95.502 -4.097 -0.603 0.22548 -0.76057 -0.03896 0.6076 3 
90.416 -26.485 -9.14 0.24472 0.54108 0.786 -0.1719 1 93.174 5.12 -7.122 -0.1646 0.61523 -0.77093 0.00779 2 96.263 -4.156 -0.818 0.22458 -0.75588 -0.04097 0.61362 3 
91.254 -26.916 -9.328 0.25424 0.54591 0.78217 -0.15985 1 98.03 4.833 -6.168 -0.2109 0.65837 -0.71912 -0.07023 2 97.227 -4.031 -1.104 0.22377 -0.74933 -0.04107 0.62189 3 
92.529 -27.77 -9.334 0.25525 0.55189 0.77896 -0.15323 1 102.139 3.48 -5.574 -0.22301 0.716 -0.6476 -0.13496 2 98.213 -3.865 -1.374 0.22266 -0.74273 -0.04105 0.63015 3 
96.005 -29.797 -8.826 0.27364 0.52595 0.77834 -0.2066 1 104.55 1.951 -5.391 -0.20165 0.75093 -0.6093 -0.15551 2 99.334 -3.907 -1.685 0.22279 -0.73482 -0.04341 0.63915 3 
101.549 -32.551 -6.967 0.39252 0.50858 0.69756 -0.31729 1 105.444 1.272 -5.489 -0.14977 0.77137 -0.59823 -0.15707 2 100.54 -4.158 -2.023 0.22307 -0.72608 -0.04894 0.64857 3 
106.548 -33.23 -4.625 0.56632 0.45608 0.60343 -0.32733 1 106.432 0.998 -5.601 -0.12794 0.77778 -0.59455 -0.15875 2 101.315 -4.443 -2.217 0.21883 -0.71838 -0.05531 0.65802 3 
108.643 -30.973 -3.196 0.69414 0.42135 0.54428 -0.2107 1 106.979 1.183 -5.554 -0.11319 0.78114 -0.59533 -0.15031 2 101.578 -4.397 -2.302 0.21858 -0.71633 -0.0549 0.66036 3 
108.973 -26.21 -2.786 0.76183 0.38809 0.51438 -0.06644 1 107.343 2.055 -5.585 -0.09737 0.78281 -0.60082 -0.12939 2 101.52 -4.011 -2.322 0.21666 -0.71623 -0.0501 0.66149 3 
107.992 -19.917 -2.688 0.79566 0.36039 0.4831 0.06051 1 108.068 4.255 -6.07 -0.05827 0.76631 -0.62818 -0.12153 2 101.49 -3.791 -2.321 0.21639 -0.71833 -0.04729 0.65951 3 
105.681 -11.835 -3.17 0.78661 0.34912 0.46965 0.19695 1 109.242 8.85 -6.948 -0.0197 0.72991 -0.67245 -0.12107 2 101.627 -4.001 -2.352 0.21779 -0.7171 -0.05006 0.66018 3 
103.166 -4.239 -4.427 0.75654 0.36051 0.4473 0.31242 1 111.789 15.612 -8.463 0.07557 0.69366 -0.69987 -0.15268 2 101.779 -4.261 -2.337 0.21931 -0.71606 -0.05361 0.66052 3 
101.557 0.082 -5.602 0.72925 0.38659 0.42278 0.37417 1 115.306 22.04 -10.111 0.1925 0.66304 -0.69553 -0.1989 2 101.251 -3.824 -2.243 0.22458 -0.71792 -0.04739 0.65719 3 
99.743 2.746 -6.974 0.70793 0.40641 0.39213 0.42415 1 118.461 26.687 -11.276 0.28699 0.6588 -0.65458 -0.23485 2 98.88 -2.166 -1.734 0.22195 -0.73322 -0.02143 0.6424 3 
97.401 5.242 -7.879 0.71538 0.47529 0.31913 0.40062 1 118.901 30.196 -11.748 0.33111 0.67518 -0.61859 -0.22772 2 96.823 -1.075 -1.269 0.2136 -0.74809 -0.00373 0.62827 3 
95.51 8.239 -8.746 0.69232 0.49793 0.31479 0.41673 1 116.526 32.963 -11.666 0.32868 0.70734 -0.59211 -0.20259 2 95.828 -0.938 -1.02 0.2118 -0.755 1e-05 0.62058 3 
93.759 11.132 -9.379 0.64902 0.50881 0.35935 0.43676 1 113.02 34.753 -11.662 0.31734 0.72941 -0.5788 -0.17955 2 95.796 -1.431 -0.957 0.21525 -0.75504 -0.00616 0.61931 3 
91.692 14.979 -9.824 0.61341 0.52282 0.41077 0.42621 1 110.194 36.157 -12.077 0.32824 0.74273 -0.56083 -0.16152 2 96 -1.872 -1.04 0.22281 -0.73979 -0.01449 0.63471 3 
88.223 19.723 -10.302 0.5877 0.62378 0.34389 0.38373 1 107.735 38.317 -12.061 0.35451 0.7514 -0.53969 -0.13588 2 95.089 -1.603 -0.825 0.23101 -0.74014 -0.00724 0.63149 3 
83.826 25.916 -11.19 0.57654 0.6997 0.24575 0.34297 1 105.134 40.985 -11.821 0.37281 0.76885 -0.50924 -0.10271 2 95.07 -1.618 -0.802 0.22848 -0.7458 -0.00946 0.62569 3 
81.35 31.37 -12.409 0.56708 0.70761 0.1614 0.38944 1 102.864 43.566 -12.012 0.38668 0.78028 -0.48374 -0.08741 2 96.408 -2.025 -1.138 0.23189 -0.73557 -0.01607 0.63633 3 
81.012 34.181 -13.027 0.5811 0.6979 0.11447 0.40268 1 101.298 45.901 -11.933 0.4123 0.7957 -0.44102 -0.04872 2 96.429 -2.092 -1.221 0.24633 -0.71551 -0.01344 0.6536 3 
81.372 35.78 -13.169 0.60392 0.68602 0.08662 0.39643 1 99.964 47.803 -12.091 0.40814 0.80485 -0.42969 -0.03184 2 95.255 -2.274 -0.917 0.24794 -0.72771 -0.01228 0.63938 3 
81.667 36.764 -13.691 0.5935 0.68038 0.0681 0.42451 1 98.267 49.103 -12.425 0.3993 0.8186 -0.41285 0.00106 2 95.045 -2.363 -0.843 0.25182 -0.72716 -0.01034 0.63852 3 
81.607 36.993 -13.897 0.58948 0.68046 0.07629 0.42856 1 96.706 50.6 -12.858 0.39863 0.83106 -0.38716 0.02311 2 94.825 -2.387 -0.794 0.25184 -0.72808 -0.00862 0.63749 3 
