111.119 -35.407 -6.053 0.38203 0.49855 0.74549 -0.22301 1 111.493 0.113 -4.999 -0.37775 0.62802 -0.6803 -0.00937 2 119.181 -4.411 2.773 0.45834 -0.62074 0.00471 0.63607 3 
110.797 -35.146 -6.08 0.37945 0.49781 0.74744 -0.22258 1 111.221 0.286 -5.007 -0.37294 0.62943 -0.68162 -0.01126 2 118.771 -4.242 2.756 0.45769 -0.62271 0.0055 0.6346 3 
110.648 -34.854 -6.086 0.37649 0.50116 0.74589 -0.22526 1 110.793 0.45 -5.131 -0.36893 0.62922 -0.68394 -0.01388 2 118.229 -3.909 2.753 0.45979 -0.62234 0.01146 0.63337 3 
110.493 -34.833 -6.03 0.37694 0.50353 0.74328 -0.22782 1 110.419 0.466 -5.148 -0.36939 0.6299 -0.68302 -0.01611 2 117.835 -3.802 2.703 0.46091 -0.62083 0.01498 0.63397 3 
110.392 -35.066 -6.089 0.38116 0.49808 0.7435 -0.23204 1 110.31 0.357 -5.035 -0.37381 0.63212 -0.67838 -0.02228 2 118.002 -4.081 2.755 0.46397 -0.61607 0.00648 0.63651 3 
110.103 -35.025 -6.215 0.38247 0.49107 0.74662 -0.23477 1 110.098 0.4 -4.885 -0.37529 0.63519 -0.67449 -0.0276 2 117.935 -4.264 2.824 0.46739 -0.61399 -0.00192 0.63605 3 
108.926 -34.236 -5.764 0.39282 0.49346 0.74392 -0.22083 1 109.765 1.067 -4.903 -0.36532 0.63134 -0.68296 -0.03897 2 117.271 -3.443 2.921 0.45194 -0.62115 0.00318 0.64025 3 
106.221 -31.933 -5.171 0.41924 0.48546 0.74272 -0.19218 1 109.717 3.049 -4.703 -0.34338 0.63676 -0.68583 -0.07915 2 116.902 -1.793 3.115 0.41646 -0.63374 -0.01558 0.65169 3 
102.923 -27.706 -4.601 0.45301 0.46441 0.74451 -0.15751 1 109.903 6.7 -4.311 -0.31824 0.64934 -0.67812 -0.13129 2 116.798 0.984 3.453 0.37474 -0.64572 -0.05155 0.66329 3 
99.683 -21.966 -4.191 0.48365 0.44314 0.74529 -0.11939 1 110.347 11.429 -4.141 -0.28839 0.66279 -0.66702 -0.18064 2 116.674 4.749 3.588 0.3284 -0.65995 -0.08816 0.66996 3 
97.098 -15.747 -4.342 0.50121 0.42317 0.75 -0.08498 1 111.333 16.365 -4.256 -0.25273 0.67847 -0.65163 -0.22625 2 116.63 8.582 3.288 0.28559 -0.67797 -0.12476 0.66576 3 
95.498 -10.41 -4.904 0.50552 0.41512 0.75452 -0.05307 1 112.416 20.571 -4.823 -0.2143 0.69024 -0.64318 -0.25291 2 116.504 12.133 2.632 0.25304 -0.69776 -0.14566 0.65412 3 
95.095 -6.778 -5.772 0.49004 0.42876 0.75841 -0.0292 1 112.824 23.882 -5.93 -0.17597 0.68652 -0.65687 -0.2574 2 115.706 15.778 1.627 0.24227 -0.7174 -0.12996 0.64012 3 
94.986 -4.547 -6.903 0.45223 0.45805 0.76525 -0.00816 1 112.6 25.924 -7.244 -0.13068 0.68255 -0.67746 -0.24103 2 113.762 18.995 0.466 0.24386 -0.74337 -0.08818 0.61657 3 
94.488 -3.568 -8.185 0.41351 0.47623 0.77579 0.0191 1 112.042 26.509 -8.623 -0.09258 0.67134 -0.70374 -0.21326 2 111.567 20.519 -0.66 0.24326 -0.76872 -0.05035 0.58937 3 
94.46 -3.213 -7.932 0.41577 0.48012 0.77197 0.02618 1 111.811 27.145 -8.507 -0.09196 0.66997 -0.70732 -0.20584 2 111.325 21.281 -0.45 0.24511 -0.76864 -0.04238 0.58934 3 
94.446 -2.978 -7.866 0.41935 0.48055 0.76956 0.03154 1 111.805 27.429 -8.707 -0.09078 0.66249 -0.71494 -0.20426 2 111.391 21.781 -0.612 0.24206 -0.76776 -0.03582 0.59217 3 
94.249 -2.982 -7.722 0.41929 0.48001 0.7697 0.03664 1 111.775 27.313 -8.527 -0.0882 0.66641 -0.71077 -0.20719 2 111.213 21.679 -0.416 0.23964 -0.77026 -0.03615 0.58989 3 
94.324 -4.232 -7.078 0.42223 0.46752 0.77547 0.04233 1 111.722 25.737 -7.779 -0.09541 0.67657 -0.70001 -0.20768 2 111.051 19.827 0.335 0.23812 -0.7739 -0.04821 0.58486 3 
95.311 -7.241 -6.276 0.41671 0.47634 0.77421 0.00709 1 111.128 23.182 -7.105 -0.12684 0.6668 -0.70924 -0.19044 2 111.124 17.563 1.195 0.25324 -0.76442 -0.03448 0.59189 3 
96.789 -10.839 -5.589 0.41131 0.48864 0.76842 -0.0398 1 109.624 20.606 -6.482 -0.17101 0.65409 -0.7181 -0.16511 2 110.804 15.406 1.856 0.28929 -0.74235 -0.01575 0.60414 3 
98.814 -14.584 -5.315 0.39773 0.49308 0.76705 -0.10154 1 107.378 18.087 -5.959 -0.22883 0.64685 -0.71514 -0.1334 2 110.175 12.963 2.411 0.34598 -0.71003 -0.00527 0.61329 3 
101.268 -17.959 -5.328 0.38066 0.49402 0.76333 -0.16843 1 105.249 15.713 -5.403 -0.28874 0.63941 -0.7055 -0.10025 2 109.821 10.514 2.868 0.40541 -0.6721 0.0013 0.61961 3 
103.801 -20.765 -5.359 0.36648 0.49572 0.75446 -0.22528 1 103.768 13.359 -4.997 -0.3409 0.62824 -0.69583 -0.07013 2 109.927 8.478 3.139 0.4542 -0.63531 0.01056 0.62448 3 
105.863 -22.885 -5.155 0.35747 0.49955 0.74106 -0.27109 1 102.507 11.407 -4.625 -0.38385 0.61055 -0.69113 -0.04715 2 109.92 7.029 3.451 0.49013 -0.60335 0.0242 0.62862 3 
106.434 -24.598 -4.322 0.36395 0.49914 0.7256 -0.30315 1 100.774 9.821 -3.931 -0.42242 0.5883 -0.68817 -0.0435 2 109.371 6.034 4.195 0.51163 -0.5737 0.03333 0.63875 3 
104.454 -26.51 -2.698 0.40063 0.48704 0.70219 -0.33049 1 98.14 8.354 -2.691 -0.4639 0.56296 -0.67963 -0.07735 2 108.398 4.991 5.428 0.50712 -0.54097 0.0246 0.67051 3 
100.493 -28.372 -0.339 0.45845 0.46622 0.66262 -0.36524 1 94.177 7.114 -1.081 -0.51036 0.53442 -0.65773 -0.14602 2 106.948 4.008 6.63 0.48181 -0.48909 -0.00258 0.72708 3 
94.634 -29.972 2.164 0.51219 0.43374 0.62838 -0.39329 1 88.948 5.962 0.779 -0.54335 0.51355 -0.62784 -0.21647 2 103.856 2.462 7.965 0.45164 -0.44701 -0.04171 0.77101 3 
87.109 -31.231 4.196 0.53337 0.39529 0.61926 -0.41925 1 82.045 4.886 2.885 -0.56159 0.50748 -0.59717 -0.26547 2 98.11 0.514 9.87 0.4394 -0.41932 -0.08114 0.79026 3 
78.79 -32.523 5.594 0.52383 0.36949 0.6338 -0.43288 1 74.327 3.646 4.543 -0.56584 0.51357 -0.58035 -0.28154 2 90.606 -1.486 11.898 0.44107 -0.4135 -0.10431 0.78968 3 
70.463 -33.824 6.204 0.49126 0.36941 0.6599 -0.43213 1 66.086 2.302 4.987 -0.54871 0.52618 -0.59249 -0.26646 2 81.759 -2.983 13.372 0.44866 -0.42944 -0.09722 0.77771 3 
62.816 -34.586 5.675 0.44439 0.3811 0.70007 -0.40887 1 58.489 1.328 3.941 -0.50507 0.54176 -0.6302 -0.23292 2 72.537 -3.683 13.746 0.4579 -0.46901 -0.06649 0.75228 3 
56.184 -35.221 3.782 0.38388 0.39478 0.75379 -0.35859 1 52.547 0.471 2.06 -0.44725 0.57775 -0.66244 -0.16536 2 64.007 -4.742 13.172 0.47124 -0.5275 -0.03758 0.70588 3 
51.835 -35.276 2.314 0.34433 0.41151 0.77039 -0.34437 1 49.207 0.022 1.071 -0.40451 0.58176 -0.69484 -0.12295 2 58.708 -5.221 13.24 0.47315 -0.56965 -0.01696 0.67182 3 
50.58 -35.039 2.722 0.31955 0.42828 0.77379 -0.34016 1 47.725 0.193 1.174 -0.3879 0.57961 -0.70877 -0.10601 2 56.589 -4.865 13.921 0.47411 -0.582 -0.00303 0.66067 3 
49.806 -34.936 2.861 0.30952 0.42621 0.77861 -0.34103 1 47.078 0.282 1.274 -0.38098 0.57831 -0.71456 -0.09911 2 55.583 -4.682 14.296 0.47289 -0.5884 0.00373 0.65586 3 
49.817 -34.772 2.893 0.31077 0.43076 0.77586 -0.34046 1 47.059 0.378 1.145 -0.38199 0.57585 -0.71618 -0.09781 2 55.606 -4.429 14.183 0.47073 -0.58769 0.00674 0.65802 3 
50.162 -34.845 2.895 0.31064 0.44466 0.77318 -0.32859 1 47.413 0.334 1.098 -0.37841 0.58204 -0.71329 -0.09619 2 56.076 -4.544 14.058 0.47077 -0.58516 0.00341 0.66026 3 
51.711 -35.062 2.934 0.33976 0.45573 0.76158 -0.31124 1 49.041 0.335 1.504 -0.39803 0.60579 -0.68087 -0.1049 2 58.024 -4.933 13.677 0.47148 -0.57352 -0.01047 0.66982 3 
56.709 -34.793 2.937 0.38103 0.44963 0.73831 -0.32793 1 53.319 0.288 1.669 -0.43657 0.60695 -0.65057 -0.13332 2 63.971 -5.098 12.354 0.46862 -0.53451 -0.03989 0.70221 3 
62.905 -34.283 2.525 0.40555 0.43868 0.72971 -0.33258 1 59.313 0.611 1.971 -0.46193 0.59709 -0.64074 -0.13985 2 70.649 -5.065 11.961 0.47562 -0.52529 -0.05592 0.70337 3 
69.254 -33.653 1.984 0.39312 0.43883 0.74302 -0.3175 1 65.463 1.073 2.157 -0.45336 0.60228 -0.64751 -0.1116 2 75.854 -4.9 12.077 0.49238 -0.54863 -0.04818 0.67398 3 
74.633 -32.902 0.655 0.37833 0.44696 0.75228 -0.30194 1 70.651 1.502 1.221 -0.44349 0.61038 -0.65053 -0.087 2 79.981 -4.49 10.89 0.50083 -0.5721 -0.03334 0.64866 3 
79.378 -31.873 -1.625 0.36247 0.4597 0.75579 -0.2934 1 75.741 1.926 -0.742 -0.42056 0.62085 -0.65749 -0.07328 2 84.134 -4.089 8.404 0.49992 -0.5921 -0.02751 0.63146 3 
83.28 -31.005 -4.048 0.35132 0.46925 0.76007 -0.28048 1 80.296 2.361 -2.931 -0.39398 0.63155 -0.66462 -0.0648 2 87.686 -3.617 5.717 0.49442 -0.61234 -0.02149 0.61655 3 
85.546 -30.462 -6.245 0.34043 0.48822 0.7584 -0.26568 1 83.738 2.588 -5.245 -0.36151 0.64212 -0.67412 -0.05053 2 89.864 -3.233 3.074 0.47777 -0.63875 -0.0111 0.603 3 
86.938 -29.702 -8.34 0.28815 0.50997 0.77684 -0.23111 1 85.481 2.929 -7.29 -0.29967 0.66651 -0.68253 -0.01081 2 88.985 -2.888 0.481 0.46953 -0.68044 0.0175 0.56235 3 
88.384 -29.279 -7.913 0.31696 0.50441 0.77243 -0.22012 1 86.899 3.98 -7.332 -0.30084 0.66802 -0.68047 -0.01401 2 90.934 -1.663 0.079 0.45945 -0.66643 0.02337 0.5867 3 
92.73 -29.27 -6.018 0.31119 0.5071 0.72448 -0.34805 1 88.601 5.465 -6.776 -0.30407 0.68463 -0.66243 -0.00432 2 92.635 -0.818 -0.548 0.45484 -0.65481 0.0254 0.60307 3 
101.657 -29.123 -3.029 0.4171 0.44201 0.57256 -0.5503 1 91.412 7.402 -6.378 -0.23335 0.73114 -0.64108 -0.00012 2 93.56 -1.097 -0.661 0.45699 -0.64994 0.01758 0.60699 3 
107.649 -24.903 -0.637 0.65734 0.3911 0.45551 -0.45548 1 93.374 8.531 -6.041 -0.20278 0.75396 -0.62475 0.01055 2 94.026 -1.072 -0.777 0.45671 -0.6463 0.01602 0.61111 3 
107.2 -17.012 -0.782 0.79306 0.31906 0.50668 -0.11198 1 95.502 10.526 -5.976 -0.21191 0.70377 -0.67779 0.0199 2 94.011 -0.848 -0.811 0.45529 -0.6465 0.01857 0.61188 3 
104.673 -7.714 -2.344 0.74119 0.36564 0.5517 0.11215 1 99.295 15.54 -6.214 -0.15517 0.70143 -0.69445 -0.04077 2 93.773 -0.699 -0.786 0.45413 -0.64828 0.02122 0.61078 3 
101.639 0.486 -3.644 0.63818 0.47567 0.59331 0.12018 1 103.838 23.515 -7.148 0.02417 0.73723 -0.6673 -0.10304 2 93.653 -0.703 -0.755 0.45377 -0.64904 0.02202 0.6102 3 
97.404 9.01 -4.508 0.57319 0.61854 0.51955 0.13759 1 107.56 32.363 -8.412 0.22718 0.7367 -0.63033 -0.09137 2 93.68 -0.782 -0.756 0.45494 -0.64854 0.02083 0.60991 3 
92.208 17.457 -6.371 0.52735 0.70826 0.41626 0.2168 1 108.404 39.128 -9.307 0.31689 0.75822 -0.56891 -0.03193 2 93.762 -0.7 -0.779 0.45497 -0.64828 0.02111 0.61016 3 
87.169 24.434 -8.912 0.47961 0.75512 0.29223 0.33818 1 107.091 43.733 -9.912 0.37585 0.78345 -0.49324 0.04074 2 93.756 -0.642 -0.784 0.45482 -0.64803 0.02196 0.6105 3 
84.541 29.611 -10.969 0.45985 0.77247 0.19058 0.39434 1 105.181 45.949 -10.249 0.39506 0.81613 -0.41811 0.05514 2 93.713 -0.685 -0.767 0.45541 -0.64776 0.02187 0.61035 3 
83.705 33.852 -12.548 0.48921 0.7787 0.11004 0.37709 1 103.252 47.155 -10.274 0.41052 0.85235 -0.31626 0.07038 2 93.714 -0.687 -0.769 0.45534 -0.64772 0.02186 0.61044 3 
83.638 36.071 -13.441 0.5045 0.7761 0.08553 0.36854 1 101.926 49.28 -10.765 0.40884 0.85936 -0.29406 0.08873 2 93.743 -0.667 -0.771 0.45506 -0.64794 0.02167 0.61043 3 
83.743 37.185 -14.26 0.51329 0.76854 0.06639 0.37613 1 100.874 50.779 -11.291 0.40363 0.86667 -0.27164 0.11033 2 93.762 -0.647 -0.788 0.45492 -0.64812 0.02142 0.61035 3 
83.549 37.632 -14.599 0.51332 0.76219 0.09387 0.38309 1 99.564 52.325 -11.524 0.39368 0.87165 -0.2597 0.13342 2 93.748 -0.67 -0.772 0.4548 -0.64845 0.02132 0.6101 3 
