113.228 -22.961 -8.127 0.24368 0.55599 0.7842 -0.12853 1 112.483 7.367 -5.162 -0.2837 0.58131 -0.76262 -0.00143 2 122.264 -0.632 0.18 0.20891 -0.72729 -0.05597 0.65136 3 
113.043 -23.632 -8.031 0.2447 0.55543 0.78367 -0.13223 1 112.059 6.775 -5.004 -0.28643 0.58141 -0.76152 -0.0012 2 121.976 -1.158 0.309 0.21274 -0.72476 -0.05456 0.65306 3 
112.773 -24.255 -8.162 0.24777 0.5511 0.78524 -0.1353 1 111.839 6.249 -5.003 -0.29005 0.58632 -0.75637 -0.0029 2 121.875 -1.85 0.197 0.21435 -0.72163 -0.06022 0.6555 3 
112.463 -24.651 -8.243 0.24837 0.54702 0.78802 -0.13458 1 111.672 5.845 -4.936 -0.28801 0.58911 -0.75496 -0.00547 2 121.657 -2.418 0.27 0.21453 -0.72204 -0.06536 0.65449 3 
112.09 -24.924 -8.268 0.25279 0.54343 0.78943 -0.13257 1 111.628 5.618 -4.886 -0.28825 0.59235 -0.75229 -0.00977 2 121.601 -2.865 0.234 0.21179 -0.72091 -0.07119 0.65602 3 
111.881 -25.03 -8.283 0.25051 0.54309 0.79077 -0.1303 1 111.473 5.418 -4.91 -0.28506 0.5919 -0.75386 -0.00973 2 121.335 -3.039 0.267 0.21137 -0.72329 -0.07157 0.65349 3 
111.653 -24.987 -8.258 0.24931 0.54389 0.79095 -0.12818 1 111.378 5.429 -4.948 -0.2825 0.58942 -0.75674 -0.01074 2 121.133 -3.061 0.259 0.20836 -0.72557 -0.07078 0.65201 3 
111.342 -25.213 -8.307 0.24142 0.53993 0.79504 -0.13453 1 110.634 5.017 -4.872 -0.28507 0.58501 -0.75926 -0.00497 2 120.406 -3.377 0.45 0.21544 -0.72767 -0.07059 0.64738 3 
111.001 -26.28 -8.46 0.22537 0.53143 0.80147 -0.15633 1 108.5 3.631 -4.602 -0.30335 0.58175 -0.75458 0.01249 2 118.815 -4.463 0.742 0.24558 -0.72121 -0.06971 0.64396 3 
110.227 -28.848 -8.438 0.21099 0.52548 0.80121 -0.19343 1 105.364 0.971 -4.405 -0.33412 0.57439 -0.74637 0.037 2 116.62 -6.676 0.927 0.27893 -0.70554 -0.05962 0.64874 3 
109.108 -32.964 -8.097 0.20185 0.52244 0.79336 -0.2385 1 101.766 -3.057 -4.048 -0.37008 0.5593 -0.73928 0.06074 2 114.127 -9.941 1.313 0.31001 -0.68435 -0.04085 0.65871 3 
107.807 -37.979 -7.875 0.1882 0.52043 0.78377 -0.28184 1 97.884 -8.052 -3.842 -0.40288 0.54603 -0.72915 0.08874 2 111.194 -14.144 1.577 0.34334 -0.66323 -0.01949 0.66473 3 
106.432 -43.055 -8.239 0.16565 0.51702 0.77859 -0.31471 1 94.06 -13.347 -4.012 -0.42059 0.54079 -0.71789 0.12362 2 107.884 -18.801 1.457 0.37846 -0.64842 -0.00059 0.66054 3 
104.947 -48.072 -9.402 0.13037 0.50989 0.78032 -0.33781 1 90.271 -18.898 -4.75 -0.42003 0.54014 -0.7101 0.16609 2 104.065 -23.987 0.86 0.41604 -0.64417 0.01377 0.64169 3 
103.352 -52.727 -11.333 0.10436 0.49729 0.78747 -0.34886 1 87.229 -23.957 -5.921 -0.4097 0.54194 -0.70552 0.20171 2 100.76 -29.112 -0.24 0.44714 -0.64661 0.01561 0.61783 3 
102.179 -56.418 -13.113 0.09079 0.4778 0.80031 -0.35067 1 85.124 -27.897 -6.753 -0.40294 0.54802 -0.69634 0.22894 2 98.62 -33.394 -1.22 0.47545 -0.64452 0.00477 0.59877 3 
101.653 -58.677 -14.477 0.07308 0.46449 0.80542 -0.36084 1 83.583 -30.651 -7.457 -0.3982 0.54969 -0.69084 0.24904 2 97.002 -36.048 -1.95 0.49707 -0.64149 0.00712 0.58427 3 
101.423 -59.915 -15.396 0.05914 0.46137 0.81005 -0.35702 1 82.865 -31.975 -8.409 -0.38121 0.54545 -0.69683 0.26755 2 95.776 -37.226 -2.737 0.50108 -0.6516 0.01782 0.56923 3 
101.016 -60.585 -15.633 0.05163 0.44903 0.81697 -0.35815 1 82.405 -32.758 -8.317 -0.37942 0.54992 -0.69201 0.27342 2 95.235 -38.266 -2.613 0.50666 -0.65425 0.01043 0.56137 3 
100.807 -60.771 -15.731 0.04617 0.44611 0.82036 -0.35478 1 82.222 -32.979 -8.39 -0.37199 0.54991 -0.69586 0.27387 2 94.874 -38.629 -2.566 0.5067 -0.65858 0.00877 0.55628 3 
100.557 -60.82 -15.699 0.04224 0.44369 0.8224 -0.35356 1 82.028 -32.937 -8.41 -0.36846 0.5532 -0.6946 0.2752 2 94.569 -38.683 -2.553 0.50427 -0.66187 0.00924 0.55458 3 
100.375 -60.324 -15.427 0.03924 0.45177 0.81822 -0.35338 1 81.646 -32.463 -8.415 -0.36576 0.55365 -0.69517 0.27645 2 94.053 -38.026 -2.47 0.50214 -0.6638 0.01818 0.55399 3 
100.545 -59.216 -14.668 0.04638 0.47083 0.80624 -0.35516 1 81.818 -31.321 -8.173 -0.37314 0.5641 -0.68755 0.26426 2 94.159 -36.525 -2.296 0.49522 -0.66149 0.03076 0.56236 3 
101.292 -57.19 -13.667 0.06089 0.4804 0.80243 -0.34874 1 83.235 -29.054 -7.508 -0.381 0.56029 -0.69187 0.24947 2 95.815 -34.321 -1.674 0.48391 -0.66005 0.02439 0.57408 3 
102.427 -53.502 -12.629 0.08044 0.48632 0.80291 -0.33518 1 85.275 -25.136 -6.607 -0.38708 0.56221 -0.69504 0.22587 2 98.115 -30.725 -0.908 0.47062 -0.65992 0.00958 0.58559 3 
103.445 -48.936 -11.593 0.10919 0.4982 0.8011 -0.31322 1 88.137 -20.024 -6.114 -0.38191 0.56369 -0.70696 0.19133 2 100.917 -25.911 -0.398 0.43685 -0.66831 0.00016 0.6021 3 
104.02 -44.283 -10.572 0.14012 0.51079 0.80148 -0.27764 1 91.374 -14.779 -5.779 -0.36561 0.56199 -0.72629 0.15165 2 103.665 -21.071 -0.003 0.39066 -0.68597 -0.01155 0.61375 3 
103.771 -39.546 -9.864 0.16544 0.51572 0.80732 -0.23431 1 94.214 -9.737 -5.592 -0.33839 0.56081 -0.74793 0.10761 2 105.652 -16.616 0.276 0.3424 -0.70687 -0.0285 0.61829 3 
102.278 -35.5 -9.28 0.18784 0.5157 0.81412 -0.18966 1 95.951 -5.591 -5.432 -0.30971 0.5629 -0.76369 0.06323 2 106.333 -13.2 0.596 0.29525 -0.72725 -0.04842 0.61773 3 
99.537 -32.589 -8.438 0.21643 0.513 0.81541 -0.15842 1 96.373 -2.58 -4.993 -0.29687 0.56275 -0.77131 0.01638 2 106.011 -10.855 1.163 0.24993 -0.73744 -0.0691 0.62366 3 
95.742 -30.883 -7.126 0.25926 0.50847 0.80658 -0.15385 1 94.939 -0.563 -4.154 -0.31551 0.5569 -0.76777 -0.02912 2 104.938 -9.284 1.905 0.2142 -0.72278 -0.08523 0.65149 3 
91.123 -30.175 -4.868 0.32494 0.50659 0.77573 -0.1898 1 91.169 0.836 -2.784 -0.36357 0.53977 -0.75531 -0.07726 2 102.677 -7.763 3.026 0.19298 -0.68142 -0.08466 0.70089 3 
86.322 -30.05 -2.136 0.38852 0.4969 0.73323 -0.254 1 86.09 1.639 -0.997 -0.42466 0.51354 -0.73344 -0.13417 2 99.659 -6.595 4.271 0.17909 -0.61678 -0.07843 0.76247 3 
81.177 -30.375 0.359 0.44321 0.47069 0.69534 -0.31388 1 80.568 1.942 0.922 -0.48305 0.48562 -0.70417 -0.18704 2 95.818 -6.298 5.35 0.16879 -0.54865 -0.08183 0.81474 3 
75.185 -30.349 2.432 0.47442 0.44652 0.66775 -0.36007 1 74.034 2.329 2.494 -0.51902 0.46065 -0.68267 -0.22889 2 90.203 -5.774 6.265 0.16125 -0.49686 -0.08057 0.8489 3 
68.445 -30.148 3.39 0.46139 0.42063 0.6815 -0.38178 1 67.377 2.595 3.352 -0.5156 0.45941 -0.68081 -0.24412 2 83.561 -5.619 7.268 0.1587 -0.48771 -0.08371 0.85437 3 
62.283 -29.667 2.547 0.37888 0.41514 0.72835 -0.39195 1 60.62 2.686 3.428 -0.48158 0.47726 -0.70169 -0.21894 2 76.23 -5.548 8.396 0.18403 -0.52444 -0.08777 0.82668 3 
56.14 -29.282 -0.453 0.27404 0.45773 0.77517 -0.33837 1 53.178 2.427 1.642 -0.41136 0.54839 -0.7134 -0.14527 2 67.274 -5.949 7.907 0.22945 -0.59097 -0.08962 0.76816 3 
54.17 -29.349 -0.31 0.24304 0.45633 0.786 -0.33897 1 51.015 1.788 2.38 -0.39659 0.54366 -0.72925 -0.12388 2 64.627 -6.753 10.014 0.2402 -0.61498 -0.09161 0.74546 3 
52.211 -29.84 0.083 0.26069 0.44759 0.80131 -0.29936 1 49.471 1.551 2.538 -0.37794 0.54696 -0.73903 -0.10878 2 62.631 -7.136 10.791 0.24228 -0.63144 -0.09051 0.73102 3 
51.767 -29.635 0.241 0.2561 0.4492 0.80172 -0.29979 1 49.039 1.748 2.402 -0.37108 0.54327 -0.7455 -0.10671 2 62.076 -6.749 10.904 0.23782 -0.63621 -0.0827 0.72928 3 
51.677 -29.42 0.291 0.25386 0.45081 0.80023 -0.30324 1 48.892 1.86 2.289 -0.36902 0.53688 -0.75098 -0.1078 2 61.93 -6.447 10.893 0.23561 -0.63734 -0.07805 0.72952 3 
51.698 -29.424 0.257 0.25822 0.45156 0.79947 -0.30044 1 48.951 1.819 2.261 -0.36973 0.53576 -0.75135 -0.10831 2 62.014 -6.48 10.846 0.23574 -0.63668 -0.07865 0.72999 3 
51.928 -29.472 0.164 0.2601 0.4524 0.79799 -0.3015 1 49.166 1.762 2.213 -0.37172 0.53652 -0.74961 -0.1098 2 62.309 -6.567 10.694 0.2366 -0.63427 -0.08048 0.73161 3 
52.331 -29.58 0.007 0.26772 0.45545 0.79442 -0.29965 1 49.595 1.686 2.106 -0.37579 0.53893 -0.74532 -0.11329 2 62.872 -6.678 10.384 0.23707 -0.6294 -0.08304 0.73536 3 
53.213 -29.6 -0.188 0.28086 0.46405 0.7871 -0.29369 1 50.373 1.747 1.914 -0.38366 0.54297 -0.73764 -0.11774 2 63.904 -6.603 9.834 0.23665 -0.62036 -0.08428 0.743 3 
55.463 -29.184 -0.18 0.29811 0.48567 0.76946 -0.28843 1 51.886 2.12 1.661 -0.40506 0.54192 -0.72512 -0.12824 2 65.901 -5.983 8.889 0.23455 -0.60139 -0.08074 0.75947 3 
60.54 -27.802 -0.153 0.33691 0.49489 0.74278 -0.29976 1 55.793 3.197 1.177 -0.44401 0.53521 -0.70155 -0.15566 2 70.664 -4.361 6.955 0.22495 -0.55872 -0.07238 0.79498 3 
67.36 -26.197 -0.667 0.35774 0.4822 0.74038 -0.30221 1 61.973 4.25 0.655 -0.46042 0.51601 -0.70621 -0.1517 2 77.103 -2.778 6.127 0.22826 -0.56047 -0.062 0.79368 3 
73.287 -25.405 -1.553 0.32336 0.46161 0.77771 -0.27841 1 68.574 4.653 0.473 -0.42299 0.53721 -0.7198 -0.11989 2 82.513 -2.99 6.489 0.24004 -0.61026 -0.07448 0.75127 3 
77.372 -25.027 -3.037 0.28127 0.45322 0.81299 -0.2335 1 73.343 4.596 -0.216 -0.37803 0.56605 -0.72726 -0.08818 2 85.636 -3.927 6.162 0.25017 -0.65997 -0.09467 0.70207 3 
80.895 -24.658 -4.475 0.24613 0.45623 0.82988 -0.20632 1 76.965 4.53 -1.399 -0.3442 0.57892 -0.73617 -0.06653 2 87.905 -4.211 5.121 0.25438 -0.69351 -0.09566 0.66722 3 
84.493 -24.607 -5.694 0.22435 0.47386 0.83092 -0.18628 1 81.104 4.34 -2.939 -0.30768 0.58107 -0.75158 -0.05308 2 90.874 -4.205 3.676 0.24052 -0.72028 -0.08426 0.64517 3 
86.558 -24.681 -6.734 0.2126 0.49381 0.82846 -0.15689 1 84.429 4.146 -4.502 -0.26688 0.57554 -0.77167 -0.04532 2 92.752 -4.272 2.329 0.2136 -0.75033 -0.07317 0.62131 3 
87.474 -24.243 -8.092 0.19182 0.50991 0.8285 -0.12953 1 85.805 4.271 -6.053 -0.2218 0.57969 -0.7835 -0.02987 2 92.72 -3.964 0.845 0.20372 -0.77628 -0.06344 0.59318 3 
88.309 -24.147 -8.686 0.19624 0.50936 0.82779 -0.12963 1 86.576 4.489 -6.587 -0.22431 0.58458 -0.77932 -0.02464 2 93.618 -3.792 0.146 0.20406 -0.77374 -0.06331 0.59639 3 
88.749 -24.417 -9.066 0.18901 0.49932 0.83479 -0.13445 1 86.857 4.618 -6.656 -0.22877 0.6037 -0.7636 -0.01101 2 94.024 -4.111 -0.072 0.20603 -0.77107 -0.06809 0.59864 3 
89.954 -25.041 -9.255 0.18876 0.52175 0.82533 -0.1048 1 88.397 5.198 -6.395 -0.21048 0.62009 -0.75571 -0.00942 2 95.099 -4.306 -0.362 0.20857 -0.76376 -0.07272 0.60653 3 
93.242 -25.501 -9.531 0.15113 0.51664 0.83995 -0.06875 1 93.011 6.302 -5.633 -0.20389 0.62797 -0.74757 -0.0723 2 96.625 -4.804 -0.775 0.21333 -0.75254 -0.08156 0.61767 3 
97.004 -25.892 -9.493 0.1745 0.5064 0.84187 -0.06609 1 100.099 5.563 -4.297 -0.26147 0.66841 -0.66945 -0.19154 2 98.736 -5.507 -1.397 0.21883 -0.73684 -0.09361 0.63279 3 
98.155 -25.873 -9.835 0.17444 0.52298 0.83197 -0.06229 1 105.011 2.592 -3.285 -0.31043 0.74997 -0.52761 -0.25061 2 100.732 -5.912 -1.979 0.21437 -0.72465 -0.10225 0.64689 3 
98.456 -26.314 -9.997 0.19243 0.54516 0.81534 -0.03167 1 105.953 -0.015 -3.184 -0.21835 0.85549 -0.36316 -0.29761 2 101.382 -5.288 -2.208 0.213 -0.72054 -0.09651 0.65279 3 
100.768 -27.605 -10.649 0.17664 0.59056 0.78643 0.03943 1 105.906 -0.109 -3.082 -0.19829 0.86435 -0.34443 -0.30813 2 101.245 -5.384 -2.173 0.21431 -0.7223 -0.09674 0.65039 3 
104.924 -28.283 -12.29 0.11638 0.61502 0.7356 0.25904 1 105.428 -0.213 -2.566 -0.1812 0.87695 -0.32626 -0.3028 2 100.365 -5.586 -1.893 0.21573 -0.72819 -0.09677 0.6433 3 
105.749 -26.335 -12.324 0.18794 0.59255 0.56132 0.54634 1 104.691 0.244 -2.356 -0.18606 0.87553 -0.32662 -0.30355 2 99.659 -5.478 -1.707 0.21538 -0.73291 -0.09405 0.63845 3 
104.066 -18.83 -11.569 0.31726 0.52218 0.53013 0.58791 1 104.462 0.931 -2.541 -0.20464 0.86433 -0.33541 -0.31394 2 99.739 -5.329 -1.742 0.21499 -0.73285 -0.0927 0.63884 3 
102.123 -11.276 -10.807 0.4097 0.4503 0.50171 0.61455 1 105.055 1.85 -2.697 -0.21404 0.8637 -0.32228 -0.32303 2 100.491 -5.418 -1.943 0.21471 -0.72733 -0.09547 0.6448 3 
100.177 -7.043 -10.148 0.47429 0.47059 0.39401 0.63115 1 106.232 4.233 -2.597 -0.24414 0.84737 -0.37732 -0.28283 2 101.55 -5.755 -2.265 0.21693 -0.71866 -0.10192 0.65275 3 
99.81 -5.025 -9.55 0.50838 0.5102 0.35735 0.5946 1 109.039 8.782 -2.817 -0.16996 0.82993 -0.40789 -0.34053 2 102.026 -5.646 -2.428 0.22715 -0.71114 -0.10105 0.65763 3 
100.512 -2.998 -9.587 0.56517 0.49287 0.30097 0.58913 1 112.317 15.224 -3.558 0.03225 0.83187 -0.40426 -0.37885 2 100.553 -4.043 -2.067 0.23025 -0.71956 -0.07898 0.65036 3 
99.402 0.584 -10.152 0.53683 0.48609 0.33913 0.60043 1 115.934 21.405 -4.847 0.26678 0.84752 -0.34117 -0.30681 2 98.852 -2.659 -1.576 0.21847 -0.73448 -0.05885 0.6398 3 
98.404 5.497 -10.837 0.50376 0.46214 0.41537 0.60011 1 119.096 26.559 -6.363 0.44065 0.86196 -0.21755 -0.12464 2 97.57 -2.188 -1.272 0.22127 -0.74277 -0.05063 0.62989 3 
96.241 9.063 -11.079 0.47406 0.46704 0.47652 0.57451 1 122.101 31.828 -8.516 0.50893 0.8334 -0.2153 0.00872 2 96.053 -1.494 -0.852 0.21684 -0.75351 -0.03921 0.61941 3 
93.361 10.986 -10.405 0.51762 0.52996 0.46296 0.48671 1 121.946 35.212 -9.875 0.51202 0.80422 -0.30167 -0.00787 2 95.148 -1.67 -0.601 0.2171 -0.75909 -0.04233 0.61226 3 
89.759 13.566 -9.621 0.53202 0.59493 0.4896 0.35114 1 117.001 35.945 -10.423 0.48519 0.82922 -0.27631 -0.02524 2 94.677 -2.104 -0.445 0.21929 -0.75838 -0.05015 0.61177 3 
86.097 17.28 -9.855 0.51964 0.66407 0.43625 0.31411 1 111.036 36.52 -10.657 0.48018 0.85366 -0.20019 -0.02473 2 93.936 -2.284 -0.246 0.22009 -0.76255 -0.04805 0.60645 3 
84.673 20.178 -10.829 0.51933 0.68372 0.37422 0.3504 1 106.449 37.599 -11.094 0.46402 0.86709 -0.17407 -0.05038 2 92.979 -2.365 -0.002 0.22003 -0.7605 -0.0467 0.60914 3 
83.973 22.918 -11.541 0.53333 0.68835 0.31781 0.37514 1 103.512 39.351 -11.402 0.46146 0.87061 -0.16537 -0.04175 2 92.624 -2.489 0.104 0.22008 -0.76166 -0.04802 0.60756 3 
82.279 27.144 -12.03 0.55865 0.69364 0.25439 0.3769 1 101.765 41.447 -11.639 0.46431 0.87177 -0.15617 -0.00736 2 93.633 -2.792 -0.177 0.22158 -0.75525 -0.05371 0.6145 3 
81.208 31.955 -12.923 0.5824 0.68931 0.1794 0.39176 1 100.689 43.204 -12.078 0.46247 0.8727 -0.15568 0.01658 2 95.514 -3.581 -0.669 0.22974 -0.73791 -0.06417 0.63134 3 
80.879 34.877 -13.498 0.59789 0.68056 0.12893 0.40342 1 99.505 44.789 -12.364 0.462 0.87216 -0.15704 0.03515 2 94.681 -3.897 -0.555 0.27246 -0.71148 -0.0396 0.64652 3 
81.204 36.283 -13.889 0.61587 0.66938 0.09959 0.40339 1 98.402 45.86 -12.715 0.45968 0.87248 -0.16144 0.03758 2 93.658 -4.349 -0.208 0.26135 -0.72796 -0.05603 0.63137 3 
80.991 36.508 -14.097 0.60392 0.66828 0.12041 0.41736 1 97.644 47.114 -12.77 0.45007 0.87659 -0.16681 0.03477 2 93.401 -4.319 -0.179 0.26255 -0.72466 -0.05011 0.63516 3 
80.782 37.051 -13.869 0.60311 0.66933 0.11965 0.41706 1 96.886 48.527 -13.203 0.44304 0.87887 -0.17194 0.04173 2 93.057 -4.408 -0.052 0.26142 -0.72832 -0.05228 0.63125 3 
