108.273 -29.024 -8.441 0.29145 0.52695 0.78018 -0.16943 1 107.503 2.285 -5.011 -0.30592 0.62861 -0.71469 -0.02198 2 114.921 -5.303 0.097 0.28752 -0.72711 -0.0426 0.62195 3 
107.776 -29.997 -8.48 0.29002 0.52291 0.78463 -0.16373 1 107.504 1.212 -4.911 -0.30223 0.63237 -0.71295 -0.02127 2 114.718 -6.589 0.21 0.28236 -0.73205 -0.05068 0.61791 3 
107.2 -30.42 -8.596 0.28532 0.52129 0.78762 -0.16277 1 106.931 0.699 -4.909 -0.2999 0.63482 -0.71188 -0.01726 2 114.024 -7.183 0.199 0.28332 -0.73445 -0.05296 0.61442 3 
106.919 -30.251 -8.679 0.27579 0.51946 0.79197 -0.16397 1 106.255 0.711 -4.874 -0.30103 0.63609 -0.71041 -0.00952 2 113.302 -7.186 0.25 0.28981 -0.73655 -0.05392 0.60877 3 
106.722 -29.784 -8.599 0.27115 0.52469 0.78919 -0.16842 1 105.737 1.107 -4.945 -0.30065 0.63204 -0.71421 -0.00659 2 112.771 -6.637 0.228 0.29119 -0.7372 -0.04739 0.60787 3 
106.698 -29.246 -8.492 0.26329 0.52892 0.7876 -0.17495 1 105.113 1.534 -4.974 -0.30302 0.62812 -0.71669 -0.00034 2 112.23 -6.028 0.3 0.29655 -0.7371 -0.04034 0.6059 3 
106.781 -28.56 -8.495 0.25468 0.5312 0.78754 -0.18094 1 104.55 2.059 -4.924 -0.30565 0.62621 -0.71723 0.00575 2 111.719 -5.368 0.382 0.30512 -0.73628 -0.03629 0.60289 3 
106.291 -27.687 -8.274 0.25455 0.53291 0.7864 -0.18106 1 104.218 2.842 -4.895 -0.30398 0.62339 -0.72041 0.00087 2 111.314 -4.52 0.467 0.30106 -0.73719 -0.03443 0.60393 3 
104.969 -26.374 -7.825 0.26554 0.53237 0.78461 -0.17454 1 103.824 4.138 -4.697 -0.29924 0.61977 -0.72534 -0.01488 2 110.747 -3.22 0.734 0.28582 -0.73913 -0.03651 0.60881 3 
102.419 -24.3 -7.02 0.29223 0.52879 0.78025 -0.16185 1 102.934 6.354 -4.319 -0.29457 0.61552 -0.72961 -0.04511 2 109.708 -1.177 1.244 0.25981 -0.73825 -0.04376 0.62094 3 
98.202 -20.986 -6.096 0.33322 0.51773 0.77524 -0.14116 1 101.272 9.638 -3.776 -0.2884 0.61546 -0.72757 -0.09317 2 107.924 1.607 1.806 0.22291 -0.73198 -0.06484 0.64056 3 
93.096 -16.493 -5.138 0.38547 0.49617 0.77059 -0.10689 1 98.909 13.956 -3.117 -0.27997 0.6159 -0.72245 -0.14264 2 105.372 5.359 2.454 0.18595 -0.72405 -0.0898 0.65811 3 
88.173 -11.409 -4.59 0.43885 0.48043 0.75783 -0.04786 1 95.826 19.276 -2.478 -0.27347 0.61912 -0.71572 -0.17221 2 102.133 10.09 3.047 0.17081 -0.71862 -0.11301 0.66455 3 
83.746 -6.299 -4.698 0.45567 0.48383 0.74715 0.00638 1 92.54 24.486 -2.369 -0.25716 0.61862 -0.72115 -0.17644 2 98.29 14.795 3.169 0.16542 -0.72702 -0.12776 0.65403 3 
80.204 -2.34 -5.203 0.44635 0.49515 0.74363 0.05108 1 90.05 28.282 -2.867 -0.22206 0.62088 -0.73115 -0.17497 2 94.702 18.295 2.842 0.15516 -0.74758 -0.13268 0.63202 3 
78.333 0.564 -5.879 0.43541 0.51052 0.73656 0.08524 1 88.231 31.508 -4.123 -0.19985 0.58946 -0.76455 -0.16752 2 92.098 21.72 1.96 0.15233 -0.76655 -0.1135 0.61345 3 
77.704 1.868 -6.81 0.42556 0.53291 0.72152 0.11963 1 87.541 33.429 -5.656 -0.17475 0.56349 -0.79387 -0.14733 2 90.941 23.856 0.671 0.15251 -0.78001 -0.09275 0.59977 3 
77.936 2.802 -6.513 0.4313 0.53993 0.71303 0.11855 1 87.804 34.635 -6.089 -0.16868 0.53234 -0.81404 -0.1597 2 91.321 25.551 0.527 0.14238 -0.7793 -0.07226 0.60597 3 
78.225 3.305 -6.525 0.43345 0.5426 0.70882 0.12362 1 88.418 35.148 -6.485 -0.13654 0.53981 -0.81162 -0.17672 2 91.886 26.4 0.196 0.13375 -0.77789 -0.0627 0.6108 3 
78.516 3.494 -6.42 0.43975 0.55017 0.69751 0.132 1 89.16 35.094 -6.805 -0.09576 0.56354 -0.80633 -0.15194 2 92.722 26.81 -0.075 0.12321 -0.77525 -0.05929 0.61668 3 
78.912 3.246 -6.067 0.439 0.53896 0.70578 0.13663 1 89.863 34.398 -6.283 -0.11517 0.5826 -0.79151 -0.14429 2 93.391 25.733 0.103 0.11121 -0.77472 -0.07423 0.618 3 
80.229 1.124 -5.707 0.44227 0.51743 0.72404 0.11153 1 91.69 31.366 -5.119 -0.13077 0.6101 -0.76553 -0.15698 2 95.08 21.757 0.877 0.10425 -0.77061 -0.11602 0.61792 3 
83.261 -2.115 -5.216 0.44025 0.48893 0.74891 0.07913 1 94.325 27.686 -3.734 -0.1398 0.6258 -0.74951 -0.16453 2 97.879 17.756 1.984 0.11534 -0.76556 -0.13363 0.61867 3 
87.35 -6.064 -4.534 0.45065 0.46973 0.75769 0.0466 1 97.383 24.054 -2.594 -0.17838 0.64279 -0.72804 -0.15798 2 101.736 13.938 2.917 0.13072 -0.75366 -0.13746 0.6293 3 
90.92 -9.892 -4.087 0.46783 0.45804 0.75563 0.01878 1 100.794 20.584 -2.03 -0.20735 0.64979 -0.71232 -0.16547 2 105.833 10.222 3.208 0.13098 -0.7385 -0.14285 0.6458 3 
94.228 -12.516 -3.971 0.48584 0.45643 0.74533 0.01089 1 103.305 18.776 -1.89 -0.22875 0.65124 -0.70607 -0.15819 2 109.071 8.466 3.124 0.14346 -0.72638 -0.13592 0.65827 3 
96.444 -13.838 -4.148 0.47692 0.45437 0.75239 0.00121 1 104.271 17.793 -1.783 -0.23862 0.65235 -0.70578 -0.13919 2 110.319 7.684 3.216 0.1649 -0.72765 -0.12814 0.65339 3 
97.579 -15.279 -4.437 0.46876 0.45209 0.75883 -0.00644 1 105.282 16.333 -1.779 -0.24148 0.65787 -0.70143 -0.12995 2 111.268 6.071 3.138 0.16947 -0.73065 -0.13279 0.64792 3 
98.832 -16.993 -4.632 0.46967 0.44911 0.76002 -0.00908 1 106.687 14.713 -1.802 -0.24491 0.66266 -0.69586 -0.12917 2 112.694 4.3 2.972 0.16886 -0.73031 -0.13627 0.64774 3 
99.749 -18.201 -4.786 0.46614 0.4491 0.7622 -0.00876 1 107.321 13.788 -1.937 -0.2483 0.66864 -0.69095 -0.1177 2 113.336 3.374 2.817 0.17229 -0.73319 -0.13102 0.64465 3 
100.456 -18.871 -5.089 0.45573 0.4521 0.76667 -0.0116 1 107.573 13.081 -2.164 -0.24587 0.66628 -0.6955 -0.10909 2 113.513 2.788 2.66 0.17856 -0.73877 -0.12588 0.63756 3 
101.122 -19.393 -5.367 0.44856 0.45493 0.76923 -0.01127 1 107.835 12.491 -2.367 -0.24423 0.66368 -0.69904 -0.10598 2 113.775 2.379 2.465 0.18481 -0.74202 -0.1223 0.63268 3 
101.597 -20.333 -5.592 0.44074 0.4554 0.77329 -0.01973 1 108.17 11.449 -2.536 -0.24957 0.6604 -0.70008 -0.10705 2 114.146 1.264 2.27 0.18592 -0.7427 -0.12466 0.63111 3 
102.131 -21.746 -5.668 0.43386 0.45814 0.7748 -0.03951 1 107.998 10.108 -2.75 -0.26077 0.65539 -0.70175 -0.10001 2 114.302 0.122 2.085 0.19174 -0.7391 -0.11674 0.63509 3 
102.543 -23.323 -5.557 0.42766 0.46267 0.77375 -0.06598 1 107.064 8.782 -2.811 -0.28522 0.6468 -0.70256 -0.08188 2 113.951 -0.733 2.085 0.20526 -0.73374 -0.10173 0.63965 3 
102.419 -24.871 -5.235 0.42584 0.46956 0.76775 -0.09349 1 105.247 7.583 -2.748 -0.32609 0.63753 -0.69547 -0.05953 2 113.003 -1.587 2.327 0.2228 -0.72317 -0.08706 0.64792 3 
101.862 -25.847 -4.733 0.43513 0.47498 0.75555 -0.11916 1 103.276 7.042 -2.507 -0.35784 0.63211 -0.6851 -0.05511 2 111.985 -1.781 2.535 0.23682 -0.70522 -0.07515 0.66403 3 
101.215 -25.896 -4.613 0.43985 0.47941 0.74745 -0.13421 1 102.153 7.103 -2.495 -0.36133 0.63694 -0.6783 -0.06042 2 111.207 -1.571 2.395 0.24063 -0.69259 -0.07116 0.67628 3 
100.816 -25.091 -4.852 0.43296 0.48019 0.75253 -0.12511 1 101.977 7.894 -2.409 -0.34321 0.65226 -0.67327 -0.0589 2 110.611 -0.983 2.325 0.24212 -0.7004 -0.07293 0.66746 3 
100.247 -22.873 -5.016 0.4264 0.47807 0.76174 -0.09683 1 102.357 10.079 -2.214 -0.31431 0.67941 -0.66044 -0.05855 2 110.081 0.647 2.43 0.23073 -0.72257 -0.07568 0.64725 3 
99.327 -19.59 -5.054 0.43064 0.46689 0.77003 -0.06014 1 102.982 13.345 -1.858 -0.29745 0.69906 -0.647 -0.0651 2 109.943 3.031 2.683 0.21252 -0.73929 -0.09291 0.63219 3 
98.647 -15.77 -4.984 0.44797 0.45067 0.77156 -0.03011 1 103.497 17.345 -1.247 -0.29617 0.71155 -0.63299 -0.07283 2 110.205 6.152 2.998 0.20446 -0.74025 -0.11625 0.62985 3 
98.122 -11.979 -4.624 0.4664 0.43859 0.76814 -0.00849 1 103.957 21.075 -0.854 -0.29024 0.69942 -0.64668 -0.09156 2 110.474 9.695 3.436 0.19642 -0.73798 -0.12934 0.63251 3 
97.554 -8.742 -4.287 0.48787 0.43216 0.75837 0.00975 1 105.233 24.375 -0.673 -0.27988 0.69444 -0.6514 -0.1229 2 111.359 12.522 3.521 0.17159 -0.73484 -0.14434 0.6401 3 
97.486 -6.31 -4.06 0.50607 0.43011 0.74701 0.02955 1 107.164 27.348 -0.7 -0.26853 0.69551 -0.65267 -0.13482 2 112.748 14.511 3.311 0.13819 -0.73556 -0.15152 0.64568 3 
97.814 -4.304 -4.033 0.51743 0.43112 0.73711 0.05538 1 109.414 29.854 -0.687 -0.24132 0.71739 -0.64184 -0.12313 2 114.066 16.162 2.897 0.10554 -0.74362 -0.14804 0.64341 3 
98.162 -2.432 -4.156 0.51569 0.42726 0.73862 0.0771 1 111.029 31.4 -0.571 -0.22228 0.7211 -0.6453 -0.11911 2 114.879 17.358 2.938 0.08756 -0.75621 -0.15474 0.62972 3 
98.792 -0.806 -4.079 0.52318 0.41192 0.74015 0.09369 1 112.059 32.73 -0.249 -0.21868 0.70853 -0.65702 -0.13598 2 115.733 18.639 3.359 0.08928 -0.7588 -0.16853 0.62277 3 
98.829 0.158 -3.687 0.54633 0.39203 0.7332 0.1013 1 113.875 34.111 1.118 -0.2232 0.73942 -0.61898 -0.1425 2 117.161 18.434 3.901 0.07476 -0.74765 -0.20384 0.6276 3 
98.979 0.536 -3.212 0.56791 0.37756 0.72402 0.10356 1 115.39 34.665 1.707 -0.23636 0.7399 -0.61302 -0.14453 2 118.521 17.912 4.19 0.05822 -0.73493 -0.22705 0.63635 3 
99.806 -0.207 -2.992 0.58279 0.3737 0.71437 0.10186 1 117.311 33.602 1.645 -0.22428 0.74469 -0.60679 -0.16414 2 120.13 16.921 3.954 0.04389 -0.72452 -0.2324 0.64741 3 
100.285 -1.847 -2.807 0.5818 0.36982 0.71662 0.10584 1 119.491 30.775 1.245 -0.19498 0.7519 -0.59705 -0.2004 2 121.341 14.251 3.877 0.0078 -0.73004 -0.23022 0.64342 3 
100.413 -4.07 -2.666 0.58071 0.37349 0.71175 0.12917 1 121.284 27.919 0.905 -0.18362 0.75624 -0.59988 -0.18581 2 122.144 11.199 3.86 -0.02929 -0.74257 -0.22375 0.63061 3 
100.917 -7.422 -2.982 0.56466 0.37767 0.72308 0.12526 1 122.157 23.458 0.67 -0.17708 0.76868 -0.58297 -0.1947 2 122.52 7.028 3.85 -0.03906 -0.75367 -0.22788 0.61525 3 
101.038 -11.92 -3.448 0.53921 0.37885 0.74491 0.10405 1 120.952 18.255 0.285 -0.20234 0.76932 -0.56755 -0.21237 2 121.788 2.503 3.954 -0.01957 -0.76217 -0.23161 0.60422 3 
101.603 -16.953 -3.899 0.51532 0.3816 0.76642 0.03781 1 117.808 13.934 0.251 -0.25581 0.74917 -0.57321 -0.2115 2 120.664 -1.039 4.016 0.04338 -0.75351 -0.22714 0.61542 3 
101.548 -22.375 -3.605 0.49549 0.39574 0.77183 -0.04645 1 113.122 9.764 0.515 -0.32479 0.72193 -0.57869 -0.19608 2 118.634 -4.099 4.443 0.10958 -0.73605 -0.20084 0.63709 3 
100.19 -27.391 -2.686 0.49784 0.40988 0.75332 -0.1291 1 107.851 6.048 0.99 -0.39681 0.68146 -0.58669 -0.18425 2 116.002 -6.654 4.997 0.15929 -0.70079 -0.17104 0.674 3 
98.025 -31.489 -1.282 0.51195 0.41127 0.72589 -0.20459 1 102.357 3.016 2.102 -0.46787 0.64883 -0.56978 -0.18833 2 112.986 -8.881 5.894 0.20081 -0.6498 -0.15223 0.71712 3 
95.003 -34.542 0.314 0.52126 0.40482 0.69903 -0.27525 1 96.622 0.475 3.541 -0.52287 0.61592 -0.55369 -0.20171 2 109.138 -10.489 7.025 0.23455 -0.59989 -0.1386 0.75227 3 
90.781 -36.683 1.892 0.51909 0.40485 0.68021 -0.32242 1 90.521 -1.681 4.916 -0.55326 0.59227 -0.54629 -0.21139 2 104.036 -11.897 8.448 0.2556 -0.56939 -0.1269 0.77094 3 
85.729 -38.121 3.409 0.51162 0.40966 0.66019 -0.36685 1 83.866 -3.331 6.194 -0.56491 0.572 -0.55533 -0.21282 2 97.895 -12.822 10.176 0.27417 -0.55834 -0.11395 0.77466 3 
79.982 -38.688 4.682 0.48834 0.41412 0.65409 -0.40273 1 77.117 -4.318 7.163 -0.56521 0.55219 -0.57302 -0.21744 2 91.29 -13.306 11.743 0.28376 -0.55689 -0.10439 0.7736 3 
73.47 -38.856 5.071 0.46291 0.40182 0.66603 -0.42504 1 71.146 -4.707 7.988 -0.56462 0.55221 -0.56643 -0.23544 2 85.244 -14.177 12.613 0.28413 -0.54865 -0.12323 0.77657 3 
66.425 -38.622 4.32 0.43028 0.38073 0.68314 -0.45079 1 64.959 -4.765 8.1 -0.5625 0.56 -0.55266 -0.25407 2 78.822 -14.982 12.492 0.28367 -0.53854 -0.1508 0.77895 3 
59.593 -37.238 1.789 0.37121 0.40382 0.71681 -0.43048 1 57.264 -4.188 6.706 -0.53083 0.60191 -0.54869 -0.23423 2 70.449 -14.667 11.184 0.31012 -0.55612 -0.16733 0.7527 3 
54.318 -35.788 -0.6 0.28785 0.44824 0.76099 -0.3703 1 50.599 -4.058 4.339 -0.45534 0.61522 -0.62031 -0.17144 2 62.58 -14.823 11.053 0.3123 -0.62751 -0.15406 0.69639 3 
53.226 -34.394 -0.467 0.27074 0.45674 0.74959 -0.39521 1 48.585 -3.394 4.887 -0.44339 0.61586 -0.63192 -0.15748 2 60.306 -13.763 12.191 0.32098 -0.63835 -0.13958 0.68556 3 
52.932 -33.724 -0.449 0.27541 0.46145 0.73814 -0.40787 1 48.066 -2.804 4.741 -0.44535 0.60837 -0.63852 -0.15441 2 59.881 -12.851 12.299 0.31731 -0.63973 -0.12628 0.68856 3 
52.956 -33.586 -0.367 0.2853 0.46357 0.73353 -0.40698 1 48.174 -2.564 4.538 -0.44665 0.60107 -0.64342 -0.15885 2 60.082 -12.394 12.137 0.31267 -0.63827 -0.12048 0.69306 3 
53.069 -33.687 -0.334 0.28647 0.46429 0.73424 -0.40405 1 48.325 -2.551 4.526 -0.44532 0.60205 -0.64283 -0.16125 2 60.215 -12.372 12.093 0.31181 -0.63743 -0.1204 0.69424 3 
53.463 -33.997 -0.191 0.29576 0.46815 0.73318 -0.39474 1 48.798 -2.438 4.577 -0.44951 0.60387 -0.63772 -0.1631 2 60.724 -12.347 11.951 0.31053 -0.63367 -0.12135 0.69807 3 
55.776 -34.51 0.638 0.36829 0.49369 0.70346 -0.35465 1 51.91 -2.1 4.591 -0.47264 0.60787 -0.61015 -0.18658 2 64.013 -12.056 11.069 0.29101 -0.61366 -0.1257 0.72314 3 
61.277 -34.375 0.896 0.42019 0.47713 0.68279 -0.35998 1 58.55 -1.985 4.407 -0.50141 0.59252 -0.59244 -0.21568 2 71.145 -12.014 9.944 0.26286 -0.58837 -0.13361 0.75291 3 
68.491 -33.763 0.875 0.45867 0.45622 0.67809 -0.34882 1 65.845 -1.442 4.282 -0.50455 0.58426 -0.59762 -0.21661 2 78.572 -11.195 9.705 0.26226 -0.59591 -0.12404 0.74881 3 
73.965 -33.331 -0.575 0.46934 0.45233 0.69901 -0.29414 1 71.873 -1.116 2.76 -0.4785 0.59248 -0.61783 -0.1957 2 83.718 -11.017 8.383 0.25529 -0.63634 -0.12249 0.71756 3 
78.03 -32.547 -3.361 0.4334 0.47518 0.7263 -0.2426 1 76.419 -1.008 0.028 -0.42004 0.61605 -0.64775 -0.15645 2 86.412 -11.06 5.87 0.24805 -0.69163 -0.12146 0.66736 3 
81.795 -31.468 -6.109 0.37749 0.49834 0.75524 -0.19692 1 80.124 -0.759 -2.937 -0.34405 0.62837 -0.68864 -0.11207 2 87.784 -10.473 3.227 0.24242 -0.75183 -0.10313 0.60443 3 
83.513 -30.605 -8.34 0.32977 0.52492 0.76921 -0.155 1 82.245 -0.456 -5.438 -0.27195 0.63521 -0.71945 -0.07036 2 87.409 -9.833 0.98 0.22765 -0.80296 -0.08311 0.54453 3 
84.345 -30.348 -8.205 0.34646 0.53549 0.74922 -0.17855 1 83.639 0.049 -5.576 -0.27567 0.63751 -0.71326 -0.09407 2 89.381 -9.233 0.709 0.21596 -0.7889 -0.07953 0.5698 3 
84.657 -30.036 -8.316 0.35575 0.54117 0.74379 -0.16536 1 84.204 0.758 -5.886 -0.26394 0.65081 -0.70623 -0.08958 2 89.775 -8.397 0.332 0.21076 -0.78764 -0.07031 0.57468 3 
85.391 -29.957 -8.309 0.36603 0.55368 0.73056 -0.16044 1 86.032 1.53 -5.953 -0.23825 0.67161 -0.69899 -0.05984 2 90.729 -7.758 0.069 0.2063 -0.78313 -0.06496 0.58303 3 
87.258 -30.345 -8.316 0.34817 0.55836 0.72759 -0.19395 1 89.433 2.013 -5.904 -0.18227 0.68197 -0.70677 -0.04662 2 91.898 -7.759 -0.237 0.20553 -0.77644 -0.06718 0.59193 3 
92.338 -31.735 -7.461 0.37542 0.5454 0.67353 -0.32857 1 93.218 2.441 -5.486 -0.16779 0.70965 -0.68277 -0.04547 2 93.631 -7.935 -0.725 0.20498 -0.76539 -0.07131 0.60587 3 
99.896 -32.969 -5.284 0.52926 0.50142 0.50549 -0.46146 1 97.516 2.279 -4.793 -0.18496 0.74782 -0.63323 -0.07464 2 95.825 -8.141 -1.361 0.20398 -0.75133 -0.07714 0.62285 3 
103.742 -30.326 -3.937 0.694 0.43391 0.41674 -0.39549 1 100.28 2.196 -4.453 -0.18228 0.79585 -0.56791 -0.10432 2 98.229 -8.31 -2.033 0.20299 -0.7361 -0.08332 0.64032 3 
104.007 -25.155 -3.636 0.77468 0.44643 0.35572 -0.27209 1 101.969 3.653 -4.251 -0.16889 0.79366 -0.57282 -0.11599 2 100.508 -8.398 -2.716 0.20067 -0.71928 -0.08766 0.6593 3 
104.726 -19.981 -3.101 0.83136 0.44958 0.27361 -0.17851 1 104.162 6.892 -4.033 -0.15248 0.79363 -0.5721 -0.14002 2 102.272 -8.412 -3.244 0.19839 -0.7061 -0.09065 0.67368 3 
105.003 -14.324 -3.186 0.8529 0.45139 0.24256 -0.0999 1 106.925 12.432 -4.307 -0.09691 0.7795 -0.59842 -0.15774 2 103.311 -8.368 -3.514 0.19746 -0.69233 -0.09394 0.68765 3 
103.564 -7.546 -3.928 0.83445 0.4957 0.2392 0.02734 1 110.224 19.597 -5.241 0.02529 0.78218 -0.59384 -0.18685 2 103.757 -8.405 -3.705 0.19594 -0.6869 -0.09471 0.6934 3 
101.261 -1.915 -4.986 0.7919 0.54856 0.22405 0.14758 1 112.85 26.749 -6.3 0.17992 0.79943 -0.54438 -0.17942 2 102.334 -7.234 -3.359 0.2027 -0.69547 -0.07669 0.6851 3 
98.42 2.587 -6.317 0.74272 0.58768 0.21714 0.23634 1 113.431 33.081 -7.669 0.30891 0.81075 -0.49222 -0.07063 2 100.097 -6.107 -2.747 0.19764 -0.714 -0.05862 0.6691 3 
94.122 7.338 -7.706 0.66294 0.64467 0.22998 0.30334 1 112.219 38.436 -8.969 0.34796 0.7937 -0.49833 -0.02509 2 97.621 -4.876 -2.121 0.1943 -0.7318 -0.03914 0.65206 3 
90.923 11.407 -8.888 0.61401 0.66954 0.2378 0.34374 1 109.576 42.703 -9.599 0.34952 0.7968 -0.49287 -0.00388 2 95.693 -3.837 -1.638 0.18903 -0.74546 -0.02296 0.63877 3 
90.293 13.064 -9.389 0.60751 0.66639 0.21953 0.37236 1 107.016 45.365 -10.348 0.34218 0.80013 -0.49262 0.00507 2 94.712 -3.069 -1.421 0.18863 -0.75111 -0.0121 0.63253 3 
90.163 13.262 -9.74 0.59202 0.65226 0.22795 0.41486 1 104.78 46.818 -10.714 0.32793 0.80373 -0.49646 -0.00149 2 94.204 -2.899 -1.293 0.1883 -0.75441 -0.0091 0.62875 3 
88.23 15.733 -9.801 0.58258 0.65966 0.25756 0.39889 1 102.877 48.083 -11.112 0.34531 0.821 -0.45454 0.01088 2 94.209 -3.11 -1.297 0.19018 -0.75365 -0.01179 0.62905 3 
86.077 19.96 -10.038 0.5948 0.66404 0.23608 0.3867 1 102.438 49.112 -11.453 0.36949 0.81873 -0.43946 0.0057 2 95.096 -3.459 -1.528 0.19275 -0.74604 -0.01818 0.63714 3 
83.481 24.951 -10.769 0.61589 0.67828 0.18164 0.35725 1 102.326 49.268 -11.473 0.39694 0.82343 -0.40546 0.00308 2 96.881 -3.755 -2.031 0.19389 -0.73164 -0.02546 0.65304 3 
81.249 30.38 -11.737 0.61615 0.69113 0.12316 0.35711 1 101.626 49.057 -11.818 0.41953 0.82404 -0.38016 0.02098 2 98.729 -4.086 -2.579 0.19314 -0.718 -0.03098 0.66799 3 
80.76 34.277 -12.878 0.60456 0.69002 0.08478 0.38883 1 100.24 49.096 -11.989 0.43258 0.82894 -0.35275 0.03604 2 99.62 -4.631 -2.99 0.22579 -0.6708 -0.00611 0.7064 3 
80.858 36.351 -13.46 0.61506 0.68635 0.05997 0.38344 1 98.818 49.573 -12.222 0.43717 0.83013 -0.34311 0.04504 2 97.847 -5.566 -2.283 0.22463 -0.70624 -0.03058 0.6707 3 
81.188 37.387 -13.865 0.61895 0.68049 0.02096 0.39165 1 97.446 50.278 -12.793 0.43359 0.83599 -0.33128 0.05818 2 96.362 -6.392 -1.77 0.23046 -0.719 -0.03975 0.65448 3 
