110.678 -30.042 -7.668 0.36316 0.51003 0.77357 -0.09783 1 113.539 2.492 -5.011 -0.26186 0.60317 -0.75326 0.01491 2 124.519 -6.837 -0.233 0.22202 -0.70997 -0.10376 0.66022 3 
110.726 -29.924 -7.777 0.35569 0.51077 0.77673 -0.09634 1 113.574 2.488 -5.104 -0.25618 0.60306 -0.7552 0.01902 2 124.364 -6.808 -0.249 0.22213 -0.71455 -0.10224 0.65545 3 
110.756 -29.732 -7.872 0.3489 0.51241 0.7784 -0.09893 1 113.302 2.578 -5.221 -0.25385 0.60258 -0.75623 0.02373 2 124.019 -6.602 -0.291 0.22559 -0.71687 -0.09837 0.65233 3 
110.632 -29.565 -7.907 0.34386 0.51423 0.77941 -0.09919 1 112.985 2.658 -5.296 -0.25163 0.60152 -0.75768 0.02791 2 123.631 -6.409 -0.311 0.22707 -0.71928 -0.0951 0.64965 3 
110.508 -29.35 -7.92 0.33854 0.51662 0.77984 -0.10169 1 112.522 2.773 -5.338 -0.25126 0.60003 -0.75881 0.03232 2 123.183 -6.143 -0.316 0.23036 -0.72024 -0.09092 0.64801 3 
110.16 -29.151 -7.973 0.33516 0.51706 0.78101 -0.10168 1 112.031 2.866 -5.394 -0.24979 0.59979 -0.75938 0.03457 2 122.625 -5.93 -0.315 0.23227 -0.72165 -0.08922 0.646 3 
109.614 -28.819 -7.883 0.33116 0.51789 0.78212 -0.10199 1 111.159 3.12 -5.376 -0.24908 0.59868 -0.76039 0.03677 2 121.729 -5.559 -0.195 0.23602 -0.72323 -0.08567 0.64335 3 
108.3 -28.541 -7.588 0.33032 0.51458 0.78442 -0.10384 1 109.461 3.318 -5.061 -0.25571 0.59712 -0.75923 0.04042 2 120.102 -5.292 0.254 0.24144 -0.72412 -0.08357 0.64061 3 
105.674 -28.525 -6.992 0.33964 0.50686 0.78338 -0.11856 1 106.51 3.378 -4.536 -0.27634 0.59519 -0.75388 0.03259 2 117.655 -5.32 0.774 0.24487 -0.71268 -0.08865 0.65136 3 
101.38 -28.7 -6.156 0.35693 0.50043 0.77555 -0.14384 1 101.666 3.409 -3.898 -0.30307 0.59486 -0.74431 0.01674 2 113.71 -5.221 1.234 0.24832 -0.68882 -0.09202 0.67483 3 
96.224 -28.798 -5.349 0.36889 0.49302 0.77191 -0.15815 1 96.628 3.286 -3.382 -0.31746 0.59743 -0.7364 -0.00331 2 109.111 -5.542 1.748 0.2421 -0.67293 -0.09917 0.69189 3 
91.063 -28.618 -5.202 0.36925 0.48583 0.77608 -0.15914 1 91.661 3.241 -3.294 -0.31597 0.60508 -0.73068 -0.01225 2 104.152 -5.87 1.826 0.23914 -0.66837 -0.10773 0.69606 3 
87.77 -28.165 -5.916 0.34663 0.48339 0.78919 -0.15287 1 87.99 3.258 -3.768 -0.30163 0.60955 -0.73312 0.0013 2 100.078 -5.924 1.537 0.2496 -0.67909 -0.1111 0.68132 3 
86.142 -27.791 -6.819 0.31371 0.49028 0.80051 -0.14279 1 85.414 3.282 -4.694 -0.2843 0.60538 -0.74296 0.02656 2 96.86 -5.536 1.014 0.26247 -0.69911 -0.0964 0.65808 3 
84.857 -27.613 -7.732 0.28303 0.50624 0.80397 -0.1313 1 83.443 3.161 -6.041 -0.25877 0.59716 -0.75742 0.05242 2 94.147 -5.1 -0.001 0.26441 -0.71833 -0.07323 0.63931 3 
84.412 -27.28 -8.466 0.25457 0.51973 0.80612 -0.12349 1 82.543 3.203 -7.176 -0.23514 0.58118 -0.77563 0.0731 2 92.645 -4.495 -0.779 0.26302 -0.73345 -0.05228 0.62461 3 
83.91 -26.903 -8.306 0.23669 0.5246 0.80787 -0.12699 1 81.957 3.433 -7.242 -0.22491 0.57458 -0.78296 0.0791 2 91.795 -4.049 -0.604 0.2604 -0.73876 -0.04434 0.62005 3 
83.696 -26.793 -8.25 0.2306 0.52637 0.80853 -0.12663 1 81.685 3.478 -7.286 -0.22285 0.56851 -0.78761 0.0825 2 91.434 -3.889 -0.529 0.25957 -0.74085 -0.04101 0.61813 3 
83.784 -26.843 -8.305 0.2261 0.52604 0.80962 -0.12914 1 81.685 3.474 -7.323 -0.22339 0.56729 -0.78799 0.08577 2 91.469 -3.944 -0.547 0.25996 -0.74062 -0.04185 0.61819 3 
84.14 -26.964 -8.367 0.21225 0.5265 0.81351 -0.12628 1 81.805 3.372 -7.331 -0.21977 0.56571 -0.79018 0.08538 2 91.577 -4.1 -0.547 0.26078 -0.73993 -0.04417 0.6185 3 
85.047 -26.747 -8.395 0.19354 0.52466 0.82072 -0.11704 1 81.901 3.334 -7.32 -0.22267 0.56763 -0.7877 0.08796 2 91.771 -4.11 -0.586 0.26231 -0.73796 -0.0445 0.62019 3 
85.672 -26.52 -8.25 0.20416 0.52555 0.81603 -0.12728 1 82.443 3.38 -7.122 -0.23275 0.5837 -0.77392 0.07857 2 92.519 -3.971 -0.661 0.26457 -0.73193 -0.0448 0.62632 3 
87.394 -26.305 -7.623 0.22384 0.52179 0.81311 -0.12836 1 84.342 3.629 -6.53 -0.24566 0.58498 -0.76991 0.06844 2 94.662 -3.669 -0.155 0.26194 -0.72778 -0.04446 0.63226 3 
89.108 -26.452 -6.404 0.22997 0.51053 0.81772 -0.13344 1 86.039 3.573 -5.211 -0.25434 0.57527 -0.77474 0.06449 2 96.327 -3.736 1.459 0.26728 -0.73147 -0.04528 0.62567 3 
89.519 -27.235 -4.848 0.25956 0.49928 0.81425 -0.14266 1 86.927 3.311 -3.494 -0.2845 0.57598 -0.7652 0.04209 2 97.953 -4.435 3.101 0.26384 -0.71578 -0.0604 0.64373 3 
89.628 -28.202 -3.059 0.3019 0.49203 0.79824 -0.17195 1 86.847 3.076 -1.789 -0.33429 0.56855 -0.75152 0.01494 2 99.395 -4.715 4.463 0.26224 -0.68013 -0.06784 0.68122 3 
89.041 -29.355 -0.907 0.34213 0.48599 0.77806 -0.20344 1 85.819 2.692 0.096 -0.38464 0.55726 -0.73579 -0.01114 2 99.798 -4.97 6.058 0.2593 -0.64202 -0.06808 0.71829 3 
87.695 -30.719 1.299 0.37403 0.47819 0.7595 -0.23364 1 84.195 2.059 2.069 -0.4251 0.54718 -0.72018 -0.03496 2 99.224 -5.593 7.762 0.25567 -0.60955 -0.06998 0.74712 3 
85.09 -31.989 3.39 0.39874 0.46614 0.74528 -0.2613 1 81.698 1.43 3.93 -0.45131 0.53756 -0.70974 -0.0602 2 97.371 -6.356 9.542 0.24954 -0.58467 -0.0751 0.76827 3 
81.247 -33.014 5.486 0.42733 0.45465 0.72735 -0.28574 1 78.156 1.031 5.523 -0.46739 0.52749 -0.70398 -0.08781 2 94.253 -6.893 11.113 0.23675 -0.56372 -0.07685 0.78757 3 
76.591 -33.89 7.044 0.45318 0.43577 0.71361 -0.30902 1 73.928 0.677 6.75 -0.48072 0.52152 -0.69457 -0.12039 2 90.374 -7.54 12.124 0.22409 -0.53963 -0.08427 0.80714 3 
71.276 -34.64 7.9 0.47106 0.40899 0.71018 -0.3263 1 69.308 0.347 7.557 -0.49504 0.51658 -0.68172 -0.15275 2 86.017 -8.375 12.559 0.21403 -0.51461 -0.0994 0.82431 3 
65.693 -35.007 7.85 0.47679 0.38475 0.71515 -0.33645 1 64.608 0.147 7.792 -0.49835 0.52136 -0.67026 -0.1749 2 81.277 -9.187 12.491 0.2095 -0.50053 -0.11858 0.83157 3 
60.299 -34.971 6.9 0.44955 0.37329 0.73854 -0.33633 1 59.429 0.072 7.332 -0.48044 0.53521 -0.67481 -0.16539 2 75.735 -9.513 12.437 0.22139 -0.51574 -0.12697 0.81785 3 
54.774 -34.593 4.937 0.38661 0.38773 0.77785 -0.30846 1 53.152 -0.03 5.453 -0.4321 0.55893 -0.69764 -0.11907 2 68.631 -9.233 11.802 0.24227 -0.56168 -0.11124 0.78323 3 
49.73 -33.896 1.861 0.29577 0.42782 0.82183 -0.23256 1 47.736 -0.356 1.882 -0.3392 0.5684 -0.7489 -0.03177 2 61.156 -9.48 10.484 0.25085 -0.63742 -0.09356 0.72251 3 
48.763 -33.582 2.31 0.27771 0.42223 0.81883 -0.27225 1 47.118 -0.138 2.34 -0.33863 0.56102 -0.75396 -0.04614 2 60.273 -9.178 11.705 0.24299 -0.64384 -0.08754 0.72026 3 
48.037 -33.649 2.314 0.26414 0.41456 0.82449 -0.28034 1 46.404 -0.221 2.562 -0.33272 0.5601 -0.75756 -0.04111 2 59.364 -9.368 12.216 0.24605 -0.64973 -0.08839 0.71379 3 
47.898 -33.705 2.324 0.25784 0.41485 0.82474 -0.28499 1 46.211 -0.32 2.626 -0.33337 0.55766 -0.7591 -0.04059 2 59.182 -9.493 12.369 0.24736 -0.65074 -0.08941 0.71229 3 
47.979 -33.665 2.415 0.2692 0.41781 0.82274 -0.2758 1 46.251 -0.239 2.528 -0.33411 0.55436 -0.76116 -0.04116 2 59.289 -9.314 12.277 0.24618 -0.64992 -0.08701 0.71374 3 
48.357 -33.592 2.41 0.27745 0.42468 0.8171 -0.2739 1 46.535 -0.1 2.431 -0.33361 0.55664 -0.75963 -0.04275 2 59.669 -9.119 12.046 0.24533 -0.6458 -0.08493 0.71802 3 
49.724 -33.266 2.949 0.30158 0.44066 0.81267 -0.23334 1 47.387 0.34 2.679 -0.34502 0.58292 -0.73422 -0.04553 2 60.534 -8.642 11.692 0.24209 -0.63849 -0.0804 0.72613 3 
52.958 -32.647 3.677 0.35047 0.45661 0.78681 -0.22273 1 50.079 1.106 2.764 -0.36807 0.58493 -0.71891 -0.07455 2 63.73 -7.573 10.651 0.22803 -0.61411 -0.07326 0.752 3 
58.768 -31.432 3.599 0.37901 0.45382 0.77226 -0.23239 1 55.292 1.752 2.676 -0.38716 0.5689 -0.72084 -0.08278 2 69.386 -6.546 10.063 0.2268 -0.60429 -0.06922 0.76066 3 
66.145 -30.01 2.646 0.37572 0.44307 0.77966 -0.23379 1 62.142 2.605 2.513 -0.39551 0.56235 -0.72344 -0.063 2 76.147 -5.661 9.71 0.24447 -0.61945 -0.07432 0.74228 3 
71.57 -28.797 0.409 0.34617 0.44544 0.79939 -0.20668 1 67.902 3.06 0.805 -0.35728 0.57609 -0.73421 -0.03761 2 80.736 -5.334 7.973 0.25256 -0.6552 -0.07767 0.70774 3 
75.65 -28.157 -2.347 0.30398 0.45698 0.81838 -0.17033 1 73.102 2.832 -1.648 -0.30361 0.58724 -0.75022 -0.01193 2 84.03 -5.826 5.574 0.24606 -0.70299 -0.07967 0.6625 3 
78.792 -27.654 -4.919 0.26229 0.47575 0.8264 -0.1481 1 76.751 2.619 -4.142 -0.24892 0.59077 -0.76739 0.01217 2 85.968 -5.915 3.044 0.24196 -0.73892 -0.07125 0.6248 3 
80.495 -27.397 -7.231 0.22226 0.48639 0.8353 -0.1277 1 78.824 2.424 -6.145 -0.20424 0.60005 -0.77265 0.03504 2 86.542 -6.237 0.886 0.24062 -0.76675 -0.07028 0.59098 3 
81.709 -27.719 -7.654 0.23567 0.48323 0.83171 -0.13858 1 80.218 2.409 -6.455 -0.21732 0.60986 -0.76158 0.02889 2 88.45 -6.506 0.254 0.23507 -0.75654 -0.07596 0.60549 3 
82.238 -28.022 -7.992 0.24218 0.48578 0.82926 -0.13306 1 80.685 2.65 -6.496 -0.2177 0.62546 -0.74803 0.0432 2 88.944 -6.635 -0.065 0.23679 -0.75265 -0.07816 0.60938 3 
83.736 -28.565 -8.053 0.23803 0.50377 0.82009 -0.1304 1 83.39 3.857 -5.949 -0.18252 0.62386 -0.75968 0.01958 2 90.01 -6.306 -0.424 0.23286 -0.74726 -0.07645 0.61768 3 
90.131 -30.407 -6.653 0.25536 0.51688 0.75779 -0.30557 1 89.309 5.253 -4.272 -0.21352 0.63372 -0.74003 -0.07193 2 91.556 -5.32 -0.973 0.22467 -0.7383 -0.06697 0.63242 3 
99.298 -30.693 -3.326 0.51109 0.43985 0.56472 -0.47583 1 96.319 5.094 -2.656 -0.24665 0.70473 -0.64338 -0.16908 2 93.457 -4.31 -1.632 0.21673 -0.72565 -0.05792 0.65046 3 
101.02 -23.552 -1.953 0.794 0.25378 0.52716 -0.16509 1 99.778 5.183 -2.198 -0.2141 0.77903 -0.54646 -0.22057 2 95.296 -4.013 -2.176 0.21387 -0.71214 -0.05725 0.66621 3 
99.528 -13.49 -3.282 0.76582 0.22124 0.58847 0.13521 1 100.921 6.546 -2.694 -0.14418 0.8184 -0.49905 -0.24571 2 96.874 -4.368 -2.65 0.21633 -0.6994 -0.0647 0.67812 3 
98.884 -8.039 -3.525 0.80108 0.21604 0.53736 0.15111 1 103.058 11.243 -3.335 -0.06964 0.78688 -0.56839 -0.22999 2 98.089 -4.968 -2.902 0.21941 -0.68999 -0.07397 0.68578 3 
96.889 -1.244 -4.394 0.75985 0.22422 0.56418 0.23247 1 107.317 18.264 -4.24 0.05619 0.77781 -0.56972 -0.25937 2 98.919 -5.319 -3.226 0.22254 -0.6788 -0.08154 0.69502 3 
94.137 3.887 -5.954 0.67581 0.36259 0.57423 0.28649 1 111.594 25.714 -5.485 0.16662 0.73819 -0.59917 -0.26138 2 97.712 -4.136 -2.964 0.23109 -0.68477 -0.06315 0.68826 3 
91.444 9.332 -7.788 0.58342 0.44073 0.57555 0.36622 1 115.542 30.965 -6.162 0.29125 0.75114 -0.5297 -0.2653 2 96.437 -3.483 -2.608 0.22464 -0.69655 -0.05233 0.67942 3 
88.271 13.239 -9.059 0.56912 0.53763 0.50348 0.36547 1 117.427 34.936 -7.176 0.3631 0.7426 -0.49612 -0.26565 2 94.957 -3.181 -2.162 0.22338 -0.70803 -0.04528 0.66839 3 
86.608 16.473 -10.389 0.49009 0.56835 0.51135 0.4187 1 117.018 37.464 -8.146 0.42809 0.75739 -0.44129 -0.21992 2 93.418 -3.213 -1.758 0.22314 -0.71186 -0.0469 0.66428 3 
85.796 19.115 -10.886 0.52299 0.57414 0.44488 0.44601 1 115.46 38.391 -9.198 0.45595 0.76568 -0.41251 -0.1889 2 91.718 -3.21 -1.301 0.2259 -0.71564 -0.04284 0.65954 3 
83.174 22.814 -10.838 0.57115 0.62788 0.35602 0.39091 1 112.624 38.372 -9.849 0.48302 0.80419 -0.31671 -0.14023 2 90.792 -3.142 -1.079 0.22678 -0.72125 -0.03935 0.65332 3 
80.351 28.448 -11.173 0.59221 0.67307 0.26613 0.35418 1 109.153 39.225 -10.166 0.50429 0.82865 -0.23284 -0.06946 2 91.009 -3.062 -1.141 0.22553 -0.72096 -0.03921 0.65407 3 
80.291 33.343 -12.194 0.61541 0.67777 0.17406 0.36276 1 106.128 41.131 -10.322 0.49169 0.84523 -0.20473 -0.04369 2 91.905 -3.248 -1.408 0.23043 -0.71347 -0.03989 0.6605 3 
81.455 35.652 -13.276 0.62036 0.67265 0.12528 0.38342 1 103.273 43.549 -10.747 0.48203 0.85391 -0.19612 0.00467 2 91.523 -3.681 -1.337 0.24382 -0.70905 -0.03289 0.66085 3 
81.824 36.488 -13.871 0.60034 0.67462 0.12008 0.41238 1 101.078 45.649 -11.522 0.46894 0.85997 -0.19902 0.03065 2 91.051 -4.046 -1.168 0.24238 -0.71348 -0.03874 0.65628 3 
82.018 36.838 -14.216 0.61081 0.67376 0.11892 0.39852 1 99.036 47.341 -11.827 0.45404 0.8694 -0.18828 0.05039 2 91.053 -4.209 -1.112 0.24578 -0.70947 -0.03654 0.65948 3 
