127.16 -42.776 -13.947 0.57773 0.65393 0.45101 0.18758 1 132.567 1.993 -10.458 -0.48217 0.77477 -0.38813 0.12884 2 105.455 -17.685 -5.71 0.98533 0.14972 -0.0765 -0.02911 3 
127.204 -42.822 -13.9 0.57727 0.65497 0.45021 0.18728 1 132.55 1.986 -10.465 -0.4828 0.77427 -0.3882 0.1293 2 105.449 -17.69 -5.7 0.98536 0.14961 -0.0764 -0.02908 3 
127.283 -42.88 -13.896 0.57673 0.65618 0.44906 0.18748 1 132.546 2.016 -10.478 -0.48385 0.77383 -0.38752 0.13002 2 105.452 -17.685 -5.701 0.98534 0.14968 -0.0765 -0.029 3 
127.317 -42.939 -13.887 0.57816 0.65578 0.44792 0.18719 1 132.588 2.03 -10.458 -0.48364 0.77401 -0.38735 0.13018 2 105.448 -17.707 -5.714 0.98537 0.14946 -0.07655 -0.02907 3 
127.285 -43.117 -13.868 0.58162 0.65354 0.44435 0.19275 1 132.71 2.062 -10.441 -0.48232 0.77461 -0.38779 0.13024 2 105.453 -17.689 -5.702 0.98535 0.14968 -0.07641 -0.02916 3 
126.37 -45.121 -13.837 0.58325 0.66294 0.40706 0.23375 1 132.831 2.188 -10.389 -0.47809 0.77738 -0.38686 0.13212 2 105.451 -17.682 -5.709 0.98533 0.14972 -0.07649 -0.0291 3 
124.231 -47.5 -15.509 0.42756 0.76299 0.42071 0.24091 1 132.906 2.351 -10.395 -0.47658 0.77893 -0.38625 0.13019 2 105.451 -17.698 -5.707 0.98535 0.14961 -0.07652 -0.029 3 
120.436 -46.645 -16.877 0.30011 0.80514 0.47423 0.19181 1 132.898 2.441 -10.396 -0.47938 0.77859 -0.38381 0.1292 2 105.452 -17.691 -5.708 0.98535 0.14964 -0.07651 -0.02906 3 
114.899 -42.651 -17.226 0.29773 0.79265 0.50617 0.16388 1 132.768 2.277 -10.403 -0.48303 0.77718 -0.38228 0.12858 2 105.452 -17.694 -5.696 0.98536 0.14958 -0.07644 -0.02907 3 
110.283 -37.051 -17.079 0.33318 0.76934 0.51938 0.16541 1 132.726 2.258 -10.421 -0.48685 0.77652 -0.37854 0.12924 2 105.451 -17.689 -5.695 0.98535 0.14965 -0.0764 -0.02907 3 
107.337 -32.399 -16.707 0.35288 0.7563 0.52617 0.16317 1 133.047 2.162 -10.377 -0.48297 0.78032 -0.37659 0.12655 2 105.45 -17.691 -5.71 0.98535 0.14963 -0.07648 -0.02912 3 
106.078 -29.563 -16.398 0.36904 0.74471 0.53953 0.13464 1 133.59 1.98 -10.338 -0.47165 0.78764 -0.37753 0.12099 2 105.451 -17.699 -5.703 0.98536 0.14956 -0.07644 -0.02916 3 
105.93 -28.339 -16.434 0.36067 0.74098 0.55722 0.1018 1 134.253 1.885 -10.293 -0.45899 0.79568 -0.37802 0.11544 2 105.449 -17.697 -5.706 0.98536 0.14959 -0.07644 -0.02905 3 
106.212 -27.629 -16.569 0.33436 0.73576 0.58503 0.06777 1 134.917 1.831 -10.279 -0.44549 0.8044 -0.37751 0.10937 2 105.423 -17.684 -5.696 0.98538 0.14968 -0.07605 -0.02891 3 
106.315 -27.254 -16.614 0.32699 0.72407 0.60389 0.06407 1 135.392 1.702 -10.192 -0.43407 0.81138 -0.37735 0.1042 2 105.363 -17.696 -5.703 0.98546 0.14956 -0.07515 -0.02904 3 
106.405 -26.98 -16.6 0.32067 0.7208 0.61146 0.06121 1 135.566 1.756 -10.206 -0.43245 0.81378 -0.3749 0.10098 2 105.197 -17.709 -5.706 0.98527 0.15157 -0.07333 -0.02968 3 
106.784 -26.621 -16.573 0.30201 0.72698 0.61563 0.03591 1 135.649 1.77 -10.212 -0.43344 0.81452 -0.3729 0.09811 2 104.897 -17.641 -5.65 0.98145 0.17684 -0.06773 -0.02995 3 
106.405 -26.621 -16.013 0.30104 0.72469 0.61921 0.02771 1 135.747 1.819 -10.228 -0.43125 0.81582 -0.3734 0.09506 2 103.827 -17.308 -5.066 0.98284 0.17588 -0.05281 -0.01752 3 
105.4 -27.224 -14.334 0.32695 0.71161 0.6218 0.00894 1 135.836 1.918 -10.26 -0.42996 0.81563 -0.3762 0.09143 2 103.394 -17.77 -3.279 0.98466 0.1637 -0.05587 -0.02299 3 
104.109 -27.883 -11.93 0.35902 0.70522 0.61091 -0.0237 1 135.797 2.026 -10.33 -0.43159 0.81414 -0.37819 0.0888 2 103.725 -17.96 -0.737 0.98369 0.15623 -0.08607 -0.02324 3 
103.137 -28.351 -9.553 0.37936 0.70028 0.60087 -0.06822 1 135.636 2.039 -10.341 -0.43448 0.8121 -0.37969 0.08692 2 104.351 -18.135 1.919 0.97867 0.16327 -0.12236 -0.02409 3 
102.428 -28.8 -7.482 0.3979 0.68833 0.59773 -0.10291 1 135.426 2.165 -10.403 -0.43931 0.80921 -0.38049 0.08612 2 105.207 -18.77 4.378 0.97369 0.16451 -0.15249 -0.04003 3 
102.245 -28.939 -5.923 0.40105 0.67974 0.60125 -0.12496 1 135.214 2.214 -10.452 -0.44217 0.80719 -0.38156 0.08568 2 105.471 -19.272 6.196 0.97137 0.16731 -0.16065 -0.05128 3 
102.197 -28.976 -4.9 0.40563 0.67512 0.59964 -0.14183 1 134.98 2.213 -10.467 -0.44378 0.80622 -0.38195 0.08478 2 105.911 -19.193 7.422 0.969 0.17095 -0.17015 -0.05359 3 
102.089 -28.903 -4.383 0.4099 0.66914 0.60137 -0.15031 1 134.788 2.255 -10.475 -0.4447 0.80561 -0.38232 0.08405 2 106.195 -19.249 8.016 0.96764 0.16966 -0.17734 -0.05865 3 
101.941 -28.902 -4.11 0.41215 0.66099 0.60869 -0.15069 1 134.68 2.272 -10.504 -0.44369 0.80625 -0.38248 0.08248 2 106.077 -19.576 8.423 0.96858 0.16404 -0.17443 -0.06722 3 
101.89 -28.853 -3.966 0.40983 0.65899 0.61222 -0.1515 1 134.675 2.308 -10.472 -0.44155 0.80822 -0.38126 0.08031 2 105.88 -19.701 8.655 0.96914 0.16372 -0.17055 -0.06982 3 
101.913 -28.883 -3.852 0.41105 0.65998 0.61012 -0.15239 1 134.714 2.334 -10.478 -0.43903 0.81047 -0.37993 0.07766 2 105.951 -19.534 8.748 0.96943 0.16266 -0.17161 -0.06551 3 
101.932 -28.853 -3.822 0.40886 0.662 0.60934 -0.1526 1 134.785 2.377 -10.453 -0.43853 0.81133 -0.3788 0.07711 2 105.852 -19.399 8.778 0.96954 0.16458 -0.17031 -0.06246 3 
101.894 -28.803 -3.815 0.40873 0.66255 0.60925 -0.15093 1 134.837 2.348 -10.48 -0.43757 0.81215 -0.37828 0.07648 2 105.748 -19.313 8.774 0.97009 0.1635 -0.16887 -0.0606 3 
101.932 -28.795 -3.829 0.40765 0.66253 0.61012 -0.15041 1 134.854 2.3 -10.451 -0.43677 0.81204 -0.37948 0.07625 2 105.724 -19.308 8.766 0.97033 0.1638 -0.16726 -0.0605 3 
101.931 -28.786 -3.848 0.4063 0.66264 0.61144 -0.14824 1 134.838 2.235 -10.467 -0.43778 0.81138 -0.37969 0.07642 2 105.59 -19.336 8.743 0.9709 0.16299 -0.16469 -0.06048 3 
101.938 -28.851 -3.874 0.40393 0.6641 0.61173 -0.14696 1 134.785 2.194 -10.472 -0.4393 0.8105 -0.37975 0.07678 2 105.458 -19.344 8.709 0.97122 0.16397 -0.16267 -0.05824 3 
101.982 -28.902 -3.894 0.40175 0.66582 0.61117 -0.14752 1 134.732 2.166 -10.504 -0.44097 0.80931 -0.38027 0.07718 2 105.409 -19.368 8.679 0.97102 0.16632 -0.16199 -0.05675 3 
102.023 -28.962 -3.913 0.40162 0.66477 0.61266 -0.14639 1 134.656 2.078 -10.515 -0.44202 0.80837 -0.38104 0.07721 2 105.434 -19.452 8.666 0.97122 0.1656 -0.16106 -0.0581 3 
102.034 -28.964 -3.954 0.4014 0.66366 0.61456 -0.14407 1 134.637 2.057 -10.531 -0.44252 0.80813 -0.38098 0.07716 2 105.366 -19.567 8.62 0.97182 0.16367 -0.15871 -0.05994 3 
102.043 -28.955 -4.01 0.40075 0.66554 0.61348 -0.14175 1 134.659 2.049 -10.523 -0.4416 0.80874 -0.38081 0.07684 2 105.336 -19.447 8.548 0.97218 0.16322 -0.1584 -0.05603 3 
102.032 -28.944 -4.076 0.39916 0.66647 0.61398 -0.13973 1 134.713 2.038 -10.511 -0.43953 0.81 -0.3807 0.07597 2 105.247 -19.411 8.463 0.9724 0.16337 -0.15723 -0.05496 3 
102.023 -28.915 -4.147 0.39791 0.66531 0.61636 -0.13831 1 134.74 2.031 -10.477 -0.43864 0.81074 -0.38019 0.07578 2 105.143 -19.47 8.407 0.97282 0.16267 -0.15472 -0.05678 3 
102.065 -28.864 -4.165 0.39875 0.66456 0.61689 -0.13714 1 134.737 2.064 -10.499 -0.4388 0.81079 -0.37988 0.07595 2 105.218 -19.44 8.377 0.97295 0.16145 -0.15497 -0.05737 3 
102.122 -28.788 -4.162 0.40033 0.66637 0.61413 -0.13613 1 134.711 2.066 -10.5 -0.43944 0.81017 -0.3804 0.07619 2 105.37 -19.175 8.328 0.97293 0.16065 -0.15755 -0.05274 3 
102.191 -28.779 -4.169 0.40065 0.66586 0.61468 -0.13521 1 134.719 2.127 -10.53 -0.44064 0.80949 -0.38056 0.07575 2 105.454 -19.14 8.324 0.97306 0.16 -0.15733 -0.0529 3 
102.276 -28.809 -4.203 0.39994 0.66437 0.61689 -0.13457 1 134.753 2.145 -10.536 -0.44124 0.80935 -0.38014 0.07585 2 105.475 -19.317 8.331 0.9733 0.15953 -0.1553 -0.0558 3 
102.371 -28.874 -4.192 0.39984 0.66466 0.61645 -0.13545 1 134.793 2.137 -10.515 -0.44139 0.80926 -0.38005 0.07633 2 105.599 -19.319 8.325 0.97296 0.16067 -0.15654 -0.05505 3 
102.449 -28.897 -4.207 0.39927 0.66471 0.61666 -0.13589 1 134.816 2.148 -10.532 -0.44178 0.80906 -0.38002 0.07643 2 105.683 -19.363 8.323 0.97276 0.16132 -0.15711 -0.05506 3 
102.522 -28.891 -4.216 0.39928 0.66487 0.61678 -0.13457 1 134.836 2.201 -10.496 -0.44228 0.80873 -0.38001 0.07705 2 105.731 -19.325 8.292 0.97296 0.16088 -0.15647 -0.05458 3 
102.573 -28.833 -4.247 0.40001 0.66502 0.61645 -0.13314 1 134.849 2.194 -10.523 -0.44266 0.80853 -0.37989 0.07753 2 105.807 -19.191 8.282 0.97317 0.15988 -0.15678 -0.05294 3 
102.61 -28.803 -4.237 0.40141 0.66508 0.61572 -0.13204 1 134.883 2.252 -10.487 -0.44294 0.80814 -0.38036 0.07774 2 105.913 -19.107 8.272 0.9732 0.15885 -0.15805 -0.05166 3 
102.626 -28.776 -4.272 0.40124 0.66505 0.61636 -0.12966 1 134.944 2.254 -10.533 -0.44289 0.80842 -0.37991 0.07735 2 105.906 -19.071 8.197 0.97349 0.15772 -0.15765 -0.05095 3 
102.637 -28.729 -4.382 0.40072 0.6648 0.61795 -0.12491 1 135.034 2.279 -10.502 -0.44231 0.80872 -0.37991 0.0775 2 105.848 -19.005 8.049 0.97409 0.15585 -0.15592 -0.05043 3 
102.444 -28.562 -4.78 0.40148 0.66202 0.62331 -0.10966 1 135.128 2.287 -10.517 -0.44208 0.8091 -0.37938 0.07738 2 105.602 -19.041 7.579 0.97596 0.14627 -0.15268 -0.05288 3 
101.888 -28.266 -5.918 0.3988 0.65961 0.63199 -0.08031 1 135.218 2.299 -10.515 -0.44162 0.81017 -0.37788 0.07618 2 104.748 -19.003 6.314 0.97934 0.13159 -0.14361 -0.05429 3 
101.344 -27.852 -7.84 0.39625 0.6572 0.63966 -0.04361 1 135.384 2.323 -10.45 -0.43928 0.8123 -0.37608 0.07591 2 103.69 -18.898 4.116 0.98384 0.11202 -0.12825 -0.05538 3 
101.153 -27.714 -10.089 0.4042 0.6549 0.63846 -0.00975 1 135.632 2.266 -10.43 -0.43436 0.81582 -0.37407 0.07636 2 103.746 -18.778 1.557 0.98641 0.08831 -0.12728 -0.0548 3 
101.75 -27.421 -12.068 0.38741 0.67184 0.63106 0.01765 1 135.926 2.209 -10.354 -0.42971 0.82018 -0.36912 0.08004 2 103.352 -18.017 -0.793 0.9895 0.08796 -0.10829 -0.03772 3 
102.5 -27.062 -13.666 0.35807 0.6838 0.63402 0.04722 1 136.283 2.059 -10.199 -0.42252 0.82737 -0.35899 0.08979 2 102.177 -17.502 -2.609 0.99307 0.09123 -0.06958 -0.02559 3 
103.074 -26.973 -14.759 0.34424 0.69776 0.62529 0.06036 1 136.735 1.805 -9.943 -0.41177 0.83455 -0.35241 0.09886 2 102.007 -16.978 -3.862 0.99343 0.0988 -0.05646 -0.01219 3 
103.326 -27.013 -15.349 0.34034 0.70798 0.61492 0.06923 1 137.256 1.452 -9.852 -0.40033 0.84031 -0.35075 0.10287 2 102.166 -16.461 -4.683 0.99343 0.09983 -0.05581 0.00265 3 
103.59 -27.028 -15.932 0.32776 0.70513 0.6245 0.07331 1 137.657 1.047 -9.719 -0.38947 0.84592 -0.34866 0.10571 2 101.676 -17.111 -5.169 0.9936 0.10469 -0.04096 -0.01064 3 
103.956 -27.221 -16.374 0.3178 0.70417 0.63131 0.0678 1 137.885 0.664 -9.657 -0.38229 0.84973 -0.34662 0.10798 2 101.656 -17.794 -5.518 0.99244 0.11516 -0.03631 -0.02202 3 
104.068 -27.512 -16.42 0.32845 0.70558 0.6244 0.06635 1 137.975 0.117 -9.662 -0.37893 0.85037 -0.34824 0.10957 2 102.442 -18.07 -5.554 0.99209 0.11243 -0.04917 -0.02638 3 
104.405 -27.756 -16.441 0.34511 0.71079 0.60941 0.06545 1 137.938 -0.287 -9.697 -0.38234 0.84833 -0.34917 0.11057 2 104.099 -17.939 -5.702 0.99103 0.1072 -0.07586 -0.02459 3 
104.67 -27.794 -16.492 0.34342 0.71216 0.60916 0.06176 1 138.002 -0.701 -9.714 -0.38306 0.84775 -0.34974 0.11075 2 104.409 -18.016 -5.693 0.9902 0.11248 -0.07868 -0.02582 3 
104.754 -27.84 -16.495 0.33923 0.71296 0.60937 0.07263 1 138.208 -1.046 -9.629 -0.38302 0.84671 -0.3505 0.11629 2 104.397 -18.037 -5.687 0.99007 0.1136 -0.07859 -0.02622 3 
105.326 -28.561 -16.519 0.32841 0.71492 0.60773 0.10818 1 138.494 -1.37 -9.644 -0.38357 0.84433 -0.35441 0.11987 2 104.411 -18.017 -5.698 0.99005 0.11366 -0.07882 -0.02607 3 
108.365 -32.772 -17.034 0.29034 0.7232 0.61513 0.11955 1 139.073 -1.674 -9.624 -0.3764 0.84537 -0.35927 0.12082 2 104.413 -18.037 -5.69 0.99008 0.11335 -0.0788 -0.02612 3 
113.393 -41.48 -17.172 0.28694 0.75544 0.57461 0.12962 1 139.58 -1.801 -9.7 -0.36602 0.84793 -0.36584 0.11491 2 104.405 -18.028 -5.705 0.99004 0.11361 -0.07885 -0.02622 3 
117.965 -51.46 -15.403 0.39042 0.81739 0.3609 0.22181 1 139.42 -1.847 -9.792 -0.36925 0.84547 -0.37041 0.10791 2 104.416 -18.024 -5.693 0.99006 0.11354 -0.07879 -0.02615 3 
123.203 -54.962 -13.841 0.52774 0.7433 0.25401 0.32323 1 138.664 -1.866 -9.971 -0.38666 0.83703 -0.37275 0.10452 2 104.408 -18.036 -5.702 0.99007 0.11337 -0.07885 -0.02618 3 
127.731 -49.278 -13.39 0.57811 0.66118 0.36181 0.31261 1 137.958 -2.035 -10.148 -0.40383 0.82488 -0.38088 0.10684 2 104.411 -18.034 -5.7 0.99005 0.11351 -0.07893 -0.02616 3 
129.656 -46.112 -14.436 0.53058 0.66237 0.46292 0.25585 1 137.714 -1.995 -10.25 -0.40635 0.81837 -0.39159 0.10869 2 104.41 -18.037 -5.693 0.99007 0.11344 -0.07887 -0.02613 3 
129.596 -45.836 -14.236 0.52681 0.66303 0.45272 0.27912 1 137.514 -1.631 -10.155 -0.40582 0.81683 -0.3946 0.11129 2 104.41 -18.038 -5.7 0.99006 0.11342 -0.07888 -0.02623 3 
128.985 -45.391 -14.193 0.53707 0.65224 0.44362 0.2989 1 137.699 -0.804 -9.96 -0.40228 0.8183 -0.39061 0.12642 2 104.414 -18.024 -5.695 0.99005 0.1136 -0.07887 -0.02611 3 
125.915 -46.38 -13.413 0.55751 0.65237 0.35662 0.36935 1 137.643 0.95 -9.24 -0.39512 0.83703 -0.33977 0.16677 2 104.408 -18.036 -5.698 0.99006 0.11351 -0.07885 -0.02621 3 
123.587 -44.704 -14.528 0.33892 0.73024 0.4238 0.41505 1 136.279 6.642 -8.706 -0.3004 0.90235 -0.28766 0.11305 2 104.412 -18.024 -5.684 0.99006 0.1135 -0.07882 -0.02607 3 
123.851 -36.223 -15.819 0.16712 0.66121 0.69802 0.21829 1 132.938 15.067 -8.019 -0.05585 0.9487 -0.31051 0.02088 2 104.411 -18.029 -5.693 0.99006 0.11353 -0.07887 -0.02609 3 
116.979 -25.016 -12.866 0.29927 0.64345 0.66924 0.22028 1 127.472 23.354 -7.636 0.08397 0.89987 -0.428 0.00253 2 104.409 -18.034 -5.689 0.99006 0.11352 -0.07876 -0.02617 3 
110.837 -11.431 -10.094 0.41522 0.62956 0.60325 0.25949 1 121.356 29.593 -8.064 0.12465 0.85477 -0.50159 0.04734 2 104.414 -18.025 -5.696 0.99006 0.11348 -0.07882 -0.02617 3 
103.819 0.492 -8.155 0.47098 0.67129 0.51687 0.24576 1 115.761 34.323 -8.971 0.15747 0.82409 -0.53211 0.11377 2 104.424 -18.008 -5.688 0.99005 0.1136 -0.07883 -0.02603 3 
94.174 11.097 -7.944 0.46346 0.73061 0.4322 0.25421 1 111.186 38.656 -9.112 0.1791 0.80513 -0.55396 0.11318 2 104.425 -18.004 -5.698 0.99004 0.11361 -0.07894 -0.02601 3 
86.406 19.33 -9.739 0.40875 0.74932 0.3611 0.37556 1 107.335 42.276 -9.713 0.20149 0.78524 -0.56258 0.16217 2 104.426 -18.004 -5.703 0.99005 0.1135 -0.07901 -0.02591 3 
82.993 24.2 -11.783 0.36344 0.72671 0.34442 0.47029 1 104.901 44.593 -10.368 0.21416 0.77989 -0.55459 0.19579 2 104.436 -17.99 -5.704 0.99005 0.11353 -0.079 -0.02591 3 
82.353 26.803 -12.952 0.35712 0.70793 0.32944 0.51261 1 103.776 45.706 -10.856 0.22116 0.77563 -0.54625 0.22603 2 104.441 -17.997 -5.69 0.99006 0.11349 -0.07892 -0.02586 3 
82.22 28.314 -13.475 0.3407 0.71266 0.30474 0.53214 1 103.019 46.23 -11.381 0.21499 0.77458 -0.54531 0.23757 2 104.444 -17.982 -5.694 0.99006 0.11349 -0.07895 -0.02584 3 
82.158 28.811 -13.731 0.32084 0.72864 0.29543 0.52808 1 102.384 46.531 -11.998 0.21072 0.77316 -0.5469 0.24232 2 104.447 -17.984 -5.701 0.99006 0.11347 -0.07901 -0.02586 3 
82.195 29.24 -13.934 0.31017 0.73949 0.28426 0.5255 1 102.003 46.69 -11.909 0.21328 0.77308 -0.54085 0.25366 2 104.443 -17.989 -5.689 0.99007 0.11343 -0.07895 -0.02575 3 
81.967 29.395 -14.117 0.29965 0.74207 0.27177 0.53449 1 101.52 46.895 -11.938 0.21446 0.77274 -0.54112 0.25312 2 104.442 -17.991 -5.702 0.99007 0.11339 -0.07901 -0.02586 3 
81.971 29.369 -14.129 0.30063 0.7416 0.26877 0.53611 1 100.421 47.01 -12.571 0.20688 0.76761 -0.54999 0.25591 2 104.447 -17.981 -5.7 0.99005 0.11354 -0.07899 -0.02589 3 
