128.762 -41.216 -14.114 0.56874 0.67807 0.44465 0.13799 1 131.174 3.945 -10.296 -0.52029 0.76101 -0.37036 0.11403 2 103.976 11.386 -5.146 0.9953 -0.04377 -0.0839 0.02068 3 
128.952 -41.729 -14.168 0.56792 0.67881 0.44506 0.13643 1 131.201 3.534 -10.379 -0.52159 0.75944 -0.37209 0.11287 2 103.97 11.41 -5.155 0.9953 -0.04356 -0.08397 0.02081 3 
128.936 -42.12 -14.195 0.57052 0.67636 0.44472 0.13881 1 131.465 3.239 -10.399 -0.52003 0.76003 -0.37328 0.11223 2 103.972 11.393 -5.158 0.99529 -0.04371 -0.08397 0.0208 3 
128.803 -42.456 -14.184 0.57624 0.67188 0.44281 0.14298 1 131.826 3 -10.397 -0.51614 0.7629 -0.37399 0.10828 2 103.972 11.396 -5.164 0.99529 -0.04372 -0.08402 0.0208 3 
128.635 -42.687 -14.162 0.58089 0.66865 0.44087 0.14528 1 132.157 2.86 -10.428 -0.51114 0.76667 -0.37465 0.10293 2 103.973 11.389 -5.152 0.9953 -0.04373 -0.08394 0.02072 3 
128.452 -42.868 -14.167 0.58378 0.66659 0.43988 0.14614 1 132.423 2.751 -10.4 -0.50663 0.76949 -0.37587 0.09966 2 103.974 11.393 -5.157 0.99529 -0.0437 -0.08396 0.02081 3 
128.324 -42.958 -14.16 0.58654 0.66405 0.43958 0.14757 1 132.563 2.714 -10.433 -0.50356 0.77187 -0.37556 0.09793 2 103.971 11.397 -5.165 0.99529 -0.04365 -0.08399 0.02074 3 
128.256 -42.989 -14.168 0.58779 0.66275 0.4396 0.14838 1 132.567 2.676 -10.211 -0.50079 0.77886 -0.35929 0.11618 2 103.975 11.394 -5.157 0.99529 -0.0437 -0.08398 0.02086 3 
128.206 -42.983 -14.166 0.58737 0.66278 0.43978 0.14935 1 132.656 3.576 -9.845 -0.48059 0.80281 -0.33196 0.11973 2 103.973 11.402 -5.161 0.99529 -0.04365 -0.08402 0.02084 3 
128.195 -42.945 -14.178 0.58709 0.66284 0.44105 0.14643 1 131.65 6.293 -9.633 -0.40437 0.85448 -0.31522 0.08353 2 103.974 11.394 -5.159 0.99529 -0.04372 -0.08401 0.02076 3 
128.208 -42.879 -14.174 0.58718 0.66311 0.44122 0.14435 1 128.868 10.503 -9.824 -0.2092 0.91547 -0.34254 0.02876 2 103.973 11.4 -5.153 0.9953 -0.04365 -0.08392 0.02083 3 
128.091 -42.841 -14.152 0.5928 0.65916 0.43932 0.14524 1 125.017 13.855 -10.696 -0.02602 0.91501 -0.40257 -0.00421 2 103.973 11.393 -5.152 0.99529 -0.0437 -0.08394 0.02087 3 
128.024 -42.808 -14.116 0.59725 0.65677 0.43669 0.14576 1 120.811 14.584 -11.959 0.06493 0.90067 -0.4296 -0.00546 2 103.973 11.402 -5.159 0.99529 -0.04365 -0.08402 0.02085 3 
128.199 -42.787 -14.107 0.59656 0.65865 0.43498 0.14521 1 117.691 13.921 -12.914 0.1179 0.87753 -0.46458 -0.0146 2 103.976 11.404 -5.152 0.9953 -0.04361 -0.08397 0.02078 3 
128.578 -42.661 -14.045 0.59156 0.66427 0.43383 0.14349 1 115.69 12.95 -13.327 0.12398 0.87329 -0.47054 -0.02413 2 103.974 11.399 -5.152 0.99529 -0.0437 -0.08395 0.02078 3 
128.901 -42.478 -14.039 0.58708 0.66889 0.43327 0.14209 1 114.115 12.454 -13.439 0.12584 0.86825 -0.47616 -0.05975 2 103.973 11.399 -5.156 0.99529 -0.0437 -0.08395 0.02086 3 
129.105 -42.291 -13.985 0.58423 0.67228 0.43187 0.14214 1 112.768 12.249 -13.469 0.11977 0.8637 -0.48144 -0.08885 2 103.97 11.419 -5.165 0.99529 -0.0435 -0.08412 0.02077 3 
129.226 -42.127 -13.947 0.58075 0.6753 0.43161 0.14285 1 112.253 12.023 -13.557 0.12575 0.85458 -0.48728 -0.12824 2 103.665 11.423 -5.138 0.99563 -0.04375 -0.07966 0.02138 3 
129.292 -41.926 -13.935 0.57699 0.6782 0.43176 0.14391 1 112.169 12.059 -13.691 0.1443 0.8486 -0.48203 -0.16339 2 103.598 11.43 -5.157 0.99582 -0.04044 -0.07912 0.02104 3 
129.215 -41.749 -13.9 0.57608 0.67949 0.43046 0.14535 1 112.036 12.214 -13.696 0.14565 0.84979 -0.47235 -0.18311 2 103.558 11.431 -5.139 0.99596 -0.03792 -0.07872 0.02065 3 
129.098 -41.576 -13.853 0.57615 0.6802 0.42875 0.14679 1 111.931 12.311 -13.674 0.14509 0.85208 -0.46283 -0.19671 2 103.509 11.437 -5.137 0.99613 -0.03351 -0.07869 0.02032 3 
128.986 -41.438 -13.828 0.57697 0.6803 0.4273 0.1474 1 111.857 12.064 -13.626 0.15871 0.84512 -0.46568 -0.2091 2 103.511 11.432 -5.127 0.99613 -0.03395 -0.07848 0.02041 3 
128.954 -41.366 -13.764 0.57624 0.68156 0.42625 0.14744 1 111.719 11.781 -13.66 0.17028 0.83993 -0.46614 -0.21964 2 103.316 11.39 -5.087 0.99585 -0.04433 -0.07664 0.02099 3 
128.941 -41.443 -13.752 0.5774 0.68202 0.42317 0.14962 1 111.279 11.757 -13.508 0.18079 0.83948 -0.46195 -0.22181 2 102.263 11.366 -5.014 0.99678 -0.04663 -0.06164 0.02142 3 
128.921 -41.557 -13.664 0.5787 0.68139 0.42045 0.15503 1 111.039 11.812 -12.958 0.16734 0.83962 -0.45546 -0.24412 2 102.628 11.096 -4.258 0.99606 -0.04168 -0.07683 0.0152 3 
129.048 -41.597 -13.724 0.57776 0.6807 0.42347 0.15335 1 110.883 11.994 -11.631 0.14605 0.83373 -0.45294 -0.28002 2 103.621 11.055 -2.574 0.99378 -0.03708 -0.10403 0.01442 3 
129.117 -41.604 -13.815 0.5795 0.6787 0.4267 0.14656 1 110.729 12.346 -9.995 0.11883 0.82384 -0.46013 -0.30893 2 104.72 11.29 -0.581 0.99085 -0.0208 -0.13153 0.02195 3 
129.07 -41.603 -13.881 0.57996 0.67723 0.43112 0.13836 1 110.746 12.486 -8.387 0.09831 0.81217 -0.46567 -0.33744 2 105.763 11.552 1.406 0.98776 -0.00909 -0.15286 0.02958 3 
128.992 -41.543 -13.972 0.58148 0.67462 0.43512 0.13205 1 110.771 12.75 -6.791 0.07827 0.79992 -0.47544 -0.35771 2 106.713 11.973 3.289 0.98447 0.00685 -0.17051 0.04127 3 
128.893 -41.641 -14.041 0.58458 0.67157 0.43726 0.12672 1 110.79 12.879 -5.632 0.06301 0.79189 -0.47902 -0.37348 2 107.36 12.09 4.72 0.98202 0.01769 -0.1823 0.04567 3 
128.806 -41.706 -14.068 0.5856 0.67053 0.43899 0.12142 1 110.912 12.836 -4.988 0.05475 0.78941 -0.47107 -0.38978 2 108.116 11.748 5.538 0.97972 0.01646 -0.19642 0.03612 3 
128.733 -41.704 -14.17 0.58538 0.66996 0.44135 0.117 1 110.995 12.79 -4.648 0.05471 0.78943 -0.4681 -0.3933 2 108.135 11.606 5.914 0.98028 0.01608 -0.19417 0.03294 3 
128.662 -41.75 -14.184 0.58652 0.66874 0.44205 0.11567 1 110.982 12.8 -4.551 0.05873 0.78639 -0.47277 -0.39323 2 107.921 11.94 6.048 0.98082 0.01675 -0.1896 0.04206 3 
128.625 -41.8 -14.173 0.58657 0.66834 0.44278 0.1149 1 110.985 12.751 -4.507 0.05845 0.78749 -0.46956 -0.39491 2 107.936 11.764 6.034 0.98087 0.01608 -0.19016 0.0384 3 
128.654 -41.809 -14.188 0.58636 0.66858 0.44286 0.11425 1 110.976 12.684 -4.492 0.05993 0.78806 -0.4665 -0.39717 2 107.93 11.647 6.069 0.98095 0.01336 -0.19043 0.03607 3 
128.675 -41.832 -14.197 0.58621 0.66907 0.44254 0.11346 1 110.903 12.643 -4.548 0.06029 0.78775 -0.46815 -0.39578 2 107.771 11.691 6.023 0.98124 0.01487 -0.1883 0.03857 3 
128.728 -41.786 -14.189 0.58545 0.66982 0.4425 0.11303 1 110.834 12.651 -4.569 0.06128 0.78816 -0.4678 -0.39522 2 107.661 11.715 5.985 0.98135 0.01408 -0.18771 0.03897 3 
128.776 -41.724 -14.182 0.58471 0.67049 0.44257 0.11266 1 110.737 12.682 -4.595 0.06146 0.78975 -0.46525 -0.39505 2 107.529 11.634 5.93 0.98161 0.01313 -0.18697 0.03632 3 
128.781 -41.639 -14.146 0.58395 0.67112 0.44279 0.11195 1 110.623 12.687 -4.678 0.06201 0.79149 -0.46319 -0.3939 2 107.299 11.537 5.854 0.98219 0.01276 -0.18441 0.0336 3 
128.782 -41.513 -14.179 0.58304 0.67215 0.44254 0.11154 1 110.529 12.678 -4.747 0.0627 0.79089 -0.46476 -0.39314 2 107.183 11.662 5.78 0.98215 0.01351 -0.18405 0.03627 3 
128.801 -41.402 -14.165 0.58179 0.67279 0.44317 0.1117 1 110.436 12.709 -4.81 0.06382 0.79074 -0.46644 -0.39128 2 107.024 11.757 5.691 0.98234 0.01381 -0.18253 0.03864 3 
128.782 -41.294 -14.151 0.58072 0.6737 0.44323 0.11154 1 110.342 12.774 -4.862 0.06467 0.79244 -0.46555 -0.38875 2 106.773 11.739 5.599 0.98306 0.01389 -0.1789 0.03721 3 
128.79 -41.228 -14.136 0.57967 0.6747 0.44321 0.11105 1 110.313 12.806 -4.915 0.06507 0.79317 -0.46493 -0.38793 2 106.71 11.757 5.528 0.98322 0.0137 -0.17813 0.03686 3 
128.801 -41.138 -14.135 0.57866 0.67552 0.44369 0.10936 1 110.316 12.84 -4.956 0.06527 0.7934 -0.46516 -0.38715 2 106.667 11.81 5.491 0.9834 0.01426 -0.17706 0.03709 3 
128.794 -41.07 -14.152 0.57845 0.67599 0.4434 0.10879 1 110.31 12.885 -5.018 0.06515 0.79423 -0.4651 -0.38554 2 106.59 11.82 5.432 0.98371 0.01496 -0.17533 0.03676 3 
128.798 -41.018 -14.16 0.57844 0.67622 0.44307 0.10878 1 110.325 12.872 -5.026 0.06462 0.79631 -0.4627 -0.38422 2 106.542 11.707 5.36 0.98402 0.01545 -0.17418 0.03354 3 
128.83 -41.011 -14.136 0.57818 0.6767 0.44257 0.1092 1 110.33 12.882 -5.145 0.0651 0.79723 -0.46245 -0.38253 2 106.463 11.674 5.25 0.98439 0.01582 -0.17217 0.03297 3 
128.856 -41.016 -14.129 0.57786 0.67767 0.44117 0.11046 1 110.338 12.88 -5.376 0.06585 0.79903 -0.46225 -0.37886 2 106.34 11.663 4.981 0.98488 0.01641 -0.16929 0.03291 3 
128.874 -41.009 -14.069 0.57807 0.67877 0.43873 0.11238 1 110.322 12.727 -5.875 0.06887 0.80348 -0.45512 -0.37754 2 106.219 11.356 4.403 0.9854 0.01137 -0.16789 0.02589 3 
128.833 -40.963 -14.066 0.5779 0.67963 0.43733 0.11349 1 110.281 12.419 -6.847 0.07826 0.81192 -0.44222 -0.37295 2 105.81 10.772 3.256 0.98668 -0.00067 -0.16217 0.0131 3 
128.781 -40.841 -14.048 0.57587 0.68152 0.43671 0.11483 1 110.343 12.228 -7.94 0.0913 0.81873 -0.43504 -0.36344 2 105.418 10.59 1.936 0.98793 -0.01314 -0.1541 0.00852 3 
128.689 -40.771 -14.016 0.57538 0.68261 0.43491 0.1176 1 110.528 12.03 -9.233 0.10794 0.82293 -0.43682 -0.34689 2 104.907 10.712 0.431 0.98982 -0.02334 -0.13976 0.01326 3 
128.54 -40.729 -13.984 0.57483 0.68369 0.43239 0.1232 1 110.693 11.746 -10.541 0.12112 0.82715 -0.44211 -0.32511 2 104.334 10.742 -1.09 0.99174 -0.02868 -0.12367 0.01823 3 
128.4 -40.643 -13.94 0.57421 0.6845 0.42988 0.13017 1 110.757 11.344 -11.624 0.14202 0.83834 -0.43223 -0.30032 2 103.186 10.297 -2.509 0.99455 -0.03929 -0.09614 0.00945 3 
128.358 -40.637 -13.859 0.57227 0.68693 0.42653 0.13682 1 110.993 11.147 -12.478 0.15939 0.8437 -0.43145 -0.27678 2 102.444 10.344 -3.669 0.99632 -0.0432 -0.07304 0.01223 3 
128.473 -40.573 -13.767 0.56663 0.69186 0.42395 0.14326 1 111.291 11.125 -13.219 0.17789 0.84116 -0.43718 -0.26398 2 102.184 10.953 -4.541 0.99652 -0.05243 -0.05958 0.02549 3 
128.644 -40.704 -13.7 0.56105 0.69662 0.42085 0.15109 1 111.558 11.167 -13.637 0.18977 0.84166 -0.43211 -0.26245 2 102.198 11.137 -5.025 0.99624 -0.06294 -0.05429 0.0245 3 
128.752 -40.79 -13.63 0.55765 0.69962 0.41717 0.15978 1 111.609 11.185 -13.712 0.18947 0.8404 -0.42856 -0.27232 2 102.758 11.212 -5.037 0.99497 -0.0696 -0.06829 0.02299 3 
128.711 -41.008 -13.561 0.56039 0.69852 0.41306 0.16559 1 111.715 11.214 -13.855 0.18703 0.83935 -0.42917 -0.27627 2 103.23 11.253 -5.094 0.99426 -0.06983 -0.07741 0.02404 3 
128.792 -41.193 -13.545 0.56187 0.69702 0.41238 0.16855 1 111.948 11.246 -13.922 0.1812 0.84111 -0.42772 -0.27705 2 103.767 11.219 -5.162 0.99394 -0.06618 -0.0848 0.02286 3 
128.593 -41.756 -13.434 0.5722 0.68915 0.40347 0.18671 1 112.002 11.267 -13.928 0.18032 0.84203 -0.4325 -0.26722 2 103.79 11.241 -5.162 0.9939 -0.06699 -0.0846 0.02289 3 
127.515 -43.466 -12.823 0.59308 0.67785 0.34813 0.25998 1 112.114 11.368 -13.812 0.17293 0.8478 -0.44761 -0.22575 2 103.782 11.26 -5.171 0.99391 -0.06675 -0.08462 0.02294 3 
126.263 -45.369 -13.014 0.54958 0.70775 0.33271 0.29386 1 113.871 11.404 -13.671 0.17658 0.85721 -0.45449 -0.16567 2 103.791 11.257 -5.154 0.99391 -0.06684 -0.08449 0.023 3 
125.344 -45.618 -13.992 0.47401 0.75054 0.38373 0.25448 1 118.529 10.99 -13.752 0.18769 0.85069 -0.46461 -0.15888 2 103.799 11.253 -5.166 0.9939 -0.06699 -0.08452 0.02304 3 
125.424 -43.807 -15.673 0.37283 0.76807 0.47763 0.20723 1 124.17 10.729 -13.498 0.20189 0.84676 -0.46245 -0.16844 2 103.783 11.265 -5.16 0.99392 -0.06672 -0.08448 0.02304 3 
124.463 -41.301 -16.509 0.32914 0.76413 0.50803 0.22288 1 128.561 11.691 -12.756 0.22636 0.84306 -0.45734 -0.16985 2 103.799 11.257 -5.157 0.99392 -0.0668 -0.08443 0.02299 3 
122.083 -36.78 -16.046 0.37067 0.69642 0.53159 0.30824 1 130.67 13.8 -11.816 0.21399 0.84045 -0.47322 -0.15463 2 103.792 11.261 -5.164 0.99392 -0.06676 -0.08453 0.02299 3 
122.878 -27.415 -19.028 0.14186 0.38938 0.76363 0.49509 1 130.808 17.029 -10.945 0.20105 0.84198 -0.49088 -0.0984 2 103.789 11.273 -5.169 0.99392 -0.06668 -0.08453 0.02295 3 
117.285 -23.009 -16.869 0.24144 0.48553 0.69876 0.46658 1 129.524 21.525 -10.377 0.21426 0.82658 -0.51689 -0.06071 2 103.804 11.253 -5.156 0.99391 -0.06693 -0.08446 0.02291 3 
115.46 -13.123 -14.962 0.33295 0.46593 0.63885 0.51373 1 127.223 26.343 -9.714 0.17764 0.83481 -0.51476 -0.08093 2 103.791 11.254 -5.149 0.99392 -0.06683 -0.0844 0.02305 3 
115.996 -2.71 -14.171 0.33183 0.43671 0.65753 0.51655 1 124.795 31.624 -9.137 0.14934 0.83551 -0.51803 -0.10616 2 103.799 11.264 -5.157 0.99392 -0.0668 -0.08441 0.02302 3 
113.901 6.301 -12.811 0.35521 0.47118 0.66415 0.45905 1 121.998 37.096 -8.787 0.16769 0.81924 -0.52838 -0.14678 2 103.794 11.257 -5.16 0.99391 -0.0669 -0.0845 0.023 3 
109.175 14.487 -11.812 0.36388 0.53787 0.64107 0.40903 1 117.815 40.824 -8.769 0.23456 0.80267 -0.53858 -0.10313 2 103.79 11.275 -5.157 0.99392 -0.06671 -0.08448 0.02296 3 
103.209 19.81 -11.086 0.34771 0.69613 0.53756 0.32485 1 113.637 43.254 -9.211 0.2387 0.78965 -0.56365 -0.04203 2 103.8 11.258 -5.158 0.99391 -0.06692 -0.08446 0.02304 3 
96.455 23.572 -11.021 0.29277 0.79282 0.46171 0.26933 1 109.996 44.887 -9.685 0.23321 0.77735 -0.58395 0.01859 2 103.796 11.272 -5.161 0.99392 -0.06678 -0.08449 0.02303 3 
90.877 25.138 -11.531 0.24398 0.83278 0.40866 0.28275 1 106.915 45.879 -10.382 0.22835 0.75616 -0.60431 0.10435 2 103.8 11.27 -5.158 0.99392 -0.06682 -0.08445 0.02301 3 
87.567 26.266 -12.422 0.22935 0.80387 0.42214 0.35069 1 104.624 46.762 -10.953 0.22389 0.74736 -0.61314 0.12408 2 103.809 11.272 -5.159 0.99391 -0.06691 -0.08448 0.02307 3 
86.058 27.402 -13.281 0.21998 0.77693 0.41967 0.41458 1 102.778 47.342 -11.848 0.21949 0.74059 -0.62205 0.12807 2 103.801 11.296 -5.166 0.99392 -0.06665 -0.08448 0.02313 3 
85.525 28.378 -14.007 0.21953 0.75577 0.4011 0.46875 1 102.046 47.575 -12.364 0.23315 0.74415 -0.60946 0.14294 2 103.805 11.277 -5.173 0.99391 -0.06683 -0.08453 0.02312 3 
85.28 28.748 -14.375 0.21029 0.75763 0.3888 0.48021 1 102.092 47.881 -12.392 0.23812 0.74639 -0.60488 0.1425 2 103.81 11.287 -5.157 0.99392 -0.06679 -0.08445 0.0232 3 
84.946 28.842 -14.384 0.1954 0.76273 0.39013 0.47734 1 101.978 47.99 -12.498 0.23808 0.74561 -0.60426 0.14916 2 103.806 11.288 -5.16 0.99392 -0.06673 -0.08446 0.02316 3 
84.725 28.998 -14.46 0.19043 0.7675 0.3781 0.48138 1 101.37 47.943 -12.756 0.23141 0.74916 -0.59924 0.16164 2 103.815 11.286 -5.164 0.99392 -0.06681 -0.08447 0.02311 3 
84.628 28.94 -14.524 0.18432 0.76294 0.3844 0.48599 1 100.509 47.879 -13.254 0.22603 0.75542 -0.59073 0.17116 2 103.811 11.288 -5.165 0.99391 -0.06678 -0.08448 0.02318 3 
