119.266 -43.067 -13.601 0.6127 0.62217 0.45052 0.18584 1 122.737 -0.287 -10.384 -0.51375 0.7665 -0.35746 0.1441 2 77.493 16.549 -3.881 0.99301 -0.05534 -0.09547 0.04183 3 
119.095 -43.008 -13.64 0.61297 0.62133 0.45177 0.18473 1 122.595 -0.248 -10.397 -0.51261 0.76653 -0.35908 0.14398 2 77.493 16.554 -3.88 0.99302 -0.05531 -0.09545 0.04181 3 
119.027 -43.002 -13.609 0.61301 0.62166 0.45105 0.18524 1 122.467 -0.227 -10.42 -0.51362 0.76549 -0.36015 0.14323 2 77.493 16.553 -3.877 0.99302 -0.05529 -0.09544 0.04183 3 
118.994 -42.992 -13.596 0.61199 0.62303 0.45108 0.1839 1 122.321 -0.224 -10.42 -0.51422 0.7646 -0.36188 0.14147 2 77.491 16.553 -3.876 0.99302 -0.05527 -0.09542 0.04179 3 
118.946 -42.937 -13.604 0.61097 0.624 0.45192 0.18197 1 122.15 -0.157 -10.453 -0.51516 0.76351 -0.36271 0.14176 2 77.493 16.552 -3.88 0.99302 -0.0553 -0.09546 0.04181 3 
118.883 -42.8 -13.615 0.6104 0.62503 0.45223 0.17957 1 121.865 0.099 -10.388 -0.5174 0.76325 -0.35234 0.15999 2 77.493 16.547 -3.876 0.99302 -0.05533 -0.09543 0.0418 3 
118.787 -42.742 -13.577 0.60833 0.62818 0.45055 0.17981 1 120.558 2.547 -10.364 -0.46949 0.79522 -0.34081 0.17621 2 77.494 16.549 -3.876 0.99302 -0.05533 -0.09545 0.04178 3 
118.735 -42.648 -13.583 0.6031 0.63323 0.45243 0.17493 1 115.991 8.983 -11.261 -0.21909 0.88978 -0.36563 0.1631 2 77.493 16.55 -3.878 0.99302 -0.05532 -0.09543 0.04181 3 
118.697 -42.542 -13.56 0.6004 0.63617 0.45217 0.17421 1 109.859 15.365 -12.027 0.06211 0.89192 -0.44181 0.07365 2 77.494 16.552 -3.878 0.99302 -0.0553 -0.09546 0.04181 3 
118.804 -42.296 -13.503 0.5931 0.64172 0.45334 0.1758 1 101.801 17.614 -12.246 0.15566 0.88428 -0.44003 0.0139 2 77.497 16.552 -3.883 0.99301 -0.05533 -0.0955 0.0418 3 
118.978 -41.955 -13.452 0.58525 0.64847 0.45307 0.17805 1 94.934 17.715 -12.596 0.23071 0.84684 -0.47853 -0.02521 2 77.497 16.557 -3.881 0.99301 -0.05529 -0.09546 0.04183 3 
119.386 -41.684 -13.384 0.57034 0.66038 0.45455 0.17889 1 89.978 16.952 -12.781 0.24411 0.83569 -0.49141 -0.0232 2 77.496 16.557 -3.882 0.99301 -0.05526 -0.09549 0.04182 3 
119.961 -41.303 -13.4 0.55023 0.67396 0.45946 0.17865 1 87.236 16.448 -12.906 0.24303 0.83496 -0.49152 -0.04665 2 77.496 16.56 -3.881 0.99301 -0.05525 -0.09551 0.04184 3 
120.422 -40.984 -13.344 0.53349 0.68389 0.4632 0.18203 1 86.144 16.22 -13.106 0.25749 0.83025 -0.48225 -0.10868 2 77.41 16.567 -3.889 0.99311 -0.05529 -0.0944 0.04209 3 
120.591 -40.69 -13.303 0.5236 0.69008 0.46343 0.18671 1 85.804 16.161 -13.266 0.27808 0.82825 -0.45502 -0.17213 2 77.018 16.615 -3.848 0.99397 -0.04706 -0.08971 0.04201 3 
120.619 -40.425 -13.232 0.5166 0.6951 0.4622 0.19061 1 85.572 16.145 -13.347 0.27586 0.82335 -0.44952 -0.20957 2 76.902 16.645 -3.854 0.99406 -0.04573 -0.08932 0.04213 3 
120.452 -40.371 -13.122 0.51533 0.69683 0.45989 0.19329 1 85.423 16.258 -13.242 0.27291 0.82725 -0.43648 -0.22507 2 76.796 16.682 -3.837 0.99426 -0.04233 -0.08892 0.04175 3 
120.228 -40.494 -13.128 0.51992 0.69564 0.45613 0.19421 1 85.375 16.204 -13.118 0.28156 0.82497 -0.42868 -0.23742 2 76.836 16.676 -3.833 0.99425 -0.04213 -0.0893 0.04151 3 
120.078 -40.836 -13.059 0.52499 0.69424 0.45178 0.19574 1 85.282 16.051 -12.986 0.29691 0.81936 -0.42238 -0.24918 2 76.067 16.69 -3.725 0.99507 -0.05636 -0.06947 0.04276 3 
120.241 -40.998 -13.027 0.52339 0.69615 0.45129 0.19438 1 85.742 16.153 -12.657 0.29509 0.81711 -0.41726 -0.26674 2 76.698 16.719 -3.264 0.99463 -0.06015 -0.07415 0.04004 3 
120.313 -41.138 -13.105 0.52413 0.69634 0.45231 0.18925 1 86.024 16.582 -11.693 0.27149 0.80628 -0.43078 -0.30105 2 78.511 17.317 -1.945 0.99125 -0.05067 -0.11153 0.04919 3 
120.064 -41.328 -13.174 0.53222 0.69099 0.45216 0.18662 1 85.839 17.045 -10.264 0.23903 0.79855 -0.4405 -0.33338 2 79.952 17.53 -0.094 0.98689 -0.03387 -0.15021 0.04832 3 
119.785 -41.39 -13.245 0.54139 0.68461 0.45356 0.18024 1 85.606 17.251 -8.643 0.20371 0.79435 -0.44258 -0.36282 2 81.221 17.11 1.879 0.98217 -0.01564 -0.18422 0.03404 3 
119.717 -41.389 -13.33 0.54567 0.6817 0.45619 0.1715 1 85.579 17.226 -7.177 0.17215 0.78422 -0.45218 -0.38847 2 82.618 17.03 3.705 0.97623 0.00424 -0.2138 0.03523 3 
119.779 -41.471 -13.377 0.54785 0.68054 0.45834 0.16327 1 85.47 17.156 -5.961 0.15503 0.76928 -0.46967 -0.40445 2 83.603 17.463 5.221 0.97034 0.01661 -0.236 0.04965 3 
119.984 -41.572 -13.437 0.548 0.68056 0.46023 0.15722 1 85.303 17.19 -5.052 0.14223 0.76204 -0.47689 -0.4143 2 84.02 17.751 6.327 0.96684 0.02767 -0.24713 0.0581 3 
120.206 -41.756 -13.491 0.54637 0.68163 0.4623 0.15216 1 85.232 17.113 -4.371 0.13389 0.76198 -0.47244 -0.42221 2 84.267 17.339 7.121 0.96568 0.03083 -0.25319 0.04911 3 
120.342 -41.921 -13.503 0.54557 0.68241 0.46354 0.14761 1 85.24 17.003 -4.043 0.13161 0.7597 -0.47375 -0.42556 2 84.375 17.279 7.552 0.96509 0.03315 -0.25489 0.05027 3 
120.382 -42.035 -13.546 0.54552 0.68282 0.4641 0.14412 1 85.337 16.947 -3.825 0.13114 0.7564 -0.47758 -0.42729 2 84.512 17.537 7.801 0.9644 0.03654 -0.2551 0.05933 3 
120.282 -42.212 -13.546 0.54743 0.68184 0.46376 0.14262 1 85.402 16.933 -3.625 0.12988 0.76006 -0.47195 -0.42744 2 84.44 17.225 8.019 0.96567 0.03746 -0.25185 0.05153 3 
120.157 -42.351 -13.556 0.54992 0.68068 0.46263 0.14225 1 85.47 16.988 -3.478 0.13079 0.76165 -0.46683 -0.42995 2 84.459 17.085 8.19 0.96633 0.03486 -0.25082 0.0457 3 
120.14 -42.45 -13.561 0.55057 0.6805 0.46243 0.14125 1 85.627 17.051 -3.353 0.13099 0.76115 -0.46584 -0.43184 2 84.635 17.182 8.331 0.96627 0.03485 -0.25093 0.04631 3 
120.151 -42.529 -13.582 0.55158 0.67986 0.46232 0.14075 1 85.732 17.166 -3.272 0.13325 0.76238 -0.46247 -0.43261 2 84.616 17.212 8.417 0.96717 0.03231 -0.24813 0.04434 3 
120.23 -42.533 -13.596 0.55189 0.67952 0.4626 0.14029 1 85.89 17.241 -3.246 0.13416 0.76395 -0.45993 -0.43225 2 84.685 17.178 8.422 0.96782 0.03132 -0.24614 0.04183 3 
120.311 -42.512 -13.613 0.55249 0.67937 0.46225 0.13977 1 85.98 17.293 -3.232 0.13515 0.76572 -0.45934 -0.42944 2 84.586 17.235 8.418 0.96884 0.03284 -0.24187 0.04211 3 
120.461 -42.444 -13.599 0.5519 0.67971 0.46246 0.13976 1 86.005 17.323 -3.222 0.13609 0.76801 -0.45648 -0.42809 2 84.451 17.132 8.428 0.96986 0.03269 -0.23832 0.03886 3 
120.595 -42.456 -13.574 0.55089 0.68027 0.4627 0.14023 1 85.947 17.341 -3.214 0.13679 0.76917 -0.45716 -0.42505 2 84.213 17.183 8.42 0.97071 0.03477 -0.23429 0.04034 3 
120.705 -42.446 -13.602 0.54999 0.68103 0.46283 0.13966 1 85.917 17.325 -3.23 0.13682 0.76974 -0.45749 -0.42365 2 84.091 17.207 8.413 0.9711 0.03684 -0.23201 0.04217 3 
120.814 -42.393 -13.589 0.54887 0.68186 0.46316 0.1389 1 85.92 17.295 -3.226 0.13554 0.77047 -0.45732 -0.42291 2 84.071 17.148 8.403 0.97119 0.03869 -0.23144 0.04156 3 
120.907 -42.344 -13.559 0.54781 0.68257 0.46339 0.13882 1 85.896 17.331 -3.226 0.13577 0.7698 -0.45893 -0.42232 2 84.013 17.267 8.417 0.97125 0.03961 -0.23058 0.04395 3 
120.984 -42.347 -13.583 0.54717 0.68314 0.46344 0.13839 1 85.909 17.326 -3.191 0.13508 0.76968 -0.45838 -0.42336 2 84.053 17.22 8.462 0.97118 0.03946 -0.23111 0.04303 3 
121.046 -42.377 -13.594 0.54698 0.68327 0.46347 0.1384 1 85.93 17.287 -3.157 0.13401 0.76954 -0.45841 -0.42392 2 84.109 17.194 8.491 0.97095 0.04074 -0.23179 0.04335 3 
121.097 -42.383 -13.605 0.54689 0.68323 0.46372 0.13808 1 85.936 17.242 -3.156 0.13347 0.77051 -0.45775 -0.42303 2 84.073 17.088 8.485 0.97122 0.04138 -0.23076 0.04199 3 
121.104 -42.426 -13.601 0.54682 0.68309 0.46413 0.13771 1 85.925 17.181 -3.18 0.13422 0.77191 -0.45721 -0.42083 2 83.934 17.007 8.462 0.9719 0.04179 -0.22791 0.04147 3 
121.089 -42.456 -13.622 0.54712 0.68247 0.46479 0.13733 1 85.9 17.082 -3.194 0.13382 0.77289 -0.45647 -0.41995 2 83.858 16.86 8.44 0.9722 0.04244 -0.22673 0.04035 3 
121.044 -42.53 -13.615 0.54762 0.68198 0.46518 0.13652 1 85.859 16.959 -3.189 0.13351 0.77393 -0.45481 -0.41995 2 83.798 16.66 8.427 0.97237 0.04227 -0.22639 0.03813 3 
121.053 -42.543 -13.616 0.54704 0.68244 0.4656 0.13507 1 85.819 16.858 -3.221 0.13375 0.77394 -0.4549 -0.41976 2 83.74 16.587 8.405 0.97243 0.04251 -0.226 0.03859 3 
120.992 -42.645 -13.645 0.54768 0.68197 0.46558 0.13486 1 85.788 16.738 -3.231 0.13361 0.77366 -0.45503 -0.42018 2 83.706 16.481 8.407 0.97244 0.0427 -0.2259 0.03884 3 
120.921 -42.686 -13.67 0.54874 0.68103 0.4657 0.13494 1 85.745 16.638 -3.186 0.13251 0.77379 -0.45437 -0.421 2 83.697 16.351 8.465 0.97231 0.04323 -0.22656 0.03767 3 
120.864 -42.678 -13.672 0.54928 0.68032 0.4662 0.13458 1 85.675 16.582 -3.14 0.13075 0.7754 -0.45191 -0.42124 2 83.641 16.15 8.497 0.97232 0.04395 -0.22693 0.03405 3 
120.843 -42.635 -13.73 0.54861 0.68014 0.46761 0.13332 1 85.597 16.543 -3.128 0.12976 0.77693 -0.44912 -0.42171 2 83.561 15.984 8.507 0.97247 0.04385 -0.22684 0.0304 3 
120.811 -42.601 -13.732 0.54791 0.68021 0.4683 0.13343 1 85.438 16.553 -3.183 0.13071 0.77812 -0.4487 -0.41965 2 83.296 15.985 8.455 0.97296 0.04404 -0.22468 0.0304 3 
120.736 -42.581 -13.694 0.54718 0.68066 0.46819 0.13451 1 85.222 16.573 -3.299 0.13127 0.7798 -0.4468 -0.41839 2 83.027 15.928 8.3 0.97332 0.04315 -0.22351 0.02876 3 
120.684 -42.529 -13.677 0.54621 0.68161 0.46737 0.13646 1 84.913 16.573 -3.672 0.13411 0.78375 -0.44104 -0.41621 2 82.535 15.759 7.856 0.97444 0.03793 -0.22019 0.02353 3 
120.69 -42.444 -13.633 0.5447 0.68319 0.46556 0.14074 1 84.521 16.582 -4.507 0.14036 0.78957 -0.43117 -0.41349 2 81.937 15.513 6.845 0.97552 0.02873 -0.21751 0.01487 3 
120.721 -42.391 -13.556 0.54355 0.68414 0.46302 0.14872 1 84.044 16.582 -5.987 0.15621 0.79444 -0.43038 -0.39904 2 80.972 15.62 5.11 0.97751 0.01617 -0.20965 0.01588 3 
120.879 -42.231 -13.451 0.54036 0.68568 0.46076 0.15985 1 83.909 16.461 -7.867 0.18847 0.79712 -0.43512 -0.37383 2 79.568 16.2 2.867 0.9825 -0.00292 -0.18344 0.03213 3 
121.157 -42.057 -13.398 0.53498 0.68864 0.45839 0.17163 1 84.29 16.302 -9.728 0.23007 0.79969 -0.43366 -0.34569 2 78.291 16.935 0.605 0.98751 -0.02788 -0.14621 0.05168 3 
121.574 -41.899 -13.336 0.52638 0.69287 0.4561 0.18663 1 84.955 16.185 -11.219 0.26745 0.8075 -0.41715 -0.32001 2 77.237 17.099 -1.33 0.9916 -0.05295 -0.10537 0.0531 3 
121.834 -41.679 -13.274 0.51945 0.69664 0.45364 0.19766 1 85.723 16.054 -12.321 0.28171 0.81725 -0.40033 -0.30411 2 77.097 16.703 -2.701 0.99358 -0.06383 -0.08403 0.04084 3 
121.838 -41.421 -13.141 0.51655 0.69727 0.45144 0.20783 1 86.267 15.985 -12.958 0.29031 0.82177 -0.3906 -0.2964 2 77.166 16.503 -3.526 0.99418 -0.07197 -0.07303 0.03315 3 
121.825 -41.213 -13.07 0.51351 0.69835 0.44937 0.21604 1 86.718 16.075 -13.333 0.28962 0.81752 -0.39547 -0.3023 2 78.111 16.822 -3.845 0.99282 -0.07463 -0.08502 0.03877 3 
121.858 -41.085 -13.03 0.51112 0.69918 0.44863 0.22051 1 86.951 16.249 -13.487 0.28666 0.81378 -0.3999 -0.30931 2 78.809 17.164 -3.934 0.99155 -0.07522 -0.09608 0.04395 3 
121.761 -40.977 -13.061 0.5133 0.6975 0.44871 0.22063 1 86.976 16.372 -13.525 0.27994 0.81667 -0.40374 -0.30278 2 78.814 17.178 -3.943 0.99213 -0.06775 -0.09596 0.04347 3 
121.335 -41.066 -13.062 0.52335 0.69124 0.44754 0.21907 1 87.02 16.746 -13.447 0.25584 0.82427 -0.43547 -0.25589 2 78.718 17.218 -3.943 0.99298 -0.05527 -0.0957 0.04222 3 
120.729 -41.422 -13.096 0.53938 0.68174 0.44492 0.21529 1 90.057 18.213 -13.035 0.23229 0.82625 -0.46936 -0.20749 2 78.762 17.215 -3.953 0.99291 -0.05555 -0.09622 0.04226 3 
120.757 -41.889 -13.184 0.54034 0.67898 0.45161 0.20754 1 98.65 21.269 -11.825 0.19767 0.85842 -0.42397 -0.21044 2 78.76 17.208 -3.951 0.99291 -0.05561 -0.09618 0.0422 3 
120.632 -42.44 -13.401 0.544 0.67414 0.45784 0.19995 1 107.307 21.583 -9.892 0.12093 0.93931 -0.28865 -0.14053 2 78.749 17.214 -3.947 0.99293 -0.05538 -0.09616 0.0422 3 
119.827 -43.024 -13.473 0.5594 0.66265 0.45705 0.19766 1 114.444 19.38 -8.198 0.01749 0.99176 -0.12262 -0.03257 2 78.763 17.208 -3.95 0.99291 -0.05564 -0.09619 0.04216 3 
118.872 -43.604 -13.567 0.57973 0.64613 0.45464 0.19932 1 120.067 14.569 -7.958 -0.06925 0.98433 -0.13812 0.08499 2 78.751 17.204 -3.943 0.99293 -0.05553 -0.09611 0.04217 3 
117.727 -43.955 -13.631 0.60278 0.62588 0.4529 0.19952 1 122.986 6.721 -8.51 -0.23062 0.93554 -0.18728 0.19104 2 78.753 17.201 -3.949 0.99292 -0.05555 -0.09618 0.04215 3 
116.64 -44.225 -13.75 0.62465 0.60591 0.45004 0.20038 1 123.379 1.016 -9.117 -0.35332 0.88309 -0.24376 0.18948 2 78.756 17.198 -3.944 0.99292 -0.05568 -0.09615 0.04209 3 
115.824 -44.46 -13.855 0.64134 0.58997 0.44838 0.19894 1 122.111 -1.035 -9.33 -0.45035 0.85099 -0.21503 0.16359 2 78.747 17.204 -3.947 0.99293 -0.05545 -0.09615 0.04215 3 
115.487 -44.815 -13.942 0.65131 0.57838 0.45149 0.19347 1 121.495 -3.037 -9.637 -0.5278 0.79286 -0.24047 0.18704 2 78.753 17.199 -3.942 0.99293 -0.05558 -0.09611 0.04212 3 
115.63 -45.312 -13.99 0.6519 0.57865 0.45333 0.18626 1 120.771 -3.661 -9.886 -0.55915 0.76373 -0.26484 0.1842 2 78.753 17.194 -3.953 0.99291 -0.05562 -0.09624 0.04214 3 
116.113 -45.718 -14.091 0.64384 0.58582 0.45843 0.17922 1 120.572 -4.013 -9.805 -0.55891 0.76535 -0.2582 0.18758 2 78.751 17.196 -3.944 0.99292 -0.05555 -0.09615 0.04217 3 
116.562 -45.95 -14.168 0.63815 0.58789 0.46584 0.17362 1 120.825 -4.176 -9.861 -0.55593 0.76414 -0.26721 0.18877 2 78.752 17.199 -3.943 0.99292 -0.05557 -0.09612 0.04215 3 
116.831 -45.926 -14.263 0.63626 0.58549 0.47117 0.17429 1 121.318 -4.163 -9.788 -0.54803 0.76694 -0.26978 0.19671 2 78.753 17.2 -3.945 0.99292 -0.05556 -0.09613 0.04216 3 
116.96 -45.953 -14.278 0.63914 0.58 0.46798 0.18997 1 121.869 -3.986 -9.733 -0.53938 0.77177 -0.26497 0.20791 2 78.748 17.2 -3.944 0.99292 -0.05551 -0.09614 0.04213 3 
116.341 -47.42 -13.873 0.64131 0.60237 0.40451 0.24949 1 122.721 -1.282 -9.152 -0.48004 0.82426 -0.21802 0.20644 2 78.75 17.188 -3.944 0.99292 -0.05562 -0.09616 0.04207 3 
116.19 -48.278 -14.992 0.51669 0.67675 0.44874 0.27143 1 122.423 5.444 -8.74 -0.22635 0.92686 -0.24858 0.16706 2 78.741 17.185 -3.943 0.99292 -0.05554 -0.09617 0.04205 3 
113.155 -43.985 -14.249 0.53018 0.66041 0.43893 0.30017 1 119.912 12.976 -8.053 0.06627 0.92102 -0.36653 0.11398 2 78.743 17.189 -3.946 0.99293 -0.05552 -0.09613 0.04209 3 
107.792 -39.12 -13.62 0.43934 0.6905 0.29885 0.49079 1 116.752 19.645 -7.831 0.14753 0.87352 -0.45274 0.10116 2 78.747 17.19 -3.948 0.99292 -0.05561 -0.09618 0.04208 3 
104.225 -32.518 -11.868 0.4401 0.69875 0.25882 0.50106 1 113.917 25.709 -8.087 0.17684 0.85672 -0.48113 0.0572 2 78.74 17.191 -3.94 0.99293 -0.0555 -0.0961 0.0421 3 
100.491 -23.145 -11.05 0.42074 0.65528 0.254 0.57364 1 111.036 31.523 -8.483 0.18408 0.83612 -0.51287 0.06303 2 78.748 17.194 -3.946 0.99292 -0.0556 -0.09616 0.0421 3 
94.501 -13.246 -10.204 0.39872 0.65051 0.38803 0.517 1 108.816 36.858 -9.648 0.22988 0.82052 -0.51731 0.07931 2 78.795 17.241 -3.952 0.99291 -0.05563 -0.09617 0.04237 3 
91.617 -0.117 -9.351 0.38482 0.63933 0.52383 0.41082 1 106.941 40.34 -10.084 0.25893 0.78666 -0.5532 0.08994 2 78.785 17.253 -3.957 0.99291 -0.05555 -0.09617 0.04243 3 
89.352 11.415 -9.307 0.42522 0.68232 0.41946 0.42152 1 104.538 42.855 -10.953 0.25514 0.76714 -0.57369 0.13141 2 78.789 17.251 -3.955 0.9929 -0.05562 -0.09617 0.04242 3 
85.692 20.222 -10.82 0.36903 0.62773 0.47455 0.49455 1 102.726 44.662 -11.762 0.25425 0.76469 -0.57349 0.14735 2 78.804 17.263 -3.956 0.99291 -0.0556 -0.09613 0.04248 3 
83.381 24.495 -12.288 0.30302 0.61172 0.47202 0.55783 1 101.861 45.792 -12.407 0.2604 0.75067 -0.58123 0.17566 2 78.798 17.263 -3.957 0.9929 -0.05558 -0.09616 0.04248 3 
82.889 26.234 -13.313 0.28205 0.62065 0.40154 0.61156 1 101.515 46.378 -12.287 0.26236 0.74555 -0.58385 0.1856 2 78.815 17.274 -3.96 0.9929 -0.05565 -0.09618 0.04257 3 
82.711 27.086 -13.704 0.26466 0.62716 0.37343 0.63022 1 101.52 46.618 -12.415 0.26301 0.74269 -0.58409 0.19512 2 78.811 17.276 -3.962 0.9929 -0.05558 -0.09618 0.0426 3 
82.835 27.651 -14.179 0.25406 0.62374 0.36608 0.64218 1 101.499 46.951 -12.503 0.26319 0.74262 -0.58186 0.20169 2 78.82 17.277 -3.96 0.99289 -0.05568 -0.09618 0.04254 3 
82.853 28.255 -14.395 0.24505 0.62703 0.3652 0.64297 1 101.306 46.821 -12.551 0.25689 0.73724 -0.58891 0.20898 2 78.817 17.275 -3.964 0.99289 -0.05565 -0.09623 0.04256 3 
82.777 28.732 -14.489 0.24765 0.63181 0.33883 0.65168 1 100.603 46.997 -12.915 0.25061 0.73818 -0.58892 0.21321 2 78.814 17.277 -3.964 0.9929 -0.05555 -0.09621 0.04257 3 
82.843 28.96 -14.588 0.24383 0.61816 0.34224 0.6643 1 99.924 47.008 -13.715 0.2505 0.73784 -0.58734 0.21879 2 78.819 17.278 -3.959 0.9929 -0.05561 -0.09617 0.0426 3 
