117.659 -44.436 -13.768 0.56847 0.65103 0.48291 0.14073 1 119.152 -1.729 -10.254 -0.52891 0.77204 -0.32775 0.12961 2 44.986 -56.663 5.314 0.98328 0.04662 -0.10205 -0.14345 3 
117.658 -44.441 -13.783 0.56793 0.652 0.48262 0.13942 1 119.051 -1.742 -10.267 -0.53005 0.77082 -0.32881 0.12946 2 44.987 -56.662 5.314 0.98328 0.04666 -0.10208 -0.14343 3 
117.615 -44.444 -13.791 0.56797 0.65235 0.48222 0.13901 1 119.013 -1.773 -10.271 -0.53003 0.77033 -0.33033 0.1286 2 44.987 -56.662 5.312 0.98327 0.04666 -0.10209 -0.14345 3 
117.501 -44.443 -13.791 0.56921 0.65145 0.48192 0.13917 1 119.011 -1.766 -10.304 -0.52933 0.77014 -0.3324 0.1273 2 44.986 -56.663 5.316 0.98328 0.04663 -0.10206 -0.14344 3 
117.362 -44.459 -13.763 0.57091 0.6505 0.48032 0.14211 1 119.041 -1.767 -10.347 -0.52764 0.77102 -0.33374 0.12548 2 44.988 -56.661 5.314 0.98327 0.04667 -0.10206 -0.14345 3 
117.232 -44.445 -13.744 0.5722 0.64996 0.47892 0.14414 1 119.076 -1.748 -10.366 -0.52555 0.77195 -0.33575 0.12316 2 44.986 -56.662 5.315 0.98328 0.04664 -0.10205 -0.14344 3 
117.142 -44.451 -13.733 0.57236 0.65032 0.4779 0.14525 1 119.076 -1.761 -10.409 -0.52388 0.77251 -0.33775 0.12127 2 44.987 -56.662 5.313 0.98328 0.04665 -0.10208 -0.14343 3 
117.108 -44.433 -13.708 0.57117 0.65282 0.47653 0.1432 1 119.046 -1.709 -10.372 -0.52333 0.77098 -0.34168 0.12232 2 44.989 -56.66 5.313 0.98327 0.04668 -0.10208 -0.14344 3 
116.905 -44.959 -13.409 0.57093 0.66371 0.45466 0.16376 1 119.028 -1.714 -10.406 -0.52059 0.76923 -0.34837 0.12615 2 44.984 -56.663 5.316 0.98328 0.0466 -0.10205 -0.14343 3 
116.757 -47.327 -12.71 0.53852 0.71894 0.40981 0.15867 1 119.024 -1.678 -10.442 -0.51253 0.77016 -0.35586 0.13238 2 44.99 -56.659 5.314 0.98327 0.0467 -0.10207 -0.14345 3 
117.33 -49.962 -11.892 0.43282 0.79465 0.42283 0.04911 1 118.557 -1.632 -10.437 -0.51429 0.76528 -0.36151 0.13843 2 44.987 -56.662 5.312 0.98327 0.04664 -0.10207 -0.14345 3 
116.345 -51.822 -10.387 0.32221 0.80734 0.46677 -0.16284 1 117.785 -1.648 -10.545 -0.52475 0.75604 -0.36381 0.14383 2 44.987 -56.662 5.314 0.98328 0.04664 -0.10205 -0.14346 3 
112.89 -53.683 -7.994 0.24311 0.71971 0.54704 -0.35167 1 116.923 -1.72 -10.587 -0.53746 0.74625 -0.3631 0.14971 2 44.987 -56.662 5.313 0.98327 0.04664 -0.10207 -0.14346 3 
107.723 -55.035 -4.671 0.24959 0.65086 0.56795 -0.43762 1 116.265 -1.716 -10.607 -0.5435 0.74097 -0.36411 0.15166 2 44.988 -56.661 5.314 0.98328 0.04665 -0.10206 -0.14344 3 
101.336 -54.738 -2.521 0.25866 0.61715 0.59674 -0.44286 1 115.916 -1.686 -10.672 -0.5418 0.74094 -0.3675 0.14968 2 44.988 -56.661 5.315 0.98328 0.04666 -0.10208 -0.14343 3 
94.003 -53.648 -1.483 0.23138 0.6123 0.6254 -0.42476 1 115.743 -1.657 -10.644 -0.53189 0.74667 -0.37118 0.14767 2 44.991 -56.659 5.314 0.98328 0.04669 -0.10207 -0.14343 3 
86.776 -52.967 -1.066 0.17667 0.62643 0.642 -0.40522 1 115.728 -1.66 -10.611 -0.51729 0.7542 -0.3748 0.15205 2 44.988 -56.66 5.317 0.98328 0.04668 -0.10206 -0.14343 3 
80.301 -52.505 -1.514 0.11607 0.66673 0.63723 -0.3687 1 115.726 -1.76 -10.516 -0.49739 0.76021 -0.38368 0.16572 2 44.988 -56.661 5.313 0.98327 0.04666 -0.1021 -0.14345 3 
75.366 -52.331 -3.029 0.04913 0.70218 0.63542 -0.31744 1 115.73 -1.985 -10.402 -0.47482 0.76337 -0.3944 0.19043 2 44.986 -56.662 5.314 0.98328 0.04659 -0.10208 -0.14342 3 
73.057 -51.812 -3.866 0.04017 0.71737 0.63061 -0.29342 1 115.975 -2.416 -10.275 -0.46133 0.7616 -0.39569 0.22487 2 44.988 -56.661 5.314 0.98328 0.04665 -0.10207 -0.14343 3 
72.127 -52.115 -3.821 0.05986 0.72181 0.62808 -0.28447 1 116.799 -3.195 -10.27 -0.44558 0.75664 -0.40295 0.25804 2 44.988 -56.661 5.315 0.98328 0.04664 -0.10208 -0.14342 3 
73.171 -52.423 -2.778 0.0994 0.71417 0.62716 -0.29453 1 117.429 -3.974 -10.254 -0.42539 0.759 -0.41107 0.272 2 44.987 -56.662 5.313 0.98328 0.04663 -0.10207 -0.14344 3 
76.356 -52.239 -0.09 0.18584 0.6992 0.60376 -0.33474 1 117.539 -4.361 -10.24 -0.41492 0.7606 -0.4121 0.28198 2 44.987 -56.662 5.316 0.98328 0.04664 -0.10205 -0.14344 3 
78.485 -53.689 3.506 0.23825 0.68402 0.55421 -0.41012 1 117.273 -4.583 -10.205 -0.42083 0.75718 -0.40925 0.28653 2 44.988 -56.661 5.313 0.98327 0.04665 -0.10207 -0.14345 3 
75.65 -57.376 6.157 0.20067 0.70264 0.53361 -0.42579 1 116.908 -4.919 -10.178 -0.43074 0.75572 -0.39849 0.29078 2 44.987 -56.662 5.313 0.98327 0.04662 -0.10209 -0.14345 3 
68.389 -60.389 5.195 0.11221 0.77657 0.51453 -0.34584 1 116.982 -5.706 -10.264 -0.43023 0.75496 -0.39933 0.29236 2 44.989 -56.66 5.316 0.98328 0.04665 -0.10206 -0.14341 3 
61.592 -59.772 1.286 0.058 0.84799 0.4865 -0.20218 1 117.203 -6.942 -10.353 -0.4233 0.75673 -0.40108 0.2955 2 44.988 -56.661 5.315 0.98328 0.04666 -0.10207 -0.14343 3 
56.992 -59.343 -2.304 0.02069 0.85262 0.49681 -0.16057 1 117.807 -8.416 -10.314 -0.40252 0.76423 -0.40118 0.30495 2 44.986 -56.662 5.316 0.98328 0.04662 -0.10206 -0.14341 3 
54.016 -58.971 -4.858 0.01298 0.84365 0.50999 -0.16731 1 118.506 -10.043 -10.337 -0.37449 0.77327 -0.40766 0.30923 2 44.987 -56.661 5.314 0.98328 0.04661 -0.10208 -0.14344 3 
52.008 -58.712 -6.73 0.00044 0.81126 0.55964 -0.16929 1 118.955 -11.327 -10.253 -0.35394 0.78049 -0.40991 0.31231 2 44.988 -56.661 5.315 0.98328 0.04663 -0.10207 -0.14342 3 
50.656 -58.493 -8.126 -0.00226 0.77545 0.60342 -0.18588 1 119.231 -12.383 -10.147 -0.33628 0.78893 -0.41099 0.30917 2 44.947 -56.661 5.315 0.98333 0.04653 -0.10151 -0.14348 3 
49.949 -58.29 -8.63 0.00387 0.7468 0.62341 -0.23159 1 119.365 -13.005 -10.051 -0.32541 0.79479 -0.40981 0.30737 2 44.28 -56.754 5.376 0.98398 0.04735 -0.09166 -0.14537 3 
49.827 -57.921 -8.702 0.00195 0.72171 0.64051 -0.26244 1 119.29 -13.433 -10.014 -0.32605 0.79627 -0.40812 0.30511 2 44.296 -56.717 5.374 0.98368 0.05283 -0.09161 -0.1456 3 
49.75 -57.94 -8.632 0.00371 0.71149 0.65073 -0.26518 1 119.3 -13.664 -9.998 -0.32853 0.79747 -0.40538 0.30296 2 44.335 -56.715 5.371 0.98363 0.05285 -0.09213 -0.14557 3 
49.592 -57.93 -8.662 0.01334 0.70254 0.65877 -0.26884 1 119.601 -13.878 -9.973 -0.32632 0.79925 -0.40677 0.29876 2 44.493 -56.695 5.358 0.98358 0.05109 -0.09458 -0.14495 3 
49.715 -57.887 -8.651 0.01431 0.70439 0.65399 -0.27556 1 120.026 -14.027 -9.949 -0.32309 0.80183 -0.40719 0.29475 2 44.847 -56.666 5.319 0.98305 0.05227 -0.0999 -0.14454 3 
50.005 -57.831 -8.555 0.01143 0.70894 0.64641 -0.28182 1 120.416 -14.091 -9.939 -0.32137 0.80451 -0.40594 0.29103 2 45.116 -56.541 5.334 0.9828 0.06057 -0.1007 -0.14247 3 
50.626 -57.876 -8.177 0.01305 0.72303 0.62907 -0.28519 1 120.9 -14.027 -9.874 -0.31522 0.80897 -0.40503 0.28662 2 45.47 -55.475 5.678 0.98622 0.06711 -0.09621 -0.11669 3 
51.695 -58.018 -7.299 0.03044 0.72275 0.62493 -0.29354 1 121.167 -13.766 -9.868 -0.31729 0.80944 -0.4032 0.28558 2 47.136 -55.057 6.686 0.98645 0.06153 -0.10979 -0.10523 3 
53.094 -58.247 -5.816 0.04214 0.6971 0.64474 -0.31078 1 121.037 -13.425 -9.962 -0.33105 0.80683 -0.40101 0.2804 2 49.006 -56.626 8.507 0.98262 0.04983 -0.11967 -0.13289 3 
54.959 -58.566 -3.753 0.0581 0.66717 0.66069 -0.3391 1 120.861 -12.988 -10.007 -0.3444 0.80436 -0.40036 0.27221 2 51.92 -58.337 11.025 0.97589 0.04339 -0.14264 -0.15943 3 
57.356 -58.905 -1.374 0.08402 0.64569 0.6601 -0.37457 1 120.736 -12.588 -10.117 -0.3573 0.80197 -0.40188 0.26015 2 56.276 -58.793 13.971 0.96916 0.04553 -0.1836 -0.15793 3 
59.606 -59.298 0.841 0.1006 0.62095 0.66688 -0.39946 1 120.735 -12.158 -10.204 -0.36969 0.80043 -0.40075 0.24909 2 59.726 -59.836 16.676 0.96271 0.04296 -0.2078 -0.16779 3 
61.209 -59.616 2.271 0.11096 0.59842 0.67018 -0.42479 1 120.777 -11.836 -10.309 -0.37957 0.79941 -0.40178 0.23546 2 62.932 -60.709 18.432 0.95322 0.05166 -0.24018 -0.17611 3 
62.098 -59.743 3.022 0.10889 0.59712 0.66381 -0.43698 1 121.03 -11.595 -10.333 -0.38368 0.79957 -0.40253 0.2268 2 64.304 -60.47 19.352 0.95131 0.06499 -0.25056 -0.16737 3 
62.624 -59.663 3.275 0.10208 0.60616 0.65522 -0.43914 1 121.558 -11.48 -10.344 -0.38267 0.80045 -0.40451 0.22185 2 64.561 -59.918 19.616 0.95351 0.07404 -0.24661 -0.1566 3 
62.829 -59.54 3.272 0.09734 0.60984 0.65192 -0.44003 1 122.217 -11.348 -10.304 -0.37909 0.80219 -0.40477 0.22122 2 64.685 -59.705 19.578 0.95361 0.07951 -0.24581 -0.15452 3 
63.017 -59.369 3.292 0.0969 0.61172 0.64862 -0.44239 1 122.784 -11.34 -10.323 -0.37326 0.80506 -0.40627 0.21797 2 64.982 -59.379 19.597 0.95314 0.08263 -0.2487 -0.15113 3 
63.209 -59.172 3.349 0.09955 0.61603 0.64407 -0.44246 1 123.248 -11.34 -10.307 -0.36969 0.80715 -0.40665 0.21557 2 65.312 -58.821 19.611 0.95339 0.08293 -0.25174 -0.14423 3 
63.248 -58.934 3.358 0.10269 0.61724 0.64347 -0.44093 1 123.561 -11.424 -10.301 -0.3653 0.80978 -0.40762 0.21133 2 65.42 -58.48 19.598 0.95352 0.08034 -0.25325 -0.14219 3 
63.151 -58.715 3.258 0.10391 0.61565 0.64675 -0.43806 1 123.712 -11.491 -10.328 -0.36388 0.81053 -0.40838 0.2094 2 65.311 -58.445 19.481 0.95322 0.07643 -0.25328 -0.14621 3 
63.018 -58.599 3.113 0.10267 0.61665 0.64854 -0.43428 1 123.841 -11.589 -10.334 -0.36181 0.8109 -0.40947 0.20945 2 64.962 -58.42 19.3 0.95422 0.07432 -0.2491 -0.14798 3 
62.838 -58.578 2.941 0.09994 0.61822 0.64931 -0.43152 1 123.89 -11.706 -10.358 -0.35971 0.81163 -0.41037 0.2085 2 64.581 -58.444 19.101 0.95505 0.07432 -0.24546 -0.14867 3 
62.644 -58.563 2.774 0.09947 0.61938 0.65052 -0.42813 1 123.852 -11.754 -10.373 -0.35877 0.81166 -0.41099 0.20878 2 64.247 -58.432 18.908 0.95592 0.07218 -0.24237 -0.14924 3 
62.49 -58.551 2.625 0.09786 0.62018 0.65205 -0.425 1 123.795 -11.751 -10.361 -0.35857 0.81138 -0.41112 0.20992 2 63.939 -58.49 18.716 0.95654 0.07095 -0.2393 -0.1508 3 
62.362 -58.533 2.47 0.09587 0.61998 0.6539 -0.42289 1 123.717 -11.725 -10.376 -0.35847 0.8113 -0.41139 0.20989 2 63.672 -58.62 18.518 0.95678 0.07011 -0.23682 -0.15351 3 
62.264 -58.517 2.377 0.09364 0.62091 0.65496 -0.42039 1 123.655 -11.699 -10.387 -0.35734 0.81189 -0.41131 0.20969 2 63.38 -58.651 18.422 0.95763 0.06961 -0.2329 -0.15445 3 
62.241 -58.468 2.352 0.09297 0.62171 0.6545 -0.42008 1 123.595 -11.614 -10.375 -0.35788 0.81133 -0.41169 0.21019 2 63.332 -58.557 18.394 0.95779 0.07035 -0.23263 -0.15351 3 
62.214 -58.374 2.375 0.09405 0.62075 0.65588 -0.4191 1 123.525 -11.599 -10.418 -0.35839 0.81082 -0.41215 0.21036 2 63.32 -58.533 18.41 0.95765 0.06841 -0.23271 -0.15514 3 
62.145 -58.256 2.377 0.09591 0.62242 0.65421 -0.41881 1 123.515 -11.577 -10.393 -0.35807 0.81014 -0.41363 0.21067 2 63.31 -58.237 18.416 0.95791 0.06781 -0.23416 -0.15155 3 
62.022 -58.157 2.317 0.09699 0.62366 0.65445 -0.41635 1 123.535 -11.587 -10.408 -0.35754 0.81026 -0.41385 0.21064 2 63.141 -58.103 18.334 0.95841 0.06534 -0.23321 -0.15099 3 
61.902 -58.088 2.177 0.09715 0.62427 0.65539 -0.41389 1 123.612 -11.558 -10.408 -0.35595 0.81083 -0.41394 0.21097 2 62.965 -58.044 18.152 0.95869 0.06372 -0.23213 -0.15158 3 
61.789 -58.089 2.008 0.09496 0.62639 0.65566 -0.41076 1 123.654 -11.55 -10.392 -0.35394 0.81195 -0.41389 0.21012 2 62.679 -58.004 17.943 0.95959 0.0637 -0.22882 -0.15088 3 
61.698 -58.114 1.825 0.09132 0.62702 0.65734 -0.40793 1 123.612 -11.547 -10.407 -0.35447 0.81146 -0.41414 0.21063 2 62.353 -58.163 17.714 0.96023 0.06368 -0.22442 -0.15344 3 
61.613 -58.196 1.689 0.08984 0.63014 0.65684 -0.40424 1 123.524 -11.569 -10.43 -0.35522 0.81077 -0.41467 0.21098 2 62.047 -58.154 17.558 0.96164 0.06258 -0.21981 -0.15169 3 
61.551 -58.322 1.668 0.08933 0.63521 0.65302 -0.40261 1 123.443 -11.569 -10.432 -0.3555 0.81046 -0.41479 0.21148 2 61.882 -57.945 17.505 0.96305 0.06378 -0.21784 -0.14497 3 
61.541 -58.381 1.645 0.08969 0.6331 0.65413 -0.40404 1 123.357 -11.546 -10.444 -0.35629 0.81009 -0.41478 0.21156 2 61.963 -58.124 17.487 0.96219 0.06409 -0.21992 -0.14736 3 
61.523 -58.439 1.629 0.0914 0.63058 0.65606 -0.40446 1 123.288 -11.52 -10.43 -0.35692 0.80981 -0.41451 0.21213 2 62.052 -58.31 17.487 0.96142 0.06212 -0.22182 -0.15033 3 
61.486 -58.51 1.66 0.09187 0.63299 0.65361 -0.40458 1 123.255 -11.525 -10.419 -0.35664 0.80971 -0.41504 0.21194 2 62.094 -58.197 17.497 0.96147 0.06285 -0.22376 -0.14684 3 
61.428 -58.537 1.637 0.09197 0.6334 0.65338 -0.40429 1 123.209 -11.506 -10.427 -0.35661 0.80955 -0.41512 0.21242 2 62.061 -58.2 17.468 0.96136 0.06291 -0.22447 -0.14647 3 
61.337 -58.523 1.607 0.09074 0.63315 0.65415 -0.40371 1 123.147 -11.52 -10.431 -0.35629 0.80947 -0.41546 0.21262 2 61.926 -58.267 17.432 0.96126 0.06303 -0.22368 -0.14823 3 
61.168 -58.506 1.536 0.09024 0.6354 0.65294 -0.40223 1 123.073 -11.513 -10.443 -0.35549 0.8098 -0.41555 0.21253 2 61.705 -58.135 17.347 0.9618 0.06354 -0.2226 -0.14614 3 
60.885 -58.438 1.335 0.08777 0.63696 0.65347 -0.39943 1 122.934 -11.525 -10.464 -0.35486 0.80965 -0.41626 0.21277 2 61.27 -58.129 17.1 0.96221 0.06351 -0.22008 -0.14725 3 
60.482 -58.371 1.081 0.08407 0.63946 0.65368 -0.3959 1 122.749 -11.536 -10.436 -0.35407 0.8096 -0.41634 0.21412 2 60.708 -58.097 16.782 0.96269 0.06437 -0.21695 -0.14839 3 
59.887 -58.358 0.686 0.08073 0.64216 0.65417 -0.39138 1 122.544 -11.553 -10.431 -0.35101 0.81026 -0.41706 0.21524 2 59.951 -58.141 16.314 0.96312 0.06388 -0.21391 -0.1502 3 
59.018 -58.385 0.107 0.07322 0.64616 0.65423 -0.38614 1 122.256 -11.566 -10.438 -0.34774 0.81109 -0.41667 0.21813 2 58.93 -58.22 15.624 0.96313 0.0674 -0.21159 -0.1519 3 
57.679 -58.452 -0.823 0.06358 0.65241 0.65453 -0.37671 1 121.818 -11.657 -10.372 -0.3424 0.81219 -0.41603 0.22367 2 57.253 -58.277 14.506 0.96406 0.07079 -0.20512 -0.15333 3 
56.032 -58.44 -2.141 0.04913 0.65987 0.65513 -0.36463 1 121.384 -11.816 -10.326 -0.33485 0.81261 -0.41768 0.23041 2 54.922 -58.418 12.944 0.96596 0.07472 -0.19073 -0.15796 3 
54.456 -58.379 -3.731 0.03157 0.67108 0.65171 -0.35205 1 120.983 -12.02 -10.245 -0.32379 0.81439 -0.41742 0.24017 2 52.417 -58.352 11.037 0.96904 0.08129 -0.17042 -0.1591 3 
53.051 -58.43 -5.342 0.01531 0.68682 0.6456 -0.33355 1 120.603 -12.208 -10.172 -0.31343 0.81539 -0.41762 0.24997 2 49.802 -58.039 9.108 0.97415 0.08283 -0.14389 -0.1532 3 
52.012 -58.44 -6.775 0.00224 0.70046 0.63748 -0.32089 1 120.218 -12.427 -10.066 -0.30451 0.81582 -0.41739 0.2598 2 47.969 -57.657 7.39 0.97722 0.08856 -0.12593 -0.14609 3 
51.323 -58.455 -7.854 -0.00483 0.70662 0.63454 -0.31309 1 119.75 -12.582 -10.034 -0.29854 0.81583 -0.41711 0.26706 2 46.919 -57.623 6.129 0.9781 0.09018 -0.11686 -0.14676 3 
50.91 -58.507 -8.598 -0.00823 0.71347 0.62952 -0.30758 1 119.113 -12.619 -10.061 -0.30089 0.81311 -0.41615 0.27411 2 46.3 -57.381 5.259 0.97925 0.09234 -0.11167 -0.14168 3 
50.506 -58.716 -8.664 -0.00301 0.71425 0.62898 -0.30695 1 118.525 -12.631 -10.043 -0.30285 0.81043 -0.41589 0.2802 2 46.017 -57.537 5.201 0.97944 0.08797 -0.11246 -0.14252 3 
50.155 -58.867 -8.656 -0.00487 0.7147 0.63143 -0.30081 1 117.868 -12.661 -10.097 -0.31093 0.80546 -0.4157 0.28591 2 45.151 -57.817 5.207 0.98086 0.08149 -0.10029 -0.14568 3 
49.897 -58.992 -8.667 -0.00453 0.715 0.63433 -0.2939 1 117.444 -12.616 -10.132 -0.31667 0.80254 -0.41474 0.2892 2 44.594 -58.014 5.191 0.98173 0.07509 -0.09261 -0.14829 3 
49.947 -58.974 -8.649 -0.00783 0.7147 0.63726 -0.28816 1 117.234 -12.568 -10.134 -0.32164 0.80041 -0.41338 0.29156 2 44.604 -58.011 5.197 0.98173 0.07514 -0.09272 -0.14821 3 
50.121 -59.077 -8.608 -0.00552 0.71565 0.65053 -0.25421 1 117.167 -12.53 -10.131 -0.32754 0.79891 -0.41259 0.29021 2 44.583 -58.016 5.191 0.98176 0.07494 -0.09247 -0.14828 3 
51.15 -59.705 -8.4 0.00923 0.71903 0.65647 -0.22793 1 117.26 -12.438 -10.145 -0.33388 0.79813 -0.411 0.28737 2 44.585 -58.019 5.194 0.98175 0.07496 -0.09247 -0.14831 3 
53.965 -60.502 -7.52 0.03059 0.68764 0.67282 -0.27116 1 117.415 -12.297 -10.144 -0.34386 0.79729 -0.40776 0.28253 2 44.591 -58.015 5.194 0.98174 0.07505 -0.09256 -0.14829 3 
59.967 -61.383 -5.743 0.13024 0.64712 0.6779 -0.32361 1 117.555 -12.012 -10.183 -0.3582 0.79753 -0.40042 0.27441 2 44.59 -58.016 5.192 0.98174 0.07504 -0.09253 -0.14831 3 
69.373 -62.765 -4.917 0.22883 0.63825 0.65862 -0.32633 1 117.535 -11.605 -10.196 -0.37662 0.7939 -0.39546 0.26737 2 44.589 -58.017 5.193 0.98174 0.075 -0.09253 -0.1483 3 
79.937 -64.201 -5.644 0.27052 0.68597 0.60679 -0.29678 1 117.357 -11.279 -10.277 -0.40097 0.7865 -0.38942 0.26267 2 44.588 -58.017 5.193 0.98174 0.07501 -0.09255 -0.14831 3 
91.041 -64.072 -7.681 0.28187 0.76642 0.54323 -0.19504 1 117.15 -10.78 -10.28 -0.42256 0.78046 -0.38261 0.25677 2 44.592 -58.015 5.19 0.98173 0.07505 -0.09256 -0.14832 3 
101.125 -62.629 -10.509 0.31192 0.83547 0.4524 0.00514 1 116.795 -10.3 -10.336 -0.45318 0.76794 -0.37638 0.25145 2 44.592 -58.015 5.191 0.98174 0.07504 -0.09258 -0.1483 3 
108.973 -61.353 -12.456 0.41861 0.81538 0.33159 0.22356 1 116.725 -9.838 -10.426 -0.47835 0.75851 -0.36889 0.24448 2 44.587 -58.018 5.192 0.98174 0.07501 -0.09253 -0.14834 3 
114.989 -56.077 -13.262 0.50958 0.7177 0.37493 0.29097 1 117.053 -9.488 -10.41 -0.49317 0.75554 -0.36174 0.23468 2 44.588 -58.019 5.191 0.98174 0.07499 -0.09256 -0.14832 3 
118.458 -50.651 -14.06 0.51989 0.6603 0.48755 0.23668 1 117.842 -9.367 -10.512 -0.49824 0.75505 -0.36576 0.21881 2 44.592 -58.015 5.194 0.98174 0.07505 -0.09253 -0.1483 3 
118.578 -50.889 -14.083 0.53385 0.658 0.47714 0.2332 1 118.967 -9.121 -10.503 -0.49251 0.76 -0.36927 0.2085 2 44.589 -58.016 5.197 0.98175 0.07502 -0.09252 -0.14828 3 
118.732 -51.02 -14.078 0.54609 0.64756 0.47189 0.24449 1 120.426 -8.768 -10.249 -0.48629 0.76912 -0.36223 0.20189 2 44.59 -58.017 5.192 0.98174 0.07503 -0.09255 -0.14832 3 
118.07 -50.846 -13.999 0.57179 0.63591 0.44901 0.25895 1 122.005 -7.756 -9.869 -0.46546 0.79263 -0.34527 0.18938 2 44.588 -58.017 5.191 0.98174 0.07501 -0.09255 -0.14832 3 
116.938 -52.049 -13.664 0.57223 0.65692 0.4002 0.28433 1 123.13 -5.658 -9.208 -0.43997 0.82622 -0.30062 0.18278 2 44.591 -58.017 5.19 0.98173 0.07504 -0.09258 -0.14834 3 
116.989 -52.906 -14.98 0.42015 0.72043 0.47713 0.27712 1 123.919 -0.674 -8.567 -0.33764 0.89372 -0.26907 0.12192 2 44.589 -58.017 5.19 0.98173 0.07503 -0.09256 -0.14833 3 
117.689 -46.472 -15.845 0.22418 0.67731 0.69299 0.1037 1 123.81 7.214 -8.164 -0.09963 0.94494 -0.31107 0.02013 2 44.59 -58.016 5.193 0.98174 0.07502 -0.09255 -0.1483 3 
111.679 -37.926 -12.757 0.32368 0.66639 0.67058 0.03852 1 121.722 15.064 -7.993 0.07846 0.90697 -0.41248 -0.03314 2 44.592 -58.015 5.19 0.98173 0.07506 -0.09258 -0.14833 3 
106.661 -23.698 -10.204 0.42884 0.62981 0.63911 0.10476 1 118.516 22.863 -8.422 0.14335 0.84752 -0.51101 -0.00646 2 44.593 -58.013 5.2 0.98174 0.07503 -0.09259 -0.14827 3 
103.385 -8.249 -9.071 0.45491 0.60997 0.60107 0.24435 1 115.362 29.044 -8.77 0.16429 0.84755 -0.50082 0.06201 2 44.589 -58.016 5.192 0.98173 0.07504 -0.09256 -0.14832 3 
100.717 4.664 -8.221 0.4902 0.64496 0.51 0.28919 1 112.378 33.764 -9.078 0.21592 0.85074 -0.46463 0.11722 2 44.587 -58.017 5.196 0.98174 0.07505 -0.09249 -0.14832 3 
95.806 14.599 -8.313 0.48255 0.73514 0.40203 0.25511 1 109.781 37.926 -9.174 0.25131 0.81229 -0.50961 0.13159 2 44.584 -58.021 5.189 0.98173 0.07502 -0.09253 -0.14836 3 
89.283 21.232 -10.282 0.39092 0.77458 0.35666 0.34641 1 107.25 40.629 -9.92 0.2573 0.81238 -0.50413 0.14033 2 44.586 -58.02 5.191 0.98174 0.07497 -0.09254 -0.14834 3 
85.382 24.41 -12.224 0.3342 0.76627 0.35011 0.42256 1 105.52 42.48 -10.405 0.26404 0.81136 -0.49981 0.14888 2 44.587 -58.018 5.193 0.98174 0.07502 -0.09254 -0.14833 3 
84.066 26.295 -13.02 0.31631 0.7528 0.32679 0.47586 1 103.996 43.689 -11.097 0.26083 0.8143 -0.49094 0.16695 2 44.589 -58.017 5.192 0.98173 0.07504 -0.09256 -0.14833 3 
83.598 27.22 -13.8 0.30238 0.74821 0.31663 0.4985 1 102.584 44.299 -11.51 0.25337 0.8177 -0.48519 0.17825 2 44.588 -58.018 5.192 0.98174 0.07502 -0.09254 -0.14832 3 
83.582 27.79 -14.008 0.3108 0.7483 0.29868 0.50422 1 101.761 44.672 -11.961 0.25274 0.81993 -0.47884 0.18589 2 44.588 -58.018 5.197 0.98174 0.07504 -0.09251 -0.14831 3 
83.337 28.547 -14.026 0.30491 0.75435 0.28481 0.50682 1 100.944 45.19 -12.475 0.25577 0.82176 -0.47143 0.1925 2 44.587 -58.019 5.193 0.98174 0.07502 -0.09253 -0.14833 3 
83.22 29.219 -14.217 0.29297 0.7551 0.27513 0.51797 1 100.126 45.583 -12.87 0.25883 0.81851 -0.46909 0.20737 2 44.588 -58.017 5.191 0.98173 0.07504 -0.09255 -0.14833 3 
