118.135 -42.852 -13.595 0.53493 0.67512 0.475 0.18012 1 117.766 -1.213 -10.347 -0.48237 0.78382 -0.35936 0.1543 2 43.589 -15.701 9.358 0.96268 0.14641 -0.20757 -0.09344 3 
117.994 -42.888 -13.598 0.53656 0.67406 0.47488 0.17953 1 117.708 -1.24 -10.355 -0.48029 0.78535 -0.35927 0.15319 2 43.588 -15.702 9.358 0.96268 0.1464 -0.20756 -0.09344 3 
117.904 -42.887 -13.629 0.53691 0.67335 0.47566 0.17906 1 117.685 -1.29 -10.347 -0.47845 0.78635 -0.35953 0.15323 2 43.589 -15.702 9.358 0.96268 0.1464 -0.20756 -0.09344 3 
117.813 -42.906 -13.666 0.53789 0.67214 0.47616 0.17938 1 117.708 -1.3 -10.343 -0.47685 0.78694 -0.35981 0.15453 2 43.589 -15.702 9.359 0.96268 0.14641 -0.20755 -0.09344 3 
117.725 -42.905 -13.679 0.53945 0.67038 0.47669 0.17985 1 117.774 -1.281 -10.338 -0.4749 0.78805 -0.35974 0.15502 2 43.589 -15.701 9.358 0.96268 0.14641 -0.20756 -0.09344 3 
117.659 -42.888 -13.674 0.54091 0.66838 0.47765 0.18038 1 117.86 -1.169 -10.266 -0.46832 0.79308 -0.35518 0.15986 2 43.589 -15.702 9.358 0.96268 0.1464 -0.20756 -0.09344 3 
117.492 -42.884 -13.695 0.54205 0.66768 0.47709 0.18101 1 117.878 -0.641 -9.882 -0.45887 0.80909 -0.32401 0.17268 2 43.589 -15.701 9.358 0.96268 0.14642 -0.20757 -0.09344 3 
117.229 -42.826 -13.648 0.54099 0.6689 0.47731 0.17913 1 117.178 1.692 -8.834 -0.4396 0.84309 -0.28113 0.13007 2 43.589 -15.702 9.358 0.96268 0.14641 -0.20756 -0.09344 3 
117.042 -42.683 -13.705 0.53635 0.67113 0.48171 0.17281 1 113.58 6.539 -6.861 -0.36058 0.90293 -0.23389 -0.0018 2 43.589 -15.702 9.358 0.96268 0.14641 -0.20756 -0.09344 3 
116.778 -42.608 -13.771 0.53585 0.66958 0.48543 0.16996 1 107.435 11.919 -3.961 -0.25174 0.92875 -0.22292 -0.15604 2 43.589 -15.702 9.358 0.96268 0.14639 -0.20756 -0.09345 3 
116.591 -42.602 -13.775 0.53575 0.66849 0.48797 0.16729 1 99.802 14.893 -0.933 -0.22264 0.91421 -0.22688 -0.25134 2 43.589 -15.702 9.358 0.96268 0.1464 -0.20756 -0.09344 3 
116.758 -42.484 -13.849 0.52618 0.67336 0.49426 0.15948 1 90.874 15.481 1.65 -0.21453 0.91153 -0.21594 -0.27652 2 43.589 -15.701 9.358 0.96268 0.14641 -0.20756 -0.09343 3 
117.181 -42.227 -13.883 0.50755 0.68247 0.50344 0.15224 1 81.824 14.256 3.616 -0.20979 0.90291 -0.24752 -0.28191 2 43.589 -15.702 9.358 0.96268 0.1464 -0.20757 -0.09344 3 
117.582 -41.791 -13.948 0.48726 0.69151 0.51292 0.14597 1 73.57 11.154 4.593 -0.21348 0.89509 -0.27984 -0.27374 2 43.589 -15.702 9.358 0.96268 0.14641 -0.20757 -0.09344 3 
117.746 -41.27 -14.01 0.46829 0.6974 0.5227 0.14535 1 65.624 6.767 4.368 -0.219 0.89187 -0.31413 -0.24068 2 43.588 -15.701 9.358 0.96268 0.14642 -0.20757 -0.09344 3 
117.83 -40.577 -14.024 0.44703 0.70323 0.53292 0.14706 1 58.639 2.199 2.797 -0.21885 0.88366 -0.36787 -0.18952 2 43.587 -15.7 9.358 0.96267 0.14645 -0.20758 -0.09344 3 
117.825 -39.842 -14.072 0.42154 0.70917 0.54541 0.148 1 53.27 -1.963 0.419 -0.20645 0.88023 -0.40819 -0.12634 2 43.586 -15.699 9.357 0.96266 0.14649 -0.2076 -0.09344 3 
117.726 -39.148 -14.031 0.40013 0.71298 0.5555 0.15158 1 49.805 -5.27 -1.688 -0.18593 0.88856 -0.40965 -0.08989 2 43.583 -15.698 9.357 0.96265 0.14651 -0.20762 -0.09346 3 
117.419 -38.745 -13.958 0.38758 0.71383 0.5606 0.1611 1 47.45 -6.848 -3.021 -0.14867 0.89003 -0.42242 -0.08548 2 43.58 -15.697 9.358 0.96265 0.14652 -0.20762 -0.09348 3 
117.085 -38.518 -13.944 0.37722 0.71291 0.56563 0.17183 1 45.703 -7.278 -3.743 -0.12692 0.89674 -0.41409 -0.091 2 43.576 -15.698 9.358 0.96265 0.14652 -0.2076 -0.09351 3 
116.637 -38.371 -13.925 0.37145 0.71112 0.56894 0.18069 1 44.345 -7.262 -4.145 -0.11894 0.89381 -0.41826 -0.10965 2 43.576 -15.698 9.357 0.96265 0.14651 -0.2076 -0.09352 3 
116.177 -38.265 -13.881 0.36876 0.70923 0.57088 0.18735 1 43.499 -7.398 -4.511 -0.13427 0.87503 -0.44748 -0.12669 2 43.159 -15.835 9.449 0.96391 0.14577 -0.20116 -0.09574 3 
115.818 -38.114 -13.844 0.36642 0.70824 0.57185 0.19266 1 43.068 -7.554 -4.71 -0.15321 0.85482 -0.46979 -0.15848 2 43.02 -15.924 9.473 0.96429 0.14347 -0.20083 -0.09607 3 
115.568 -37.913 -13.884 0.36413 0.70774 0.57349 0.19399 1 42.791 -7.546 -4.62 -0.16853 0.85129 -0.46503 -0.17508 2 42.887 -16.058 9.492 0.9644 0.14289 -0.1999 -0.09777 3 
115.376 -37.763 -13.835 0.36464 0.70706 0.57351 0.19545 1 42.815 -7.637 -4.573 -0.17025 0.84914 -0.46316 -0.18833 2 42.972 -15.964 9.475 0.96412 0.14358 -0.20151 -0.09622 3 
115.336 -37.625 -13.81 0.36343 0.70849 0.57339 0.19282 1 42.905 -7.85 -4.644 -0.16231 0.84157 -0.47192 -0.20666 2 43.052 -15.93 9.46 0.96481 0.13821 -0.20288 -0.0942 3 
115.682 -37.476 -13.771 0.35701 0.71208 0.5749 0.18705 1 42.981 -7.977 -4.669 -0.15651 0.83807 -0.47516 -0.21764 2 43.061 -15.957 9.462 0.96609 0.12906 -0.20392 -0.09186 3 
116.099 -37.365 -13.728 0.35278 0.71409 0.57601 0.18394 1 43.211 -7.998 -4.653 -0.15132 0.83738 -0.475 -0.2242 2 43.267 -15.912 9.433 0.96684 0.12148 -0.20606 -0.08946 3 
116.519 -37.212 -13.742 0.34763 0.71627 0.57829 0.17799 1 43.705 -7.841 -4.319 -0.14582 0.84306 -0.4639 -0.22975 2 43.194 -16.325 9.72 0.96936 0.11416 -0.19143 -0.10326 3 
116.64 -37.178 -13.743 0.3483 0.7176 0.57759 0.17357 1 44.509 -7.549 -3.509 -0.15504 0.84362 -0.44979 -0.24892 2 44.635 -16.518 10.592 0.96592 0.11003 -0.20439 -0.11452 3 
116.555 -37.271 -13.778 0.35392 0.7168 0.57633 0.16964 1 45.326 -7.271 -2.205 -0.16266 0.83439 -0.45003 -0.2735 2 46.268 -16.069 12.334 0.96287 0.10615 -0.22397 -0.10699 3 
116.44 -37.433 -13.813 0.36034 0.71514 0.57495 0.16783 1 46.205 -7.182 -0.468 -0.17442 0.81551 -0.4629 -0.30039 2 48.265 -15.139 14.801 0.95872 0.10926 -0.24946 -0.08178 3 
116.302 -37.693 -13.832 0.3669 0.71317 0.57306 0.16842 1 47.093 -7.434 1.53 -0.19082 0.79738 -0.47213 -0.32384 2 50.236 -14.762 17.486 0.9533 0.11603 -0.27162 -0.06315 3 
116.182 -37.897 -13.883 0.37172 0.71225 0.57171 0.16636 1 48.071 -7.914 3.451 -0.20885 0.7864 -0.46588 -0.34772 2 52.238 -15.421 19.799 0.9468 0.11935 -0.29162 -0.06552 3 
116.124 -38.013 -13.875 0.37387 0.71224 0.57108 0.16374 1 49.07 -8.369 5.062 -0.224 0.77648 -0.45971 -0.36821 2 54.083 -16.042 21.684 0.94096 0.12224 -0.30822 -0.06825 3 
116.056 -38.14 -13.898 0.37577 0.71203 0.57086 0.16104 1 49.864 -8.631 6.311 -0.2355 0.76808 -0.45935 -0.37892 2 55.451 -16.172 23.177 0.93678 0.12861 -0.31899 -0.06448 3 
115.982 -38.251 -13.911 0.37783 0.71209 0.57004 0.15885 1 50.398 -8.723 7.075 -0.24008 0.7675 -0.44889 -0.38961 2 56.293 -16.75 23.939 0.93403 0.12515 -0.32598 -0.07517 3 
115.991 -38.312 -13.931 0.37812 0.71219 0.57028 0.15684 1 50.597 -8.631 7.314 -0.23824 0.77301 -0.44072 -0.38918 2 56.166 -17.25 24.158 0.93584 0.12273 -0.31842 -0.0881 3 
115.944 -38.386 -13.933 0.3797 0.71152 0.57014 0.15654 1 50.6 -8.518 7.258 -0.23174 0.77637 -0.43938 -0.38794 2 55.876 -17.317 24.092 0.9378 0.11742 -0.31364 -0.09153 3 
115.928 -38.408 -13.924 0.38027 0.71136 0.57014 0.1559 1 50.559 -8.468 7.241 -0.22889 0.77794 -0.44026 -0.38547 2 55.636 -17.283 24.093 0.93923 0.11652 -0.30964 -0.09165 3 
115.918 -38.408 -13.94 0.38023 0.71188 0.56988 0.15454 1 50.581 -8.484 7.323 -0.22938 0.78027 -0.43576 -0.38558 2 55.589 -17.572 24.136 0.93927 0.1159 -0.30782 -0.0979 3 
115.918 -38.376 -13.948 0.38015 0.71229 0.56986 0.15297 1 50.618 -8.455 7.466 -0.22996 0.78079 -0.43301 -0.38729 2 55.633 -17.698 24.284 0.93895 0.11467 -0.30822 -0.10117 3 
115.927 -38.291 -13.926 0.3801 0.71257 0.56994 0.15148 1 50.655 -8.302 7.534 -0.22778 0.77845 -0.43648 -0.38938 2 55.698 -17.276 24.437 0.93922 0.11363 -0.30991 -0.09443 3 
115.924 -38.234 -13.928 0.3803 0.71284 0.56962 0.15088 1 50.704 -8.158 7.564 -0.22633 0.77902 -0.43578 -0.38986 2 55.693 -17.197 24.459 0.93951 0.11202 -0.30918 -0.09584 3 
115.962 -38.122 -13.873 0.38016 0.71305 0.56939 0.15112 1 50.747 -8.084 7.553 -0.22758 0.7804 -0.43324 -0.38922 2 55.724 -17.318 24.388 0.93926 0.11261 -0.30826 -0.10046 3 
115.963 -38.107 -13.886 0.38011 0.71315 0.56919 0.15151 1 50.74 -8.07 7.472 -0.22817 0.78051 -0.43346 -0.3884 2 55.736 -17.276 24.283 0.93915 0.1136 -0.30836 -0.10005 3 
116.02 -38.012 -13.913 0.37846 0.71389 0.56968 0.15031 1 50.657 -8.102 7.406 -0.22834 0.78163 -0.43219 -0.38746 2 55.618 -17.406 24.186 0.93924 0.11362 -0.30727 -0.10247 3 
116.035 -37.997 -13.901 0.37767 0.7141 0.57012 0.14963 1 50.581 -8.209 7.299 -0.22865 0.78306 -0.43186 -0.38474 2 55.464 -17.593 24.042 0.93964 0.11447 -0.30499 -0.10465 3 
116.067 -37.962 -13.902 0.37658 0.71452 0.57049 0.14895 1 50.495 -8.355 7.195 -0.22926 0.78438 -0.43133 -0.38228 2 55.309 -17.817 23.91 0.94 0.11569 -0.30269 -0.10675 3 
116.128 -37.941 -13.908 0.37556 0.71461 0.57121 0.14835 1 50.399 -8.473 7.082 -0.2288 0.7854 -0.43157 -0.38019 2 55.135 -17.943 23.785 0.94055 0.11577 -0.30081 -0.10714 3 
116.18 -37.946 -13.941 0.37464 0.71478 0.57181 0.14754 1 50.329 -8.581 6.983 -0.22826 0.78696 -0.43028 -0.37876 2 54.973 -18.162 23.644 0.94101 0.11527 -0.29859 -0.1098 3 
116.177 -37.944 -13.955 0.3743 0.71444 0.57251 0.14732 1 50.3 -8.682 6.952 -0.22936 0.78784 -0.42818 -0.37863 2 54.95 -18.382 23.57 0.94073 0.11549 -0.29827 -0.11283 3 
116.14 -37.985 -13.966 0.37445 0.71415 0.57297 0.14659 1 50.275 -8.744 6.932 -0.23084 0.7875 -0.42869 -0.37787 2 54.964 -18.409 23.554 0.94051 0.11736 -0.29849 -0.11216 3 
116.09 -38.045 -13.984 0.37471 0.71372 0.57333 0.1466 1 50.215 -8.774 6.877 -0.2304 0.78787 -0.42873 -0.37731 2 54.872 -18.451 23.49 0.94072 0.11717 -0.29778 -0.11247 3 
116.069 -38.075 -13.991 0.37461 0.71354 0.57369 0.14633 1 50.108 -8.775 6.735 -0.22888 0.7882 -0.42983 -0.37631 2 54.719 -18.379 23.346 0.9412 0.11656 -0.29707 -0.11096 3 
116.066 -38.096 -13.985 0.37384 0.71368 0.57411 0.14596 1 49.976 -8.76 6.582 -0.22703 0.78961 -0.43089 -0.37323 2 54.419 -18.374 23.186 0.94237 0.11642 -0.29328 -0.1112 3 
116.063 -38.094 -13.987 0.3733 0.71359 0.57449 0.1463 1 49.836 -8.716 6.457 -0.22518 0.79031 -0.43107 -0.37268 2 54.23 -18.313 23.048 0.94273 0.11504 -0.29278 -0.11088 3 
116.031 -38.076 -14.023 0.37303 0.71282 0.5753 0.14755 1 49.617 -8.654 6.197 -0.22425 0.79093 -0.43286 -0.36983 2 53.957 -18.156 22.768 0.94326 0.11601 -0.29138 -0.10909 3 
115.947 -38.095 -14.008 0.37374 0.71188 0.57543 0.14978 1 49.192 -8.619 5.62 -0.22007 0.79272 -0.4355 -0.36538 2 53.413 -17.972 22.116 0.94435 0.11403 -0.2897 -0.10623 3 
115.857 -38.069 -14.015 0.37374 0.71145 0.57548 0.15161 1 48.296 -8.693 4.45 -0.21178 0.79963 -0.43804 -0.35194 2 52.077 -17.997 20.726 0.9472 0.11181 -0.28093 -0.10668 3 
115.838 -38.046 -13.976 0.37231 0.71153 0.57552 0.15458 1 47.062 -8.829 2.622 -0.19869 0.81178 -0.4407 -0.3276 2 49.914 -18.215 18.506 0.95271 0.10983 -0.26051 -0.11141 3 
115.935 -37.95 -13.925 0.36618 0.713 0.57704 0.15673 1 45.89 -8.884 0.501 -0.17699 0.82399 -0.44926 -0.29645 2 47.39 -18.016 15.944 0.96073 0.10536 -0.23276 -0.10829 3 
116.079 -37.832 -13.917 0.35968 0.71408 0.57922 0.15883 1 45.199 -8.89 -1.351 -0.15446 0.83414 -0.45529 -0.27031 2 45.4 -17.67 13.613 0.96773 0.09924 -0.2076 -0.10274 3 
116.09 -37.714 -13.906 0.35642 0.71465 0.58019 0.16006 1 44.905 -8.84 -2.703 -0.13323 0.84398 -0.45423 -0.25223 2 44.029 -17.6 11.76 0.97249 0.08648 -0.18869 -0.10577 3 
115.934 -37.768 -13.859 0.35581 0.71443 0.58031 0.16196 1 44.948 -8.728 -3.6 -0.12386 0.84545 -0.45681 -0.24736 2 43.824 -17.126 10.587 0.97393 0.08081 -0.18747 -0.09894 3 
115.732 -37.806 -13.841 0.35747 0.71346 0.57937 0.1659 1 44.879 -8.567 -4.149 -0.11993 0.84259 -0.46566 -0.24253 2 43.812 -16.409 9.962 0.97432 0.08197 -0.19156 -0.08542 3 
115.617 -37.819 -13.842 0.35781 0.71304 0.57898 0.16833 1 44.735 -8.439 -4.579 -0.11638 0.84221 -0.46976 -0.23761 2 43.492 -16.079 9.438 0.9752 0.08277 -0.18853 -0.08116 3 
115.59 -37.792 -13.83 0.35631 0.7136 0.57891 0.16933 1 44.716 -8.412 -4.662 -0.12409 0.84185 -0.46577 -0.24279 2 44.12 -16.077 9.269 0.97194 0.08543 -0.20337 -0.08167 3 
115.548 -37.785 -13.808 0.35701 0.71393 0.57816 0.16904 1 44.862 -8.387 -4.797 -0.12639 0.83817 -0.46756 -0.25075 2 44.618 -15.888 9.145 0.97045 0.08475 -0.21207 -0.07786 3 
115.545 -37.825 -13.795 0.36054 0.71369 0.57632 0.16887 1 44.808 -8.302 -4.802 -0.13542 0.84029 -0.47284 -0.22802 2 44.703 -15.871 9.126 0.96948 0.09175 -0.21313 -0.07912 3 
115.598 -37.857 -13.789 0.36539 0.71398 0.57465 0.16281 1 45.122 -7.604 -4.644 -0.14949 0.85437 -0.47163 -0.15895 2 44.71 -15.864 9.122 0.96912 0.09479 -0.21318 -0.07988 3 
115.802 -38.111 -13.831 0.37246 0.71326 0.57324 0.1547 1 47.269 -4.027 -4.18 -0.1387 0.83556 -0.51308 -0.1391 2 44.706 -15.864 9.121 0.96911 0.09487 -0.21316 -0.07992 3 
116.187 -38.476 -13.912 0.37891 0.71283 0.57179 0.14613 1 53.194 2.719 -2.932 -0.1636 0.74128 -0.61247 -0.22051 2 44.71 -15.863 9.123 0.96912 0.09485 -0.21314 -0.07986 3 
116.727 -38.982 -14.008 0.3839 0.71338 0.56912 0.14078 1 63.666 9.411 -2.044 -0.21101 0.7473 -0.56166 -0.28557 2 44.718 -15.867 9.121 0.96914 0.09472 -0.21314 -0.07985 3 
117.079 -39.622 -14.139 0.39624 0.7098 0.56456 0.14296 1 75.794 15.067 -2.466 -0.19132 0.81581 -0.47151 -0.27484 2 44.729 -15.866 9.118 0.96914 0.09467 -0.21318 -0.07979 3 
116.52 -40.502 -14.088 0.43379 0.6957 0.54852 0.1642 1 83.135 18.509 -3.55 -0.15086 0.81493 -0.49308 -0.26457 2 44.741 -15.869 9.116 0.96914 0.09458 -0.21323 -0.07976 3 
115.528 -41.342 -13.887 0.48285 0.67876 0.52074 0.18702 1 84.353 19.211 -4.274 -0.14512 0.8082 -0.50653 -0.26304 2 44.742 -15.869 9.115 0.96913 0.0946 -0.21323 -0.07976 3 
115.416 -41.595 -13.626 0.50577 0.67441 0.50027 0.19771 1 84.263 17.5 -4.054 -0.2468 0.86572 -0.34994 -0.25918 2 44.741 -15.869 9.114 0.96914 0.0946 -0.21323 -0.07976 3 
116.576 -41.638 -13.457 0.49998 0.68412 0.49246 0.19871 1 86.606 15.669 -4.41 -0.38017 0.86523 -0.24925 -0.21149 2 44.74 -15.87 9.114 0.96914 0.09459 -0.21322 -0.07977 3 
118.248 -41.251 -13.3 0.47717 0.70419 0.49005 0.19047 1 92.912 12.707 -5.084 -0.5177 0.84915 -0.06982 -0.07776 2 44.726 -15.867 9.12 0.96915 0.09466 -0.21314 -0.07979 3 
119.313 -40.364 -13.201 0.45814 0.71984 0.49206 0.17266 1 101.015 9.84 -6.384 -0.60809 0.7883 -0.05017 0.07926 2 44.73 -15.871 9.117 0.96914 0.09461 -0.21317 -0.07981 3 
119.562 -39.595 -13.203 0.45622 0.724 0.49364 0.15493 1 109.188 7.352 -8.257 -0.61295 0.74375 -0.12277 0.23678 2 44.742 -15.87 9.115 0.96914 0.09457 -0.21324 -0.07976 3 
119.545 -39.177 -13.166 0.46217 0.72118 0.49293 0.15272 1 115.177 4.595 -9.202 -0.55536 0.74817 -0.22498 0.28496 2 44.744 -15.87 9.113 0.96914 0.09458 -0.21324 -0.07976 3 
119.314 -39.224 -13.197 0.47732 0.71143 0.4899 0.16133 1 117.9 2.671 -9.542 -0.48265 0.77847 -0.30668 0.25879 2 44.737 -15.869 9.116 0.96914 0.0946 -0.21321 -0.07978 3 
118.823 -39.692 -13.194 0.49714 0.69856 0.48513 0.17181 1 119.458 1.952 -9.804 -0.45559 0.7892 -0.34269 0.2284 2 44.736 -15.869 9.115 0.96913 0.09461 -0.21323 -0.07978 3 
118.248 -40.198 -13.28 0.51793 0.68116 0.48277 0.18628 1 121.148 1.939 -9.629 -0.44443 0.8033 -0.33369 0.21412 2 44.74 -15.871 9.114 0.96914 0.09458 -0.21322 -0.07978 3 
117.349 -40.253 -13.393 0.54658 0.65225 0.47989 0.21336 1 123.134 2.701 -9.351 -0.42875 0.81567 -0.33652 0.19394 2 44.74 -15.87 9.115 0.96913 0.09459 -0.21323 -0.07978 3 
115.833 -40.065 -13.29 0.59088 0.62033 0.44082 0.26781 1 124.06 5.966 -8.858 -0.35489 0.8761 -0.29472 0.14014 2 44.736 -15.869 9.116 0.96913 0.09462 -0.21322 -0.07978 3 
113.703 -39.945 -13.696 0.56808 0.6337 0.41191 0.32564 1 124.622 11.32 -8.871 -0.10512 0.9227 -0.37006 0.025 2 44.736 -15.87 9.117 0.96914 0.0946 -0.21319 -0.07979 3 
113.263 -37.953 -14.974 0.43345 0.68694 0.50551 0.29102 1 124.183 16.695 -9.248 0.09004 0.90081 -0.41791 -0.07605 2 44.737 -15.869 9.116 0.96914 0.09461 -0.21322 -0.07978 3 
112.699 -31.583 -15.535 0.31227 0.67777 0.58006 0.32657 1 122.859 22.246 -9.424 0.20169 0.86338 -0.44692 -0.11895 2 44.738 -15.869 9.116 0.96914 0.09461 -0.21321 -0.07978 3 
110.361 -25.545 -14.933 0.21971 0.7085 0.58033 0.33612 1 121.434 28.111 -10.109 0.25459 0.82863 -0.48757 -0.10406 2 44.739 -15.868 9.115 0.96913 0.0946 -0.21324 -0.07976 3 
108.283 -14.242 -12.381 0.27275 0.67916 0.62012 0.28248 1 119.432 32.871 -10.075 0.25261 0.8264 -0.49698 -0.07911 2 44.737 -15.869 9.116 0.96914 0.0946 -0.21321 -0.07977 3 
106.956 -1.929 -10.411 0.40318 0.62049 0.60075 0.30257 1 117.403 35.663 -9.646 0.26017 0.84438 -0.46578 -0.04885 2 44.735 -15.871 9.117 0.96914 0.09461 -0.21321 -0.07979 3 
105.273 7.911 -9.026 0.48602 0.66932 0.47447 0.30111 1 115.186 38.398 -9.709 0.27104 0.81816 -0.50611 -0.03177 2 44.736 -15.872 9.115 0.96913 0.09461 -0.21322 -0.07981 3 
99.876 16.215 -8.894 0.47282 0.75745 0.36265 0.26684 1 111.688 40.155 -9.94 0.26035 0.83151 -0.48668 0.0628 2 44.739 -15.87 9.115 0.96914 0.09459 -0.21322 -0.07978 3 
92.756 21.955 -9.865 0.39232 0.8256 0.28416 0.28934 1 109.216 41.245 -10.016 0.2522 0.83687 -0.47734 0.09052 2 44.737 -15.871 9.116 0.96913 0.0946 -0.21322 -0.07979 3 
87.331 24.996 -11.751 0.32414 0.82365 0.26564 0.38206 1 107.247 42.383 -10.112 0.2564 0.82597 -0.48819 0.11703 2 44.737 -15.871 9.115 0.96914 0.0946 -0.21322 -0.07979 3 
85.062 26.637 -12.698 0.30498 0.78079 0.30598 0.45136 1 105.182 43.309 -10.62 0.25263 0.81909 -0.49476 0.14311 2 44.738 -15.87 9.116 0.96914 0.0946 -0.21322 -0.07977 3 
84.304 27.853 -13.323 0.29039 0.75852 0.30032 0.50013 1 103.141 44.196 -11.571 0.24926 0.815 -0.49874 0.15783 2 44.738 -15.871 9.115 0.96913 0.0946 -0.21323 -0.07978 3 
84.077 28.538 -13.968 0.28581 0.7569 0.27911 0.51721 1 101.677 44.996 -11.907 0.24536 0.81599 -0.49528 0.16927 2 44.739 -15.87 9.115 0.96914 0.0946 -0.21322 -0.07977 3 
83.716 29.071 -14.127 0.27547 0.75997 0.27571 0.52013 1 100.625 45.36 -12.298 0.24984 0.8202 -0.4822 0.17983 2 44.74 -15.87 9.115 0.96913 0.0946 -0.21323 -0.07977 3 
83.644 29.588 -14.219 0.26683 0.76311 0.25613 0.52996 1 99.725 45.591 -12.724 0.25386 0.82445 -0.47016 0.18649 2 44.739 -15.869 9.115 0.96913 0.09461 -0.21322 -0.07977 3 
83.359 29.749 -14.232 0.25552 0.76816 0.24533 0.53334 1 99.129 45.715 -13.411 0.25747 0.82509 -0.46441 0.19304 2 44.739 -15.87 9.115 0.96914 0.0946 -0.21323 -0.07977 3 
