116.145 -43.444 -13.041 0.58607 0.65808 0.40542 0.24308 1 121.313 -1.587 -10.131 -0.49404 0.77712 -0.36704 0.13146 2 45.386 -36.285 7.378 0.97816 0.05238 -0.15699 -0.12574 3 
116.153 -43.443 -13.022 0.58472 0.66041 0.40438 0.24172 1 121.184 -1.594 -10.111 -0.49595 0.77537 -0.36792 0.13219 2 45.387 -36.285 7.379 0.97816 0.05239 -0.15699 -0.12573 3 
116.172 -43.412 -12.978 0.58322 0.66269 0.40183 0.24339 1 121.113 -1.559 -10.129 -0.49684 0.77421 -0.36908 0.13241 2 45.387 -36.284 7.377 0.97815 0.0524 -0.15702 -0.12575 3 
116.203 -43.441 -12.872 0.5828 0.66565 0.39595 0.24591 1 121.127 -1.523 -10.134 -0.4969 0.77354 -0.37058 0.13191 2 45.387 -36.284 7.378 0.97816 0.0524 -0.15699 -0.12575 3 
116.232 -43.446 -12.792 0.58317 0.66744 0.39244 0.24582 1 121.166 -1.457 -10.152 -0.49716 0.77258 -0.37272 0.13052 2 45.387 -36.284 7.378 0.97816 0.0524 -0.157 -0.12574 3 
115.94 -43.764 -12.273 0.58666 0.67508 0.35837 0.26772 1 121.212 -1.298 -10.187 -0.49661 0.7719 -0.37555 0.12849 2 45.387 -36.285 7.378 0.97816 0.05239 -0.157 -0.12575 3 
114.804 -45.332 -10.748 0.58131 0.71343 0.2932 0.2591 1 121.211 -1.079 -10.216 -0.49125 0.77206 -0.38311 0.12576 2 45.386 -36.285 7.379 0.97816 0.05239 -0.15698 -0.12574 3 
112.941 -47.781 -9.063 0.52055 0.78711 0.27605 0.18242 1 120.97 -0.9 -10.314 -0.49085 0.76781 -0.39298 0.12287 2 45.387 -36.284 7.377 0.97816 0.0524 -0.15701 -0.12575 3 
110.444 -49.835 -6.726 0.44991 0.84205 0.2942 0.04449 1 120.466 -0.722 -10.367 -0.49435 0.76324 -0.39771 0.12213 2 45.386 -36.286 7.378 0.97816 0.05236 -0.157 -0.12575 3 
106.945 -51.658 -4.139 0.39598 0.84743 0.33664 -0.10828 1 119.929 -0.593 -10.429 -0.49959 0.75874 -0.39948 0.12302 2 45.387 -36.285 7.379 0.97816 0.05239 -0.157 -0.12574 3 
101.586 -53.26 -1.337 0.36264 0.8307 0.36792 -0.2075 1 119.41 -0.471 -10.456 -0.5041 0.75525 -0.39964 0.12556 2 45.388 -36.283 7.377 0.97815 0.05241 -0.15701 -0.12575 3 
95.028 -53.459 1.267 0.32882 0.82637 0.37468 -0.26195 1 119.072 -0.39 -10.487 -0.50289 0.75496 -0.40143 0.12644 2 45.388 -36.284 7.377 0.97815 0.05241 -0.15702 -0.12575 3 
87.686 -52.821 3.409 0.28601 0.803 0.44473 -0.27496 1 118.905 -0.426 -10.443 -0.49265 0.75891 -0.40558 0.12982 2 45.388 -36.284 7.379 0.97816 0.05241 -0.157 -0.12573 3 
80.022 -51.15 4.796 0.26375 0.79619 0.47254 -0.27059 1 118.853 -0.565 -10.429 -0.48011 0.7628 -0.41165 0.13478 2 45.386 -36.285 7.378 0.97816 0.05238 -0.15699 -0.12575 3 
72.446 -48.533 4.676 0.23375 0.81292 0.4764 -0.23993 1 118.944 -0.899 -10.391 -0.46234 0.76764 -0.42013 0.14305 2 45.386 -36.285 7.378 0.97816 0.05238 -0.15699 -0.12574 3 
65.166 -46.009 2.772 0.19671 0.82504 0.49909 -0.17756 1 119.197 -1.217 -10.335 -0.43607 0.77479 -0.43071 0.15501 2 45.387 -36.283 7.378 0.97816 0.05242 -0.157 -0.12574 3 
59.415 -44.543 0.165 0.14434 0.83789 0.51122 -0.1255 1 119.426 -1.695 -10.234 -0.40476 0.78407 -0.43985 0.16715 2 45.387 -36.283 7.379 0.97816 0.05241 -0.15699 -0.12573 3 
55.226 -43.596 -2.386 0.10397 0.83922 0.52494 -0.09666 1 119.403 -2.187 -10.159 -0.3768 0.79097 -0.44899 0.17546 2 45.389 -36.283 7.377 0.97816 0.05241 -0.15702 -0.12573 3 
52.471 -42.231 -4.266 0.08973 0.81691 0.5618 -0.09484 1 119.003 -2.735 -10.156 -0.35829 0.79374 -0.45696 0.18109 2 45.389 -36.283 7.378 0.97816 0.0524 -0.157 -0.12572 3 
50.375 -40.373 -5.489 0.08191 0.78532 0.60569 -0.09847 1 118.325 -3.123 -10.173 -0.35306 0.7908 -0.46242 0.19012 2 45.387 -36.284 7.378 0.97816 0.05237 -0.157 -0.12573 3 
48.963 -39.17 -6.298 0.07003 0.73895 0.6559 -0.13728 1 117.772 -3.405 -10.185 -0.34881 0.78864 -0.46613 0.19775 2 45.273 -36.291 7.395 0.97842 0.05207 -0.15531 -0.12594 3 
48.236 -38.874 -6.756 0.06537 0.70272 0.68359 -0.18605 1 117.422 -3.597 -10.197 -0.34096 0.78889 -0.46929 0.2029 2 44.722 -36.39 7.465 0.97942 0.05138 -0.14711 -0.1283 3 
47.899 -38.651 -6.909 0.07143 0.68696 0.69109 -0.21304 1 117.266 -3.638 -10.184 -0.3355 0.78967 -0.47037 0.2064 2 44.617 -36.356 7.487 0.9788 0.06171 -0.14562 -0.13012 3 
47.833 -38.428 -6.876 0.06644 0.6842 0.69135 -0.22246 1 117.164 -3.638 -10.183 -0.33428 0.78902 -0.47147 0.20837 2 44.516 -36.301 7.5 0.97797 0.07279 -0.14433 -0.13207 3 
47.874 -38.411 -6.837 0.0623 0.68372 0.69221 -0.22246 1 117.341 -3.585 -10.174 -0.33211 0.78957 -0.47197 0.20864 2 44.655 -36.263 7.488 0.97756 0.07456 -0.14653 -0.13169 3 
48.039 -38.345 -6.753 0.05363 0.68788 0.68582 -0.23151 1 117.807 -3.616 -10.081 -0.32364 0.79342 -0.47256 0.20599 2 44.822 -36.245 7.476 0.97632 0.08422 -0.14847 -0.13291 3 
48.361 -38.271 -6.358 0.04856 0.69071 0.68005 -0.24104 1 118.395 -3.616 -9.995 -0.31397 0.79869 -0.47205 0.2017 2 44.947 -35.962 7.908 0.97665 0.09448 -0.14547 -0.12678 3 
49.061 -38.276 -5.244 0.07045 0.68405 0.67941 -0.25595 1 118.737 -3.522 -9.924 -0.30955 0.80138 -0.47027 0.20205 2 46.486 -35.828 9.309 0.9751 0.08741 -0.16254 -0.12299 3 
50.003 -38.442 -3.613 0.09651 0.67563 0.67681 -0.27592 1 118.727 -3.309 -9.968 -0.31964 0.7989 -0.46838 0.20052 2 48.722 -35.72 11.313 0.9716 0.08311 -0.18932 -0.11509 3 
51.05 -39.003 -1.65 0.11997 0.66594 0.67232 -0.30019 1 118.746 -3.094 -10.013 -0.32638 0.7977 -0.46722 0.19712 2 51.057 -35.955 13.716 0.96736 0.08175 -0.21495 -0.10641 3 
52.094 -39.81 0.211 0.132 0.64185 0.68172 -0.32537 1 118.964 -2.832 -10.106 -0.33025 0.79753 -0.46701 0.1918 2 53.212 -37.75 16.082 0.96005 0.08396 -0.23467 -0.12723 3 
53.006 -40.525 1.818 0.13433 0.62107 0.69035 -0.34591 1 119.2 -2.729 -10.143 -0.33168 0.7986 -0.46731 0.18396 2 54.74 -39.508 18.134 0.95386 0.09035 -0.24475 -0.14862 3 
53.768 -40.968 3.042 0.13405 0.61485 0.68871 -0.3601 1 119.429 -2.629 -10.149 -0.3336 0.79961 -0.46669 0.17759 2 55.786 -40.061 19.648 0.95129 0.09965 -0.25011 -0.15024 3 
54.413 -41.002 3.802 0.1424 0.61322 0.68318 -0.37006 1 119.771 -2.606 -10.123 -0.33089 0.80276 -0.46501 0.17279 2 57.054 -39.748 20.531 0.9484 0.10317 -0.2634 -0.14324 3 
54.722 -40.775 4.106 0.14842 0.61323 0.68161 -0.37058 1 120.241 -2.578 -10.09 -0.32799 0.80481 -0.465 0.16874 2 57.589 -39.33 20.87 0.94803 0.09963 -0.26828 -0.13904 3 
54.753 -40.39 4.111 0.1509 0.62239 0.6746 -0.36711 1 120.677 -2.599 -10.157 -0.32359 0.80642 -0.467 0.16398 2 57.616 -38.282 20.803 0.94968 0.09889 -0.26967 -0.12494 3 
54.709 -39.905 4.045 0.15606 0.63335 0.66365 -0.36616 1 121.146 -2.552 -10.123 -0.3175 0.80843 -0.46907 0.16004 2 57.746 -36.909 20.604 0.95039 0.09895 -0.27517 -0.10604 3 
54.724 -39.422 3.944 0.15761 0.63372 0.66348 -0.36517 1 121.464 -2.497 -10.092 -0.3145 0.81035 -0.46891 0.15667 2 57.794 -36.401 20.475 0.95039 0.09704 -0.27621 -0.10513 3 
54.902 -39.052 3.983 0.1601 0.62876 0.66635 -0.36745 1 121.676 -2.367 -10.144 -0.31321 0.81223 -0.46794 0.15238 2 58.177 -36.32 20.534 0.94879 0.09526 -0.28001 -0.11103 3 
55.114 -38.83 4.167 0.16545 0.62642 0.66668 -0.36847 1 121.806 -2.323 -10.112 -0.31354 0.81235 -0.46787 0.15127 2 58.625 -36.082 20.737 0.94782 0.09173 -0.28463 -0.11047 3 
55.33 -38.643 4.272 0.17055 0.62649 0.66491 -0.36921 1 121.906 -2.266 -10.112 -0.31572 0.81138 -0.46808 0.15127 2 59.085 -35.727 20.816 0.94689 0.08952 -0.28974 -0.10691 3 
55.487 -38.553 4.236 0.17121 0.62835 0.66413 -0.36714 1 122.05 -2.218 -10.129 -0.31625 0.8113 -0.46808 0.15061 2 59.193 -35.538 20.751 0.94756 0.08752 -0.28906 -0.10446 3 
55.591 -38.506 4.119 0.16891 0.62858 0.66512 -0.36603 1 122.322 -2.397 -10.196 -0.31512 0.81212 -0.46793 0.14902 2 59.25 -35.535 20.586 0.94753 0.08877 -0.28822 -0.10602 3 
55.707 -38.475 3.983 0.16908 0.62643 0.66768 -0.36496 1 122.432 -2.244 -10.139 -0.31476 0.81178 -0.46862 0.14944 2 59.36 -35.747 20.418 0.94731 0.0863 -0.28792 -0.11069 3 
55.811 -38.491 3.872 0.16602 0.62639 0.66895 -0.36411 1 122.564 -2.247 -10.151 -0.31507 0.81188 -0.46833 0.14916 2 59.337 -35.889 20.292 0.94765 0.08741 -0.28544 -0.11331 3 
55.916 -38.533 3.797 0.16437 0.6287 0.66725 -0.364 1 122.679 -2.253 -10.162 -0.31545 0.81155 -0.46868 0.14906 2 59.405 -35.815 20.164 0.94779 0.08976 -0.28514 -0.11107 3 
55.998 -38.585 3.749 0.16295 0.62863 0.66814 -0.36314 1 122.779 -2.258 -10.148 -0.31547 0.8115 -0.46881 0.14888 2 59.414 -35.951 20.104 0.94802 0.08983 -0.28368 -0.11279 3 
56.087 -38.555 3.722 0.16355 0.62802 0.66859 -0.36308 1 122.843 -2.271 -10.136 -0.31606 0.81127 -0.46887 0.1487 2 59.559 -35.953 20.064 0.94759 0.08958 -0.2849 -0.11347 3 
56.136 -38.501 3.677 0.16382 0.62811 0.66894 -0.36216 1 122.919 -2.299 -10.137 -0.31621 0.8112 -0.46879 0.14899 2 59.604 -35.907 20.001 0.94769 0.08877 -0.28481 -0.11351 3 
56.156 -38.474 3.608 0.16274 0.62844 0.66995 -0.3602 1 122.977 -2.27 -10.161 -0.31625 0.81141 -0.46859 0.14841 2 59.518 -35.923 19.92 0.94835 0.0879 -0.28252 -0.11444 3 
56.131 -38.452 3.543 0.16154 0.62757 0.67124 -0.35986 1 123.117 -2.289 -10.135 -0.3143 0.81287 -0.46764 0.14755 2 59.45 -36.011 19.849 0.94828 0.08821 -0.28171 -0.11675 3 
56.071 -38.429 3.475 0.16164 0.62629 0.6733 -0.3582 1 123.28 -2.364 -10.132 -0.30952 0.81484 -0.46772 0.1465 2 59.36 -36.13 19.782 0.94833 0.08626 -0.28088 -0.1197 3 
56.056 -38.401 3.408 0.16128 0.62992 0.67082 -0.35665 1 123.247 -2.398 -10.174 -0.31168 0.81293 -0.46946 0.147 2 59.297 -35.878 19.659 0.94896 0.087 -0.28053 -0.11496 3 
55.906 -38.457 3.263 0.1605 0.6323 0.67037 -0.35362 1 123.102 -2.413 -10.18 -0.31372 0.8112 -0.47035 0.14937 2 59.014 -35.853 19.488 0.95006 0.08578 -0.27788 -0.11322 3 
55.597 -38.603 3.022 0.15701 0.63329 0.67162 -0.35104 1 122.972 -2.46 -10.16 -0.31186 0.81166 -0.47028 0.15099 2 58.536 -36.088 19.21 0.95073 0.08651 -0.2744 -0.11543 3 
55.2 -38.744 2.703 0.15108 0.63671 0.67183 -0.34702 1 122.798 -2.49 -10.125 -0.31072 0.81194 -0.47 0.15265 2 57.808 -36.239 18.844 0.95231 0.08843 -0.26805 -0.11588 3 
54.696 -38.82 2.258 0.14655 0.63987 0.67208 -0.34263 1 122.544 -2.525 -10.116 -0.31002 0.81146 -0.47034 0.15558 2 57.138 -36.357 18.299 0.9528 0.08979 -0.26533 -0.11711 3 
53.957 -38.761 1.538 0.14051 0.64501 0.67415 -0.33128 1 122.253 -2.571 -10.147 -0.3101 0.81007 -0.47144 0.15925 2 56.061 -36.371 17.415 0.95427 0.08791 -0.25954 -0.11951 3 
53.088 -38.565 0.531 0.12897 0.65563 0.67255 -0.31809 1 121.985 -2.637 -10.115 -0.30809 0.80964 -0.47234 0.16267 2 54.635 -36.011 16.145 0.95681 0.09023 -0.25044 -0.11682 3 
52.128 -38.357 -0.76 0.11497 0.66634 0.67252 -0.30081 1 121.671 -2.691 -10.112 -0.30466 0.81046 -0.47207 0.16577 2 52.939 -35.768 14.527 0.96007 0.09097 -0.2372 -0.11713 3 
51.266 -38.217 -2.122 0.09603 0.67355 0.67684 -0.28108 1 121.414 -2.717 -10.043 -0.30133 0.81087 -0.47217 0.16956 2 50.98 -35.896 12.876 0.96448 0.09077 -0.2148 -0.12413 3 
50.576 -38.243 -3.428 0.07701 0.6828 0.67628 -0.2655 1 121.183 -2.722 -10.001 -0.29774 0.81185 -0.47143 0.17322 2 49.386 -35.964 11.243 0.96752 0.09506 -0.19726 -0.12635 3 
50.02 -38.318 -4.585 0.05878 0.68937 0.67837 -0.24723 1 120.959 -2.753 -9.962 -0.29212 0.81335 -0.47113 0.17653 2 47.796 -36.139 9.787 0.97117 0.09591 -0.17539 -0.12986 3 
49.668 -38.333 -5.485 0.04452 0.70068 0.67362 -0.23089 1 120.598 -2.794 -9.951 -0.29156 0.81266 -0.47123 0.18035 2 46.497 -35.795 8.619 0.97533 0.09699 -0.15572 -0.12276 3 
49.412 -38.309 -6.131 0.03884 0.709 0.66901 -0.21963 1 120.24 -2.828 -9.901 -0.29207 0.81116 -0.47179 0.18474 2 45.823 -35.357 7.758 0.97769 0.09625 -0.14736 -0.11463 3 
49.281 -38.342 -6.514 0.03403 0.70085 0.6776 -0.22024 1 119.924 -2.88 -9.922 -0.2924 0.8104 -0.47143 0.18844 2 45.712 -36.126 7.349 0.97553 0.09725 -0.14638 -0.13214 3 
49.152 -38.366 -6.523 0.03761 0.70083 0.67762 -0.21968 1 119.658 -2.878 -9.911 -0.29618 0.8089 -0.47073 0.19069 2 45.622 -36.123 7.371 0.97579 0.09397 -0.14669 -0.1322 3 
49.332 -38.365 -6.517 0.04371 0.70325 0.67945 -0.20464 1 119.452 -2.915 -9.901 -0.30273 0.80799 -0.46796 0.19109 2 45.947 -36.065 7.331 0.97511 0.09501 -0.1515 -0.13104 3 
50.447 -39.304 -6.187 0.07708 0.69273 0.69147 -0.18986 1 119.482 -2.939 -9.828 -0.30971 0.80784 -0.46464 0.18865 2 45.938 -36.07 7.325 0.97512 0.09496 -0.15143 -0.13115 3 
53.743 -42.526 -5.222 0.11575 0.65849 0.69886 -0.25415 1 119.789 -2.997 -9.855 -0.31387 0.80864 -0.46171 0.18552 2 45.94 -36.061 7.334 0.97513 0.09503 -0.15141 -0.13104 3 
59.888 -46.123 -4.545 0.17797 0.65307 0.66841 -0.30831 1 120.159 -3.125 -9.884 -0.32643 0.80625 -0.45867 0.18174 2 45.939 -36.065 7.329 0.97513 0.09501 -0.15138 -0.13108 3 
68.568 -48.489 -5.027 0.22432 0.68739 0.64382 -0.25034 1 120.812 -3.332 -9.861 -0.33599 0.80791 -0.45076 0.17668 2 45.938 -36.064 7.331 0.97513 0.095 -0.15137 -0.13106 3 
77.455 -48.003 -6.323 0.27797 0.735 0.6166 -0.04817 1 121.635 -3.592 -9.806 -0.34721 0.80982 -0.44062 0.17172 2 45.939 -36.063 7.331 0.97513 0.09503 -0.15138 -0.13107 3 
85.642 -44.583 -8.429 0.35859 0.73235 0.49732 0.29622 1 122.904 -3.635 -9.577 -0.35816 0.8158 -0.4219 0.16792 2 45.938 -36.063 7.332 0.97513 0.09504 -0.15137 -0.13108 3 
96.109 -41.037 -10.813 0.38923 0.60934 0.25177 0.64329 1 123.976 -2.812 -9.294 -0.35575 0.8307 -0.40105 0.15012 2 45.936 -36.064 7.332 0.97513 0.09501 -0.15135 -0.13107 3 
106.21 -38.988 -11.294 0.42267 0.48576 0.08994 0.7598 1 124.939 -1.424 -9.335 -0.35376 0.83705 -0.39456 0.13605 2 45.938 -36.064 7.331 0.97513 0.09502 -0.15139 -0.13107 3 
108.237 -35.992 -10.136 0.44236 0.57309 0.05037 0.688 1 125.745 0.649 -9.546 -0.3592 0.83355 -0.40236 0.11947 2 45.935 -36.065 7.331 0.97513 0.095 -0.15134 -0.13109 3 
109.378 -32.255 -9.862 0.43174 0.58051 0.02382 0.68995 1 126.931 4.034 -9.884 -0.35785 0.83106 -0.41305 0.10331 2 45.939 -36.063 7.33 0.97512 0.09502 -0.1514 -0.13107 3 
108.94 -27.488 -9.815 0.38074 0.55361 0.02151 0.74033 1 129.278 9.144 -9.72 -0.34374 0.84227 -0.39039 0.14154 2 45.936 -36.065 7.33 0.97513 0.09502 -0.15135 -0.1311 3 
104.642 -20.486 -7.642 0.29601 0.65055 0.00282 0.6994 1 131.3 17.601 -9.32 -0.28412 0.8875 -0.33945 0.128 2 45.935 -36.065 7.33 0.97513 0.09504 -0.15134 -0.13112 3 
100.715 -9.393 -3.773 0.31758 0.82828 0.02972 0.46066 1 129.289 27.443 -8.944 -0.04515 0.92804 -0.3485 0.12352 2 45.939 -36.064 7.332 0.97513 0.09502 -0.15137 -0.13105 3 
97.141 2.77 -2.572 0.48174 0.81242 0.08691 0.31679 1 122.589 34.498 -8.451 0.12442 0.88272 -0.42687 0.15202 2 45.939 -36.065 7.33 0.97513 0.09502 -0.15137 -0.13108 3 
91.603 14.382 -4.353 0.5562 0.74446 0.19017 0.31665 1 115.351 38.779 -8.586 0.14357 0.85171 -0.48032 0.15256 2 45.938 -36.064 7.331 0.97513 0.09502 -0.15137 -0.13108 3 
86.137 22.877 -7.974 0.49534 0.75453 0.15628 0.40113 1 109.637 41.627 -9.228 0.17734 0.82743 -0.50568 0.16789 2 45.937 -36.065 7.332 0.97513 0.09501 -0.15135 -0.13108 3 
83.063 26.69 -11.216 0.42632 0.71152 0.20438 0.51982 1 106.694 43.248 -10.055 0.19729 0.79061 -0.55003 0.18298 2 45.94 -36.065 7.329 0.97513 0.09501 -0.15138 -0.13107 3 
82.39 28.308 -12.782 0.39509 0.70412 0.19545 0.5567 1 105.248 44.085 -10.574 0.22269 0.795 -0.52202 0.21419 2 45.938 -36.065 7.332 0.97513 0.095 -0.15136 -0.13106 3 
82.09 29.049 -13.224 0.37686 0.71755 0.17855 0.55787 1 104.196 44.896 -11.209 0.22309 0.79528 -0.51834 0.22157 2 45.937 -36.065 7.332 0.97513 0.09501 -0.15135 -0.13106 3 
81.982 29.227 -13.788 0.36215 0.71328 0.18005 0.57242 1 102.934 45.456 -11.413 0.21641 0.79179 -0.5246 0.22592 2 45.938 -36.065 7.332 0.97514 0.09499 -0.15136 -0.13105 3 
81.961 29.686 -13.99 0.34563 0.71372 0.18439 0.58064 1 101.18 45.927 -12.05 0.21771 0.79429 -0.51711 0.23302 2 45.937 -36.065 7.331 0.97514 0.09499 -0.15135 -0.13107 3 
81.821 29.818 -14.217 0.32891 0.70692 0.19822 0.59396 1 99.807 45.983 -12.487 0.22612 0.79284 -0.50883 0.24772 2 45.938 -36.064 7.331 0.97513 0.09502 -0.15136 -0.13107 3 
81.732 29.692 -14.082 0.32397 0.70256 0.20299 0.6002 1 98.865 46.382 -13.293 0.24283 0.79808 -0.48694 0.25882 2 45.938 -36.065 7.331 0.97513 0.095 -0.15135 -0.13107 3 
