116.458 -41.638 -13.522 0.59099 0.65518 0.44287 0.15916 1 119.386 0.948 -10.347 -0.52132 0.76711 -0.35034 0.13048 2 60.45 -50.936 -5.186 0.89773 -0.42588 -0.10721 -0.03476 3 
116.461 -41.558 -13.522 0.59026 0.65527 0.44448 0.15701 1 119.289 1.017 -10.362 -0.52155 0.76715 -0.35103 0.12749 2 60.448 -50.937 -5.185 0.89772 -0.42591 -0.10722 -0.0348 3 
116.392 -41.483 -13.521 0.58896 0.65608 0.44588 0.15452 1 119.183 1.099 -10.378 -0.52077 0.76728 -0.35234 0.1262 2 60.452 -50.933 -5.188 0.89775 -0.42584 -0.10723 -0.0348 3 
116.38 -41.375 -13.553 0.58814 0.65658 0.4471 0.15199 1 119.084 1.194 -10.384 -0.52076 0.76663 -0.35394 0.12575 2 60.445 -50.942 -5.185 0.89769 -0.42597 -0.10721 -0.0348 3 
116.374 -41.318 -13.559 0.58879 0.65634 0.4462 0.15316 1 118.988 1.249 -10.382 -0.52209 0.76556 -0.35402 0.12655 2 60.447 -50.939 -5.185 0.89771 -0.42594 -0.10719 -0.03479 3 
116.391 -41.315 -13.531 0.58785 0.65726 0.44652 0.1519 1 118.907 1.339 -10.391 -0.52258 0.76501 -0.35386 0.12826 2 60.448 -50.938 -5.184 0.89771 -0.42592 -0.10721 -0.03482 3 
116.629 -41.356 -13.517 0.58305 0.66036 0.44796 0.15267 1 118.82 1.345 -10.39 -0.5229 0.76423 -0.35395 0.13133 2 60.449 -50.937 -5.185 0.89772 -0.4259 -0.10721 -0.03479 3 
117.014 -41.853 -13.505 0.57689 0.66698 0.44538 0.15486 1 118.574 1.275 -10.33 -0.52638 0.76127 -0.35163 0.14053 2 60.449 -50.937 -5.187 0.89772 -0.4259 -0.10723 -0.03477 3 
117.374 -43.773 -13.642 0.53353 0.70859 0.43497 0.15507 1 118.427 1.253 -10.275 -0.5251 0.76067 -0.34794 0.15679 2 60.447 -50.938 -5.186 0.89771 -0.42592 -0.10722 -0.03481 3 
117.318 -46.876 -14.139 0.38979 0.79833 0.44964 0.09244 1 118.581 1.32 -10.131 -0.51219 0.76625 -0.34471 0.17807 2 60.444 -50.942 -5.186 0.89768 -0.42598 -0.10721 -0.03479 3 
115.554 -50.17 -13.991 0.2189 0.84706 0.48281 -0.03827 1 118.21 1.131 -10.132 -0.509 0.76314 -0.3515 0.18705 2 60.449 -50.937 -5.188 0.89772 -0.4259 -0.10724 -0.03478 3 
111.283 -53.472 -13.004 0.11417 0.82916 0.52173 -0.1651 1 117.391 0.852 -10.124 -0.51443 0.75637 -0.35324 0.19618 2 60.448 -50.937 -5.185 0.89772 -0.42592 -0.10719 -0.03478 3 
103.942 -56.561 -12.06 0.07066 0.79138 0.5563 -0.24342 1 116.619 0.572 -10.109 -0.52079 0.75038 -0.35114 0.20593 2 60.444 -50.942 -5.182 0.89768 -0.42599 -0.10717 -0.03481 3 
95.98 -57.677 -12.282 0.03464 0.7798 0.57338 -0.2489 1 116.431 0.321 -10.115 -0.51678 0.74931 -0.35404 0.2148 2 60.442 -50.941 -5.189 0.8977 -0.42595 -0.10722 -0.03482 3 
88.352 -56.976 -13.376 -0.00813 0.77673 0.59058 -0.21873 1 116.829 0.077 -10.025 -0.49969 0.75388 -0.35861 0.23103 2 60.438 -50.946 -5.185 0.89765 -0.42606 -0.10718 -0.03484 3 
82.254 -54.921 -14.935 -0.04433 0.77977 0.59936 -0.17538 1 117.482 -0.231 -9.898 -0.47613 0.75801 -0.36724 0.25269 2 60.424 -50.948 -5.191 0.89764 -0.42607 -0.10717 -0.03491 3 
77.548 -53.388 -16.088 -0.10027 0.77504 0.60122 -0.16669 1 118.051 -0.637 -9.879 -0.45149 0.761 -0.37631 0.27463 2 60.432 -50.946 -5.188 0.89766 -0.42603 -0.10715 -0.03487 3 
73.802 -53.02 -16.533 -0.13701 0.77349 0.59601 -0.16649 1 118.369 -1.239 -9.896 -0.4324 0.76126 -0.38889 0.28683 2 60.414 -50.953 -5.194 0.89761 -0.42614 -0.10715 -0.03494 3 
71.332 -52.979 -16.812 -0.14038 0.77745 0.58767 -0.17467 1 118.49 -1.811 -9.967 -0.42116 0.7594 -0.39708 0.29709 2 60.409 -50.962 -5.191 0.8976 -0.42617 -0.10705 -0.03499 3 
70.371 -52.852 -17.257 -0.14742 0.76393 0.59332 -0.20653 1 118.402 -2.307 -9.965 -0.40973 0.75898 -0.40201 0.30735 2 60.406 -50.966 -5.195 0.89758 -0.42621 -0.10708 -0.03502 3 
69.899 -52.535 -17.699 -0.14639 0.75666 0.59508 -0.22786 1 118.312 -2.696 -9.96 -0.40142 0.75758 -0.40514 0.31746 2 60.365 -50.969 -5.201 0.89754 -0.42634 -0.10684 -0.03516 3 
69.599 -52.332 -17.748 -0.14013 0.75512 0.59089 -0.24701 1 118.259 -2.907 -9.945 -0.39666 0.75782 -0.40516 0.32282 2 60.109 -50.669 -5.16 0.8992 -0.42424 -0.10183 -0.03291 3 
69.327 -52.035 -17.661 -0.14162 0.75467 0.58851 -0.25313 1 118.384 -3.139 -9.919 -0.39222 0.76022 -0.40558 0.32208 2 60.066 -50.591 -5.148 0.90325 -0.41574 -0.10075 -0.03391 3 
69.332 -51.957 -17.585 -0.14447 0.75842 0.58114 -0.2573 1 118.663 -3.294 -9.836 -0.3878 0.76333 -0.40521 0.32054 2 60.084 -50.548 -5.129 0.90548 -0.41086 -0.10051 -0.03452 3 
69.45 -52.204 -17.48 -0.1456 0.75527 0.58455 -0.25821 1 119.075 -3.456 -9.83 -0.38112 0.76651 -0.40527 0.32088 2 59.904 -51.18 -5.065 0.90361 -0.41408 -0.09963 -0.04581 3 
69.681 -52.504 -16.846 -0.13061 0.75212 0.58611 -0.27154 1 119.336 -3.555 -9.784 -0.37951 0.76781 -0.40472 0.32036 2 60.646 -51.286 -4.292 0.90143 -0.41746 -0.10769 -0.03945 3 
69.964 -52.734 -15.477 -0.10787 0.74387 0.59181 -0.29116 1 119.243 -3.557 -9.829 -0.38598 0.76674 -0.40435 0.31565 2 61.847 -51.55 -2.747 0.89705 -0.42249 -0.12512 -0.03381 3 
70.495 -52.925 -13.435 -0.07579 0.73049 0.60086 -0.31562 1 118.986 -3.455 -9.881 -0.39562 0.76476 -0.40503 0.30754 2 63.573 -51.87 -0.439 0.88835 -0.43368 -0.14817 -0.02836 3 
71.29 -52.959 -11.501 -0.04917 0.70859 0.61847 -0.33613 1 118.749 -3.258 -9.944 -0.40324 0.76404 -0.40513 0.29918 2 65.517 -52.703 1.767 0.87673 -0.44606 -0.17668 -0.03404 3 
72.113 -52.919 -9.499 -0.02188 0.68514 0.63499 -0.35622 1 118.5 -3.071 -9.981 -0.41117 0.76426 -0.40518 0.28752 2 67.648 -53.467 4.084 0.86452 -0.45631 -0.20748 -0.03664 3 
72.752 -52.942 -7.483 0.00097 0.66824 0.64436 -0.37183 1 118.344 -2.791 -10.046 -0.4184 0.76409 -0.40472 0.27806 2 69.227 -53.887 6.422 0.85448 -0.46625 -0.22643 -0.03454 3 
73.38 -52.939 -5.624 0.02074 0.66399 0.63819 -0.38911 1 118.275 -2.518 -10.134 -0.42491 0.76266 -0.40644 0.26946 2 70.721 -53.413 8.618 0.85159 -0.46886 -0.23384 -0.01703 3 
74.05 -52.761 -4.181 0.03572 0.67195 0.62025 -0.4031 1 118.262 -2.225 -10.184 -0.43049 0.76079 -0.40694 0.26512 2 71.998 -51.936 10.274 0.85443 -0.4665 -0.22829 0.01436 3 
74.431 -52.573 -3.504 0.0477 0.67572 0.60968 -0.41161 1 118.289 -2.061 -10.199 -0.43571 0.75893 -0.40682 0.26207 2 73.095 -50.787 11.022 0.85556 -0.46242 -0.2295 0.03904 3 
74.672 -52.429 -3.352 0.04954 0.6745 0.61005 -0.41283 1 118.454 -1.915 -10.186 -0.43794 0.75872 -0.40576 0.26059 2 73.464 -50.667 11.167 0.85466 -0.46261 -0.23214 0.04076 3 
74.805 -52.404 -3.3 0.04996 0.67693 0.60599 -0.41479 1 118.778 -1.838 -10.162 -0.43677 0.75987 -0.4058 0.25915 2 73.731 -50.31 11.201 0.85637 -0.45946 -0.23061 0.04857 3 
74.934 -52.384 -3.225 0.05234 0.67758 0.60229 -0.41879 1 119.072 -1.853 -10.196 -0.4359 0.76082 -0.4059 0.25767 2 74.148 -50.066 11.259 0.85715 -0.45579 -0.23329 0.05589 3 
74.935 -52.338 -3.203 0.05643 0.67622 0.60179 -0.42118 1 119.316 -1.899 -10.176 -0.43481 0.76139 -0.40573 0.2581 2 74.455 -49.953 11.289 0.85575 -0.4554 -0.23809 0.0602 3 
74.837 -52.256 -3.238 0.05706 0.67479 0.60495 -0.41884 1 119.484 -1.99 -10.164 -0.43356 0.76231 -0.4053 0.25813 2 74.312 -49.994 11.247 0.85405 -0.45867 -0.23861 0.05733 3 
74.687 -52.171 -3.281 0.05728 0.67183 0.61022 -0.41592 1 119.588 -2.064 -10.138 -0.43231 0.76332 -0.40505 0.25766 2 74.106 -50.184 11.201 0.85183 -0.46239 -0.24073 0.05122 3 
74.51 -52.114 -3.325 0.05816 0.66951 0.61303 -0.4154 1 119.624 -2.175 -10.129 -0.43156 0.76385 -0.40506 0.25731 2 73.99 -50.279 11.172 0.85064 -0.46342 -0.24335 0.0493 3 
74.361 -52.078 -3.397 0.05812 0.66836 0.6162 -0.41257 1 119.679 -2.217 -10.138 -0.42943 0.765 -0.40551 0.25677 2 73.763 -50.387 11.097 0.8493 -0.46599 -0.24383 0.04565 3 
74.226 -52.093 -3.452 0.05738 0.6677 0.61837 -0.41048 1 119.659 -2.267 -10.134 -0.42857 0.76549 -0.40562 0.25655 2 73.555 -50.496 11.037 0.84896 -0.46697 -0.24365 0.04301 3 
74.139 -52.176 -3.52 0.05659 0.66689 0.61993 -0.40957 1 119.57 -2.287 -10.13 -0.4296 0.76459 -0.40561 0.25754 2 73.45 -50.684 10.947 0.84859 -0.46728 -0.24465 0.04107 3 
74.082 -52.317 -3.572 0.0568 0.66757 0.62015 -0.40809 1 119.471 -2.307 -10.138 -0.42949 0.76424 -0.40568 0.25863 2 73.346 -50.757 10.904 0.84853 -0.4682 -0.24304 0.04137 3 
73.961 -52.451 -3.676 0.05423 0.6663 0.62406 -0.40455 1 119.32 -2.327 -10.154 -0.42991 0.76364 -0.40553 0.25995 2 73.022 -51.088 10.792 0.84805 -0.47023 -0.24179 0.03511 3 
73.832 -52.525 -3.772 0.05306 0.66627 0.6251 -0.40313 1 119.165 -2.334 -10.138 -0.43014 0.76302 -0.40564 0.26121 2 72.798 -51.224 10.685 0.84797 -0.47092 -0.24098 0.03338 3 
73.674 -52.601 -3.824 0.05252 0.66515 0.62722 -0.40177 1 119.01 -2.312 -10.133 -0.43006 0.76278 -0.40561 0.26209 2 72.609 -51.402 10.618 0.84746 -0.47169 -0.24163 0.03041 3 
73.546 -52.613 -3.901 0.0509 0.66401 0.62997 -0.39954 1 118.863 -2.33 -10.118 -0.43035 0.76227 -0.40576 0.26289 2 72.345 -51.582 10.548 0.84695 -0.47304 -0.24129 0.02609 3 
73.473 -52.574 -3.93 0.05102 0.66553 0.62948 -0.39778 1 118.785 -2.325 -10.13 -0.43071 0.76165 -0.40611 0.26352 2 72.207 -51.458 10.507 0.84694 -0.47404 -0.23928 0.02695 3 
73.413 -52.527 -3.952 0.05146 0.665 0.63032 -0.39727 1 118.746 -2.329 -10.131 -0.43061 0.76148 -0.40645 0.26367 2 72.145 -51.45 10.498 0.84645 -0.47468 -0.23979 0.02644 3 
73.352 -52.481 -3.955 0.05178 0.66349 0.63234 -0.39655 1 118.752 -2.322 -10.114 -0.42974 0.76188 -0.40656 0.26377 2 72.081 -51.516 10.496 0.84556 -0.47574 -0.24105 0.02439 3 
73.265 -52.425 -3.967 0.05165 0.66376 0.6334 -0.39441 1 118.746 -2.24 -10.13 -0.42969 0.762 -0.40651 0.26357 2 71.919 -51.46 10.469 0.84522 -0.47704 -0.23977 0.02325 3 
73.232 -52.354 -3.995 0.05145 0.66662 0.63141 -0.3928 1 118.732 -2.268 -10.11 -0.43001 0.76157 -0.40652 0.26428 2 71.8 -51.2 10.433 0.84577 -0.47769 -0.23625 0.02587 3 
73.243 -52.34 -3.994 0.05081 0.66727 0.63127 -0.39199 1 118.772 -2.243 -10.121 -0.42999 0.76163 -0.40636 0.2644 2 71.773 -51.182 10.399 0.8458 -0.47795 -0.23562 0.02583 3 
73.256 -52.393 -3.995 0.05079 0.66668 0.63208 -0.39171 1 118.84 -2.227 -10.122 -0.42918 0.76191 -0.40702 0.26389 2 71.787 -51.259 10.413 0.84569 -0.47809 -0.23579 0.02521 3 
73.25 -52.384 -4.02 0.0502 0.66782 0.63173 -0.3904 1 118.878 -2.211 -10.129 -0.42994 0.76177 -0.40689 0.26325 2 71.72 -51.183 10.382 0.84581 -0.47865 -0.23416 0.02579 3 
73.236 -52.344 -4.037 0.05062 0.66873 0.63231 -0.38783 1 118.931 -2.243 -10.122 -0.43019 0.76173 -0.40683 0.26305 2 71.654 -51.09 10.345 0.84508 -0.48049 -0.23299 0.02612 3 
73.201 -52.341 -4.039 0.05335 0.66865 0.63197 -0.38817 1 119.019 -2.261 -10.115 -0.42947 0.76215 -0.40686 0.26296 2 71.797 -50.991 10.347 0.8439 -0.48122 -0.2353 0.02979 3 
73.179 -52.336 -4.045 0.05317 0.66761 0.63356 -0.3874 1 119.084 -2.319 -10.111 -0.42893 0.76269 -0.40685 0.26228 2 71.755 -51.057 10.324 0.8434 -0.48196 -0.23577 0.02839 3 
73.162 -52.357 -4.096 0.05203 0.66764 0.63445 -0.38603 1 119.12 -2.404 -10.111 -0.42856 0.76298 -0.40713 0.26161 2 71.649 -51.126 10.277 0.84324 -0.48283 -0.23477 0.02662 3 
73.141 -52.368 -4.12 0.05065 0.66887 0.63396 -0.38489 1 119.168 -2.42 -10.107 -0.42877 0.76249 -0.40754 0.26204 2 71.549 -51.076 10.226 0.84395 -0.4825 -0.23285 0.02673 3 
73.123 -52.367 -4.137 0.05108 0.66928 0.63403 -0.38399 1 119.173 -2.465 -10.11 -0.42835 0.76273 -0.40776 0.26169 2 71.533 -51.029 10.212 0.84379 -0.48299 -0.23236 0.02732 3 
73.105 -52.359 -4.191 0.05189 0.66902 0.63549 -0.38194 1 119.132 -2.511 -10.124 -0.42848 0.76237 -0.40811 0.26199 2 71.458 -51.081 10.154 0.84235 -0.48561 -0.23231 0.02572 3 
72.989 -52.459 -4.282 0.05004 0.66939 0.63602 -0.38065 1 119.065 -2.533 -10.116 -0.42962 0.76121 -0.40816 0.26342 2 71.274 -51.226 10.029 0.84262 -0.48544 -0.23184 0.02431 3 
72.767 -52.605 -4.534 0.04705 0.67154 0.6352 -0.37861 1 119.079 -2.57 -10.108 -0.42783 0.76172 -0.40841 0.26445 2 71.014 -51.359 9.736 0.84335 -0.48428 -0.23168 0.02365 3 
72.256 -52.761 -5.221 0.04249 0.68011 0.62914 -0.37393 1 119.214 -2.54 -10.076 -0.42548 0.76197 -0.40742 0.26903 2 70.502 -51.201 8.909 0.84529 -0.48143 -0.22983 0.02995 3 
71.379 -52.902 -6.582 0.03372 0.69284 0.62239 -0.36258 1 119.499 -2.538 -9.967 -0.42012 0.76251 -0.40638 0.27736 2 69.468 -50.858 7.293 0.84861 -0.47774 -0.22426 0.03652 3 
70.317 -52.945 -8.753 0.02435 0.70855 0.61711 -0.34138 1 119.81 -2.628 -9.949 -0.41304 0.76247 -0.40682 0.28727 2 67.969 -50.387 4.765 0.85025 -0.47881 -0.21495 0.04011 3 
69.599 -52.826 -11.292 0.00288 0.72816 0.61107 -0.31045 1 120.084 -2.723 -9.904 -0.40633 0.7625 -0.40595 0.29781 2 65.885 -49.736 1.866 0.85568 -0.4807 -0.18858 0.03419 3 
69.535 -52.611 -13.546 -0.04066 0.73161 0.61752 -0.28595 1 120.195 -2.939 -9.868 -0.3971 0.76421 -0.40749 0.30372 2 63.669 -50.536 -0.652 0.86487 -0.47458 -0.16352 -0.00687 3 
69.662 -52.602 -15.222 -0.07206 0.73336 0.61671 -0.27688 1 120.301 -3.167 -9.848 -0.39009 0.76365 -0.40823 0.31309 2 62.765 -51.139 -2.5 0.87413 -0.4605 -0.15217 -0.02612 3 
69.594 -52.873 -16.279 -0.08886 0.7445 0.60542 -0.267 1 120.391 -3.4 -9.844 -0.38116 0.76377 -0.4099 0.32148 2 61.93 -51.051 -3.659 0.88127 -0.45259 -0.13368 -0.0254 3 
69.465 -53.182 -17.062 -0.10277 0.74809 0.6007 -0.2626 1 120.308 -3.669 -9.798 -0.37578 0.76377 -0.40819 0.3299 2 61.309 -51.398 -4.494 0.88633 -0.44498 -0.12468 -0.02927 3 
69.397 -53.516 -17.607 -0.11635 0.74561 0.60269 -0.25941 1 120.145 -3.895 -9.776 -0.37375 0.76241 -0.40709 0.33663 2 60.817 -52.178 -5.08 0.88926 -0.43919 -0.12123 -0.04033 3 
69.283 -53.76 -17.759 -0.11109 0.75555 0.59209 -0.25736 1 120.004 -4.069 -9.747 -0.37191 0.76145 -0.40528 0.34297 2 60.754 -51.666 -5.218 0.88991 -0.44074 -0.11451 -0.02637 3 
69.23 -53.831 -17.75 -0.11755 0.75585 0.59188 -0.25409 1 119.888 -4.155 -9.725 -0.37365 0.75984 -0.40373 0.34645 2 60.371 -51.974 -5.242 0.89162 -0.43803 -0.10972 -0.03343 3 
69.22 -53.836 -17.685 -0.12132 0.7559 0.59918 -0.23424 1 119.818 -4.065 -9.691 -0.37829 0.7597 -0.40042 0.34557 2 60.13 -51.93 -5.241 0.89068 -0.44065 -0.10661 -0.0339 3 
70.455 -53.953 -17.552 -0.11186 0.76006 0.61505 -0.1775 1 119.718 -3.776 -9.678 -0.38673 0.76136 -0.39714 0.33623 2 60.163 -51.988 -5.254 0.89037 -0.44106 -0.10731 -0.03443 3 
74.704 -55.856 -17.14 -0.10572 0.75882 0.61754 -0.17791 1 119.547 -3.22 -9.68 -0.39946 0.7624 -0.39371 0.32277 2 60.172 -52 -5.252 0.89045 -0.44089 -0.10732 -0.03461 3 
81.322 -58.573 -16.015 -0.05343 0.76616 0.61097 -0.19198 1 119.155 -2.556 -9.775 -0.41905 0.75809 -0.39294 0.30871 2 60.159 -52.003 -5.251 0.89039 -0.44101 -0.1073 -0.03458 3 
90.538 -59.056 -14.943 0.0525 0.82194 0.55676 -0.10805 1 118.545 -1.84 -9.925 -0.44366 0.75078 -0.39018 0.29539 2 60.167 -51.995 -5.257 0.89041 -0.44097 -0.10735 -0.03455 3 
100.425 -57.614 -14.293 0.16204 0.8807 0.44155 0.05605 1 118.075 -1.265 -9.985 -0.46372 0.74548 -0.38626 0.28289 2 60.155 -52.001 -5.25 0.89037 -0.44105 -0.10731 -0.03456 3 
109.389 -54.519 -13.996 0.24789 0.86058 0.40179 0.19111 1 117.622 -0.666 -10.01 -0.48315 0.74094 -0.38046 0.26984 2 60.157 -51.998 -5.247 0.8904 -0.441 -0.10728 -0.0346 3 
115.282 -50.018 -13.294 0.38265 0.79863 0.37593 0.27285 1 117.43 -0.222 -10.08 -0.49582 0.73873 -0.37654 0.25819 2 60.161 -51.994 -5.25 0.89039 -0.44101 -0.10732 -0.03454 3 
118.221 -44.508 -12.761 0.48892 0.73455 0.39492 0.25579 1 117.394 0.141 -10.129 -0.50917 0.73475 -0.37144 0.25082 2 60.155 -51.99 -5.25 0.89039 -0.44101 -0.10732 -0.03459 3 
118.786 -40.673 -13.184 0.51554 0.69394 0.45444 0.21482 1 117.616 0.443 -10.185 -0.51659 0.7347 -0.36915 0.23891 2 60.161 -51.988 -5.248 0.89042 -0.44096 -0.1073 -0.03455 3 
118.621 -40.564 -13.196 0.53054 0.68294 0.45238 0.21787 1 118.06 0.779 -10.174 -0.51486 0.7399 -0.36828 0.22767 2 60.157 -51.993 -5.248 0.89038 -0.44103 -0.10733 -0.03457 3 
118.447 -40.545 -13.231 0.54383 0.67257 0.4503 0.22165 1 118.845 0.986 -10.142 -0.51211 0.74511 -0.36695 0.21886 2 60.153 -51.994 -5.25 0.89038 -0.44104 -0.10733 -0.03457 3 
118.175 -40.912 -13.222 0.55583 0.66428 0.44106 0.23505 1 120.177 1.103 -10.036 -0.49797 0.75515 -0.36978 0.21221 2 60.158 -51.993 -5.249 0.89039 -0.44102 -0.10731 -0.03456 3 
117.605 -41.956 -13.286 0.56469 0.66057 0.41766 0.26519 1 122.257 1.986 -9.415 -0.48347 0.77382 -0.34307 0.22307 2 60.145 -51.999 -5.249 0.89035 -0.44109 -0.10729 -0.03463 3 
117.539 -43.911 -14.191 0.51628 0.68665 0.41673 0.29715 1 124.725 5.259 -8.539 -0.38671 0.83749 -0.33023 0.20002 2 60.149 -51.999 -5.254 0.89037 -0.44105 -0.10735 -0.03461 3 
117.284 -42.069 -15.347 0.33703 0.75743 0.50872 0.2322 1 126.321 10.037 -8.389 -0.19126 0.90144 -0.36056 0.14432 2 60.148 -51.998 -5.25 0.89038 -0.44103 -0.1073 -0.03463 3 
114.346 -35.097 -14.925 0.24761 0.77336 0.56619 0.14156 1 125.164 15.271 -8.794 0.02458 0.89724 -0.43498 0.07171 2 60.15 -51.997 -5.251 0.89039 -0.44101 -0.10731 -0.03463 3 
107.431 -23.839 -12.479 0.35946 0.75583 0.51986 0.17107 1 121.298 20.661 -8.607 0.1516 0.8729 -0.45587 0.08516 2 60.151 -51.997 -5.25 0.89039 -0.44101 -0.1073 -0.03463 3 
101.249 -9.777 -10.105 0.45001 0.75357 0.42827 0.21497 1 116.789 26.94 -8.339 0.25214 0.85125 -0.45535 0.06673 2 60.153 -51.994 -5.249 0.89041 -0.44098 -0.10729 -0.03463 3 
94.853 3.958 -8.692 0.50875 0.7708 0.31481 0.21895 1 112.009 33.943 -8.331 0.28507 0.83989 -0.45842 0.05626 2 60.164 -51.974 -5.247 0.89043 -0.44094 -0.10737 -0.03448 3 
88.539 15.152 -8.779 0.50215 0.79212 0.26494 0.22407 1 108.255 39.927 -8.773 0.29297 0.79709 -0.52386 0.06616 2 60.159 -51.975 -5.249 0.8904 -0.44097 -0.10739 -0.03455 3 
84.441 22.891 -10.317 0.4805 0.77332 0.24252 0.33508 1 105.422 43.116 -9.618 0.29867 0.78788 -0.52556 0.11764 2 60.161 -51.974 -5.246 0.89042 -0.44094 -0.10739 -0.03452 3 
83.17 27.036 -12.014 0.47232 0.76324 0.20736 0.38907 1 103.844 44.944 -10.402 0.29952 0.78382 -0.52359 0.14753 2 60.162 -51.973 -5.243 0.89042 -0.44095 -0.10737 -0.0345 3 
82.497 28.479 -12.99 0.46256 0.76872 0.18572 0.40077 1 103.282 45.573 -10.804 0.29615 0.77571 -0.53625 0.15166 2 60.16 -51.973 -5.244 0.89041 -0.44098 -0.10735 -0.03449 3 
82.321 28.884 -13.273 0.45223 0.77266 0.16946 0.41204 1 102.576 45.987 -11.274 0.28379 0.77826 -0.53775 0.15683 2 60.17 -51.965 -5.242 0.89045 -0.44088 -0.10737 -0.03443 3 
82.424 29.236 -13.484 0.44805 0.77974 0.1594 0.40725 1 101.442 46.238 -11.475 0.27639 0.78442 -0.52886 0.16909 2 60.16 -51.971 -5.244 0.8904 -0.44098 -0.10738 -0.03448 3 
82.867 29.999 -13.792 0.44428 0.78134 0.14213 0.41463 1 100.234 46.155 -11.933 0.2769 0.79127 -0.5174 0.17181 2 60.164 -51.969 -5.238 0.89042 -0.44096 -0.10735 -0.03444 3 
82.938 30.335 -13.948 0.43047 0.78204 0.14139 0.42791 1 99.039 46.244 -12.479 0.29407 0.7973 -0.49496 0.18124 2 60.162 -51.971 -5.242 0.89041 -0.44098 -0.10738 -0.03446 3 
82.909 30.388 -14.118 0.42675 0.78184 0.14353 0.43129 1 98.468 46.304 -12.639 0.3173 0.79777 -0.46669 0.21234 2 60.164 -51.967 -5.243 0.89043 -0.44093 -0.10736 -0.03448 3 
