    0.713906    -0.700241  8.86956e-05 -0.000972854    -0.700241    -0.713906 -8.69979e-05    0.0155413 0.00012424        0       -1 0.179999 0 0 0 1         0 -0.263398  0.785398         0 -0.524398    1.0464 -0.611398    1.1334         0 -0.785398  0.785398         0 -0.785398  0.785398 -0.785398  0.785398
0.166783
0.363764
0.00012424
100
10
90
0.231135
1.51605
0.13061 0.289312 0.215463 0.185712 0.0252509 0.389135 0.18953 0.131235 0.240062 0.0269199 0.0393945 0.224458 0.249294 0.294635 0.0250834 0.307348 0.0270807 0.163729 0.13904 0.209636 0.229682 0.184408 0.321942 0.171427 0.275149 0.165075 0.226152 0.277507 0.401463 0.162347 0.31246 0.325816 0.293563 0.124533 0.463926 0.292209 0.335707 0.304672 0.177909 0.341343 0.489274 0.285447 0.0242439 0.212035 0.334199 0.305397 0.323383 0.182051 0.276958 0.181474 0.238239 0.177829 0.297594 0.346273 0.175004 0.488769 0.293719 0.308661 0.36193 0.337432 0.0240196 0.312655 0.4312 0.16018 0.0277203 0.219031 0.283143 0.229928 0.0238389 0.303028 0.0321721 0.328841 0.264594 0.0249438 0.0251033 0.022379 0.293134 0.276738 0.325404 0.378785 0.209209 0.0249112 0.186149 0.298387 0.313673 0.0268122 0.358781 0.253377 0.305725 0.308159 
0.346958 2.17834 2.09405 0.364689 0.0234617 2.65028 0.360032 1.75145 1.89806 0.0258278 1.60341 0.858814 0.865973 2.31357 0.024192 2.2945 0.0250745 0.362824 0.27948 0.919171 0.744103 0.366447 2.16116 0.364425 2.11831 0.357826 2.03807 1.782 4.26678 0.357597 2.14005 2.2295 2.13753 0.32447 5.0669 2.0514 1.9655 1.93935 0.355387 2.03515 4.90563 2.12639 0.0242512 1.95999 2.24822 2.30091 2.3099 0.359573 1.97803 0.362737 1.97549 0.378595 2.09802 1.94312 0.355033 5.11981 2.14573 1.92212 2.73903 2.14631 0.0230644 2.23567 5.04801 0.709927 0.0231264 0.914788 2.10138 0.801451 0.0229134 2.37659 0.0278958 2.27683 0.962369 0.0233661 0.0249201 0.0226344 1.65583 2.12961 2.19379 2.6717 2.14308 0.0249038 0.39664 2.18989 1.86603 0.0249899 2.70001 1.88603 1.53682 1.98898 
