 0.364484 -0.684547  0.631305 -0.157743 -0.342274 -0.728969 -0.592835  0.161204  0.866025         0      -0.5 0.0984228 0 0 0 1         0 -0.263398    1.6554         0 -0.437398  0.785398 -0.437398    1.0464         0 -0.785398  0.785398         0 -0.785398  0.785398 -0.785398  0.785398
0.0156231
0.0188632
0.523599
100
58
42
0.0145309
0.0704827
0.0177028 0.0134618 0.0203529 0.00755764 0.0191108 0.0158874 0.0195514 0.0152248 0.0193511 0.0154359 0.0175656 0.0154548 0.0187792 0.0208889 0.00203299 0.0191528 0.0207299 0.00287432 0.00160649 0.0175706 0.0121546 0.0116419 0.021586 0.0181209 0.023657 0.00811582 0.00726249 0.0059117 0.0139306 0.0210323 0.0182676 0.0173507 0.0141298 0.0198793 0.0179327 0.00630108 0.012799 0.0120687 0.0103686 0.0173803 0.014192 0.00592054 
0.0189414 0.0179062 0.347881 0.0125561 0.0219299 0.0171649 0.316019 0.327584 0.0216745 0.0162886 0.35801 0.327733 0.0214153 0.0216368 0.012896 0.0212498 0.337956 0.0201233 0.0109565 0.330582 0.014553 0.0154237 0.022533 0.0210843 0.0267254 0.0119275 0.0122071 0.0119683 0.0145926 0.0280508 0.0176254 0.0205602 0.0164892 0.0202703 0.0184042 0.0126284 0.0160906 0.0159762 0.0128029 0.0203872 0.0172037 0.0122654 
