   0.713906    0.700241 8.86956e-05  -0.0143195    0.700241   -0.713906 8.69979e-05 -0.00193426 0.00012424        0       -1 0.179999 0 0 0 1         0 -0.350398  0.959398         0 -0.524398  0.959398 -0.524398  0.959398         0 -0.785398  0.785398         0 -0.785398  0.785398 -0.785398  0.785398
0.171575
0.364101
0.00012424
100
17
83
0.252671
1.64522
0.253276 0.273513 0.198767 0.250381 0.0304347 0.223893 0.431439 0.185714 0.221213 0.423736 0.303672 0.216619 0.429142 0.441132 0.216815 0.231994 0.318244 0.189583 0.156134 0.178896 0.194787 0.229724 0.275487 0.22384 0.153504 0.277588 0.483974 0.0263875 0.180031 0.312229 0.295079 0.187725 0.274631 0.169729 0.235789 0.390037 0.158432 0.282275 0.283253 0.235627 0.15385 0.187604 0.334028 0.276116 0.29033 0.0256398 0.0272926 0.187137 0.18686 0.109247 0.391025 0.262483 0.161125 0.183386 0.507691 0.238799 0.300608 0.277644 0.184627 0.237988 0.327064 0.481837 0.328742 0.287116 0.0235759 0.151015 0.16551 0.442262 0.179824 0.24935 0.265069 0.16368 0.0303909 0.502914 0.351531 0.491204 0.368458 0.228863 0.280019 0.202519 0.16265 0.280896 0.438993 
1.93451 1.88253 0.361527 2.04736 0.0271863 0.920306 4.26933 0.396693 0.930663 4.2016 1.81899 1.96437 3.55292 3.88594 0.882576 0.792476 2.26321 0.372016 0.388535 0.739264 0.402505 0.799447 2.2409 2.13388 0.329231 2.05594 4.93165 0.0241516 1.94226 2.11879 2.09303 0.38679 0.90578 0.370168 1.93313 4.2364 0.361302 1.7885 1.86836 0.930556 0.346663 0.369082 2.0254 2.20779 2.13982 0.0244153 0.0247451 0.358157 0.367073 0.341515 2.15247 0.903883 0.380655 0.350008 5.319 1.90244 2.10609 2.11076 0.361731 2.01528 2.36475 5.04357 2.41073 1.84039 0.0230537 0.34223 0.394752 4.47485 0.367551 0.877134 0.936323 0.365126 0.0266532 5.15746 2.51022 4.70582 2.56304 2.00841 0.982684 0.352359 0.358162 1.98103 5.17514 
