 0.618305 -0.700241 -0.356876 0.0454326   -0.60647  -0.713906   0.350045 -0.0299759 -0.499892         0 -0.866088  0.162591 0 0 0 1         0 -0.785398  0.785398         0 -0.698398    1.4814 -0.698398    1.6554         0 -0.785398  0.785398         0 -0.785398  0.785398 -0.785398  0.785398
-1
0.0337461
0.523475
100
67
33
0.109744
1.47536
0.172846 0.0485531 0.0459148 0.0123424 0.0303816 0.0504753 0.00951551 0.216437 0.00720263 0.0181274 0.0121925 0.0142593 0.238589 0.00501929 0.0208169 0.0637294 0.101622 0.0142029 0.219457 0.321539 0.190172 0.0200814 0.20869 0.0116715 0.210771 0.170503 0.0575311 0.215305 0.0154448 0.374081 0.350579 0.161247 0.0122441 
1.99855 1.61671 1.36625 0.702764 0.79162 0.860239 0.699642 3.09008 0.737517 0.705392 0.0164401 0.736912 3.11567 0.0125548 0.417327 1.04581 1.52926 0.0175539 1.90648 3.59071 1.9614 0.861033 3.20027 0.0153881 2.13339 1.50854 1.01041 2.49055 0.695074 4.31253 3.08482 1.88278 0.573308 
