   -0.713906    -0.700242 -8.86955e-05    0.0143195    -0.700242     0.713906 -8.69979e-05   0.00193425 0.00012424        0       -1 0.179999 0 0 0 1         0 -0.350398  0.959398         0 -0.524398  0.959398 -0.524398  0.959398         0 -0.785398  0.785398         0 -0.785398  0.785398 -0.785398  0.785398
0.160271
0.330584
0.00012424
100
15
85
0.257502
1.61237
0.175708 0.31518 0.157783 0.194531 0.283005 0.300024 0.324089 0.34042 0.384677 0.176562 0.265395 0.204618 0.281895 0.217157 0.024895 0.272689 0.189496 0.249708 0.284096 0.30824 0.182637 0.268894 0.221561 0.265562 0.297606 0.245613 0.276006 0.306282 0.338985 0.17593 0.291793 0.18486 0.272092 0.266554 0.259253 0.186086 0.305261 0.517455 0.117298 0.192178 0.182345 0.375583 0.252392 0.266507 0.199114 0.290583 0.343613 0.231949 0.150465 0.288648 0.253662 0.279296 0.236975 0.0257826 0.479643 0.281231 0.129929 0.229946 0.413248 0.32736 0.205623 0.170416 0.25222 0.472063 0.228643 0.196344 0.178366 0.320154 0.224054 0.326033 0.312966 0.217889 0.270634 0.317198 0.0393227 0.022274 0.532448 0.322117 0.28784 0.377721 0.237201 0.280345 0.318571 0.188531 0.228351 
0.364476 2.14866 0.345281 0.388799 1.84683 1.78549 2.39443 1.92366 2.72918 0.378364 1.64549 0.757423 2.19326 0.767906 0.0245957 2.07137 0.811221 0.90234 1.90329 2.09803 0.356464 2.10536 0.857154 0.883192 2.10017 0.845359 2.21311 2.00448 2.11139 0.361721 2.07688 0.360298 1.78864 0.899468 2.13998 0.383411 2.15789 5.43899 0.330034 0.869764 0.38732 2.20181 0.939263 2.08555 0.407703 1.91013 4.70918 0.881739 0.387304 2.25895 1.97806 1.86253 0.911739 0.024328 5.24345 2.25974 2.02132 0.848462 2.61266 2.05912 0.771086 0.368815 2.24589 5.0988 2.13707 0.35269 0.607486 1.66447 0.344774 2.05827 2.26595 0.623195 0.872908 2.1304 0.683632 0.0226595 5.26991 2.09153 1.87369 4.7592 0.876766 1.88536 2.14763 0.392893 1.75234 
