  0.551468  -0.706682   0.443264 -0.0739421 -0.550807 -0.707531 -0.442732 0.0874471  0.626494         0 -0.779426  0.149507 0 0 0 1         0 -0.437398  0.785398         0 -0.437398    1.1334 -0.437398  0.785398         0 -0.785398  0.785398         0 -0.785398  0.785398 -0.785398  0.785398
0.0422444
0.404251
0.677047
100
5
95
0.100322
0.544804
0.0790639 0.0442923 0.0197675 0.0160068 0.0815823 0.174405 0.0286959 0.0153948 0.0213086 0.0124671 0.10264 0.0643544 0.108464 0.0865869 0.0244751 0.270818 0.105598 0.0172656 0.102604 0.0065323 0.0529159 0.114686 0.0445676 0.241512 0.308661 0.0732107 0.0202646 0.0367183 0.0551498 0.0502136 0.223209 0.0601479 0.0366792 0.0633721 0.0981516 0.192728 0.270206 0.137135 0.013545 0.101442 0.298009 0.137224 0.197725 0.0934981 0.0770073 0.319564 0.0465665 0.0611208 0.0775629 0.0261808 0.0243004 0.0687092 0.0161025 0.0568801 0.0600985 0.287376 0.177742 0.0831926 0.127233 0.0175349 0.298772 0.0797964 0.0197814 0.0159327 0.277471 0.0295959 0.0235153 0.249361 0.0315056 0.0279244 0.177944 0.0137019 0.269703 0.0458745 0.0735322 0.0303814 0.0255134 0.115583 0.018148 0.040145 0.213286 0.276671 0.027196 0.0393499 0.0732725 0.0234277 0.0911081 0.272769 0.299167 0.0538953 0.0618625 0.235534 0.104687 0.0384833 0.0252631 
0.345828 0.371065 0.433387 0.431718 0.408808 0.931177 0.389687 0.0188567 0.43597 0.440318 0.37126 1.07279 0.375548 0.358295 0.407935 1.5234 0.356398 0.521027 0.356977 0.428517 0.351358 0.364086 0.415271 1.17256 1.31038 0.401789 0.45227 0.330296 0.342864 0.389442 1.28526 0.362089 0.366709 0.369357 0.385797 0.450161 1.34239 0.389117 0.0173497 0.369895 1.44926 0.560659 0.536608 0.433299 0.390853 1.22141 0.39521 0.402043 0.415093 0.384568 0.434346 0.340848 0.0191291 0.37614 0.349509 1.34343 0.450691 0.364398 0.601398 0.0241999 1.28619 0.335424 0.427789 0.444235 1.37894 0.393232 0.442678 1.34235 0.388339 0.36725 0.387278 0.0175257 1.15298 0.378834 0.349516 0.351721 0.388803 0.383007 0.0210575 0.399103 1.10805 1.10268 0.0256353 0.447893 0.347843 0.02518 0.365232 1.51297 1.49687 0.494726 0.420842 1.20952 0.364701 0.417222 0.440259 
