-0.918453  0.352182 -0.180031 0.0460651   0.345605   0.935932  0.0677439 -0.0276932  0.192355         0 -0.981325  0.177079 0 0 0 1         0 -0.350398  0.872398         0 -0.524398    1.0464 -0.437398  0.785398         0 -0.785398  0.785398         0 -0.785398  0.785398 -0.785398  0.785398
0.138368
0.355276
0.193561
100
4
96
0.174005
0.929308
0.186136 0.15128 0.251873 0.321019 0.0236112 0.165757 0.0228673 0.146744 0.30163 0.132115 0.514148 0.0261414 0.16415 0.342282 0.210632 0.309825 0.0984411 0.271232 0.0228379 0.0886184 0.384225 0.11443 0.276098 0.319379 0.14832 0.149271 0.283867 0.024225 0.0264089 0.103416 0.213655 0.0628648 0.024427 0.259805 0.0255019 0.155212 0.0281932 0.268261 0.251975 0.0264354 0.257324 0.293719 0.306326 0.152041 0.318024 0.285104 0.140516 0.334504 0.0252287 0.190705 0.274991 0.15161 0.14009 0.0276878 0.0225508 0.149218 0.0261647 0.288343 0.0253549 0.317339 0.344026 0.175353 0.221371 0.126174 0.0292044 0.14637 0.238144 0.315695 0.030071 0.317325 0.0264507 0.024782 0.0211232 0.259099 0.153226 0.145521 0.145213 0.0259946 0.168888 0.247817 0.104151 0.12335 0.327474 0.167463 0.287962 0.303737 0.0229483 0.302223 0.0198621 0.325534 0.0265137 0.15804 0.149026 0.256319 0.168055 0.175807 
0.913292 0.362738 1.96203 2.03083 0.023243 0.74038 0.0219863 0.37444 1.99097 0.425771 4.94509 0.0252525 0.352563 2.03217 1.68121 2.1825 0.392795 2.13525 0.0233563 0.899532 1.98697 0.680034 1.97816 1.89156 0.357158 0.349469 2.27583 0.0229451 0.0237039 0.396075 1.92576 0.297293 0.0234062 0.926869 0.0233732 0.352634 0.0266098 1.27583 1.04057 0.0247242 1.66332 1.76005 1.96281 0.896451 1.87517 1.92665 0.361591 2.10989 0.0233982 0.837096 1.87 0.363654 0.754862 0.0256271 0.0228436 0.356136 0.0244615 2.01181 0.0241955 1.87131 2.15829 0.347042 0.9588 0.385649 0.0256604 0.35408 0.871426 1.93125 0.0259963 2.06801 0.026108 0.0236153 0.0217079 1.67633 0.351267 1.72721 0.345515 0.0233834 0.346427 1.91679 0.363006 0.35724 2.16739 0.346559 1.44344 2.01946 0.0224268 2.17743 0.0205605 2.07979 0.0264836 0.380781 0.373331 0.997413 0.373962 0.344042 
