 0.255954 -0.706682  0.659612 -0.102067 -0.255646 -0.707531 -0.658821  0.115539  0.932273         0 -0.361756 0.0952099 0 0 0 1         0 -0.437398  0.959398         0 -0.263398  0.959398 -0.350398  0.872398         0 -0.785398  0.785398         0 -0.785398  0.785398 -0.785398  0.785398
0.069592
0.344706
0.370151
100
16
84
0.0689271
0.542872
0.0022719 0.0134893 0.120737 0.0831181 0.00191866 0.231025 0.0574913 0.0709009 0.0439298 0.251343 0.00638758 0.0358129 0.00317638 0.157515 0.00536047 0.0218117 0.0647737 0.089903 0.136605 0.0241444 0.0960428 0.264138 0.217446 0.0469669 0.0343051 0.066331 0.0452049 0.0583059 0.0500072 0.0226549 0.187877 0.136781 0.193936 0.162409 0.0191215 0.00518483 0.00211473 0.00759374 0.261311 0.0866424 0.048471 0.00298945 0.0444237 0.00531768 0.0142537 0.255746 0.0573714 0.015727 0.0165112 0.0378965 0.050491 0.235814 0.0178352 0.0103384 0.0101735 0.250507 0.0129831 0.0986347 0.0852464 0.0338638 0.0073952 0.0418794 0.0432976 0.00586303 0.0261893 0.0148135 0.0224112 0.0158128 0.244107 0.0359485 0.0618361 0.0150623 0.00895321 0.0221033 0.0470704 0.100828 0.0850083 0.0172613 0.00173523 0.0606579 0.0555832 0.0171352 0.0382101 0.110027 
0.317914 0.406735 1.23047 0.429289 0.271645 1.32509 0.39634 0.434797 0.423425 1.26304 0.30659 0.285705 0.29026 1.28646 0.0124433 0.382507 0.466951 0.361414 1.02872 0.408036 0.380471 1.34662 1.49574 0.421427 0.943659 0.957919 0.446155 0.275786 0.364485 0.341006 1.26619 1.00491 1.34233 1.09298 0.0177259 0.319492 0.276537 0.0142348 1.37736 0.328333 0.450144 0.289221 0.349586 0.307429 0.296962 1.33243 0.388013 0.289681 0.334241 0.283157 1.01758 1.32557 0.297727 0.368388 0.337403 1.2618 0.375092 0.866526 0.449998 0.3653 0.322196 0.411145 0.328218 0.264254 0.296314 0.411792 0.400324 0.299639 1.26156 0.43792 0.449353 0.364303 0.0194987 0.332608 0.410957 0.403187 0.684834 0.347196 0.0109931 0.333357 0.427147 0.327038 0.344355 0.385646 
