  0.699217   0.706682   0.108144 -0.0438458   0.698379  -0.707531   0.108014 -0.0304482 0.152847        0 -0.98825 0.176654 0 0 0 1         0 -0.785398  0.785398         0 -0.524398  0.959398 -0.437398  0.785398         0 -0.785398  0.785398         0 -0.785398  0.785398 -0.785398  0.785398
0.02467
0.0241617
0.153448
100
7
93
0.140776
0.725454
0.287278 0.0346539 0.0249534 0.229661 0.157584 0.28281 0.0250738 0.359296 0.0240246 0.0248888 0.188332 0.024626 0.138485 0.0218825 0.0249604 0.246182 0.207566 0.0258231 0.0231271 0.187584 0.018469 0.222275 0.274368 0.257157 0.31528 0.215635 0.161624 0.242739 0.133268 0.0173312 0.0249478 0.0209118 0.159886 0.188399 0.209253 0.355462 0.0258266 0.146377 0.12519 0.0805919 0.0199665 0.112962 0.0237545 0.300686 0.18219 0.171959 0.0253818 0.498322 0.0261659 0.0145505 0.154494 0.340943 0.244192 0.244671 0.0217554 0.019177 0.0228191 0.339617 0.0248739 0.0221001 0.0242554 0.136335 0.0208446 0.254526 0.175873 0.35472 0.0221508 0.0258278 0.211058 0.0239849 0.238833 0.193128 0.210638 0.226819 0.236641 0.196518 0.0198999 0.0507495 0.0246943 0.144355 0.212298 0.0245627 0.0265591 0.142511 0.0232667 0.0308707 0.246626 0.223416 0.297792 0.0246953 0.136207 0.342353 0.0247735 
2.25558 0.280913 0.0238472 0.913257 0.377974 1.77791 0.0242637 2.26341 0.0246128 0.0240111 0.932014 0.0234957 0.345322 0.022133 0.024129 1.96863 0.948917 0.023854 0.0230219 0.95164 0.0208039 0.959038 1.00925 0.883752 2.16309 1.82488 1.7475 0.867432 0.324092 0.0191598 0.0239338 0.0219311 0.365555 0.745586 0.907183 1.94908 0.0246158 0.361447 0.334125 0.852674 0.0218225 0.336212 0.0241991 2.29816 0.796171 0.780649 0.0246579 5.1418 0.0249962 0.0174554 0.356124 1.97501 0.811195 0.768571 0.021665 0.0206804 0.02301 2.13837 0.02421 0.022962 0.0246506 0.348587 0.0242343 0.896604 0.344638 2.07225 0.0231086 0.0262893 0.732637 0.818709 1.93833 0.972304 1.90496 1.74897 0.788576 0.880965 0.0216498 0.610624 0.0233901 0.27664 0.901076 0.0237172 0.024539 0.320391 0.0234432 0.0271016 1.99271 0.719964 2.09714 0.0242621 0.357485 2.19027 0.0250605 
