  0.242126  -0.966567 -0.0844003  0.0132482  -0.912706  -0.256414   0.318151 -0.0156953 -0.329156         0 -0.944276  0.181691 0 0 0 1         0 -0.785398  0.785398         0 -0.611398    1.2204 -0.437398    1.3944         0 -0.785398  0.785398         0 -0.785398  0.785398 -0.785398  0.785398
-1
0.00893686
0.33541
100
44
56
0.0978719
0.8482
0.00677151 0.152541 0.11084 0.0158345 0.33071 0.249031 0.272552 0.325319 0.161752 0.0282862 0.0208546 0.00992814 0.0108649 0.0637371 0.172659 0.00887915 0.00946196 0.0173658 0.0207744 0.0523746 0.131586 0.113676 0.0114696 0.0406793 0.0134927 0.186661 0.313709 0.265582 0.0638819 0.0251723 0.0263405 0.00321545 0.00871628 0.160778 0.00869945 0.0277037 0.157483 0.00943547 0.113884 0.0634395 0.123736 0.119631 0.300654 0.324554 0.029558 0.00904295 0.153545 0.0227689 0.0153096 0.0058117 0.0660034 0.0108488 0.143928 0.232714 0.0906564 0.0459232 
0.0126218 0.739709 1.91745 0.0196305 2.45269 2.56922 1.77473 2.36849 0.814027 0.615117 0.0201298 0.575065 0.491091 0.43682 1.76528 0.446883 0.799204 0.0216458 0.412166 0.485464 0.710603 0.717433 0.0117996 0.318737 0.480349 0.669515 2.32475 2.29509 0.402161 0.024389 0.0243814 0.470076 0.608456 0.742825 0.320506 1.23873 0.673752 0.302752 0.708291 0.503919 2.06759 0.600128 2.38875 2.24188 0.511463 0.407382 0.704207 0.838114 0.015976 0.429882 0.51898 0.555612 0.765677 2.16642 0.559438 0.441779 
