 0.885419 -0.352182 -0.303315 0.0167699  -0.333175  -0.935931   0.114135 0.00404899 -0.324078        0 -0.94603  0.17249 0 0 0 1         0 -0.785398  0.785398         0 -0.698398    1.3944 -0.524398    1.6554         0 -0.785398  0.785398         0 -0.785398  0.785398 -0.785398  0.785398
0.0106051
0.727397
0.330037
100
69
31
0.0904229
1.12523
0.0101614 0.00958746 0.0107776 0.0116473 0.0072083 0.0125933 0.335021 0.205516 0.117892 0.0916804 0.243465 0.300515 0.0275465 0.0949626 0.00694983 0.0101746 0.131092 0.0112206 0.0581901 0.00680789 0.0637765 0.0121442 0.0156126 0.0458556 0.188538 0.00880856 0.168708 0.0148058 0.346776 0.0159618 0.219114 
0.72697 0.711271 0.684168 1.64842 0.584208 0.505798 2.42141 1.94278 0.681531 1.88342 1.97392 2.48202 1.74054 1.79412 0.822875 0.012966 0.656885 1.30939 1.89649 0.704024 0.850076 0.375813 1.21775 0.56368 0.841947 0.0117534 0.774111 0.438987 2.37841 0.423421 1.82285 
