  0.918453   0.352182   0.180031 -0.0527777    0.345605   -0.935932   0.0677439 -0.00985435  0.192355         0 -0.981325  0.177079 0 0 0 1         0 -0.350398  0.872398         0 -0.524398    1.0464 -0.437398  0.785398         0 -0.785398  0.785398         0 -0.785398  0.785398 -0.785398  0.785398
0.145553
0.338893
0.193561
100
7
93
0.184538
0.971801
0.0278334 0.144252 0.0262168 0.232122 0.0235642 0.0196979 0.215143 0.316444 0.202758 0.112227 0.164276 0.351421 0.227313 0.140351 0.0246768 0.317317 0.031237 0.142345 0.285974 0.247967 0.171839 0.126501 0.330302 0.125256 0.325026 0.244001 0.0237361 0.27199 0.0224917 0.266711 0.116644 0.129778 0.0260716 0.318437 0.323286 0.243665 0.1856 0.144762 0.27846 0.267983 0.0303142 0.310849 0.138707 0.12212 0.331754 0.262363 0.273518 0.0221568 0.155845 0.132285 0.217121 0.312069 0.0264767 0.220035 0.0729058 0.183739 0.293202 0.141961 0.299331 0.354641 0.26548 0.247018 0.0260143 0.318217 0.171657 0.346313 0.0213575 0.246867 0.246871 0.127754 0.315297 0.157741 0.131931 0.12165 0.0574658 0.0210876 0.135922 0.145126 0.342909 0.142577 0.0224708 0.32212 0.307576 0.0260375 0.0256741 0.247717 0.120464 0.136808 0.51444 0.230713 0.0224147 0.141647 0.357671 
0.0261713 0.359312 0.0258348 1.82883 0.0243249 0.0210173 0.882475 2.00694 0.909071 0.285656 0.344913 2.23991 0.920672 0.355296 0.0236901 2.08251 0.0289464 0.368498 1.69453 0.921341 0.943436 0.342877 2.07173 0.366198 2.04701 1.73278 0.0178019 1.91922 0.0231061 1.77731 0.348608 0.350123 0.0246654 1.96971 1.92499 0.900943 0.357925 0.334397 1.85147 1.97791 0.0274283 1.84531 0.357679 0.317513 2.1808 2.06736 1.73693 0.02264 0.695397 0.351624 0.676993 1.89705 0.0243309 0.913275 0.28767 0.358654 1.84167 0.395477 2.06169 2.07099 1.52268 1.98125 0.0242166 2.12952 0.340273 2.06978 0.0230071 0.924663 0.877396 0.363263 2.0195 0.353718 0.363539 0.697929 0.797842 0.0227714 0.37795 0.376431 2.11688 0.715522 0.0230015 2.09183 2.01065 0.0257499 0.0261562 1.05101 0.335589 1.78443 4.96881 0.825072 0.0228377 0.349476 2.00208 
