  0.918453  -0.352182   0.180031 -0.0460651 -0.345605 -0.935931 -0.067744 0.0276932  0.192355         0 -0.981325  0.177079 0 0 0 1         0 -0.350398  0.872398         0 -0.524398    1.0464 -0.437398  0.785398         0 -0.785398  0.785398         0 -0.785398  0.785398 -0.785398  0.785398
0.138576
0.355287
0.193561
100
8
92
0.187461
0.932793
0.137286 0.238426 0.151226 0.316058 0.319408 0.235965 0.0155612 0.335807 0.18841 0.263393 0.151142 0.115262 0.226516 0.297607 0.261046 0.206633 0.151819 0.313733 0.134976 0.136678 0.323029 0.12556 0.328851 0.193158 0.0241201 0.0268544 0.210561 0.301588 0.23456 0.0975969 0.0279268 0.180427 0.267002 0.0260168 0.154951 0.301505 0.0281613 0.17484 0.310231 0.153357 0.176209 0.192124 0.167361 0.330071 0.0270633 0.169588 0.359459 0.117169 0.28875 0.133112 0.0247455 0.131108 0.10401 0.026322 0.0205977 0.164958 0.0226551 0.0230363 0.02282 0.179003 0.312813 0.299381 0.246372 0.163564 0.293216 0.163028 0.239537 0.331508 0.119908 0.336285 0.157258 0.1705 0.213712 0.302561 0.0192582 0.0241771 0.0235391 0.024997 0.143265 0.257072 0.303728 0.263343 0.116286 0.350519 0.130561 0.248114 0.341964 0.144701 0.243337 0.303031 0.268653 0.322817 
0.385159 0.927756 0.354081 2.2699 1.79265 1.07526 0.0169731 1.7951 0.281891 1.92586 0.357365 0.333961 0.813999 2.04036 2.25085 0.881758 0.355478 2.00084 0.372272 0.310277 1.98375 0.292253 2.08438 0.347161 0.0222668 0.0246546 1.56216 2.12294 0.840373 0.380761 0.0261068 0.940639 1.6734 0.0250917 0.347038 2.48267 0.0255391 0.350131 2.01682 0.369287 0.371383 0.865934 0.364392 2.03566 0.0278468 0.373523 2.30057 0.318206 1.9213 0.359184 0.0237269 0.357091 0.365644 0.0245664 0.284064 0.367513 0.0229254 0.0242888 0.0235977 0.391045 2.24998 1.88999 0.787984 0.351677 1.83478 0.285498 0.932804 1.97975 0.352277 1.89221 0.35929 0.349895 1.53348 2.09908 0.0227639 0.024332 0.0236581 0.0237594 0.384964 0.976387 1.84409 2.07633 0.385263 2.21911 0.365063 1.85551 1.84656 0.382751 1.95761 2.04705 0.987371 2.21398 
