   0.251887   -0.966567   0.0479701 -0.00480397 -0.949502 -0.256414 -0.180826 0.0523532   0.18708         0 -0.982345  0.177197 0 0 0 1         0 -0.350398  0.872398         0 -0.524398  0.959398 -0.437398  0.785398         0 -0.785398  0.785398         0 -0.785398  0.785398 -0.785398  0.785398
0.153907
0.359843
0.188189
100
11
89
0.182705
1.01354
0.152312 0.219267 0.298279 0.0248424 0.023381 0.262281 0.123348 0.370394 0.286927 0.170429 0.025393 0.24484 0.0252283 0.113347 0.143853 0.379201 0.157126 0.189592 0.0235446 0.0268744 0.170824 0.176403 0.175445 0.0888078 0.225613 0.138387 0.138874 0.105051 0.194497 0.270773 0.149545 0.231206 0.304766 0.226739 0.247926 0.318808 0.288724 0.311191 0.0211378 0.0262353 0.302315 0.0363911 0.343546 0.148992 0.0241644 0.0201754 0.31807 0.0215342 0.300372 0.266561 0.309503 0.359571 0.026041 0.0254789 0.107384 0.239284 0.257447 0.298505 0.0232356 0.315861 0.294213 0.123467 0.114873 0.15005 0.501451 0.134133 0.205912 0.0248488 0.270496 0.214455 0.281888 0.149211 0.290007 0.30203 0.162134 0.02355 0.0280632 0.151978 0.222333 0.363713 0.328837 0.0248531 0.163673 0.151739 0.117513 0.143648 0.0261081 0.0892032 0.390523 
0.366558 0.919723 1.8115 0.0253009 0.0227375 1.69229 0.319984 2.17401 2.10791 0.847357 0.0242797 1.94595 0.0251929 0.367032 0.383873 2.36136 0.345903 0.963693 0.0237773 0.0253072 0.339801 0.374374 0.354394 0.321265 0.893728 0.388841 0.358875 0.353936 0.896849 1.79721 0.37186 0.949223 2.03918 2.0521 1.81602 2.36695 1.70306 2.06332 0.0224757 0.0248328 2.1591 0.0318436 2.27225 0.356923 0.0228512 0.0213832 2.12412 0.022812 2.02818 1.74969 2.15091 2.10799 0.0239302 0.0241099 0.309506 1.81011 1.97394 2.01697 0.0253037 1.69141 2.16558 0.356074 0.313326 0.360646 5.07599 0.384703 1.50624 0.0234125 2.20958 2.18223 1.65368 0.384326 2.19859 2.03386 0.360306 0.0231202 0.0251639 0.373662 0.703437 2.25505 2.13675 0.0233246 0.404247 0.355315 0.360672 0.352239 0.0240783 0.331764 2.46276 
