-0.699218  0.706682 -0.108144 0.0303764   0.698379   0.707531   0.108014 -0.0439338 0.152847        0 -0.98825 0.176654 0 0 0 1         0 -0.785398  0.785398         0 -0.524398  0.959398 -0.437398  0.785398         0 -0.785398  0.785398         0 -0.785398  0.785398 -0.785398  0.785398
0.024035
0.0236238
0.153448
100
9
91
0.145255
0.736909
0.17106 0.255294 0.0251648 0.170853 0.173147 0.314718 0.26404 0.0119632 0.304968 0.0217208 0.138841 0.0275302 0.0241634 0.0225123 0.150051 0.0212615 0.0172678 0.19334 0.126896 0.235426 0.0239234 0.144924 0.0205878 0.162948 0.0227762 0.0218179 0.0245442 0.253617 0.0251242 0.310652 0.345043 0.0309612 0.0164226 0.236994 0.0232818 0.0264086 0.124609 0.145442 0.160992 0.285392 0.317031 0.325687 0.265717 0.184241 0.0187821 0.178112 0.0244831 0.0287757 0.165378 0.0233616 0.0975205 0.0243669 0.0242478 0.129894 0.0272385 0.288189 0.224282 0.019305 0.178556 0.125813 0.236156 0.0176127 0.225779 0.178746 0.242301 0.0267504 0.273289 0.0176923 0.281552 0.0237895 0.329682 0.20318 0.303413 0.215758 0.277985 0.178827 0.210306 0.0270973 0.335301 0.0231702 0.311334 0.0236925 0.228936 0.0200232 0.493729 0.236286 0.117777 0.0243661 0.128221 0.0256613 0.232163 
0.847603 0.953161 0.0231845 1.7032 0.365898 1.86957 1.02857 0.00784857 1.88963 0.0232973 0.781265 0.026464 0.0246756 0.0228369 0.341255 0.0203845 0.0169584 0.835896 0.385329 0.924565 0.0237347 0.361497 0.0220928 0.861345 0.0231027 0.0229799 0.0232742 0.861386 0.0242886 2.09321 2.08727 0.0270074 0.0150364 0.811279 0.0232542 0.0235673 0.359397 0.766207 0.331182 1.8028 2.1291 2.0639 1.7797 0.91085 0.0197914 0.898806 0.0239098 0.0254758 0.89598 0.0240592 0.623643 0.0238271 0.0248521 0.391046 0.0246063 2.027 0.82662 0.0197551 0.915603 0.329172 0.752889 0.0172847 0.884516 0.876507 0.78168 0.0243601 1.89101 0.0175331 1.59916 0.0236067 2.08032 0.686406 1.97382 0.711473 2.20191 0.905871 0.938419 0.0255564 2.24322 0.0242428 1.78053 0.0232078 1.78565 0.0213953 4.99851 0.929898 0.333191 0.0239465 0.801621 0.025947 1.04185 
