 -0.242126   0.966567  0.0844003 -0.0132482  0.912706  0.256414 -0.318151 0.0156953 -0.329156         0 -0.944276  0.181691 0 0 0 1         0 -0.785398  0.785398         0 -0.611398    1.2204 -0.437398    1.3944         0 -0.785398  0.785398         0 -0.785398  0.785398 -0.785398  0.785398
-1
0.00878894
0.33541
100
49
51
0.0854599
0.822335
0.221735 0.0112306 0.0161963 0.0186552 0.17971 0.0101832 0.00937041 0.0119386 0.209826 0.0341667 0.0168604 0.0135413 0.00566906 0.01546 0.00989652 0.0965953 0.0183904 0.0103298 0.15697 0.0889076 0.0136439 0.165652 0.0389129 0.142392 0.0241593 0.00755112 0.00153748 0.0178506 0.00527459 0.189361 0.227867 0.323831 0.21786 0.253642 0.00977266 0.00841943 0.232546 0.00893584 0.106203 0.234806 0.11662 0.282778 0.0232031 0.0598694 0.271377 0.0580051 0.0126133 0.0138335 0.0178692 0.103085 0.0133505 
2.05701 0.717415 0.0178821 0.351652 0.724184 0.615267 0.732 1.05504 0.816603 0.291375 0.0199232 0.0159648 0.0120677 0.96467 0.660298 0.530373 0.0201508 0.881947 2.23542 0.828575 0.389997 0.700896 1.25392 0.690038 0.631059 0.0110645 0.299838 0.0188284 0.394204 2.08825 1.94739 1.96313 1.59396 2.38499 0.695655 0.373528 1.98072 0.0124304 0.589511 2.44756 0.639948 2.0939 0.0230257 0.39944 2.00846 0.481467 0.789913 0.421943 0.0201489 0.579544 0.466487 
