   -0.713906     0.700242 -8.86956e-05  0.000972852    0.700242    0.713906 8.69979e-05  -0.0155413 0.00012424        0       -1 0.179999 0 0 0 1         0 -0.263398  0.785398         0 -0.524398    1.0464 -0.611398    1.1334         0 -0.785398  0.785398         0 -0.785398  0.785398 -0.785398  0.785398
0.167659
0.36547
0.00012424
100
26
74
0.231606
1.40465
0.182816 0.35611 0.169735 0.153878 0.0225476 0.164185 0.23076 0.350129 0.337556 0.203152 0.203605 0.175607 0.502424 0.177669 0.0247605 0.183598 0.388825 0.327171 0.427043 0.143572 0.245128 0.511235 0.176925 0.212927 0.206107 0.171431 0.154532 0.131696 0.190175 0.355075 0.249733 0.0226278 0.32754 0.183003 0.280175 0.489074 0.251303 0.185837 0.248347 0.358185 0.325756 0.145935 0.312637 0.0245162 0.274882 0.0259131 0.338459 0.340167 0.0221266 0.174055 0.370073 0.19183 0.0256342 0.306091 0.485608 0.324166 0.198666 0.18309 0.198366 0.308485 0.151309 0.401872 0.145155 0.265682 0.184874 0.264556 0.259323 0.35752 0.022897 0.0241377 0.167685 0.0920067 0.267297 0.281871 
0.351105 2.55052 1.91238 0.352043 0.0225561 0.362125 1.93673 2.36683 2.43179 0.813134 2.1783 0.353928 5.11949 0.35927 0.0240893 0.387948 2.08109 2.21672 4.35947 0.338931 0.874845 5.10772 0.363364 0.829803 0.711016 0.366333 0.348741 0.304794 0.939404 1.9425 1.76152 0.0224253 1.98352 0.369886 2.23422 4.96385 0.790077 0.347932 1.58494 2.44067 2.29841 0.343695 2.19131 0.0230386 2.18838 0.0251515 2.71856 2.23236 0.0229467 0.364589 4.83541 0.38409 0.0244951 2.22073 4.97162 1.86503 0.395054 0.387362 0.403353 1.93261 0.335966 2.83208 0.337821 0.916582 0.395657 0.906639 2.18461 2.7066 0.0237626 0.0231466 0.377795 0.301665 2.09846 1.86885 
