0.000623255  0.684547  0.728968 -0.126668 0.000585275 -0.728969  0.684547 -0.105876            1            0 -0.000854981    0.0290793 0 0 0 1         0 -0.350398  0.959398         0 -0.263398  0.872398 -0.350398  0.959398         0 -0.785398  0.785398         0 -0.785398  0.785398 -0.785398  0.785398
0.0971881
0.801781
0.000854982
100
22
78
0.0938452
0.614124
0.05772 0.221294 0.0739984 0.0827314 0.0168024 0.00280551 0.244274 0.0125957 0.0682006 0.105704 0.353167 0.152519 0.0769743 0.17068 0.0154954 0.16807 0.078133 0.0325554 0.0407024 0.00354048 0.0146246 0.0770125 0.0405788 0.0142477 0.012657 0.0883305 0.0448359 0.123324 0.24074 0.01164 0.233542 0.20067 0.197437 0.0627831 0.227245 0.0201194 0.141429 0.0637152 0.0275465 0.0548609 0.196399 0.0615413 0.0775866 0.00698702 0.151344 0.082622 0.0118672 0.0669125 0.0187825 0.076767 0.186332 0.0746493 0.0173659 0.0910693 0.179239 0.0855646 0.0627182 0.0331283 0.0868346 0.131263 0.220252 0.106705 0.0052731 0.0464127 0.221223 0.0260398 0.0890097 0.101056 0.28014 0.205824 0.0134679 0.0505922 0.0179228 0.144187 0.0767885 0.0238917 0.104037 0.0128308 
0.196811 1.47855 0.894357 0.363587 0.294749 0.0132639 1.51761 0.18614 0.398605 0.256741 3.11582 0.708969 0.252975 0.648441 0.0141225 1.05337 0.394017 0.18501 0.240406 0.265554 0.263837 1.05231 0.288779 0.0158218 0.0148463 0.614012 1.06404 0.948762 1.53058 0.273105 1.98499 1.06481 0.694766 0.21633 0.955765 0.321772 1.25238 0.269347 0.829651 0.395261 2.21441 0.926152 0.212416 0.00968239 0.826781 0.279996 0.0174563 0.405946 0.324794 0.409858 0.690425 0.248496 0.281016 0.334419 0.700363 0.425393 0.289699 0.432005 0.340371 0.963613 0.716835 0.84336 0.0129502 0.185063 0.724735 0.287655 0.346005 0.991091 1.62012 1.04073 0.250285 0.30626 0.168725 0.73865 0.24922 0.290112 1.96329 0.303046 
