 0.365024 -0.684547  0.630993 -0.100884  -0.34278 -0.728969 -0.592542   0.10781  0.865598         0  -0.50074 0.0940644 0 0 0 1         0 -0.437398  0.872398         0 -0.437398    1.2204 -0.350398  0.785398         0 -0.785398  0.785398         0 -0.785398  0.785398 -0.785398  0.785398
0.0149438
0.415421
0.524454
100
27
73
0.112001
0.870014
0.0300004 0.0150509 0.228375 0.218107 0.257166 0.14183 0.225675 0.255136 0.059807 0.0227535 0.0627815 0.221477 0.013657 0.0153319 0.200425 0.146288 0.302778 0.0426622 0.0209115 0.177867 0.0184698 0.228102 0.226283 0.0494129 0.155196 0.139224 0.041762 0.158851 0.146006 0.13184 0.0588253 0.110948 0.0716966 0.180564 0.0241713 0.144417 0.176828 0.171255 0.208263 0.0137455 0.190689 0.149827 0.0110137 0.0388546 0.0893159 0.0222426 0.147031 0.274639 0.103346 0.247958 0.068982 0.11228 0.0134477 0.0251797 0.0566327 0.239218 0.014958 0.0365432 0.118396 0.0710278 0.135687 0.00869338 0.262758 0.251546 0.0461913 0.0558548 0.0227216 0.00874139 0.0225864 0.0137776 0.0122617 0.0560628 0.133633 
0.395391 0.0170249 1.32645 1.15567 1.46416 1.11453 1.3344 1.57288 0.471015 0.410103 0.422994 1.2565 0.406309 0.0179883 1.66778 1.30002 2.97812 0.441136 0.400503 1.41672 0.392703 1.37291 1.54347 0.436705 1.2709 1.07099 0.467007 1.27375 1.11105 0.854499 0.469779 0.4098 0.425988 1.45624 0.412313 1.42165 1.39318 1.63525 1.38419 0.361324 1.19678 1.44029 0.423768 0.416228 0.86816 0.411809 1.09501 1.50684 1.64237 1.50844 0.480088 0.829069 0.0175368 0.432966 0.481998 1.45114 0.0178641 0.421562 0.886792 0.468656 1.23599 0.332073 1.44084 1.46191 0.407988 0.388925 0.40763 0.0131455 0.427851 0.37821 0.392119 0.456751 1.43686 
