-0.699218 -0.706682 -0.108144 0.0438458 -0.698379  0.707531 -0.108014 0.0304482 0.152847        0 -0.98825 0.176654 0 0 0 1         0 -0.785398  0.785398         0 -0.524398  0.959398 -0.437398  0.785398         0 -0.785398  0.785398         0 -0.785398  0.785398 -0.785398  0.785398
0.0243247
0.0238942
0.153448
100
6
94
0.147218
0.725632
0.0186727 0.0236402 0.149614 0.143257 0.193638 0.142581 0.0257281 0.201062 0.201981 0.0201648 0.0246643 0.241957 0.0238708 0.186151 0.235923 0.270593 0.184782 0.13659 0.173378 0.269715 0.125881 0.161347 0.0238648 0.230406 0.0243338 0.152016 0.150777 0.345244 0.0179828 0.244551 0.334104 0.0201046 0.124484 0.00383668 0.325015 0.0264666 0.30599 0.0233798 0.174071 0.224681 0.26814 0.0235208 0.0235001 0.288689 0.027186 0.0262206 0.0221649 0.0225661 0.22784 0.272756 0.170932 0.0223602 0.201373 0.124776 0.339185 0.165162 0.201111 0.428392 0.0222544 0.0255437 0.0397367 0.234249 0.0267794 0.0267384 0.0210854 0.132333 0.236051 0.146162 0.231824 0.149732 0.0156591 0.238104 0.494525 0.0207193 0.283331 0.0595869 0.0244621 0.262888 0.0241065 0.0232783 0.220005 0.0234057 0.287568 0.229694 0.192423 0.382471 0.179131 0.205618 0.13003 0.2412 0.0245575 0.168217 0.0265357 0.0260715 
0.019834 0.0241269 0.354969 0.731054 0.362996 0.343326 0.0242932 0.668302 0.830006 0.020908 0.0234106 0.958331 0.0238036 0.85218 1.85697 1.76204 0.969252 0.346966 0.355119 1.89686 0.32786 0.35768 0.0227651 0.787596 0.0251078 0.338778 0.357252 2.08759 0.0193202 0.833652 2.0618 0.0217005 0.721208 0.0189271 1.9365 0.0242112 2.14026 0.0233189 0.900181 0.786669 1.81604 0.0230582 0.0223433 1.705 0.025614 0.0252645 0.0220378 0.0223738 0.887361 1.91403 0.774896 0.0232098 0.916336 0.771997 2.32406 0.803713 0.807127 2.75067 0.0220719 0.0236785 0.257895 0.900715 0.0260729 0.0240596 0.0203531 0.332951 0.646134 0.356869 0.732717 0.967686 0.0197107 1.90192 4.91508 0.0205869 1.87253 0.633414 0.0239625 1.93597 0.02375 0.0224961 1.00434 0.0230416 2.02514 0.8988 0.719516 2.82309 0.904847 0.715328 0.346305 0.789106 0.0232207 0.354051 0.0261265 0.0236133 
