-0.194156  0.966567 -0.167487 0.0203412   0.73188  0.256414  0.631351 -0.110921  0.653189         0 -0.757195  0.147928 0 0 0 1         0 -0.437398  0.785398         0 -0.437398    1.2204 -0.437398  0.872398         0 -0.785398  0.785398         0 -0.785398  0.785398 -0.785398  0.785398
0.0218395
0.477448
0.711788
100
6
94
0.123597
0.846228
0.048329 0.0197424 0.027755 0.13564 0.172864 0.0209888 0.170597 0.0863604 0.114272 0.0248172 0.366832 0.0184044 0.234327 0.0103498 0.364301 0.148387 0.281637 0.228061 0.0161021 0.281747 0.0310649 0.020381 0.0211275 0.0546821 0.230304 0.299745 0.0488368 0.242925 0.0542445 0.216877 0.0252775 0.0483375 0.0209519 0.039311 0.0703901 0.0186893 0.240155 0.226924 0.170529 0.0413834 0.0751434 0.230438 0.0807513 0.0159231 0.0852724 0.202862 0.0152429 0.25452 0.376984 0.0295858 0.279271 0.0716355 0.27256 0.0177364 0.110431 0.260331 0.0629469 0.278441 0.0615637 0.244469 0.119956 0.0150572 0.205762 0.00748503 0.0177196 0.26682 0.163234 0.0495106 0.29494 0.0176443 0.130465 0.0247198 0.0182473 0.0143369 0.284501 0.252597 0.260758 0.0523398 0.0335536 0.280517 0.0193424 0.0050783 0.085302 0.290542 0.0109394 0.216216 0.0434264 0.276295 0.0253898 0.0176268 0.0152279 0.0704145 0.0250569 0.0873086 
0.323579 0.465509 0.441695 0.978997 1.55549 0.456002 0.983763 0.357118 0.379452 0.420206 3.34419 0.450644 1.11773 0.401879 3.26465 1.2326 1.41818 1.3815 0.388406 1.48462 0.412351 0.463952 0.478387 0.440004 0.973199 1.47404 0.400798 1.61401 0.405282 0.539539 0.425411 0.411748 0.454085 0.363273 0.445268 0.392916 1.28828 1.17829 1.32097 0.344516 1.00325 1.4114 0.394115 0.442786 0.398916 1.10037 0.460775 1.54691 3.18144 0.44374 1.43158 0.347318 1.24782 0.431881 0.358325 1.71699 0.357726 1.45917 0.478966 1.24706 0.857928 0.458117 1.56883 0.406894 0.448491 1.11076 1.00089 0.354372 1.50295 0.487327 1.39488 0.420631 0.504965 0.45681 1.19745 1.30726 1.3529 0.437515 0.449103 1.45974 0.498168 0.373981 0.400862 1.42075 0.0164935 1.10858 0.431003 1.473 0.421829 0.484829 0.4281 0.438389 0.392416 0.346182 
