 0.705388 -0.352182  0.615138 -0.102629 -0.265431 -0.935931 -0.231471 0.0489777  0.657247         0 -0.753675  0.147484 0 0 0 1         0 -0.437398  0.785398         0 -0.350398    1.0464 -0.437398  0.872398         0 -0.785398  0.785398         0 -0.785398  0.785398 -0.785398  0.785398
0.305861
1.4674
0.71716
100
8
92
0.108277
0.704648
0.0736732 0.0154908 0.0161389 0.0193139 0.283329 0.0910683 0.25928 0.218899 0.0173281 0.158593 0.022844 0.232192 0.0317814 0.0879691 0.14794 0.057552 0.0269008 0.326088 0.0467579 0.279613 0.20624 0.015065 0.0790924 0.018558 0.0185102 0.0202365 0.0959696 0.245887 0.0217127 0.0636505 0.202128 0.199132 0.0164645 0.0441841 0.101365 0.262454 0.0208658 0.0518833 0.0897157 0.252319 0.0191419 0.262878 0.0498554 0.0258428 0.246403 0.0167022 0.0816628 0.281692 0.0723003 0.0704196 0.0239218 0.0133606 0.0578232 0.118999 0.0301229 0.228916 0.0180547 0.293652 0.0303573 0.194786 0.277599 0.0797318 0.0713083 0.167216 0.0169789 0.0937091 0.229598 0.257675 0.00904909 0.0730358 0.0101501 0.0759191 0.00828618 0.0484455 0.0181011 0.264717 0.0275935 0.297951 0.0250637 0.0910531 0.0178438 0.010757 0.1701 0.0382714 0.131851 0.231041 0.0386313 0.190424 0.0211755 0.225189 0.0119349 0.155969 
0.414953 0.42959 0.463307 0.505311 1.30288 0.365759 1.3405 0.461098 0.0224628 1.35309 0.395297 1.58305 0.420372 0.349345 1.03673 0.427841 0.436651 1.57149 0.437853 1.42953 1.58982 0.438538 0.432488 0.489908 0.490356 0.0241608 0.415934 1.15825 0.427003 0.376764 1.11073 1.23156 0.348334 0.406426 0.348375 1.61595 0.459995 0.359972 0.380415 1.30977 0.448278 1.2134 0.383771 0.350765 1.27621 0.47125 0.39467 1.41812 0.394187 0.431331 0.437944 0.40756 0.396994 0.363956 0.362349 1.10425 0.481857 1.44961 0.409841 1.05337 1.36347 0.339121 0.364288 1.10097 0.456927 0.346119 1.10089 1.65759 0.34927 0.380849 0.334912 0.352324 0.0124647 0.460334 0.472181 1.55992 0.434514 1.52309 0.420053 0.364276 0.461174 0.328365 1.03944 0.394331 1.43105 1.14118 0.485451 1.00111 0.415379 1.6512 0.410953 1.26285 
