  0.251887   0.966567  0.0479701 -0.0232267  0.949502 -0.256414  0.180826 -0.047466   0.18708         0 -0.982345  0.177197 0 0 0 1         0 -0.350398  0.959398         0 -0.524398    1.0464 -0.437398  0.785398         0 -0.785398  0.785398         0 -0.785398  0.785398 -0.785398  0.785398
0.153799
0.366401
0.188189
100
7
93
0.176561
0.949708
0.0270425 0.323731 0.25114 0.245081 0.0291804 0.153092 0.269059 0.294276 0.255376 0.267127 0.160311 0.32437 0.143023 0.339589 0.02733 0.113299 0.141826 0.208988 0.025651 0.289359 0.142528 0.297506 0.300177 0.0478146 0.305201 0.347825 0.183861 0.0282346 0.287674 0.131844 0.282007 0.172473 0.0261517 0.172419 0.0942379 0.328687 0.302734 0.176603 0.291062 0.132817 0.259616 0.23335 0.0227079 0.0214419 0.258291 0.319875 0.178734 0.105153 0.0808285 0.333324 0.264486 0.202244 0.0255062 0.296981 0.0227149 0.130793 0.0250034 0.337614 0.136975 0.0233776 0.0256476 0.0196393 0.233324 0.149195 0.134215 0.0204588 0.142416 0.301039 0.121421 0.0230698 0.19084 0.0225925 0.173037 0.0234428 0.219488 0.136826 0.300663 0.289992 0.138704 0.244016 0.264573 0.304449 0.152077 0.13589 0.23121 0.0225743 0.158862 0.189487 0.235529 0.323939 0.026178 0.0250179 0.220625 
0.0251574 1.6269 0.940393 0.702718 0.0285263 0.361404 0.921266 2.01605 2.17025 2.22533 0.38875 1.99451 0.372955 1.73384 0.0249016 0.320381 0.389815 2.15045 0.0242831 1.93949 0.342532 1.74639 1.81363 0.259909 1.9892 2.15333 0.36731 0.0248823 2.07442 0.349216 2.24129 1.77735 0.025105 0.337134 0.285835 4.3027 2.14471 0.415826 1.45341 0.355168 0.957019 0.986708 0.0224007 0.022899 2.11742 2.15954 0.36868 0.287547 0.256479 2.2063 1.94759 0.921357 0.0239957 2.06308 0.0235684 0.385592 0.024109 2.05861 0.355204 0.0234468 0.0230834 0.0208037 0.911918 0.367581 0.380165 0.0212639 0.3572 1.92139 0.349399 0.0222434 2.1097 0.0231278 0.354052 0.0240094 0.823707 0.696991 1.83037 2.04105 0.390488 2.08975 1.96504 2.0259 0.354996 0.334179 0.918573 0.0241645 0.784357 0.910656 0.928733 2.3134 0.0270224 0.0241985 0.925058 
