0.000816902 -0.309017  0.951056  -0.15365 -0.000265427 -0.951057 -0.309017 0.0599444            1            0 -0.000858942    0.0290798 0 0 0 1         0 -0.350398  0.959398         0 -0.263398  0.872398 -0.350398  0.959398         0 -0.785398  0.785398         0 -0.785398  0.785398 -0.785398  0.785398
0.0648172
0.920692
0.000858942
100
17
83
0.0989313
0.698911
0.119363 0.0783069 0.0720879 0.187026 0.0232806 0.0249994 0.0192723 0.125859 0.036913 0.0948665 0.41901 0.363091 0.124285 0.124684 0.207615 0.259997 0.00987945 0.0497586 0.0156133 0.0108449 0.0449033 0.0336507 0.100846 0.0299103 0.00686502 0.0647308 0.0063281 0.0213131 0.00503599 0.0101318 0.0255631 0.21743 0.0237252 0.0886973 0.215431 0.412085 0.060914 0.014222 0.17168 0.0638979 0.192309 0.0843597 0.0137396 0.123795 0.0777916 0.0549139 0.197284 0.037979 0.0398579 0.0511927 0.238475 0.165386 0.432842 0.0475304 0.296149 0.00430154 0.0164658 0.060133 0.118624 0.0843757 0.0381029 0.0135066 0.00951674 0.171974 0.236013 0.0176571 0.043508 0.188609 0.0724141 0.149093 0.285734 0.0777985 0.0302138 0.0165475 0.0215169 0.0108603 0.0157664 0.207802 0.0677918 0.00815583 0.0985784 0.0946867 0.0138331 
0.205644 0.82192 0.24576 0.663736 0.304232 0.205062 0.017168 0.234449 0.202786 0.238434 3.02761 2.95984 1.80592 0.58567 1.10943 1.96033 0.0162037 0.322959 0.398871 0.00855103 0.406733 0.474294 0.473744 0.425482 0.175136 0.207258 0.558374 0.0213979 0.138315 0.216232 0.237856 1.75676 0.203264 0.383413 0.753511 2.26774 0.360426 0.279529 0.713894 0.995058 2.22714 0.93417 0.0145103 2.33824 0.287943 0.269918 0.982187 0.278003 0.320284 0.197208 2.90168 1.04145 2.27323 0.278235 1.4578 0.196417 0.366822 0.322154 0.252824 0.878532 0.338726 0.0140034 0.151793 1.92524 2.25691 0.282599 0.325967 1.05143 1.08297 0.988066 1.66284 0.216539 0.257173 0.012921 0.275289 0.191163 0.0182231 1.1366 0.373138 0.0166797 0.276973 0.939937 0.0126577 
