 0.364484 -0.684547  0.631305 -0.126178 -0.342274 -0.728969 -0.592835  0.131562  0.866025         0      -0.5 0.0965772 0 0 0 1         0 -0.437398  0.785398         0 -0.437398  0.785398 -0.437398  0.785398         0 -0.785398  0.785398         0 -0.785398  0.785398 -0.785398  0.785398
0.131925
0.364939
0.523599
100
20
80
0.118552
0.313983
0.122026 0.120245 0.0234206 0.14773 0.129343 0.132288 0.0198676 0.131149 0.164776 0.145719 0.175347 0.142895 0.134425 0.163815 0.0297207 0.149846 0.138758 0.130676 0.147741 0.147561 0.0238369 0.175997 0.157212 0.142078 0.0219302 0.0276818 0.131195 0.154987 0.13852 0.171365 0.15074 0.0216136 0.207117 0.152959 0.0190938 0.128302 0.0194391 0.162679 0.0192213 0.0197091 0.144803 0.178591 0.0310216 0.130079 0.16836 0.111329 0.152466 0.137066 0.0171983 0.0205243 0.177769 0.165501 0.0339663 0.16295 0.173821 0.186395 0.145537 0.132733 0.144537 0.0212478 0.179883 0.0229723 0.143288 0.126569 0.158441 0.196943 0.141556 0.192771 0.106272 0.135156 0.0232291 0.137142 0.128577 0.0258004 0.0641305 0.140282 0.0992989 0.160979 0.129972 0.192004 
0.416095 0.331848 0.0282208 0.388321 0.357922 0.399665 0.0282435 0.380118 0.381126 0.362045 0.30601 0.390101 0.34158 0.375135 0.0266436 0.329385 0.354212 0.341154 0.346291 0.545369 0.027507 0.35548 0.378231 0.352542 0.367082 0.0272817 0.361631 0.369983 0.346612 0.364721 0.489383 0.50897 0.564599 0.359588 0.0268403 0.43644 0.34819 0.375298 0.0237037 0.0274683 0.36312 0.390453 0.0259102 0.356456 0.363581 0.345353 0.440031 0.332061 0.0228594 0.0277669 0.329655 0.405356 0.0292211 0.38353 0.381159 0.494186 0.358968 0.360783 0.34753 0.0292178 0.464002 0.0283174 0.349576 0.341815 0.380381 0.382092 0.456365 0.435827 0.347515 0.360801 0.351669 0.374856 0.340577 0.0243639 0.441323 0.361294 0.15751 0.532763 0.348012 0.311314 
