 -0.251887   0.966567 -0.0479701 0.00480398   0.949502   0.256414   0.180826 -0.0523532   0.18708         0 -0.982345  0.177197 0 0 0 1         0 -0.350398  0.872398         0 -0.524398  0.959398 -0.437398  0.785398         0 -0.785398  0.785398         0 -0.785398  0.785398 -0.785398  0.785398
0.140634
0.338703
0.188189
100
13
87
0.188605
0.951595
0.020921 0.19864 0.0262226 0.309442 0.272707 0.146238 0.534372 0.0230644 0.284232 0.0926512 0.15868 0.15429 0.138857 0.362181 0.144964 0.172799 0.227084 0.268039 0.15903 0.146983 0.334622 0.112515 0.20955 0.0194957 0.147435 0.205487 0.155602 0.142899 0.0240829 0.156712 0.3312 0.324972 0.220879 0.0245076 0.12464 0.0776169 0.371348 0.168634 0.247892 0.331751 0.164196 0.157802 0.254669 0.0216454 0.153352 0.121211 0.283651 0.145627 0.232665 0.0224685 0.111991 0.331881 0.223189 0.313743 0.337054 0.29469 0.0221585 0.167746 0.230938 0.266693 0.125919 0.11867 0.13951 0.269057 0.178569 0.13669 0.146418 0.281572 0.388528 0.337962 0.215576 0.232177 0.358743 0.159697 0.289226 0.122151 0.157153 0.161571 0.0246614 0.0231515 0.23342 0.012305 0.137839 0.0888435 0.194362 0.196286 0.248012 
0.0219032 0.790325 0.0239185 2.08957 2.04201 0.349993 4.82494 0.858109 1.65375 0.392936 0.374055 0.353865 0.340751 2.28941 0.372332 0.33615 1.54687 1.64883 0.364468 0.354111 2.13624 0.387413 0.875467 0.0214782 0.38986 0.943575 0.343923 0.29683 0.0241303 0.3425 2.16288 2.04864 1.645 0.0238225 0.381271 0.264401 2.04411 0.369432 0.72325 2.11813 0.35412 0.778705 1.82165 0.0228303 0.359974 0.384224 1.97247 0.37611 0.677388 0.0228858 0.368076 2.22734 0.852443 1.90178 2.1252 1.77707 0.0226869 0.352419 0.757356 2.01855 0.319762 1.43594 0.382778 1.94561 0.358477 0.316403 0.36198 1.81975 1.86939 2.13681 0.914089 1.77271 2.24277 0.364124 1.76815 0.34773 0.35995 0.403148 0.0223695 0.0231276 1.60323 0.0169379 0.380354 0.281402 0.80828 0.763702 2.02589 
