 0.475528 -0.309017  0.823639 -0.170033 -0.154508 -0.951057 -0.267617 0.0652675  0.866025         0      -0.5 0.0965772 0 0 0 1         0 -0.437398  0.785398         0 -0.437398  0.785398 -0.437398  0.785398         0 -0.785398  0.785398         0 -0.785398  0.785398 -0.785398  0.785398
0.145566
0.365297
0.523599
100
11
89
0.139528
0.358318
0.12241 0.129795 0.0241177 0.140566 0.138857 0.148514 0.150099 0.0335458 0.161489 0.0192391 0.139513 0.149374 0.133283 0.137597 0.142085 0.192541 0.0256636 0.13004 0.161539 0.17098 0.132479 0.0289083 0.136432 0.0598258 0.142673 0.192383 0.149026 0.156139 0.150516 0.184244 0.145098 0.153908 0.148201 0.16167 0.0385239 0.165992 0.184249 0.180871 0.126285 0.139138 0.187279 0.179736 0.159163 0.036721 0.163668 0.124865 0.15198 0.165787 0.148081 0.157223 0.132308 0.139123 0.180242 0.179998 0.114556 0.183204 0.129606 0.156855 0.14221 0.190888 0.163549 0.171605 0.165988 0.174135 0.114907 0.188568 0.178703 0.148964 0.164951 0.146518 0.209229 0.0169499 0.132635 0.0079654 0.163556 0.0286667 0.25976 0.215097 0.174753 0.161546 0.0243059 0.172688 0.137001 0.14558 0.178057 0.149403 0.186576 0.145037 0.0400242 
0.34335 0.445596 0.0325253 0.352057 0.395804 0.353946 0.437438 0.362407 0.528681 0.0260793 0.362405 0.356531 0.416169 0.340345 0.341909 0.536141 0.0225405 0.345339 0.3811 0.558664 0.362182 0.0261547 0.498338 0.0437096 0.362054 0.533009 0.370745 0.376336 0.369367 0.361781 0.347099 0.360061 0.410998 0.35926 0.0320891 0.372334 0.387983 0.352123 0.338075 0.358132 0.380149 0.3719 0.362259 0.0264521 0.373998 0.375814 0.356265 0.439889 0.373474 0.350657 0.444698 0.359377 0.425929 0.384265 0.335429 0.577337 0.342391 0.36735 0.356307 0.418494 0.492324 0.376525 0.394033 0.524923 0.364261 0.484381 0.375363 0.44 0.382898 0.377019 0.568872 0.0229042 0.315033 0.506725 0.366897 0.0310302 0.542626 0.563077 0.361483 0.447624 0.0272865 0.531229 0.357522 0.35505 0.385178 0.36378 0.550764 0.362669 0.0355486 
