  0.88542  0.352182 -0.303315 0.0130905  0.333175 -0.935932 -0.114135 0.0149312 -0.324078        0 -0.94603 0.181951 0 0 0 1         0 -0.785398  0.785398         0 -0.524398    1.0464 -0.437398    1.3944         0 -0.785398  0.785398         0 -0.785398  0.785398 -0.785398  0.785398
0.00582097
0.50287
0.330037
100
43
57
0.0769824
0.805795
0.0106703 0.00626405 0.0101426 0.00897459 0.126005 0.0387899 0.0218057 0.153341 0.0288505 0.0115655 0.0200916 0.0960215 0.0916114 0.0953229 0.101911 0.0126726 0.263115 0.00151138 0.00802468 0.0106413 0.0741501 0.132593 0.00903891 0.010628 0.302438 0.0148766 0.12606 0.212712 0.0948266 0.0824954 0.0130042 0.0140775 0.00632667 0.0097874 0.131581 0.0152716 0.344188 0.0624662 0.228969 0.0318346 0.210574 0.0741611 0.0789419 0.113508 0.00849875 0.0787891 0.0863968 0.0106067 0.0113148 0.0160544 0.0104824 0.0139532 0.361048 0.0221767 0.0432334 0.0424678 0.171133 
1.16316 0.352237 0.689356 0.322237 0.57876 1.29721 0.786792 0.688886 0.83178 0.674814 0.022255 0.545866 0.560504 0.633009 0.569594 0.0151275 1.85473 0.545669 0.0129432 0.558384 0.463224 0.550143 0.0121161 0.485451 2.32069 0.401702 0.649294 1.71776 0.563283 0.480604 0.0137568 0.016021 0.381052 0.377295 0.553215 0.473002 2.65415 0.491677 2.16449 1.902 1.84982 1.6104 0.61616 0.57767 0.725657 0.500544 0.654757 0.620005 0.494144 0.248388 0.128371 0.803705 4.09982 0.863995 0.520067 0.367934 1.87465 
