  0.618216  -0.700241    0.35703 -0.0509455 -0.606383 -0.713906 -0.350196 0.0645575  0.500108         0 -0.865963  0.171234 0 0 0 1         0 -0.437398  0.785398         0 -0.350398    1.2204 -0.437398  0.785398         0 -0.785398  0.785398         0 -0.785398  0.785398 -0.785398  0.785398
0.0216986
0.373835
0.523723
100
3
97
0.108383
0.718498
0.186766 0.0166258 0.0219105 0.0206076 0.219223 0.184462 0.361452 0.018593 0.102181 0.0709998 0.0408067 0.0205119 0.123496 0.108816 0.0466744 0.0254589 0.0166135 0.0178193 0.262197 0.172457 0.0212627 0.092152 0.103324 0.256529 0.129498 0.0248452 0.0752473 0.0230544 0.0662367 0.235951 0.0250795 0.0207309 0.0278883 0.214609 0.0750449 0.275633 0.235642 0.0154733 0.233436 0.237143 0.0261919 0.0186129 0.0151704 0.0157751 0.0219046 0.219859 0.271352 0.0188329 0.0890498 0.0199739 0.328964 0.0953563 0.0267904 0.0199736 0.200207 0.218796 0.0731158 0.299849 0.0224584 0.296391 0.0613058 0.214353 0.0493523 0.0294716 0.0233101 0.0624873 0.216492 0.0249286 0.271756 0.0187664 0.0835572 0.270569 0.209378 0.233977 0.190343 0.0727338 0.026131 0.0164313 0.239758 0.028018 0.080904 0.220293 0.32732 0.281031 0.214821 0.049662 0.0175141 0.0225898 0.015429 0.0265153 0.0246813 0.012589 0.0263019 0.0271885 0.0237887 0.0405132 0.0338107 
1.07639 0.391935 0.369485 0.379168 0.959464 1.15546 1.62567 0.349411 0.371887 0.345902 0.406331 0.383987 1.45934 0.361988 0.367281 0.433847 0.406692 0.408397 1.56907 0.698139 0.381632 0.386909 0.856068 1.21799 0.929116 0.360696 0.4463 0.405663 0.854913 1.07024 0.30272 0.419371 0.353193 1.0725 0.343015 1.29031 1.26466 0.401365 1.08108 1.14171 0.382506 0.334755 0.406873 0.407384 0.348065 1.0991 1.442 0.378461 0.366269 0.368844 2.93036 0.370239 0.32917 0.387757 1.5056 1.24913 0.37514 1.6419 0.406849 1.40551 0.358172 1.46438 0.351079 0.388063 0.39074 0.350046 1.16495 0.360484 1.38952 0.380525 0.345771 1.08295 1.00407 1.17402 1.31399 0.361834 0.335413 0.404099 1.30771 0.373004 1.05733 1.22615 1.53134 1.32856 1.56128 0.367634 0.392295 0.364979 0.426353 0.3577 0.30216 0.328178 0.418928 0.380678 0.356645 0.403406 0.354681 
