 0.475528 -0.309017  0.823639 -0.211215 -0.154508 -0.951057 -0.267617 0.0786483  0.866025         0      -0.5 0.0984228 0 0 0 1         0 -0.263398    1.6554         0 -0.437398  0.785398 -0.437398  0.959398         0 -0.785398  0.785398         0 -0.785398  0.785398 -0.785398  0.785398
0.00017086
0.0172797
0.523599
100
50
50
0.0181011
0.0975041
0.0180668 0.0231897 0.0129106 0.0210842 0.0130851 0.0190633 0.01887 0.0146701 0.0197693 0.0126036 0.0278583 0.0188595 0.0176048 0.0100134 0.084591 0.0104686 0.0181998 0.0140273 0.0060343 0.0298642 0.016806 0.0204624 0.0177551 0.0169103 0.0187399 0.0184071 0.0123133 0.0168503 0.0103724 0.0173228 0.00894904 0.0548765 0.00705015 0.0127323 0.0124857 0.0176112 0.0178659 0.0142663 0.0210351 0.00882771 0.0215067 0.0217019 0.0091681 0.0131207 0.0129914 0.00738256 0.0251786 0.00758329 0.0155956 0.0183509 
0.020203 0.273694 0.015457 0.0222384 0.0176066 0.0213553 0.0206017 0.0189514 0.417074 0.0141456 0.271877 0.0235522 0.0195012 0.0153743 0.389709 0.0145016 0.396924 0.0175165 0.0140621 0.393812 0.0191357 0.399903 0.0231496 0.0184428 0.0213379 0.0182225 0.306849 0.322048 0.014014 0.0179982 0.013265 0.323575 0.0146115 0.0156127 0.0163852 0.0186072 0.0210075 0.01791 0.0221884 0.014142 0.341189 0.023941 0.0126399 0.0156015 0.016271 0.0126206 0.363709 0.0127296 0.0183998 0.021541 
