 0.476236 -0.309017   0.82323 -0.137033 -0.154738 -0.951057 -0.267484 0.0545451  0.865596         0 -0.500744 0.0940649 0 0 0 1         0 -0.437398  0.872398         0 -0.437398    1.2204 -0.350398  0.785398         0 -0.785398  0.785398         0 -0.785398  0.785398 -0.785398  0.785398
0.0158314
0.397706
0.524458
100
28
72
0.114528
0.883272
0.0528982 0.223021 0.0492664 0.138788 0.0114268 0.00968028 0.187434 0.143299 0.353774 0.223304 0.207455 0.198048 0.091753 0.0113153 0.24395 0.015173 0.0685262 0.173995 0.0375253 0.0398508 0.284304 0.176915 0.241461 0.019975 0.0198973 0.0883592 0.359116 0.208555 0.174826 0.00659756 0.0134458 0.0388972 0.259229 0.209375 0.0627289 0.0638693 0.0540914 0.0118405 0.0237106 0.0248001 0.210513 0.022759 0.227999 0.0113197 0.235887 0.0545782 0.0142659 0.0544977 0.0116967 0.0453426 0.0127153 0.239025 0.0755564 0.0582097 0.0167551 0.0163604 0.0474143 0.0569914 0.205784 0.105974 0.068803 0.23385 0.22557 0.191007 0.0131374 0.158373 0.279963 0.00755885 0.0224893 0.217516 0.218769 0.0628781 
0.452523 1.59174 0.466993 1.42408 0.0286855 0.355724 1.07546 1.28229 3.18181 1.40972 1.61382 1.43257 0.438676 0.378228 1.58018 0.390936 0.410618 1.37539 0.434484 0.466709 1.59872 1.40402 1.37314 0.415737 0.415474 0.471649 2.80085 1.49658 1.39262 0.0232133 0.028643 0.379997 2.27867 1.49883 0.40031 0.438812 0.483393 0.0308536 0.408446 0.395998 1.11827 0.437915 1.46901 0.0151049 1.44525 0.4494 0.406397 0.455609 0.412267 0.446593 0.0169992 1.51032 0.425952 0.483351 0.437405 0.351441 0.769816 0.460365 1.26676 1.29911 0.432074 1.2848 1.52491 1.51985 0.391672 1.38086 1.54349 0.0127407 0.421413 2.08696 1.32921 0.463647 
