  0.699218  -0.706682   0.108144 -0.0303765 -0.698379 -0.707531 -0.108014 0.0439338 0.152847        0 -0.98825 0.176654 0 0 0 1         0 -0.785398  0.785398         0 -0.524398  0.959398 -0.437398  0.785398         0 -0.785398  0.785398         0 -0.785398  0.785398 -0.785398  0.785398
0.0237919
0.0234783
0.153448
100
10
90
0.12153
0.551532
0.025293 0.160491 0.124968 0.0150506 0.0340107 0.0246981 0.0198443 0.251143 0.15739 0.0208512 0.0193045 0.0255626 0.0250479 0.148135 0.246469 0.314972 0.159537 0.182387 0.12465 0.110681 0.0963453 0.183629 0.0193291 0.139473 0.279745 0.210058 0.0231878 0.0221561 0.244113 0.0245019 0.133651 0.0249387 0.19263 0.0262839 0.112112 0.0259368 0.0235494 0.015834 0.0216758 0.0273406 0.165369 0.0257916 0.0257608 0.0189339 0.025036 0.171861 0.325713 0.328235 0.0254124 0.156159 0.0228582 0.112226 0.253117 0.115453 0.0214702 0.156348 0.0253261 0.0260052 0.316633 0.0229051 0.247666 0.0242696 0.255174 0.0225376 0.264406 0.20124 0.0253433 0.174046 0.222434 0.222104 0.236644 0.0217689 0.181303 0.0233643 0.197508 0.230287 0.194379 0.189445 0.131366 0.206536 0.222544 0.0242025 0.227106 0.273362 0.165149 0.143792 0.0216466 0.165018 0.0225363 0.0229269 
0.0265972 0.332508 0.793276 0.0174191 0.0341142 0.0245437 0.0207288 1.87444 0.377004 0.020981 0.0210727 0.869655 0.0243173 0.309957 0.949593 2.19898 0.344483 0.865502 0.325149 1.97789 0.389524 0.339588 0.020571 0.349377 1.06364 0.919786 0.0235427 0.024539 1.86904 0.0248525 0.355524 0.0246857 0.352224 0.0253162 0.857033 0.023414 0.0243541 0.0156626 0.0226972 0.0253351 0.367282 0.0251403 0.0245679 0.0200696 0.0245354 0.93969 1.78838 2.18628 0.0240898 0.359022 0.0233758 0.728966 0.979293 0.746376 0.0219718 0.749383 0.0236456 0.0238344 2.07236 0.0235365 0.969462 0.0243387 0.972831 0.0226756 0.987798 1.02274 0.0232538 0.354776 2.09465 0.924237 0.769817 0.0214868 0.663219 0.024121 0.959917 0.876654 0.815742 0.955464 0.353597 0.893085 1.99989 0.0239292 0.940172 2.01816 0.79721 0.392352 0.0222799 0.355783 0.0240464 0.0234449 
