-0.618305 -0.700242  0.356876 -0.032086  -0.60647  0.713906  0.350045 -0.043583 -0.499892         0 -0.866088  0.162591 0 0 0 1         0 -0.785398  0.785398         0 -0.698398    1.3944 -0.611398    1.6554         0 -0.785398  0.785398         0 -0.785398  0.785398 -0.785398  0.785398
0.0557592
0.775586
0.523475
100
60
40
0.118018
1.56112
0.0097176 0.0263196 0.16531 0.0104038 0.0207682 0.106623 0.00752888 0.192403 0.1176 0.145776 0.0223728 0.0110321 0.117009 0.00873811 0.104713 0.0197921 0.143181 0.125235 0.130905 0.0088851 0.121266 0.142766 0.169006 0.146773 0.00968451 0.174177 0.227861 0.288413 0.00991617 0.0100084 0.273791 0.127472 0.0123618 0.15545 0.170259 0.226616 0.176446 0.29281 0.373338 0.117982 
0.753254 0.615448 1.89586 0.733298 0.785046 0.95831 0.781917 1.84622 1.40439 1.71036 0.725117 0.736696 1.88137 0.695385 1.66387 0.951525 1.68519 1.53138 1.71032 0.734986 1.9391 1.99869 1.73112 1.64774 0.546873 2.07129 2.81556 3.21162 0.632019 0.741892 3.48062 1.7477 0.674844 1.82086 2.9989 2.10659 1.89001 3.17412 1.83333 1.58183 
