 -0.618305   0.700242   0.356876 -0.0454326  0.606471  0.713906 -0.350045 0.0299759 -0.499892         0 -0.866088  0.162591 0 0 0 1         0 -0.785398  0.785398         0 -0.698398    1.4814 -0.698398    1.6554         0 -0.785398  0.785398         0 -0.785398  0.785398 -0.785398  0.785398
-1
0.0337796
0.523475
100
60
40
0.0939628
1.35604
0.0109102 0.017797 0.0451254 0.0101075 0.24685 0.0436631 0.154475 0.273284 0.211727 0.0515363 0.0205831 0.0624834 0.00847758 0.214005 0.00894118 0.253163 0.111324 0.0484959 0.00257004 0.160853 0.0126806 0.14564 0.0083642 0.0118643 0.116161 0.0102849 0.203227 0.174098 0.194356 0.207891 0.0993534 0.00951271 0.0407129 0.162765 0.0241794 0.0353792 0.00230644 0.0649436 0.0411667 0.237255 
0.681492 0.848161 0.52654 0.736601 3.20978 0.849928 1.78374 3.7991 2.31397 1.57151 0.74953 0.840928 0.0113186 3.21402 0.0119708 2.02836 1.86492 0.815425 0.712502 1.64661 0.667445 1.88914 0.791063 0.758448 0.842364 0.785304 2.02294 2.03939 2.20244 1.9495 1.47332 0.0125443 0.852605 1.83186 0.7394 0.743473 1.38369 1.66302 1.32408 2.05313 
