 0.124532  0.968583  0.215263 -0.046452  0.485022  -0.24869  0.838396 -0.139745   0.86559         0 -0.500754 0.0940662 0 0 0 1         0 -0.437398  0.872398         0 -0.437398    1.2204 -0.437398  0.959398         0 -0.785398  0.785398         0 -0.785398  0.785398 -0.785398  0.785398
-1
0.341356
0.524469
100
27
73
0.113755
0.936109
0.0380397 0.0348392 0.010153 0.0681879 0.170077 0.0205631 0.0148147 0.0496917 0.242586 0.10159 0.193151 0.0133546 0.0394418 0.00614121 0.00496488 0.00701674 0.0120471 0.340944 0.0312885 0.0226578 0.00895698 0.248059 0.20276 0.04098 0.0187343 0.259098 0.029542 0.245556 0.0297152 0.238816 0.0395301 0.193502 0.261244 0.0215351 0.166305 0.0293336 0.191676 0.283796 0.0128437 0.0605308 0.0721788 0.0371344 0.182364 0.00860471 0.151927 0.250947 0.0356584 0.005352 0.355335 0.238197 0.062262 0.162739 0.0102955 0.38628 0.183664 0.0113924 0.236158 0.0404694 0.26659 0.275004 0.0447906 0.0190797 0.026152 0.0428759 0.147278 0.251551 0.0360434 0.0626497 0.0205675 0.197888 0.207123 0.0116094 0.259908 
0.430716 0.426136 0.0149077 0.653125 1.325 0.424103 0.418425 0.464722 2.70566 0.792028 1.4118 0.0305162 0.465678 0.0137566 0.301225 0.375478 0.0145488 3.20663 0.401726 0.35495 0.377214 1.47081 1.21221 0.447809 0.395986 1.49032 0.453896 1.44993 0.344214 1.46591 0.45588 1.46953 2.98432 0.370299 1.27248 0.465385 1.45898 1.58207 0.346246 0.426638 0.41742 0.433259 1.56163 0.0146336 0.507819 1.52356 0.735222 0.0135035 3.18036 2.74514 0.470102 1.51862 0.0143745 2.82347 1.11216 0.361524 1.30595 0.387832 3.09333 1.61525 0.464316 0.462729 0.435476 0.418453 1.39078 1.44975 0.80093 0.471972 0.419605 1.05805 1.40333 0.0279235 1.52625 
