5.71175e-10  0.309017  0.951057 -0.159542 1.85586e-10  -0.951057   0.309017 -0.0418178            1            0 -6.00569e-10    0.0115772 0 0 0 1         0 -0.350398  0.959398         0 -0.350398  0.959398 -0.350398  0.959398         0 -0.785398  0.785398         0 -0.785398  0.785398 -0.785398  0.785398
0.047564
0.294255
6.00569e-10
100
2
98
0.140021
0.876556
0.0215617 0.0842094 0.0235226 0.104831 0.272821 0.246273 0.0701407 0.456876 0.0877411 0.0561784 0.0380834 0.275685 0.00902734 0.293677 0.221337 0.237544 0.208701 0.0411588 0.0661808 0.0771104 0.0884983 0.0522472 0.0665648 0.0522298 0.286631 0.0872595 0.429533 0.0606381 0.0914442 0.0238941 0.0672945 0.0683987 0.0332055 0.0169079 0.225467 0.213391 0.0458188 0.0621929 0.0733988 0.121743 0.0491038 0.0609328 0.0195998 0.198158 0.0504086 0.0524469 0.482889 0.190027 0.280911 0.04135 0.26635 0.0383534 0.0714953 0.254919 0.0527489 0.270244 0.0370986 0.23458 0.232306 0.0591586 0.0669407 0.0691248 0.0664989 0.0636465 0.0780091 0.243977 0.0683519 0.0790352 0.254497 0.516783 0.286785 0.247312 0.0644535 0.0640507 0.0169122 0.177512 0.0664638 0.0467883 0.310871 0.211024 0.0453255 0.0721678 0.227851 0.037094 0.0473462 0.182804 0.0265305 0.242001 0.488839 0.20077 0.0424316 0.0357502 0.0595842 0.251704 0.0165851 0.2526 0.215294 0.275883 
0.221475 0.749152 0.288193 0.943844 1.7663 0.984785 0.226264 3.5402 0.818991 1.33459 0.185185 2.09967 0.173183 1.48073 2.24334 1.006 0.89467 0.172009 0.34512 0.333553 0.362224 0.256625 0.359594 0.192489 1.95191 0.311535 3.9107 0.395427 0.391469 0.167504 0.36533 0.314196 0.927036 0.239572 0.939886 0.777602 0.338066 0.273025 0.268674 0.428204 0.771599 0.200723 0.269264 0.75144 0.228021 0.297456 2.91849 0.869547 1.83445 0.214725 1.65029 0.315995 0.281463 1.00323 0.234921 1.38549 1.03287 0.848025 0.75131 0.314501 0.343619 0.297341 0.31085 0.345606 0.387443 0.925021 0.328128 0.889134 1.2162 3.64198 1.80442 1.50632 0.239554 0.286299 0.172228 1.80097 0.298425 0.274237 2.19774 0.723852 0.974174 0.375479 0.776072 0.338482 0.785532 1.63247 0.974627 0.797384 2.63437 2.50503 0.191448 1.06525 0.243302 2.08848 0.253303 1.14072 0.744185 1.24067 
