 -0.885419  -0.352182   0.303315 -0.0130905  -0.333175   0.935931   0.114135 -0.0149312 -0.324079        0 -0.94603 0.181951 0 0 0 1         0 -0.785398  0.785398         0 -0.524398    1.0464 -0.437398    1.3944         0 -0.785398  0.785398         0 -0.785398  0.785398 -0.785398  0.785398
0.00516456
0.5029
0.330037
100
47
53
0.10207
1.03558
0.0337494 0.00853912 0.133344 0.0101088 0.151464 0.0157167 0.0711221 0.0121181 0.245942 0.0871444 0.264537 0.0224111 0.0103714 0.0173704 0.378891 0.258222 0.0286735 0.0926668 0.173617 0.39253 0.0158728 0.0108745 0.140539 0.0145097 0.0153756 0.333396 0.216684 0.0183682 0.166996 0.0117885 0.135733 0.0188635 0.0178584 0.00667271 0.00988006 0.0281699 0.311948 0.0628833 0.0180866 0.16635 0.276994 0.10868 0.135234 0.00970353 0.0392297 0.0937038 0.240632 0.0382083 0.0576972 0.127086 0.0145017 0.009532 0.129097 
0.429017 0.602438 1.8514 0.449333 0.679996 0.017932 1.75876 0.769032 2.19223 0.725242 1.96642 1.63758 0.0136954 0.0169254 4.198 2.1636 0.429745 0.457509 1.86294 4.13014 0.808615 0.725966 0.678628 0.380367 0.0180099 2.56193 2.16073 1.45774 0.637591 0.425313 1.92588 0.0202201 0.0192845 0.330683 0.0114228 0.481882 2.18494 0.352746 0.0194736 1.88823 2.2601 0.611829 0.76595 0.807696 0.249985 0.494002 1.69729 0.878233 0.498342 0.715849 1.05156 0.79032 0.622987 
