0.000816902 0.309017 0.951056 -0.15954 0.000265427  -0.951057   0.309017 -0.0418173            1            0 -0.000858942    0.0290799 0 0 0 1         0 -0.350398  0.959398         0 -0.263398  0.872398 -0.350398  0.959398         0 -0.785398  0.785398         0 -0.785398  0.785398 -0.785398  0.785398
0.0826814
0.830995
0.000858942
100
14
86
0.103841
0.638596
0.0505524 0.0765891 0.263724 0.14674 0.0108771 0.0709896 0.0127097 0.0666418 0.103597 0.0137295 0.0750195 0.0613854 0.294664 0.00731309 0.225429 0.191221 0.045129 0.0171626 0.106859 0.0286205 0.299003 0.080055 0.0654636 0.0659642 0.287909 0.139591 0.0275197 0.229934 0.200745 0.0856358 0.0877199 0.100721 0.0320312 0.23552 0.12808 0.172084 0.0542448 0.230363 0.0634101 0.323665 0.0156075 0.0532882 0.287513 0.0110238 0.0596539 0.177182 0.0148533 0.0187663 0.0811536 0.0374023 0.0489367 0.0661124 0.064275 0.0839274 0.0704424 0.0396869 0.218335 0.245016 0.0635017 0.0113666 0.0113529 0.0662811 0.264359 0.20595 0.00300166 0.00814711 0.10804 0.0170013 0.00920715 0.0654066 0.0136422 0.0521486 0.0300211 0.118287 0.260781 0.00629283 0.260263 0.0268595 0.0495648 0.035056 0.00534891 0.318123 0.113701 0.0656406 0.165393 0.203843 
1.10032 0.242424 1.53999 1.09345 0.0176526 0.221611 0.326061 0.190513 1.12324 0.0140888 0.305739 0.23248 1.34743 0.348532 1.98339 0.878211 0.24284 0.20987 0.416115 0.289314 1.60174 0.377668 0.305357 1.63734 2.00161 1.12228 0.175148 0.778123 0.753742 0.346675 0.250147 1.06503 0.212118 0.80041 0.414117 1.16202 0.272385 1.13818 0.347976 1.22226 0.0167166 0.247364 1.22454 0.0121623 1.44681 1.05542 0.262188 0.26668 0.245211 0.268525 0.273667 1.00899 0.249345 0.222037 0.337986 1.01934 0.681165 0.738416 0.337099 0.0176822 0.0165967 0.258832 0.857837 0.7908 0.259436 0.222261 0.933773 0.240482 0.0127847 1.93594 0.326637 0.21157 0.179707 0.264462 1.25784 0.0131355 1.80652 0.167046 0.204327 0.250249 0.382523 2.20171 0.922621 0.224666 1.8876 1.05096 
