  0.194156   0.966567   0.167487 -0.0387639   0.73188 -0.256414  0.631351 -0.106034  0.653189         0 -0.757195  0.147928 0 0 0 1         0 -0.437398  0.785398         0 -0.350398    1.1334 -0.437398  0.872398         0 -0.785398  0.785398         0 -0.785398  0.785398 -0.785398  0.785398
0.0201391
0.434768
0.711788
100
5
95
0.122788
0.830578
0.167687 0.0211612 0.188446 0.0824262 0.101961 0.0169154 0.0165501 0.0252761 0.021438 0.0531256 0.362847 0.0575046 0.0123185 0.0251524 0.019053 0.0366019 0.287983 0.013701 0.0899675 0.301072 0.0409461 0.0187413 0.0193026 0.127487 0.0849546 0.188961 0.0387558 0.0165148 0.025749 0.309974 0.221983 0.021385 0.294488 0.0201708 0.0550971 0.182064 0.22376 0.283595 0.081102 0.0225586 0.0748891 0.0182944 0.245628 0.0201115 0.302719 0.205986 0.283978 0.1484 0.0108171 0.286949 0.0223519 0.289632 0.203735 0.251832 0.349844 0.0584335 0.00923668 0.0613428 0.217255 0.0503072 0.0304464 0.29275 0.254042 0.133422 0.301868 0.0251758 0.0255075 0.0602639 0.328351 0.0966137 0.29142 0.0218937 0.325251 0.0230703 0.0197481 0.161426 0.0204468 0.0111915 0.00796927 0.269409 0.0174239 0.0120303 0.170904 0.0171098 0.163024 0.375183 0.0269956 0.154524 0.231844 0.0464057 0.101478 0.0153083 0.0234063 0.017497 0.300898 
0.453963 0.435124 1.63992 0.364952 0.686115 0.486023 0.405738 0.404215 0.401381 0.447221 3.42611 0.346988 0.402165 0.389313 0.403027 0.413169 1.33021 0.382097 0.432181 1.34982 0.354122 0.482818 0.435999 1.31043 0.368148 2.44404 0.404422 0.0180142 0.401934 1.68174 1.1324 0.417509 1.47732 0.443429 0.357658 1.10559 1.32469 1.44876 0.372616 0.431994 0.386344 0.476593 1.02437 0.395599 1.50138 1.67599 1.24959 0.477112 0.0150074 1.51161 0.4763 1.51664 1.17179 1.60588 2.95074 0.374361 0.0135641 0.052756 1.4535 0.442615 0.395201 1.39216 1.37868 0.594976 1.48959 0.424368 0.412522 0.337907 2.91863 0.358819 1.31137 0.0244024 1.45205 0.457068 0.443357 1.38691 0.450264 0.0156679 0.275531 1.46397 0.462047 0.383036 1.04567 0.0218041 1.34918 3.22874 0.392564 0.337474 1.51448 0.387277 0.353085 0.389612 0.450316 0.422732 1.39832 
