0 12
5 1 53 35 0.207089 2.01807 0.255099 0.725076 1.75964
4 1 52 68 0.24499 1.86373 0.209872 0.934332 5.91966
11 1 50 74 0.253328 1.84793 0.312835 4.63834 3.16108
2 1 51 30 0.233091 2.01675 0.222089 0.466696 1.64766
5 1 68 49 0.369326 2.3107 0.232775 1.08068 2.30973
4 1 52 28 0.24499 1.86373 0.193527 0.438314 2.60869
1 51
5 1 48 71 0.246988 1.63227 0.216108 1.60051 3.4839
1 1 51 65 0.248897 1.68789 0.242559 3.44668 4.69818
44 1 48 68 0.259099 1.56783 0.228995 1.84269 4.03734
26 1 49 27 0.252517 1.61047 0.247966 0.430356 2.99774
5 1 48 40 0.246923 1.63227 0.241306 0.40431 2.68267
26 1 49 27 0.252517 1.61047 0.247966 0.430356 1.63471
2 4
3 1 39 64 0.251912 1.52503 0.225829 3.04734 2.1627
1 1 40 38 0.256388 1.58573 0.242225 0.544315 1.46787
3 1 39 39 0.251911 1.52503 0.234993 0.503553 1.85519
1 1 40 38 0.256388 1.58573 0.242213 0.544315 2.50377
3 1 39 34 0.251911 1.52503 0.260754 0.517853 1.05767
1 1 40 38 0.256388 1.58573 0.246348 0.571107 1.92832
3 56
55 1 47 39 0.252023 1.68285 0.271629 0.596326 2.68298
1 1 56 67 0.256579 1.82526 0.264224 3.85041 3.74952
55 1 47 38 0.252023 1.68285 0.266652 0.580037 1.56159
1 1 56 28 0.256579 1.82526 0.223594 0.548754 1.63322
55 1 47 63 0.252023 1.68285 0.248404 2.98797 4.4782
1 1 56 28 0.256579 1.82526 0.223594 0.548754 1.61773
4 20
7 1 54 89 0.245921 1.86566 0.350484 3.26169 7.10527
0 0 0 0 0 0 0 0 0.500023
9 1 50 60 0.268982 1.60128 0.283611 2.93522 1.82605
0 0 0 0 0 0 0 0 1.91419
9 1 49 22 0.251448 1.85174 0.269403 0.521044 1.1045
0 0 0 0 0 0 0 0 0.547336
5 23
20 1 45 24 0.24737 1.76042 0.249268 0.358266 1.14718
0 0 0 0 0 0 0 0 1.13575
15 0 0 0 0 0 0 0 1.37709
2 1 58 81 0.266844 1.47832 0.258646 1.55849 12.765
15 0 0 0 0 0 0 0 0.63234
0 0 0 0 0 0 0 0 0.572133
6 24
23 1 48 55 0.22796 1.45597 0.191396 0.342025 2.30044
1 1 40 42 0.257209 1.21696 0.218522 0.735325 1.65861
23 1 48 42 0.22796 1.45597 0.225312 0.665388 2.58152
1 1 40 44 0.257209 1.21696 0.181256 0.390154 2.36257
23 1 48 53 0.22796 1.45597 0.195117 0.349819 2.74067
1 1 40 44 0.257209 1.21696 0.208217 0.733903 2.36327
7 22
17 1 43 70 0.228273 1.56433 0.272205 3.44303 3.27322
3 1 55 50 0.272044 1.78487 0.263698 0.806052 3.01093
10 1 50 73 0.254774 1.54398 0.276698 2.28424 5.57066
0 0 0 0 0 0 0 0 4.80086
10 1 46 70 0.274378 1.7115 0.305007 2.50576 5.63846
3 1 55 84 0.2862 1.80494 0.367924 3.90125 12.9336
8 3
2 1 45 29 0.250753 1.52157 0.21745 0.369679 2.08967
1 1 47 24 0.257258 1.57309 0.216804 0.350338 1.79387
2 1 46 65 0.244485 1.5216 0.23465 2.85732 5.31243
1 1 47 56 0.257258 1.57309 0.237156 2.04945 2.96148
2 1 45 29 0.250753 1.52157 0.21745 0.369679 1.27245
1 1 47 24 0.257258 1.57309 0.225516 0.353581 1.20065
9 38
36 0 0 0 0 0 0 0 0.546505
19 0 0 0 0 0 0 0 1.29334
28 1 48 28 0.290317 1.57204 0.236998 0.393839 1.50886
0 0 0 0 0 0 0 0 1.68862
28 1 47 81 0.319111 1.5906 0.380765 3.69357 3.85452
0 0 0 0 0 0 0 0 1.42511
11 7
6 1 38 57 0.260045 1.41417 0.205914 1.91996 4.41918
2 1 40 40 0.258138 1.47893 0.233123 0.673206 2.87528
6 1 38 37 0.260045 1.41417 0.240852 0.627306 1.42473
2 1 40 40 0.258138 1.47893 0.233121 0.673206 1.62026
6 1 38 39 0.260044 1.41417 0.225389 0.581522 1.48711
2 1 40 56 0.258138 1.47893 0.203866 1.90616 3.81884
12 26
14 1 49 45 0.261348 1.71896 0.228791 0.632704 2.97103
0 1 47 37 0.254056 1.79824 0.23117 0.451713 2.17587
23 1 40 46 0.249942 1.55612 0.217341 0.760859 1.81523
1 1 48 39 0.258363 1.81862 0.231469 0.470476 6.39671
23 1 40 27 0.249942 1.55612 0.184148 0.312602 1.5644
0 1 48 36 0.293595 1.83193 0.235237 0.451623 2.78717
13 8
0 1 52 42 0.244224 1.72406 0.261807 0.877443 2.89773
7 1 38 56 0.264746 1.20365 0.212919 2.55461 2.39335
3 1 41 57 0.26152 1.26552 0.226546 2.80733 2.74608
2 1 40 34 0.257507 1.28611 0.227838 0.464031 1.35645
0 1 53 33 0.272369 1.40575 0.228303 0.621315 1.97962
2 1 40 71 0.257507 1.28611 0.238867 2.68687 5.63282
14 78
19 1 47 40 0.283923 1.38516 0.262746 0.738089 1.27722
1 0 0 0 0 0 0 0 10.4396
15 1 53 19 0.261323 1.78477 0.259348 0.496983 1.49822
0 0 0 0 0 0 0 0 14.6147
19 1 46 18 0.317013 1.37668 0.264171 0.506633 0.696155
0 0 0 0 0 0 0 0 1.17204
15 75
68 0 0 0 0 0 0 0 0.798289
8 0 0 0 0 0 0 0 0.872613
13 1 56 25 0.272572 1.66214 0.260302 0.3785 1.81762
0 1 63 21 0.280362 1.74529 0.258116 0.371049 3.74323
68 0 0 0 0 0 0 0 0.832117
18 1 49 66 0.242376 1.69843 0.235349 3.80812 3.70181
17 9
4 1 54 41 0.255837 1.9154 0.235727 0.673818 3.7547
8 1 45 36 0.260467 1.84403 0.253381 0.595902 2.18895
8 1 45 46 0.260467 1.84403 0.237953 0.96752 2.52067
0 1 50 29 0.247261 1.88656 0.25059 0.653686 1.45686
3 1 54 35 0.257322 1.93344 0.241386 0.8498 1.6209
0 1 50 29 0.247261 1.88656 0.250581 0.655931 1.52782
18 3
2 1 63 53 0.21877 1.43674 0.221555 0.449333 2.17475
1 1 49 58 0.25433 1.52435 0.281911 1.54706 3.56766
1 1 49 60 0.25433 1.52435 0.238292 2.74107 3.60087
2 1 63 58 0.261491 1.43747 0.238044 0.496991 2.0688
0 1 54 59 0.261606 1.56821 0.237534 0.950243 5.31119
1 1 49 59 0.25433 1.52435 0.24668 2.96505 3.872
19 9
8 0 0 0 0 0 0 0 0.859188
1 0 0 0 0 0 0 0 1.48902
6 1 63 24 0.278602 1.74867 0.22537 0.369807 2.61852
4 0 0 0 0 0 0 0 2.00028
8 0 0 0 0 0 0 0 0.952291
1 0 0 0 0 0 0 0 2.03277
20 6
5 1 55 71 0.255533 3.07341 0.295652 4.0153 4.45143
1 1 46 67 0.252162 1.45801 0.233533 3.70143 4.29892
0 1 50 70 0.250429 1.50849 0.246686 3.90776 4.02339
2 1 56 73 0.255737 3.2494 0.335068 5.14531 4.52821
5 1 55 64 0.268664 3.344 0.256194 1.47581 3.18816
1 1 46 69 0.25216 1.45801 0.261369 3.92944 4.07895
21 53
32 1 52 30 0.263053 1.73507 0.223225 0.488379 1.50628
1 1 54 51 0.257662 1.76379 0.249695 1.52109 2.42433
46 1 46 28 0.254575 1.62495 0.224885 0.387767 1.05087
1 1 54 64 0.257662 1.76379 0.254053 3.54889 3.99506
32 1 52 91 0.263053 1.73507 0.360035 5.07793 3.1844
1 1 54 56 0.257662 1.76379 0.207931 2.51976 4.6133
22 70
6 1 46 19 0.2686 1.39157 0.248593 0.385235 0.757742
13 1 43 26 0.228951 1.38424 0.24775 0.389418 1.05378
5 0 0 0 0 0 0 0 0.976812
0 0 0 0 0 0 0 0 1.43788
6 1 46 19 0.266526 1.40386 0.248593 0.385235 0.677407
7 0 0 0 0 0 0 0 0.588316
23 44
5 1 58 76 0.273052 1.66341 0.279525 2.35198 4.64206
7 1 43 79 0.233555 1.56513 0.287188 4.29648 3.20053
18 1 40 70 0.248462 1.47443 0.214493 2.31235 4.97681
7 1 43 78 0.233555 1.56513 0.312851 4.2768 4.51139
5 1 63 33 0.268663 1.94132 0.209774 0.430863 4.27527
7 1 43 63 0.233555 1.56513 0.292078 3.90762 4.57814
24 7
5 1 64 39 0.264755 1.94918 0.237642 0.568274 2.317
6 1 46 56 0.259966 1.36213 0.228459 0.707978 2.77444
4 1 62 57 0.235625 1.56276 0.249748 0.6375 3.67333
0 1 60 71 0.378186 2.14464 0.2413 1.47736 9.67217
4 1 55 40 0.253333 1.53105 0.255888 0.595792 2.95804
0 0 0 0 0 0 0 0 5.0431
25 53
5 1 43 64 0.252417 1.30562 0.254338 1.21378 3.08528
34 1 42 80 0.251206 1.28963 0.356288 4.91338 4.91036
30 1 41 45 0.257295 1.23749 0.21507 0.785665 1.27
21 1 42 39 0.254276 1.33468 0.203942 0.340837 1.66637
52 1 41 50 0.239488 1.41643 0.200505 1.17374 2.31817
14 1 42 42 0.252529 1.23877 0.245187 0.850944 1.68812
26 3
2 1 40 29 0.231103 1.55379 0.219854 0.328533 1.08813
0 1 42 39 0.213094 1.48989 0.229699 0.354397 1.5115
0 1 42 39 0.204749 1.48952 0.2297 0.354397 2.9864
1 1 41 39 0.230544 1.53723 0.238 0.529434 1.55432
0 1 42 32 0.207719 1.48933 0.230898 0.458255 1.24919
1 1 41 68 0.230544 1.53723 0.314398 4.28356 2.31259
27 12
5 1 55 33 0.235809 1.80858 0.266198 0.716593 1.33074
0 1 57 60 0.254563 1.86699 0.366892 3.74586 5.37881
11 1 41 50 0.260609 1.69432 0.241697 1.54164 2.35659
3 0 0 0 0 0 0 0 0.927485
5 1 60 38 0.271613 1.96421 0.244491 0.533815 1.81518
0 1 54 75 0.247746 1.82059 0.283056 2.27791 4.99141
29 24
2 1 53 33 0.263789 1.77747 0.207336 0.450994 2.24857
0 1 49 34 0.284094 1.76846 0.232919 0.443799 2.82673
9 1 46 30 0.245334 1.58871 0.252888 0.341518 1.12694
0 1 46 37 0.261926 1.72425 0.219933 0.478251 2.60079
8 1 46 32 0.247397 1.61449 0.26355 0.372086 1.44701
0 1 59 93 0.277708 1.74968 0.3207 3.47716 9.01871
30 11
10 1 42 21 0.238255 1.806 0.249921 0.322137 0.857123
7 1 48 23 0.23852 1.82107 0.233742 0.377957 1.16963
1 0 0 0 0 0 0 0 0.751701
8 1 45 20 0.248135 1.84423 0.225086 0.312954 1.04068
1 1 51 52 0.236566 2.03508 0.233183 0.67058 3.09885
7 1 48 23 0.23852 1.82107 0.225278 0.371139 1.09894
31 53
52 0 0 0 0 0 0 0 1.17521
24 1 56 24 0.23425 2.009 0.208393 0.398301 1.84083
52 0 0 0 0 0 0 0 1.24006
20 1 56 45 0.227799 2.0615 0.236036 0.728028 3.00886
52 0 0 0 0 0 0 0 1.31277
23 1 55 24 0.245558 2.02634 0.219218 0.39716 3.64594
32 8
7 1 41 27 0.239989 1.42828 0.222678 0.377683 0.912161
0 1 48 72 0.267304 1.5506 0.269296 1.22078 4.62096
1 1 49 53 0.306658 1.57212 0.268204 1.63568 2.32196
4 1 51 73 0.292207 1.57349 0.263652 1.38956 8.69217
1 1 50 59 0.331145 1.55345 0.233198 0.636112 2.62486
4 1 50 54 0.28782 1.57978 0.268198 1.76736 5.31131
33 20
14 1 49 25 0.275864 1.82736 0.259298 0.563892 1.18466
3 0 0 0 0 0 0 0 1.40953
14 1 53 47 0.245657 1.95791 0.264065 0.76169 2.12809
3 1 61 70 0.260862 1.83129 0.238319 0.871649 4.24536
14 1 66 29 0.278975 1.93922 0.239177 0.561824 1.44924
3 1 46 55 0.255827 1.81654 0.267718 1.21028 2.22925
34 78
21 1 48 17 0.245283 1.58694 0.246139 0.382386 0.654054
16 0 0 0 0 0 0 0 0.711437
21 1 48 23 0.308145 1.57271 0.269324 0.381403 0.732384
3 0 0 0 0 0 0 0 1.19643
21 1 47 17 0.274917 1.56512 0.245953 0.382313 0.651675
3 0 0 0 0 0 0 0 1.20835
35 49
43 0 0 0 0 0 0 0 0.641033
32 1 44 47 0.244802 1.68211 0.251694 1.61932 2.16325
31 1 53 25 0.382349 1.78678 0.260489 0.406368 1.19516
0 1 71 18 0.279784 1.94207 0.265568 0.403962 2.07238
31 1 46 69 0.275466 1.69902 0.328319 3.65351 4.63414
0 1 64 86 0.284627 1.62526 0.25536 1.58901 14.9295
36 8
5 1 48 32 0.311778 1.48853 0.256988 0.475127 2.02159
0 1 56 64 0.288584 1.54258 0.211361 0.479809 4.33877
5 1 48 30 0.261956 1.5559 0.26822 0.483026 1.556
2 1 51 66 0.258337 1.66693 0.278319 2.43547 7.21702
5 1 51 59 0.269578 1.3484 0.244683 0.892629 2.53871
2 1 54 63 0.250806 1.59744 0.271948 2.41974 6.67842
37 54
52 1 41 58 0.245332 1.29287 0.244708 1.14829 1.50302
18 1 43 61 0.254145 1.27483 0.218592 2.91493 4.79222
38 1 41 44 0.260461 1.24097 0.219677 0.5284 1.80589
26 1 43 38 0.21929 1.27222 0.229051 0.504151 2.31615
47 1 41 34 0.244892 1.20906 0.219115 0.521192 1.09668
18 1 43 65 0.259188 1.27406 0.228332 2.87716 9.08908
38 78
18 0 0 0 0 0 0 0 0.996212
42 1 48 19 0.248405 1.78066 0.225044 0.44589 1.32284
18 1 60 69 0.222064 1.67866 0.332462 1.66102 5.42587
0 0 0 0 0 0 0 0 7.60793
18 1 54 60 0.273368 1.76184 0.244062 0.80404 8.10585
0 0 0 0 0 0 0 0 3.5877
39 14
11 1 44 50 0.251467 1.3788 0.245326 0.882783 2.02511
0 1 50 55 0.274562 1.33785 0.252482 1.72782 6.35048
5 1 53 61 0.277794 1.48145 0.278296 3.47298 2.89861
12 1 43 49 0.244974 1.33865 0.23776 0.857029 2.15842
13 1 40 25 0.239267 1.27764 0.213901 0.3374 1.80619
0 0 0 0 0 0 0 0 4.7257
41 69
17 0 0 0 0 0 0 0 1.38421
7 1 54 62 0.255757 1.71376 0.198147 0.432444 7.23638
17 0 0 0 0 0 0 0 0.744881
0 0 0 0 0 0 0 0 1.72135
17 0 0 0 0 0 0 0 0.760271
0 0 0 0 0 0 0 0 0.908525
42 77
17 1 46 68 0.281487 1.79414 0.28774 2.42256 2.69407
42 1 51 23 0.255284 1.8873 0.240817 0.377984 1.76609
21 1 52 24 0.278261 1.77005 0.249661 0.339181 1.66316
41 1 51 22 0.257558 1.88825 0.235383 0.372562 1.43651
17 1 46 69 0.281487 1.79414 0.282917 1.98474 4.4721
42 1 51 48 0.255284 1.8873 0.224694 0.912762 3.62932
43 66
10 1 51 61 0.247071 1.86852 0.253439 1.22995 5.34185
0 0 0 0 0 0 0 0 1.26199
10 1 41 31 0.225431 1.74759 0.267054 0.56829 1.88079
0 0 0 0 0 0 0 0 0.894688
10 1 50 47 0.198175 1.62419 0.241684 1.02073 2.81485
0 0 0 0 0 0 0 0 5.46201
44 6
5 1 53 72 0.26867 1.64672 0.22683 2.81718 4.46253
2 1 48 28 0.247119 1.51924 0.246232 0.381718 2.36442
2 1 47 75 0.253151 1.51922 0.222592 2.68547 5.11082
1 1 56 74 0.247508 3.22782 0.277493 4.83769 5.93505
5 1 53 27 0.255598 1.6447 0.235666 0.394451 1.37061
1 1 56 74 0.247508 3.22782 0.247362 1.63694 4.54305
45 11
9 1 51 26 0.273813 1.53865 0.24531 0.494942 0.843011
3 1 54 64 0.254747 1.50969 0.322533 1.63469 3.07393
9 1 50 26 0.281743 1.53658 0.245659 0.495021 0.854756
7 1 58 36 0.271065 1.51275 0.27275 0.541859 3.55802
9 1 50 26 0.278718 1.54147 0.245305 0.494942 0.89681
7 1 60 42 0.233994 2.05556 0.261048 0.637827 2.52498
46 53
49 1 44 59 0.23765 1.83041 0.216228 2.70812 3.67395
23 1 50 15 0.249912 1.89497 0.218757 0.493208 1.34853
4 1 49 20 0.275123 1.88668 0.224949 0.459973 1.87464
24 1 51 57 0.246659 1.89679 0.230045 1.19338 7.052
49 1 44 55 0.23765 1.83041 0.224213 0.71379 2.58613
23 1 50 15 0.249912 1.89497 0.218805 0.493207 2.10458
47 42
6 1 52 65 0.25109 1.91091 0.245985 1.57392 4.53737
18 1 46 23 0.246773 1.79003 0.204142 0.484781 1.43902
41 1 45 46 0.25176 1.71828 0.255836 0.924638 2.10252
5 1 48 52 0.242657 1.80493 0.232458 0.577154 1.96213
20 1 52 32 0.252617 1.88356 0.269224 0.637104 1.6779
18 1 46 48 0.246773 1.79003 0.220679 0.774353 3.57754
48 47
6 1 44 71 0.254786 1.57465 0.258838 0.896482 1.28539
0 0 0 0 0 0 0 0 1.78693
6 1 48 30 0.259454 1.96968 0.24122 0.447932 1.45256
8 1 48 54 0.25521 1.76773 0.23428 0.871933 3.83914
6 0 0 0 0 0 0 0 0.779109
0 1 59 30 0.38717 1.84422 0.271882 0.446367 3.65427
49 57
56 1 36 59 0.249302 1.15467 0.220244 2.68668 2.00173
11 1 45 32 0.260082 1.37361 0.226407 0.502832 1.385
36 1 39 37 0.250477 1.23341 0.242414 0.650756 1.60675
24 1 37 31 0.252592 1.24784 0.242629 0.44777 1.64781
56 1 36 28 0.249302 1.15467 0.2598 0.480791 1.12485
24 1 37 35 0.252585 1.24784 0.233688 0.475736 1.92588
50 18
9 1 50 20 0.272732 1.80511 0.221368 0.442221 1.52255
0 0 0 0 0 0 0 0 0.52536
9 1 56 27 0.262664 1.98688 0.257156 0.438142 1.23656
0 0 0 0 0 0 0 0 1.26113
9 1 49 65 0.27074 1.74825 0.292933 2.73224 5.25758
0 0 0 0 0 0 0 0 0.717015
51 59
0 0 0 0 0 0 0 0 0.953986
2 1 55 51 0.258852 1.80792 0.245767 1.54236 2.83823
55 1 46 26 0.258719 1.63414 0.25341 0.495925 1.71284
1 1 56 64 0.26164 3.36659 0.328034 4.19603 5.50023
0 0 0 0 0 0 0 0 0.948288
2 1 55 76 0.258852 1.80791 0.275096 4.14372 3.93089
52 44
43 1 39 24 0.243701 1.44386 0.263597 0.463666 0.939172
3 0 0 0 0 0 0 0 17.4452
27 1 49 32 0.255544 1.64228 0.23875 0.459155 1.26601
3 0 0 0 0 0 0 0 43.9457
27 1 49 32 0.254216 1.62953 0.23875 0.459155 1.37576
3 0 0 0 0 0 0 0 60.4322
53 50
49 1 38 22 0.245628 1.40962 0.231788 0.386348 0.838234
26 1 42 66 0.240845 1.60178 0.302867 4.17761 3.6684
24 1 49 50 0.308466 1.63777 0.247563 0.406259 3.16557
0 0 0 0 0 0 0 0 0.689244
24 1 50 20 0.32867 1.61553 0.267059 0.377729 0.954952
26 1 42 65 0.240845 1.60178 0.278804 4.00677 6.0302
54 61
0 1 54 32 0.334768 1.68539 0.254057 0.385677 1.14899
2 1 53 76 0.256408 1.78078 0.300939 4.42773 4.71496
0 1 57 36 0.238364 2.0804 0.250459 0.526389 2.25855
2 1 53 84 0.256408 1.78078 0.281432 4.27658 3.95728
0 0 0 0 0 0 0 0 1.01008
2 1 53 86 0.256408 1.78078 0.30055 4.29407 5.46525
55 35
0 1 76 59 0.41084 2.13351 0.24268 0.74435 3.92567
26 1 54 57 0.247708 1.51576 0.229253 1.97831 5.02739
14 1 45 32 0.246563 1.50033 0.253794 0.349817 1.45741
16 0 0 0 0 0 0 0 0.818404
1 0 0 0 0 0 0 0 0.837803
16 0 0 0 0 0 0 0 0.808024
56 36
6 1 57 35 0.191446 2.01853 0.214852 0.563911 2.13484
22 1 55 73 0.281957 2.00118 0.251227 2.52653 4.39174
13 1 53 39 0.241766 1.79408 0.201035 0.452481 3.71977
22 1 55 41 0.216476 1.99672 0.252875 0.862172 3.31311
21 1 55 66 0.245288 1.81006 0.243718 1.92956 2.83599
22 1 55 73 0.204546 1.9967 0.251127 2.52006 5.83329
58 8
0 1 52 41 0.246108 1.84765 0.233606 0.374543 3.11688
7 1 43 39 0.268696 1.67186 0.242 0.501793 1.39595
7 1 43 36 0.268696 1.67186 0.241556 0.437874 1.30794
0 1 51 35 0.250007 1.86429 0.246227 0.551666 1.38304
7 1 43 40 0.268696 1.67186 0.229273 0.661279 2.53087
0 1 52 47 0.241215 1.96921 0.209229 1.00446 2.31592
59 25
24 1 63 40 0.381568 1.42673 0.279286 0.803377 2.9716
0 1 50 42 0.228733 2.01032 0.239637 1.0515 3.3707
24 1 58 31 0.229587 2.42078 0.264124 0.546012 2.55642
4 1 56 54 0.266476 2.32675 0.233223 0.936819 4.96788
24 1 52 40 0.226354 2.16502 0.254477 0.550564 2.5501
0 1 59 75 0.26564 1.40969 0.342269 2.44242 10.9979
60 25
13 1 48 24 0.257862 1.49567 0.242522 0.446542 1.88661
0 1 66 42 0.304657 1.76794 0.249525 1.02157 3.64297
14 1 52 31 0.246071 1.55089 0.267894 0.496278 1.98
0 0 0 0 0 0 0 0 3.95534
14 1 48 38 0.36012 1.74805 0.276388 0.48248 1.5365
0 0 0 0 0 0 0 0 12.1996
62 34
24 1 57 25 0.266498 1.86816 0.252814 0.353561 2.0023
3 0 0 0 0 0 0 0 1.74097
25 1 51 77 0.267199 1.70936 0.373911 4.1861 4.51203
1 1 50 20 0.33859 1.85303 0.22411 0.340837 2.95351
25 1 48 17 0.270262 1.70113 0.25161 0.328988 0.858003
1 0 0 0 0 0 0 0 3.66918
63 51
3 1 56 43 0.242661 1.89142 0.233642 0.863856 3.95304
0 1 56 81 0.241276 1.97463 0.278586 4.78605 5.08431
36 1 55 65 0.236942 1.82013 0.237962 2.60919 4.85373
0 1 56 72 0.241277 1.97463 0.275502 4.18174 3.09496
36 1 55 40 0.286308 1.82296 0.226546 0.628412 2.07547
0 1 56 82 0.241276 1.97463 0.279813 5.13504 4.88185
64 37
9 1 68 29 0.340417 1.64217 0.235734 0.426294 1.24117
1 0 0 0 0 0 0 0 1.53036
17 1 37 28 0.237808 1.30915 0.26212 0.440932 1.68686
2 0 0 0 0 0 0 0 1.6286
9 1 59 32 0.214793 1.45293 0.256065 0.450561 1.80256
12 1 40 61 0.239825 1.30128 0.242148 3.68983 3.85009
65 44
13 1 56 29 0.217342 1.93936 0.210766 0.510694 1.68168
36 1 48 35 0.2412 1.71895 0.250825 0.516657 2.97919
28 1 54 77 0.247313 2.2888 0.233028 2.82047 3.88482
19 1 54 82 0.242512 1.94052 0.264118 5.17126 5.0906
15 1 51 29 0.242236 1.92358 0.210507 0.415202 1.67704
17 1 53 29 0.225427 1.93629 0.2149 0.445113 2.10618
66 56
23 0 0 0 0 0 0 0 1.06041
0 1 62 57 0.268137 2.09436 0.240019 0.663535 5.51805
54 1 45 28 0.255417 1.64411 0.238619 0.429664 0.948662
15 0 0 0 0 0 0 0 0.961731
52 1 46 26 0.252937 1.68438 0.230129 0.477509 1.20806
19 1 47 27 0.250059 1.7539 0.261991 0.517549 2.14498
67 26
6 1 55 36 0.251856 1.61674 0.255757 0.570148 1.43743
18 1 45 65 0.258402 1.44854 0.218458 2.39092 2.52677
25 1 44 64 0.262517 1.34901 0.224825 2.67423 2.13765
0 0 0 0 0 0 0 0 58.9058
6 1 59 32 0.241507 1.57121 0.263659 0.410423 2.02114
0 0 0 0 0 0 0 0 72.475
68 53
27 1 54 52 0.281054 1.58997 0.242797 0.742709 2.37821
0 1 66 107 0.280669 2.02712 0.352435 3.87911 18.6683
27 1 53 18 0.240603 1.68805 0.251529 0.434434 1.31716
12 0 0 0 0 0 0 0 1.00776
27 1 46 18 0.23898 1.87943 0.239966 0.432651 1.13896
0 0 0 0 0 0 0 0 1.5357
69 23
1 1 50 39 0.248394 1.76573 0.255024 0.841061 1.53436
22 1 42 52 0.265709 1.58785 0.255321 1.64822 1.86437
6 1 46 31 0.241682 1.70601 0.243671 0.561865 1.35387
4 1 47 31 0.239947 1.72788 0.263084 0.60825 1.77641
6 1 46 59 0.241682 1.70601 0.235542 2.53434 4.25467
4 1 47 31 0.239947 1.72788 0.263964 0.608254 1.48655
70 22
21 1 41 46 0.236403 1.41873 0.226471 0.724715 1.54305
0 0 0 0 0 0 0 0 2.41494
6 1 52 30 0.335094 1.58249 0.238247 0.365793 1.14285
17 1 43 43 0.246866 1.49812 0.262521 0.885617 1.77779
21 1 41 49 0.236403 1.41873 0.219675 0.665024 2.15186
0 1 59 75 0.235326 1.7142 0.304234 2.8809 4.61948
71 80
29 1 56 42 0.252587 1.83022 0.257176 0.754801 3.0527
4 0 0 0 0 0 0 0 2.85115
29 1 50 19 0.267743 1.44079 0.19876 0.460274 0.888348
0 0 0 0 0 0 0 0 0.950984
29 1 55 17 0.249012 1.47567 0.225208 0.459921 1.20702
0 0 0 0 0 0 0 0 1.49904
72 38
37 1 35 41 0.244828 1.17644 0.254131 0.456268 1.5354
2 1 51 38 0.243608 1.44081 0.262335 0.573179 1.41175
3 1 47 34 0.207718 1.26797 0.227283 0.495063 1.64363
21 1 36 57 0.235215 1.27813 0.208861 1.70788 4.10484
3 1 50 71 0.248421 1.58049 0.275148 2.61363 4.35716
21 1 36 60 0.235215 1.27813 0.211384 2.0621 8.32597
73 18
1 1 54 55 0.238496 1.91216 0.20096 1.03862 4.52746
14 1 54 40 0.221933 1.96883 0.22011 0.776316 1.82737
2 1 55 35 0.239289 1.8145 0.224634 0.319411 2.68237
5 1 54 77 0.244613 1.96663 0.210037 2.85464 4.38086
2 1 55 32 0.239289 1.8145 0.201092 0.321559 3.14396
14 1 54 34 0.225693 2.04703 0.198653 0.420481 3.21987
74 21
4 1 51 28 0.233134 1.68764 0.189151 0.311956 1.41101
0 1 53 83 0.240963 1.75153 0.228953 2.94134 5.69606
6 1 54 71 0.242173 1.75184 0.257764 4.09593 2.83537
12 1 54 36 0.295132 1.80934 0.217532 0.614236 2.06041
4 1 50 62 0.238562 1.68763 0.225152 2.63537 4.35603
0 1 53 85 0.240963 1.75153 0.363966 3.03538 6.97015
75 31
30 1 38 25 0.237447 1.12777 0.239408 0.553704 0.89299
0 0 0 0 0 0 0 0 5.18482
14 1 46 72 0.277604 1.33086 0.328151 3.24729 5.05284
6 1 54 82 0.344684 1.51537 0.405147 2.36157 4.60435
14 1 49 30 0.306621 1.25053 0.2494 0.540719 1.84297
2 0 0 0 0 0 0 0 3.58844
76 11
10 0 0 0 0 0 0 0 0.825571
1 1 71 51 0.258265 1.89339 0.264692 0.974027 3.25995
4 1 56 23 0.260133 1.97623 0.234819 0.449299 1.65755
5 1 57 23 0.257735 1.9916 0.251351 0.440502 1.4745
4 1 64 29 0.322363 2.01502 0.266037 0.488269 1.33894
5 1 57 61 0.252907 2.01615 0.216542 2.0129 3.709
77 53
31 1 56 35 0.234504 1.90349 0.233203 0.701719 1.87505
0 1 55 53 0.242473 1.89449 0.256851 1.62902 4.12813
14 1 52 60 0.251686 1.71441 0.245347 3.01809 4.36083
26 1 55 37 0.225997 1.81736 0.216919 0.714002 2.92762
31 1 56 56 0.202371 1.89996 0.247499 1.59022 3.04545
0 1 55 69 0.242473 1.89449 0.278778 4.09182 3.09678
78 23
21 1 63 61 0.284631 1.76371 0.210821 0.718653 3.86769
0 0 0 0 0 0 0 0 5.75162
21 1 54 36 0.254364 1.65601 0.255867 0.463885 1.8405
4 0 0 0 0 0 0 0 142.616
21 1 61 53 0.242646 1.47381 0.251447 0.557821 4.34569
0 0 0 0 0 0 0 0 2.0563
79 60
26 1 51 39 0.256809 1.80137 0.270864 0.70016 1.93664
22 1 44 30 0.243765 1.69867 0.259515 0.458605 1.65814
59 1 40 66 0.245097 1.55681 0.247683 3.71124 2.72813
39 1 44 58 0.246761 1.67369 0.243307 2.58086 2.82487
52 1 46 35 0.27419 1.62316 0.268676 0.474504 1.57235
22 1 44 32 0.243765 1.69867 0.263091 0.429158 4.3757
80 34
25 1 41 60 0.236403 1.60246 0.199811 2.34002 3.86916
6 1 41 43 0.241026 1.52047 0.223328 0.446483 3.61587
27 1 41 43 0.23975 1.48897 0.217637 0.424295 2.5042
9 1 41 41 0.23853 1.57931 0.217459 0.402412 4.93037
27 1 41 43 0.23975 1.48897 0.217637 0.424295 1.65132
9 1 41 39 0.23853 1.57931 0.220794 0.670328 2.00968
81 32
28 1 44 29 0.235507 1.77628 0.252386 0.535843 1.14012
1 1 45 30 0.21754 1.8916 0.23592 0.484421 1.88636
21 1 55 59 0.264818 1.89149 0.234873 0.872397 7.11542
0 0 0 0 0 0 0 0 32.4759
21 1 56 61 0.233742 1.6628 0.267434 2.47623 4.92955
1 1 62 31 0.275063 1.71255 0.240805 0.483234 2.69462
82 15
12 1 52 41 0.240158 1.45152 0.248232 0.570625 3.31472
1 1 41 42 0.258033 1.24312 0.198059 0.417081 3.45426
0 1 41 42 0.26381 1.27662 0.238375 0.716035 1.83747
10 1 50 47 0.238347 1.57129 0.212409 1.0588 5.85742
13 1 51 59 0.234654 1.45751 0.254939 2.02257 3.07388
10 1 50 58 0.238347 1.57129 0.221689 2.20827 4.1311
83 6
0 1 49 54 0.242203 1.9284 0.197671 2.21728 2.77005
5 1 49 34 0.250386 1.80901 0.176019 0.277003 1.33889
5 1 49 34 0.250386 1.80901 0.17727 0.277003 2.15279
0 1 53 36 0.255113 1.941 0.219205 0.586031 1.67438
5 1 49 58 0.250386 1.80901 0.26718 2.13782 2.26425
2 1 52 64 0.25903 1.84246 0.218676 2.53134 3.64384
84 11
5 0 0 0 0 0 0 0 0.634353
4 1 39 31 0.204675 1.34291 0.241911 0.520888 1.19897
8 0 0 0 0 0 0 0 0.61405
4 1 38 31 0.241397 1.34497 0.241911 0.520888 2.74632
8 0 0 0 0 0 0 0 0.570791
4 1 39 34 0.200063 1.34129 0.241677 0.539724 2.50046
85 57
40 1 55 68 0.253433 1.85558 0.261049 1.79579 4.15093
0 1 48 67 0.244223 1.56593 0.306288 1.71744 3.87896
21 1 47 76 0.261883 1.43671 0.258582 1.87762 2.293
26 1 49 30 0.257293 1.52541 0.234943 0.402856 1.95023
40 1 54 69 0.299122 1.81015 0.284515 3.97889 6.48987
26 1 49 30 0.257293 1.52541 0.234943 0.402856 4.00322
86 27
26 1 51 18 0.275992 1.69677 0.260426 0.402613 0.892022
16 1 49 66 0.290876 1.68695 0.315998 1.57891 2.79851
26 1 52 23 0.256996 1.69884 0.255378 0.394776 0.970155
0 1 46 35 0.284121 1.75432 0.285572 0.539719 3.30881
26 1 52 18 0.280495 1.68775 0.262198 0.402188 0.806364
8 1 58 24 0.39499 1.66888 0.255648 0.421689 2.22941
87 63
8 1 60 63 0.26611 2.06056 0.326409 3.06479 4.43829
4 0 0 0 0 0 0 0 0.794453
8 1 58 32 0.234688 1.48282 0.249739 0.571409 1.59454
30 1 41 58 0.260124 1.13181 0.212206 2.6445 7.54153
8 1 49 29 0.265395 1.1966 0.227668 0.619213 1.66137
4 0 0 0 0 0 0 0 0.800518
88 30
8 1 50 18 0.233618 1.63762 0.213633 0.358783 1.47148
0 1 57 15 0.250533 1.87495 0.253968 0.349145 2.11532
7 1 49 16 0.238748 2.03893 0.242146 0.353118 1.31885
0 0 0 0 0 0 0 0 2.36135
7 1 55 94 0.250548 1.59287 0.255745 3.33763 6.24639
0 1 63 85 0.276855 1.63844 0.3076 2.17701 7.35869
89 49
6 1 64 46 0.239706 1.86853 0.218207 0.620899 3.23506
1 1 52 58 0.256203 1.79683 0.217536 2.63041 4.16372
22 1 45 27 0.234206 1.76584 0.256402 0.440478 1.52094
1 1 52 26 0.256203 1.79683 0.225407 0.501486 1.52137
46 1 45 46 0.243498 1.71185 0.24799 0.862791 2.14136
1 1 52 81 0.256203 1.79683 0.265606 3.9379 5.8595
90 42
32 1 55 18 0.257878 1.89614 0.227095 0.380632 2.53219
2 1 51 27 0.329424 1.53022 0.255262 0.416469 6.53364
32 1 59 18 0.27224 1.58972 0.209232 0.380172 1.24268
10 1 51 29 0.246781 1.53556 0.260262 0.45188 2.83214
32 1 54 36 0.348064 1.6211 0.244314 0.404248 2.56311
2 0 0 0 0 0 0 0 6.38131
91 17
10 1 48 22 0.275158 1.73679 0.254407 0.434211 2.17807
0 1 47 22 0.247717 1.49437 0.238286 0.428495 1.43839
10 1 60 21 0.274234 1.614 0.218776 0.428271 1.42464
4 0 0 0 0 0 0 0 2.90168
10 1 49 34 0.261473 1.81592 0.236487 0.571589 2.3647
0 1 58 22 0.275534 1.44235 0.229239 0.42511 1.7294
93 8
0 1 53 58 0.245063 1.95916 0.230248 1.21096 2.85693
7 1 45 30 0.264286 1.7667 0.19144 0.392526 1.2238
7 1 45 30 0.264286 1.7667 0.209748 0.391137 1.16612
0 1 52 67 0.234664 1.99074 0.21673 2.66645 5.16463
6 1 50 33 0.247152 1.81453 0.210472 0.407735 1.41492
0 1 52 47 0.234664 1.99074 0.216998 1.02733 2.33371
94 74
71 1 46 23 0.256494 1.6302 0.256459 0.430031 1.59962
1 0 0 0 0 0 0 0 1.68763
27 1 50 26 0.266249 1.58958 0.253168 0.379536 1.32968
2 0 0 0 0 0 0 0 7.27403
27 1 43 27 0.253357 1.56242 0.233452 0.372099 1.68322
1 1 44 28 0.262215 1.6719 0.260079 0.386987 2.70585
95 19
17 0 0 0 0 0 0 0 1.3651
0 0 0 0 0 0 0 0 11.5248
17 0 0 0 0 0 0 0 1.30736
2 0 0 0 0 0 0 0 2.57108
17 0 0 0 0 0 0 0 0.870213
2 0 0 0 0 0 0 0 1.68564
96 31
25 1 44 23 0.244758 1.79881 0.268336 0.570499 0.970029
5 1 48 71 0.266233 1.87176 0.320731 3.03811 4.69392
4 0 0 0 0 0 0 0 1.21892
12 1 50 57 0.246854 1.88723 0.251593 0.944996 5.7884
4 1 49 26 0.260895 2.09871 0.271849 0.510666 1.48403
14 0 0 0 0 0 0 0 0.982764
97 3
0 0 0 0 0 0 0 0 1.725
1 1 52 51 0.271266 1.65729 0.215575 1.15868 4.69544
2 1 50 54 0.264868 1.64581 0.242733 0.787235 4.48913
1 1 52 69 0.271266 1.65729 0.251367 3.53849 3.53193
0 0 0 0 0 0 0 0 3.516
1 1 52 71 0.271266 1.65729 0.244181 3.89047 5.50174
98 10
9 1 52 64 0.260197 1.81496 0.239553 2.69387 8.44183
1 1 56 98 0.263103 1.8063 0.305675 4.80818 3.87945
9 1 52 64 0.260197 1.81496 0.238468 2.8949 5.53976
1 1 56 77 0.263103 1.8063 0.265542 3.98868 4.1958
9 1 52 32 0.260197 1.81496 0.240628 0.535121 2.99973
1 1 56 79 0.263103 1.8063 0.255849 3.95343 5.42318
99 9
7 1 52 24 0.272057 1.515 0.257597 0.538604 0.931948
0 1 56 71 0.266427 1.32264 0.270114 1.8067 3.07972
5 1 53 48 0.292857 1.51677 0.271529 1.46341 1.97736
4 1 57 56 0.260107 1.45729 0.236607 0.520717 6.70279
7 1 51 52 0.307763 1.51338 0.266178 0.628964 2.0506
0 1 80 69 0.458926 1.77656 0.31201 2.14138 5.96165
