0 103
102 1 47 48 0.255851 1.71341 0.229894 0.692493 2.16141
0 0 0 0 0 0 0 0 9.17694
13 1 63 20 0.290117 2.18253 0.23668 0.382197 1.27763
34 0 0 0 0 0 0 0 0.968656
29 1 55 19 0.2721 1.74882 0.24792 0.388632 1.47474
0 0 0 0 0 0 0 0 2.89913
1 90
4 1 49 24 0.262244 1.65034 0.233504 0.462043 1.22536
48 1 49 66 0.241957 1.82161 0.229624 3.55932 4.31498
31 1 50 23 0.267913 1.70481 0.243052 0.481329 0.688813
79 1 51 67 0.242856 1.8076 0.206975 0.820677 10.2014
25 1 52 23 0.261903 1.69741 0.256904 0.476109 0.664741
79 1 51 55 0.242856 1.8076 0.256822 2.08705 5.197
2 34
9 1 50 25 0.294153 1.60176 0.248303 0.279278 1.66345
16 1 41 50 0.239985 1.50903 0.232395 0.734758 4.94179
26 1 40 52 0.236724 1.51171 0.239036 0.798389 4.11156
33 1 40 28 0.236119 1.52754 0.233811 0.391724 3.52761
26 1 40 25 0.236724 1.51171 0.247029 0.352833 1.4935
16 1 41 24 0.239985 1.50903 0.233178 0.306592 1.09541
3 71
16 1 60 53 0.298646 1.77641 0.269177 1.19934 2.82138
38 1 61 74 0.276402 1.57634 0.259 0.769619 3.3957
70 1 51 22 0.322985 1.64522 0.246601 0.411173 0.834913
38 1 59 112 0.251902 1.90829 0.369715 4.07257 10.8626
16 1 61 24 0.253441 1.47305 0.249251 0.397179 1.26669
38 1 58 91 0.25392 1.54933 0.337135 3.68189 9.46549
4 52
51 1 49 53 0.235055 1.16926 0.252662 1.42914 2.08051
40 1 45 49 0.231412 1.38804 0.254976 2.81243 6.28098
51 1 49 43 0.235055 1.16926 0.228353 0.982979 1.61719
8 1 54 29 0.244031 2.20349 0.314689 0.50786 5.96757
51 1 49 63 0.235054 1.16926 0.251085 1.07145 5.18321
8 1 50 26 0.257204 2.07638 0.21439 0.495926 1.82903
5 20
19 1 47 21 0.256967 1.30712 0.23797 0.350916 1.01624
5 1 53 55 0.308853 1.55002 0.277982 1.4568 2.50821
15 1 48 54 0.304251 1.59001 0.262181 1.06065 3.7238
14 1 49 42 0.2737 1.41656 0.241431 0.64689 3.09809
17 1 49 46 0.283281 1.6026 0.256076 1.2561 2.96093
5 1 53 55 0.332465 1.55102 0.295706 1.51834 4.62744
6 51
3 1 50 27 0.249074 1.5126 0.255307 0.28117 1.85725
33 1 42 59 0.187315 1.61778 0.211806 1.70041 3.4364
50 1 41 27 0.242526 1.49575 0.240523 0.336952 0.917035
38 1 51 62 0.214221 1.50595 0.265319 3.70772 4.49836
3 1 53 28 0.264076 1.47137 0.263398 0.289949 1.2716
38 1 51 77 0.222592 1.50626 0.25599 4.18964 5.57671
7 78
75 1 57 36 0.268367 1.84668 0.236574 0.805222 1.79534
60 1 57 50 0.256679 1.91195 0.241662 1.16983 3.62422
77 1 53 75 0.325613 1.83513 0.257418 1.70093 3.66087
19 1 56 24 0.251741 3.21099 0.220238 0.665279 1.57422
6 1 59 87 0.263095 2.11015 0.284338 3.51802 6.51295
20 1 58 78 0.25101 1.92396 0.35403 2.08514 4.56009
8 44
41 1 44 29 0.235565 1.76046 0.255629 0.499924 2.31075
0 0 0 0 0 0 0 0 0.794769
11 1 43 58 0.251831 1.81804 0.246866 2.20726 2.49304
3 0 0 0 0 0 0 0 0.636864
11 1 43 69 0.256166 1.8125 0.298609 2.35588 1.84311
3 0 0 0 0 0 0 0 1.13264
9 77
25 1 64 30 0.286322 1.63146 0.265452 0.320694 2.32949
40 1 54 51 0.254265 1.51153 0.234812 0.751489 5.0167
76 1 50 33 0.281654 1.52512 0.257566 0.387618 1.93772
41 1 56 69 0.204962 1.49658 0.249789 2.02093 7.67462
5 1 58 57 0.391209 1.69199 0.269906 0.848902 1.94074
41 1 55 68 0.217687 1.49778 0.248967 2.01249 8.03465
10 21
12 0 0 0 0 0 0 0 0.630886
4 0 0 0 0 0 0 0 0.52128
0 1 49 86 0.281976 1.4169 0.392359 3.45783 5.8925
19 0 0 0 0 0 0 0 0.630887
20 0 0 0 0 0 0 0 0.688799
19 0 0 0 0 0 0 0 0.621259
11 64
15 0 0 0 0 0 0 0 0.530536
32 1 41 45 0.245123 1.45034 0.233776 0.787586 1.97421
2 1 52 53 0.310091 1.51268 0.278698 0.865906 1.26015
53 1 40 61 0.240899 1.44735 0.256055 3.84648 10.1641
2 1 53 88 0.255375 1.49843 0.405916 4.21505 3.43111
32 1 41 58 0.245123 1.45034 0.210114 2.36203 5.17832
12 118
31 1 49 21 0.272301 1.33653 0.275207 0.460326 1.20581
1 0 0 0 0 0 0 0 1.66717
116 1 45 39 0.259233 1.40733 0.215804 0.781428 1.17689
1 0 0 0 0 0 0 0 0.913403
31 1 50 22 0.313784 1.36375 0.269 0.459649 0.918323
1 0 0 0 0 0 0 0 1.69524
13 37
34 1 41 55 0.26425 1.04578 0.196816 2.84594 3.20675
32 1 45 43 0.247383 1.16717 0.258222 1.0135 1.1849
35 1 41 39 0.263718 1.05611 0.225458 0.736949 2.11144
24 1 43 49 0.266084 1.09135 0.211715 0.498442 4.65524
35 1 41 56 0.263718 1.05611 0.193222 2.9263 4.54623
24 1 43 39 0.266084 1.09135 0.235414 0.757609 3.62778
14 21
11 1 54 67 0.198516 1.81532 0.22534 1.52278 6.38411
8 1 45 63 0.2218 1.80814 0.256604 2.19818 4.27882
19 1 54 31 0.267248 3.02626 0.256431 0.609806 1.70488
8 1 44 58 0.227403 1.80811 0.252014 1.82102 4.05139
17 1 43 33 0.237691 1.63082 0.254879 0.611911 1.12609
8 1 44 64 0.227403 1.80811 0.268585 2.46306 5.18382
15 18
17 1 54 51 0.226832 1.91408 0.248924 1.04937 3.96645
11 0 0 0 0 0 0 0 0.620802
12 0 0 0 0 0 0 0 1.25704
17 1 54 49 0.232976 1.91141 0.250189 0.717044 4.6664
1 0 0 0 0 0 0 0 0.905889
14 1 56 29 0.259276 2.01565 0.221408 0.526681 1.66834
16 24
18 1 59 44 0.273689 1.62824 0.206509 0.670389 2.97543
23 0 0 0 0 0 0 0 1.20942
15 1 58 42 0.209611 1.65677 0.209303 0.728385 2.4373
2 1 56 61 0.213384 1.85273 0.245233 2.97009 4.18878
16 1 59 47 0.224573 1.64159 0.209976 0.432317 2.66537
23 0 0 0 0 0 0 0 1.31817
17 65
62 1 41 31 0.249586 1.35663 0.249479 0.42345 1.28337
0 1 48 41 0.252309 1.52691 0.226609 0.66082 2.52568
48 0 0 0 0 0 0 0 0.57358
16 1 45 52 0.252763 1.4828 0.202141 0.417229 5.26381
61 1 41 31 0.251323 1.3418 0.256834 0.427952 1.21959
16 1 45 52 0.252763 1.4828 0.202141 0.417229 3.49876
18 171
160 1 48 17 0.272416 1.74227 0.224043 0.472205 1.04764
118 1 55 61 0.245318 1.89457 0.188365 2.65856 4.86797
100 1 52 20 0.310623 1.76868 0.257181 0.444605 0.74753
153 1 51 23 0.245901 1.82393 0.222533 0.464521 1.34358
100 1 52 20 0.352908 1.7861 0.254499 0.44467 0.732996
118 1 54 62 0.2505 1.89456 0.185551 2.65861 4.28781
19 50
47 1 55 43 0.263075 1.86758 0.22675 1.0095 4.43667
43 1 55 78 0.261447 1.87466 0.265385 3.72429 4.34816
47 1 55 50 0.263075 1.86758 0.206573 1.06091 3.0779
6 1 55 39 0.253613 1.92734 0.203691 0.822088 2.42972
47 1 55 45 0.263075 1.86758 0.204253 0.676944 3.40278
11 1 55 45 0.253035 1.90987 0.213656 1.25858 2.74203
20 64
13 1 55 34 0.362632 1.92286 0.262678 0.384066 1.89472
37 1 53 48 0.263214 1.51798 0.232761 0.602924 2.65372
62 1 52 32 0.278791 1.50736 0.25251 0.460032 1.15102
1 0 0 0 0 0 0 0 3.39448
10 1 51 73 0.239314 1.32918 0.319323 1.93741 3.96851
37 1 54 48 0.2579 1.51799 0.232761 0.602924 5.5422
21 88
2 1 57 98 0.211067 1.76528 0.28246 2.35099 5.1065
31 1 52 65 0.262568 1.66227 0.288214 1.13505 2.47065
86 1 46 25 0.263411 1.6327 0.238693 0.540098 1.87749
15 1 55 76 0.243016 1.70433 0.327116 1.11747 4.33882
86 1 46 65 0.263425 1.6327 0.227092 0.754282 3.87153
31 1 57 67 0.27184 1.84097 0.279212 1.37857 2.47385
22 55
1 0 0 0 0 0 0 0 2.82329
47 1 52 43 0.237966 1.7588 0.256471 0.742203 2.30086
39 1 51 60 0.333343 1.77328 0.29297 1.42358 1.8309
0 0 0 0 0 0 0 0 159.155
54 1 44 36 0.258629 1.65744 0.257902 0.626172 1.22758
40 1 54 48 0.246705 1.76028 0.256902 0.843277 5.41443
23 104
26 1 51 28 0.280545 1.59824 0.229175 0.482148 1.18578
13 0 0 0 0 0 0 0 1.14161
101 1 47 30 0.264326 1.58262 0.232983 0.500912 0.956787
45 1 55 39 0.261263 1.53496 0.299505 0.789443 2.25935
37 1 50 28 0.265283 1.59291 0.232312 0.484319 0.950072
45 1 52 57 0.251919 1.58069 0.248752 0.733163 3.1461
24 14
12 1 48 46 0.292813 1.56593 0.236448 0.896505 1.84209
1 1 71 91 0.268814 1.53813 0.311013 2.64718 3.07354
10 1 47 40 0.281781 1.55047 0.231993 0.675839 1.60822
9 1 47 53 0.262364 1.29645 0.194378 0.378253 2.44087
10 1 48 53 0.230929 1.55288 0.247034 1.27132 2.38683
3 1 49 70 0.292992 1.51287 0.247138 1.13977 5.76244
25 59
57 1 46 13 0.27515 1.49902 0.236547 0.350934 0.681325
22 1 60 19 0.238427 1.39817 0.264865 0.336303 2.06517
2 1 58 15 0.263976 1.55969 0.232853 0.317647 0.898782
26 1 59 85 0.393927 1.49297 0.360391 3.79182 8.33016
57 1 46 13 0.268595 1.49767 0.236547 0.350934 0.66667
22 1 59 61 0.280933 1.542 0.262219 0.735872 4.51295
26 41
16 1 51 35 0.253479 1.48777 0.261571 0.40904 1.50916
28 1 53 64 0.240113 1.2742 0.223656 3.33155 6.08779
10 1 54 34 0.315778 1.45135 0.251617 0.544091 1.39584
17 1 56 15 0.256074 1.54898 0.262572 0.327309 1.43303
16 1 51 46 0.253479 1.48777 0.253202 0.640926 1.94279
28 1 54 74 0.222374 1.27467 0.287193 4.04351 8.5514
27 49
24 1 40 71 0.247804 1.38087 0.297951 3.57811 4.22284
44 1 39 35 0.239696 1.39582 0.253281 0.45583 1.65929
40 1 39 43 0.243729 1.37751 0.259772 0.763319 1.7304
48 1 39 62 0.23859 1.40823 0.263562 3.88297 5.58996
40 1 39 43 0.243729 1.37751 0.229842 0.659112 2.60469
48 1 39 44 0.23859 1.40823 0.262473 0.75906 2.13062
28 49
48 1 39 23 0.247307 1.49663 0.257378 0.424302 1.00259
46 1 56 74 0.334068 1.59183 0.324435 1.62514 1.94262
48 1 39 23 0.247307 1.49663 0.250702 0.41376 0.999448
1 0 0 0 0 0 0 0 55.0534
48 1 39 65 0.247307 1.49663 0.27298 3.00775 3.92746
5 0 0 0 0 0 0 0 241.873
29 28
9 1 55 28 0.297092 1.76408 0.234806 0.421568 1.06808
3 0 0 0 0 0 0 0 1.0485
24 1 50 29 0.27296 1.7559 0.238337 0.424881 0.925633
1 1 43 67 0.244552 1.62433 0.330956 2.04637 2.63185
6 1 52 28 0.270678 1.80818 0.232798 0.420132 1.77105
1 1 54 20 0.251202 1.6762 0.261253 0.36198 1.13444
30 76
64 1 55 42 0.24978 1.71455 0.236333 0.61578 2.82064
66 1 51 88 0.254587 1.60612 0.267916 2.95005 4.78949
20 1 54 74 0.257698 1.49109 0.281573 3.24507 4.77027
0 1 56 69 0.249386 1.41654 0.429722 2.35384 3.20663
20 1 44 74 0.2503 1.23735 0.269699 2.09065 3.02877
0 1 55 71 0.250901 1.4299 0.316752 1.96274 3.21482
31 45
35 1 54 61 0.260651 1.7513 0.22041 0.598309 6.17109
10 1 54 58 0.251846 1.77931 0.200274 0.575979 5.11081
44 1 54 44 0.264122 1.74571 0.240599 0.892807 2.80669
31 1 57 51 0.259689 3.21734 0.223777 1.31309 4.66155
35 1 54 44 0.260651 1.7513 0.243667 0.888949 2.58262
10 1 53 58 0.257206 1.77929 0.200265 0.575979 5.68995
32 100
45 1 59 57 0.319807 1.58273 0.240971 0.696209 1.45324
15 1 52 47 0.253765 1.73889 0.290707 1.0184 2.29373
45 1 50 42 0.280478 1.65793 0.269338 0.436425 2.28898
6 1 56 20 0.252964 1.70086 0.267339 0.319226 2.60404
45 1 46 21 0.283618 1.59328 0.239256 0.406755 1.38062
6 1 53 51 0.247337 1.80525 0.273339 1.11879 2.16877
33 81
79 1 39 26 0.233458 1.1613 0.18625 0.333397 0.775412
15 1 53 47 0.201077 1.44198 0.283936 0.655004 2.55834
78 0 0 0 0 0 0 0 0.695785
76 1 51 38 0.264944 1.37533 0.230247 0.445979 1.33522
78 0 0 0 0 0 0 0 0.65185
15 1 66 63 0.316824 1.5791 0.239295 0.393026 3.24315
34 68
63 1 51 17 0.323914 1.51698 0.204482 0.389467 0.889025
65 1 51 32 0.257765 1.75818 0.222509 0.565712 1.81126
63 1 51 36 0.345527 1.51003 0.247517 0.410862 1.07108
66 1 49 36 0.262785 1.66868 0.250072 0.749873 4.04415
63 1 49 31 0.320952 1.53692 0.248608 0.457448 1.42269
65 1 51 34 0.257765 1.75818 0.240602 0.557621 4.96149
35 47
21 1 57 21 0.247895 2.03642 0.265615 0.383054 2.34211
45 0 0 0 0 0 0 0 1.13153
23 1 58 21 0.268019 2.03162 0.225684 0.342036 1.6527
42 1 56 43 0.251679 1.90099 0.243007 0.823906 2.58262
23 1 57 47 0.323228 2.03046 0.228899 0.611939 4.90385
45 0 0 0 0 0 0 0 1.11468
36 15
8 1 44 53 0.250294 1.26576 0.194953 2.00792 3.19037
4 1 45 42 0.262373 1.22506 0.226083 0.793079 2.12254
9 1 42 40 0.266515 1.14551 0.235426 0.830526 1.48235
4 1 45 49 0.262373 1.22506 0.230191 0.520635 4.25162
11 1 42 39 0.264918 1.17231 0.229558 0.764721 3.16835
4 1 45 66 0.262373 1.22506 0.230178 2.65801 4.20591
37 7
1 1 52 78 0.253385 1.97252 0.231189 2.7035 5.69269
6 1 51 37 0.2515 1.87928 0.241084 0.594002 3.35496
6 1 51 30 0.2515 1.87928 0.219563 0.371485 1.65228
0 1 53 26 0.237687 1.9933 0.190928 0.380728 1.54194
4 1 68 24 0.272194 2.19592 0.202968 0.355053 0.998951
0 1 53 27 0.267058 2.01294 0.192602 0.38168 1.67985
38 87
13 1 51 66 0.28469 1.36203 0.285027 1.16663 1.07109
64 1 47 52 0.255311 1.15975 0.235607 0.962851 2.23644
84 1 46 32 0.252798 1.37861 0.237339 0.68972 1.16006
76 1 50 80 0.225705 1.1725 0.242542 2.86098 8.0395
20 1 51 26 0.28257 1.37615 0.275023 0.513077 1.05914
76 1 50 40 0.268314 1.17089 0.245088 0.71434 2.08972
39 118
24 1 53 30 0.264647 1.36443 0.247908 0.465021 1.13752
76 1 49 58 0.253522 1.42321 0.194496 2.51161 3.54647
24 1 53 40 0.25107 1.66138 0.271474 0.455008 2.88903
42 1 62 74 0.334588 1.61919 0.423881 1.8116 3.02154
24 1 53 32 0.369182 1.25878 0.250152 0.44022 1.50873
104 1 47 57 0.262211 1.31726 0.199653 2.46072 3.22041
40 9
6 1 44 46 0.263164 1.77526 0.212173 0.386153 4.37521
0 1 45 36 0.235063 1.78315 0.221501 0.724637 2.49563
8 1 45 39 0.271478 1.76193 0.236605 0.661235 1.80824
0 1 45 38 0.235064 1.78315 0.20002 0.708003 3.44147
8 1 45 38 0.271478 1.76193 0.237822 0.673841 1.58723
0 1 45 38 0.235064 1.78315 0.20002 0.708003 3.41478
41 42
28 1 58 63 0.218301 1.99242 0.218936 1.76087 5.59341
37 1 56 35 0.249707 1.91418 0.222906 0.737817 2.53565
39 1 55 80 0.243735 3.10085 0.319713 4.00519 7.43865
6 1 58 69 0.246033 2.06397 0.206274 2.97202 9.29604
28 1 58 51 0.227773 1.99298 0.224503 1.12331 3.6447
6 1 58 33 0.240399 2.06399 0.2225 0.72566 2.24554
42 146
88 1 43 36 0.26809 1.31977 0.249685 0.883919 1.73186
128 1 42 42 0.255069 1.10594 0.279896 0.754148 1.82047
125 1 42 37 0.271849 1.10217 0.244021 0.70554 1.25241
98 1 43 39 0.26213 1.18934 0.234795 0.633654 2.5149
88 1 44 54 0.297479 1.30936 0.26975 1.50893 1.69952
98 1 43 46 0.26213 1.18934 0.234283 0.844534 4.37377
43 164
38 1 52 20 0.261444 1.2388 0.24572 0.402236 1.31241
148 1 43 55 0.262031 1.1584 0.200764 2.44881 5.55526
162 1 43 22 0.265954 1.4212 0.241151 0.509833 0.711436
7 1 45 39 0.258184 1.42498 0.235152 0.876288 2.7798
71 1 48 32 0.279713 1.34516 0.278583 0.485229 1.00806
120 0 0 0 0 0 0 0 0.703214
44 65
63 1 49 78 0.245183 1.76219 0.221898 2.38124 4.42119
50 1 53 23 0.245518 1.81748 0.21902 0.341561 1.37593
63 1 49 25 0.245183 1.76219 0.221524 0.325933 1.1305
50 1 53 23 0.245518 1.81748 0.206524 0.342254 2.15701
63 1 49 24 0.245183 1.76219 0.223359 0.328945 1.24524
50 1 53 23 0.245518 1.81748 0.206524 0.342254 2.9873
45 17
5 1 51 71 0.287205 1.41094 0.310054 2.52641 3.34675
0 0 0 0 0 0 0 0 5.45504
0 1 48 30 0.269206 1.45836 0.25246 0.496737 1.20534
15 1 49 26 0.294506 1.40619 0.265664 0.535503 1.38602
2 1 57 27 0.293079 1.55664 0.24602 0.512511 1.38785
0 0 0 0 0 0 0 0 2.11734
46 64
62 1 52 50 0.314318 1.58309 0.264927 1.09578 2.19476
59 1 53 72 0.304152 1.51241 0.220565 0.587437 5.57783
1 0 0 0 0 0 0 0 5.09407
0 0 0 0 0 0 0 0 1.13223
62 1 52 22 0.307554 1.58206 0.231962 0.381126 0.768862
0 0 0 0 0 0 0 0 4.71422
47 99
97 1 49 20 0.221546 1.38808 0.240245 0.428802 0.833708
80 1 48 50 0.258809 1.37562 0.241863 0.844123 2.80035
76 0 0 0 0 0 0 0 0.823963
26 1 52 19 0.260259 1.31896 0.256015 0.40937 1.47171
97 1 48 77 0.215997 1.39025 0.250725 3.69809 3.42409
69 0 0 0 0 0 0 0 1.31298
49 59
1 1 56 27 0.268 1.7885 0.240552 0.522655 1.67765
46 1 59 82 0.259065 3.20112 0.249206 3.77723 7.17639
6 1 56 55 0.255534 2.0912 0.230046 0.508109 2.70126
13 1 61 53 0.301967 1.9278 0.215907 1.17055 3.17538
1 1 60 31 0.357143 1.68048 0.226715 0.519747 2.74872
46 1 59 87 0.259065 3.20112 0.336018 3.93585 12.8514
50 13
12 1 52 45 0.250836 1.76672 0.207383 0.826959 3.04824
11 1 42 28 0.25778 1.44487 0.24023 0.217263 1.00978
1 1 52 55 0.222603 1.55312 0.195716 0.372841 3.68151
5 0 0 0 0 0 0 0 0.963798
12 1 52 63 0.250836 1.76672 0.217293 2.34664 3.71132
11 1 42 47 0.257774 1.44486 0.215903 0.846685 2.96056
51 63
34 1 56 64 0.28337 1.47242 0.224845 2.8655 3.8712
17 1 50 56 0.248978 1.36682 0.193126 2.44915 3.20507
61 1 48 24 0.259895 1.2036 0.242999 0.4382 1.08897
12 1 50 91 0.251495 1.38032 0.422808 4.34844 6.23158
34 1 56 54 0.272641 3.01129 0.186388 0.362837 5.10867
17 1 50 56 0.241838 1.36682 0.193126 2.44915 6.46658
52 111
13 1 52 16 0.261779 1.7347 0.25406 0.357676 1.51741
0 0 0 0 0 0 0 0 3.56162
8 1 43 14 0.255068 1.71802 0.240695 0.353472 0.67594
51 1 56 21 0.228449 2.01559 0.211671 0.421616 3.06851
13 1 48 31 0.260071 1.80819 0.252138 0.370625 1.65468
51 1 56 18 0.238594 2.01569 0.210928 0.42221 2.3053
53 49
3 1 59 43 0.303489 1.63147 0.247322 0.65571 1.87189
45 1 49 64 0.263683 1.27008 0.220824 2.57408 4.37397
48 1 49 63 0.237862 1.23376 0.220002 2.59596 3.02915
8 1 58 17 0.266895 1.60533 0.235588 0.350548 1.33844
1 1 57 44 0.22752 1.47736 0.256067 0.773629 1.49113
36 1 50 57 0.244587 1.31176 0.206825 2.57208 3.37518
54 64
4 1 49 87 0.28086 1.56489 0.385493 4.02115 4.25606
9 1 48 43 0.246243 1.58559 0.223429 0.689119 5.1035
0 1 52 35 0.302059 1.56431 0.371776 0.513988 1.30341
14 1 47 62 0.248894 1.57957 0.202209 2.44986 5.50175
0 1 52 90 0.28853 1.56445 0.28477 3.49936 5.00408
14 1 47 62 0.248894 1.57957 0.202209 2.44986 3.8138
55 64
8 1 47 64 0.24741 1.42046 0.22074 2.46209 4.44966
57 1 39 41 0.256314 1.24541 0.252203 0.51314 3.18823
57 1 39 41 0.256314 1.24541 0.252203 0.51314 1.57245
0 1 55 63 0.25524 1.57744 0.194135 2.38187 3.69366
50 1 43 37 0.255441 1.26817 0.236488 0.614437 2.26288
7 1 46 37 0.259012 1.34095 0.220621 0.582592 3.5911
56 49
39 1 55 70 0.23141 1.57499 0.278054 4.65709 3.46581
32 0 0 0 0 0 0 0 1.11722
19 1 55 57 0.255525 1.62557 0.210459 0.354764 3.08649
37 1 54 77 0.206296 1.6193 0.273015 4.60581 8.14564
39 1 55 27 0.227261 1.57569 0.209153 0.441842 1.78241
32 0 0 0 0 0 0 0 1.13535
57 9
5 1 38 70 0.235371 1.45188 0.286851 3.86653 3.58129
8 1 40 69 0.236614 1.54642 0.275478 2.91911 3.80795
2 1 39 67 0.229543 1.52461 0.262715 4.59632 3.31632
8 1 40 68 0.201702 1.54596 0.275593 4.44656 3.85845
2 1 39 43 0.226622 1.52533 0.222934 0.805563 1.83707
8 1 40 70 0.209101 1.5455 0.294325 4.85471 4.84026
58 8
6 0 0 0 0 0 0 0 0.567953
0 1 49 55 0.263362 1.48393 0.211248 0.526741 2.50732
5 0 0 0 0 0 0 0 0.522118
0 1 48 28 0.297141 1.46342 0.253574 0.573567 1.04392
6 0 0 0 0 0 0 0 0.528239
0 1 48 53 0.280238 1.48455 0.354694 1.18207 1.04304
59 76
9 1 54 62 0.262461 1.87157 0.260994 0.885494 2.1649
58 1 55 49 0.250482 1.78058 0.227845 0.847689 5.63685
75 1 53 58 0.329367 1.78812 0.298694 1.60173 1.57103
17 1 56 57 0.240076 1.84669 0.199447 0.397296 3.64419
9 1 51 30 0.308631 1.7922 0.260136 0.447542 2.09653
58 1 55 49 0.250482 1.78058 0.227798 0.839751 2.78939
60 38
4 1 54 73 0.229159 1.36624 0.211627 2.54218 6.59267
15 1 51 70 0.212268 1.29626 0.209327 2.3623 7.95714
37 1 55 32 0.274577 1.27052 0.223659 0.734233 1.72821
11 1 50 86 0.232604 1.30764 0.354292 2.13024 7.01389
4 1 53 73 0.235676 1.36798 0.263803 3.85712 4.60709
11 1 51 73 0.203901 1.30676 0.231303 2.21335 5.44097
61 17
1 0 0 0 0 0 0 0 1.40191
8 1 50 63 0.244368 1.27494 0.22173 1.88606 4.55487
10 1 53 48 0.189271 1.26082 0.234544 0.837161 2.93539
0 0 0 0 0 0 0 0 1.76543
1 1 49 28 0.331779 1.48156 0.242789 0.526462 1.42978
8 1 50 48 0.242652 1.27451 0.238192 0.888128 2.22288
62 9
0 1 59 85 0.192458 1.64552 0.299231 4.80782 3.59914
3 1 60 68 0.218976 1.58681 0.269966 2.40353 3.9127
4 1 58 48 0.256381 1.61896 0.221925 1.13045 2.50413
8 1 60 49 0.210457 1.57916 0.236684 1.1819 3.01906
0 1 59 45 0.22825 1.64745 0.220324 1.04592 2.31749
3 1 59 91 0.291249 1.5892 0.347037 5.23991 4.286
63 68
61 1 56 27 0.282076 1.38901 0.207863 0.521271 1.5014
19 1 51 55 0.225569 1.4657 0.192358 2.28403 3.384
20 1 51 60 0.23291 1.4563 0.213659 0.75477 3.37876
59 1 50 81 0.243863 1.36896 0.253855 4.0357 4.58699
61 1 55 70 0.210482 1.38645 0.283408 4.4276 3.73105
54 1 50 55 0.243505 1.38151 0.198861 2.39962 3.72169
64 15
12 1 52 47 0.230736 1.47515 0.223057 0.810642 4.18696
4 1 60 36 0.391185 1.76157 0.252934 0.477829 2.59847
8 1 52 47 0.222592 1.49634 0.234683 0.824391 2.28882
13 0 0 0 0 0 0 0 0.865836
8 1 51 49 0.227701 1.49633 0.224462 0.892308 2.52535
4 0 0 0 0 0 0 0 1.33052
65 115
14 1 59 17 0.280549 1.55483 0.264777 0.338829 1.68885
50 1 53 24 0.265648 1.57322 0.244987 0.45734 2.75876
16 1 48 16 0.234051 1.4393 0.237619 0.338783 0.949284
0 0 0 0 0 0 0 0 5.17628
16 1 56 73 0.239996 1.54628 0.382481 3.95325 5.98811
58 1 42 55 0.210873 1.60354 0.223324 1.57938 3.42582
66 67
65 1 43 15 0.237252 1.34068 0.223283 0.336 0.619137
30 0 0 0 0 0 0 0 2.66208
33 1 51 17 0.286134 1.49229 0.261088 0.330685 0.955404
42 0 0 0 0 0 0 0 1.96776
26 1 51 17 0.290066 1.48033 0.252323 0.32927 0.993589
42 0 0 0 0 0 0 0 1.21011
67 9
7 1 50 50 0.29042 1.54516 0.255637 1.30517 3.00652
1 1 46 56 0.269451 1.24257 0.208383 2.74611 4.00018
4 1 49 57 0.240428 1.49432 0.256909 1.24439 2.58128
0 1 51 73 0.324275 1.46236 0.256285 1.32983 5.03788
5 1 49 40 0.283378 1.52232 0.22383 0.770112 2.19387
0 1 51 74 0.318337 1.46021 0.268224 3.49971 8.62628
68 28
18 1 38 38 0.234585 1.2993 0.231682 0.717069 1.26979
2 1 40 59 0.244416 1.36857 0.196186 2.48299 7.05093
26 1 39 69 0.24118 1.40098 0.302692 2.58106 4.56662
16 1 40 41 0.239456 1.39363 0.203242 0.75094 2.02712
26 1 39 41 0.24118 1.40098 0.202014 0.773858 1.81559
16 1 40 41 0.239456 1.39363 0.203613 0.768292 1.79758
69 87
6 1 50 70 0.273379 1.82352 0.262574 1.12327 2.62308
74 1 58 65 0.256373 1.86664 0.223783 0.610801 4.10126
6 1 57 95 0.260134 1.88946 0.256116 3.77114 5.21924
35 1 58 57 0.253645 3.28988 0.218754 1.22715 4.9583
6 1 49 27 0.272752 1.89474 0.249577 0.555809 1.05914
36 1 60 46 0.297949 1.92986 0.224472 0.840125 5.41815
70 67
25 1 55 75 0.330217 1.45227 0.32061 3.13997 3.81851
29 0 0 0 0 0 0 0 0.86146
2 1 60 95 0.258643 1.21991 0.412455 3.81978 5.34734
45 1 54 61 0.226832 1.35693 0.225567 0.763656 3.89482
22 1 47 40 0.284204 1.46528 0.248619 0.443949 1.61253
45 1 55 19 0.195672 1.35511 0.246436 0.43389 1.38513
71 25
3 0 0 0 0 0 0 0 1.43393
5 1 54 59 0.257319 2.14028 0.285568 1.12633 2.52742
23 1 44 28 0.257634 0.994094 0.25297 0.519485 1.16515
3 0 0 0 0 0 0 0 1.49832
2 0 0 0 0 0 0 0 1.77306
5 1 54 56 0.257319 2.14028 0.280836 0.814893 2.07219
72 33
32 0 0 0 0 0 0 0 0.716732
5 1 51 24 0.28525 1.67729 0.264467 0.469477 1.4937
31 1 60 21 0.261175 1.78754 0.265771 0.491918 0.868983
2 1 46 23 0.261712 1.67075 0.263678 0.459389 1.33138
31 1 60 22 0.370079 1.83714 0.251106 0.491942 0.812482
2 0 0 0 0 0 0 0 1.05377
73 59
57 1 38 31 0.246939 1.2841 0.252584 0.36903 1.23518
10 1 41 40 0.251812 1.28958 0.232241 0.587787 1.72324
57 1 38 27 0.246939 1.2841 0.243963 0.387735 1.15469
53 1 38 59 0.25088 1.28336 0.266704 1.89979 2.86893
57 1 38 42 0.246939 1.2841 0.24891 0.636072 1.86793
53 1 38 61 0.25088 1.28336 0.281439 3.73789 3.41859
74 134
61 1 50 30 0.33133 1.26915 0.245932 0.784789 1.05945
118 1 43 57 0.260953 1.05488 0.220015 2.51843 5.78693
125 1 42 61 0.265647 1.02351 0.222035 0.989815 1.99663
31 1 51 20 0.263097 1.16852 0.206242 0.562175 1.73173
61 1 50 30 0.241669 1.25558 0.245932 0.784789 0.967127
22 1 52 87 0.228182 1.96726 0.348634 3.85674 7.39056
75 68
64 1 40 31 0.245323 1.34601 0.238952 0.381284 2.11153
4 1 49 50 0.259303 1.52554 0.234162 1.04996 4.53794
5 1 41 34 0.248224 1.3213 0.253208 0.562227 2.23396
56 1 42 37 0.247182 1.38826 0.227699 0.571638 1.64793
23 0 0 0 0 0 0 0 0.541292
8 1 44 36 0.255874 1.40992 0.223377 0.591978 1.465
76 14
10 1 43 30 0.257068 1.20252 0.205172 0.361519 1.05561
1 1 48 51 0.255358 1.44411 0.236208 0.972135 3.5378
11 1 43 67 0.257243 1.21835 0.220747 2.50135 4.27452
0 1 49 52 0.254231 1.45055 0.239192 1.01917 2.19713
10 1 43 30 0.257068 1.20252 0.205172 0.361519 1.95635
1 1 48 50 0.255358 1.44411 0.243143 1.01747 3.59198
77 73
59 0 0 0 0 0 0 0 1.03493
5 1 65 52 0.278211 1.88844 0.262023 0.788274 6.42341
70 1 47 27 0.242687 1.45327 0.226971 0.438474 1.27365
5 1 64 56 0.247692 1.78855 0.241856 1.08922 3.22999
70 1 47 26 0.242687 1.45327 0.236852 0.438464 1.12347
5 1 60 60 0.307794 1.67835 0.241579 0.634895 3.12114
78 134
133 1 53 76 0.283548 1.59784 0.257563 0.975263 3.18385
92 0 0 0 0 0 0 0 0.690964
60 1 50 59 0.333242 1.47308 0.212569 0.381616 2.39098
6 0 0 0 0 0 0 0 1.2174
128 1 42 33 0.261563 1.42206 0.205895 0.419743 0.951301
6 0 0 0 0 0 0 0 1.71891
79 77
11 0 0 0 0 0 0 0 0.543152
32 1 42 50 0.246665 1.27461 0.225097 0.937412 2.72753
69 1 38 41 0.258119 1.12785 0.241442 0.787152 1.85502
22 1 42 67 0.253967 1.19929 0.283188 4.14893 3.70134
11 0 0 0 0 0 0 0 0.541063
26 1 41 39 0.258793 1.19247 0.238529 0.76245 3.85583
80 25
2 1 55 68 0.232161 1.58764 0.211189 2.7533 5.94502
12 1 55 86 0.217501 1.54956 0.300325 5.12154 5.63216
6 1 56 61 0.197759 1.57773 0.22636 0.694439 4.4456
12 1 55 54 0.222195 1.55184 0.207837 2.90883 3.97581
2 1 56 39 0.21596 1.58872 0.200595 0.686649 2.09898
12 1 54 54 0.281869 1.55476 0.219959 2.85733 3.97326
81 26
25 1 49 60 0.289223 1.41858 0.270558 1.33098 3.37867
19 1 52 62 0.250131 2.27163 0.377643 1.54743 2.80732
25 1 51 50 0.343044 1.81178 0.247398 0.982448 3.22386
19 1 61 75 0.289111 2.45323 0.297715 1.93312 214.537
25 1 61 84 0.25421 1.95734 0.314495 2.48728 5.47846
19 1 60 67 0.371727 1.82847 0.315534 3.30305 5.91739
82 68
11 1 49 18 0.277011 1.53368 0.258222 0.432922 0.808109
44 1 51 49 0.245026 1.38773 0.224104 0.731935 3.59227
14 1 49 28 0.296418 1.53315 0.261815 0.42679 0.977106
53 1 51 47 0.247847 1.37441 0.227319 0.702516 2.71665
11 1 49 18 0.26608 1.50973 0.25825 0.432937 0.779653
44 1 51 49 0.245026 1.38773 0.224104 0.731935 7.00669
83 78
46 1 50 33 0.241697 1.52905 0.254958 0.71467 1.25921
70 0 0 0 0 0 0 0 0.684185
24 1 44 36 0.244532 1.237 0.249075 0.728981 1.23616
51 0 0 0 0 0 0 0 0.000755
24 1 62 43 0.255765 1.85961 0.261073 0.496715 2.24737
51 0 0 0 0 0 0 0 0.00073
84 64
59 1 52 59 0.302873 1.28036 0.218189 2.21936 4.67695
17 1 52 77 0.240447 1.2382 0.209541 2.70035 6.14765
47 1 51 48 0.280668 1.26743 0.237114 0.879222 4.54482
57 1 53 57 0.249442 1.272 0.228679 1.51708 4.30124
59 1 52 67 0.261645 1.27994 0.225788 2.28445 4.14204
52 1 53 65 0.237175 1.27008 0.227223 2.92418 11.3906
85 4
0 1 40 54 0.241402 1.41003 0.18162 1.83169 3.46624
3 1 40 42 0.244341 1.46271 0.205532 0.840704 2.88988
0 1 40 41 0.241402 1.41003 0.196851 0.776864 1.54216
3 1 40 42 0.244341 1.46271 0.204652 0.794858 1.70264
0 1 40 44 0.241402 1.41003 0.193376 0.368191 1.62507
3 1 40 65 0.244341 1.46271 0.210775 2.38602 4.88228
86 123
82 1 51 20 0.287146 1.64167 0.254327 0.387384 0.848183
0 0 0 0 0 0 0 0 7.80323
56 1 54 74 0.238069 2.0531 0.282486 3.41958 4.39177
16 0 0 0 0 0 0 0 1.1913
82 1 52 21 0.275148 1.64477 0.253607 0.38434 0.801966
16 1 47 73 0.273847 1.52679 0.321622 2.73481 3.96778
87 17
11 1 60 32 0.376119 2.13221 0.263677 0.439221 2.52182
0 0 0 0 0 0 0 0 3.46659
15 1 54 43 0.293012 1.52147 0.262699 1.45698 1.90952
1 0 0 0 0 0 0 0 1.90695
16 1 54 39 0.303395 1.5041 0.266533 0.51605 1.76827
0 0 0 0 0 0 0 0 3.43497
88 43
42 0 0 0 0 0 0 0 0.611457
0 1 46 47 0.2309 1.3482 0.221206 0.910691 3.81797
39 1 58 56 0.294728 1.46746 0.255103 1.3704 2.53629
25 1 45 43 0.244202 1.25748 0.224085 0.839334 2.12322
42 0 0 0 0 0 0 0 0.567953
29 1 45 43 0.243387 1.24424 0.229496 0.865108 4.43632
89 61
32 1 47 74 0.245475 1.61062 0.301099 4.65078 3.23086
33 1 42 68 0.243847 1.49886 0.267477 3.84453 5.14835
58 1 40 36 0.243842 1.518 0.239556 0.523687 1.61608
2 1 55 75 0.249074 1.76952 0.261135 4.40924 3.21864
12 1 48 39 0.25729 1.5955 0.203585 0.360306 1.73936
50 1 41 35 0.244213 1.53601 0.237612 0.473543 1.60248
90 68
59 1 53 29 0.269628 1.27021 0.191664 0.498908 2.313
17 1 52 53 0.208974 1.25707 0.199632 2.20352 7.38669
66 1 51 67 0.235991 1.16446 0.218413 2.79729 4.9943
57 1 52 63 0.232483 1.19832 0.275471 3.34268 4.39779
59 1 53 25 0.288464 1.27355 0.232895 0.462354 1.32864
52 1 52 55 0.213316 1.20818 0.201007 2.39468 3.53597
92 129
128 1 54 18 0.308208 1.74809 0.203682 0.348684 0.821267
102 1 54 55 0.252013 1.74203 0.252892 0.931875 3.1678
100 1 52 15 0.271575 1.67688 0.207337 0.335797 0.731653
106 1 47 63 0.236136 1.70714 0.296874 4.09681 5.67973
100 1 52 16 0.280373 1.68034 0.219047 0.336268 0.751636
107 0 0 0 0 0 0 0 0.86559
93 82
30 1 62 58 0.330903 1.65515 0.232552 0.537409 2.4041
47 1 63 92 0.336885 1.69221 0.342041 3.99845 3.51093
81 1 49 45 0.231497 1.39225 0.228029 0.495649 2.27015
56 1 65 99 0.38253 1.68874 0.342363 4.11766 5.11119
81 1 49 60 0.231497 1.39225 0.214365 2.3208 4.68302
47 1 62 70 0.325025 1.67713 0.260175 1.37692 3.03994
94 87
7 1 54 35 0.20559 1.85764 0.248033 0.440329 1.26518
0 0 0 0 0 0 0 0 3.28734
83 1 44 62 0.238524 1.66847 0.213862 3.24782 2.57508
19 1 60 55 0.263836 2.0354 0.240051 0.54105 3.33796
7 0 0 0 0 0 0 0 0.89368
0 0 0 0 0 0 0 0 1.69203
95 54
37 1 56 66 0.2365 1.92191 0.237795 1.5479 3.82373
6 1 56 23 0.266413 2.02125 0.200767 0.58419 1.77804
47 1 56 30 0.24547 1.88641 0.237393 0.681377 2.13399
6 1 57 23 0.209801 2.01744 0.200767 0.58419 2.8239
47 1 55 30 0.236118 1.88443 0.237552 0.688706 1.93111
6 1 57 23 0.209801 2.01744 0.200767 0.58419 1.88249
96 21
20 1 45 34 0.250731 1.08167 0.267557 0.627039 1.34293
6 1 44 53 0.267977 1.10652 0.211674 0.9925 4.99478
12 1 42 39 0.267943 1.05197 0.230816 0.584858 1.6043
6 1 44 51 0.267977 1.10652 0.210668 1.01732 2.74731
14 1 42 39 0.264831 1.06823 0.237526 0.596141 1.43496
6 1 44 48 0.267977 1.10652 0.225289 1.09928 4.36573
97 91
48 1 50 34 0.279987 1.44362 0.258267 0.42956 1.02645
9 1 54 87 0.244024 2.33081 0.467522 2.42161 5.89215
54 1 50 24 0.28158 1.46236 0.257903 0.454338 1.05407
27 1 50 43 0.259413 1.44941 0.260459 0.893265 1.78381
48 1 50 45 0.312064 1.45518 0.242547 1.08628 1.37548
17 1 50 62 0.336992 1.4619 0.32208 3.51682 2.83188
98 7
1 1 58 44 0.245727 1.91655 0.222999 1.0418 3.43547
6 1 55 54 0.255149 1.96091 0.229116 0.714428 7.03243
2 1 57 70 0.255073 1.9201 0.221131 2.09137 6.33617
1 1 57 44 0.314322 1.91619 0.221189 1.02568 3.19352
1 1 58 46 0.254213 1.91164 0.181812 0.710316 3.58815
6 1 55 46 0.255149 1.96091 0.198306 0.751084 3.51024
99 48
42 1 57 29 0.250097 1.92972 0.217976 0.631648 3.35515
38 1 58 68 0.250311 1.93354 0.213867 1.37725 5.46461
45 1 54 67 0.245785 1.89444 0.218568 1.33816 3.8894
6 1 55 33 0.241806 3.25262 0.216641 0.649749 4.30174
45 1 54 31 0.245785 1.89444 0.236221 0.655201 1.67257
38 1 58 69 0.250311 1.93354 0.259595 3.90708 5.28295
