0 36
1 27
2 38
3 20
4 26
5 33
6 4
7 84
8 84
9 35
10 62
11 16
12 87
13 19
14 25
15 4
16 58
17 23
18 35
19 3
20 104
21 24
22 51
23 64
24 47
25 22
26 43
27 14
28 4
29 4
30 10
31 56
32 7
33 41
34 44
35 20
36 23
37 25
38 74
39 22
40 24
41 86
42 49
43 27
44 8
45 108
46 24
47 52
48 66
49 37
50 67
51 66
52 53
53 66
54 27
55 66
56 35
57 22
58 2
59 68
60 36
61 78
62 68
63 19
64 79
65 68
66 1
67 42
68 66
69 32
70 54
71 8
72 10
73 0
74 23
75 22
76 11
77 55
78 45
79 24
80 8
81 37
82 41
83 38
84 78
85 60
86 66
87 0
88 77
89 27
90 92
91 4
92 85
93 84
94 4
95 5
96 22
97 36
98 26
99 17
