0 5
2 1 46 24 0.227227 1.44704 0.241815 0.48678 0.694984
0 1 68 25 0.325021 1.4818 0.260619 0.416645 0.644961
0 1 68 26 0.296537 1.49104 0.241249 0.417653 0.853568
1 1 43 49 0.26332 1.48338 0.250228 0.818985 1.278
2 1 46 52 0.285198 1.44204 0.24852 0.949576 2.21208
1 1 44 51 0.310979 1.50089 0.254831 1.01968 1.40287
1 22
0 1 64 13 0.327756 1.85237 0.249775 0.330038 0.886763
19 1 52 57 0.250874 2.02266 0.204639 1.58904 2.82696
0 1 42 55 0.226531 1.61805 0.267374 0.995544 1.50795
19 1 52 13 0.250874 2.02266 0.227652 0.370773 1.19772
0 1 41 14 0.232455 1.6178 0.218365 0.338186 0.720155
19 1 52 14 0.250874 2.02266 0.218382 0.375109 1.2256
2 36
35 1 39 25 0.258128 1.13393 0.262355 0.428056 2.07872
2 0 0 0 0 0 0 0 1.13227
6 1 40 38 0.241788 1.36047 0.24519 1.00835 1.12279
5 1 54 74 0.252521 1.41916 0.26627 1.49555 8.48151
6 1 40 32 0.24177 1.36048 0.271991 0.393647 0.917499
5 1 54 75 0.252521 1.41916 0.286683 1.75539 4.75713
3 21
16 1 52 63 0.269569 1.44929 0.229605 2.51065 2.98643
18 1 50 61 0.251976 1.30645 0.249613 1.96867 2.93849
20 1 50 54 0.26757 1.32115 0.194016 0.481427 3.50344
4 1 59 76 0.257049 1.3999 0.256191 2.81536 5.61397
15 1 51 56 0.275139 1.40639 0.255656 1.45854 2.52818
5 1 50 64 0.247182 1.46961 0.26359 1.76327 3.0677
4 22
2 1 43 26 0.254978 1.56274 0.239934 0.397646 1.03204
0 1 45 45 0.312332 1.55197 0.273397 0.892295 1.25598
0 1 45 35 0.325476 1.55198 0.243647 0.623718 1.07219
3 1 55 26 0.259016 1.86351 0.236845 0.564782 1.44007
2 1 43 26 0.254978 1.56274 0.249186 0.409239 1.0267
3 1 55 25 0.259016 1.86351 0.235451 0.516287 1.61437
5 14
3 1 54 61 0.243553 1.94951 0.236546 1.43595 2.55533
11 1 52 63 0.239896 1.85172 0.223465 1.22219 4.9405
0 1 47 37 0.270402 1.75896 0.27131 0.65716 1.364
5 1 55 28 0.24574 1.98173 0.226354 0.606181 1.7167
0 1 47 57 0.270402 1.75896 0.269116 1.61167 2.85448
11 1 52 25 0.239896 1.85172 0.226842 0.558642 1.92947
6 21
0 0 0 0 0 0 0 0 1.03808
5 1 50 48 0.237261 1.39453 0.240121 0.715615 2.68107
20 1 50 66 0.262651 1.35765 0.232643 2.92952 3.71286
0 0 0 0 0 0 0 0 1.0896
12 1 52 59 0.271219 1.45958 0.251115 1.12899 2.79166
3 0 0 0 0 0 0 0 0.981954
7 6
4 1 42 37 0.248074 1.61371 0.227346 0.609682 1.41087
0 1 56 57 0.2472 1.68672 0.219991 1.16544 3.41868
3 1 42 65 0.254853 1.57569 0.285516 2.47176 2.28638
1 1 50 69 0.244391 1.67605 0.217603 2.18713 4.64799
4 1 42 37 0.248074 1.61371 0.22744 0.609682 3.05981
0 1 56 51 0.2472 1.68672 0.174123 0.355249 2.4463
8 27
2 1 38 54 0.229647 1.30505 0.261015 0.896381 2.22723
16 1 45 68 0.261328 1.22001 0.317132 1.97392 2.8507
8 0 0 0 0 0 0 0 0.496598
15 1 36 63 0.246145 1.05956 0.232389 3.05878 4.1294
8 0 0 0 0 0 0 0 0.469729
16 1 45 60 0.261327 1.22001 0.262255 1.75988 2.85126
9 10
6 1 40 58 0.268457 1.44569 0.196921 2.45878 2.46673
8 1 42 75 0.267002 1.5079 0.384286 2.97979 2.54467
2 1 49 59 0.296714 1.59765 0.26935 2.00248 1.5221
7 1 39 65 0.264464 1.38504 0.304601 4.90454 2.45588
6 1 40 30 0.268457 1.44569 0.239901 0.523715 0.897142
8 1 42 34 0.267002 1.5079 0.233518 0.542878 1.41396
10 35
9 1 52 79 0.276705 1.43677 0.284033 3.98638 3.79858
33 1 52 63 0.260215 1.48815 0.216327 0.454332 3.48754
8 1 51 24 0.256624 1.30086 0.259255 0.398433 1.53725
21 1 45 49 0.266341 1.36111 0.250051 0.624838 1.75402
9 1 50 27 0.262809 1.82949 0.233412 0.373205 1.52232
21 1 45 49 0.262603 1.3607 0.250051 0.624838 2.59798
11 25
0 1 75 51 0.291427 1.55601 0.293721 0.926153 2.13988
17 1 47 36 0.26242 1.4838 0.252704 0.513328 1.57266
0 1 47 79 0.276797 1.48043 0.32346 4.19414 4.11469
17 1 48 37 0.25635 1.48382 0.249508 0.534127 1.46304
0 1 56 64 0.274372 1.2944 0.308947 2.36911 3.47991
17 1 47 36 0.26242 1.4838 0.252704 0.513328 1.8989
12 21
20 1 48 33 0.236372 1.84621 0.223672 0.452488 1.80372
18 1 46 55 0.255435 1.81054 0.216372 2.09276 1.92738
9 1 45 27 0.236807 1.63502 0.238843 0.353242 0.85916
17 1 48 40 0.255724 1.8518 0.241931 0.677395 2.24521
9 1 44 29 0.243439 1.63467 0.23632 0.4085 1.28106
18 1 46 51 0.255435 1.81054 0.234316 1.36143 2.56891
13 13
11 1 49 27 0.247002 1.35883 0.238817 0.501722 1.19479
2 1 53 66 0.268999 1.45681 0.224083 1.93509 6.31325
12 1 48 46 0.271686 1.29673 0.255249 0.61806 2.31169
0 1 56 19 0.252075 1.43633 0.227661 0.414716 1.30341
11 1 49 57 0.246992 1.35883 0.226394 2.52731 3.82395
2 1 53 66 0.259149 1.45902 0.224083 1.93509 3.79771
14 13
11 1 36 59 0.253572 1.32831 0.199553 2.35185 4.07757
0 1 39 37 0.236759 1.29638 0.255369 0.692871 1.7323
12 1 37 39 0.248631 1.36314 0.222712 0.657944 1.37498
3 1 40 40 0.247907 1.39779 0.232322 0.706722 2.63407
11 1 36 41 0.253572 1.32831 0.212596 0.589797 1.98739
3 1 40 40 0.247907 1.39779 0.233035 0.711922 2.79527
15 16
4 1 40 27 0.260496 1.4167 0.239217 0.432795 0.965418
9 1 47 71 0.245749 1.58169 0.27553 3.00825 4.67701
4 1 40 60 0.260496 1.4167 0.277595 2.292 2.04966
2 0 0 0 0 0 0 0 0.864554
4 1 40 42 0.260496 1.4167 0.261789 0.584643 2.07295
2 0 0 0 0 0 0 0 0.895106
16 10
4 1 55 59 0.292685 1.40109 0.269539 0.912547 2.48432
8 1 53 68 0.275008 1.43974 0.246961 1.6046 3.24436
9 1 53 54 0.267713 1.35757 0.192234 0.505326 2.76231
1 1 56 66 0.248841 1.43694 0.224879 2.50362 2.9691
9 1 53 55 0.267713 1.35757 0.191442 0.50243 2.52401
5 1 54 28 0.264413 1.43137 0.21146 0.467751 2.39613
17 14
12 1 53 57 0.271791 1.36298 0.238027 2.0907 2.76135
13 1 56 51 0.209474 1.32237 0.203501 0.519792 2.00888
12 1 53 35 0.270467 1.36197 0.246982 0.520844 1.43493
1 1 54 48 0.232619 1.45509 0.192039 0.431273 1.97408
12 1 52 60 0.278471 1.36421 0.228909 2.37828 2.20036
6 1 53 53 0.21121 1.44689 0.215543 1.46942 2.11229
20 16
6 1 39 44 0.260663 1.32644 0.229806 1.11252 1.66529
15 1 39 60 0.259027 1.18089 0.24214 2.90768 2.03495
8 1 52 29 0.23249 1.35906 0.265571 0.817241 0.731628
7 1 35 22 0.240961 1.14229 0.241506 0.671426 0.791543
8 1 52 34 0.232284 1.35856 0.254541 0.855018 1.31057
14 1 35 56 0.250057 1.16005 0.244542 2.31223 4.239
21 46
5 0 0 0 0 0 0 0 0.418128
1 0 0 0 0 0 0 0 0.907224
33 1 41 42 0.260258 1.16006 0.273664 0.496155 1.15347
3 0 0 0 0 0 0 0 0.954205
5 0 0 0 0 0 0 0 0.385088
3 0 0 0 0 0 0 0 0.913919
22 4
2 1 38 54 0.233847 1.24932 0.273948 1.65004 1.41896
0 1 50 62 0.284861 1.50245 0.261894 2.21949 2.84723
1 1 37 38 0.247235 1.2367 0.246863 0.690251 1.16906
0 1 51 62 0.292605 1.50812 0.262746 2.32763 2.68173
2 1 38 33 0.233847 1.24932 0.250142 0.624399 0.842709
0 1 50 62 0.331939 1.51499 0.2619 2.21949 2.9198
23 3
2 1 56 75 0.261052 1.41868 0.362002 2.61949 3.88446
1 1 58 67 0.314103 2.42282 0.30469 1.72402 3.2612
2 1 62 53 0.245823 1.81924 0.251857 0.566706 2.90028
1 1 61 70 0.223641 1.70298 0.271807 2.61527 3.97663
2 1 61 37 0.240771 1.69779 0.253806 0.590015 2.08658
1 1 46 44 0.360729 1.85553 0.265779 1.42555 3.01507
24 35
15 1 50 21 0.288872 1.45659 0.242651 0.397538 1.09628
29 1 42 74 0.271199 1.24572 0.343737 4.89894 4.02257
5 1 57 22 0.260251 1.92787 0.2411 0.404741 1.65288
18 1 41 51 0.265226 1.23663 0.279091 1.32575 2.33826
15 1 50 18 0.325169 1.46794 0.246335 0.395534 0.791655
29 1 43 64 0.263605 1.24575 0.352841 4.36612 3.1926
26 22
1 1 46 33 0.28433 1.56269 0.304492 0.769034 0.97368
3 0 0 0 0 0 0 0 1.01121
1 1 52 65 0.281795 1.70086 0.234152 1.1097 2.52986
3 0 0 0 0 0 0 0 1.00288
1 1 52 65 0.281129 1.70224 0.362411 1.0796 3.28568
3 0 0 0 0 0 0 0 0.929809
27 12
2 0 0 0 0 0 0 0 0.534252
0 0 0 0 0 0 0 0 1.20605
5 1 37 34 0.271411 1.2222 0.275952 0.43142 1.28872
0 0 0 0 0 0 0 0 1.09762
11 1 40 34 0.271596 1.30307 0.266005 0.576796 1.28637
0 0 0 0 0 0 0 0 1.26374
28 9
4 1 51 48 0.258433 1.60983 0.212969 0.957019 2.6745
1 1 52 42 0.251232 1.60703 0.227186 0.893575 2.03695
6 1 54 42 0.253715 1.64795 0.237299 0.852096 1.92694
2 1 54 36 0.238036 1.70111 0.242891 0.459852 1.72128
6 1 54 72 0.253715 1.64795 0.22716 2.51382 4.64781
2 1 53 35 0.275911 1.70024 0.237682 0.457826 1.54603
29 21
10 1 39 52 0.258262 1.17362 0.239574 0.952997 1.43153
18 1 41 38 0.26475 1.22047 0.261695 0.66164 1.20466
2 1 40 50 0.237145 1.37144 0.262024 1.04773 1.39792
9 1 39 56 0.247822 1.15387 0.22474 2.834 3.10135
10 1 39 52 0.258262 1.17362 0.226479 2.23132 1.52467
9 1 39 46 0.247822 1.15387 0.235862 0.944694 2.03383
30 14
9 1 54 73 0.275665 1.56019 0.251861 4.21806 2.21942
2 1 54 48 0.22137 1.57969 0.246023 0.813828 1.71274
9 1 54 45 0.275665 1.56019 0.21998 0.423811 2.58113
4 1 57 63 0.306681 1.5536 0.274227 1.11724 2.40398
9 1 54 52 0.275665 1.56019 0.253166 1.94081 2.05308
1 1 57 25 0.296668 1.56752 0.270119 0.40439 1.28601
31 14
0 0 0 0 0 0 0 0 0.599259
7 1 38 69 0.258125 1.46536 0.316539 4.12834 2.26742
7 1 38 17 0.258125 1.46536 0.23145 0.329621 0.726295
11 1 40 19 0.258424 1.51423 0.245454 0.362431 1.31854
7 1 38 17 0.258125 1.46536 0.230123 0.329535 0.758191
11 1 40 19 0.258424 1.51423 0.218869 0.357247 1.26255
32 9
8 1 53 25 0.25124 1.81629 0.214545 0.509659 1.63667
5 1 54 59 0.242137 1.86585 0.231153 1.87294 4.46017
7 1 54 75 0.269196 1.77565 0.236072 3.33149 3.7131
5 1 54 61 0.242137 1.86585 0.225343 2.0872 3.99978
7 1 54 32 0.269196 1.77565 0.218575 0.569831 1.93329
5 1 54 61 0.242137 1.86585 0.225343 2.0872 3.56607
33 16
8 1 38 46 0.241811 1.10911 0.20364 1.5939 1.91823
5 1 36 34 0.229763 1.07948 0.24249 0.482557 0.965277
1 1 36 63 0.242961 1.19902 0.253327 3.03989 1.71158
9 1 39 30 0.245638 1.16794 0.207691 0.34257 0.939648
11 1 37 63 0.245769 1.13696 0.240953 3.0146 1.85823
9 1 39 51 0.245638 1.16794 0.224902 2.05054 1.94587
35 24
20 1 41 24 0.265359 1.64161 0.240534 0.449211 1.47802
8 1 53 63 0.260153 1.59072 0.256266 1.68948 3.84266
21 1 39 54 0.255787 1.54393 0.254955 0.678279 1.34603
0 1 47 50 0.250689 1.63426 0.213581 0.387949 2.41901
20 1 41 20 0.265359 1.64161 0.252427 0.42088 0.875937
0 1 54 56 0.267405 1.69066 0.238384 1.21481 5.05529
36 16
12 1 58 27 0.272194 1.86295 0.268173 0.538167 1.56731
5 1 50 54 0.266087 1.7892 0.257115 1.52325 3.58578
4 1 57 25 0.278112 1.85306 0.26257 0.523135 1.33359
8 1 54 55 0.237339 2.14012 0.234473 1.54748 2.26365
15 1 54 29 0.269029 1.87057 0.230392 0.55382 1.41845
5 1 50 72 0.266081 1.78922 0.238651 3.0814 6.10546
37 14
12 1 40 47 0.257079 1.45096 0.224364 0.439588 3.24347
7 0 0 0 0 0 0 0 0.581792
7 0 0 0 0 0 0 0 0.595866
9 1 42 48 0.258873 1.48389 0.215748 0.456555 1.71542
12 1 40 36 0.257079 1.45096 0.234533 0.6276 1.33734
9 1 42 48 0.258873 1.48389 0.215748 0.456555 1.69198
38 9
3 1 54 41 0.263965 1.48185 0.232243 0.465148 1.76832
5 1 51 74 0.245166 1.40815 0.272831 2.24805 3.6633
8 1 51 68 0.270086 1.38117 0.272107 3.84858 3.45728
1 1 52 82 0.241869 1.50715 0.260395 2.00753 11.6773
8 1 51 31 0.270086 1.38117 0.219148 0.436051 1.3208
1 1 53 60 0.236745 1.50716 0.263061 1.8039 4.23646
39 15
4 1 49 62 0.263752 1.34895 0.255679 1.65693 2.23263
12 1 49 62 0.222455 1.2789 0.215994 2.40166 2.68106
0 1 48 54 0.24654 1.4339 0.238936 1.23076 3.74079
12 1 48 38 0.236345 1.27647 0.210483 0.888345 1.54767
0 1 48 54 0.242581 1.43386 0.238936 1.23076 3.71049
12 1 48 45 0.24827 1.27895 0.178825 0.555125 1.66035
40 7
5 1 57 59 0.243559 1.60684 0.249106 1.80065 2.46994
1 1 55 60 0.251628 1.65009 0.200178 0.326697 4.19744
6 1 55 43 0.266845 1.6614 0.229763 0.984932 1.77562
2 1 59 46 0.241938 1.61668 0.239928 0.694331 2.95532
5 1 56 43 0.293711 1.60437 0.222681 0.860551 1.97947
1 1 55 59 0.251628 1.65009 0.191747 0.314654 2.74223
41 11
10 1 55 30 0.253448 1.68663 0.22533 0.369203 2.23516
2 1 55 82 0.260389 1.87924 0.284926 4.48822 4.35796
9 1 53 72 0.267706 1.68773 0.241934 1.69918 4.08369
2 1 55 63 0.212703 1.8763 0.222108 1.11762 3.84568
9 1 54 53 0.242608 1.68976 0.228064 2.82799 2.68315
2 1 55 64 0.221718 1.8769 0.211254 1.57753 3.32602
42 10
2 1 56 46 0.268335 1.82573 0.243489 0.688673 3.02521
7 1 54 45 0.244728 1.82627 0.231905 0.91722 2.04707
3 1 51 55 0.265035 1.83937 0.247942 0.794745 1.30789
4 1 57 64 0.267957 1.78022 0.249997 2.16447 4.20435
2 1 56 72 0.227218 1.82223 0.227346 3.04697 3.74025
1 1 53 71 0.253853 1.81586 0.236512 2.65066 4.39172
43 25
17 1 54 23 0.248038 1.60125 0.241878 0.418303 1.30329
9 1 46 49 0.262164 1.4067 0.255508 1.16121 1.87541
1 1 43 30 0.270643 1.41788 0.234556 0.418698 0.848053
2 0 0 0 0 0 0 0 1.16937
17 1 54 23 0.248038 1.60125 0.24188 0.418303 1.43465
9 1 46 56 0.262164 1.4067 0.258354 0.880044 2.1282
44 29
18 1 38 21 0.247312 1.33469 0.254059 0.394501 0.616352
26 1 46 38 0.261212 1.32806 0.252273 0.52385 1.57365
9 1 47 52 0.276807 1.49845 0.246471 1.39403 2.47896
24 1 44 58 0.244455 1.25243 0.249074 2.26974 5.09211
4 1 50 59 0.252468 1.33664 0.26809 1.15061 2.3293
24 1 44 63 0.244455 1.25243 0.229546 2.58216 2.86516
45 20
15 1 53 28 0.259196 1.94178 0.261107 0.668694 1.41352
10 1 49 50 0.249103 1.80679 0.242864 1.78936 3.19743
0 1 45 30 0.26345 1.61542 0.257282 0.638283 0.97826
13 0 0 0 0 0 0 0 1.30485
1 1 49 83 0.256196 2.16374 0.363624 4.31278 4.16168
10 1 49 65 0.249103 1.80679 0.216091 2.89534 3.2025
47 11
6 1 56 53 0.250951 3.28261 0.27659 1.95084 2.52588
9 1 55 52 0.260666 3.32916 0.23157 2.17174 2.2907
6 1 50 74 0.243786 1.89773 0.310661 3.95311 3.43229
0 1 54 56 0.232339 2.00402 0.283364 1.61004 1.94921
6 1 65 43 0.296585 2.0313 0.255459 0.672255 1.69098
9 1 54 39 0.267987 1.91292 0.244945 0.606896 2.10816
48 39
4 1 39 38 0.259662 1.3506 0.27236 0.439871 0.816941
6 0 0 0 0 0 0 0 0.976019
19 1 41 21 0.273226 1.14052 0.248839 0.477431 0.790755
6 0 0 0 0 0 0 0 0.964101
21 1 40 66 0.278982 1.19988 0.255702 3.1378 2.21685
6 0 0 0 0 0 0 0 0.927764
49 5
0 1 48 60 0.272871 1.66833 0.2706 1.6739 1.98843
2 1 54 23 0.257163 1.93414 0.222395 0.495142 1.2464
0 1 48 58 0.272871 1.66833 0.250937 2.18393 1.96559
1 1 62 38 0.237809 1.79654 0.241637 0.566989 1.81312
0 1 48 59 0.27287 1.66833 0.273845 1.67206 2.09043
2 1 53 70 0.258932 1.93264 0.249592 4.36862 2.41459
50 14
0 1 56 31 0.235545 1.74779 0.251497 0.582119 1.51937
10 1 52 58 0.262174 1.78098 0.231641 1.80916 3.09054
11 1 51 36 0.26285 1.71914 0.247641 0.625919 1.88267
6 1 56 75 0.280479 1.7709 0.298996 4.25916 2.74599
13 1 51 44 0.271385 1.75005 0.22098 0.823381 2.9608
6 1 56 53 0.303412 1.76589 0.19246 0.419994 2.13299
51 37
7 1 48 67 0.272191 1.98955 0.307385 1.54457 2.09061
26 1 56 43 0.246403 1.88052 0.238748 0.731205 2.83094
7 0 0 0 0 0 0 0 0.997935
26 1 56 79 0.257906 1.87752 0.254407 2.44626 2.93558
7 1 50 63 0.253939 2.10666 0.275662 1.12683 1.70106
26 1 56 42 0.243337 1.88062 0.240459 0.714696 2.77454
53 11
7 0 0 0 0 0 0 0 0.699926
8 1 42 45 0.269355 1.45 0.251658 0.363562 1.31955
2 1 41 25 0.245989 1.51097 0.250276 0.341541 0.696327
8 1 42 45 0.269355 1.45 0.242574 0.477998 1.74776
2 1 41 29 0.250189 1.50516 0.245925 0.3421 1.04917
8 1 42 43 0.269355 1.45 0.245652 0.792595 1.67916
54 16
13 1 54 69 0.287809 1.43809 0.228506 2.79731 3.8542
0 1 52 71 0.259686 1.5149 0.226032 2.08257 6.495
14 1 51 59 0.262859 1.38875 0.230426 1.96058 2.7047
5 1 58 28 0.229867 1.41562 0.241025 0.344176 1.20928
11 1 52 64 0.269823 1.48747 0.226489 2.44 3.62866
0 1 52 52 0.259686 1.5149 0.242791 0.950407 3.14317
56 23
6 1 41 62 0.254342 1.55612 0.250746 3.39342 2.18998
0 1 54 53 0.254251 1.84127 0.262197 0.704557 2.54629
22 1 43 37 0.24596 1.67472 0.278132 0.510706 1.88884
3 1 53 16 0.259081 1.84049 0.246142 0.416438 1.22654
22 1 43 21 0.24596 1.67472 0.239945 0.497555 0.951996
0 1 54 16 0.254251 1.84127 0.243698 0.404513 1.63757
57 15
2 1 48 42 0.257324 1.4408 0.268925 0.763848 1.06756
9 1 51 60 0.254017 1.36515 0.252643 0.759556 3.57871
4 1 49 16 0.292051 1.41617 0.227414 0.435952 0.735656
11 1 48 38 0.248571 1.32038 0.269669 0.556671 2.1513
2 1 48 15 0.271199 1.43272 0.216301 0.429757 0.663396
11 1 48 38 0.248571 1.32038 0.269669 0.556671 1.39606
58 23
14 1 41 47 0.244183 1.58655 0.24433 1.80208 1.41128
0 1 48 25 0.293241 1.66465 0.231614 0.436749 0.745725
9 1 43 20 0.254023 1.58869 0.224382 0.395107 0.650786
21 1 43 59 0.244577 1.68657 0.22671 2.61154 2.80645
14 1 41 31 0.244183 1.58655 0.253007 0.583061 0.954485
0 1 48 25 0.322458 1.67331 0.218059 0.417283 0.725965
59 28
2 1 43 67 0.241187 1.37183 0.374268 4.06255 3.15061
3 1 47 24 0.262288 1.29936 0.256813 0.477785 0.947433
11 1 38 56 0.2702 1.15145 0.206844 3.11929 2.23926
26 1 39 19 0.258105 1.13663 0.239845 0.45771 0.795917
27 1 40 67 0.242791 1.13202 0.287744 4.1352 3.13401
3 1 47 25 0.262288 1.29936 0.243952 0.477883 0.972792
60 8
0 1 41 21 0.221883 1.41566 0.235022 0.315922 0.585606
1 1 62 58 0.255369 1.45901 0.238757 1.49705 2.58563
7 1 43 50 0.275952 1.25847 0.262421 0.807384 1.5863
1 1 64 56 0.217922 1.45594 0.244614 1.64155 2.20904
0 1 39 23 0.268929 1.43194 0.244894 0.326514 0.627015
1 1 61 64 0.276011 1.45779 0.234839 1.19832 2.72925
62 10
9 1 52 48 0.246022 1.95687 0.243681 0.563172 2.19143
5 1 50 23 0.25077 1.96268 0.232426 0.528997 1.09998
1 1 44 53 0.251739 1.7896 0.262923 1.52792 1.61302
7 1 66 19 0.290131 2.46345 0.198039 0.486965 4.56713
9 1 52 86 0.246022 1.95687 0.285031 2.50158 4.62664
7 1 72 19 0.421078 2.17396 0.205808 0.487548 2.68662
63 27
6 1 49 58 0.264805 2.03467 0.265581 2.46397 2.2114
16 1 45 51 0.268216 1.52401 0.25856 0.99122 2.35795
2 1 52 28 0.241694 2.09651 0.254014 0.415951 1.61441
19 1 64 60 0.260781 1.69057 0.239041 1.46302 2.81104
2 1 52 66 0.241694 2.09651 0.274664 3.08807 4.44342
19 1 66 60 0.215806 1.69245 0.239041 1.46302 3.22733
64 23
2 1 57 60 0.2636 1.44653 0.22296 2.28616 2.40884
20 1 50 34 0.254788 1.39396 0.215127 0.499462 1.4856
7 1 49 78 0.277103 1.39122 0.299858 4.29968 3.16741
13 1 51 44 0.22158 1.52103 0.24893 0.586453 1.78899
7 1 49 23 0.277101 1.39122 0.251125 0.417795 1.02436
10 1 51 29 0.242111 1.56602 0.241436 0.432943 1.19513
65 33
2 1 47 70 0.275555 1.77224 0.289425 2.50017 2.55065
22 1 47 54 0.260562 1.79464 0.242512 2.27038 2.17242
2 1 50 24 0.272156 1.63186 0.237496 0.386784 1.05148
24 1 55 20 0.249976 1.99421 0.22044 0.482012 1.86491
2 1 52 31 0.275561 1.93321 0.241088 0.388751 1.15943
22 1 47 53 0.260562 1.79464 0.234154 0.738459 3.48628
66 20
18 1 49 40 0.262227 1.88126 0.22528 0.700871 1.48879
0 1 54 68 0.255315 3.41704 0.252521 3.65987 3.97722
17 0 0 0 0 0 0 0 0.649107
19 1 47 37 0.257325 1.87409 0.25098 0.567919 1.19957
17 0 0 0 0 0 0 0 0.70158
3 1 63 81 0.276663 2.07217 0.231831 2.39997 8.49348
67 9
6 1 64 66 0.321888 1.86344 0.304643 2.06907 2.17537
1 1 55 57 0.25514 1.80535 0.277441 1.35518 2.94938
4 1 64 55 0.29514 1.83911 0.228787 1.664 2.36387
1 1 55 54 0.25514 1.80535 0.246001 1.32302 1.95962
6 1 64 75 0.257516 1.85431 0.268649 2.98014 3.4172
1 1 55 74 0.25514 1.80535 0.28521 4.7947 3.0299
68 17
16 1 47 71 0.260046 1.52963 0.241321 1.01122 2.58611
14 1 48 64 0.260153 1.57022 0.231587 0.797825 2.6057
16 1 47 31 0.260046 1.52963 0.269239 0.363542 1.87087
11 1 49 50 0.244505 1.73599 0.23714 0.937877 1.45852
16 1 47 28 0.260046 1.52963 0.218365 0.356242 1.02805
1 1 58 46 0.283451 1.63143 0.229775 1.32656 2.3179
69 57
9 1 56 37 0.26113 1.74217 0.261878 0.500954 1.70721
26 1 50 32 0.238074 1.39564 0.235622 0.464169 1.24063
17 1 63 41 0.278238 2.12251 0.255937 0.450881 3.41501
28 1 50 63 0.24643 1.36304 0.244824 3.24515 3.0667
9 1 59 21 0.348943 1.54366 0.259364 0.313327 1.29031
26 1 49 33 0.243013 1.39563 0.233132 0.475188 1.17654
70 28
7 0 0 0 0 0 0 0 0.93533
0 0 0 0 0 0 0 0 3.9413
26 1 51 59 0.259919 1.26618 0.215362 2.47289 3.6814
2 0 0 0 0 0 0 0 0.979051
26 1 51 63 0.259919 1.26618 0.222253 2.19853 3.09853
0 1 54 24 0.305805 1.47629 0.225613 0.399665 1.22937
71 38
27 1 39 42 0.236049 1.36978 0.228432 0.663205 2.82356
0 1 61 48 0.265934 1.36683 0.265142 0.860737 1.50091
0 1 62 48 0.276141 1.37898 0.265443 0.859605 2.12783
13 1 43 36 0.188415 1.24483 0.243966 0.510715 2.13563
27 1 39 67 0.236049 1.36978 0.263261 3.33469 4.93433
13 1 43 43 0.190428 1.24619 0.196119 0.813247 2.56638
72 17
16 1 57 33 0.237146 1.8507 0.264026 0.758846 1.5289
8 1 54 50 0.243492 1.92538 0.240426 1.14098 2.66513
7 1 62 55 0.273861 2.12962 0.22371 2.22741 2.59627
11 1 69 31 0.297989 2.49721 0.232946 0.621056 1.40211
14 1 54 31 0.266519 1.92441 0.252472 0.725525 1.66744
8 1 54 50 0.243492 1.92538 0.240425 1.14098 2.44202
73 19
15 1 59 50 0.218186 1.86244 0.178683 0.337713 2.28783
0 1 47 33 0.247142 1.79026 0.247258 0.52838 1.37795
14 1 41 39 0.246825 1.75287 0.245845 0.484174 1.7311
15 1 58 50 0.309398 1.86557 0.178683 0.337713 2.11887
14 1 41 76 0.246825 1.75287 0.374641 4.17966 1.58915
0 1 47 33 0.247142 1.79026 0.247258 0.528381 1.37177
75 18
1 1 53 32 0.272408 1.70072 0.251139 0.440374 1.42739
2 1 53 20 0.253235 1.92858 0.238097 0.324851 1.1053
1 1 46 56 0.26497 1.7434 0.27315 2.01887 1.65554
3 1 54 62 0.237573 1.94487 0.212801 1.56983 3.32681
1 1 56 75 0.272386 1.61632 0.321313 3.01398 3.05958
3 1 61 21 0.272176 1.7759 0.230333 0.350546 2.09263
76 25
6 1 43 48 0.245409 1.57275 0.250979 0.561764 2.57213
7 1 47 49 0.247382 1.74288 0.248466 1.7242 2.69779
3 0 0 0 0 0 0 0 0.627796
22 1 50 55 0.254783 1.76387 0.252335 0.916094 3.63021
19 1 44 19 0.249594 1.61564 0.26614 0.488623 0.881916
7 1 47 47 0.247382 1.74288 0.25134 1.62499 2.13445
77 22
5 0 0 0 0 0 0 0 0.926466
4 1 45 79 0.229026 1.5924 0.333646 3.38196 4.15504
21 1 52 44 0.214437 1.39192 0.243332 0.745424 1.81679
1 1 58 77 0.275504 1.4607 0.240692 3.00313 5.3766
5 0 0 0 0 0 0 0 0.973834
4 1 45 68 0.229026 1.5924 0.292865 2.62532 3.20502
78 25
5 1 48 35 0.2586 1.58702 0.219477 0.384856 1.29784
14 1 53 64 0.294272 1.74584 0.307017 2.09423 2.26353
15 1 55 55 0.274826 1.71906 0.250527 1.83311 2.84433
0 1 53 34 0.20633 1.59763 0.232659 0.425828 2.54371
19 1 49 35 0.253614 1.5762 0.229994 0.383594 1.62573
17 1 51 60 0.247641 1.52752 0.265472 2.54005 3.30916
79 17
16 1 48 38 0.258622 1.87075 0.240185 0.631741 1.18927
0 1 52 66 0.256748 1.91728 0.240198 2.16191 3.7127
6 1 46 52 0.27109 1.69016 0.332812 1.43218 1.20785
5 1 52 26 0.263444 1.97036 0.249083 0.475514 2.46077
14 1 43 40 0.252324 1.77289 0.23452 0.48347 1.23554
5 1 52 27 0.263444 1.97036 0.243437 0.475341 1.31605
80 25
23 1 44 42 0.254051 1.75438 0.222309 0.399468 2.60514
1 1 59 64 0.318907 1.8136 0.269851 2.04953 1.77059
21 1 40 69 0.255771 1.59075 0.29367 4.07886 2.43448
13 1 56 80 0.274821 1.80264 0.30638 4.65583 2.81609
21 1 40 40 0.255771 1.59075 0.265269 0.528324 1.54568
13 1 56 42 0.274821 1.80264 0.235618 0.711359 1.62187
81 42
17 1 57 19 0.256514 1.42302 0.237938 0.518099 1.06005
34 1 56 52 0.239296 1.97209 0.243608 0.95928 3.90583
10 1 55 38 0.24756 1.86106 0.243573 0.640762 2.29656
25 1 55 60 0.238987 2.07341 0.208792 2.5527 3.69013
10 1 49 19 0.267796 1.98 0.228043 0.512612 0.962072
34 1 56 60 0.239296 1.97209 0.197859 1.60641 4.44832
82 28
2 0 0 0 0 0 0 0 1.09116
19 1 57 22 0.291165 1.78038 0.211883 0.296379 0.86322
23 1 54 40 0.317486 1.74418 0.230636 0.753103 1.12209
22 1 55 31 0.31586 1.76065 0.215682 0.328792 1.84995
2 0 0 0 0 0 0 0 1.01879
9 1 52 47 0.304981 1.71496 0.245769 0.870861 1.48691
83 28
2 1 61 29 0.282621 1.65481 0.224738 0.341773 1.37217
23 1 43 20 0.252339 1.32086 0.245039 0.315192 0.816026
6 1 51 29 0.255381 1.37198 0.224947 0.388531 0.924672
19 1 44 21 0.252952 1.35807 0.215716 0.322422 0.826691
2 1 57 35 0.256482 1.32056 0.230058 0.458914 1.92424
23 1 43 48 0.252339 1.32086 0.231521 0.915999 2.11637
84 22
14 0 0 0 0 0 0 0 0.709239
0 0 0 0 0 0 0 0 1.16384
7 1 42 29 0.241642 1.34635 0.268391 0.504777 1.35268
8 1 52 25 0.236579 1.79776 0.257839 0.394186 1.46252
17 1 41 21 0.262795 1.46154 0.257809 0.43975 0.859637
8 1 51 21 0.243425 1.81957 0.253749 0.395559 1.84466
85 27
13 1 39 61 0.242407 1.27057 0.231764 2.34331 2.85276
10 1 36 41 0.237218 1.10105 0.242868 0.655923 1.03008
15 1 39 38 0.247246 1.17184 0.253383 0.810807 2.36255
0 1 46 47 0.261547 1.44404 0.241912 0.909036 1.44152
13 1 39 44 0.242407 1.27057 0.243806 0.80075 2.77476
0 1 47 45 0.255567 1.44405 0.237744 0.902654 1.42348
86 20
4 1 52 37 0.27028 1.76394 0.24649 0.452677 1.95406
0 0 0 0 0 0 0 0 1.12087
9 1 45 53 0.263052 1.56727 0.247675 1.40019 2.23851
3 1 53 59 0.234655 1.88811 0.239217 1.00122 2.78071
9 1 45 58 0.263052 1.56727 0.242674 2.47801 2.82439
0 0 0 0 0 0 0 0 1.09029
87 33
7 1 51 19 0.245718 2.15696 0.240156 0.544809 1.22208
16 1 47 18 0.270157 1.64621 0.242498 0.582887 1.04472
8 1 69 17 0.318648 2.09668 0.257204 0.544123 1.08895
16 1 47 50 0.270157 1.64621 0.262275 1.0902 2.76705
8 1 47 74 0.270586 1.90667 0.280771 3.9104 3.68278
16 1 47 46 0.270157 1.64621 0.247495 1.82922 1.85177
89 18
17 1 49 64 0.270692 1.32386 0.223355 0.490476 3.42915
2 1 59 70 0.313132 1.72017 0.241126 0.535639 5.99434
9 1 54 43 0.263901 2.01138 0.264199 0.393771 1.11694
0 1 62 25 0.259935 1.67433 0.233973 0.376885 1.04296
17 1 49 76 0.270691 1.32386 0.249029 1.20942 3.46804
2 1 56 63 0.248305 1.5702 0.214194 0.385224 5.45653
90 17
10 1 48 59 0.254118 1.58075 0.229267 1.86634 2.27662
5 1 39 36 0.233496 1.27003 0.237055 0.480783 2.43751
11 1 40 65 0.242099 1.33332 0.232016 2.86448 1.99343
9 1 43 29 0.238247 1.52731 0.212904 0.311585 1.07421
13 1 43 41 0.242208 1.46256 0.187822 0.338648 1.57856
9 1 43 30 0.238246 1.52731 0.213018 0.307825 1.03533
91 46
8 1 52 21 0.337979 1.75002 0.264772 0.338258 0.890437
18 1 59 57 0.230695 1.66772 0.226866 1.14759 2.62588
3 1 46 18 0.267002 1.51514 0.245149 0.336093 0.764003
37 1 54 23 0.23775 1.66366 0.233918 0.369439 2.02596
3 1 49 67 0.273867 1.64795 0.286046 3.36941 3.17238
18 1 59 93 0.282153 1.66762 0.252554 3.51378 4.63607
92 15
8 1 44 25 0.26034 1.40127 0.224703 0.514781 0.613207
0 1 55 51 0.291684 2.18464 0.25813 1.7285 2.11257
9 1 57 42 0.246918 1.38594 0.237486 0.515041 1.2205
5 1 38 27 0.260543 1.35447 0.268928 0.520562 0.851159
8 1 43 25 0.293906 1.38684 0.226415 0.513788 0.687873
0 0 0 0 0 0 0 0 2.54163
93 26
3 0 0 0 0 0 0 0 1.09792
13 1 45 58 0.264906 1.47364 0.268288 1.02496 3.31942
12 1 45 63 0.27457 1.49925 0.235075 3.12242 3.0977
13 1 45 57 0.264906 1.47364 0.244202 0.88947 3.42188
4 0 0 0 0 0 0 0 1.09149
13 1 45 57 0.264906 1.47364 0.23855 0.857988 2.58266
94 16
14 1 52 46 0.263843 1.77031 0.232503 0.830722 1.57918
4 1 44 38 0.227144 1.60189 0.258541 0.653338 2.57213
11 0 0 0 0 0 0 0 0.604794
13 1 54 52 0.261493 1.78233 0.227862 1.01437 2.30668
12 0 0 0 0 0 0 0 0.70304
6 1 50 47 0.25911 1.83823 0.230881 0.812589 3.13458
95 15
2 1 56 58 0.262408 1.3871 0.242931 0.853604 1.34521
9 1 48 54 0.2267 1.42356 0.234567 0.660417 2.53543
9 1 48 66 0.2267 1.42356 0.217621 1.60977 3.37691
1 1 51 23 0.234204 1.68116 0.221781 0.418094 1.14025
11 1 48 37 0.277673 1.3157 0.23313 0.619953 1.2244
0 1 59 68 0.216044 1.4432 0.241228 2.63332 3.96376
96 11
4 1 36 20 0.26137 1.18802 0.247577 0.478342 0.720136
7 1 47 54 0.255543 1.34742 0.250792 2.3141 2.53202
0 1 42 43 0.239505 1.39033 0.251956 0.628773 1.56882
1 1 56 27 0.216406 1.36873 0.243836 0.566909 0.905919
4 1 36 20 0.261419 1.18802 0.24619 0.47461 0.68168
1 1 55 27 0.249819 1.36025 0.243646 0.566911 0.976334
97 17
1 0 0 0 0 0 0 0 0.447123
7 1 42 61 0.243282 1.29321 0.25763 1.84589 2.84977
0 0 0 0 0 0 0 0 0.449269
15 1 37 45 0.229581 1.19781 0.236032 0.82307 1.96029
0 0 0 0 0 0 0 0 0.472522
7 1 42 64 0.243282 1.29321 0.295325 2.24655 4.34673
98 11
4 1 58 32 0.266289 1.80743 0.233433 0.683668 1.56141
8 1 56 42 0.274951 1.73718 0.255331 0.577724 2.9701
7 1 54 46 0.270671 1.80484 0.228332 0.539807 1.78825
9 1 57 33 0.317439 1.82944 0.233624 0.708553 1.6606
7 1 54 64 0.270671 1.80484 0.235529 2.03795 2.91427
8 1 56 42 0.274951 1.73718 0.255331 0.577724 1.8528
99 6
0 1 40 33 0.256757 1.55212 0.243122 0.530143 1.28137
5 1 41 33 0.260925 1.58183 0.22051 0.589177 0.918941
5 1 41 34 0.260925 1.58183 0.223654 0.585187 1.36451
0 1 40 33 0.256747 1.55208 0.24317 0.531144 2.04192
5 1 41 34 0.260925 1.58183 0.232672 0.591805 0.930732
1 1 41 34 0.256429 1.54898 0.230874 0.540722 1.27727
