0 27
10 1 55 45 0.243133 3.23658 0.215095 0.894007 3.76646
8 1 51 39 0.245531 1.76062 0.190161 0.396725 1.95013
21 1 48 33 0.261386 1.68397 0.245922 0.419788 2.39703
5 1 56 47 0.251613 1.81152 0.200485 0.445438 2.49076
21 1 48 33 0.261386 1.68397 0.237856 0.416767 2.51552
5 1 55 35 0.256618 1.81151 0.233649 0.615296 2.01548
1 23
9 1 49 31 0.257301 1.64107 0.247241 0.562122 1.6098
7 1 44 75 0.250701 1.59875 0.278747 3.97692 4.34498
20 1 44 25 0.250444 1.50118 0.241917 0.40778 1.04981
2 0 0 0 0 0 0 0 0.698034
20 1 44 25 0.250444 1.50118 0.246225 0.408139 1.10652
7 1 44 26 0.250701 1.59875 0.264683 0.436956 1.40888
2 75
26 1 54 20 0.413961 1.38859 0.253749 0.53854 2.18356
29 0 0 0 0 0 0 0 1.17878
71 1 40 21 0.233094 1.23082 0.216907 0.592455 0.753976
38 1 60 55 0.21689 1.40704 0.249589 0.660738 8.62526
26 1 56 52 0.352781 1.67173 0.260218 1.09668 4.15712
22 0 0 0 0 0 0 0 2.65672
3 11
5 1 43 51 0.236768 1.47219 0.251697 0.880865 3.92713
0 1 50 56 0.272111 1.65582 0.218507 0.570921 7.6476
4 1 51 58 0.290516 1.51417 0.229743 0.568733 3.88837
2 1 53 56 0.251925 1.77829 0.222378 0.526495 9.5934
5 1 43 45 0.236766 1.47219 0.241715 0.761399 2.91695
2 1 49 87 0.276266 1.67087 0.295674 4.0998 14.2609
4 22
17 1 39 61 0.229831 1.23558 0.236804 3.53469 4.70009
11 1 42 66 0.233593 1.26208 0.286124 4.05424 4.48759
18 1 40 34 0.238449 1.31296 0.26419 0.666453 1.15488
4 1 42 29 0.235895 1.36524 0.218455 0.433356 1.01374
18 1 40 37 0.238449 1.31296 0.246298 0.647313 1.23688
4 1 42 61 0.235895 1.36525 0.22194 2.67384 4.35418
5 11
2 1 61 69 0.300168 1.84174 0.244991 0.911892 13.7324
10 1 47 25 0.260447 1.64986 0.253711 0.48247 1.23324
4 1 62 58 0.271847 1.77492 0.227463 0.461539 5.79941
7 1 47 31 0.250216 1.69041 0.27308 0.518912 2.23323
4 1 66 57 0.257446 1.73195 0.259696 1.58805 3.66153
6 1 52 57 0.263087 1.69686 0.225239 1.93302 3.47449
6 22
17 1 37 37 0.248291 1.17244 0.257315 0.819714 2.98642
3 1 41 62 0.252243 1.25596 0.302296 1.84087 3.14637
18 1 41 32 0.247853 1.25207 0.238261 0.706294 1.0543
6 1 39 60 0.258002 1.23674 0.257072 1.75241 2.13594
18 1 41 31 0.247853 1.25207 0.245153 0.709029 1.06148
9 1 40 38 0.254303 1.23367 0.240128 0.804746 1.5424
7 12
1 1 67 42 0.28777 1.88361 0.232353 0.49199 2.86649
7 1 41 57 0.249038 1.35896 0.21921 2.6389 4.11828
11 1 43 32 0.249923 1.30612 0.224553 0.333781 1.13023
0 1 80 82 0.310924 2.26596 0.306153 3.86383 13.6908
1 1 87 58 0.525688 2.25233 0.238713 0.584215 47.6122
8 1 40 49 0.242066 1.36288 0.228905 0.723483 2.31585
8 52
10 1 55 72 0.259745 1.45226 0.324717 3.29333 3.97495
15 0 0 0 0 0 0 0 2.4459
51 1 48 27 0.270629 1.56391 0.238172 0.423553 1.99339
15 0 0 0 0 0 0 0 0.830473
47 1 49 28 0.267226 1.5924 0.229542 0.416493 1.25749
15 1 47 60 0.317851 1.59686 0.274155 1.43826 6.25532
9 39
38 1 49 38 0.274926 1.43992 0.247497 0.818562 1.63702
9 1 56 100 0.403675 1.97746 0.37755 4.16016 32.7244
38 1 50 48 0.27384 1.43124 0.264688 0.546858 2.29685
9 1 64 85 0.344209 1.62166 0.372577 3.71611 20.6019
38 1 51 30 0.279298 1.44289 0.26875 0.443901 1.33667
9 1 56 62 0.292197 2.24244 0.379013 3.68898 14.2196
10 61
24 1 56 72 0.254491 1.47778 0.270571 2.53842 4.9034
41 1 48 48 0.249965 1.53551 0.237766 0.685577 2.10442
30 1 56 73 0.277793 1.55123 0.288969 1.63657 5.39311
27 1 61 71 0.285961 1.68738 0.248674 1.34338 4.11573
24 1 46 20 0.269299 1.56176 0.256625 0.353174 2.55206
33 1 54 35 0.258026 1.44584 0.261959 0.51249 3.41883
12 11
8 1 63 29 0.387012 1.92499 0.24504 0.407017 3.63182
0 1 68 27 0.29521 1.72309 0.244217 0.411787 2.41615
8 1 61 28 0.320042 1.76106 0.246135 0.428823 3.48436
9 1 60 67 0.259401 1.74528 0.22909 1.07321 5.44564
8 1 70 73 0.317279 1.69067 0.271857 1.09244 7.61431
9 1 60 80 0.259401 1.74528 0.277334 2.07608 4.35895
13 18
10 1 49 33 0.296017 1.69439 0.225204 0.520784 1.50029
14 0 0 0 0 0 0 0 0.668457
10 1 51 55 0.309265 1.70267 0.228978 0.515791 3.23725
4 1 41 45 0.239002 1.56106 0.306942 0.623029 3.75626
10 1 50 32 0.286563 1.68131 0.267277 0.569684 1.4807
4 1 52 30 0.251882 1.51999 0.246828 0.390663 2.92747
14 49
34 1 58 54 0.23094 2.03972 0.268736 1.83821 5.66847
12 1 58 24 0.316384 1.64684 0.210868 0.395159 1.64025
27 1 63 21 0.300821 1.54713 0.222433 0.396426 1.44045
9 1 56 20 0.2813 1.7479 0.254601 0.400963 9.38381
27 1 59 98 0.224921 1.95374 0.392771 3.222 11.5039
1 1 58 21 0.277401 1.6269 0.260642 0.382921 1.57214
15 35
34 1 58 21 0.241938 2.18134 0.230853 0.481991 1.45796
3 1 50 59 0.263977 1.70231 0.245586 0.745438 2.04107
7 1 60 84 0.339866 1.7431 0.329569 4.14701 5.98869
22 0 0 0 0 0 0 0 0.983175
34 1 50 23 0.273245 1.64186 0.221889 0.478923 1.686
22 0 0 0 0 0 0 0 1.0049
16 24
10 1 55 85 0.329878 1.99615 0.328766 3.50483 8.31231
6 1 57 66 0.293103 1.79082 0.289414 2.30599 8.6022
10 1 51 22 0.233828 1.77855 0.242732 0.392343 1.56418
6 1 51 21 0.269549 1.81025 0.255031 0.381193 2.71169
10 1 50 64 0.297824 1.66476 0.250493 2.02183 5.44315
6 0 0 0 0 0 0 0 1.90004
17 9
7 1 68 78 0.243129 1.6937 0.264491 1.20107 4.36984
1 1 60 43 0.310024 1.89849 0.34482 0.476729 19.5974
7 1 60 29 0.278714 1.67092 0.250105 0.4795 2.79182
5 1 62 41 0.311555 1.92743 0.259694 0.572087 3.60207
7 1 64 57 0.291643 1.62355 0.228388 0.446095 3.46978
1 1 69 65 0.261867 1.9239 0.323094 1.0997 18.4465
18 66
36 1 50 17 0.277267 1.83073 0.230382 0.394313 2.03155
11 0 0 0 0 0 0 0 2.16054
47 1 56 18 0.262443 1.74575 0.257057 0.40212 2.2823
24 0 0 0 0 0 0 0 1.58719
47 1 49 87 0.269478 1.85535 0.300061 3.86598 7.42277
11 0 0 0 0 0 0 0 2.69714
19 15
12 1 49 22 0.289343 1.56674 0.220849 0.423759 0.979526
4 1 53 63 0.227806 1.45105 0.232059 1.6964 7.26462
9 1 50 24 0.303388 1.56067 0.234677 0.433451 1.07936
0 0 0 0 0 0 0 0 1.57436
12 1 49 60 0.280601 1.55057 0.265488 2.5605 5.02787
0 0 0 0 0 0 0 0 1.19922
20 16
11 1 54 44 0.25262 2.03331 0.236711 1.10213 4.19291
5 1 55 55 0.255872 1.95164 0.21498 1.04354 2.8842
15 1 52 42 0.251596 1.93946 0.252007 0.550716 3.92258
8 1 56 69 0.257152 1.94222 0.204872 2.84963 6.79849
15 1 52 46 0.251602 1.93946 0.252516 0.551406 2.12011
8 1 56 33 0.257152 1.94222 0.188375 0.603303 1.85165
22 31
28 0 0 0 0 0 0 0 0.70352
11 1 59 31 0.250716 1.52642 0.267394 0.483777 2.86437
15 1 50 26 0.239104 1.67434 0.230289 0.503514 1.78784
3 0 0 0 0 0 0 0 0.841031
29 1 41 28 0.266328 1.55022 0.275132 0.630343 1.28097
7 1 48 54 0.317247 1.79009 0.257748 1.97103 10.8392
23 25
24 1 37 61 0.243852 1.21072 0.237824 2.13801 2.81946
6 0 0 0 0 0 0 0 1.06528
7 0 0 0 0 0 0 0 0.558971
0 0 0 0 0 0 0 0 0.573732
24 1 37 60 0.243852 1.21072 0.212725 2.62845 3.51779
0 0 0 0 0 0 0 0 0.572645
24 24
12 1 61 56 0.201585 1.63437 0.226562 0.687869 7.67502
8 1 62 64 0.265267 1.43967 0.293872 0.873388 3.21239
23 1 39 27 0.271395 1.39225 0.234178 0.453292 0.936623
4 0 0 0 0 0 0 0 1.24012
18 1 54 32 0.206372 1.63176 0.238669 0.519325 2.23429
1 0 0 0 0 0 0 0 6.13633
25 41
2 1 60 63 0.210838 1.32263 0.297312 1.76129 2.99259
3 0 0 0 0 0 0 0 0.565493
39 1 52 20 0.293254 1.54807 0.219357 0.412898 0.932162
10 0 0 0 0 0 0 0 1.22152
39 1 54 19 0.362324 1.55707 0.227737 0.416539 0.898587
25 1 55 47 0.282289 1.49413 0.250303 0.605974 2.23755
27 35
15 1 63 18 0.267566 1.70335 0.260086 0.387039 1.16972
25 1 53 18 0.250393 1.93924 0.229465 0.390041 1.78862
22 1 45 19 0.259357 1.81338 0.246295 0.386158 1.11591
8 0 0 0 0 0 0 0 2.29073
22 1 45 22 0.251712 1.82472 0.264469 0.390988 1.78698
25 1 58 24 0.255049 1.98386 0.272888 0.398993 2.62323
28 19
0 0 0 0 0 0 0 0 1.56236
18 1 48 29 0.270235 1.83669 0.237845 0.380382 1.4259
18 1 48 28 0.270235 1.83669 0.236981 0.380793 1.27629
4 0 0 0 0 0 0 0 0.83893
8 1 51 27 0.248273 1.88744 0.223782 0.37514 1.22403
2 0 0 0 0 0 0 0 1.10059
29 32
1 1 60 57 0.286955 1.58791 0.231744 0.603184 3.56518
5 0 0 0 0 0 0 0 2.36312
31 1 37 25 0.257682 1.23491 0.245843 0.404086 0.899207
0 0 0 0 0 0 0 0 2.46272
9 1 50 35 0.300682 1.53253 0.262751 0.639416 2.50227
0 0 0 0 0 0 0 0 5.84999
30 20
10 1 51 30 0.248417 1.57529 0.218588 0.421316 1.49455
4 1 44 38 0.251075 1.48203 0.234559 0.588201 2.40539
8 1 45 32 0.257451 1.50194 0.225238 0.515199 1.24712
6 1 46 58 0.252611 1.53177 0.227184 0.629924 4.74516
7 1 46 81 0.251938 1.51345 0.275311 4.61911 3.9014
9 1 45 58 0.255069 1.48434 0.220729 0.667907 2.77478
31 11
3 0 0 0 0 0 0 0 4.6185
8 1 50 25 0.263837 1.57799 0.228994 0.378374 2.33728
3 0 0 0 0 0 0 0 4.26059
5 0 0 0 0 0 0 0 1.23307
3 0 0 0 0 0 0 0 2.24554
5 0 0 0 0 0 0 0 2.95846
32 22
1 1 42 40 0.212098 1.29466 0.226044 0.548857 1.41355
2 1 39 60 0.24676 1.18969 0.217771 2.71502 2.83804
21 1 38 62 0.255306 1.17241 0.262559 3.58793 3.00149
5 1 40 41 0.199877 1.23147 0.211169 0.814116 2.33597
21 1 38 40 0.255306 1.17241 0.257076 0.612778 2.39862
5 1 39 58 0.23243 1.22938 0.206989 2.56805 3.75086
33 32
30 1 57 46 0.319285 1.4885 0.246587 0.651993 2.6618
7 1 61 85 0.249539 1.56677 0.314751 3.04275 14.7156
30 1 52 36 0.290534 1.31382 0.24416 0.643261 2.82128
0 0 0 0 0 0 0 0 1.54831
30 1 53 62 0.256853 1.63254 0.283552 1.42022 2.7893
0 0 0 0 0 0 0 0 1.97713
34 3
1 1 42 48 0.251144 1.70536 0.235667 0.441335 2.05496
0 1 45 43 0.262997 1.73234 0.240492 0.669295 1.66413
1 1 42 36 0.251144 1.70536 0.259135 0.562624 2.22361
2 0 0 0 0 0 0 0 0.707958
1 1 42 77 0.251144 1.70536 0.31415 4.32397 3.79442
0 1 45 43 0.262997 1.73234 0.240928 0.671059 1.60921
35 33
20 1 59 78 0.27529 1.6908 0.279734 2.74147 6.21236
32 1 37 19 0.247064 1.38993 0.237746 0.386643 0.75145
27 0 0 0 0 0 0 0 0.761459
5 0 0 0 0 0 0 0 2.00314
20 1 47 25 0.23225 1.60268 0.213231 0.407315 1.69491
0 1 49 67 0.313585 1.74661 0.280008 2.53768 3.6635
36 13
9 1 38 30 0.249165 1.21077 0.240124 0.502099 1.07581
6 1 38 34 0.249662 1.23874 0.236545 0.440114 3.32721
0 1 39 34 0.255783 1.19917 0.252433 0.646754 1.32948
8 1 38 38 0.251108 1.19542 0.26059 0.6679 2.60223
9 1 38 30 0.249165 1.21077 0.240121 0.502098 0.981816
6 1 39 34 0.241496 1.23876 0.235825 0.440115 1.16424
37 22
12 1 55 35 0.258583 1.75838 0.249267 0.484755 2.41672
7 1 56 67 0.319279 1.65297 0.311899 2.81652 7.50623
20 1 53 30 0.252303 1.5989 0.266885 0.359801 1.97073
4 1 61 71 0.228567 1.75537 0.254781 1.64736 4.28473
12 0 0 0 0 0 0 0 2.49374
7 0 0 0 0 0 0 0 1.93049
39 43
29 1 51 26 0.283861 1.20279 0.22159 0.449111 3.08934
16 1 50 49 0.307157 1.22919 0.255454 1.72305 6.52018
21 1 60 23 0.286701 1.36918 0.248581 0.438499 2.38878
17 1 49 62 0.401358 1.65819 0.27203 3.62148 6.13522
21 1 53 26 0.285102 1.48269 0.268921 0.43657 2.07496
16 1 61 82 0.262143 1.94091 0.315977 3.35928 23.3897
40 47
11 1 59 33 0.376055 2.19125 0.275267 0.540032 2.43262
18 1 54 77 0.27286 1.54352 0.365361 1.90489 5.95257
46 1 44 64 0.267453 1.39543 0.218088 2.86546 3.37296
0 0 0 0 0 0 0 0 0.837497
11 1 56 73 0.423063 1.4545 0.313439 3.44484 6.61446
18 1 67 70 0.29736 1.57935 0.281275 1.87999 8.3863
41 41
40 1 39 60 0.239306 1.51627 0.259495 2.49946 4.55748
15 0 0 0 0 0 0 0 2.59422
34 0 0 0 0 0 0 0 0.613955
7 0 0 0 0 0 0 0 1.11318
34 0 0 0 0 0 0 0 0.641541
7 0 0 0 0 0 0 0 1.71472
42 11
7 1 38 46 0.249277 1.29186 0.216798 0.369091 2.49357
4 1 39 39 0.257507 1.23377 0.229986 0.697834 1.43264
0 1 39 43 0.258984 1.2541 0.20373 0.67476 1.77884
4 1 39 38 0.257507 1.23377 0.235758 0.69009 1.38066
7 1 38 39 0.249277 1.29186 0.230957 0.60697 1.38001
4 1 39 46 0.257506 1.23377 0.199686 0.409474 2.50907
44 11
6 0 0 0 0 0 0 0 1.09344
2 1 54 37 0.269303 1.80657 0.268188 0.475868 4.75673
10 1 43 46 0.271424 1.64073 0.226306 0.826391 1.77511
3 1 59 53 0.310573 1.83183 0.236768 0.568146 5.22885
10 1 43 25 0.271424 1.64073 0.232091 0.411017 0.998142
2 1 49 39 0.275718 1.80477 0.244742 0.503654 3.45294
45 36
17 1 55 22 0.270571 1.3842 0.249361 0.379977 2.05
0 1 56 69 0.242052 1.72758 0.26233 2.47793 2.82457
15 1 57 55 0.280228 1.43839 0.312314 1.40127 2.29399
1 0 0 0 0 0 0 0 3.72041
17 1 51 60 0.283279 1.43478 0.262819 1.01289 3.96069
1 1 52 28 0.33784 1.59673 0.266025 0.392155 1.76106
46 48
20 1 48 57 0.284182 1.33067 0.215477 0.539941 3.22728
5 0 0 0 0 0 0 0 0.931942
6 1 55 79 0.337126 1.39274 0.359353 3.58944 8.33727
5 0 0 0 0 0 0 0 3.60081
20 1 48 52 0.290637 1.33028 0.273491 1.12158 5.84726
5 0 0 0 0 0 0 0 2.41957
47 12
6 1 40 39 0.243475 1.48568 0.235278 0.640608 1.3519
4 1 41 39 0.249476 1.40635 0.237703 0.66567 2.9179
10 1 40 39 0.253544 1.42053 0.24786 0.67458 1.37635
9 1 41 30 0.240877 1.57314 0.192994 0.3603 1.65105
7 1 40 48 0.244828 1.5012 0.224904 0.426903 2.64257
9 1 41 64 0.240877 1.57314 0.21614 2.34138 4.31435
49 25
12 1 44 49 0.260918 1.69936 0.260855 1.92166 4.97542
19 1 58 49 0.34576 1.85454 0.263568 0.871711 3.15962
12 1 64 30 0.327764 1.95512 0.255586 0.62077 2.77367
5 1 52 46 0.321517 1.91428 0.245824 1.48715 2.97399
12 1 44 47 0.260915 1.69936 0.261925 1.82079 3.61109
5 1 50 66 0.261828 1.87693 0.294518 1.67954 4.34937
50 30
7 1 59 47 0.217155 1.77603 0.257288 0.542616 3.9978
4 0 0 0 0 0 0 0 2.81275
28 1 46 67 0.263364 1.69801 0.235054 3.0653 4.54906
4 1 59 71 0.295188 1.80703 0.242283 1.77427 10.1688
10 1 61 61 0.274988 2.09356 0.249377 0.924834 2.84742
4 1 65 75 0.322572 1.83845 0.347102 1.86393 11.3227
51 61
20 1 51 71 0.269608 1.70287 0.221937 3.14488 8.50261
11 1 57 24 0.27609 1.62422 0.278138 0.400925 1.57337
26 1 60 30 0.251866 1.82949 0.274524 0.426623 1.60344
7 0 0 0 0 0 0 0 3.9888
26 1 56 37 0.255824 1.77239 0.248579 0.541174 4.16422
40 1 51 49 0.247753 1.80274 0.231225 1.741 2.53272
52 33
28 1 55 20 0.250803 2.2008 0.219223 0.361735 2.11273
1 1 58 61 0.348751 2.2706 0.412737 2.39459 7.925
7 0 0 0 0 0 0 0 1.3426
13 0 0 0 0 0 0 0 1.66013
28 1 50 23 0.271416 1.88498 0.270925 0.3516 2.47866
13 0 0 0 0 0 0 0 1.08861
53 24
11 1 56 88 0.254385 1.8514 0.279854 3.6167 13.5315
0 0 0 0 0 0 0 0 2.56823
12 0 0 0 0 0 0 0 1.72704
16 0 0 0 0 0 0 0 1.92595
20 1 58 25 0.219608 1.77817 0.24901 0.571734 1.55732
0 0 0 0 0 0 0 0 2.94978
54 3
1 1 45 39 0.221906 1.87278 0.256774 0.486243 2.65046
0 1 50 74 0.278187 1.91981 0.319739 2.2146 4.57151
0 1 51 39 0.273754 1.91915 0.213335 0.527241 2.35501
2 1 45 49 0.229147 1.87699 0.245402 0.57654 2.23239
0 1 51 51 0.273884 1.9194 0.243486 0.632799 9.30167
2 1 45 26 0.229147 1.87699 0.202837 0.386954 1.23615
55 32
22 1 53 76 0.274766 1.88382 0.36551 3.01917 7.50898
7 0 0 0 0 0 0 0 2.9179
15 1 69 20 0.29254 1.80577 0.251033 0.379432 1.14396
5 1 62 32 0.259406 1.78842 0.240168 0.374779 6.27423
22 1 55 21 0.276503 1.87917 0.231227 0.37651 1.58876
23 1 54 82 0.265472 2.08508 0.308708 3.79806 9.90685
57 13
8 1 56 32 0.237793 1.9423 0.255537 0.479535 2.37209
1 0 0 0 0 0 0 0 0.896817
9 1 42 59 0.247241 1.75716 0.267055 1.24782 7.39837
4 0 0 0 0 0 0 0 0.772608
9 1 44 40 0.259116 1.72583 0.243985 1.17604 5.9035
4 1 60 60 0.278911 1.961 0.31418 0.934706 2.82
58 24
20 1 38 35 0.248417 1.20015 0.255327 0.697417 2.19611
3 1 41 42 0.232393 1.2532 0.254152 0.819838 2.11462
0 1 50 48 0.297578 1.36629 0.291963 0.731361 1.68749
23 1 38 30 0.238907 1.17416 0.234706 0.562467 1.6087
0 1 51 52 0.264942 1.37004 0.257952 0.806822 2.90556
3 1 42 42 0.204209 1.24841 0.254151 0.819839 1.46269
59 37
30 1 55 26 0.360726 1.95719 0.261242 0.560365 1.54094
1 0 0 0 0 0 0 0 1.27189
31 0 0 0 0 0 0 0 1.0994
9 0 0 0 0 0 0 0 1.74661
31 1 51 38 0.240978 1.98032 0.256531 0.531164 1.97409
1 0 0 0 0 0 0 0 1.23151
60 49
47 0 0 0 0 0 0 0 0.601597
0 0 0 0 0 0 0 0 0.785882
42 1 52 31 0.27456 1.70384 0.23131 0.437486 1.37651
0 0 0 0 0 0 0 0 2.28474
42 1 52 31 0.282869 1.69308 0.232163 0.437472 1.3678
0 0 0 0 0 0 0 0 2.85084
61 30
28 1 49 23 0.263019 1.61968 0.247454 0.390331 1.15334
7 1 59 37 0.249982 1.79486 0.258172 0.426429 2.88587
29 1 46 24 0.267379 1.51436 0.250632 0.370264 2.20359
6 0 0 0 0 0 0 0 1.6961
29 1 46 22 0.267379 1.51435 0.254417 0.373923 1.06019
6 0 0 0 0 0 0 0 1.29469
62 8
7 1 38 35 0.237886 1.48024 0.257144 0.605996 1.23102
0 1 39 66 0.240437 1.56459 0.270968 2.91324 3.59395
5 1 38 61 0.242425 1.53021 0.219851 2.30271 3.67327
0 1 39 70 0.240437 1.56459 0.258988 2.20909 3.15598
5 1 38 60 0.242143 1.53021 0.208314 2.1056 3.12658
0 1 39 69 0.240434 1.56459 0.287952 3.4624 8.75474
63 41
2 1 48 90 0.308978 1.44668 0.358752 4.11459 3.52334
16 1 42 46 0.249169 1.31708 0.25236 0.812333 2.7526
12 1 52 31 0.314816 1.43988 0.240914 0.585429 1.36974
4 0 0 0 0 0 0 0 0.575252
11 1 48 64 0.262051 1.45067 0.300883 3.80441 4.5209
20 1 41 66 0.259273 1.28783 0.277783 4.29233 3.47772
64 48
25 1 57 26 0.304413 1.96235 0.258541 0.416475 2.68905
41 1 42 33 0.229182 1.64105 0.251871 0.415849 1.24738
26 1 53 61 0.25486 1.99368 0.277607 0.710776 3.62029
8 0 0 0 0 0 0 0 0.750034
26 1 44 25 0.245024 1.53307 0.244178 0.401206 1.43013
41 1 42 23 0.229182 1.64105 0.239859 0.448443 2.00652
66 14
13 1 38 60 0.237648 1.21312 0.23821 2.36753 3.16355
7 1 42 26 0.224184 1.24481 0.19961 0.404179 0.929507
2 1 43 42 0.294349 1.22648 0.232461 0.671269 2.82038
6 1 40 36 0.246806 1.18261 0.228861 0.603885 1.24192
11 0 0 0 0 0 0 0 0.540791
7 1 41 26 0.250284 1.24159 0.19961 0.404179 0.91276
67 49
33 1 56 82 0.248474 1.55227 0.259087 1.66296 10.4767
36 1 60 100 0.283338 1.77222 0.372756 4.32367 10.8539
33 1 42 18 0.254561 1.52095 0.233975 0.394271 1.02761
0 1 49 79 0.367245 1.79099 0.313572 2.25018 2.16482
33 1 73 18 0.38579 1.79275 0.225397 0.398204 1.33344
36 1 54 20 0.240131 1.6096 0.247046 0.403966 4.786
68 59
46 1 52 23 0.250151 1.52299 0.264783 0.395075 1.7815
16 0 0 0 0 0 0 0 0.584169
36 1 52 23 0.3 1.53682 0.24034 0.389171 1.11607
30 1 65 46 0.252624 1.56687 0.272525 0.541839 3.55177
28 1 56 20 0.294204 1.56433 0.24653 0.376872 1.18565
30 1 64 69 0.271388 1.58288 0.277234 0.986944 7.41652
69 6
2 1 40 34 0.264723 1.20769 0.223148 0.526108 1.30689
1 1 40 37 0.2582 1.223 0.23268 0.681341 1.62909
0 1 42 58 0.264154 1.26213 0.246512 1.81327 2.85564
5 1 40 56 0.248858 1.15659 0.283043 1.40019 3.04387
2 1 41 34 0.256862 1.20773 0.231266 0.540773 1.3192
1 1 40 37 0.2582 1.223 0.23268 0.681341 1.647
70 11
7 1 40 40 0.246184 1.48152 0.239759 0.698084 1.43379
4 1 41 39 0.251198 1.39233 0.247807 0.762414 2.63324
10 1 40 41 0.256162 1.40501 0.254018 0.787221 1.67026
9 1 41 62 0.240465 1.55693 0.215246 2.2897 3.992
7 1 40 40 0.246186 1.48152 0.239764 0.698105 2.94144
4 1 41 40 0.251198 1.39233 0.241569 0.762427 1.60153
72 60
21 1 64 20 0.294591 1.38653 0.245962 0.401012 1.3111
32 1 55 60 0.296548 1.44256 0.245266 2.57172 7.43112
36 1 46 23 0.267773 1.3214 0.24579 0.410332 1.38368
4 1 69 26 0.380678 1.80803 0.23055 0.511495 2.38413
21 1 66 23 0.274017 1.59488 0.253827 0.400697 1.88474
4 1 55 22 0.260642 1.48716 0.23005 0.454508 4.07932
73 66
7 1 49 18 0.266114 1.57163 0.254982 0.378065 1.484
32 1 56 19 0.301487 1.91161 0.245879 0.378287 1.90736
35 1 47 75 0.265808 1.69184 0.333155 3.50482 9.1048
42 1 55 27 0.251261 1.71104 0.24431 0.407833 2.13337
29 1 55 17 0.211195 1.45708 0.226098 0.379641 1.08842
32 1 59 54 0.22634 1.76476 0.234599 0.456557 6.97647
74 9
2 1 61 55 0.225534 1.62947 0.22876 0.637422 6.93875
7 1 47 57 0.253523 1.51329 0.229226 2.4764 2.70435
7 1 47 58 0.253523 1.51329 0.222471 2.67816 4.8209
3 1 60 61 0.250795 1.67586 0.217778 0.783005 5.17031
2 1 64 89 0.256459 1.68597 0.287959 1.89375 13.6434
6 1 50 72 0.245597 1.56894 0.27769 4.47903 4.67812
75 29
4 1 67 41 0.436997 1.97358 0.245448 0.65172 3.39048
13 1 54 69 0.244281 1.96011 0.233802 2.70511 4.78445
0 0 0 0 0 0 0 0 1.09708
10 1 56 75 0.295803 2.0346 0.258734 2.2963 7.06762
4 0 0 0 0 0 0 0 1.67403
13 1 54 52 0.244291 1.96011 0.238304 2.02059 3.65389
76 41
11 1 48 32 0.329516 1.49917 0.27138 0.527924 1.62902
12 0 0 0 0 0 0 0 0.565286
7 1 50 69 0.306022 1.46251 0.253209 0.962166 6.0679
18 1 47 45 0.251192 1.42445 0.240007 0.770735 1.91086
11 1 48 26 0.333161 1.46451 0.271085 0.491458 2.1764
18 1 47 45 0.251192 1.42445 0.240007 0.770735 4.10912
77 41
34 1 51 26 0.26874 1.3993 0.276891 0.404974 2.15962
10 1 62 19 0.261726 1.80799 0.244478 0.346316 1.86665
25 1 61 75 0.298954 1.75885 0.33722 1.0152 2.25428
10 1 63 18 0.271593 1.81064 0.267123 0.346412 6.37499
25 1 51 22 0.256277 1.6027 0.26136 0.356852 1.23913
10 0 0 0 0 0 0 0 6.85887
78 45
17 1 49 19 0.280591 1.54872 0.246748 0.442424 0.89905
5 1 59 62 0.266924 1.64307 0.313447 1.92215 6.10297
10 1 49 45 0.242176 1.43668 0.249096 0.758207 4.35829
4 0 0 0 0 0 0 0 0.541898
17 1 51 19 0.270829 1.53197 0.227747 0.441645 0.863602
4 0 0 0 0 0 0 0 0.876868
79 37
36 1 53 61 0.275752 1.57966 0.278618 1.09849 3.03342
12 1 51 69 0.216467 1.8301 0.323958 2.20251 4.70314
20 1 43 63 0.253301 1.59199 0.313345 2.17369 4.035
8 0 0 0 0 0 0 0 1.85833
36 1 71 50 0.297647 1.77048 0.284705 1.01087 3.15618
12 1 60 87 0.254924 1.74586 0.258945 3.22067 10.9227
80 42
40 1 49 26 0.323509 1.44103 0.25969 0.429959 1.09158
9 1 49 90 0.330844 2.00593 0.320922 3.91194 11.8999
7 1 47 22 0.305469 1.33257 0.267689 0.412436 1.35484
9 1 52 93 0.425972 2.1222 0.409085 4.1281 16.3862
40 1 49 26 0.24492 1.43936 0.25969 0.429959 1.46634
9 1 66 86 0.370592 1.48527 0.324142 3.98546 20.2396
81 42
21 1 51 26 0.378577 1.72184 0.271203 0.353837 1.91692
6 0 0 0 0 0 0 0 1.85248
35 1 53 22 0.24026 1.45304 0.256566 0.380674 2.78838
6 0 0 0 0 0 0 0 1.88471
21 1 49 27 0.29262 1.59731 0.26103 0.355161 1.58358
6 0 0 0 0 0 0 0 3.76419
82 32
13 1 49 52 0.282883 1.61709 0.267281 1.7124 4.17664
1 0 0 0 0 0 0 0 0.822456
12 1 48 55 0.299044 1.60994 0.283648 1.97418 4.70593
16 1 40 39 0.236392 1.46187 0.2479 0.708903 1.40949
11 1 50 58 0.263844 1.61294 0.216508 0.568268 3.20002
16 1 40 39 0.236392 1.46187 0.2479 0.708903 3.39602
83 11
8 1 37 71 0.244868 1.4058 0.364084 2.15166 3.35045
3 1 41 36 0.243817 1.46145 0.247446 0.50971 2.92725
1 1 50 63 0.28924 1.58361 0.28647 1.43282 6.57387
10 0 0 0 0 0 0 0 0.583303
1 1 50 62 0.27025 1.56667 0.283101 1.52489 6.15127
10 0 0 0 0 0 0 0 0.588227
84 36
9 1 49 59 0.276267 1.46183 0.225468 0.480349 3.89074
13 1 43 36 0.245291 1.37591 0.24357 0.541712 1.34911
5 1 50 30 0.265109 1.3643 0.272553 0.394788 2.18199
17 1 41 25 0.239832 1.41624 0.226958 0.375549 1.48819
9 1 50 58 0.269545 1.45432 0.223787 0.419424 3.97578
17 1 41 25 0.239817 1.41623 0.226958 0.375549 0.925705
85 6
5 1 40 60 0.24222 1.30133 0.213968 1.55922 1.95495
0 1 41 39 0.252622 1.30005 0.25315 0.795379 1.47532
1 1 40 69 0.251093 1.28169 0.300363 4.76288 4.06005
5 1 40 62 0.24222 1.30133 0.222619 2.73012 5.54097
3 1 40 55 0.245944 1.24606 0.207201 2.3964 2.2956
2 1 41 57 0.246009 1.27689 0.223894 2.5314 2.43198
86 37
31 1 49 58 0.27474 1.77813 0.281463 0.920207 4.61266
9 0 0 0 0 0 0 0 53.9999
31 1 55 60 0.259856 1.73115 0.270928 3.14958 6.60398
9 1 49 70 0.315458 1.91509 0.288216 3.00008 17.5728
31 1 44 43 0.257584 1.70626 0.247161 1.65977 4.30028
9 0 0 0 0 0 0 0 2.61908
87 49
48 1 41 65 0.236527 1.74385 0.246864 2.99349 4.18265
0 0 0 0 0 0 0 0 0.866665
19 1 55 27 0.259952 1.79437 0.260447 0.489242 1.89613
14 1 42 28 0.25991 1.75775 0.241954 0.378403 1.93274
25 1 46 51 0.257228 1.76495 0.284544 1.04692 2.24157
14 1 42 50 0.239864 1.76624 0.212526 2.28106 11.3941
88 69
30 1 48 60 0.284054 1.44327 0.282457 1.47049 3.56386
9 0 0 0 0 0 0 0 2.5617
29 1 48 17 0.251621 1.47131 0.246666 0.46827 1.04848
0 0 0 0 0 0 0 0 2.61933
30 1 47 17 0.298144 1.44125 0.262221 0.471641 0.862592
9 0 0 0 0 0 0 0 2.89483
89 28
23 1 56 25 0.260799 1.71564 0.262748 0.573442 2.84549
0 0 0 0 0 0 0 0 1.82769
11 1 58 32 0.276797 1.94704 0.23387 0.557123 1.5624
20 1 50 41 0.259471 1.83629 0.234721 0.968623 3.10377
12 1 49 89 0.262183 1.68646 0.36437 4.39615 6.41035
0 0 0 0 0 0 0 0 0.781506
90 24
17 1 58 66 0.247053 1.7341 0.230294 0.860712 5.13646
0 0 0 0 0 0 0 0 0.989446
18 1 56 57 0.281876 1.59812 0.255103 1.94599 9.78342
8 1 54 87 0.336981 1.80155 0.37663 4.2276 9.05718
17 1 47 60 0.269248 1.54796 0.228908 0.999792 4.76422
8 0 0 0 0 0 0 0 0.903068
91 43
40 1 37 28 0.243531 1.2811 0.241889 0.462473 0.948513
6 0 0 0 0 0 0 0 2.13236
16 1 49 40 0.301865 1.49904 0.276844 0.517153 1.48158
0 0 0 0 0 0 0 0 1.15845
12 1 50 69 0.295786 1.50714 0.262853 1.10066 13.668
0 0 0 0 0 0 0 0 1.46917
92 5
0 1 54 35 0.245946 1.79781 0.23158 0.496219 2.87725
3 1 51 68 0.226692 1.81 0.245545 3.20298 3.64117
0 1 55 85 0.291215 1.79651 0.271196 4.05357 4.93279
2 1 52 22 0.276863 1.81665 0.204401 0.507417 1.2935
0 1 54 51 0.250887 1.79707 0.218078 0.547054 2.79591
3 1 51 33 0.233417 1.80977 0.245566 0.608803 1.56947
93 39
38 1 44 56 0.257563 1.80956 0.23472 2.02806 3.25089
12 0 0 0 0 0 0 0 5.63441
21 0 0 0 0 0 0 0 1.11136
8 0 0 0 0 0 0 0 1.42233
21 1 52 42 0.276396 1.7277 0.256809 1.34171 3.28391
8 0 0 0 0 0 0 0 1.5095
94 20
17 1 64 37 0.265247 1.87484 0.231438 0.487384 4.74973
10 1 55 80 0.253505 1.89321 0.216163 3.33983 6.27479
11 1 53 59 0.256436 1.8191 0.248556 0.877392 2.57666
3 1 56 37 0.246485 1.98068 0.226982 0.598981 1.85081
17 1 59 70 0.26442 3.38893 0.267637 4.43868 5.43956
6 1 55 38 0.24219 1.85814 0.229444 0.596414 3.21054
95 8
3 1 54 72 0.279466 1.94351 0.2731 2.20891 6.20599
7 1 44 59 0.260598 1.74056 0.212634 2.54222 3.06561
7 1 44 74 0.260598 1.74056 0.219648 2.33778 3.80721
2 1 47 66 0.248306 1.85771 0.233965 1.61186 5.26924
3 1 69 93 0.27147 1.88441 0.329389 3.44864 5.2556
2 1 56 40 0.35152 1.98887 0.259895 0.468546 3.54338
96 64
25 1 52 33 0.40302 1.27496 0.273773 0.530096 3.0885
8 1 55 26 0.284459 1.50264 0.266872 0.548471 2.85508
25 1 55 35 0.260604 1.21763 0.23746 0.639088 3.62753
8 0 0 0 0 0 0 0 13.8466
25 1 47 78 0.294063 1.38095 0.380141 3.04643 6.97723
8 1 50 44 0.387121 1.57795 0.236196 0.600397 5.87443
97 25
16 1 38 41 0.231368 1.37186 0.225348 0.675865 1.39564
6 1 41 70 0.222217 1.35721 0.264163 4.25283 4.01436
22 1 38 32 0.245175 1.30164 0.251103 0.568801 1.09395
3 1 40 30 0.240183 1.41419 0.205526 0.344764 1.06807
22 1 38 40 0.245173 1.30164 0.234121 0.414939 2.48931
9 1 40 32 0.235174 1.37464 0.199862 0.352158 1.29319
98 33
16 1 49 45 0.271001 1.87394 0.242439 0.616489 6.20803
7 0 0 0 0 0 0 0 1.64017
29 1 43 39 0.255389 1.82553 0.252522 0.775125 2.19011
7 0 0 0 0 0 0 0 2.1473
16 1 49 69 0.269696 1.87779 0.339273 3.1552 10.8414
7 0 0 0 0 0 0 0 1.10879
99 40
12 0 0 0 0 0 0 0 1.56454
14 1 61 62 0.252985 1.60796 0.254849 1.87446 5.22278
19 1 53 64 0.243507 2.22682 0.267389 2.88659 6.70614
9 0 0 0 0 0 0 0 3.31246
18 1 50 25 0.300545 1.92891 0.272774 0.503698 1.75198
17 1 50 73 0.26452 2.08036 0.291671 1.74787 2.95293
