0 11
1 1 53 27 0.258115 1.35235 0.226191 0.3334 1.28454
2 1 53 27 0.286307 1.57148 0.238377 0.303203 1.50684
8 1 53 40 0.276825 1.36732 0.263944 0.703099 2.08331
5 0 0 0 0 0 0 0 0.000775
8 1 54 67 0.255195 1.36614 0.258303 1.14589 5.27859
2 1 53 81 0.264179 1.57672 0.27561 4.05357 6.4522
1 11
1 1 59 27 0.225659 1.83839 0.253216 0.445664 4.7692
6 1 47 29 0.238652 1.87088 0.237599 0.487797 3.83338
4 1 63 24 0.272615 1.6906 0.243706 0.448994 1.67686
6 1 48 57 0.254352 1.89127 0.256899 2.24768 5.06499
9 0 0 0 0 0 0 0 1.11184
6 1 61 76 0.33344 1.94153 0.298297 2.45876 6.9454
2 17
4 1 59 27 0.3163 1.57771 0.268993 0.403878 1.62785
0 0 0 0 0 0 0 0 38.6016
16 1 54 61 0.265577 1.53692 0.268663 1.87621 4.90955
0 0 0 0 0 0 0 0 4.48866
16 1 48 34 0.272201 1.72928 0.261372 0.390009 3.06042
0 0 0 0 0 0 0 0 21.402
3 40
11 1 62 62 0.188373 1.25803 0.244845 0.916733 2.22492
0 1 40 40 0.238506 1.13337 0.257409 0.638666 1.49913
12 1 40 37 0.236439 1.11983 0.256162 0.619455 1.14997
11 1 60 71 0.293549 1.27458 0.313789 2.10224 2.46074
4 1 41 40 0.241386 1.17083 0.258744 0.786364 1.63164
34 1 51 35 0.224061 1.35128 0.232905 0.718799 3.56885
4 17
16 1 60 75 0.238308 2.01188 0.263409 2.85464 7.48035
5 0 0 0 0 0 0 0 7.80914
16 1 55 21 0.289528 1.79507 0.255764 0.408176 2.18345
1 0 0 0 0 0 0 0 4.74269
16 1 60 23 0.285616 1.49674 0.227263 0.413514 1.84251
1 0 0 0 0 0 0 0 3.70166
5 15
14 0 0 0 0 0 0 0 1.19385
4 1 49 22 0.331486 1.88794 0.246811 0.333799 3.40096
9 0 0 0 0 0 0 0 1.00319
1 1 58 48 0.250374 1.8974 0.235469 0.885311 2.4836
7 1 54 40 0.246689 1.85827 0.24709 0.629461 1.95413
4 1 49 22 0.249648 1.87138 0.248612 0.332648 3.2103
6 61
18 1 47 24 0.249174 1.46383 0.27655 0.427652 0.83644
0 0 0 0 0 0 0 0 1.96327
35 1 51 21 0.302318 1.50943 0.259115 0.440612 1.48875
0 0 0 0 0 0 0 0 1.75652
35 1 49 49 0.288613 1.50705 0.256472 1.21395 2.23569
0 0 0 0 0 0 0 0 2.00255
7 60
9 1 56 75 0.252554 1.68166 0.306111 1.68431 4.92721
11 1 57 64 0.222687 1.79889 0.203064 2.72142 4.87301
59 1 50 30 0.271498 2.10357 0.268982 0.460013 3.64516
15 1 56 17 0.256524 1.92372 0.22394 0.42156 1.52162
9 1 55 48 0.225774 1.72326 0.287971 0.66565 1.97649
11 1 56 54 0.255291 1.80112 0.23425 0.846753 3.5833
8 58
5 1 92 29 0.383067 2.37193 0.268454 0.459908 3.57657
22 1 41 51 0.217526 1.58453 0.19846 1.31948 2.08073
57 1 49 21 0.263032 1.34436 0.240082 0.368563 1.0187
1 0 0 0 0 0 0 0 0.717041
5 1 56 65 0.333728 1.60579 0.284032 0.828393 3.34363
0 0 0 0 0 0 0 0 98.6482
9 58
4 0 0 0 0 0 0 0 0.65143
5 1 54 64 0.202518 1.47845 0.210811 0.488051 13.1724
11 0 0 0 0 0 0 0 0.589776
0 1 63 65 0.290322 1.57087 0.21389 0.505643 5.88104
11 0 0 0 0 0 0 0 0.602062
5 1 57 83 0.287761 1.45486 0.325015 2.71081 8.95325
10 8
7 1 45 66 0.235505 1.76186 0.242752 3.17047 2.42489
3 1 58 49 0.254016 1.83914 0.233103 1.00917 2.46128
7 1 44 57 0.243943 1.75984 0.266242 1.83198 2.43192
2 1 54 26 0.240699 2.00823 0.22837 0.555424 1.88796
7 1 44 64 0.240808 1.76231 0.259174 3.15086 2.48128
2 1 54 31 0.240699 2.00823 0.258197 0.546506 2.73343
13 20
18 1 50 19 0.261813 1.55165 0.253761 0.571118 0.769583
6 1 60 74 0.298745 1.51027 0.314334 3.20175 6.12582
16 1 58 44 0.260153 3.22058 0.256997 1.40607 2.11315
0 0 0 0 0 0 0 0 3.46331
18 1 50 33 0.26629 1.89172 0.272876 0.600337 1.46335
6 0 0 0 0 0 0 0 0.923598
14 60
36 1 49 31 0.330701 1.53359 0.273372 0.435342 1.22114
18 1 52 52 0.232679 1.52069 0.239556 0.891777 3.81044
19 0 0 0 0 0 0 0 0.509795
0 0 0 0 0 0 0 0 1.89221
36 1 48 21 0.328884 1.52822 0.256896 0.384356 0.838285
0 1 55 54 0.278432 1.55285 0.242749 0.483661 4.12228
15 12
10 1 67 51 0.337818 1.7417 0.266662 1.28548 2.43393
5 1 51 76 0.253973 1.24663 0.239109 2.13235 4.92674
11 1 51 56 0.227268 1.26241 0.233473 2.1491 2.32813
1 1 51 82 0.226743 1.45228 0.224341 2.5344 5.16154
10 1 67 53 0.361333 1.66799 0.261452 1.27276 3.74489
1 1 51 69 0.193855 1.45117 0.324357 4.30043 3.92385
16 28
24 1 45 31 0.2469 1.30046 0.252426 0.526299 1.14248
0 1 51 75 0.319827 1.54745 0.267476 1.51385 5.41231
25 1 54 48 0.261663 1.42097 0.201171 0.690049 1.11092
15 1 49 39 0.250688 1.40527 0.237543 0.640354 1.70362
14 1 47 69 0.237375 1.37256 0.279563 4.54345 3.94429
15 1 49 39 0.250688 1.40527 0.237544 0.640351 1.88591
18 5
3 1 59 29 0.211743 1.84134 0.245422 0.500257 1.47267
1 1 64 63 0.360987 1.6365 0.367773 2.61398 3.99205
3 1 56 33 0.278178 1.74969 0.27421 0.5455 1.88865
2 1 55 68 0.247921 1.49025 0.240274 0.764715 4.47179
3 1 52 46 0.269081 1.58837 0.28885 0.666668 2.7032
2 1 57 91 0.402952 1.94139 0.40139 4.44973 4.44674
19 34
31 1 50 46 0.319425 1.41801 0.259862 0.850462 1.92982
0 0 0 0 0 0 0 0 10.49
6 1 59 24 0.239014 1.21107 0.240269 0.426531 1.50731
4 0 0 0 0 0 0 0 1.47043
31 1 50 46 0.309659 1.42297 0.262087 0.876546 2.02206
4 0 0 0 0 0 0 0 1.59395
20 9
1 0 0 0 0 0 0 0 3.68985
3 1 48 53 0.254424 1.38664 0.232118 0.663366 2.0156
8 1 47 27 0.274139 1.31207 0.237541 0.474716 1.06945
0 1 55 60 0.221513 1.5049 0.277613 0.936528 3.95158
8 1 47 60 0.274139 1.31207 0.223498 2.66885 2.40397
3 1 48 66 0.254424 1.38664 0.214806 2.25921 3.89925
21 36
25 1 52 49 0.249225 1.78604 0.214185 0.459263 2.22892
10 1 53 80 0.250213 1.85687 0.269899 3.72137 3.33236
25 1 52 74 0.249225 1.78604 0.238922 2.76766 4.9795
1 1 54 39 0.245396 1.86377 0.215421 0.682225 1.86779
25 1 52 68 0.249225 1.78604 0.234856 2.5032 4.08702
17 1 52 78 0.254 1.85685 0.266386 4.16392 4.1186
22 19
5 1 55 24 0.269292 1.82147 0.225537 0.549908 1.48221
12 1 51 56 0.255022 1.72485 0.248428 3.32858 3.05372
18 1 50 30 0.255044 1.68188 0.256415 0.668294 2.20201
0 0 0 0 0 0 0 0 2.77687
18 1 50 27 0.255044 1.68188 0.238551 0.559477 1.51094
0 0 0 0 0 0 0 0 2.21791
23 18
14 1 41 47 0.250576 1.59578 0.248253 0.801873 1.70427
2 1 45 67 0.243458 1.64707 0.315229 1.73401 3.24969
14 1 41 39 0.250576 1.59578 0.246697 1.02466 1.48948
0 1 55 22 0.329757 1.78066 0.263468 0.467653 4.39281
14 1 51 31 0.272803 1.82595 0.234881 0.502005 1.65131
0 1 54 46 0.273674 1.75268 0.255074 0.659667 2.23014
24 8
4 1 45 36 0.259516 1.16786 0.248352 0.633343 1.18946
0 0 0 0 0 0 0 0 1.90728
5 1 60 32 0.292681 1.41015 0.256214 0.641911 0.856853
0 0 0 0 0 0 0 0 1.15078
6 1 52 46 0.320059 1.46348 0.255305 1.08289 2.51506
0 0 0 0 0 0 0 0 1.59719
25 24
23 1 43 55 0.260473 1.33939 0.225128 2.41616 2.84466
1 0 0 0 0 0 0 0 4.53646
17 1 50 49 0.251572 1.49194 0.247441 0.899929 3.39371
0 0 0 0 0 0 0 0 3.73996
17 1 49 23 0.28597 1.47966 0.230647 0.359756 0.887127
0 0 0 0 0 0 0 0 0.836986
26 6
3 1 66 39 0.280083 2.0965 0.272245 0.688317 2.14625
1 0 0 0 0 0 0 0 1.30473
3 1 61 30 0.300701 1.92142 0.261547 0.575464 2.81343
0 1 74 24 0.326656 2.13873 0.264686 0.564493 1.18736
3 1 49 65 0.26139 1.88092 0.275657 1.65684 3.31946
0 1 50 61 0.229103 1.92347 0.286492 2.10955 3.58035
27 55
9 1 51 32 0.249626 1.67487 0.250697 0.451776 1.36075
25 1 51 44 0.264858 1.79024 0.21479 1.071 2.05147
25 1 48 71 0.260665 1.55236 0.255422 1.5 5.61741
29 1 51 41 0.252406 1.56808 0.208685 0.75032 2.53008
18 1 51 31 0.252368 1.59894 0.22527 0.402963 1.38284
50 1 43 39 0.258178 1.50639 0.229826 0.694727 1.35742
28 7
6 1 46 27 0.278246 1.45608 0.244766 0.56906 0.858814
0 0 0 0 0 0 0 0 1.34593
6 1 46 29 0.306693 1.46271 0.24229 0.571621 0.905416
2 1 54 25 0.244692 1.58574 0.240844 0.557406 2.01103
6 1 46 27 0.317331 1.46474 0.243146 0.570614 1.19946
2 1 58 54 0.265625 1.21595 0.244522 1.10461 3.56541
29 54
32 0 0 0 0 0 0 0 0.576796
3 1 42 36 0.245653 1.23058 0.233448 0.605325 1.10723
9 0 0 0 0 0 0 0 0.523953
48 1 37 71 0.2384 1.17608 0.332023 4.31537 1.9479
32 0 0 0 0 0 0 0 0.59248
10 1 42 34 0.244475 1.23296 0.241967 0.617454 1.19587
30 55
18 1 39 64 0.238369 1.24528 0.27939 4.29459 2.19144
0 0 0 0 0 0 0 0 5.0577
17 1 48 22 0.310621 1.47214 0.270925 0.458125 0.85194
4 0 0 0 0 0 0 0 5.19773
17 1 49 22 0.294486 1.46393 0.276292 0.459069 0.819448
0 0 0 0 0 0 0 0 7.78788
31 44
42 1 47 54 0.269917 1.19154 0.21176 2.92936 1.6767
14 1 52 64 0.254591 1.32587 0.218274 0.560142 5.0978
11 1 52 23 0.218771 1.50601 0.235985 0.459385 1.54029
7 0 0 0 0 0 0 0 0.824723
42 1 47 74 0.269917 1.19154 0.225308 2.86523 3.67509
7 0 0 0 0 0 0 0 1.5514
32 40
21 1 40 32 0.248791 1.36592 0.242793 0.601507 1.16672
2 1 43 36 0.249993 1.49186 0.226367 0.618848 2.01799
39 1 40 39 0.242779 1.5038 0.23471 0.637783 1.60621
19 1 42 37 0.254234 1.51656 0.223214 0.620187 1.33976
39 1 40 57 0.242779 1.5038 0.207731 2.08185 4.03793
19 1 42 37 0.254234 1.51656 0.223211 0.620188 1.34128
33 7
4 1 64 33 0.228569 2.12561 0.231996 0.634712 2.92376
2 1 65 58 0.253473 2.07274 0.21878 1.05397 4.5062
6 1 43 30 0.232824 1.83926 0.253565 0.581677 1.32588
0 1 50 34 0.24499 2.05031 0.266567 0.610576 3.40795
4 1 68 65 0.3217 2.10623 0.227394 1.20276 3.50029
2 1 66 61 0.237416 2.07125 0.230662 1.71944 7.04602
34 50
33 1 53 29 0.267987 1.6911 0.242235 0.53716 1.51756
23 1 53 55 0.252028 1.57754 0.247737 2.19381 2.96097
49 1 53 37 0.237596 1.52613 0.247486 0.602046 1.86098
41 1 53 66 0.257066 1.5987 0.232467 2.76382 5.73764
49 1 53 51 0.262761 1.52815 0.200524 0.404794 3.92237
31 1 53 54 0.253217 1.56709 0.251143 2.17687 2.78113
35 39
24 1 47 50 0.303077 1.54016 0.260736 0.790314 2.6592
1 0 0 0 0 0 0 0 14.9322
37 1 46 51 0.288152 1.60343 0.269025 1.55127 2.89405
0 0 0 0 0 0 0 0 7.49278
37 1 46 69 0.294799 1.59704 0.285446 1.93426 3.52518
0 0 0 0 0 0 0 0 1.6
36 24
23 1 54 38 0.270502 1.9259 0.260536 0.899791 2.17521
9 1 64 51 0.302245 2.23515 0.213753 2.14046 2.38509
23 1 54 38 0.270502 1.9259 0.262221 0.915669 1.9633
15 1 64 51 0.268365 2.24803 0.216369 2.09046 2.32715
23 1 54 64 0.270502 1.9259 0.271043 2.78186 5.37421
9 1 64 53 0.304351 2.2384 0.228887 1.75161 2.66819
37 10
9 1 56 61 0.276988 1.40336 0.265987 0.840727 6.73685
0 0 0 0 0 0 0 0 17.5628
7 1 58 30 0.267023 1.86449 0.260809 0.453161 3.03583
6 1 59 75 0.314892 1.75455 0.334045 3.76787 8.21071
9 1 65 62 0.268135 1.75632 0.258369 0.748261 4.45197
4 0 0 0 0 0 0 0 0.944672
38 35
33 1 45 33 0.221138 1.71818 0.251182 0.614142 0.937935
4 0 0 0 0 0 0 0 0.005191
11 1 58 24 0.240638 1.96471 0.277697 0.480941 1.96181
4 0 0 0 0 0 0 0 0.005153
33 1 54 66 0.256598 3.30666 0.23075 1.51296 3.30832
4 0 0 0 0 0 0 0 0.00527
39 54
36 1 53 57 0.249497 1.68037 0.239746 0.762845 3.0225
4 1 56 54 0.273026 1.91402 0.331111 1.05126 2.43063
53 1 53 58 0.253101 1.68244 0.272381 1.61357 1.62914
8 0 0 0 0 0 0 0 1.23089
53 1 54 55 0.2955 1.70277 0.267082 1.12502 1.33144
4 1 59 36 0.239341 1.85711 0.263227 0.470811 2.70747
41 4
1 1 52 35 0.274271 1.71524 0.206847 0.720435 2.07056
0 1 42 70 0.232854 1.68387 0.246726 2.74794 3.73035
1 1 48 59 0.271915 1.84677 0.212428 1.16966 5.2263
0 1 42 35 0.232854 1.68387 0.210399 0.643509 1.52907
1 1 48 63 0.253967 1.6121 0.280057 1.40203 2.3979
0 1 42 35 0.232854 1.68387 0.210399 0.643509 1.50522
42 16
8 1 46 33 0.214384 1.53864 0.2494 0.829771 2.44338
7 1 62 47 0.221658 1.59606 0.23204 0.861553 3.22768
15 1 55 63 0.25962 1.63069 0.268617 1.00785 3.25185
0 0 0 0 0 0 0 0 1.51795
15 1 54 64 0.26259 1.62156 0.238814 1.14648 3.26371
0 1 58 65 0.260606 1.86229 0.231253 0.904742 7.02874
43 41
5 1 49 39 0.256609 2.06805 0.260619 1.0046 2.25454
31 1 43 57 0.245354 1.64147 0.219282 2.54616 4.04925
29 1 56 62 0.25491 1.71639 0.230203 2.34853 3.44141
7 1 44 46 0.24523 1.65868 0.236249 0.819153 3.65513
36 1 42 30 0.253898 1.52377 0.248145 0.366276 1.23448
20 1 44 48 0.241236 1.71544 0.232703 1.08491 2.88265
44 39
38 1 53 49 0.251594 1.88524 0.222427 1.29358 2.28306
22 1 53 57 0.254833 1.87729 0.234891 2.71677 2.84739
30 1 52 44 0.254766 1.81794 0.225379 0.64245 2.99115
0 1 57 39 0.225871 1.89873 0.242519 0.879517 2.44148
30 1 52 41 0.254766 1.81794 0.250697 0.856416 1.94291
3 1 53 59 0.253499 1.88463 0.249074 1.92899 4.29844
45 63
62 1 47 25 0.263055 1.52036 0.249798 0.357446 1.20107
0 1 58 84 0.264693 1.81606 0.342907 4.21683 20.145
42 1 51 71 0.265875 2.22687 0.296729 3.36934 5.64828
0 0 0 0 0 0 0 0 1.65702
62 1 47 55 0.263055 1.52036 0.254516 1.7819 2.6202
0 0 0 0 0 0 0 0 13.0662
46 6
5 1 48 56 0.291017 1.52557 0.26032 1.85164 2.25536
3 1 45 52 0.247119 1.29507 0.222874 1.31638 2.24886
5 1 47 56 0.235608 1.48534 0.260666 1.84081 2.33704
4 1 43 37 0.261447 1.25708 0.239767 0.656538 1.38786
5 1 49 31 0.225075 1.52046 0.221186 0.477978 1.0223
4 1 44 52 0.254457 1.25709 0.210309 0.443822 2.16652
48 35
17 0 0 0 0 0 0 0 0.591772
19 1 42 67 0.260113 1.19766 0.329352 4.15838 3.1742
25 1 47 26 0.203828 1.41948 0.251397 0.538238 0.986832
1 1 53 83 0.275686 1.34903 0.347602 2.75441 10.9329
17 0 0 0 0 0 0 0 0.584224
1 1 58 95 0.338348 1.52533 0.300937 3.50855 19.1558
49 16
12 1 36 59 0.249437 1.25404 0.215126 1.98729 2.20386
0 0 0 0 0 0 0 0 4.07002
11 1 36 24 0.248151 1.24195 0.253986 0.47204 0.807223
1 0 0 0 0 0 0 0 0.65281
12 1 36 33 0.249437 1.25404 0.232834 0.492896 0.93348
1 0 0 0 0 0 0 0 0.652422
50 55
14 1 52 18 0.271165 1.35981 0.224235 0.495034 1.67772
4 0 0 0 0 0 0 0 3.16279
52 1 56 68 0.244875 1.1861 0.282541 1.04478 2.12678
0 0 0 0 0 0 0 0 5.40853
54 1 44 53 0.241689 1.38709 0.233609 0.87839 1.85398
0 0 0 0 0 0 0 0 4.4322
52 18
16 1 45 54 0.25184 1.03661 0.24497 2.34156 2.52135
1 0 0 0 0 0 0 0 5.80941
6 1 38 40 0.230404 1.15481 0.256706 0.873011 1.09456
7 1 39 59 0.238542 1.09214 0.263604 1.0526 2.06589
6 1 37 56 0.237658 1.15475 0.2322 2.66393 3.51934
7 1 39 55 0.238541 1.09214 0.241613 1.46725 3.51758
53 28
18 1 35 19 0.248985 1.16651 0.246677 0.549059 0.727893
0 0 0 0 0 0 0 0 1.60131
6 0 0 0 0 0 0 0 0.64166
14 1 36 59 0.247802 1.22554 0.258237 1.90849 2.35948
18 1 35 59 0.248985 1.16651 0.269642 4.06472 2.63585
5 0 0 0 0 0 0 0 0.722187
54 16
9 1 61 23 0.252967 1.61907 0.265525 0.442588 1.56689
2 1 46 24 0.216864 1.56997 0.244771 0.449631 3.94538
13 1 53 20 0.287565 1.60973 0.212884 0.452779 0.931996
2 1 47 20 0.23391 1.58494 0.230884 0.439388 2.47504
9 1 54 25 0.255394 1.43563 0.246057 0.446781 1.78021
2 0 0 0 0 0 0 0 5.82088
55 48
39 1 53 42 0.254857 1.73529 0.242444 0.755278 3.18641
30 1 53 79 0.256612 1.83482 0.262606 4.48989 3.24485
39 1 53 42 0.254857 1.73529 0.250037 0.733198 1.92715
3 1 55 72 0.255265 1.88517 0.213164 2.61343 3.73348
39 1 53 43 0.254857 1.73529 0.25098 0.761424 2.69883
9 1 54 60 0.254692 1.89288 0.239222 2.53285 3.11521
56 49
11 1 55 68 0.252306 1.5924 0.214158 2.34281 4.35915
5 1 40 68 0.249901 1.43351 0.268573 4.47674 2.31761
45 1 39 39 0.244834 1.47896 0.267661 0.658995 1.83931
10 1 41 39 0.246779 1.52444 0.246734 0.51719 1.41662
35 1 40 68 0.238417 1.55258 0.269487 4.07888 2.32981
10 1 41 38 0.246779 1.52444 0.250598 0.517276 1.42117
57 40
32 0 0 0 0 0 0 0 0.62718
0 0 0 0 0 0 0 0 0.751144
37 0 0 0 0 0 0 0 0.679774
11 1 42 49 0.245006 1.63123 0.220881 0.381946 2.28563
39 1 40 38 0.247046 1.60678 0.263553 0.522844 1.45403
11 1 42 49 0.245006 1.63123 0.220881 0.381946 2.49021
58 27
13 1 47 19 0.22313 1.33251 0.250927 0.362462 1.63113
0 0 0 0 0 0 0 0 5.87317
13 1 55 61 0.250648 1.54539 0.215436 0.776853 3.85212
1 0 0 0 0 0 0 0 2.16611
13 1 53 27 0.337992 1.49465 0.274905 0.360307 3.50608
0 0 0 0 0 0 0 0 245.424
59 25
24 1 53 22 0.285012 1.33053 0.244897 0.417268 0.891753
2 0 0 0 0 0 0 0 2.67203
17 1 44 35 0.238405 1.24445 0.252071 0.785129 1.39505
10 1 60 51 0.292026 2.4568 0.273609 0.629652 2.46844
24 1 51 45 0.276584 1.33408 0.243696 1.05596 1.59117
1 0 0 0 0 0 0 0 4.38961
60 60
58 1 55 13 0.278253 1.67638 0.230397 0.331755 0.645929
2 0 0 0 0 0 0 0 0.636356
14 1 57 12 0.326572 1.59627 0.248462 0.334222 0.738691
1 0 0 0 0 0 0 0 0.702406
14 1 56 13 0.330435 1.61408 0.25121 0.332857 0.798681
1 0 0 0 0 0 0 0 0.754401
61 3
1 1 40 40 0.250483 1.51445 0.221377 0.737369 1.51216
2 1 39 58 0.252373 1.46297 0.196826 2.1037 2.64436
1 1 40 40 0.250483 1.51445 0.221344 0.737373 1.13657
2 1 39 58 0.252373 1.46297 0.196826 2.1037 2.12799
1 1 40 56 0.250483 1.51445 0.194459 1.84277 3.32846
2 1 39 58 0.252373 1.46297 0.196826 2.1037 2.42429
62 21
0 1 53 58 0.244616 1.6343 0.194444 1.24485 5.44219
11 0 0 0 0 0 0 0 0.541602
1 1 41 61 0.236983 1.12799 0.250847 2.75971 3.32352
7 1 62 89 0.260939 1.34563 0.249505 2.77865 7.47861
1 1 41 60 0.236983 1.12799 0.254806 2.76931 3.35967
15 1 54 50 0.291012 1.60424 0.195499 1.22255 4.86894
63 62
61 1 47 60 0.265012 1.72463 0.252771 2.47105 3.52345
0 0 0 0 0 0 0 0 2.73597
59 1 51 22 0.272561 2.05901 0.226247 0.459027 1.50153
0 0 0 0 0 0 0 0 14.4217
61 1 48 58 0.268215 1.66893 0.276879 2.12052 3.40916
0 0 0 0 0 0 0 0 28.3128
64 34
19 1 49 42 0.253848 1.58063 0.238079 0.557546 1.65789
2 1 50 63 0.235949 1.51896 0.199616 0.458973 6.0491
2 1 50 63 0.235949 1.51896 0.199616 0.458973 4.46422
27 1 50 74 0.24069 1.50447 0.275474 3.06361 3.06316
4 1 50 46 0.233672 1.53687 0.236391 0.738162 2.2252
27 1 50 66 0.24069 1.50447 0.215045 2.37818 3.55751
65 46
45 1 40 38 0.244548 1.35451 0.211748 0.638367 2.59416
0 1 42 67 0.2571 1.33751 0.240469 2.728 3.88485
35 1 43 59 0.243945 1.2417 0.221465 0.508466 2.59517
25 1 42 55 0.253048 1.37254 0.196477 2.46489 1.99894
45 1 40 36 0.244548 1.35451 0.21944 0.606533 1.28302
0 1 42 45 0.2571 1.33751 0.237733 0.43763 3.40873
66 38
35 1 49 14 0.297402 1.59345 0.253886 0.325651 0.831014
2 0 0 0 0 0 0 0 1.83825
22 1 55 16 0.240469 1.57546 0.278098 0.32515 2.71299
2 0 0 0 0 0 0 0 3.69302
35 1 49 14 0.300929 1.58902 0.246269 0.324876 0.826737
2 0 0 0 0 0 0 0 3.18932
67 9
8 1 56 48 0.33216 1.72455 0.26736 0.641047 3.78226
3 1 59 68 0.223932 1.81686 0.248268 1.00951 2.3247
5 1 55 29 0.269128 1.64354 0.251406 0.42917 3.48457
8 1 54 65 0.232202 1.70815 0.225587 2.18859 6.76475
8 1 56 53 0.411405 1.74557 0.246421 0.807744 1.94681
3 1 70 59 0.294675 1.77149 0.305557 1.32571 3.26323
68 13
7 1 45 40 0.26047 1.44668 0.230872 0.676385 1.6678
0 0 0 0 0 0 0 0 7.07008
8 1 48 28 0.283155 1.57093 0.210679 0.45222 1.04376
0 0 0 0 0 0 0 0 5.66109
8 1 48 28 0.278847 1.57799 0.210678 0.452222 1.1537
0 0 0 0 0 0 0 0 8.95686
69 11
10 1 49 24 0.272372 1.929 0.215658 0.498382 1.306
0 0 0 0 0 0 0 0 3.69687
10 1 59 73 0.265675 2.09182 0.245439 1.24153 6.02694
0 0 0 0 0 0 0 0 8.33449
10 1 54 24 0.314413 1.97402 0.217691 0.496768 1.77569
0 1 61 22 0.267191 1.72442 0.217501 0.50089 4.30759
70 43
40 1 44 71 0.266044 1.11855 0.278592 3.56607 2.68902
41 0 0 0 0 0 0 0 0.527466
41 0 0 0 0 0 0 0 0.52642
0 1 50 68 0.345072 1.40808 0.240693 0.970828 6.28298
40 1 44 28 0.266044 1.11855 0.263284 0.656895 0.975378
0 1 51 58 0.287997 1.39616 0.235504 1.45928 3.08858
71 31
28 1 57 48 0.267594 1.89559 0.209201 0.465253 2.35793
8 1 55 64 0.25866 1.92406 0.259528 2.29341 3.5685
21 1 54 37 0.254183 1.87938 0.228791 0.619913 2.06405
12 1 57 49 0.266986 1.89683 0.232753 0.946079 4.37811
30 1 54 31 0.265624 1.94257 0.225432 0.586416 1.61764
14 1 55 82 0.257243 1.92518 0.301188 4.89458 3.22205
73 41
20 1 56 39 0.255099 1.96071 0.254866 0.541843 2.06983
22 0 0 0 0 0 0 0 1.27994
7 1 54 38 0.265404 1.92716 0.212769 0.739833 1.89482
31 0 0 0 0 0 0 0 1.04865
30 0 0 0 0 0 0 0 0.856762
14 1 54 76 0.253968 3.30728 0.266308 3.68557 8.27533
74 3
2 1 50 60 0.302024 1.94283 0.267009 1.86193 3.01456
1 0 0 0 0 0 0 0 1.07475
2 1 61 24 0.275259 1.92364 0.240968 0.487723 3.7114
1 0 0 0 0 0 0 0 1.79309
2 1 58 66 0.396035 1.92359 0.293859 2.69696 2.38322
1 0 0 0 0 0 0 0 1.55874
75 27
2 1 38 59 0.251512 1.1261 0.252051 1.012 3.83148
18 1 38 65 0.246899 1.12039 0.274818 1.88869 2.40206
16 1 43 39 0.253953 1.05697 0.254593 0.704389 1.47044
6 1 39 65 0.249721 1.16938 0.240191 2.78866 2.77934
2 1 38 46 0.251512 1.1261 0.217805 0.9745 2.58842
23 1 36 38 0.248166 1.1011 0.215084 0.405967 1.90694
77 64
62 1 60 47 0.26638 3.19548 0.265307 0.895055 2.5678
3 0 0 0 0 0 0 0 1.89253
16 1 55 20 0.284191 1.58842 0.225082 0.508318 0.977722
0 0 0 0 0 0 0 0 2.94238
16 1 53 22 0.264007 1.76695 0.235914 0.511996 1.59379
0 0 0 0 0 0 0 0 4.77916
78 45
44 1 41 36 0.256233 1.28426 0.230374 0.650095 1.29192
0 1 45 36 0.261843 1.35282 0.229327 0.652831 1.74053
27 1 42 47 0.264723 1.24427 0.241377 0.576726 2.84067
17 1 44 62 0.259796 1.35651 0.229245 1.90862 2.90353
44 1 41 35 0.256233 1.28426 0.238666 0.663425 1.3319
17 1 44 75 0.259796 1.35651 0.284812 2.10121 4.02552
79 5
2 1 68 31 0.260628 1.59775 0.224556 0.459152 2.16911
1 1 53 46 0.242516 1.56436 0.220709 0.845947 2.03235
4 1 48 61 0.266419 1.62587 0.218988 0.991287 3.61518
0 1 63 29 0.23468 1.62392 0.242158 0.458395 2.26058
4 1 48 30 0.266419 1.62587 0.244923 0.499093 1.50389
0 1 51 36 0.238781 1.71781 0.242799 0.772253 1.5342
80 18
6 1 47 69 0.242795 1.69461 0.226859 2.24653 6.12078
0 1 48 49 0.238409 1.7161 0.224624 0.475994 2.47195
17 1 46 40 0.249822 1.64071 0.22296 0.661512 1.70402
10 1 46 40 0.245655 1.65892 0.211587 0.674262 1.65554
17 1 46 40 0.249822 1.64071 0.22296 0.661512 2.56338
10 1 46 40 0.245655 1.65892 0.211587 0.674262 1.94024
81 4
2 1 61 33 0.270486 1.86748 0.239453 0.573433 1.72022
1 1 54 66 0.256939 1.75834 0.225411 1.91355 4.92436
3 1 44 42 0.232994 1.69937 0.223511 0.611055 1.64526
1 1 54 67 0.256939 1.75834 0.227316 2.80672 3.35957
2 1 48 35 0.255426 1.77291 0.239498 0.539806 2.14019
1 1 54 66 0.256939 1.75834 0.225411 1.91355 4.44939
82 12
9 0 0 0 0 0 0 0 1.09862
0 1 47 113 0.271597 1.81095 0.36862 4.40574 12.1043
11 1 45 31 0.262618 1.73039 0.233913 0.557697 1.27133
8 1 54 68 0.236909 3.32805 0.245631 3.50071 7.22706
5 1 53 79 0.256039 1.82052 0.311297 4.95842 2.86511
8 1 65 61 0.311036 2.02988 0.271929 1.2767 3.50179
83 5
2 1 43 37 0.248731 1.33826 0.230499 0.691151 1.54546
1 1 44 39 0.252738 1.3538 0.241802 0.726256 2.07213
3 1 48 59 0.275071 1.55468 0.265162 2.26434 5.22515
0 1 44 41 0.247416 1.37214 0.23763 0.785771 1.74487
3 1 48 53 0.285138 1.55161 0.231109 0.791115 2.07645
0 1 44 41 0.247416 1.37214 0.23763 0.785772 2.48932
84 9
1 1 53 27 0.256511 1.88551 0.217565 0.674141 1.38393
2 1 52 67 0.25749 1.88228 0.316199 3.18873 7.05598
8 1 52 48 0.264009 1.86373 0.252124 1.5143 2.26631
3 1 52 60 0.260647 1.87937 0.259637 2.87222 3.00859
8 1 52 40 0.264009 1.86373 0.25941 0.867725 1.92974
4 1 52 60 0.25881 1.86963 0.262939 3.04798 3.11841
85 63
23 1 49 59 0.269974 1.90684 0.26192 1.34236 4.60753
0 0 0 0 0 0 0 0 4.41206
10 1 49 23 0.29372 1.64572 0.264561 0.476376 1.33376
1 0 0 0 0 0 0 0 1.92548
23 1 47 66 0.25942 2.05133 0.29176 4.26631 6.11222
0 0 0 0 0 0 0 0 1.41011
86 11
10 1 46 34 0.268966 1.76618 0.248411 0.452521 1.4996
0 1 50 22 0.263113 1.80347 0.2685 0.399489 1.59125
10 1 58 20 0.308547 2.13964 0.257361 0.393987 1.21975
2 0 0 0 0 0 0 0 1.67818
10 1 52 21 0.246805 1.98334 0.255843 0.395659 1.25773
0 1 73 69 0.357173 1.93519 0.28956 2.3306 5.16572
88 7
2 1 55 52 0.255129 1.43565 0.187542 0.355198 2.77462
6 1 53 34 0.266679 1.42569 0.236695 0.445493 1.57111
3 1 54 53 0.271229 1.42952 0.1878 0.370703 3.54175
5 1 61 57 0.245593 1.47537 0.194466 0.31633 5.11756
3 1 55 47 0.24878 1.42739 0.232161 0.697348 3.06538
5 1 61 40 0.252406 1.47936 0.229652 0.673404 3.62319
89 50
48 1 36 44 0.24132 1.19305 0.227554 0.450242 3.0223
3 0 0 0 0 0 0 0 0.506194
41 1 37 42 0.239103 1.28784 0.229426 0.735315 1.36288
11 1 37 57 0.245765 1.15187 0.198259 2.70461 4.34622
49 1 36 44 0.242597 1.20553 0.226002 0.440979 2.56569
11 1 37 36 0.245761 1.15187 0.223752 0.707041 1.32432
90 49
39 1 54 35 0.238372 1.89442 0.242214 0.502402 2.24669
30 1 51 74 0.247708 1.67276 0.248523 3.89956 3.2302
7 1 51 58 0.242055 1.70813 0.228478 0.58344 2.37871
39 1 55 78 0.235129 1.87137 0.245874 2.83409 5.81147
15 1 51 50 0.237108 1.62077 0.21403 0.397146 2.16303
30 1 51 57 0.247708 1.67276 0.223953 3.23204 4.19225
91 41
40 0 0 0 0 0 0 0 1.44088
1 0 0 0 0 0 0 0 7.32799
10 1 60 23 0.280152 1.85727 0.257213 0.376941 1.29415
0 0 0 0 0 0 0 0 22.294
40 0 0 0 0 0 0 0 1.00207
0 0 0 0 0 0 0 0 2.06715
94 49
48 1 41 32 0.2585 1.26019 0.233911 0.531119 1.20971
3 1 46 34 0.263909 1.32586 0.225735 0.560454 2.11146
39 1 47 55 0.299638 1.48054 0.254155 1.09936 3.06434
9 1 45 36 0.262945 1.30654 0.220417 0.553765 2.12758
39 1 47 56 0.276688 1.47056 0.254958 1.08934 2.4546
3 1 46 34 0.263909 1.32586 0.225737 0.560453 1.29214
95 15
13 1 48 32 0.306388 1.41124 0.248029 0.508537 1.04584
1 1 59 57 0.252454 1.37405 0.281309 1.49195 6.76145
12 1 44 37 0.293926 1.40267 0.245712 0.797122 1.90613
6 1 61 28 0.328026 1.77535 0.238564 0.510583 2.67649
13 1 48 53 0.301996 1.41417 0.250578 3.18014 1.67854
6 1 60 64 0.273126 1.37324 0.271636 1.45469 5.03565
96 18
10 0 0 0 0 0 0 0 0.593902
6 1 50 80 0.313536 1.86083 0.287391 2.59856 4.674
16 1 58 58 0.259954 1.68768 0.25159 0.795629 3.40406
6 0 0 0 0 0 0 0 1.67686
16 1 52 36 0.267232 1.56011 0.271907 0.899732 2.64066
6 1 51 87 0.235389 1.83023 0.333647 3.41433 5.81644
98 69
16 1 57 18 0.292306 1.69185 0.250008 0.357159 1.41182
21 1 55 24 0.197444 1.76924 0.241834 0.372605 3.95026
16 1 65 18 0.270744 1.74128 0.242088 0.353708 2.06596
21 1 55 25 0.265742 1.85758 0.247348 0.385872 5.29367
16 1 58 56 0.242041 1.72847 0.336434 3.40797 7.07423
21 1 55 19 0.265481 1.81095 0.243789 0.36958 1.8805
