0 17
0 0 0 0 0 0 0 0 1.23118
16 1 50 68 0.269445 1.42452 0.355554 2.43519 11.0896
15 1 51 57 0.258487 1.46694 0.238436 0.773985 4.49385
4 1 59 44 0.27857 1.53523 0.243057 0.462106 2.13381
1 0 0 0 0 0 0 0 0.99935
4 1 58 68 0.233184 1.53358 0.316786 2.02568 3.37253
1 42
11 1 44 80 0.271125 1.18607 0.325462 4.24447 4.0042
7 0 0 0 0 0 0 0 0.951391
41 1 49 16 0.281208 1.48823 0.232127 0.399841 0.730168
7 0 0 0 0 0 0 0 0.903439
41 1 50 16 0.286692 1.50331 0.232121 0.399822 0.744875
7 0 0 0 0 0 0 0 0.936035
2 10
5 1 51 24 0.270338 1.80332 0.242386 0.629015 1.18622
2 1 45 40 0.268208 1.67393 0.244361 1.18542 1.77206
5 1 51 24 0.270338 1.80332 0.253346 0.59911 1.57618
8 1 58 32 0.251803 3.30887 0.277957 0.675909 3.63974
5 1 51 57 0.270338 1.80332 0.246076 2.83425 2.97336
2 1 45 47 0.267452 1.6739 0.253673 1.63459 1.94785
3 31
2 1 45 26 0.265517 1.55325 0.255854 0.531702 0.960752
5 1 60 58 0.25464 1.6874 0.254692 1.47648 2.77693
2 1 45 52 0.255888 1.55361 0.271399 1.53942 1.89883
25 1 52 18 0.255129 1.76126 0.230826 0.529541 1.29341
2 1 45 25 0.267541 1.55428 0.255128 0.528315 0.983665
5 1 60 45 0.258637 1.69171 0.25591 1.66167 2.28644
4 20
1 1 56 73 0.275646 1.54776 0.293763 3.89109 3.1103
11 1 55 67 0.239977 1.49612 0.212517 2.01162 10.0228
18 1 52 68 0.267914 1.46519 0.228281 2.51792 5.50616
1 1 57 63 0.261481 1.54859 0.222239 1.71507 2.66161
19 1 54 31 0.274872 1.51935 0.235893 0.432438 1.54034
11 1 55 67 0.239977 1.49612 0.212517 2.01162 7.19632
5 7
2 1 60 27 0.252578 1.50704 0.231674 0.325165 1.41336
0 1 59 52 0.239553 1.59207 0.231833 1.03949 2.81015
6 1 55 79 0.269366 1.54218 0.219916 2.80836 4.76549
2 1 59 51 0.306387 1.51241 0.246687 0.481638 1.90676
6 1 55 46 0.269365 1.54218 0.24255 0.98951 2.32002
0 1 59 70 0.201935 1.59255 0.287391 1.75628 2.72645
6 39
7 1 52 61 0.265423 1.56883 0.23971 0.657005 2.49243
36 1 46 49 0.268923 1.36776 0.253456 1.0085 2.38453
19 1 44 59 0.264521 1.32988 0.235187 0.777741 2.34706
32 1 48 68 0.261828 1.40886 0.235045 2.5334 5.25778
26 1 52 48 0.262525 1.50665 0.252933 1.00639 2.04971
36 1 46 71 0.268915 1.36776 0.231566 2.90642 4.10059
7 27
3 1 53 66 0.272919 1.62638 0.238793 2.80689 3.24452
22 1 50 60 0.262384 1.54717 0.207148 1.73586 3.9534
24 1 49 34 0.277273 1.51394 0.225648 0.436096 3.40382
22 1 50 72 0.262384 1.54717 0.248872 2.19839 3.65284
20 1 52 23 0.273976 1.59906 0.217351 0.369499 1.31894
22 1 50 66 0.262384 1.54717 0.26272 4.37829 4.42218
8 16
15 0 0 0 0 0 0 0 1.0885
1 0 0 0 0 0 0 0 0.570092
5 0 0 0 0 0 0 0 0.527039
14 1 54 60 0.256356 1.82429 0.233607 1.13494 3.83579
15 0 0 0 0 0 0 0 1.02713
2 1 49 61 0.346038 1.66554 0.265931 1.23343 2.51812
9 7
2 1 45 65 0.259668 1.45365 0.252189 4.34253 4.94932
5 1 41 49 0.272123 1.32455 0.261213 0.572152 1.34477
5 1 41 49 0.272123 1.32455 0.245982 0.691573 2.08977
0 1 49 45 0.244024 1.54228 0.240617 0.879311 2.49417
4 1 43 45 0.262293 1.37733 0.234197 0.559186 2.01633
0 1 49 46 0.244024 1.54228 0.2358 0.879342 4.63187
10 24
1 1 46 53 0.256079 1.73968 0.267041 1.09833 2.21448
22 1 46 68 0.240089 1.84594 0.273027 3.18988 5.862
7 1 42 71 0.243984 1.65225 0.298979 3.15202 2.18086
22 1 46 62 0.240089 1.84594 0.227002 0.771845 6.58903
7 1 42 46 0.243984 1.65225 0.247034 1.49861 1.54781
22 1 46 63 0.240089 1.84594 0.224636 0.778826 5.91057
11 27
12 1 53 41 0.222679 1.33921 0.20661 0.810565 2.69785
19 1 44 73 0.225343 1.41054 0.328116 3.28539 5.97295
26 1 51 54 0.227855 1.22515 0.258508 1.852 3.01464
6 1 52 52 0.238976 1.37186 0.255675 0.942991 2.26908
20 1 50 27 0.262622 1.28274 0.215741 0.532029 1.26264
19 1 44 60 0.225343 1.41054 0.250216 1.95812 8.27882
12 31
29 1 40 16 0.247586 1.44287 0.254454 0.348327 0.820166
8 0 0 0 0 0 0 0 0.520897
3 0 0 0 0 0 0 0 0.535383
8 0 0 0 0 0 0 0 0.550398
9 1 38 35 0.249509 1.41376 0.242129 0.338859 1.23169
8 0 0 0 0 0 0 0 0.536844
13 22
1 1 64 72 0.245354 1.64808 0.300085 2.37543 2.67297
5 1 55 29 0.182536 1.89978 0.268944 0.480974 2.56762
13 1 55 25 0.25121 1.73712 0.239693 0.395718 2.34949
8 1 53 27 0.240542 1.86018 0.248435 0.44228 1.68915
3 1 54 32 0.253622 1.81941 0.273925 0.599843 1.575
5 1 56 29 0.200624 1.89972 0.260636 0.470892 1.88742
14 18
14 1 38 38 0.235297 1.39501 0.265832 0.579402 1.99945
9 1 43 42 0.242194 1.5429 0.23414 0.750505 1.95314
16 1 39 59 0.2342 1.49069 0.214689 2.30465 5.15472
9 1 43 42 0.242194 1.5429 0.234411 0.751275 5.27133
16 1 39 69 0.2342 1.49069 0.279242 4.32879 3.57815
9 1 43 43 0.242194 1.5429 0.230416 0.752907 1.85279
15 34
7 0 0 0 0 0 0 0 0.615282
3 1 53 17 0.244097 1.84432 0.226231 0.392872 1.7142
7 0 0 0 0 0 0 0 0.586281
16 1 54 49 0.261982 1.70287 0.245817 1.68106 3.10507
7 0 0 0 0 0 0 0 0.557772
16 1 54 24 0.261982 1.70287 0.256655 0.402174 1.55217
17 4
0 1 51 43 0.233425 1.85978 0.238282 1.04012 2.37941
3 1 50 42 0.252905 1.89212 0.246725 1.23434 2.28321
0 1 51 70 0.233426 1.85978 0.245553 3.12868 4.52108
2 1 50 49 0.243242 1.89894 0.233813 0.523275 4.76831
0 1 51 43 0.233425 1.85978 0.24171 1.04218 2.73062
2 1 50 46 0.248603 1.89894 0.219557 1.03877 4.47722
18 3
0 1 49 47 0.258281 1.67024 0.222094 0.927241 3.03442
2 1 41 74 0.262249 1.51422 0.278536 2.21746 4.12963
2 1 41 73 0.262249 1.51422 0.294907 2.39261 4.16362
0 1 49 47 0.258281 1.67024 0.190691 0.42834 1.76973
2 1 41 70 0.262249 1.51422 0.288768 1.93773 5.40213
0 1 49 46 0.258281 1.67024 0.225693 0.926632 1.74038
19 25
2 0 0 0 0 0 0 0 0.703986
20 1 51 69 0.246933 1.81637 0.254389 2.99865 5.02329
2 0 0 0 0 0 0 0 0.696504
20 1 51 49 0.246933 1.81637 0.247095 1.87569 2.42971
2 0 0 0 0 0 0 0 0.687291
20 1 51 62 0.246933 1.81637 0.233586 0.88096 4.18607
20 29
6 1 36 24 0.272665 1.24719 0.238643 0.463998 0.775504
24 1 41 60 0.259232 1.22984 0.247385 3.79145 2.72868
22 1 42 59 0.268531 1.26165 0.227184 2.8357 3.42096
9 1 50 88 0.239379 1.45399 0.357261 4.68524 2.70845
22 1 42 17 0.268531 1.26165 0.27138 0.44129 0.79466
9 1 50 75 0.239379 1.45399 0.293419 4.48834 3.55379
21 23
17 1 41 23 0.255049 1.40857 0.227501 0.330271 0.925719
18 1 41 33 0.240844 1.3982 0.255681 0.616383 1.92642
4 1 50 37 0.223914 1.4463 0.272065 0.772148 1.83883
11 1 45 36 0.271555 1.50204 0.210286 0.551624 1.05641
6 1 42 36 0.229585 1.42246 0.256787 0.611827 1.41413
11 1 44 36 0.279725 1.47366 0.210308 0.551641 1.08917
23 26
16 1 45 46 0.24825 1.76298 0.250848 1.88855 1.81569
9 1 59 19 0.290717 1.95841 0.240492 0.386563 0.778574
15 1 58 26 0.315812 1.96138 0.239345 0.391268 0.893786
6 1 52 67 0.25664 1.99192 0.271014 4.40629 2.83246
15 1 62 18 0.328192 1.95447 0.242035 0.392285 0.822109
7 1 61 55 0.269741 1.79692 0.258332 1.45715 3.25184
24 17
4 1 42 56 0.248894 1.31068 0.240126 2.69425 2.07732
13 1 45 52 0.273327 1.38932 0.226186 0.712632 2.4396
16 1 43 25 0.271688 1.35828 0.206228 0.398391 1.01264
13 1 45 38 0.273327 1.38932 0.25789 0.491773 2.59317
4 1 42 64 0.248894 1.31068 0.326728 2.8511 2.63755
13 1 45 28 0.273327 1.38932 0.220917 0.416166 1.21374
25 13
3 1 55 39 0.170345 1.98907 0.23937 0.828035 1.82814
1 1 60 42 0.275475 1.7628 0.24721 0.587566 3.00961
12 1 52 42 0.252035 1.83527 0.228539 0.767649 3.36693
6 1 54 53 0.23877 1.96932 0.25125 2.10342 2.79887
12 1 52 37 0.252035 1.83527 0.244359 0.748072 1.70132
10 1 53 29 0.246219 1.9328 0.199154 0.525652 1.8469
26 3
2 0 0 0 0 0 0 0 0.969696
1 0 0 0 0 0 0 0 1.32425
0 1 62 72 0.208287 1.76075 0.256591 0.974757 2.3561
1 0 0 0 0 0 0 0 1.25115
2 0 0 0 0 0 0 0 1.30509
1 0 0 0 0 0 0 0 1.28816
27 18
10 1 42 18 0.240094 1.53528 0.259944 0.432609 0.848691
2 1 49 29 0.315614 1.63455 0.228821 0.498268 0.971611
5 1 43 24 0.233859 1.53563 0.222582 0.383353 1.17285
2 1 48 29 0.295087 1.63439 0.228824 0.498225 0.951042
10 1 42 66 0.240095 1.53528 0.280837 4.02656 2.23647
2 1 48 32 0.308133 1.62329 0.255847 0.61475 1.75702
28 13
3 1 58 57 0.260815 1.78256 0.246337 2.39054 3.43961
11 1 53 30 0.249122 1.8019 0.241209 0.575997 1.83862
12 1 54 53 0.269482 1.76626 0.258331 1.99555 3.03659
4 1 54 44 0.242417 1.91857 0.236932 0.810609 2.39887
12 1 54 48 0.269482 1.76626 0.227477 1.02924 2.53893
8 1 54 28 0.244413 1.84405 0.244451 0.568173 1.60724
29 32
15 1 48 12 0.271236 1.50897 0.215851 0.354836 0.670936
4 1 48 57 0.250202 1.51807 0.209055 0.61449 2.16884
16 1 38 31 0.269609 1.2216 0.232101 0.405199 1.66406
17 1 40 41 0.253404 1.30166 0.250556 0.941824 1.66524
15 1 47 11 0.301358 1.50961 0.249297 0.354773 0.640885
4 1 48 56 0.254491 1.52751 0.220066 0.639079 2.45285
30 7
2 1 58 58 0.240882 1.59812 0.239672 2.04887 3.46998
5 1 58 45 0.250853 1.62024 0.240184 0.943757 2.45449
6 1 53 77 0.259136 1.65937 0.24473 2.93021 6.19275
3 1 53 84 0.24577 1.806 0.228471 2.48119 5.48618
4 1 57 44 0.271778 1.62516 0.236246 0.918522 2.35539
3 1 53 62 0.24577 1.806 0.215282 1.92615 6.13024
31 26
23 1 50 23 0.269988 1.16831 0.234912 0.38835 1.18824
7 1 51 76 0.235378 1.29322 0.300598 4.3666 4.89043
25 1 47 24 0.278967 1.16588 0.256747 0.407758 1.10444
5 0 0 0 0 0 0 0 1.019
25 1 47 51 0.278967 1.16588 0.247568 0.664608 2.89107
5 0 0 0 0 0 0 0 1.02814
32 24
23 1 45 26 0.247191 1.20993 0.247461 0.414443 1.89314
2 1 55 25 0.226805 1.40296 0.260172 0.407598 2.81451
23 1 45 63 0.247191 1.20993 0.296582 4.03249 3.24578
0 1 51 61 0.23614 1.57081 0.235226 1.26443 3.45165
23 1 45 74 0.247191 1.20993 0.231048 2.58344 5.0893
0 1 51 61 0.23614 1.57081 0.235226 1.26443 6.33981
33 25
15 1 55 55 0.255288 2.05843 0.222026 2.90148 3.50339
17 1 54 35 0.232995 1.88451 0.244827 0.548412 4.15325
10 1 60 24 0.336333 1.97099 0.232934 0.432507 1.40211
17 1 53 66 0.243555 1.88502 0.356145 2.98479 5.04856
0 1 59 24 0.344325 1.97766 0.241191 0.426332 0.929004
17 1 53 25 0.241198 1.88681 0.255717 0.429288 2.49351
34 22
2 1 49 17 0.311928 1.55092 0.233257 0.359631 0.680435
20 1 42 61 0.243012 1.43295 0.238393 2.7856 2.6034
6 1 41 22 0.243433 1.42957 0.255914 0.424763 1.41194
13 1 49 49 0.279248 1.53622 0.238236 0.875675 1.56556
5 1 40 21 0.243731 1.40513 0.268767 0.407621 0.662618
13 1 49 50 0.308072 1.52806 0.24411 0.935261 1.76645
35 5
3 1 56 48 0.250016 1.80461 0.231865 0.524394 3.34812
1 1 57 38 0.220664 1.81027 0.218983 0.546043 2.10656
3 1 56 72 0.250016 1.80461 0.228137 2.69367 5.06866
4 1 54 33 0.235007 1.87518 0.192933 0.476677 1.84797
3 1 56 39 0.250016 1.80461 0.237513 0.771562 1.88362
1 1 57 65 0.225269 1.81054 0.226984 2.26082 4.47953
36 37
5 1 42 17 0.273484 1.28133 0.230255 0.43307 0.743948
15 1 51 58 0.222791 1.48096 0.265663 1.493 3.3046
5 1 42 19 0.273484 1.28133 0.254837 0.425047 1.19724
15 1 51 63 0.24298 1.48429 0.306326 1.88318 3.32581
5 1 42 60 0.273484 1.28133 0.236291 2.80836 3.47358
15 1 51 60 0.242149 1.48205 0.301276 1.83922 4.50465
37 27
24 0 0 0 0 0 0 0 0.638053
7 1 40 42 0.237485 1.31905 0.257434 0.532559 3.13105
7 1 40 42 0.237485 1.31905 0.257434 0.532559 2.48343
2 1 51 25 0.254019 1.55541 0.220063 0.288322 1.22536
7 1 39 40 0.244645 1.31899 0.260057 0.669068 2.65344
2 1 51 27 0.254019 1.55541 0.22093 0.297447 1.27559
38 21
11 1 54 45 0.322422 1.44428 0.285352 0.643021 1.45382
13 1 49 67 0.252728 1.33821 0.233721 2.36432 3.51295
10 1 49 55 0.287146 1.47873 0.282877 1.82026 2.01855
7 1 51 59 0.269668 1.41476 0.294934 1.4477 2.87917
11 1 54 51 0.309851 1.43905 0.287948 1.38955 1.90195
4 1 55 70 0.181552 1.48215 0.254924 1.42963 5.2775
39 6
1 1 57 67 0.271858 1.61716 0.280154 2.17132 2.31119
3 1 52 61 0.24914 1.66108 0.214658 1.8255 5.0802
2 1 55 72 0.252109 1.67837 0.213955 1.967 6.59892
1 1 58 38 0.237294 1.62084 0.240677 0.527251 1.96023
1 1 58 76 0.236449 1.62094 0.239139 2.62516 4.4719
3 1 52 74 0.249213 1.66108 0.233601 2.37725 6.72602
40 10
9 1 59 64 0.234652 1.60245 0.281054 2.25846 3.05111
1 1 61 57 0.226118 1.68149 0.24009 2.10819 3.52914
8 1 58 38 0.265792 1.66682 0.241573 0.69691 2.55571
5 1 58 43 0.259974 1.70573 0.237803 1.17785 2.36536
9 1 59 40 0.211595 1.60702 0.257947 0.596382 2.70865
1 1 60 66 0.206261 1.68338 0.244542 2.17068 3.82436
41 34
32 1 50 18 0.263321 1.78182 0.249466 0.536384 1.17242
7 1 62 67 0.264613 1.70367 0.246937 0.759917 2.11565
5 1 50 73 0.242827 1.74402 0.261388 3.78178 2.5872
27 1 53 17 0.247511 1.83487 0.229129 0.543111 1.25822
5 1 67 16 0.245095 1.78088 0.248515 0.504622 1.31477
7 1 62 24 0.258635 1.70575 0.245885 0.498065 1.74402
42 23
3 1 39 28 0.242107 1.22455 0.235052 0.560481 0.956366
15 1 38 35 0.236994 1.14478 0.22136 0.739838 1.27507
5 1 38 38 0.236887 1.18164 0.254435 0.891893 2.39997
20 1 37 61 0.240539 1.15194 0.245081 3.63304 2.98474
9 1 37 65 0.241041 1.14542 0.253267 3.41132 3.95956
20 1 37 68 0.240539 1.15194 0.264186 3.75029 5.3933
43 21
3 0 0 0 0 0 0 0 0.832423
8 1 54 33 0.294777 1.79486 0.268095 0.561249 1.06843
13 1 40 64 0.262541 1.57497 0.30612 3.86175 2.21476
2 0 0 0 0 0 0 0 1.41477
13 1 40 68 0.262541 1.57497 0.281215 2.74352 2.32697
8 1 53 33 0.27765 1.80303 0.268095 0.561249 1.03858
44 18
14 1 57 29 0.246033 3.43607 0.250125 0.568611 2.49858
15 1 50 44 0.258105 1.85027 0.240897 1.23395 2.36389
3 1 46 19 0.229641 1.72347 0.272617 0.525741 1.05524
12 1 49 57 0.245453 1.9809 0.241957 1.78183 4.29739
3 1 47 20 0.242731 1.7267 0.258342 0.525119 1.52619
12 1 59 43 0.242614 3.30502 0.252065 1.50274 4.77984
45 19
18 1 52 30 0.258639 1.70642 0.260734 0.683531 1.58533
17 1 51 57 0.261417 1.7457 0.259653 0.894301 3.18168
0 1 48 21 0.260151 1.55243 0.271344 0.573344 1.17547
16 1 44 47 0.22279 1.77921 0.261169 1.27751 4.04526
18 1 52 38 0.258639 1.70642 0.217637 0.788397 1.66628
17 1 52 59 0.252541 1.78189 0.232018 0.983587 7.27919
47 14
7 1 41 55 0.261881 0.984639 0.216546 2.87452 2.74154
0 1 37 53 0.246775 1.24253 0.236622 0.789313 1.84561
5 1 41 38 0.267795 1.1902 0.269702 1.07807 1.00239
12 1 40 37 0.269043 1.04566 0.247111 0.869898 1.54804
6 1 39 29 0.264194 1.09407 0.270503 0.775041 1.02415
0 1 37 52 0.246775 1.24253 0.249241 1.35634 3.47377
48 13
10 1 56 32 0.271657 1.74676 0.253841 0.631632 1.90449
8 1 53 57 0.260446 1.79349 0.251696 2.60428 4.18066
6 1 50 36 0.263271 1.82187 0.24664 0.670859 1.79303
7 1 57 51 0.257117 1.76621 0.216678 1.06891 4.94036
6 1 50 47 0.263271 1.82187 0.231785 1.06671 3.1405
8 1 53 32 0.260446 1.79349 0.2404 0.609193 1.7771
49 23
11 0 0 0 0 0 0 0 0.504115
8 1 39 65 0.235413 1.24189 0.287228 4.5801 2.59008
0 1 41 28 0.225632 1.29278 0.261756 0.583512 1.42045
3 1 40 64 0.246952 1.24145 0.274461 4.27239 4.1848
6 0 0 0 0 0 0 0 0.534174
3 1 40 68 0.246952 1.24145 0.371256 4.65465 3.96144
50 27
13 1 49 20 0.246408 1.63549 0.240335 0.38391 1.10104
22 1 46 70 0.246524 1.5303 0.26424 2.84424 4.65236
0 1 43 23 0.268395 1.42412 0.252079 0.393808 1.54335
3 1 53 48 0.231207 1.85232 0.257304 1.74542 2.74128
2 1 49 64 0.249748 1.49522 0.248628 0.931236 2.60724
20 1 46 47 0.26322 1.50917 0.241719 1.13518 2.50438
51 22
17 1 54 45 0.264985 1.81634 0.246628 0.829382 3.94103
6 1 52 23 0.244601 1.64629 0.249319 0.299009 1.25224
7 1 51 22 0.26895 1.64743 0.252892 0.340303 1.31678
0 1 51 62 0.253816 1.93093 0.176493 1.7053 3.28142
17 1 54 27 0.264985 1.81634 0.241826 0.438547 2.95843
6 1 52 26 0.244601 1.64629 0.253453 0.312215 1.92196
52 22
2 1 37 24 0.241819 1.25052 0.241666 0.412373 1.17473
16 1 40 61 0.25443 1.3782 0.239944 2.00378 2.83469
0 0 0 0 0 0 0 0 0.586003
16 1 40 63 0.254428 1.3782 0.28841 4.12147 4.43858
2 1 37 29 0.241812 1.25052 0.267343 0.474216 0.795114
16 1 40 74 0.254428 1.3782 0.295073 4.77073 3.84607
54 11
1 0 0 0 0 0 0 0 0.816372
9 1 58 19 0.267032 1.63718 0.24458 0.397902 1.30355
1 0 0 0 0 0 0 0 0.779803
2 1 79 67 0.310956 2.23335 0.314122 2.36037 5.15306
1 0 0 0 0 0 0 0 0.878593
2 1 69 71 0.385762 2.42146 0.294284 1.62351 4.91562
55 47
0 1 42 43 0.253545 1.32899 0.250742 0.456772 1.2896
41 1 38 82 0.257129 1.08265 0.298099 4.04093 4.47293
8 1 47 20 0.243455 1.28725 0.231265 0.385846 0.668558
45 1 38 66 0.249459 1.0596 0.270713 1.78578 6.60341
8 1 47 21 0.243449 1.28723 0.233999 0.388858 0.694541
41 1 38 56 0.257129 1.08265 0.227744 3.58963 2.69761
56 14
0 1 56 43 0.24396 1.56925 0.248829 0.603151 2.85554
7 1 45 68 0.244256 1.51842 0.26347 2.17517 3.43625
11 1 40 68 0.237097 1.44019 0.300467 3.33042 2.56547
12 1 41 61 0.237161 1.49978 0.22339 2.38849 6.40346
0 1 56 42 0.263974 1.56818 0.243632 0.625286 1.90746
12 1 41 62 0.237161 1.49978 0.232394 2.07725 2.82841
57 10
5 1 53 43 0.272568 1.81766 0.215238 0.587998 3.94946
8 1 51 60 0.26379 1.77805 0.24743 2.89389 7.18027
0 1 68 66 0.242581 2.22195 0.352442 1.86139 2.67287
5 1 53 59 0.272568 1.81766 0.255078 2.53144 4.91514
0 1 45 52 0.258205 1.78719 0.246919 1.51698 2.71981
8 1 51 60 0.26379 1.77805 0.24793 1.98487 4.06773
59 18
4 1 50 17 0.248254 1.39422 0.259646 0.456243 0.702637
6 1 52 71 0.276792 1.35783 0.245654 1.47858 6.56716
4 1 49 17 0.225535 1.39325 0.259579 0.456235 0.694346
6 1 52 59 0.276793 1.35783 0.2627 2.44602 2.09514
4 1 48 17 0.247964 1.38429 0.259577 0.456235 0.739943
6 1 52 68 0.276792 1.35783 0.253298 1.32908 3.57012
60 25
4 1 54 67 0.265239 1.57657 0.363319 1.34514 2.16899
19 1 50 79 0.258639 1.49568 0.274211 4.74934 5.14726
23 1 48 63 0.273167 1.49347 0.223722 2.1997 2.49397
2 0 0 0 0 0 0 0 1.16281
4 1 54 75 0.25718 1.57594 0.288333 3.72637 2.70395
19 1 50 79 0.258638 1.49568 0.297971 4.74169 3.70357
61 17
7 1 55 37 0.238118 1.65669 0.218741 0.653538 1.89831
15 1 53 50 0.251112 1.60134 0.213456 0.445432 4.6658
15 1 53 73 0.251112 1.60134 0.231808 2.79955 7.05123
2 1 61 51 0.274181 1.62742 0.243026 1.46659 3.32021
7 1 55 70 0.238118 1.65669 0.228909 1.81233 3.4312
13 1 54 40 0.233485 1.65481 0.224028 0.473748 3.08646
62 15
11 1 55 28 0.282069 1.37456 0.260501 0.430413 1.87657
3 1 53 69 0.231923 1.45729 0.283719 2.23758 5.37111
14 1 52 57 0.270762 1.36519 0.231832 2.09603 3.57285
5 1 55 60 0.259198 1.41232 0.272504 1.11464 4.61032
10 1 52 44 0.276636 1.39285 0.230172 0.687676 2.83299
5 1 55 89 0.279715 1.40964 0.325177 4.96448 4.11913
63 4
3 1 61 65 0.333809 2.27657 0.273478 1.93598 2.36454
1 1 51 21 0.264141 1.83574 0.257064 0.411895 2.63893
0 1 68 67 0.275489 1.8896 0.228823 2.07532 3.67384
1 1 51 25 0.264141 1.83574 0.247935 0.417487 1.35239
3 1 52 63 0.243352 1.97868 0.23179 2.60569 5.39027
1 1 50 21 0.269867 1.83571 0.257064 0.411895 1.2405
64 13
5 1 50 28 0.26488 1.76351 0.271374 0.549133 1.12215
12 1 51 63 0.271655 1.78015 0.272101 4.14351 3.36661
4 1 47 63 0.27445 1.66716 0.279907 2.65904 3.35754
11 0 0 0 0 0 0 0 1.03192
4 1 47 59 0.27411 1.66714 0.275028 2.76253 3.6723
12 1 51 49 0.271655 1.78015 0.246906 1.61153 2.82788
65 30
28 1 42 50 0.246705 1.7581 0.258127 0.960091 2.26308
4 1 48 62 0.263117 2.0759 0.242275 0.757239 2.80753
17 1 41 18 0.231584 1.67017 0.243339 0.461609 1.10293
4 1 55 63 0.265995 1.63805 0.256109 1.55701 2.83059
17 1 41 16 0.231584 1.67017 0.258752 0.463749 0.834018
4 1 57 70 0.252427 1.5526 0.245499 2.02175 3.94161
66 11
0 1 39 45 0.243067 1.42688 0.263606 0.942095 2.25174
5 1 54 62 0.248693 1.9038 0.261182 3.11579 7.10536
1 1 45 16 0.26943 1.52433 0.22653 0.375634 0.944396
5 1 54 59 0.248693 1.9038 0.26111 2.51699 3.56426
1 1 45 16 0.255946 1.52597 0.22653 0.375634 0.624787
5 1 54 62 0.248693 1.9038 0.244305 3.00668 3.93933
67 28
6 0 0 0 0 0 0 0 1.23863
26 1 51 39 0.268948 1.59794 0.250666 0.584102 3.41766
4 1 48 39 0.275698 1.5085 0.264612 0.615497 2.57778
9 1 55 80 0.255478 1.83973 0.298612 4.52126 5.10673
6 0 0 0 0 0 0 0 1.27072
15 1 52 27 0.240606 1.68836 0.204355 0.410886 3.70953
68 18
4 1 59 26 0.260135 3.19577 0.275564 0.448823 2.11571
16 1 47 59 0.247122 1.76441 0.257311 2.04141 4.13404
8 1 42 52 0.229589 1.71493 0.269837 1.15015 1.99003
0 1 62 76 0.254336 3.34695 0.294668 3.44704 6.80689
4 1 56 83 0.259569 3.27126 0.343708 5.38731 3.49588
16 1 46 50 0.249669 1.76072 0.241251 1.55726 3.84946
69 6
4 1 75 23 0.336291 2.41262 0.210221 0.386864 1.39077
3 1 52 47 0.256624 1.9043 0.236737 1.05415 2.76725
5 1 52 32 0.266787 1.92478 0.23661 0.508752 2.3512
4 1 61 24 0.27368 2.05806 0.200289 0.396823 1.54021
4 1 61 92 0.226921 2.05878 0.287243 4.95824 4.29279
3 1 52 70 0.256624 1.9043 0.230631 2.77773 5.99508
70 3
2 1 55 46 0.274497 1.58902 0.23306 0.81282 3.13685
0 1 58 47 0.246187 1.56146 0.230793 1.12298 2.01919
2 1 55 67 0.274497 1.58902 0.287201 2.03851 4.05605
0 1 57 72 0.249531 1.56516 0.219129 2.48439 4.65909
2 1 55 62 0.274497 1.58902 0.219432 2.10486 3.80632
0 1 58 70 0.248677 1.56994 0.21677 2.28856 2.81869
71 17
11 1 52 84 0.242621 1.55145 0.248828 2.68313 5.28748
14 1 56 73 0.244285 1.41913 0.240773 2.31891 5.05498
16 1 52 53 0.258581 1.43502 0.231602 0.892293 3.86268
9 1 56 63 0.247376 1.44559 0.288929 1.84036 7.30661
16 1 52 30 0.258581 1.43502 0.20399 0.366333 1.62715
14 1 56 49 0.2497 1.41953 0.227151 1.02256 2.1457
72 27
26 1 50 52 0.269399 1.76869 0.243397 2.15808 2.2997
12 1 52 50 0.240564 1.79165 0.23308 0.843017 2.71484
0 1 57 47 0.319361 1.85148 0.263882 1.04568 1.1984
19 1 51 25 0.264004 1.81639 0.267352 0.553401 2.00771
26 1 50 22 0.269399 1.76869 0.265681 0.547539 1.28175
12 1 52 50 0.240564 1.79165 0.23308 0.843017 4.07099
73 12
9 1 51 38 0.24823 1.69141 0.26301 0.544155 3.50788
4 0 0 0 0 0 0 0 0.858303
4 0 0 0 0 0 0 0 0.875185
5 1 51 22 0.250342 1.82832 0.20979 0.339245 1.17611
11 0 0 0 0 0 0 0 0.901876
0 1 51 51 0.253887 1.81967 0.233844 1.07811 3.18946
74 9
8 1 53 44 0.27436 1.70455 0.200878 0.481397 2.85939
0 1 53 55 0.246799 1.6964 0.189681 0.364059 3.03994
8 1 53 48 0.27436 1.70455 0.214166 0.998105 2.26868
7 1 57 44 0.282046 1.64628 0.216985 0.489335 3.6332
8 1 53 46 0.274507 1.70454 0.184982 0.567882 2.23063
0 1 53 61 0.246797 1.6964 0.221415 1.72248 3.54812
75 29
3 1 43 22 0.265423 1.49071 0.243319 0.416672 0.860613
18 1 54 65 0.233905 1.85165 0.192251 2.78461 6.5518
2 0 0 0 0 0 0 0 0.644089
15 1 55 21 0.236066 1.9441 0.229447 0.460453 1.54395
3 1 43 22 0.278714 1.49073 0.243319 0.416672 0.982132
18 1 67 60 0.320224 2.19868 0.233075 1.133 4.28456
76 24
13 1 54 24 0.230954 1.73348 0.21205 0.330975 1.56648
7 1 61 83 0.265483 1.69875 0.307011 4.36879 4.7697
23 1 52 35 0.265534 1.59928 0.244261 0.544756 1.78945
4 1 61 58 0.262791 1.56691 0.247266 1.14436 2.36152
22 1 55 30 0.275623 1.62371 0.239139 0.487101 2.9445
7 1 62 85 0.228467 1.69807 0.286408 3.52584 5.07306
77 29
0 1 50 49 0.309419 1.6869 0.26776 1.41826 1.99921
22 1 52 87 0.269835 1.57774 0.286693 4.47326 4.79861
27 1 51 17 0.272997 1.50541 0.245724 0.316702 1.07154
22 1 52 59 0.269835 1.57774 0.241059 1.90879 4.59579
27 1 51 17 0.272997 1.50541 0.245724 0.316702 1.05812
22 1 52 69 0.269835 1.57774 0.312332 1.88774 3.97167
78 14
12 1 53 32 0.251404 1.88705 0.26089 0.496203 1.61248
0 0 0 0 0 0 0 0 0.575909
13 0 0 0 0 0 0 0 0.81184
2 1 54 24 0.243944 1.94779 0.215716 0.463526 2.19135
12 1 53 32 0.251404 1.88705 0.26089 0.496203 1.48845
2 1 54 23 0.247757 3.40363 0.226095 0.458831 2.01342
79 13
12 1 44 40 0.254672 1.54144 0.255192 0.61588 1.52438
3 1 45 52 0.257691 1.476 0.250805 0.558 1.57986
6 1 51 49 0.262031 1.60509 0.239449 0.885909 3.08903
9 1 46 71 0.253873 1.57478 0.291646 4.38205 3.35088
6 1 51 55 0.262031 1.60509 0.1903 0.432524 4.38429
9 1 46 43 0.253873 1.57478 0.24332 0.715047 3.04799
80 7
6 1 51 58 0.279305 1.50737 0.249837 2.07234 2.80276
0 1 54 70 0.205393 1.50746 0.283582 2.30763 3.84934
5 1 51 61 0.268846 1.51503 0.229572 1.74515 4.45347
4 1 57 70 0.226102 1.47992 0.251833 1.7962 3.93693
6 1 51 71 0.279305 1.50737 0.243821 3.67674 4.71866
4 1 56 67 0.298084 1.47985 0.237203 3.49062 4.71923
81 23
0 1 38 21 0.263006 1.39567 0.256675 0.383501 0.832071
3 0 0 0 0 0 0 0 1.01276
11 1 40 62 0.258368 1.42018 0.238292 2.91028 2.19906
1 1 50 64 0.258967 1.76617 0.28505 2.02144 3.81036
11 1 40 21 0.258368 1.42018 0.228721 0.394201 0.844909
1 1 50 64 0.258967 1.76617 0.279751 2.80118 3.18444
82 22
13 1 39 20 0.260993 1.23044 0.243646 0.38824 0.828535
7 1 55 32 0.289877 1.46979 0.260841 0.456275 0.887543
13 1 39 20 0.260993 1.23044 0.243247 0.387828 0.80043
10 1 37 65 0.254977 1.32325 0.357393 4.65502 3.27495
13 1 39 20 0.260993 1.23044 0.242305 0.385147 0.840321
10 1 37 45 0.254977 1.32325 0.274482 0.991745 1.76884
83 23
7 1 41 20 0.258741 1.20236 0.272395 0.451235 0.900524
12 1 49 37 0.261021 1.37609 0.249367 0.575533 1.81311
4 1 51 26 0.314507 1.49104 0.244842 0.465265 0.900596
20 1 42 26 0.272394 1.22434 0.252711 0.477172 1.02368
4 1 51 26 0.296692 1.47435 0.244849 0.465266 0.948562
20 1 42 25 0.272394 1.22434 0.249394 0.472235 1.75738
84 27
0 1 40 33 0.25589 1.35989 0.255033 0.78479 0.884918
25 1 41 53 0.263875 1.18127 0.256935 1.10257 3.51499
6 1 41 33 0.244278 1.38181 0.2492 0.751702 1.42297
12 1 51 63 0.230892 1.42634 0.266534 3.87324 6.80135
0 1 40 62 0.25589 1.35989 0.270446 1.4922 1.91988
12 1 51 57 0.25659 1.42304 0.241649 1.26838 2.20318
85 15
11 1 44 29 0.260608 1.75179 0.239806 0.392146 1.07486
7 1 43 77 0.257257 1.68858 0.29334 4.36016 4.44824
12 1 43 63 0.271194 1.68585 0.264436 2.85871 2.47157
14 1 48 33 0.261692 1.86209 0.246754 0.509802 2.05529
12 1 44 52 0.264128 1.68588 0.239741 0.930639 1.75415
5 1 50 23 0.25215 1.76163 0.231644 0.330007 1.1964
86 11
8 1 35 31 0.256962 1.19689 0.254774 0.707093 1.09148
1 0 0 0 0 0 0 0 0.88388
10 1 36 56 0.261776 1.22545 0.219028 2.0743 2.22908
6 0 0 0 0 0 0 0 1.01001
10 1 36 58 0.26178 1.22545 0.197415 2.51187 2.49622
6 0 0 0 0 0 0 0 1.10456
87 48
9 1 43 37 0.248879 1.56348 0.25785 0.836239 1.96129
19 1 39 45 0.235717 1.4948 0.253446 1.31734 1.62712
8 1 43 19 0.227956 1.54157 0.242939 0.421523 0.729825
24 1 52 21 0.269834 1.81053 0.226694 0.432753 1.32951
9 1 43 18 0.248879 1.56348 0.226899 0.431367 0.909445
16 1 50 18 0.269058 1.67614 0.243753 0.422372 0.689651
88 33
32 1 42 17 0.24626 1.6477 0.230105 0.386007 0.84989
13 1 41 46 0.235989 1.51918 0.252362 1.18909 1.74977
5 1 42 13 0.248615 1.56316 0.233621 0.332227 0.648614
16 1 63 78 0.226763 1.75204 0.226489 2.33019 8.16118
5 1 43 13 0.255281 1.56571 0.2538 0.332666 0.639058
16 1 63 76 0.310721 1.75281 0.270138 4.35144 4.95197
89 27
2 1 48 15 0.299596 1.56295 0.205974 0.418326 0.671368
3 1 49 26 0.262856 1.61984 0.256012 0.408846 2.03707
26 1 38 17 0.258918 1.35629 0.245988 0.432133 1.26829
18 1 36 55 0.247415 1.2772 0.295597 2.07965 3.07153
7 1 43 19 0.241857 1.454 0.256186 0.408951 0.713694
3 1 49 61 0.262856 1.61984 0.214463 2.02896 3.61896
90 21
15 1 53 67 0.232478 1.41374 0.248047 3.57032 3.43571
4 1 50 74 0.25117 1.41858 0.246266 2.85497 3.28056
20 1 51 58 0.25923 1.2927 0.291478 1.87065 3.90233
1 1 55 65 0.277104 1.39716 0.243132 3.33759 2.65037
13 1 51 60 0.278732 1.41534 0.224256 1.98959 2.47813
14 1 54 65 0.299617 1.40884 0.243269 3.39547 5.47769
91 8
2 1 57 72 0.287753 1.55218 0.229005 2.04154 3.878
4 1 54 80 0.261975 1.59247 0.219343 2.55189 8.82469
7 1 54 46 0.265326 1.50423 0.246492 0.888049 2.10944
0 1 59 51 0.22757 1.60559 0.233193 0.957561 1.99854
6 1 54 68 0.275724 1.56781 0.218155 2.86302 7.46024
0 1 58 78 0.242005 1.61233 0.258646 2.73504 2.51375
92 22
5 0 0 0 0 0 0 0 0.44535
17 1 40 60 0.250826 1.16791 0.274878 1.60482 2.7422
6 1 42 57 0.240954 1.29237 0.239143 2.89607 1.90451
20 1 39 52 0.248744 1.15317 0.256172 1.01606 2.21148
3 0 0 0 0 0 0 0 0.496491
20 1 39 53 0.248736 1.15317 0.255867 0.990548 2.68527
93 8
4 1 45 34 0.248772 1.37651 0.242611 0.557351 0.930017
7 1 47 29 0.273431 1.24485 0.251567 0.460307 1.21904
1 1 45 28 0.297596 1.43311 0.269089 0.406402 0.909429
3 1 42 45 0.250409 1.20232 0.259155 0.734787 2.0673
1 1 45 34 0.29584 1.43419 0.259854 0.475883 1.09795
3 1 43 56 0.235567 1.20399 0.298091 1.58278 1.70934
94 18
15 1 37 36 0.242519 1.24125 0.240192 0.659296 2.44548
2 1 43 63 0.248878 1.33316 0.292245 1.79554 6.49101
17 1 38 42 0.238306 1.33245 0.23712 0.743616 2.73823
2 1 43 62 0.248878 1.33316 0.311725 2.22526 6.91318
17 1 38 32 0.238306 1.33245 0.263502 0.531184 1.28551
2 1 43 66 0.248878 1.33316 0.315882 2.86504 6.49087
95 29
10 1 42 54 0.261305 1.25241 0.238977 0.866719 1.80002
21 1 42 31 0.262545 1.23457 0.251912 0.420136 1.057
27 1 40 49 0.266512 1.21253 0.222486 0.915029 1.41627
1 1 46 49 0.250516 1.45106 0.255604 0.930058 2.25742
22 1 42 29 0.26304 1.23302 0.253695 0.399925 0.997615
26 1 40 30 0.265336 1.21389 0.260494 0.397581 1.30666
96 35
9 1 42 26 0.262645 1.26006 0.237797 0.536508 0.663214
34 1 39 75 0.266356 1.12581 0.333395 1.85809 2.60212
29 1 41 61 0.270536 1.15041 0.217354 3.0175 3.97856
15 1 48 62 0.246159 1.34149 0.244777 3.64203 4.60409
9 1 42 28 0.262645 1.26006 0.252055 0.555806 0.687054
15 1 48 62 0.246159 1.34149 0.241954 3.59675 3.28648
97 24
3 1 64 66 0.262516 3.44631 0.253772 1.59781 3.81042
21 1 50 31 0.267522 1.80286 0.202034 0.521236 1.64066
8 1 51 24 0.274727 1.77769 0.259338 0.479445 1.25842
17 1 51 58 0.262103 1.82353 0.221628 3.15352 3.25636
3 1 55 58 0.246448 2.03438 0.265305 2.71523 3.41765
17 1 51 30 0.262103 1.82353 0.249141 0.58774 1.731
98 33
14 1 51 34 0.300219 1.54748 0.218815 0.375283 0.998607
30 1 52 26 0.257512 1.60138 0.210767 0.380457 1.02554
28 1 48 61 0.276949 1.33285 0.211051 0.715279 3.96975
12 1 53 67 0.269394 1.35624 0.270814 3.55946 4.74079
14 1 49 34 0.278146 1.54936 0.221047 0.373099 1.02561
30 1 51 56 0.218263 1.59135 0.222891 1.18922 2.78516
99 23
18 1 36 36 0.234603 1.25276 0.258216 0.553205 2.07549
5 1 40 65 0.236267 1.27374 0.320032 4.1476 4.01835
22 1 39 30 0.23075 1.45765 0.231071 0.408721 2.58155
1 1 41 79 0.244037 1.27536 0.444706 4.12325 4.37533
20 1 37 60 0.240776 1.32978 0.217652 2.55366 2.52062
1 1 41 64 0.244037 1.27536 0.292709 4.22475 3.71321
