119.601 -27.422 -13.525 0.4656 0.70293 0.52442 0.11868 1 114.097 11.589 -9.788 0.48285 -0.75487 0.40538 -0.18082 2 43.215 -7.507 9.404 0.38774 0.88909 -0.05881 -0.23606 3 
119.432 -27.623 -13.56 0.46995 0.70142 0.52364 0.11383 1 114.211 11.512 -9.781 0.4808 -0.75721 0.40459 -0.17827 2 43.215 -7.507 9.403 0.38774 0.88908 -0.0588 -0.23607 3 
119.42 -27.671 -13.583 0.46926 0.70209 0.52526 0.10472 1 114.282 11.468 -9.763 0.48006 -0.75843 0.40311 -0.17839 2 43.214 -7.505 9.404 0.38774 0.88909 -0.05881 -0.23605 3 
119.52 -27.695 -13.637 0.46848 0.70214 0.52687 0.09966 1 114.308 11.38 -9.742 0.48019 -0.75844 0.40237 -0.17968 2 43.215 -7.507 9.404 0.38774 0.88909 -0.0588 -0.23607 3 
119.669 -27.755 -13.644 0.46722 0.70252 0.5281 0.0963 1 114.323 11.286 -9.738 0.48159 -0.75738 0.40227 -0.18065 2 43.214 -7.506 9.404 0.38773 0.88909 -0.05881 -0.23605 3 
119.782 -27.851 -13.683 0.46728 0.70215 0.52906 0.09346 1 114.421 11.232 -9.746 0.48162 -0.75771 0.40163 -0.18057 2 43.214 -7.506 9.404 0.38774 0.88909 -0.05881 -0.23606 3 
119.853 -27.947 -13.685 0.46764 0.70084 0.53043 0.09367 1 114.521 11.176 -9.74 0.47954 -0.75891 0.40193 -0.18042 2 43.214 -7.507 9.404 0.38774 0.88909 -0.0588 -0.23606 3 
119.887 -28.047 -13.708 0.46859 0.69934 0.53143 0.09444 1 114.584 11.068 -9.723 0.47809 -0.75905 0.40278 -0.18178 2 43.214 -7.506 9.403 0.38774 0.88908 -0.05881 -0.23606 3 
119.924 -28.112 -13.766 0.46759 0.69815 0.53385 0.09464 1 114.553 11.01 -9.668 0.47519 -0.76073 0.39649 -0.19564 2 43.215 -7.505 9.403 0.38774 0.88909 -0.0588 -0.23606 3 
119.792 -28.272 -13.759 0.46824 0.69639 0.53451 0.10045 1 114.165 11.621 -9.022 0.44823 -0.7748 0.34511 -0.28227 2 43.214 -7.507 9.404 0.38774 0.88909 -0.05881 -0.23605 3 
119.781 -28.253 -13.808 0.45839 0.6998 0.53989 0.09318 1 112.473 15.368 -8.406 0.38534 -0.81807 0.36073 -0.22835 2 43.214 -7.507 9.404 0.38774 0.88909 -0.0588 -0.23606 3 
119.619 -28.184 -13.878 0.45516 0.70013 0.54315 0.08741 1 106.198 16.379 -7.445 0.38207 -0.84149 0.37207 -0.0865 2 43.214 -7.507 9.404 0.38775 0.88909 -0.0588 -0.23605 3 
119.088 -28.423 -13.846 0.46205 0.69561 0.54203 0.09406 1 96.542 16.111 -6.18 0.34768 -0.83622 0.42261 0.03555 2 43.214 -7.507 9.404 0.38775 0.88909 -0.0588 -0.23606 3 
118.791 -28.585 -13.867 0.46347 0.6934 0.54319 0.09667 1 86.803 13.748 -4.612 0.30942 -0.83005 0.45611 0.08512 2 43.214 -7.507 9.404 0.38774 0.88908 -0.0588 -0.23607 3 
118.641 -28.558 -13.883 0.45697 0.69393 0.54735 0.10027 1 76.64 10.49 -2.989 0.28044 -0.83611 0.45652 0.11771 2 43.214 -7.507 9.404 0.38775 0.88908 -0.0588 -0.23606 3 
118.475 -28.275 -13.931 0.44329 0.69681 0.55456 0.10203 1 66.752 7.321 -2.031 0.21638 -0.8352 0.49777 0.0886 2 43.215 -7.507 9.404 0.38774 0.88909 -0.0588 -0.23606 3 
118.278 -27.889 -13.989 0.42393 0.7015 0.56334 0.10405 1 58.134 4.374 -1.988 0.17201 -0.8503 0.49566 0.0415 2 43.214 -7.506 9.404 0.38774 0.88909 -0.05881 -0.23606 3 
118.065 -27.448 -14.017 0.39695 0.70697 0.5751 0.109 1 51.432 2.606 -2.523 0.13172 -0.86809 0.47843 0.01331 2 43.215 -7.506 9.403 0.38772 0.88909 -0.05881 -0.23608 3 
117.768 -26.91 -13.986 0.37126 0.70937 0.58736 0.11815 1 46.879 1.403 -3.03 0.14915 -0.87397 0.46248 0.00672 2 43.214 -7.506 9.402 0.38772 0.88908 -0.05882 -0.23611 3 
117.253 -26.706 -14.001 0.35626 0.70714 0.59633 0.13198 1 44.128 0.913 -3.469 0.16817 -0.86933 0.4646 0.01185 2 43.214 -7.505 9.401 0.38771 0.88908 -0.05883 -0.23612 3 
116.685 -26.597 -14.019 0.34547 0.70556 0.60291 0.13904 1 42.486 0.587 -3.672 0.19244 -0.85068 0.4887 0.0221 2 43.193 -7.511 9.407 0.38779 0.8891 -0.05869 -0.23594 3 
116.305 -26.646 -13.954 0.33911 0.70543 0.60536 0.14464 1 41.946 0.256 -3.736 0.21741 -0.82713 0.51584 0.04999 2 42.778 -7.616 9.518 0.39541 0.88737 -0.05626 -0.23033 3 
115.977 -26.831 -13.976 0.33874 0.70315 0.60794 0.14577 1 43.057 -0.373 -3.676 0.19928 -0.8329 0.50358 0.11387 2 43.729 -7.921 9.31 0.44289 0.86249 -0.06826 -0.23515 3 
115.863 -26.965 -14.018 0.33698 0.70276 0.6095 0.14517 1 46.177 -0.681 -3.32 0.19898 -0.8553 0.43081 0.20802 2 47.228 -10.388 8.866 0.50242 0.81568 -0.02624 -0.28557 3 
115.929 -26.972 -14.079 0.33579 0.7024 0.61161 0.14073 1 50.23 -0.543 -3.01 0.21733 -0.88484 0.29786 0.28478 2 52.45 -14.192 6.863 0.52329 0.75696 0.04962 -0.38822 3 
115.882 -27.201 -14.142 0.34349 0.70064 0.60945 0.1403 1 53.719 -0.208 -3.35 0.23181 -0.90647 0.15862 0.3153 2 55.678 -17.239 3.384 0.51756 0.69981 0.14897 -0.46927 3 
116.031 -27.424 -14.185 0.34971 0.69972 0.60717 0.13941 1 56.36 0.51 -4.147 0.22449 -0.92154 0.06335 0.3104 2 56.977 -17.921 0.266 0.51117 0.65976 0.22687 -0.50195 3 
116.251 -27.614 -14.22 0.35582 0.70022 0.60337 0.13793 1 58.012 1.581 -4.958 0.20525 -0.93313 0.0102 0.29501 2 57.147 -17.075 -1.717 0.51478 0.63721 0.27376 -0.50401 3 
116.589 -27.707 -14.232 0.35663 0.70248 0.60128 0.1334 1 58.94 2.609 -5.661 0.18497 -0.94172 -0.05099 0.27632 2 56.55 -16.231 -3.899 0.5111 0.60449 0.33192 -0.51302 3 
116.746 -27.754 -14.21 0.361 0.7034 0.59829 0.13022 1 59.007 3.395 -6.194 0.17391 -0.94187 -0.12538 0.25868 2 55.558 -15.457 -6.205 0.48895 0.56551 0.39556 -0.53353 3 
116.951 -27.629 -14.196 0.3603 0.70567 0.59699 0.12576 1 58.911 4.102 -6.32 0.16896 -0.93365 -0.1842 0.25656 2 55.039 -14.532 -7.67 0.46645 0.52817 0.43389 -0.56142 3 
117.159 -27.463 -14.151 0.3585 0.70773 0.59658 0.12117 1 58.832 4.706 -6.018 0.166 -0.9219 -0.2212 0.27131 2 54.764 -13.715 -8.116 0.45585 0.49542 0.44532 -0.5903 3 
117.226 -27.277 -14.121 0.35856 0.70905 0.59577 0.11723 1 58.822 4.901 -5.55 0.17032 -0.90336 -0.25962 0.29586 2 54.743 -13.301 -8.45 0.4404 0.45889 0.44991 -0.62694 3 
117.201 -27.212 -14.118 0.36144 0.70902 0.59468 0.11405 1 58.873 4.611 -5.095 0.18382 -0.87574 -0.30654 0.32453 2 55.012 -13.233 -8.98 0.41432 0.4187 0.45038 -0.67096 3 
117.209 -27.179 -14.103 0.36441 0.7089 0.59327 0.11266 1 58.818 4.058 -4.757 0.20021 -0.85701 -0.33103 0.34039 2 55.418 -13.605 -9.202 0.39287 0.40168 0.44614 -0.69661 3 
117.332 -27.175 -14.124 0.36452 0.71033 0.59212 0.10937 1 58.732 3.62 -4.559 0.20987 -0.84484 -0.34561 0.35037 2 55.612 -13.907 -9.32 0.38109 0.39075 0.4401 -0.71302 3 
117.536 -27.09 -14.112 0.36211 0.7119 0.5924 0.10551 1 58.585 3.332 -4.365 0.2114 -0.84019 -0.35054 0.35569 2 55.458 -14.151 -9.241 0.37801 0.38426 0.43821 -0.71933 3 
117.622 -27.15 -14.12 0.36282 0.71191 0.59208 0.10478 1 58.416 3.191 -4.244 0.21207 -0.84049 -0.34908 0.35601 2 55.4 -14.342 -9.104 0.37761 0.38658 0.43602 -0.71962 3 
117.682 -27.19 -14.141 0.36284 0.71155 0.59271 0.10362 1 58.401 3.144 -4.247 0.21283 -0.84136 -0.34979 0.3528 2 55.443 -14.367 -9.144 0.3751 0.38851 0.43821 -0.71856 3 
117.721 -27.182 -14.16 0.36191 0.71156 0.59339 0.1029 1 58.42 3.156 -4.3 0.21423 -0.84175 -0.35095 0.34984 2 55.534 -14.31 -9.246 0.37213 0.38938 0.43965 -0.71875 3 
117.711 -27.171 -14.159 0.36135 0.71154 0.59379 0.10272 1 58.407 3.138 -4.282 0.21757 -0.83884 -0.35616 0.34951 2 55.645 -14.235 -9.363 0.36591 0.38775 0.44012 -0.72253 3 
117.659 -27.158 -14.178 0.36197 0.71082 0.59423 0.10301 1 58.327 3.159 -4.223 0.21776 -0.83843 -0.35643 0.35011 2 55.581 -14.219 -9.313 0.36539 0.38749 0.4396 -0.72325 3 
117.649 -27.144 -14.17 0.36113 0.71081 0.59473 0.10311 1 58.204 3.25 -4.192 0.21564 -0.84018 -0.35477 0.34889 2 55.385 -14.142 -9.247 0.36732 0.38841 0.44086 -0.72101 3 
117.623 -27.097 -14.176 0.36012 0.71113 0.59504 0.10266 1 58.11 3.317 -4.208 0.2153 -0.84288 -0.35186 0.34553 2 55.327 -14.107 -9.222 0.36778 0.39225 0.44223 -0.71785 3 
117.55 -27.102 -14.168 0.36065 0.71086 0.59489 0.1035 1 58.021 3.326 -4.232 0.21677 -0.84414 -0.3502 0.34323 2 55.355 -14.121 -9.233 0.36645 0.39589 0.44222 -0.71654 3 
117.499 -27.13 -14.169 0.36095 0.71032 0.59519 0.10449 1 57.933 3.33 -4.256 0.21604 -0.84628 -0.3477 0.34094 2 55.258 -14.147 -9.218 0.36744 0.39828 0.44358 -0.71386 3 
117.46 -27.115 -14.19 0.36049 0.7108 0.59507 0.10345 1 57.871 3.365 -4.294 0.2156 -0.84909 -0.34478 0.33717 2 55.223 -14.148 -9.21 0.36801 0.40247 0.44536 -0.7101 3 
117.42 -27.157 -14.178 0.36126 0.7102 0.59523 0.10395 1 57.843 3.372 -4.367 0.2165 -0.85058 -0.34383 0.33379 2 55.283 -14.145 -9.275 0.36651 0.40598 0.44662 -0.70809 3 
117.418 -27.167 -14.195 0.36158 0.70987 0.59532 0.10457 1 57.819 3.328 -4.417 0.21733 -0.85178 -0.34242 0.33165 2 55.32 -14.206 -9.306 0.36587 0.40857 0.44731 -0.70649 3 
117.423 -27.19 -14.185 0.36169 0.70988 0.59529 0.10434 1 57.753 3.301 -4.467 0.21688 -0.85557 -0.33799 0.3267 2 55.288 -14.283 -9.309 0.36603 0.41356 0.45005 -0.70174 3 
117.421 -27.157 -14.205 0.36034 0.7103 0.5959 0.10263 1 57.67 3.348 -4.483 0.20942 -0.87828 -0.29572 0.31197 2 55.2 -14.802 -8.609 0.38589 0.4414 0.44892 -0.67433 3 
117.326 -27.168 -14.23 0.36135 0.7096 0.59614 0.10256 1 57.382 3.442 -4.416 0.20076 -0.92134 -0.17728 0.28179 2 55.33 -15.839 -6.214 0.43543 0.51955 0.41464 -0.60708 3 
117.262 -27.133 -14.217 0.36112 0.70937 0.5966 0.10229 1 56.938 3.261 -4.216 0.20131 -0.94735 -0.00223 0.24898 2 56.029 -15.907 -2.081 0.4837 0.62864 0.31914 -0.51865 3 
117.151 -27.103 -14.205 0.36127 0.70881 0.59729 0.10159 1 55.636 2.634 -3.821 0.19722 -0.94144 0.17758 0.20799 2 55.261 -14.421 2.24 0.50552 0.72288 0.21218 -0.42057 3 
116.996 -27.122 -14.225 0.3636 0.70721 0.59762 0.10254 1 54.218 0.974 -3.335 0.20151 -0.90784 0.31717 0.18606 2 54.368 -13.017 5.796 0.50577 0.78371 0.10516 -0.34487 3 
117.074 -26.969 -14.249 0.35902 0.70809 0.59966 0.10057 1 52.821 -1.457 -2.741 0.22276 -0.87329 0.40065 0.165 2 53.791 -13.22 8.155 0.48186 0.82135 0.0362 -0.30313 3 
117.18 -26.865 -14.264 0.35387 0.70984 0.60122 0.09715 1 51.206 -3.938 -2.473 0.2324 -0.84466 0.45897 0.14796 2 52.447 -13.711 9.615 0.46532 0.84315 -0.01638 -0.26892 3 
117.294 -26.739 -14.246 0.34746 0.71249 0.60245 0.09317 1 49.701 -6.006 -2.576 0.23301 -0.82475 0.49882 0.12909 2 50.913 -14.166 10.19 0.4541 0.85565 -0.05492 -0.24215 3 
117.447 -26.664 -14.242 0.34098 0.71483 0.60387 0.08993 1 48.383 -7.625 -2.88 0.22007 -0.81949 0.51769 0.10958 2 48.792 -15.114 10.118 0.45492 0.86132 -0.06145 -0.21773 3 
117.563 -26.588 -14.229 0.33485 0.71747 0.60463 0.08685 1 47.401 -8.587 -3.22 0.20129 -0.83088 0.50865 0.10191 2 47.009 -16.676 9.622 0.47005 0.85509 -0.03827 -0.21545 3 
117.571 -26.623 -14.229 0.33265 0.71717 0.60633 0.08588 1 46.671 -8.975 -3.544 0.19425 -0.84225 0.49229 0.10264 2 46.284 -17.762 9.021 0.47816 0.84743 -0.02274 -0.22959 3 
117.514 -26.676 -14.262 0.33229 0.71662 0.60711 0.08634 1 46.366 -8.963 -3.909 0.18059 -0.84502 0.49407 0.09607 2 45.435 -17.637 8.581 0.48643 0.84514 -0.01901 -0.22081 3 
117.436 -26.744 -14.252 0.33307 0.7159 0.6072 0.08868 1 46.195 -8.82 -3.948 0.17759 -0.8415 0.50118 0.09575 2 45.243 -17.012 8.653 0.48788 0.84552 -0.0314 -0.21467 3 
117.44 -26.752 -14.284 0.33271 0.71525 0.6084 0.08698 1 46.258 -8.738 -3.988 0.18442 -0.84148 0.49914 0.09358 2 45.521 -16.903 8.571 0.48354 0.84711 -0.03445 -0.21774 3 
117.411 -26.846 -14.26 0.3391 0.71459 0.60567 0.0868 1 46.521 -8.567 -4.002 0.19478 -0.84391 0.49463 0.07217 2 46.22 -16.906 8.403 0.4739 0.85006 -0.03775 -0.22672 3 
117.616 -26.968 -14.258 0.34256 0.71586 0.60265 0.08371 1 47.131 -7.467 -3.722 0.19672 -0.84283 0.50014 0.02811 2 46.191 -16.847 8.406 0.47351 0.85043 -0.03827 -0.22602 3 
117.83 -27.375 -14.28 0.35144 0.71547 0.59826 0.08167 1 50.785 -4.02 -3.26 0.20546 -0.8318 0.51565 -0.00181 2 46.187 -16.849 8.41 0.47354 0.85041 -0.03824 -0.22606 3 
118.072 -27.977 -14.256 0.3673 0.7116 0.59131 0.09517 1 59.945 2.354 -1.912 0.2757 -0.83373 0.47821 0.01408 2 46.195 -16.85 8.411 0.47352 0.85042 -0.03822 -0.22608 3 
118.122 -28.817 -14.261 0.39015 0.7027 0.58286 0.11944 1 72.067 9.571 -0.543 0.32148 -0.86598 0.383 -0.00589 2 46.191 -16.852 8.415 0.47354 0.85041 -0.03818 -0.22607 3 
117.565 -29.779 -14.387 0.4239 0.6871 0.57347 0.13907 1 83.86 14.151 0.26 0.32706 -0.89249 0.29684 -0.09158 2 46.19 -16.853 8.414 0.47357 0.85039 -0.03819 -0.22606 3 
116.633 -30.643 -14.332 0.4628 0.66898 0.56114 0.15299 1 95.779 13.857 -0.946 0.27459 -0.91824 0.07907 -0.27418 2 46.189 -16.856 8.415 0.47356 0.8504 -0.03814 -0.22606 3 
115.653 -31.405 -14.269 0.5003 0.65264 0.54224 0.17243 1 107.381 11.334 -4.132 0.2453 -0.84407 -0.02201 -0.47633 2 46.189 -16.856 8.414 0.47357 0.85039 -0.03816 -0.22608 3 
115.177 -31.624 -14.266 0.52469 0.63546 0.5346 0.18733 1 115.625 7.771 -6.454 0.27548 -0.80407 0.04804 -0.52467 2 46.189 -16.854 8.413 0.47355 0.8504 -0.03816 -0.22607 3 
115.233 -31.568 -14.286 0.53451 0.62372 0.53301 0.20292 1 118.085 6.18 -7.055 0.22802 -0.81135 0.20354 -0.49828 2 46.189 -16.857 8.414 0.47356 0.8504 -0.03814 -0.22607 3 
115.208 -31.024 -14.359 0.54356 0.60896 0.53497 0.21799 1 119.408 6.849 -7.194 0.20086 -0.81212 0.23857 -0.49315 2 46.187 -16.856 8.415 0.47358 0.85039 -0.03815 -0.22605 3 
114.692 -30.888 -14.055 0.57449 0.59177 0.49656 0.27055 1 119.591 8.677 -6.961 0.15361 -0.783 0.23942 -0.55317 2 46.188 -16.856 8.414 0.47356 0.8504 -0.03814 -0.22606 3 
115.231 -32.311 -15.47 0.4528 0.63854 0.52159 0.33938 1 119.052 14.855 -7.001 0.02441 -0.74552 0.32293 -0.58252 2 46.188 -16.857 8.415 0.47357 0.8504 -0.03814 -0.22605 3 
118.901 -29.643 -18.208 0.10798 0.63189 0.67493 0.3654 1 121.584 23.642 -7.681 -0.16317 -0.74139 0.45388 -0.46659 2 46.187 -16.856 8.414 0.47357 0.8504 -0.03814 -0.22606 3 
115.313 -22.223 -17.268 0.1823 0.59641 0.63564 0.455 1 123.8 30.684 -8.164 -0.29772 -0.72842 0.52151 -0.32985 2 46.188 -16.857 8.414 0.47357 0.85039 -0.03813 -0.22607 3 
111.348 -9.823 -16.025 0.22597 0.59339 0.59356 0.49448 1 122.495 35.942 -8.393 -0.31159 -0.73527 0.53402 -0.27767 2 46.186 -16.859 8.416 0.47358 0.85039 -0.03812 -0.22605 3 
108.15 1.933 -15.631 0.31982 0.54725 0.5293 0.56398 1 119.429 41.546 -8.777 -0.30426 -0.7401 0.55195 -0.23458 2 46.179 -16.861 8.422 0.47358 0.85041 -0.03803 -0.22601 3 
108.229 15.672 -14.69 0.37711 0.44499 0.56754 0.58109 1 115.264 46.358 -9.634 -0.27101 -0.74302 0.57493 -0.2096 2 46.189 -16.855 8.414 0.47357 0.85039 -0.03816 -0.22606 3 
106.311 28.562 -13.512 0.38411 0.42662 0.63416 0.51797 1 111.882 50.911 -9.558 -0.28666 -0.74407 0.5783 -0.17252 2 46.186 -16.858 8.416 0.47357 0.8504 -0.03813 -0.22605 3 
99.452 35.758 -12.121 0.35049 0.56113 0.65065 0.37277 1 108.962 55.46 -9.828 -0.28596 -0.69485 0.65163 -0.10388 2 46.186 -16.858 8.415 0.4736 0.85038 -0.03815 -0.22606 3 
91.314 37.601 -11.576 0.33375 0.69021 0.58113 0.27296 1 105.422 58.434 -9.86 -0.25895 -0.69673 0.65994 -0.10955 2 46.185 -16.857 8.415 0.47356 0.8504 -0.03812 -0.22606 3 
85.002 38.828 -12.388 0.29937 0.73824 0.47175 0.37792 1 101.605 60.374 -10.87 -0.21507 -0.67641 0.68817 -0.15048 2 46.187 -16.858 8.415 0.47356 0.8504 -0.03811 -0.22606 3 
82.496 40.056 -13.742 0.29224 0.7361 0.41532 0.4475 1 98.469 61.442 -10.98 -0.19897 -0.68092 0.6826 -0.17553 2 46.186 -16.857 8.415 0.47358 0.85039 -0.03813 -0.22606 3 
81.951 40.913 -14.282 0.2825 0.73386 0.37486 0.49105 1 96.568 61.993 -12.082 -0.19473 -0.67938 0.6827 -0.18559 2 46.187 -16.857 8.414 0.47357 0.85039 -0.03813 -0.22607 3 
81.577 41.253 -14.605 0.28351 0.73613 0.35335 0.50287 1 95.321 62.445 -12.624 -0.18233 -0.67911 0.68455 -0.19223 2 46.187 -16.858 8.415 0.47357 0.8504 -0.03813 -0.22605 3 
81.597 41.523 -14.733 0.27356 0.73953 0.33814 0.51373 1 93.837 62.721 -13.835 -0.17206 -0.68476 0.67986 -0.19819 2 46.187 -16.856 8.415 0.47356 0.8504 -0.03813 -0.22606 3 
