117.798 -27.104 -13.077 0.5569 0.69479 0.4045 0.20857 1 121.027 15.06 -10.15 0.42215 -0.78313 0.43254 -0.14632 2 102.881 -6.753 -5.139 0.91893 0.38722 -0.06326 -0.04028 3 
117.876 -27.153 -13.063 0.55703 0.69527 0.40428 0.20703 1 120.993 15.095 -10.149 0.42366 -0.78227 0.43269 -0.14606 2 102.881 -6.752 -5.138 0.91891 0.38727 -0.06327 -0.04028 3 
117.944 -27.181 -13.066 0.5559 0.69674 0.40411 0.20548 1 120.936 15.056 -10.186 0.42406 -0.78185 0.43344 -0.14493 2 102.879 -6.751 -5.144 0.9189 0.38728 -0.06329 -0.04032 3 
118.01 -27.213 -13.067 0.55476 0.69817 0.40382 0.20428 1 120.844 15.016 -10.19 0.42589 -0.78047 0.43404 -0.14525 2 102.883 -6.749 -5.146 0.91889 0.38731 -0.06337 -0.04025 3 
118.07 -27.269 -13.066 0.55371 0.699 0.40368 0.20456 1 120.731 14.984 -10.208 0.42843 -0.77844 0.43473 -0.14659 2 102.881 -6.753 -5.145 0.91891 0.38727 -0.06327 -0.04034 3 
117.698 -28.17 -12.891 0.5632 0.69582 0.37714 0.23749 1 120.558 14.96 -10.198 0.43059 -0.77675 0.43448 -0.14993 2 102.883 -6.754 -5.149 0.9189 0.38728 -0.06332 -0.04031 3 
115.819 -31.128 -13.542 0.49172 0.74918 0.3634 0.25472 1 120.347 15.047 -10.234 0.43305 -0.77533 0.434 -0.1516 2 102.882 -6.752 -5.137 0.91891 0.38728 -0.06324 -0.0403 3 
113.285 -32.897 -14.678 0.31943 0.82979 0.42277 0.17514 1 120.143 15.122 -10.228 0.43774 -0.77281 0.4336 -0.1521 2 102.881 -6.752 -5.145 0.9189 0.38728 -0.06333 -0.04026 3 
109.457 -30.234 -14.8 0.30222 0.84403 0.42459 0.12648 1 119.751 15.112 -10.24 0.44876 -0.76722 0.43123 -0.15501 2 102.882 -6.75 -5.145 0.9189 0.38728 -0.06336 -0.04024 3 
106.496 -25.066 -15.367 0.34538 0.80536 0.45726 0.15172 1 119.347 14.983 -10.267 0.45845 -0.76222 0.42905 -0.15736 2 102.884 -6.749 -5.145 0.91889 0.38731 -0.06338 -0.04024 3 
105.35 -21.3 -15.841 0.38273 0.7676 0.48583 0.1682 1 119.166 14.891 -10.261 0.46358 -0.76115 0.42501 -0.15847 2 102.884 -6.748 -5.148 0.91888 0.38732 -0.06335 -0.04025 3 
104.815 -19.748 -16.139 0.35342 0.75211 0.53618 0.14811 1 119.451 14.956 -10.25 0.45469 -0.76738 0.4244 -0.15579 2 102.884 -6.753 -5.134 0.91893 0.38724 -0.06327 -0.04021 3 
104.146 -18.318 -15.748 0.37554 0.739 0.54483 0.12652 1 119.612 15.013 -10.198 0.44984 -0.77143 0.42208 -0.15617 2 102.882 -6.754 -5.135 0.91891 0.38728 -0.06326 -0.04024 3 
103.948 -16.691 -15.662 0.38572 0.72961 0.55087 0.12423 1 119.823 15.017 -10.143 0.44672 -0.77438 0.42094 -0.15361 2 102.886 -6.748 -5.136 0.91895 0.38721 -0.06323 -0.04014 3 
104.229 -16.201 -15.796 0.36461 0.73107 0.56853 0.09678 1 120.216 15.013 -10.163 0.43853 -0.77923 0.42251 -0.14822 2 102.896 -6.719 -5.144 0.91891 0.38727 -0.06337 -0.04002 3 
104.408 -15.994 -15.766 0.35066 0.73198 0.57832 0.08238 1 120.514 15.016 -10.162 0.43189 -0.78194 0.42613 -0.143 2 102.887 -6.715 -5.146 0.91885 0.38743 -0.06338 -0.04003 3 
104.495 -15.742 -15.598 0.3438 0.72967 0.58618 0.07596 1 120.496 14.948 -10.237 0.43342 -0.78079 0.4277 -0.13998 2 102.909 -6.646 -5.134 0.91652 0.39292 -0.06379 -0.0392 3 
104.407 -15.737 -15.428 0.33616 0.73267 0.58742 0.07153 1 120.3 14.864 -10.283 0.43732 -0.77889 0.42742 -0.13929 2 102.306 -6.477 -5.074 0.91389 0.40107 -0.05621 -0.02814 3 
104.432 -16.327 -14.824 0.30229 0.74382 0.59482 0.03939 1 120.269 14.877 -10.251 0.43489 -0.77974 0.428 -0.14033 2 100.689 -7.081 -4.374 0.89745 0.43895 -0.04312 -0.00746 3 
103.948 -17.958 -13.906 0.26783 0.7573 0.5954 -0.01623 1 120.365 14.935 -10.234 0.42884 -0.78168 0.43074 -0.13978 2 99.385 -9.523 -3.254 0.86933 0.49165 -0.04712 -0.01798 3 
102.591 -20.105 -12.909 0.22926 0.79082 0.56255 -0.07464 1 120.328 15.047 -10.26 0.42539 -0.78224 0.43372 -0.13797 2 97.124 -11.019 -2.29 0.83085 0.55172 -0.07231 0.0078 3 
100.78 -22.292 -12.142 0.19092 0.82983 0.50839 -0.12837 1 120.001 15.118 -10.274 0.42709 -0.77968 0.43654 -0.1383 2 94.64 -12.002 -1.788 0.78265 0.61019 -0.1159 0.04112 3 
98.402 -24.188 -11.533 0.15218 0.86151 0.45622 -0.16278 1 119.577 15.23 -10.277 0.42999 -0.77639 0.43829 -0.1422 2 91.081 -12.773 -1.658 0.73774 0.65395 -0.14729 0.08002 3 
95.489 -25.68 -11.072 0.10226 0.88615 0.41508 -0.17887 1 119.107 15.329 -10.272 0.43036 -0.77388 0.44084 -0.14682 2 86.237 -13.748 -1.73 0.69567 0.69132 -0.1548 0.11898 3 
91.885 -27.075 -10.651 0.05303 0.90617 0.37944 -0.1791 1 118.759 15.411 -10.261 0.42738 -0.77237 0.44506 -0.15071 2 80.327 -14.874 -1.917 0.6586 0.72059 -0.14377 0.16227 3 
87.946 -28.268 -10.157 0.00654 0.92079 0.35127 -0.16946 1 118.529 15.527 -10.255 0.42137 -0.77306 0.44833 -0.15434 2 74.287 -16.061 -2.08 0.62716 0.74172 -0.12494 0.20228 3 
84.09 -29.203 -9.495 -0.01932 0.93755 0.30967 -0.15725 1 118.355 15.614 -10.189 0.413 -0.77466 0.45254 -0.15661 2 68.919 -16.226 -2.405 0.59716 0.74993 -0.12495 0.25571 3 
80.269 -29.657 -8.636 -0.02678 0.96361 0.2273 -0.13813 1 118.148 15.648 -10.174 0.405 -0.77553 0.45728 -0.15943 2 64.244 -14.795 -3.424 0.55817 0.73727 -0.16609 0.34248 3 
76.928 -29.638 -7.826 -0.02027 0.98611 0.11797 -0.11512 1 117.904 15.682 -10.123 0.3991 -0.77411 0.46247 -0.1661 2 60.657 -12.86 -5.357 0.51064 0.69283 -0.22957 0.45445 3 
74.362 -29.483 -7.175 -0.01882 0.99435 0.03402 -0.09876 1 117.673 15.651 -10.114 0.39289 -0.77076 0.46918 -0.1773 2 57.969 -12.302 -6.896 0.46612 0.64983 -0.2686 0.53695 3 
72.378 -29.629 -6.662 -0.01408 0.99585 -0.01676 -0.08832 1 117.447 15.671 -10.103 0.38936 -0.76633 0.47516 -0.18802 2 56.29 -12.434 -7.731 0.44217 0.61687 -0.2941 0.58091 3 
71.107 -29.658 -6.248 -0.00543 0.99362 -0.07554 -0.08356 1 117.268 15.722 -10.096 0.38852 -0.76162 0.48004 -0.19635 2 55.581 -12.77 -8.824 0.40982 0.57308 -0.33286 0.62677 3 
70.398 -29.386 -5.841 0.01162 0.98835 -0.12747 -0.08239 1 117.032 15.735 -10.137 0.39071 -0.75686 0.4838 -0.20113 2 55.665 -12.944 -9.763 0.38104 0.52743 -0.37427 0.66072 3 
69.977 -28.816 -5.494 0.03403 0.98275 -0.15872 -0.08856 1 116.802 15.75 -10.156 0.39412 -0.75322 0.48576 -0.20341 2 56.116 -12.442 -10.07 0.36976 0.50093 -0.41086 0.66599 3 
69.733 -28.319 -5.203 0.04675 0.97949 -0.16905 -0.09922 1 116.728 15.762 -10.178 0.39508 -0.75203 0.48718 -0.20255 2 56.28 -11.771 -9.873 0.36773 0.49641 -0.43184 0.65717 3 
69.512 -28.103 -4.97 0.04649 0.97892 -0.16803 -0.1064 1 116.745 15.791 -10.196 0.39434 -0.75248 0.48788 -0.2006 2 55.993 -11.465 -9.594 0.36583 0.50116 -0.43669 0.65139 3 
69.497 -28.143 -4.845 0.04349 0.97888 -0.16606 -0.11106 1 116.862 15.817 -10.186 0.39239 -0.75336 0.48917 -0.19795 2 55.813 -11.477 -9.399 0.36304 0.50644 -0.43783 0.64809 3 
69.609 -28.277 -4.769 0.04279 0.97909 -0.1651 -0.11091 1 116.945 15.868 -10.185 0.39196 -0.75369 0.48926 -0.19735 2 55.916 -11.59 -9.344 0.36348 0.50656 -0.43731 0.64811 3 
69.769 -28.354 -4.745 0.04365 0.97878 -0.16792 -0.10899 1 116.951 15.913 -10.199 0.39382 -0.75251 0.48927 -0.19811 2 56.153 -11.718 -9.416 0.36271 0.50279 -0.43883 0.65044 3 
69.902 -28.388 -4.723 0.04393 0.97863 -0.16864 -0.10918 1 116.964 15.927 -10.209 0.39513 -0.75161 0.48913 -0.19927 2 56.314 -11.765 -9.422 0.36228 0.50165 -0.44029 0.65057 3 
69.956 -28.426 -4.694 0.04324 0.97906 -0.16565 -0.11017 1 116.99 15.918 -10.227 0.39597 -0.75143 0.48878 -0.19915 2 56.333 -11.742 -9.335 0.36342 0.50424 -0.43919 0.64868 3 
69.973 -28.496 -4.662 0.04295 0.97971 -0.16129 -0.11091 1 117.016 15.902 -10.219 0.39532 -0.75181 0.48904 -0.19835 2 56.337 -11.727 -9.24 0.36555 0.50657 -0.43795 0.6465 3 
70.009 -28.525 -4.676 0.04318 0.97989 -0.16018 -0.11086 1 117.044 15.843 -10.208 0.39527 -0.75192 0.48895 -0.19825 2 56.397 -11.713 -9.229 0.3666 0.50696 -0.43789 0.64564 3 
70.066 -28.555 -4.732 0.04564 0.97984 -0.16209 -0.10748 1 117.05 15.813 -10.214 0.39598 -0.75187 0.48857 -0.19796 2 56.659 -11.735 -9.353 0.36898 0.50201 -0.43991 0.64678 3 
70.135 -28.615 -4.755 0.04696 0.97966 -0.16447 -0.10497 1 117.089 15.755 -10.205 0.39652 -0.75159 0.48846 -0.19824 2 56.841 -11.848 -9.469 0.36913 0.49724 -0.44092 0.64968 3 
70.233 -28.672 -4.73 0.04701 0.97998 -0.16158 -0.10643 1 117.174 15.714 -10.203 0.39694 -0.75139 0.48825 -0.19862 2 56.928 -11.816 -9.366 0.3708 0.50006 -0.44056 0.6468 3 
70.3 -28.661 -4.671 0.04616 0.9803 -0.15857 -0.10833 1 117.28 15.654 -10.216 0.3968 -0.75179 0.48802 -0.19797 2 56.92 -11.749 -9.243 0.37146 0.50358 -0.43958 0.64436 3 
70.36 -28.671 -4.659 0.04751 0.98022 -0.15918 -0.10758 1 117.406 15.616 -10.218 0.39666 -0.75208 0.48793 -0.19738 2 57.065 -11.741 -9.259 0.37261 0.5018 -0.44047 0.64447 3 
70.456 -28.744 -4.705 0.04659 0.98046 -0.16045 -0.10381 1 117.572 15.576 -10.211 0.39606 -0.75226 0.48824 -0.19712 2 57.183 -11.899 -9.376 0.37277 0.49855 -0.43857 0.64819 3 
70.779 -28.797 -4.741 0.05122 0.98168 -0.15007 -0.10563 1 117.734 15.533 -10.22 0.39491 -0.75288 0.48839 -0.19673 2 57.669 -11.684 -9.27 0.38109 0.5001 -0.43661 0.64346 3 
71.449 -28.494 -4.664 0.07838 0.98793 -0.07881 -0.10791 1 117.831 15.497 -10.241 0.39317 -0.75374 0.48877 -0.19594 2 59.546 -9.685 -8.036 0.44006 0.51475 -0.42125 0.60326 3 
72.066 -27.443 -4.463 0.12766 0.98384 0.07785 -0.09845 1 117.802 15.47 -10.24 0.39383 -0.75359 0.48839 -0.19613 2 62.685 -6.489 -4.965 0.55823 0.53615 -0.37542 0.50989 3 
72.303 -26.022 -4.044 0.19253 0.93837 0.27174 -0.09245 1 117.689 15.424 -10.234 0.39501 -0.75276 0.488 -0.19792 2 66.434 -5.089 -0.042 0.69128 0.54362 -0.31779 0.35442 3 
71.18 -24.412 -3.214 0.28329 0.86008 0.41747 -0.07568 1 117.63 15.431 -10.205 0.39534 -0.75239 0.4871 -0.20088 2 70.849 -5.904 4.475 0.8031 0.47868 -0.2958 0.19597 3 
69.486 -22.494 -2.186 0.33783 0.77831 0.52153 -0.09003 1 117.73 15.45 -10.197 0.39067 -0.75476 0.48764 -0.19979 2 72.723 -7.44 8.169 0.85082 0.4353 -0.2865 0.06735 3 
67.387 -21.127 -1.589 0.33436 0.69793 0.62237 -0.11723 1 118.049 15.503 -10.191 0.3806 -0.75977 0.48977 -0.195 2 71.283 -10.972 11.193 0.86564 0.43529 -0.23883 -0.06451 3 
65.017 -20.321 -1.524 0.28363 0.62822 0.70556 -0.16455 1 118.403 15.631 -10.188 0.36787 -0.76534 0.49311 -0.18912 2 67.781 -16.455 12.826 0.84218 0.47361 -0.15727 -0.20421 3 
62.6 -19.991 -1.894 0.20545 0.60059 0.73923 -0.225 1 118.65 15.749 -10.17 0.35592 -0.7692 0.49708 -0.18591 2 64.162 -20.481 12.763 0.78086 0.54502 -0.09381 -0.29053 3 
59.996 -20.09 -2.579 0.13572 0.61565 0.72851 -0.26801 1 118.741 15.851 -10.158 0.34653 -0.7703 0.5016 -0.18699 2 60.788 -21.469 12.051 0.72306 0.61464 -0.07636 -0.30589 3 
57.586 -20.32 -3.23 0.08667 0.66183 0.6842 -0.29385 1 118.777 15.891 -10.135 0.33632 -0.7714 0.50594 -0.18933 2 57.641 -19.67 11.353 0.68058 0.67355 -0.10494 -0.26858 3 
55.517 -20.342 -3.737 0.05632 0.6905 0.6589 -0.29306 1 118.764 15.91 -10.086 0.32576 -0.77256 0.51017 -0.19174 2 54.389 -18.445 10.763 0.66427 0.70031 -0.11225 -0.23603 3 
53.885 -19.976 -4.254 0.03488 0.69294 0.66294 -0.28129 1 118.613 15.883 -10.056 0.31945 -0.77155 0.51423 -0.19551 2 51.759 -18.625 10.214 0.66076 0.70773 -0.0893 -0.23353 3 
52.647 -19.621 -4.867 0.01227 0.70471 0.65741 -0.26652 1 118.493 15.899 -10.042 0.31384 -0.77141 0.51724 -0.1972 2 49.262 -18.105 9.427 0.65676 0.71874 -0.07562 -0.21531 3 
51.818 -19.476 -5.322 -0.00277 0.72267 0.64213 -0.25574 1 118.518 15.913 -10.009 0.30344 -0.77415 0.51979 -0.19605 2 47.399 -17.125 8.777 0.65287 0.72951 -0.07767 -0.18854 3 
51.352 -19.385 -5.641 -0.00673 0.72568 0.63842 -0.25646 1 118.399 15.889 -10.027 0.29883 -0.77406 0.52191 -0.19783 2 46.99 -17.05 8.414 0.64793 0.7329 -0.07984 -0.19147 3 
51.146 -19.36 -5.803 -0.0029 0.72471 0.63978 -0.25589 1 118.238 15.849 -10.017 0.29909 -0.77153 0.52397 -0.20185 2 47.322 -17.137 8.216 0.64816 0.72917 -0.08591 -0.20204 3 
51.146 -19.545 -5.843 0.00224 0.72537 0.64075 -0.25155 1 118.167 15.819 -10.009 0.29965 -0.77083 0.52356 -0.20475 2 47.425 -17.417 8.182 0.65196 0.72481 -0.08418 -0.20621 3 
51.586 -19.626 -5.677 0.00887 0.73672 0.63872 -0.2218 1 118.051 15.838 -9.998 0.30724 -0.77015 0.52017 -0.20469 2 47.472 -17.279 8.182 0.65172 0.72511 -0.08641 -0.20496 3 
55.108 -21.221 -4.804 0.03682 0.71614 0.64658 -0.26023 1 118.05 15.882 -10.001 0.31526 -0.76896 0.51787 -0.20279 2 47.467 -17.242 8.174 0.65171 0.72517 -0.08662 -0.2047 3 
63.022 -25.122 -3.619 0.10671 0.68259 0.644 -0.32856 1 118.104 15.988 -10.109 0.32221 -0.76708 0.51718 -0.20076 2 47.467 -17.277 8.171 0.65177 0.72504 -0.08627 -0.20513 3 
73.781 -28.553 -3.214 0.17416 0.70515 0.60587 -0.32458 1 117.831 16.132 -10.171 0.3393 -0.75948 0.51568 -0.2053 2 47.467 -17.264 8.174 0.65174 0.7251 -0.08643 -0.20493 3 
84.836 -29.905 -4.285 0.24913 0.83932 0.46386 -0.13528 1 117.357 16.105 -10.192 0.36618 -0.74782 0.50806 -0.22034 2 47.471 -17.257 8.173 0.65171 0.72511 -0.08644 -0.20498 3 
95.654 -30.654 -6.746 0.30272 0.89697 0.28129 0.15709 1 117.092 15.794 -10.196 0.39281 -0.73796 0.49601 -0.23472 2 47.466 -17.263 8.173 0.65176 0.72506 -0.08641 -0.20501 3 
107.008 -32.025 -9.413 0.365 0.82308 0.24139 0.36201 1 116.98 15.345 -10.204 0.41633 -0.73336 0.481 -0.23977 2 47.466 -17.267 8.174 0.65176 0.72507 -0.08638 -0.20498 3 
115.455 -30.465 -10.054 0.4575 0.75371 0.27527 0.38319 1 117.159 14.789 -10.178 0.42799 -0.73559 0.46946 -0.23524 2 47.467 -17.265 8.174 0.65176 0.72506 -0.08638 -0.20504 3 
119.345 -26.335 -10.783 0.46232 0.72905 0.4038 0.30283 1 117.764 14.169 -10.137 0.4396 -0.74034 0.45365 -0.2299 2 47.467 -17.262 8.174 0.65173 0.72509 -0.08639 -0.20502 3 
119.848 -25.938 -11.822 0.47191 0.71804 0.45511 0.23365 1 118.65 13.778 -10.146 0.43541 -0.7498 0.44887 -0.21617 2 47.468 -17.266 8.174 0.65173 0.72508 -0.08638 -0.20502 3 
120.092 -26.843 -11.975 0.48747 0.70787 0.45479 0.23335 1 119.74 13.147 -10.038 0.42973 -0.7595 0.4427 -0.20617 2 47.465 -17.266 8.174 0.65176 0.72506 -0.08637 -0.20503 3 
119.732 -27.9 -12.194 0.51081 0.69172 0.44881 0.24324 1 121.013 12.662 -9.989 0.41857 -0.76998 0.43916 -0.19766 2 47.467 -17.263 8.173 0.65174 0.72507 -0.08638 -0.20503 3 
117.914 -29.724 -11.98 0.54086 0.66915 0.39007 0.32795 1 122.97 12.709 -9.576 0.39112 -0.7885 0.42664 -0.20802 2 47.467 -17.267 8.173 0.65174 0.72508 -0.08636 -0.20505 3 
114.905 -31.002 -14.196 0.35776 0.62506 0.40038 0.56657 1 124.226 13.742 -8.843 0.36028 -0.82195 0.35565 -0.26097 2 47.466 -17.265 8.173 0.65175 0.72507 -0.08637 -0.20504 3 
115.567 -25.608 -17.019 0.14277 0.49891 0.74565 0.41799 1 125.146 17.576 -8.587 0.25346 -0.86421 0.32558 -0.28792 2 47.466 -17.265 8.173 0.65175 0.72507 -0.08635 -0.20505 3 
111.185 -16.726 -15.98 0.21459 0.49577 0.73086 0.41715 1 125.385 23.75 -8.598 0.07281 -0.909 0.34357 -0.22444 2 47.466 -17.267 8.175 0.65175 0.72507 -0.08635 -0.20503 3 
108.501 -3.186 -14.861 0.30078 0.42705 0.69877 0.48876 1 123.1 30.042 -8.57 -0.07461 -0.90105 0.4061 -0.13277 2 47.466 -17.265 8.173 0.65175 0.72506 -0.08636 -0.20505 3 
108.316 9.765 -13.627 0.40739 0.38565 0.62664 0.54095 1 118.976 36.545 -8.535 -0.15864 -0.86781 0.46232 -0.08944 2 47.466 -17.265 8.174 0.65176 0.72505 -0.08637 -0.20505 3 
107.472 22.319 -12.312 0.42164 0.41567 0.64697 0.4805 1 114.242 44.294 -8.744 -0.22545 -0.8235 0.5169 -0.06198 2 47.467 -17.266 8.173 0.65176 0.72505 -0.08637 -0.20505 3 
101.649 30.713 -10.945 0.39532 0.52165 0.66257 0.36415 1 110.093 50.19 -9.162 -0.26783 -0.77092 0.56863 -0.10301 2 47.464 -17.266 8.174 0.65176 0.72505 -0.08633 -0.20507 3 
92.234 34.937 -10.717 0.35573 0.67157 0.57527 0.30253 1 106.626 53.549 -9.648 -0.26224 -0.74262 0.6095 -0.09083 2 47.467 -17.264 8.173 0.65174 0.72508 -0.08635 -0.20505 3 
85.078 36.752 -11.692 0.34013 0.73471 0.46264 0.36122 1 103.007 55.528 -10.216 -0.25765 -0.73312 0.61236 -0.14549 2 47.467 -17.266 8.175 0.65174 0.72508 -0.08635 -0.20504 3 
82.317 38.51 -12.773 0.34905 0.7559 0.37835 0.40452 1 100.044 56.986 -10.458 -0.25385 -0.7218 0.61895 -0.17738 2 47.466 -17.265 8.173 0.65176 0.72505 -0.08635 -0.20506 3 
81.277 40.102 -13.512 0.33663 0.76145 0.34327 0.43479 1 97.864 58.065 -10.833 -0.25849 -0.73848 0.5919 -0.19359 2 47.466 -17.265 8.173 0.65176 0.72506 -0.08634 -0.20505 3 
80.989 41.071 -13.97 0.32558 0.76842 0.3105 0.45511 1 96.383 58.987 -11.589 -0.25666 -0.7328 0.59298 -0.21332 2 47.466 -17.267 8.174 0.65176 0.72506 -0.08634 -0.20506 3 
80.824 41.46 -13.875 0.31533 0.7723 0.29518 0.46583 1 95.041 59.809 -12.83 -0.25787 -0.73133 0.59135 -0.22129 2 47.466 -17.266 8.173 0.65176 0.72506 -0.08634 -0.20507 3 
80.348 41.738 -14.248 0.29695 0.76933 0.30601 0.47573 1 93.755 60.694 -12.505 -0.25775 -0.7355 0.58291 -0.22983 2 47.466 -17.266 8.173 0.65176 0.72506 -0.08634 -0.20507 3 
