121.987 -30.841 -13.901 0.50861 0.69976 0.49313 0.09205 1 120.862 10.492 -10.136 0.46964 -0.76485 0.4035 -0.17788 2 107.232 -31.975 -6.467 0.78164 0.61809 -0.03177 -0.07747 3 
121.532 -30.962 -13.868 0.51478 0.69527 0.49198 0.09779 1 121.191 10.503 -10.136 0.46122 -0.77002 0.40594 -0.17193 2 107.234 -31.98 -6.452 0.7817 0.61803 -0.03179 -0.07731 3 
121.229 -30.962 -13.886 0.51826 0.69243 0.49163 0.10126 1 121.39 10.518 -10.154 0.45481 -0.77356 0.40819 -0.16773 2 107.233 -31.966 -6.471 0.78158 0.61816 -0.03186 -0.07744 3 
121.079 -30.998 -13.872 0.52016 0.69062 0.49203 0.10187 1 121.542 10.532 -10.162 0.45163 -0.77459 0.40962 -0.16809 2 107.236 -31.979 -6.461 0.78169 0.61803 -0.03182 -0.07737 3 
121.046 -30.957 -13.875 0.52011 0.69042 0.49267 0.10045 1 121.677 10.541 -10.158 0.45052 -0.77429 0.41037 -0.17057 2 107.239 -31.98 -6.458 0.78168 0.61805 -0.03179 -0.07734 3 
121.097 -30.98 -13.888 0.52032 0.69044 0.4925 0.10009 1 121.799 10.572 -10.168 0.45076 -0.77391 0.41082 -0.17061 2 107.238 -31.966 -6.457 0.78161 0.61814 -0.03181 -0.07736 3 
121.222 -31.099 -13.797 0.51945 0.69141 0.4886 0.11574 1 121.811 10.613 -10.157 0.45257 -0.77312 0.41028 -0.17067 2 107.238 -31.971 -6.47 0.78164 0.61808 -0.03179 -0.07747 3 
122.186 -32.413 -13.983 0.47337 0.72427 0.47135 0.17083 1 121.826 10.674 -10.137 0.44801 -0.77407 0.41268 -0.17261 2 107.235 -31.973 -6.474 0.78164 0.61808 -0.03182 -0.07748 3 
125.514 -34.261 -15.61 0.27165 0.81016 0.49839 0.14643 1 121.689 10.7 -10.185 0.44564 -0.77402 0.41528 -0.17272 2 107.236 -31.972 -6.456 0.78166 0.61807 -0.03173 -0.07738 3 
126.741 -32.691 -17.081 0.02182 0.83368 0.55139 0.02162 1 121.123 10.593 -10.192 0.45853 -0.76695 0.41123 -0.18011 2 107.234 -31.975 -6.46 0.78166 0.61806 -0.03181 -0.07738 3 
122.052 -32.936 -17.559 0.01031 0.83501 0.5466 -0.06224 1 120.317 10.342 -10.188 0.47504 -0.75721 0.40595 -0.19021 2 107.236 -31.97 -6.461 0.78165 0.61807 -0.03184 -0.07738 3 
119.112 -32.003 -18.012 -0.00563 0.80683 0.5756 -0.13296 1 119.685 10.216 -10.18 0.48765 -0.74912 0.40039 -0.20177 2 107.241 -31.959 -6.467 0.78163 0.61809 -0.03177 -0.07751 3 
117.3 -31.646 -18.171 -0.00592 0.79313 0.57869 -0.18981 1 119.481 10.125 -10.118 0.48889 -0.74896 0.39721 -0.20562 2 107.235 -31.98 -6.462 0.78171 0.61801 -0.03181 -0.07732 3 
116.9 -31.294 -18.392 -0.02947 0.77162 0.58314 -0.25234 1 119.458 10.096 -10.07 0.48712 -0.75284 0.39266 -0.20433 2 107.148 -32.198 -6.461 0.78216 0.61735 -0.02907 -0.0791 3 
117.084 -31.114 -18.354 -0.04518 0.7623 0.58042 -0.28279 1 119.532 10.178 -10.039 0.47877 -0.76027 0.39186 -0.19803 2 107.167 -32.145 -6.457 0.78194 0.61763 -0.02951 -0.0789 3 
117.289 -30.079 -17.879 -0.07747 0.76081 0.56664 -0.30674 1 119.543 10.245 -10.04 0.47315 -0.76376 0.39399 -0.19385 2 106.814 -32.344 -6.43 0.75853 0.64638 -0.01629 -0.08097 3 
117.043 -28.802 -16.635 -0.09595 0.76686 0.54919 -0.31798 1 119.66 10.347 -10.025 0.46303 -0.7686 0.39733 -0.19235 2 104.373 -31.465 -5.522 0.75091 0.65828 0.02759 -0.04529 3 
114.752 -28.758 -14.325 -0.06708 0.78873 0.51398 -0.33051 1 119.73 10.494 -10.006 0.44746 -0.77497 0.40499 -0.18758 2 102.52 -29.874 -3.217 0.75748 0.6519 0.01254 -0.03313 3 
109.878 -28.962 -11.724 -0.05256 0.82304 0.45476 -0.33619 1 119.359 10.807 -10.109 0.44474 -0.77387 0.41244 -0.18225 2 97.576 -27.014 -1.019 0.75155 0.65877 -0.02553 0.02341 3 
103.587 -28.896 -9.426 -0.04292 0.85351 0.39138 -0.34133 1 118.862 11.156 -10.21 0.44337 -0.77161 0.42071 -0.17618 2 90.93 -23.739 0.548 0.7359 0.66789 -0.06359 0.09133 3 
97.078 -27.92 -7.938 -0.05827 0.88189 0.32228 -0.33914 1 118.328 11.462 -10.311 0.44003 -0.77 0.42938 -0.17062 2 83.547 -21.003 1.144 0.70497 0.68939 -0.08109 0.14553 3 
90.228 -26.389 -7.457 -0.08002 0.91215 0.25929 -0.30718 1 117.694 11.858 -10.348 0.43656 -0.76832 0.43749 -0.16644 2 74.699 -17.842 0.178 0.67176 0.70068 -0.07464 0.2285 3 
84.657 -25.148 -7.705 -0.08615 0.94015 0.20259 -0.26012 1 117.329 12.323 -10.363 0.42998 -0.76737 0.44634 -0.16447 2 67.677 -14.836 -1.713 0.64355 0.6913 -0.07651 0.31953 3 
80.674 -24.493 -8.014 -0.08092 0.96226 0.14004 -0.21884 1 117.221 12.823 -10.403 0.41991 -0.76697 0.45642 -0.16468 2 62.906 -12.305 -3.971 0.60524 0.66534 -0.10056 0.42532 3 
78.011 -24.642 -8.12 -0.07338 0.97509 0.0844 -0.19153 1 117.068 13.426 -10.406 0.41137 -0.76406 0.46681 -0.17049 2 60.103 -11.347 -5.713 0.57108 0.6329 -0.12553 0.50749 3 
76.131 -25.397 -8.009 -0.07988 0.98081 0.04933 -0.17088 1 116.713 13.969 -10.472 0.4074 -0.75824 0.47632 -0.1795 2 57.837 -12.047 -6.643 0.54685 0.61464 -0.11988 0.5557 3 
75.01 -26.091 -7.826 -0.07769 0.98457 0.01905 -0.15563 1 116.095 14.469 -10.53 0.41153 -0.74983 0.48256 -0.18849 2 56.846 -12.555 -7.263 0.53166 0.59547 -0.12703 0.58874 3 
74.125 -26.394 -7.654 -0.06764 0.98783 -0.0309 -0.13664 1 115.349 14.858 -10.604 0.41987 -0.73996 0.48754 -0.19616 2 56.337 -12.782 -8.381 0.50337 0.55964 -0.14298 0.64264 3 
73.553 -26.637 -7.426 -0.05337 0.98809 -0.07302 -0.12452 1 114.788 15.103 -10.651 0.42556 -0.73267 0.49187 -0.2004 2 56.299 -13.035 -9.205 0.48063 0.52653 -0.16045 0.68266 3 
73.168 -26.715 -7.118 -0.04172 0.98588 -0.10621 -0.12254 1 114.344 15.283 -10.67 0.42961 -0.72769 0.49456 -0.20325 2 56.388 -13.194 -9.611 0.46108 0.50467 -0.18271 0.70663 3 
72.628 -26.529 -6.686 -0.02465 0.9815 -0.14127 -0.12684 1 114.113 15.343 -10.718 0.4321 -0.72494 0.49607 -0.20411 2 56.404 -13.065 -9.888 0.44027 0.48223 -0.21219 0.72704 3 
72.044 -26.397 -6.204 -0.01544 0.97745 -0.15985 -0.13713 1 114.045 15.358 -10.742 0.43206 -0.72479 0.49696 -0.20256 2 56.057 -12.881 -9.686 0.42834 0.47726 -0.23542 0.73029 3 
71.599 -26.401 -5.759 -0.01016 0.97389 -0.17107 -0.14888 1 114.163 15.328 -10.745 0.42834 -0.72734 0.49767 -0.19958 2 55.655 -12.806 -9.35 0.42024 0.47908 -0.25232 0.72816 3 
71.332 -26.383 -5.474 -0.00388 0.97117 -0.18158 -0.15438 1 114.282 15.27 -10.754 0.42624 -0.72883 0.49835 -0.19691 2 55.58 -12.754 -9.259 0.41356 0.47357 -0.26615 0.73066 3 
71.28 -26.454 -5.371 -0.0029 0.97116 -0.17977 -0.15658 1 114.352 15.214 -10.751 0.42551 -0.72932 0.49878 -0.19556 2 55.584 -12.707 -9.128 0.41538 0.47437 -0.26888 0.72811 3 
71.344 -26.524 -5.366 -0.00386 0.97253 -0.17391 -0.1547 1 114.396 15.14 -10.75 0.42627 -0.72885 0.49899 -0.19512 2 55.667 -12.688 -9.074 0.42044 0.47499 -0.26505 0.7262 3 
71.429 -26.55 -5.401 -0.00179 0.97262 -0.17618 -0.15154 1 114.444 15.093 -10.749 0.42663 -0.72881 0.49862 -0.19545 2 55.899 -12.71 -9.198 0.42091 0.46954 -0.26652 0.72892 3 
71.479 -26.545 -5.417 -0.00159 0.97321 -0.17359 -0.15073 1 114.48 15.079 -10.757 0.42728 -0.72891 0.49788 -0.19555 2 56.005 -12.639 -9.187 0.42386 0.46909 -0.26634 0.72757 3 
71.492 -26.565 -5.388 -0.00141 0.9737 -0.16875 -0.15304 1 114.512 15.038 -10.753 0.4275 -0.72885 0.49771 -0.19571 2 56.034 -12.512 -9.048 0.42791 0.47216 -0.2671 0.72293 3 
71.534 -26.583 -5.35 -0.00147 0.97375 -0.1675 -0.15409 1 114.538 15.006 -10.734 0.42792 -0.72884 0.49764 -0.19504 2 56.065 -12.51 -9.002 0.42821 0.47273 -0.26739 0.72227 3 
71.628 -26.621 -5.36 0.00079 0.97404 -0.16751 -0.15229 1 114.579 14.967 -10.763 0.42759 -0.72941 0.49772 -0.19341 2 56.32 -12.474 -9.048 0.43051 0.46889 -0.26959 0.72258 3 
71.727 -26.592 -5.372 0.0001 0.97431 -0.16667 -0.15146 1 114.632 14.983 -10.758 0.4279 -0.72925 0.49793 -0.19277 2 56.423 -12.45 -9.059 0.43109 0.46856 -0.269 0.72267 3 
71.798 -26.584 -5.359 -0.00119 0.97474 -0.16347 -0.15217 1 114.687 14.971 -10.765 0.42816 -0.7294 0.49768 -0.1923 2 56.48 -12.396 -8.99 0.4332 0.47032 -0.26821 0.72056 3 
71.898 -26.567 -5.357 -0.00247 0.97519 -0.16044 -0.15249 1 114.744 15.004 -10.771 0.42871 -0.72933 0.49751 -0.19176 2 56.555 -12.341 -8.916 0.43553 0.47252 -0.26712 0.71811 3 
72.01 -26.592 -5.356 -0.00357 0.97582 -0.15758 -0.15146 1 114.829 15.008 -10.689 0.42889 -0.72931 0.49741 -0.19168 2 56.644 -12.337 -8.875 0.43785 0.47387 -0.265 0.71659 3 
72.104 -26.628 -5.393 -0.00492 0.97664 -0.15473 -0.14902 1 114.879 15.051 -10.762 0.42965 -0.72915 0.49711 -0.19138 2 56.737 -12.369 -8.893 0.44019 0.47357 -0.2616 0.71661 3 
72.286 -26.619 -5.378 -0.00348 0.97816 -0.1453 -0.14861 1 114.917 15.079 -10.788 0.43041 -0.72897 0.4969 -0.19088 2 56.97 -12.191 -8.77 0.44777 0.47461 -0.25793 0.71255 3 
72.762 -26.485 -5.08 0.02027 0.98176 -0.10305 -0.1585 1 114.921 15.073 -10.77 0.43022 -0.72912 0.49691 -0.19069 2 58.199 -10.83 -7.87 0.48693 0.47693 -0.26322 0.68276 3 
73.024 -26.626 -4.267 0.09193 0.97988 0.02369 -0.17554 1 114.843 15.053 -10.777 0.43137 -0.7283 0.4959 -0.19387 2 61.835 -8.018 -5.01 0.5973 0.46406 -0.29074 0.58596 3 
72.761 -27.208 -3.432 0.15798 0.94036 0.20686 -0.21902 1 114.716 15.012 -10.726 0.434 -0.72657 0.49418 -0.19882 2 66.271 -7.581 -0.036 0.71626 0.46546 -0.32245 0.40786 3 
71.581 -27.914 -2.839 0.2021 0.85293 0.40477 -0.26046 1 114.654 14.999 -10.706 0.43324 -0.7267 0.49321 -0.20235 2 70.077 -11.614 5.479 0.81049 0.45664 -0.32139 0.1769 3 
69.296 -27.723 -2.471 0.2171 0.75455 0.54735 -0.28971 1 114.57 14.968 -10.699 0.43159 -0.72711 0.4931 -0.20468 2 71.051 -16.979 8.982 0.84702 0.44038 -0.29729 -0.01536 3 
66.251 -26.833 -2.201 0.20927 0.69961 0.61167 -0.30433 1 114.474 14.946 -10.709 0.42993 -0.72718 0.49407 -0.20557 2 69.168 -19.951 10.445 0.84992 0.4338 -0.27373 -0.12052 3 
63.033 -25.73 -2.119 0.19462 0.69736 0.61702 -0.30839 1 114.463 14.964 -10.703 0.42335 -0.72996 0.4961 -0.20449 2 65.934 -19.272 10.758 0.84443 0.44118 -0.27359 -0.13208 3 
59.97 -24.782 -2.263 0.17752 0.70923 0.6136 -0.29829 1 114.484 15.015 -10.689 0.41358 -0.73409 0.49845 -0.20401 2 62.208 -18.115 10.686 0.84453 0.44743 -0.26719 -0.12319 3 
57.246 -24.016 -2.731 0.15361 0.71169 0.62328 -0.28535 1 114.367 15.005 -10.653 0.40584 -0.73631 0.50059 -0.20626 2 58.525 -17.853 10.403 0.84662 0.45419 -0.2461 -0.12803 3 
54.655 -23.284 -3.553 0.11689 0.70196 0.64917 -0.26864 1 114.122 14.974 -10.598 0.39957 -0.73724 0.50235 -0.21085 2 54.386 -18.604 9.855 0.84983 0.46332 -0.20174 -0.14975 3 
52.853 -22.73 -4.425 0.08453 0.68628 0.67633 -0.25389 1 113.85 14.926 -10.576 0.39287 -0.73814 0.50496 -0.21406 2 51.168 -19.812 9.121 0.85159 0.46815 -0.1549 -0.17787 3 
51.747 -22.296 -5.063 0.06243 0.6875 0.68154 -0.24281 1 113.582 14.784 -10.508 0.38504 -0.73945 0.50792 -0.21673 2 48.942 -19.865 8.401 0.85103 0.47626 -0.12962 -0.17923 3 
51.239 -22.018 -5.309 0.05648 0.69941 0.66946 -0.24384 1 113.266 14.602 -10.555 0.37958 -0.73792 0.51216 -0.22157 2 48.073 -18.972 8.088 0.8477 0.48699 -0.13357 -0.16247 3 
50.932 -22.063 -5.425 0.06215 0.69883 0.66923 -0.24477 1 112.962 14.344 -10.547 0.37828 -0.73386 0.51575 -0.22881 2 47.952 -19.089 8.028 0.84811 0.48432 -0.13601 -0.16625 3 
50.874 -22.127 -5.466 0.06723 0.70069 0.66696 -0.24429 1 112.737 14.177 -10.549 0.37745 -0.73261 0.51675 -0.23192 2 47.976 -19.037 8.02 0.84965 0.48161 -0.13776 -0.16482 3 
50.963 -22.283 -5.453 0.07128 0.71366 0.65807 -0.22923 1 112.603 14.052 -10.491 0.38056 -0.73304 0.51354 -0.23261 2 47.924 -19.134 8.023 0.8498 0.48145 -0.13599 -0.166 3 
52.744 -23.434 -5.122 0.08093 0.70587 0.65851 -0.24813 1 112.556 14.013 -10.476 0.38768 -0.73252 0.50917 -0.23208 2 48.217 -18.693 7.989 0.84881 0.4825 -0.14424 -0.16096 3 
59.488 -25.353 -3.231 0.19108 0.64151 0.65838 -0.34422 1 112.805 14.103 -10.484 0.38694 -0.73395 0.50878 -0.22964 2 48.203 -18.716 7.988 0.84891 0.48239 -0.14366 -0.16131 3 
70.832 -27.367 -1.68 0.30492 0.61953 0.61159 -0.38621 1 112.875 14.201 -10.494 0.39232 -0.73219 0.50727 -0.22948 2 48.198 -18.731 7.986 0.84891 0.48238 -0.14344 -0.16152 3 
81.568 -28.821 -2.014 0.34977 0.70916 0.52961 -0.30703 1 112.736 14.225 -10.515 0.40785 -0.7239 0.50332 -0.23726 2 48.203 -18.726 7.989 0.84889 0.48241 -0.14354 -0.16145 3 
91.662 -29.395 -4.319 0.33214 0.84559 0.41082 -0.07678 1 112.723 14.108 -10.532 0.42697 -0.71486 0.4942 -0.24988 2 48.212 -18.721 7.986 0.84887 0.4824 -0.14366 -0.16143 3 
102.856 -32.025 -7.89 0.30205 0.87932 0.29603 0.21894 1 112.926 13.784 -10.503 0.44901 -0.70463 0.48256 -0.26273 2 48.206 -18.726 7.986 0.84889 0.48238 -0.14356 -0.16148 3 
114.202 -34.894 -9.959 0.33053 0.83015 0.23454 0.38288 1 113.605 13.322 -10.537 0.46215 -0.70117 0.47296 -0.26663 2 48.21 -18.723 7.988 0.84888 0.4824 -0.14364 -0.16143 3 
121.406 -31.148 -10.602 0.38816 0.76696 0.34277 0.37896 1 114.708 12.634 -10.464 0.46589 -0.70259 0.46513 -0.2701 2 48.21 -18.724 7.986 0.84889 0.4824 -0.14358 -0.16147 3 
123.878 -25.265 -11.661 0.33364 0.75304 0.49701 0.27313 1 115.865 11.824 -10.402 0.46915 -0.70921 0.45599 -0.26265 2 48.211 -18.723 7.987 0.84888 0.48241 -0.1436 -0.16145 3 
124.167 -26.951 -12.241 0.37536 0.74639 0.49655 0.23548 1 117.045 11.119 -10.332 0.46487 -0.72157 0.44762 -0.25073 2 48.211 -18.724 7.986 0.84888 0.4824 -0.14361 -0.16146 3 
124.552 -28.675 -12.416 0.4017 0.73445 0.49133 0.24048 1 118.36 10.206 -10.236 0.46833 -0.73129 0.43366 -0.24047 2 48.21 -18.724 7.985 0.84889 0.48239 -0.1436 -0.16147 3 
124.371 -30.371 -12.795 0.43046 0.71924 0.49305 0.23302 1 120.251 9.369 -10.144 0.45385 -0.74765 0.42687 -0.22984 2 48.213 -18.722 7.985 0.84887 0.48241 -0.14363 -0.16146 3 
124.021 -31.951 -13.024 0.45853 0.70395 0.48568 0.24152 1 122.336 8.852 -9.994 0.43117 -0.76848 0.41755 -0.22177 2 48.211 -18.723 7.986 0.84888 0.48241 -0.14359 -0.16146 3 
121.883 -33.959 -13.06 0.50141 0.6752 0.44817 0.30304 1 124.342 9.049 -9.437 0.40343 -0.79601 0.38059 -0.2424 2 48.212 -18.722 7.985 0.84888 0.4824 -0.14361 -0.16146 3 
117.42 -34.893 -13.727 0.41334 0.65133 0.3945 0.49929 1 124.792 10.979 -8.802 0.35017 -0.8338 0.31694 -0.28586 2 48.211 -18.724 7.986 0.84888 0.48239 -0.1436 -0.16147 3 
116.234 -30.299 -15.972 0.22959 0.47086 0.66318 0.53458 1 125.225 16.274 -8.918 0.18252 -0.88373 0.3372 -0.26832 2 48.212 -18.723 7.985 0.84887 0.48241 -0.1436 -0.16147 3 
112.492 -22.018 -15.03 0.23656 0.45943 0.7408 0.42917 1 124.278 21.947 -9.108 0.02329 -0.90248 0.38517 -0.19138 2 48.212 -18.723 7.985 0.84888 0.4824 -0.1436 -0.16148 3 
108.774 -9.869 -13.848 0.318 0.41073 0.69278 0.50023 1 122.019 27.18 -9.516 -0.08558 -0.87736 0.4557 -0.12351 2 48.211 -18.724 7.985 0.84888 0.4824 -0.14359 -0.16148 3 
107.871 5.4 -13.492 0.3886 0.30114 0.62269 0.60874 1 119.69 33.498 -10.218 -0.16303 -0.84203 0.50424 -0.10075 2 48.21 -18.724 7.987 0.84888 0.48241 -0.14358 -0.16147 3 
109.338 18.587 -12.9 0.41908 0.23769 0.58703 0.65059 1 117.525 39.819 -10.522 -0.23208 -0.81306 0.52992 -0.0652 2 48.212 -18.721 7.985 0.84888 0.48241 -0.14362 -0.16146 3 
106.9 28.611 -11.388 0.44688 0.30602 0.63276 0.55341 1 115.12 46.12 -10.377 -0.30791 -0.75776 0.57522 -0.011 2 48.211 -18.722 7.986 0.84888 0.48241 -0.14359 -0.16146 3 
99.496 33.817 -10.356 0.41442 0.49994 0.62004 0.4403 1 111.069 50.586 -10.085 -0.32165 -0.73094 0.60163 -0.01773 2 48.211 -18.724 7.986 0.84888 0.48239 -0.14358 -0.16148 3 
90.291 35.518 -10.336 0.41194 0.69399 0.4817 0.34153 1 105.921 53.143 -10.141 -0.29321 -0.73679 0.60431 -0.07732 2 48.211 -18.722 7.986 0.84888 0.4824 -0.1436 -0.16146 3 
83.769 37.417 -11.56 0.40059 0.76796 0.31514 0.38788 1 101.587 55.048 -10.337 -0.27179 -0.73955 0.60915 -0.09018 2 48.212 -18.723 7.985 0.84887 0.48241 -0.14359 -0.16148 3 
81.243 38.956 -12.635 0.39802 0.77461 0.24151 0.42805 1 98.217 56.991 -11.15 -0.27624 -0.73551 0.60401 -0.13373 2 48.211 -18.723 7.986 0.84888 0.4824 -0.1436 -0.16146 3 
80.539 40.294 -13.218 0.4126 0.7679 0.20265 0.44612 1 96.23 58.596 -11.978 -0.28829 -0.73903 0.58789 -0.15842 2 48.211 -18.722 7.986 0.84888 0.4824 -0.14359 -0.16147 3 
80.401 41.31 -13.721 0.40474 0.76296 0.18445 0.4691 1 95.071 59.551 -12.38 -0.28693 -0.74373 0.5775 -0.17618 2 48.211 -18.723 7.985 0.84888 0.48241 -0.14359 -0.16148 3 
80.445 41.775 -14.409 0.38905 0.76066 0.18384 0.48605 1 94.118 60.121 -12.265 -0.28635 -0.75595 0.55848 -0.18613 2 48.212 -18.723 7.985 0.84888 0.48239 -0.14361 -0.16147 3 
80.392 41.809 -14.35 0.37608 0.75664 0.20485 0.49407 1 92.902 60.456 -13.227 -0.2833 -0.76362 0.54648 -0.1949 2 48.211 -18.722 7.985 0.84887 0.48242 -0.14358 -0.16148 3 
