118.537 -28.951 -13.255 0.42487 0.71215 0.49234 0.26445 1 113.824 10.208 -9.901 0.46798 -0.74405 0.4149 -0.23503 2 45.986 -28.611 7.664 0.30142 0.92743 0.05095 -0.21546 3 
118.784 -28.897 -13.311 0.42256 0.71384 0.49556 0.25749 1 113.744 10.166 -9.917 0.47091 -0.74235 0.41399 -0.23617 2 45.987 -28.612 7.662 0.30142 0.92742 0.05095 -0.21549 3 
118.98 -28.852 -13.307 0.42099 0.71485 0.49643 0.25557 1 113.693 10.154 -9.903 0.47376 -0.74091 0.41296 -0.23678 2 45.987 -28.612 7.663 0.30142 0.92743 0.05095 -0.21548 3 
119.128 -28.853 -13.293 0.4208 0.71532 0.49591 0.25559 1 113.711 10.183 -9.926 0.47522 -0.73987 0.41369 -0.23584 2 45.987 -28.61 7.663 0.30141 0.92743 0.05094 -0.21548 3 
119.205 -28.765 -13.252 0.42091 0.71586 0.49403 0.2575 1 113.719 10.239 -9.937 0.47622 -0.73828 0.41582 -0.23504 2 45.988 -28.611 7.663 0.3014 0.92743 0.05094 -0.21548 3 
118.672 -29.19 -12.98 0.42291 0.70861 0.47704 0.30242 1 113.62 10.288 -9.968 0.47862 -0.73649 0.41533 -0.23666 2 45.987 -28.611 7.664 0.30141 0.92743 0.05094 -0.21547 3 
116.735 -32.082 -11.89 0.39336 0.7523 0.42942 0.30808 1 113.374 10.426 -9.961 0.47805 -0.73427 0.41588 -0.24366 2 45.987 -28.611 7.663 0.30142 0.92743 0.05095 -0.21548 3 
115.425 -35.93 -11.051 0.26335 0.82877 0.47035 0.15018 1 113.22 10.606 -10.028 0.47871 -0.72827 0.42202 -0.24972 2 45.988 -28.611 7.663 0.3014 0.92743 0.05094 -0.21549 3 
110.432 -37.6 -8.723 0.19591 0.82266 0.51516 -0.13949 1 112.869 10.661 -10.089 0.48634 -0.71955 0.42382 -0.25709 2 45.987 -28.612 7.664 0.30141 0.92743 0.05095 -0.21548 3 
102.703 -38.369 -5.783 0.20325 0.78674 0.4964 -0.30547 1 112.543 10.663 -10.13 0.49333 -0.71176 0.42587 -0.26202 2 45.987 -28.61 7.663 0.30141 0.92743 0.05094 -0.21548 3 
92.911 -38.287 -4.792 0.16691 0.73969 0.5337 -0.37438 1 112.457 10.766 -10.164 0.49591 -0.70748 0.42722 -0.26652 2 45.987 -28.611 7.664 0.30141 0.92743 0.05094 -0.21547 3 
82.907 -36.429 -6.023 0.07603 0.70415 0.60007 -0.3719 1 112.837 10.93 -10.168 0.48336 -0.71096 0.43352 -0.27012 2 45.987 -28.612 7.664 0.3014 0.92743 0.05096 -0.21547 3 
75.602 -33.462 -7.837 0.00501 0.7155 0.62735 -0.30735 1 113.67 11.005 -10.142 0.45953 -0.71896 0.44402 -0.27345 2 45.987 -28.61 7.664 0.30141 0.92743 0.05093 -0.21547 3 
73.857 -29.545 -7.618 0.03345 0.73076 0.62241 -0.27835 1 114.68 11.035 -10.065 0.42921 -0.72809 0.45463 -0.28102 2 45.987 -28.612 7.662 0.30141 0.92743 0.05095 -0.21549 3 
76.934 -26.731 -5.186 0.14191 0.77767 0.53533 -0.29751 1 115.701 10.853 -10.077 0.40459 -0.72863 0.46878 -0.29265 2 45.987 -28.611 7.663 0.30142 0.92743 0.05094 -0.21548 3 
82.724 -26.625 -1.492 0.25764 0.7523 0.4739 -0.37825 1 116.375 10.507 -10.119 0.39188 -0.72717 0.47955 -0.29611 2 45.987 -28.611 7.662 0.3014 0.92743 0.05095 -0.21549 3 
88.061 -28.592 2.723 0.34981 0.68987 0.42701 -0.46838 1 116.652 10.224 -10.159 0.39008 -0.72711 0.48289 -0.2932 2 45.989 -28.61 7.661 0.3014 0.92743 0.05092 -0.21551 3 
89.534 -31.295 7.049 0.39781 0.64853 0.4106 -0.50255 1 116.819 9.966 -10.194 0.39373 -0.72189 0.48461 -0.29833 2 45.986 -28.612 7.663 0.30141 0.92743 0.05096 -0.21548 3 
86.285 -33.454 10.206 0.37163 0.63985 0.40264 -0.53885 1 117.541 9.724 -10.189 0.39444 -0.71781 0.48382 -0.30834 2 45.987 -28.61 7.664 0.30139 0.92744 0.05094 -0.21548 3 
77.144 -33.541 9.012 0.2562 0.73456 0.40916 -0.47684 1 118.384 9.369 -10.217 0.39372 -0.71918 0.48181 -0.30922 2 45.987 -28.612 7.663 0.3014 0.92743 0.05094 -0.21548 3 
66.285 -32.999 3.39 0.12738 0.84135 0.4441 -0.28049 1 119.114 8.614 -10.186 0.38936 -0.72304 0.47956 -0.30925 2 45.987 -28.611 7.663 0.30141 0.92743 0.05094 -0.21549 3 
59.296 -33.051 -1.952 0.05111 0.83765 0.51487 -0.17503 1 120.064 7.665 -10.118 0.3656 -0.73818 0.47644 -0.3073 2 45.986 -28.612 7.663 0.30141 0.92743 0.05096 -0.21548 3 
55.167 -32.035 -4.822 0.03535 0.83147 0.53765 -0.13541 1 120.765 6.535 -10.043 0.33794 -0.75215 0.47433 -0.30835 2 45.988 -28.611 7.663 0.30141 0.92743 0.05093 -0.21548 3 
52.327 -31.138 -5.868 0.06122 0.80595 0.56979 -0.14842 1 120.947 5.303 -9.957 0.31455 -0.76173 0.47404 -0.31003 2 45.987 -28.612 7.664 0.30139 0.92748 0.05093 -0.2153 3 
50.775 -30.747 -6.102 0.07265 0.77127 0.60249 -0.19201 1 120.703 4.337 -9.989 0.30015 -0.76808 0.47508 -0.30703 2 45.899 -28.629 7.677 0.3018 0.92753 0.05149 -0.21435 3 
50.257 -31.109 -6.306 0.06981 0.73871 0.62906 -0.23178 1 120.222 3.683 -10.021 0.29459 -0.77236 0.47466 -0.30227 2 45.915 -28.615 7.675 0.30149 0.92761 0.05141 -0.21445 3 
50.42 -31.245 -6.189 0.08213 0.72196 0.63889 -0.25271 1 119.738 3.536 -10.036 0.29772 -0.77396 0.47317 -0.29741 2 46.529 -28.934 7.586 0.29864 0.92644 0.05325 -0.22292 3 
53.119 -31.378 -6.3 0.0964 0.72377 0.61275 -0.30233 1 119.326 3.61 -10.036 0.30044 -0.77563 0.47136 -0.29318 2 50.625 -28.862 7.269 0.26771 0.93046 0.03458 -0.24774 3 
58.038 -31.739 -6.299 0.13192 0.73637 0.57337 -0.33407 1 118.902 4.052 -10.046 0.30357 -0.77432 0.47065 -0.29457 2 56.994 -27.924 7.004 0.26333 0.9281 -0.0065 -0.26313 3 
62.843 -31.972 -6.422 0.12381 0.77943 0.51867 -0.32885 1 118.23 4.764 -10.053 0.32224 -0.76572 0.46944 -0.29909 2 59.883 -25.36 6.264 0.24382 0.94626 -0.06338 -0.20282 3 
66.228 -32.202 -6.929 0.10922 0.84262 0.43227 -0.30202 1 117.827 5.403 -10.043 0.33724 -0.76033 0.46716 -0.29988 2 60.394 -21.391 4.225 0.2128 0.95737 -0.15947 -0.11283 3 
68.339 -32.173 -7.43 0.10235 0.91058 0.29909 -0.26631 1 117.755 6.089 -10.004 0.34614 -0.75905 0.46291 -0.29957 2 59.579 -16.754 0.953 0.17439 0.93982 -0.29374 -0.00609 3 
69.185 -31.963 -7.742 0.0961 0.95176 0.16463 -0.24046 1 117.83 6.866 -9.961 0.35347 -0.75766 0.45955 -0.29969 2 58.441 -13.752 -2.433 0.1331 0.89237 -0.42373 0.08008 3 
69.17 -32.06 -7.809 0.08826 0.96853 0.06856 -0.2224 1 118.109 7.465 -9.899 0.35384 -0.7589 0.45781 -0.2988 2 57.229 -13.02 -4.697 0.10455 0.84468 -0.50662 0.13756 3 
68.896 -32.37 -7.722 0.08091 0.97434 0.00201 -0.21003 1 118.484 8.019 -9.858 0.3489 -0.763 0.45816 -0.29357 2 56.367 -13.236 -6.173 0.08531 0.80299 -0.56412 0.17232 3 
68.619 -32.297 -7.458 0.08058 0.97328 -0.06682 -0.2044 1 118.81 8.521 -9.807 0.34257 -0.76681 0.46031 -0.28768 2 56.067 -13.325 -7.724 0.07168 0.7424 -0.63598 0.19809 3 
68.263 -31.929 -6.994 0.07797 0.96748 -0.11121 -0.21337 1 118.923 8.995 -9.832 0.34097 -0.76802 0.46189 -0.28379 2 55.446 -13.407 -8.298 0.05003 0.70309 -0.67905 0.20506 3 
68.117 -31.491 -6.422 0.08786 0.95715 -0.15536 -0.22805 1 118.96 9.431 -9.883 0.34093 -0.76848 0.46355 -0.27988 2 55.623 -13.261 -8.555 0.03752 0.66835 -0.71843 0.18908 3 
68.028 -30.558 -5.827 0.10486 0.94322 -0.2009 -0.24285 1 118.953 9.832 -9.833 0.34054 -0.76832 0.4658 -0.27704 2 55.952 -12.82 -9.029 0.02844 0.62079 -0.76395 0.17376 3 
67.767 -29.629 -5.361 0.11733 0.93535 -0.21607 -0.25428 1 118.949 10.182 -9.867 0.34148 -0.76731 0.4677 -0.27546 2 56.109 -11.927 -8.854 0.02736 0.60675 -0.7791 0.15529 3 
67.51 -28.992 -4.96 0.12053 0.92982 -0.2274 -0.26304 1 119.02 10.559 -9.892 0.33847 -0.76857 0.4702 -0.2714 2 55.974 -11.396 -8.646 0.02245 0.59784 -0.78852 0.14258 3 
67.311 -28.712 -4.611 0.11926 0.92545 -0.23945 -0.26829 1 119.099 10.845 -9.893 0.33558 -0.76947 0.47241 -0.26857 2 55.613 -11.316 -8.523 0.01444 0.58839 -0.79632 0.13951 3 
67.343 -28.621 -4.413 0.11856 0.92396 -0.24312 -0.27042 1 119.002 11.139 -9.914 0.33669 -0.7688 0.47355 -0.2671 2 55.617 -11.255 -8.379 0.01175 0.58631 -0.79837 0.13682 3 
67.432 -28.582 -4.338 0.11986 0.92275 -0.25178 -0.26604 1 118.776 11.355 -9.937 0.34011 -0.76644 0.47433 -0.26816 2 55.761 -11.426 -8.555 0.01469 0.57688 -0.80443 0.14103 3 
67.534 -28.682 -4.364 0.11953 0.92318 -0.25448 -0.2621 1 118.529 11.481 -9.957 0.3437 -0.7635 0.47527 -0.27029 2 55.925 -11.628 -8.701 0.01806 0.57221 -0.80706 0.14457 3 
67.622 -28.866 -4.407 0.11732 0.92604 -0.24821 -0.25899 1 118.323 11.582 -9.986 0.34743 -0.76098 0.4752 -0.27273 2 55.99 -11.724 -8.654 0.02003 0.57727 -0.80278 0.14802 3 
67.694 -29.103 -4.421 0.11472 0.92857 -0.24185 -0.25712 1 118.201 11.574 -9.988 0.34826 -0.76013 0.47568 -0.27322 2 56.032 -11.855 -8.57 0.02115 0.58306 -0.7982 0.14993 3 
67.735 -29.329 -4.428 0.11299 0.92944 -0.2404 -0.25607 1 118.137 11.521 -10.013 0.3482 -0.76002 0.47546 -0.27397 2 56.012 -12.075 -8.562 0.02058 0.58406 -0.7971 0.15196 3 
67.669 -29.504 -4.45 0.11283 0.93109 -0.23675 -0.25357 1 118.059 11.473 -10 0.35027 -0.75861 0.47525 -0.27562 2 55.999 -12.182 -8.557 0.02361 0.58641 -0.79489 0.15403 3 
67.646 -29.533 -4.453 0.11417 0.93126 -0.23429 -0.25462 1 118.029 11.386 -10.008 0.34988 -0.75889 0.47487 -0.27598 2 56.05 -12.125 -8.519 0.02471 0.58822 -0.79404 0.15128 3 
67.542 -29.53 -4.467 0.11475 0.93204 -0.2294 -0.25594 1 118.067 11.284 -10.005 0.34866 -0.75984 0.47423 -0.27603 2 55.985 -12 -8.437 0.02524 0.59221 -0.79142 0.14934 3 
67.44 -29.527 -4.58 0.11703 0.93626 -0.21216 -0.25437 1 118.15 11.208 -9.991 0.34706 -0.76044 0.47476 -0.27547 2 56.048 -11.689 -8.317 0.03278 0.60343 -0.78249 0.15 3 
67.374 -29.322 -4.694 0.13114 0.94663 -0.13273 -0.26284 1 118.295 11.143 -9.988 0.34388 -0.76114 0.47606 -0.27529 2 57.137 -9.993 -6.978 0.06254 0.6609 -0.73803 0.12092 3 
66.872 -28.259 -4.494 0.14926 0.94586 0.02333 -0.28729 1 118.348 11.084 -10.018 0.343 -0.76099 0.4764 -0.27619 2 58.698 -7.595 -3.336 0.10395 0.7646 -0.6344 0.04601 3 
65.46 -27.081 -3.962 0.16325 0.90526 0.23181 -0.3164 1 118.42 10.982 -10.005 0.34167 -0.76142 0.47695 -0.27571 2 60.912 -8.335 2.398 0.16614 0.86702 -0.46304 -0.07912 3 
62.959 -26.404 -3.647 0.16511 0.82485 0.44105 -0.31278 1 118.687 10.851 -10.03 0.33646 -0.76396 0.47869 -0.27206 2 61.526 -13.795 7.214 0.24741 0.916 -0.25148 -0.19101 3 
59.909 -25.237 -3.778 0.14831 0.73378 0.59006 -0.30233 1 119.117 10.73 -10.061 0.3277 -0.76775 0.48221 -0.2658 2 59.393 -20.27 9.278 0.2929 0.91646 -0.05167 -0.26766 3 
56.902 -23.712 -4.157 0.12086 0.68781 0.65033 -0.29898 1 119.612 10.513 -10.048 0.31595 -0.77237 0.48637 -0.25896 2 56.09 -22.558 9.319 0.28932 0.91033 0.04117 -0.2931 3 
54.63 -22.253 -4.49 0.09788 0.69568 0.64358 -0.30373 1 120.153 10.285 -10.055 0.30031 -0.77885 0.49015 -0.2509 2 53.474 -21.08 9.011 0.2656 0.91839 0.03922 -0.29064 3 
52.983 -21.204 -4.634 0.08952 0.71752 0.62273 -0.29895 1 120.618 10.11 -10.08 0.28513 -0.78457 0.49293 -0.24532 2 51.413 -18.818 8.832 0.25565 0.9261 0.01012 -0.27727 3 
51.745 -20.489 -4.681 0.07895 0.72975 0.61517 -0.28775 1 120.84 9.956 -10.092 0.27759 -0.78609 0.49577 -0.24334 2 49.446 -17.613 8.763 0.25378 0.93146 0.00219 -0.26072 3 
50.979 -20.053 -4.85 0.06068 0.73477 0.61743 -0.27425 1 120.902 9.909 -10.095 0.27455 -0.78584 0.49803 -0.24298 2 47.667 -17.344 8.539 0.24968 0.93749 0.01258 -0.2421 3 
50.622 -20 -5.016 0.04795 0.73456 0.6207 -0.26992 1 121.014 9.879 -10.1 0.27165 -0.78615 0.49877 -0.24373 2 46.751 -17.64 8.358 0.24449 0.94081 0.02489 -0.23342 3 
50.361 -20.036 -4.973 0.05062 0.742 0.61728 -0.25658 1 121.105 9.876 -10.09 0.27164 -0.78624 0.49755 -0.24593 2 46.487 -17.401 8.351 0.25101 0.9396 0.01976 -0.23184 3 
50.58 -20.118 -5.044 0.04563 0.74759 0.62057 -0.23222 1 121.033 9.872 -10.084 0.27937 -0.78473 0.49527 -0.24668 2 46.497 -17.415 8.335 0.25158 0.93938 0.0199 -0.23212 3 
52.372 -20.698 -5.035 0.04415 0.77052 0.60573 -0.19347 1 120.939 9.793 -10.079 0.28897 -0.78429 0.49087 -0.24584 2 46.488 -17.43 8.336 0.25172 0.93931 0.02004 -0.23224 3 
56.747 -21.932 -5.409 0.05751 0.78238 0.59058 -0.18918 1 121.074 9.711 -9.976 0.29499 -0.78634 0.48309 -0.24754 2 46.495 -17.432 8.339 0.2517 0.9393 0.02002 -0.23229 3 
63.401 -23.027 -5.395 0.09538 0.83084 0.50589 -0.21137 1 121.202 9.404 -9.922 0.30626 -0.78847 0.47171 -0.24901 2 46.497 -17.429 8.338 0.25171 0.9393 0.02003 -0.23227 3 
71.49 -23.203 -5.059 0.15089 0.87655 0.3915 -0.23584 1 121.225 8.862 -9.78 0.32428 -0.78952 0.45661 -0.25104 2 46.493 -17.429 8.337 0.25174 0.93928 0.02005 -0.23233 3 
79.241 -23.835 -5.361 0.2078 0.90482 0.32529 -0.17972 1 121.492 8.299 -9.639 0.34735 -0.78835 0.43918 -0.25492 2 46.495 -17.433 8.336 0.25173 0.93928 0.02006 -0.23233 3 
86.868 -25.426 -6.2 0.26922 0.93714 0.2183 -0.04042 1 122.896 7.694 -9.382 0.35884 -0.78885 0.42093 -0.26788 2 46.492 -17.431 8.336 0.25174 0.93929 0.02007 -0.23229 3 
93.706 -27.574 -7.594 0.30002 0.9194 0.17704 0.18261 1 123.852 7.847 -9.191 0.3788 -0.79058 0.38991 -0.2819 2 46.496 -17.43 8.336 0.25172 0.93928 0.02006 -0.23234 3 
100.177 -28.735 -8.942 0.32759 0.81405 0.1409 0.45842 1 123.523 8.542 -9.229 0.40726 -0.78728 0.35924 -0.29201 2 46.494 -17.433 8.337 0.25172 0.93929 0.02007 -0.23232 3 
106.956 -27.901 -10.313 0.34514 0.73978 0.20462 0.54013 1 123.581 9.776 -9.428 0.44099 -0.77517 0.33924 -0.29925 2 46.493 -17.431 8.336 0.25174 0.93928 0.02007 -0.23233 3 
112.236 -25.496 -11.033 0.33904 0.70758 0.25421 0.56548 1 123.761 12.129 -9.812 0.42835 -0.76918 0.29325 -0.37266 2 46.493 -17.432 8.335 0.25174 0.93928 0.02008 -0.23234 3 
115.585 -22.585 -10.706 0.33379 0.71259 0.3052 0.53634 1 124.556 16.717 -10.07 0.36508 -0.78558 0.27272 -0.41858 2 46.495 -17.434 8.336 0.25174 0.93928 0.02007 -0.23233 3 
116.96 -21.061 -9.884 0.33504 0.7376 0.26632 0.52227 1 125.01 22.719 -9.868 0.23839 -0.85592 0.33094 -0.31789 2 46.493 -17.432 8.335 0.25174 0.93927 0.02009 -0.23235 3 
116.823 -18.623 -8.877 0.34642 0.74331 0.27766 0.50039 1 124.066 21.442 -9.02 0.31453 -0.8832 0.23676 -0.25489 2 46.494 -17.432 8.336 0.25174 0.93928 0.02009 -0.23234 3 
116.005 -15.896 -8.088 0.41001 0.68547 0.37773 0.46834 1 121.588 17.288 -8.594 0.24672 -0.87889 0.03485 -0.40677 2 46.494 -17.434 8.337 0.25173 0.93928 0.02008 -0.23234 3 
116.083 -12.71 -7.542 0.44963 0.63236 0.439 0.45303 1 119.622 18.249 -7.262 0.10733 -0.83454 0.05738 -0.53733 2 46.493 -17.432 8.335 0.25175 0.93927 0.02008 -0.23235 3 
116.131 -10.966 -7.373 0.50949 0.57179 0.36926 0.52643 1 119.466 20.606 -4.79 0.24056 -0.86852 0.32618 -0.28531 2 46.495 -17.432 8.334 0.25173 0.93927 0.02008 -0.23237 3 
115.997 -9.482 -7.08 0.54409 0.564 0.28801 0.55038 1 121.375 16.389 -3.911 0.38362 -0.7944 0.4526 -0.13006 2 46.494 -17.433 8.337 0.25175 0.93927 0.02007 -0.23234 3 
115.808 -8.246 -6.706 0.57363 0.55284 0.21925 0.56324 1 122.285 11.102 -3.97 0.4044 -0.82757 0.36845 -0.12583 2 46.494 -17.43 8.334 0.25174 0.93927 0.02005 -0.23235 3 
115.017 -7.408 -6.174 0.60264 0.55575 0.16861 0.54731 1 122.781 9.404 -4.8 0.375 -0.84086 0.38042 -0.08728 2 46.492 -17.434 8.336 0.25176 0.93927 0.0201 -0.23234 3 
114.958 -5.571 -6.376 0.63398 0.51852 0.14192 0.55594 1 123.918 10.442 -5.119 0.3291 -0.87042 0.3651 -0.02777 2 46.495 -17.432 8.337 0.25173 0.93928 0.02007 -0.23234 3 
115.282 -2.604 -6.263 0.66648 0.47242 0.12465 0.56311 1 125.055 12.61 -5.028 0.27448 -0.88778 0.36818 0.03087 2 46.494 -17.431 8.334 0.25173 0.93927 0.02008 -0.23237 3 
114.945 1.44 -6.302 0.69319 0.43224 0.10503 0.56712 1 125.2 15.608 -4.93 0.20894 -0.89839 0.37908 0.07439 2 46.493 -17.433 8.335 0.25176 0.93927 0.02007 -0.23236 3 
114.057 6.596 -6.261 0.71373 0.40914 0.08142 0.56264 1 124.399 19.781 -5.05 0.15585 -0.89998 0.39227 0.10897 2 46.494 -17.434 8.335 0.25176 0.93927 0.0201 -0.23236 3 
111.894 13.771 -6.231 0.73498 0.39527 0.06087 0.54759 1 122.253 25.643 -5.117 0.11735 -0.92103 0.34596 0.13507 2 46.492 -17.433 8.335 0.25176 0.93927 0.02009 -0.23236 3 
106.268 21.604 -6.512 0.66946 0.49287 0.14668 0.53608 1 119.237 33.74 -5.429 0.06421 -0.92586 0.33654 0.1594 2 46.498 -17.43 8.333 0.25174 0.93927 0.02003 -0.23239 3 
96.153 28.652 -7.37 0.5601 0.65391 0.31501 0.39933 1 116.406 43.177 -6.078 -0.07384 -0.85777 0.4677 0.20009 2 46.493 -17.434 8.336 0.25176 0.93927 0.02008 -0.23236 3 
86.806 33.326 -9.103 0.46434 0.7685 0.30815 0.31438 1 111.402 50.247 -7.675 -0.21681 -0.80491 0.55132 0.03413 2 46.495 -17.432 8.333 0.25175 0.93927 0.02008 -0.23237 3 
81.862 36.382 -11.292 0.39369 0.77388 0.28617 0.40525 1 106.281 53.829 -8.678 -0.24269 -0.77082 0.58216 -0.08958 2 46.493 -17.433 8.337 0.25174 0.93928 0.0201 -0.23235 3 
80.54 38.429 -12.453 0.38924 0.75903 0.2792 0.44092 1 102.04 55.734 -9.307 -0.26193 -0.78882 0.53293 -0.15859 2 46.494 -17.432 8.336 0.25173 0.93928 0.02008 -0.23235 3 
80.054 40.082 -12.998 0.38606 0.75546 0.26068 0.46074 1 98.933 57.492 -10.338 -0.26952 -0.7826 0.52924 -0.18655 2 46.494 -17.432 8.334 0.25174 0.93927 0.02008 -0.23238 3 
79.84 40.987 -13.749 0.38062 0.75328 0.25047 0.4743 1 96.615 58.669 -10.643 -0.27463 -0.78297 0.51468 -0.21598 2 46.494 -17.433 8.335 0.25174 0.93927 0.02008 -0.23237 3 
79.827 41.478 -13.826 0.35871 0.75377 0.23449 0.49818 1 94.7 59.789 -11.399 -0.2743 -0.78604 0.50653 -0.22433 2 46.494 -17.434 8.335 0.25175 0.93927 0.02009 -0.23236 3 
79.689 41.605 -13.965 0.3287 0.7528 0.25263 0.5113 1 93.256 60.511 -12.011 -0.28115 -0.78912 0.48831 -0.24454 2 46.493 -17.432 8.334 0.25176 0.93926 0.02008 -0.23238 3 
79.703 41.957 -14.044 0.31345 0.75822 0.24999 0.51416 1 91.944 60.972 -12.573 -0.28227 -0.79355 0.4738 -0.25714 2 46.493 -17.433 8.336 0.25175 0.93927 0.02007 -0.23236 3 
