117.666 -28.948 -12.942 0.54905 0.69164 0.42294 0.20325 1 120.457 12.911 -10.232 0.41925 -0.78984 0.41724 -0.16215 2 81.047 -9.522 -4.265 0.98652 0.13366 -0.0913 -0.02407 3 
117.674 -28.979 -12.973 0.54866 0.69229 0.42245 0.2031 1 120.438 12.899 -10.247 0.41973 -0.78937 0.41749 -0.16254 2 81.045 -9.527 -4.268 0.98652 0.13361 -0.09133 -0.02412 3 
117.716 -28.987 -12.959 0.54806 0.69314 0.42138 0.20405 1 120.399 12.872 -10.241 0.42108 -0.78841 0.41733 -0.16414 2 81.045 -9.526 -4.265 0.98652 0.13361 -0.09131 -0.02413 3 
117.782 -29.007 -12.975 0.54644 0.69427 0.42138 0.20452 1 120.371 12.88 -10.234 0.42221 -0.78733 0.41738 -0.1663 2 81.046 -9.525 -4.261 0.98652 0.13361 -0.09131 -0.02407 3 
117.855 -29.019 -12.945 0.54529 0.69486 0.42131 0.20574 1 120.317 12.891 -10.246 0.42395 -0.78581 0.41761 -0.16843 2 81.046 -9.527 -4.266 0.98653 0.13358 -0.09132 -0.02409 3 
117.879 -29.136 -12.894 0.54565 0.69497 0.41756 0.21198 1 120.258 12.877 -10.264 0.42505 -0.78464 0.41817 -0.16972 2 81.048 -9.523 -4.266 0.98652 0.13363 -0.09133 -0.02412 3 
117.153 -30.908 -12.491 0.55632 0.70286 0.37053 0.24332 1 120.244 12.893 -10.269 0.42347 -0.7845 0.41884 -0.17265 2 81.046 -9.523 -4.264 0.98652 0.13366 -0.09132 -0.02411 3 
114.613 -34.977 -12.667 0.47684 0.79273 0.32862 0.19028 1 120.219 13.028 -10.252 0.41902 -0.78444 0.42322 -0.1731 2 81.045 -9.523 -4.264 0.98652 0.13364 -0.09129 -0.02409 3 
110.079 -34.48 -12.791 0.30452 0.86155 0.4036 0.04582 1 120.114 13.027 -10.282 0.42284 -0.78199 0.42368 -0.17376 2 81.047 -9.527 -4.263 0.98653 0.13359 -0.09129 -0.0241 3 
102.249 -30.567 -12.146 0.26219 0.85411 0.44718 -0.04226 1 119.772 12.922 -10.294 0.42932 -0.7784 0.42252 -0.17677 2 81.047 -9.524 -4.265 0.98652 0.13364 -0.09131 -0.02412 3 
94.491 -25.388 -12.609 0.24496 0.83587 0.49084 -0.01993 1 119.55 12.869 -10.314 0.43403 -0.77587 0.42178 -0.17814 2 81.049 -9.521 -4.264 0.98652 0.13361 -0.09131 -0.02411 3 
89.274 -21.166 -13.703 0.22522 0.83033 0.50797 0.04238 1 119.61 12.882 -10.301 0.4322 -0.77768 0.41987 -0.17927 2 81.049 -9.525 -4.266 0.98653 0.13358 -0.09132 -0.0241 3 
87.42 -18.605 -14.444 0.19879 0.82021 0.53403 0.05053 1 120.294 12.917 -10.245 0.41633 -0.78456 0.42398 -0.17712 2 81.051 -9.521 -4.262 0.98652 0.13366 -0.09131 -0.02408 3 
86.681 -17.161 -14.638 0.17394 0.81061 0.55895 0.01506 1 121.037 13.017 -10.249 0.40182 -0.79087 0.42757 -0.17391 2 81.05 -9.521 -4.264 0.98653 0.13361 -0.0913 -0.02409 3 
86.205 -16.286 -14.697 0.15333 0.79873 0.58133 -0.02404 1 121.614 13.052 -10.234 0.39237 -0.79524 0.42966 -0.17041 2 80.922 -9.516 -4.257 0.98667 0.13376 -0.08947 -0.02404 3 
86.129 -15.943 -14.762 0.14217 0.78578 0.5999 -0.04958 1 121.939 13.051 -10.257 0.38648 -0.79767 0.43165 -0.16746 2 80.567 -9.554 -4.239 0.98629 0.13905 -0.08524 -0.0251 3 
86.204 -15.755 -14.678 0.13522 0.77659 0.61273 -0.05646 1 121.973 13.051 -10.27 0.38734 -0.79722 0.43188 -0.167 2 80.57 -9.527 -4.239 0.98612 0.14021 -0.08524 -0.02519 3 
86.832 -15.691 -14.452 0.1268 0.7851 0.60103 -0.07938 1 121.642 13.042 -10.309 0.39665 -0.79375 0.42912 -0.16877 2 81.07 -9.778 -4.271 0.98211 0.16611 -0.08412 -0.02822 3 
89.308 -16.902 -14.359 0.10251 0.78843 0.59847 -0.09851 1 121.502 13.015 -10.259 0.39471 -0.79274 0.43126 -0.17258 2 81.916 -11.146 -4.145 0.97924 0.19541 -0.04986 -0.02047 3 
92.7 -19.557 -14.174 0.06958 0.80983 0.56905 -0.12459 1 121.381 13.05 -10.247 0.39146 -0.79155 0.43405 -0.17833 2 83.797 -13.599 -4.048 0.97029 0.24031 -0.02763 0.00441 3 
94.697 -22.85 -13.467 0.01714 0.85137 0.49957 -0.1591 1 121.085 13.045 -10.237 0.39346 -0.78723 0.43698 -0.18578 2 82.922 -15.562 -3.847 0.94538 0.31507 0.0075 0.08321 3 
93.738 -25.89 -12.183 -0.03226 0.89852 0.39575 -0.1871 1 120.603 13.095 -10.262 0.39963 -0.78077 0.43963 -0.19345 2 79.231 -16.848 -3.701 0.90255 0.38709 0.02856 0.18643 3 
90.232 -28.019 -10.578 -0.04752 0.93955 0.26982 -0.20541 1 120.131 13.12 -10.309 0.40991 -0.77308 0.4412 -0.19915 2 74.512 -16.434 -3.786 0.84958 0.43107 0.00862 0.30385 3 
85.593 -28.696 -8.927 -0.04594 0.96587 0.1522 -0.20452 1 119.978 13.159 -10.318 0.41223 -0.77004 0.44349 -0.20107 2 68.939 -14.893 -4.338 0.78762 0.44686 -0.00729 0.42417 3 
80.76 -28.503 -7.772 -0.03039 0.9794 0.06113 -0.19006 1 120.052 13.162 -10.351 0.40725 -0.77236 0.44543 -0.19798 2 63.887 -13.24 -5.292 0.73335 0.43474 -0.01845 0.52236 3 
76.942 -28.024 -7.178 -0.01034 0.98638 0.00561 -0.16404 1 120.299 13.216 -10.331 0.39864 -0.77698 0.44831 -0.19081 2 60.677 -11.884 -6.249 0.70197 0.40396 -0.02655 0.58596 3 
74.166 -27.736 -6.94 -0.00552 0.98939 -0.04852 -0.13686 1 120.808 13.134 -10.308 0.38199 -0.78394 0.45345 -0.18416 2 58.115 -11.573 -7.706 0.65757 0.37376 -0.01919 0.65387 3 
72.314 -27.804 -6.753 0.00125 0.98816 -0.09705 -0.1188 1 121.247 13.058 -10.307 0.36763 -0.78831 0.45897 -0.18098 2 56.721 -11.916 -8.975 0.61276 0.34331 -0.01843 0.71156 3 
71.245 -27.833 -6.452 0.01099 0.98501 -0.12703 -0.11619 1 121.369 13.01 -10.347 0.36106 -0.78856 0.46423 -0.17975 2 56.148 -12.029 -9.378 0.58918 0.32858 -0.03272 0.73745 3 
70.494 -27.533 -6.158 0.02185 0.98091 -0.15185 -0.11949 1 121.241 12.942 -10.427 0.36165 -0.78618 0.46764 -0.18009 2 55.892 -11.811 -9.621 0.56996 0.31566 -0.05035 0.75694 3 
70.035 -27.285 -5.867 0.03081 0.97774 -0.16366 -0.12767 1 121.066 12.889 -10.419 0.36226 -0.7843 0.46995 -0.18109 2 55.695 -11.455 -9.503 0.56295 0.31375 -0.06758 0.76163 3 
69.813 -27.355 -5.703 0.03307 0.97785 -0.16031 -0.13044 1 120.946 12.896 -10.464 0.36217 -0.78334 0.47167 -0.18096 2 55.636 -11.273 -9.216 0.56981 0.31506 -0.07492 0.75528 3 
69.796 -27.633 -5.668 0.03076 0.97735 -0.16623 -0.12733 1 120.899 12.881 -10.459 0.36125 -0.78324 0.47281 -0.18026 2 55.551 -11.758 -9.4 0.5617 0.31208 -0.07119 0.76291 3 
69.948 -28.026 -5.66 0.03417 0.97624 -0.17585 -0.12195 1 120.829 12.885 -10.476 0.36213 -0.78228 0.47346 -0.18091 2 55.974 -12.251 -9.672 0.55418 0.30193 -0.07324 0.77224 3 
70.145 -28.277 -5.647 0.03379 0.97603 -0.17781 -0.12089 1 120.702 12.858 -10.462 0.36507 -0.78046 0.47332 -0.18322 2 56.19 -12.536 -9.72 0.55224 0.30059 -0.07346 0.77414 3 
70.222 -28.458 -5.62 0.0323 0.97689 -0.17291 -0.12144 1 120.629 12.863 -10.478 0.36716 -0.77948 0.47291 -0.18431 2 56.2 -12.618 -9.595 0.55671 0.30335 -0.07204 0.76998 3 
70.285 -28.566 -5.604 0.0321 0.97659 -0.17375 -0.12267 1 120.651 12.856 -10.483 0.36699 -0.77969 0.47252 -0.18472 2 56.264 -12.737 -9.599 0.55524 0.30357 -0.07401 0.77076 3 
70.352 -28.726 -5.573 0.03092 0.97686 -0.17238 -0.1228 1 120.684 12.826 -10.488 0.36654 -0.78032 0.47202 -0.18425 2 56.308 -12.862 -9.549 0.55649 0.30461 -0.074 0.76945 3 
70.428 -28.849 -5.586 0.03118 0.9768 -0.17358 -0.12152 1 120.684 12.788 -10.466 0.36677 -0.78014 0.4721 -0.18436 2 56.417 -13.018 -9.619 0.55473 0.30249 -0.07344 0.77161 3 
70.535 -28.941 -5.617 0.03204 0.97693 -0.17424 -0.11925 1 120.706 12.748 -10.448 0.36733 -0.77972 0.47234 -0.18442 2 56.631 -13.107 -9.704 0.55419 0.29871 -0.07326 0.77349 3 
70.639 -29.043 -5.604 0.02884 0.9787 -0.1639 -0.1202 1 120.757 12.735 -10.452 0.36748 -0.77968 0.47233 -0.1843 2 56.62 -13.054 -9.501 0.56199 0.30341 -0.07043 0.76626 3 
70.741 -29.134 -5.571 0.02447 0.98066 -0.14955 -0.12388 1 120.835 12.695 -10.474 0.36717 -0.7802 0.47189 -0.18382 2 56.503 -12.936 -9.147 0.57312 0.31261 -0.06749 0.75449 3 
70.845 -29.152 -5.567 0.02458 0.98143 -0.14382 -0.12451 1 120.901 12.668 -10.471 0.36717 -0.78046 0.47148 -0.18379 2 56.662 -12.83 -9.036 0.57852 0.31276 -0.06863 0.75019 3 
70.969 -29.144 -5.625 0.02541 0.98214 -0.14013 -0.12299 1 120.941 12.651 -10.469 0.36712 -0.7808 0.471 -0.18367 2 56.849 -12.747 -9.053 0.58172 0.31097 -0.06736 0.74857 3 
71.161 -29.152 -5.697 0.02598 0.98357 -0.12987 -0.12266 1 120.979 12.621 -10.446 0.36734 -0.7808 0.4705 -0.18452 2 57.112 -12.572 -8.949 0.58988 0.31076 -0.06642 0.74233 3 
71.477 -29.034 -5.71 0.02726 0.98684 -0.09548 -0.12764 1 120.987 12.599 -10.443 0.36736 -0.78085 0.47001 -0.18553 2 57.413 -11.932 -8.321 0.61656 0.31618 -0.06136 0.71841 3 
71.685 -28.761 -5.633 0.02799 0.99027 0.00181 -0.13628 1 120.915 12.582 -10.425 0.36726 -0.78091 0.46915 -0.18763 2 57.671 -10.684 -6.193 0.69459 0.33114 -0.04698 0.63693 3 
71.728 -28.615 -5.511 0.01858 0.97496 0.15833 -0.15504 1 120.752 12.543 -10.417 0.36778 -0.78079 0.4678 -0.19047 2 57.966 -11.222 -2.24 0.80688 0.35472 -0.03132 0.47132 3 
71.486 -28.973 -5.417 -0.00727 0.92077 0.352 -0.16801 1 120.618 12.547 -10.389 0.36643 -0.78115 0.46661 -0.19445 2 58.227 -16.158 2.121 0.90598 0.35035 0.00815 0.23745 3 
70.825 -29.079 -5.417 -0.02765 0.82876 0.53526 -0.1609 1 120.403 12.541 -10.32 0.36438 -0.78125 0.46629 -0.19861 2 57.618 -24.012 4.609 0.9532 0.28924 0.08662 -0.01535 3 
69.666 -28.152 -5.44 -0.03475 0.72302 0.67669 -0.13465 1 120.067 12.551 -10.309 0.36424 -0.78039 0.46631 -0.20217 2 55.412 -29.408 4.651 0.94455 0.19947 0.17229 -0.19583 3 
67.929 -26.417 -5.52 -0.02408 0.6176 0.77791 -0.11337 1 119.755 12.527 -10.3 0.36383 -0.77911 0.46767 -0.20468 2 53.732 -32.04 4.116 0.91637 0.12863 0.1984 -0.32305 3 
65.778 -24.85 -5.283 0.00694 0.56208 0.81455 -0.14329 1 119.639 12.524 -10.323 0.35829 -0.77945 0.47098 -0.20557 2 54.233 -32.993 4.842 0.90286 0.1218 0.13765 -0.38867 3 
63.129 -23.889 -4.656 0.05162 0.5712 0.79166 -0.21056 1 119.692 12.498 -10.315 0.34721 -0.78165 0.47538 -0.20612 2 56.319 -31.58 7.047 0.91234 0.16432 0.01322 -0.37478 3 
60.313 -23.296 -4.018 0.08379 0.61755 0.73417 -0.26945 1 119.72 12.43 -10.305 0.33677 -0.78311 0.47969 -0.20789 2 57.659 -27.734 9.062 0.92158 0.21802 -0.10762 -0.30261 3 
57.462 -22.825 -3.915 0.08632 0.66128 0.68429 -0.29498 1 119.613 12.336 -10.289 0.32817 -0.78287 0.48452 -0.21133 2 56.331 -24.19 9.629 0.92108 0.26104 -0.16895 -0.23437 3 
54.897 -22.382 -4.292 0.0616 0.6885 0.6562 -0.30261 1 119.588 12.19 -10.242 0.31725 -0.78269 0.48942 -0.2173 2 53.405 -22.369 9.307 0.9164 0.29742 -0.17872 -0.19953 3 
52.569 -22.247 -4.617 0.04691 0.70785 0.64033 -0.2945 1 119.653 11.999 -10.203 0.3028 -0.78223 0.49532 -0.226 2 50.456 -21.326 8.991 0.91747 0.31013 -0.17625 -0.17606 3 
51.053 -22.022 -5.022 0.04649 0.73192 0.61695 -0.28548 1 119.553 11.825 -10.176 0.29606 -0.77955 0.49943 -0.23498 2 48.832 -19.517 8.429 0.91938 0.3148 -0.19042 -0.13922 3 
50.275 -21.785 -5.196 0.04216 0.73839 0.61365 -0.27647 1 119.263 11.654 -10.201 0.29436 -0.777 0.50189 -0.24025 2 47.285 -18.995 8.276 0.92481 0.31176 -0.1762 -0.12839 3 
49.696 -21.745 -5.25 0.04382 0.7349 0.62091 -0.26922 1 118.988 11.48 -10.156 0.292 -0.77536 0.5036 -0.24482 2 46.571 -19.265 8.283 0.9279 0.30273 -0.16943 -0.13658 3 
49.488 -21.698 -5.201 0.05569 0.73934 0.62016 -0.25628 1 118.796 11.313 -10.147 0.28893 -0.77489 0.50472 -0.24763 2 46.567 -18.729 8.28 0.93207 0.28986 -0.17647 -0.12682 3 
49.532 -21.699 -5.219 0.05343 0.74289 0.61982 -0.24715 1 118.539 11.205 -10.161 0.29496 -0.77308 0.50332 -0.24904 2 46.646 -18.668 8.251 0.93184 0.28986 -0.17805 -0.1263 3 
50.122 -21.819 -5.225 0.04061 0.75884 0.61701 -0.20449 1 118.386 11.233 -10.147 0.30158 -0.77248 0.50047 -0.24869 2 46.704 -18.642 8.249 0.93169 0.29009 -0.17868 -0.12597 3 
53.837 -22.662 -5.329 0.04946 0.73252 0.65593 -0.17531 1 118.49 11.228 -10.186 0.30635 -0.77409 0.49823 -0.24226 2 46.711 -18.664 8.25 0.9316 0.29033 -0.17895 -0.12573 3 
62.608 -24.453 -4.674 0.16244 0.69771 0.66779 -0.20216 1 118.763 11.306 -10.191 0.30841 -0.77576 0.49773 -0.23525 2 46.705 -18.67 8.247 0.9314 0.29059 -0.1798 -0.12535 3 
74.1 -26.746 -4.416 0.2503 0.69711 0.64298 -0.19488 1 118.842 11.525 -10.258 0.31728 -0.77323 0.49667 -0.23403 2 46.698 -18.675 8.249 0.93165 0.29027 -0.17856 -0.12605 3 
83.619 -27.997 -5.185 0.32125 0.72407 0.60833 -0.04961 1 118.623 11.703 -10.315 0.33749 -0.76465 0.49343 -0.2407 2 46.71 -18.667 8.247 0.93158 0.29032 -0.17893 -0.12588 3 
93.185 -29.476 -6.976 0.35714 0.82789 0.42143 0.09719 1 118.266 11.871 -10.453 0.36938 -0.75417 0.4835 -0.24702 2 46.701 -18.669 8.244 0.93166 0.29014 -0.17874 -0.12602 3 
103.7 -32.781 -9.178 0.4393 0.83322 0.14006 0.30519 1 117.866 12.053 -10.471 0.39674 -0.74679 0.47385 -0.24568 2 46.702 -18.673 8.246 0.93167 0.29014 -0.17872 -0.126 3 
113.754 -34.239 -10.027 0.4845 0.77534 0.18171 0.36206 1 117.672 12.253 -10.44 0.41282 -0.7454 0.46354 -0.24309 2 46.705 -18.671 8.246 0.93166 0.29015 -0.17873 -0.126 3 
119.967 -29.725 -10.12 0.47152 0.76261 0.33346 0.29138 1 117.391 12.286 -10.446 0.42421 -0.74545 0.45591 -0.2377 2 46.705 -18.667 8.243 0.93165 0.29015 -0.17877 -0.126 3 
121.995 -25.477 -11.526 0.38499 0.76954 0.4723 0.19113 1 117.114 12.409 -10.471 0.43439 -0.74517 0.44912 -0.23307 2 46.704 -18.671 8.245 0.93167 0.29014 -0.17873 -0.126 3 
121.943 -25.826 -11.974 0.41218 0.75648 0.47884 0.16898 1 116.908 12.609 -10.467 0.44672 -0.7464 0.43769 -0.22749 2 46.704 -18.672 8.245 0.93167 0.29013 -0.17874 -0.126 3 
122.097 -25.921 -12.028 0.42355 0.75211 0.47518 0.17071 1 116.883 12.752 -10.444 0.45911 -0.74442 0.42984 -0.22427 2 46.703 -18.669 8.245 0.93167 0.29013 -0.17872 -0.126 3 
122.025 -25.99 -12.066 0.43353 0.7481 0.47457 0.16486 1 117.276 12.888 -10.459 0.4515 -0.74925 0.43267 -0.21807 2 46.706 -18.669 8.246 0.93166 0.29017 -0.17875 -0.12598 3 
121.983 -26.191 -12.06 0.44029 0.74529 0.47194 0.16722 1 117.806 12.941 -10.434 0.4458 -0.75372 0.43357 -0.21258 2 46.703 -18.671 8.246 0.93167 0.29013 -0.17872 -0.126 3 
121.877 -26.527 -12.063 0.44806 0.74072 0.47051 0.17086 1 118.256 12.878 -10.437 0.44229 -0.75741 0.43313 -0.20763 2 46.703 -18.669 8.243 0.93166 0.29013 -0.17874 -0.12602 3 
121.661 -26.93 -12.135 0.45679 0.73578 0.46864 0.17422 1 118.672 12.649 -10.41 0.43647 -0.76234 0.43319 -0.20169 2 46.705 -18.67 8.246 0.93166 0.29015 -0.17874 -0.12599 3 
121.319 -27.528 -12.169 0.46538 0.73088 0.46735 0.17557 1 119.166 12.351 -10.402 0.42893 -0.76797 0.43309 -0.19663 2 46.703 -18.671 8.246 0.93167 0.29015 -0.1787 -0.12601 3 
120.936 -28.229 -12.302 0.47505 0.72445 0.46643 0.17871 1 119.717 11.912 -10.384 0.41986 -0.77455 0.43283 -0.1909 2 46.705 -18.669 8.245 0.93166 0.29013 -0.17875 -0.12601 3 
120.255 -29.226 -12.27 0.49105 0.7118 0.45935 0.20299 1 120.396 11.475 -10.224 0.40959 -0.78161 0.42947 -0.19201 2 46.702 -18.672 8.246 0.93167 0.29013 -0.17871 -0.126 3 
117.457 -31.508 -12.032 0.50388 0.68717 0.40826 0.32746 1 121.469 11.318 -9.786 0.39558 -0.79295 0.40624 -0.22297 2 46.705 -18.67 8.245 0.93166 0.29014 -0.17874 -0.12601 3 
112.297 -32.074 -12.262 0.36328 0.65964 0.43076 0.49735 1 122.138 12.861 -9.03 0.36456 -0.81732 0.34224 -0.28626 2 46.704 -18.669 8.244 0.93166 0.29012 -0.17875 -0.12601 3 
108.718 -27.23 -12.641 0.27387 0.48623 0.73478 0.38557 1 122.429 18.124 -8.916 0.2117 -0.87426 0.35675 -0.25216 2 46.703 -18.672 8.246 0.93167 0.29013 -0.17871 -0.12601 3 
102.068 -20.478 -9.095 0.34752 0.57238 0.67901 0.30091 1 120.639 24.517 -8.947 0.00599 -0.90057 0.41178 -0.13916 2 46.705 -18.67 8.245 0.93166 0.29014 -0.17875 -0.126 3 
99.328 -9.449 -5.387 0.43419 0.58681 0.61497 0.29826 1 117.085 30.498 -8.751 -0.10205 -0.85834 0.50236 -0.02163 2 46.702 -18.67 8.246 0.93167 0.29012 -0.17871 -0.12601 3 
99.636 0.483 -2.862 0.54671 0.55751 0.53408 0.32409 1 112.811 35.983 -8.609 -0.13815 -0.83875 0.5265 -0.01473 2 46.706 -18.671 8.245 0.93166 0.29014 -0.17874 -0.126 3 
97.667 10.206 -2.383 0.56508 0.6166 0.46315 0.29322 1 108.236 41.763 -9.073 -0.20776 -0.82649 0.52035 -0.0546 2 46.704 -18.67 8.244 0.93166 0.29015 -0.17874 -0.12601 3 
91.62 20.693 -4.163 0.52748 0.7484 0.32154 0.24142 1 104.24 48.147 -9.839 -0.26903 -0.78095 0.5621 -0.04214 2 46.703 -18.67 8.244 0.93167 0.29013 -0.17873 -0.12601 3 
85.834 29.672 -7.49 0.47775 0.78422 0.2128 0.33387 1 100.555 52.383 -10.695 -0.29155 -0.76505 0.56822 -0.08262 2 46.705 -18.67 8.246 0.93166 0.29014 -0.17874 -0.12599 3 
82.585 35.851 -10.26 0.46555 0.78725 0.13695 0.38044 1 97.752 54.838 -11.327 -0.30574 -0.77485 0.53842 -0.12741 2 46.703 -18.67 8.246 0.93167 0.29014 -0.17871 -0.126 3 
81.381 38.982 -12.1 0.45296 0.77779 0.10585 0.4227 1 96.212 56.681 -11.828 -0.31502 -0.77678 0.52467 -0.14862 2 46.704 -18.669 8.246 0.93167 0.29012 -0.17874 -0.12599 3 
80.755 40.684 -13.481 0.42461 0.77141 0.10093 0.46309 1 94.999 57.855 -12.318 -0.3067 -0.78397 0.51429 -0.16383 2 46.704 -18.671 8.247 0.93167 0.29014 -0.17872 -0.12599 3 
80.329 41.319 -13.81 0.40129 0.76645 0.13096 0.48412 1 93.628 58.766 -13.068 -0.30337 -0.7918 0.50152 -0.17174 2 46.703 -18.671 8.245 0.93167 0.29012 -0.17872 -0.12601 3 
