119.606 -29.36 -12.843 0.50407 0.7023 0.46304 0.19565 1 116.515 11.088 -9.54 0.46455 -0.77648 0.37845 -0.19507 2 53.352 17.524 -2.257 0.99248 0.03311 -0.10871 0.04543 3 
119.611 -29.252 -12.824 0.50472 0.70231 0.46265 0.19487 1 116.429 11.169 -9.548 0.46628 -0.77492 0.3793 -0.19546 2 53.35 17.523 -2.256 0.99249 0.03309 -0.1087 0.04542 3 
119.573 -29.194 -12.816 0.50547 0.70256 0.4623 0.19287 1 116.332 11.227 -9.606 0.4673 -0.774 0.38118 -0.193 2 53.347 17.519 -2.257 0.99248 0.03312 -0.1087 0.04541 3 
119.538 -29.181 -12.824 0.50491 0.7029 0.46275 0.192 1 116.26 11.244 -9.631 0.46679 -0.77373 0.38325 -0.19124 2 53.349 17.523 -2.256 0.99249 0.0331 -0.10868 0.04542 3 
119.498 -29.189 -12.852 0.50568 0.70237 0.46234 0.1929 1 116.205 11.203 -9.646 0.46694 -0.77309 0.38486 -0.19023 2 53.348 17.519 -2.257 0.99249 0.03309 -0.1087 0.04541 3 
119.441 -29.209 -12.829 0.50536 0.70163 0.46314 0.19451 1 116.062 11.213 -9.597 0.46755 -0.77211 0.38248 -0.19738 2 53.351 17.52 -2.257 0.99248 0.03309 -0.10872 0.04541 3 
119.228 -29.251 -12.79 0.50478 0.70169 0.46173 0.19907 1 114.517 12.259 -9.207 0.47097 -0.77846 0.34975 -0.22328 2 53.35 17.521 -2.256 0.99248 0.03311 -0.1087 0.04541 3 
119.098 -29.21 -12.781 0.50094 0.70355 0.46302 0.19922 1 109.595 16.875 -8.636 0.37639 -0.84731 0.34912 -0.13606 2 53.349 17.518 -2.256 0.99249 0.03307 -0.10869 0.04539 3 
118.807 -29.133 -12.801 0.49925 0.70297 0.46437 0.20236 1 100.879 21.928 -8.155 0.1634 -0.89612 0.41154 -0.03006 2 53.34 17.511 -2.257 0.99248 0.03312 -0.10871 0.04537 3 
118.474 -28.997 -12.739 0.49777 0.70189 0.46369 0.2111 1 90.542 23.726 -7.979 0.0155 -0.88734 0.46023 0.02413 2 53.337 17.51 -2.254 0.99249 0.03314 -0.10869 0.04536 3 
118.399 -28.595 -12.634 0.48688 0.70526 0.46716 0.21753 1 80.105 22.463 -8.486 -0.08626 -0.86116 0.50056 -0.02012 2 53.327 17.502 -2.256 0.99249 0.03315 -0.10867 0.04531 3 
118.451 -28.185 -12.566 0.47076 0.71017 0.47236 0.22564 1 71.69 20.352 -9.302 -0.12636 -0.86687 0.4794 -0.05239 2 53.33 17.504 -2.256 0.99249 0.03315 -0.10868 0.04533 3 
118.511 -27.71 -12.47 0.45386 0.714 0.47666 0.23878 1 66.687 19.535 -10.408 -0.18963 -0.8335 0.51452 -0.06781 2 53.337 17.513 -2.257 0.99247 0.03326 -0.10876 0.04539 3 
118.683 -27.224 -12.387 0.43476 0.7183 0.48114 0.25208 1 63.954 19.352 -11.09 -0.20263 -0.83484 0.51015 -0.04161 2 53.343 17.515 -2.257 0.99248 0.03317 -0.10875 0.0454 3 
118.796 -26.72 -12.334 0.41544 0.72295 0.48646 0.26098 1 62.386 19.391 -11.458 -0.21002 -0.83148 0.51404 -0.01735 2 53.317 17.496 -2.257 0.99247 0.03339 -0.10876 0.04535 3 
118.751 -26.309 -12.262 0.40307 0.72451 0.49107 0.26734 1 61.702 19.317 -11.604 -0.21174 -0.82832 0.51753 0.03493 2 52.959 17.481 -2.23 0.99296 0.03357 -0.10391 0.04592 3 
118.588 -26.056 -12.197 0.39685 0.72416 0.49366 0.27277 1 61.152 19.259 -11.606 -0.19673 -0.82261 0.52995 0.06141 2 52.371 17.294 -2.182 0.99356 0.03727 -0.09753 0.04404 3 
118.431 -26.006 -12.175 0.39677 0.72317 0.49472 0.27358 1 60.654 19.65 -11.323 -0.18965 -0.83737 0.50911 0.06047 2 52.405 17.317 -2.181 0.99306 0.04546 -0.09931 0.04365 3 
118.308 -26.164 -12.167 0.39854 0.72425 0.49251 0.27215 1 60.667 19.39 -10.873 -0.19344 -0.84985 0.48224 0.08814 2 51.076 16.569 -1.856 0.99721 0.03772 -0.05719 0.02951 3 
118.397 -26.228 -12.157 0.3931 0.72705 0.49319 0.27135 1 61.089 18.652 -9.813 -0.12854 -0.87579 0.44559 0.13387 2 51.41 13.787 -0.62 0.9971 0.05935 -0.04088 -0.02451 3 
118.31 -26.416 -12.224 0.39874 0.72448 0.49281 0.27071 1 61.718 17.098 -8.422 -0.02903 -0.90356 0.38082 0.19422 2 56.493 8.791 0.476 0.97667 0.09138 -0.13345 -0.14128 3 
118.185 -26.698 -12.32 0.40857 0.72098 0.49223 0.26641 1 61.927 14.575 -7 0.04898 -0.93526 0.25788 0.23747 2 58.6 2.13 0.43 0.94126 0.10494 -0.1464 -0.28562 3 
118.325 -26.85 -12.407 0.4121 0.72139 0.49415 0.25608 1 61.689 11.485 -6.27 0.08941 -0.95632 0.11921 0.25148 2 58.104 -4.534 -1.396 0.88879 0.09551 -0.10574 -0.4356 3 
118.889 -26.913 -12.53 0.40811 0.72524 0.49945 0.24087 1 61.409 8.912 -6.344 0.11813 -0.96131 0.0115 0.24858 2 57.706 -8.811 -3.771 0.83437 0.0966 -0.07078 -0.53804 3 
119.57 -26.88 -12.65 0.39997 0.72962 0.50624 0.2267 1 61.014 7.244 -6.668 0.13173 -0.96231 -0.04468 0.23369 2 57.252 -10.997 -5.422 0.80126 0.10282 -0.0449 -0.5877 3 
120.189 -26.861 -12.778 0.39309 0.73288 0.51225 0.21439 1 60.614 6.074 -6.939 0.13896 -0.95921 -0.09634 0.22656 2 56.887 -12.383 -6.872 0.76856 0.10157 -0.03232 -0.63084 3 
120.526 -26.9 -12.854 0.3912 0.73332 0.51713 0.2044 1 60.195 5.299 -7.058 0.14322 -0.95214 -0.149 0.22521 2 56.405 -13.196 -8.266 0.72823 0.09465 -0.02229 -0.6784 3 
120.785 -26.91 -12.942 0.38947 0.73322 0.52199 0.19552 1 59.919 5.029 -6.938 0.14128 -0.94454 -0.18474 0.23187 2 55.982 -13.312 -8.963 0.69887 0.08296 -0.02396 -0.71002 3 
120.883 -26.982 -13.011 0.39038 0.73203 0.52569 0.18812 1 59.763 4.869 -6.68 0.14439 -0.93219 -0.22254 0.24626 2 55.804 -13.224 -9.533 0.66607 0.07203 -0.03355 -0.74165 3 
120.834 -27.095 -13.075 0.39352 0.73 0.52779 0.18353 1 59.809 4.511 -6.442 0.15688 -0.91229 -0.27001 0.26497 2 56.1 -13.139 -10.391 0.61902 0.06537 -0.05019 -0.78104 3 
120.789 -27.225 -13.109 0.39647 0.72823 0.52886 0.1811 1 59.8 4.228 -6.198 0.16502 -0.90265 -0.28467 0.27743 2 56.299 -13.322 -10.457 0.60283 0.06164 -0.06528 -0.7928 3 
120.858 -27.275 -13.151 0.3961 0.72805 0.5307 0.1772 1 59.746 4.062 -5.972 0.15862 -0.90354 -0.27684 0.28604 2 55.919 -13.613 -10.019 0.60981 0.04957 -0.07092 -0.78781 3 
120.948 -27.312 -13.179 0.3949 0.72916 0.53146 0.17302 1 59.69 3.931 -5.815 0.15978 -0.89988 -0.28306 0.29079 2 55.877 -13.676 -9.992 0.60343 0.04723 -0.07652 -0.79233 3 
121.007 -27.316 -13.215 0.39501 0.72906 0.53227 0.17066 1 59.717 3.927 -5.707 0.16003 -0.8961 -0.29026 0.29521 2 55.883 -13.586 -10.017 0.59668 0.04453 -0.08135 -0.7971 3 
121.009 -27.335 -13.214 0.39608 0.72758 0.5335 0.17063 1 59.69 4.083 -5.588 0.15388 -0.89962 -0.28156 0.29619 2 55.637 -13.54 -9.679 0.60517 0.03922 -0.08012 -0.79109 3 
121.033 -27.325 -13.245 0.39608 0.72721 0.53391 0.17096 1 59.678 4.251 -5.541 0.15183 -0.90111 -0.27941 0.29477 2 55.562 -13.377 -9.606 0.60708 0.03905 -0.07792 -0.78985 3 
121.038 -27.344 -13.243 0.39556 0.72735 0.53396 0.17142 1 59.725 4.274 -5.567 0.15488 -0.90014 -0.28297 0.29273 2 55.745 -13.307 -9.729 0.60353 0.04326 -0.07719 -0.79242 3 
121.02 -27.359 -13.22 0.39495 0.72728 0.53435 0.17188 1 59.684 4.318 -5.59 0.15488 -0.90379 -0.27597 0.28812 2 55.814 -13.36 -9.632 0.60964 0.04737 -0.07467 -0.78773 3 
121.001 -27.309 -13.248 0.39412 0.72773 0.53438 0.1718 1 59.583 4.384 -5.574 0.14933 -0.90867 -0.26612 0.28496 2 55.522 -13.387 -9.421 0.61836 0.04527 -0.06923 -0.78153 3 
120.952 -27.317 -13.243 0.39412 0.72797 0.53409 0.17167 1 59.478 4.473 -5.536 0.14768 -0.91228 -0.25933 0.2805 2 55.414 -13.368 -9.268 0.62444 0.04803 -0.06496 -0.77688 3 
120.934 -27.253 -13.218 0.3939 0.72793 0.53406 0.17243 1 59.547 4.484 -5.538 0.14975 -0.91029 -0.26344 0.28203 2 55.517 -13.306 -9.362 0.6204 0.04853 -0.06593 -0.78 3 
120.92 -27.209 -13.206 0.39424 0.72753 0.53422 0.17285 1 59.595 4.509 -5.571 0.15225 -0.91118 -0.26258 0.27861 2 55.708 -13.303 -9.405 0.62098 0.05329 -0.06409 -0.77939 3 
120.951 -27.119 -13.209 0.39362 0.72809 0.53443 0.17127 1 59.698 4.568 -5.645 0.15174 -0.91878 -0.24657 0.26836 2 55.891 -13.416 -9.229 0.63318 0.06084 -0.0545 -0.76968 3 
120.969 -27.101 -13.194 0.39277 0.72889 0.53415 0.17068 1 59.919 4.601 -5.579 0.14593 -0.94043 -0.18207 0.24727 2 56.2 -13.995 -8.002 0.67991 0.0756 -0.03826 -0.72839 3 
120.927 -27.041 -13.192 0.39317 0.72938 0.53372 0.169 1 60.234 4.69 -5.265 0.12827 -0.96619 -0.04036 0.22 2 56.264 -14.132 -4.414 0.78489 0.09491 -0.03062 -0.61156 3 
120.919 -26.993 -13.218 0.39214 0.72982 0.53447 0.16714 1 60.641 5.331 -4.906 0.10056 -0.96437 0.16884 0.1771 2 55.874 -10.799 0.621 0.90053 0.13401 -0.03073 -0.41249 3 
120.783 -26.934 -13.204 0.39131 0.72945 0.53567 0.16684 1 61.161 5.419 -4.541 0.0921 -0.91262 0.37688 0.12885 2 55.583 -5.277 4.687 0.96017 0.20863 -0.03401 -0.18275 3 
120.574 -26.959 -13.25 0.39385 0.72712 0.53639 0.16869 1 61.089 4.053 -3.79 0.12764 -0.85068 0.50296 0.08415 2 55.603 -3.059 7.053 0.95159 0.30116 -0.03825 -0.04808 3 
120.426 -26.982 -13.235 0.39572 0.72556 0.5372 0.16849 1 60.142 1.9 -3.191 0.15039 -0.78535 0.6 0.02469 2 54.217 -2.235 8.449 0.92685 0.36958 -0.04087 0.05189 3 
120.421 -26.9 -13.266 0.39253 0.72644 0.53936 0.1652 1 58.646 -0.717 -2.883 0.15438 -0.73606 0.65873 0.02155 2 53.138 -1.72 9.311 0.91455 0.37356 -0.0834 0.13075 3 
120.456 -26.875 -13.279 0.38853 0.72748 0.54178 0.16216 1 56.516 -3.258 -2.605 0.15643 -0.74148 0.64671 0.08661 2 54.205 -3.547 10.141 0.92326 0.32098 -0.1737 0.11996 3 
120.581 -26.751 -13.313 0.37983 0.7301 0.5462 0.15603 1 54.065 -5.382 -2.607 0.15469 -0.77295 0.59601 0.15295 2 54.745 -7.343 10.319 0.93139 0.26507 -0.24338 0.05494 3 
120.581 -26.722 -13.332 0.37238 0.73143 0.55098 0.15091 1 51.729 -6.884 -2.865 0.14645 -0.80552 0.5466 0.17584 2 53.215 -11.106 9.916 0.93698 0.23532 -0.25801 -0.01152 3 
120.441 -26.743 -13.38 0.36714 0.73122 0.55541 0.14846 1 50.034 -7.935 -3.184 0.13317 -0.83172 0.51274 0.16616 2 50.594 -13.987 9.397 0.94538 0.22388 -0.22923 -0.05989 3 
120.178 -26.831 -13.392 0.36558 0.72923 0.55937 0.14724 1 48.797 -8.64 -3.593 0.118 -0.8499 0.49055 0.15204 2 48.425 -15.814 8.702 0.95119 0.21288 -0.20446 -0.09005 3 
119.994 -26.928 -13.442 0.36353 0.72769 0.56262 0.14754 1 48.098 -9.018 -3.791 0.10825 -0.85963 0.47585 0.15127 2 46.977 -16.851 8.395 0.95515 0.20475 -0.18476 -0.10782 3 
119.896 -26.976 -13.505 0.36133 0.72644 0.5658 0.14693 1 47.705 -9.133 -3.802 0.11003 -0.86184 0.47109 0.15229 2 46.844 -17.008 8.365 0.95378 0.20278 -0.19249 -0.1101 3 
119.752 -26.962 -13.521 0.36139 0.72365 0.56957 0.14599 1 47.509 -9.035 -3.853 0.10099 -0.86056 0.47622 0.14985 2 46.439 -16.585 8.42 0.95634 0.19616 -0.19156 -0.10122 3 
119.626 -27.028 -13.57 0.36438 0.72124 0.57075 0.14592 1 47.59 -8.931 -3.903 0.10554 -0.86074 0.47506 0.14937 2 46.749 -16.42 8.37 0.95501 0.1988 -0.19637 -0.09934 3 
119.709 -27.063 -13.588 0.36604 0.72084 0.57066 0.14406 1 47.632 -8.89 -3.878 0.10486 -0.8642 0.47399 0.13224 2 46.729 -16.42 8.368 0.95507 0.19878 -0.19604 -0.0995 3 
120.001 -27.098 -13.612 0.36597 0.7223 0.57 0.13948 1 47.813 -8.561 -3.585 0.10589 -0.87824 0.45773 0.08923 2 46.518 -16.516 8.4 0.95568 0.19838 -0.19271 -0.10088 3 
120.321 -27.067 -13.652 0.36707 0.72317 0.56957 0.13365 1 49.27 -7.292 -3.039 0.12087 -0.87122 0.47143 0.06424 2 46.838 -16.384 8.344 0.95472 0.19911 -0.19756 -0.09913 3 
120.429 -27.371 -13.718 0.37723 0.72093 0.56659 0.13012 1 51.976 -5.183 -2.588 0.16211 -0.84541 0.50857 0.01915 2 46.844 -16.369 8.34 0.95469 0.19913 -0.19784 -0.09888 3 
120.442 -27.709 -13.755 0.38947 0.71757 0.56306 0.12795 1 55.278 -2.745 -2.735 0.23203 -0.76831 0.58639 -0.10955 2 46.833 -16.379 8.348 0.95472 0.19907 -0.19775 -0.09889 3 
120.451 -28.292 -13.727 0.4078 0.71242 0.55548 0.13268 1 60.88 0.364 -3.348 0.31003 -0.65088 0.64345 -0.25732 2 46.834 -16.377 8.343 0.95472 0.19908 -0.19772 -0.09893 3 
120.496 -28.815 -13.802 0.42068 0.70963 0.54924 0.13337 1 68.65 4.369 -3.184 0.389 -0.72478 0.49872 -0.27324 2 46.856 -16.367 8.343 0.95466 0.19918 -0.19799 -0.0988 3 
120.42 -29.454 -13.796 0.43651 0.7048 0.5418 0.13843 1 78.312 8.27 -3.116 0.41423 -0.83728 0.2401 -0.26407 2 46.852 -16.371 8.343 0.95467 0.19913 -0.19795 -0.09882 3 
120.084 -30.099 -13.84 0.45744 0.69634 0.53364 0.14522 1 88.412 11.561 -3.883 0.37945 -0.87276 0.04178 -0.30423 2 46.847 -16.373 8.344 0.95468 0.19913 -0.1979 -0.09884 3 
119.352 -30.883 -13.792 0.48108 0.68657 0.52209 0.15684 1 98.716 14.334 -5.472 0.34452 -0.8388 0.04456 -0.41921 2 46.848 -16.372 8.343 0.95468 0.19913 -0.19792 -0.09883 3 
118.488 -31.507 -13.816 0.50185 0.67672 0.51283 0.16495 1 108.875 13.739 -6.585 0.41848 -0.77853 -0.04676 -0.46538 2 46.848 -16.373 8.345 0.95468 0.19913 -0.19789 -0.09884 3 
117.825 -31.993 -13.748 0.51882 0.66777 0.5047 0.17374 1 115.238 10.391 -7.048 0.46505 -0.77155 0.12388 -0.41605 2 46.849 -16.372 8.343 0.95468 0.19913 -0.19793 -0.09883 3 
117.377 -32.311 -13.728 0.52865 0.66246 0.49912 0.18043 1 117.723 7.179 -8.134 0.41241 -0.77986 0.30618 -0.35775 2 46.846 -16.374 8.344 0.95468 0.19911 -0.19789 -0.09887 3 
117.134 -32.755 -13.745 0.53423 0.65942 0.49567 0.18458 1 117.989 7.091 -8.665 0.41875 -0.7797 0.35866 -0.29677 2 46.848 -16.373 8.344 0.95468 0.19912 -0.19791 -0.09884 3 
116.849 -33.267 -13.716 0.54195 0.65614 0.48844 0.19288 1 117.991 6.773 -8.674 0.42173 -0.77861 0.35373 -0.30133 2 46.848 -16.373 8.344 0.95468 0.19912 -0.19791 -0.09884 3 
116.777 -33.559 -13.74 0.54378 0.65368 0.4881 0.19687 1 118.043 6.467 -8.804 0.42625 -0.77343 0.36237 -0.29799 2 46.846 -16.374 8.343 0.95468 0.1991 -0.1979 -0.09886 3 
116.785 -33.556 -13.867 0.54456 0.64781 0.49386 0.19975 1 118.452 6.462 -8.735 0.42308 -0.77443 0.35964 -0.30318 2 46.848 -16.374 8.343 0.95468 0.19912 -0.19792 -0.09884 3 
116.364 -33.543 -13.827 0.55588 0.63606 0.47933 0.23804 1 119.068 7.194 -8.512 0.41869 -0.77745 0.34215 -0.32126 2 46.846 -16.374 8.344 0.95468 0.1991 -0.19789 -0.09886 3 
115.381 -34.05 -14.442 0.46043 0.64787 0.45837 0.3977 1 118.755 10.25 -8.133 0.36555 -0.80156 0.28188 -0.38002 2 46.848 -16.373 8.343 0.95468 0.19912 -0.19792 -0.09885 3 
118.992 -32.492 -17.849 0.12844 0.54932 0.65977 0.49645 1 118.928 17.683 -8.558 0.1942 -0.86013 0.30369 -0.36089 2 46.847 -16.374 8.343 0.95468 0.19911 -0.1979 -0.09885 3 
118.381 -26.927 -17.953 0.07855 0.47221 0.76912 0.42344 1 119.013 24.34 -9.356 -0.04417 -0.87708 0.37449 -0.29754 2 46.847 -16.373 8.343 0.95468 0.19913 -0.19791 -0.09884 3 
113.139 -17.677 -15.941 0.17073 0.47991 0.72968 0.45618 1 117.103 27.829 -9.844 -0.11322 -0.87127 0.42705 -0.21376 2 46.848 -16.373 8.344 0.95468 0.19912 -0.19791 -0.09884 3 
108.9 -6.221 -14.573 0.26039 0.46257 0.68685 0.49645 1 114.567 32.162 -10.265 -0.14908 -0.84403 0.49633 -0.138 2 46.848 -16.372 8.343 0.95468 0.19912 -0.1979 -0.09884 3 
107.253 7.667 -14.14 0.30519 0.32692 0.70129 0.55514 1 111.64 38.169 -10.406 -0.2002 -0.81861 0.53393 -0.06862 2 46.85 -16.37 8.342 0.95467 0.19914 -0.19795 -0.09881 3 
106.499 22.236 -13.641 0.29499 0.21289 0.73739 0.56914 1 108.745 44.958 -10.019 -0.27813 -0.7951 0.53726 -0.0425 2 46.845 -16.374 8.345 0.95468 0.19911 -0.1979 -0.09885 3 
102.37 32.011 -12.023 0.35987 0.30996 0.71632 0.51118 1 107.013 51.086 -9.913 -0.32981 -0.72558 0.60363 -0.01988 2 46.849 -16.373 8.344 0.95468 0.19914 -0.1979 -0.09883 3 
95.305 36.548 -11.263 0.30288 0.50922 0.68213 0.42854 1 104.286 54.241 -10.056 -0.32268 -0.72771 0.60363 -0.04421 2 46.849 -16.372 8.344 0.95468 0.19913 -0.19791 -0.09883 3 
87.997 37.052 -11.458 0.32867 0.70135 0.52361 0.35484 1 101.01 56.177 -10.535 -0.28984 -0.72945 0.61301 -0.09005 2 46.846 -16.373 8.344 0.95468 0.19911 -0.1979 -0.09884 3 
83.213 38.615 -12.607 0.33139 0.75492 0.37471 0.4241 1 98.457 57.431 -11.321 -0.2832 -0.73668 0.60329 -0.11461 2 46.848 -16.373 8.344 0.95468 0.19912 -0.19791 -0.09883 3 
81.651 39.846 -13.246 0.33834 0.76368 0.31735 0.44902 1 96.59 58.712 -12.025 -0.27852 -0.74725 0.59056 -0.12363 2 46.847 -16.373 8.345 0.95468 0.19913 -0.1979 -0.09883 3 
81.058 40.792 -14.005 0.33913 0.75622 0.2893 0.479 1 95.465 59.886 -12.089 -0.26897 -0.75353 0.58491 -0.13316 2 46.848 -16.372 8.343 0.95467 0.19914 -0.19792 -0.09884 3 
80.935 41.52 -14.586 0.3246 0.74864 0.26364 0.51446 1 94.384 60.321 -12.573 -0.26119 -0.7602 0.5766 -0.14635 2 46.848 -16.372 8.345 0.95468 0.19914 -0.1979 -0.09883 3 
80.858 41.538 -14.75 0.30976 0.74232 0.27739 0.52541 1 93.232 60.721 -13.227 -0.26226 -0.76405 0.56648 -0.16294 2 46.846 -16.373 8.344 0.95468 0.19912 -0.19789 -0.09884 3 
