116.279 -28.198 -14.405 0.52047 0.65435 0.52748 0.15068 1 115.47 12.494 -10.314 0.50292 -0.7629 0.36801 -0.17211 2 52.862 17.203 -2.244 0.74576 0.65733 -0.10066 -0.04029 3 
116.348 -28.19 -14.442 0.51966 0.65453 0.52879 0.14809 1 115.476 12.476 -10.319 0.50416 -0.76133 0.36863 -0.1741 2 52.864 17.201 -2.245 0.74577 0.65732 -0.10067 -0.0403 3 
116.378 -28.281 -14.456 0.51882 0.65479 0.52985 0.14605 1 115.446 12.398 -10.318 0.50464 -0.76036 0.3691 -0.17597 2 52.86 17.2 -2.244 0.74578 0.65732 -0.10064 -0.04031 3 
116.464 -28.35 -14.468 0.51682 0.65622 0.53065 0.14381 1 115.349 12.314 -10.318 0.50428 -0.75922 0.37143 -0.17698 2 52.864 17.202 -2.244 0.74579 0.6573 -0.10065 -0.04029 3 
116.535 -28.501 -14.504 0.51529 0.65766 0.53073 0.14244 1 115.189 12.178 -10.377 0.50045 -0.75853 0.37824 -0.17639 2 52.86 17.196 -2.244 0.74578 0.65731 -0.10064 -0.04033 3 
116.629 -28.6 -14.486 0.51313 0.6591 0.53098 0.14267 1 114.715 12.029 -10.324 0.50438 -0.75697 0.36803 -0.19274 2 52.861 17.202 -2.243 0.74578 0.65732 -0.10064 -0.0403 3 
116.572 -28.735 -14.49 0.51357 0.65908 0.52929 0.14736 1 111.777 13.701 -9.95 0.45281 -0.80606 0.31156 -0.21945 2 52.861 17.197 -2.246 0.74578 0.65731 -0.10065 -0.04031 3 
116.596 -28.823 -14.501 0.50895 0.66081 0.53183 0.14648 1 107.418 18.374 -9.672 0.28413 -0.87985 0.36404 -0.11229 2 52.863 17.2 -2.245 0.74577 0.65732 -0.10066 -0.04033 3 
116.539 -28.778 -14.485 0.5065 0.66266 0.53198 0.14607 1 102.491 16.438 -8.795 0.39246 -0.89169 0.21541 -0.06682 2 52.863 17.202 -2.245 0.74578 0.65731 -0.10066 -0.04031 3 
116.388 -28.804 -14.476 0.50716 0.66334 0.53001 0.14785 1 97.6 15.977 -8.939 0.42703 -0.88597 0.173 -0.05262 2 52.857 17.192 -2.244 0.74576 0.65733 -0.10062 -0.04034 3 
116.393 -28.807 -14.47 0.49969 0.66787 0.53142 0.14784 1 90.139 18.829 -8.595 0.31354 -0.9243 0.21586 -0.02749 2 52.854 17.19 -2.243 0.74576 0.65733 -0.10061 -0.04036 3 
116.363 -28.612 -14.404 0.49129 0.67148 0.53302 0.15376 1 82.247 19.903 -7.911 0.17648 -0.93179 0.31579 0.02991 2 52.859 17.198 -2.245 0.74577 0.65733 -0.10064 -0.04035 3 
116.277 -28.218 -14.393 0.48222 0.67448 0.53582 0.15949 1 74.711 20.5 -8.022 0.00563 -0.90586 0.4221 0.03487 2 52.86 17.196 -2.244 0.74573 0.65736 -0.10067 -0.04035 3 
116.285 -27.761 -14.28 0.4662 0.68093 0.54016 0.16496 1 69.035 20.621 -8.842 -0.11391 -0.86717 0.48462 -0.01362 2 52.858 17.197 -2.245 0.74571 0.65739 -0.10069 -0.04035 3 
116.301 -27.154 -14.249 0.44509 0.68927 0.54629 0.16845 1 65.108 19.948 -9.754 -0.15243 -0.8421 0.5131 -0.06607 2 52.855 17.198 -2.247 0.74568 0.6574 -0.10074 -0.04036 3 
116.122 -26.59 -14.164 0.42805 0.69432 0.55083 0.17682 1 62.751 19.469 -10.299 -0.16817 -0.83677 0.51843 -0.05261 2 52.844 17.189 -2.246 0.74558 0.65752 -0.10072 -0.04037 3 
115.827 -26.239 -14.08 0.41613 0.69744 0.55294 0.18621 1 61.406 19.434 -10.638 -0.18789 -0.81847 0.54293 -0.00612 2 52.801 17.164 -2.243 0.74548 0.65766 -0.10057 -0.0404 3 
115.609 -26.001 -13.945 0.40545 0.70161 0.55365 0.19188 1 60.647 19.408 -10.717 -0.16578 -0.82091 0.54531 0.03562 2 52.421 17.197 -2.211 0.74706 0.65621 -0.10015 -0.0354 3 
115.447 -25.868 -13.922 0.40044 0.70356 0.55429 0.19341 1 60.288 18.944 -10.555 -0.15182 -0.8392 0.5161 0.07959 2 52.193 16.322 -2.169 0.75369 0.64941 -0.09076 -0.04456 3 
115.395 -25.846 -13.922 0.39843 0.7047 0.55502 0.19132 1 60.451 17.915 -10.175 -0.16354 -0.85187 0.48056 0.12895 2 51.39 14.953 -1.887 0.78066 0.62136 -0.05298 -0.04086 3 
115.685 -25.715 -13.959 0.38921 0.70811 0.55922 0.18538 1 61.205 16.355 -9.121 -0.09762 -0.89246 0.40673 0.169 2 52.902 10.385 -1.057 0.76774 0.62775 0.00078 -0.12848 3 
115.709 -25.812 -14.047 0.39406 0.70508 0.56114 0.18083 1 61.914 14.142 -8.048 -0.02021 -0.93746 0.28346 0.20101 2 55.063 3.978 -1.25 0.73213 0.62336 0.08362 -0.26157 3 
115.823 -25.999 -14.153 0.39781 0.70303 0.56287 0.17515 1 62.177 11.739 -7.502 0.03706 -0.96588 0.1487 0.2088 2 55.946 -1.844 -2.91 0.68053 0.60136 0.19418 -0.37087 3 
116.104 -26.276 -14.288 0.39937 0.70227 0.56532 0.16654 1 62.065 9.878 -7.289 0.05811 -0.97478 0.06016 0.20691 2 55.645 -5.046 -4.263 0.64765 0.5757 0.26995 -0.41982 3 
116.503 -26.48 -14.364 0.39781 0.70303 0.56853 0.15574 1 61.943 8.677 -7.033 0.06789 -0.9737 0.01439 0.217 2 55.532 -6.698 -4.691 0.63654 0.55453 0.29511 -0.44747 3 
116.796 -26.636 -14.448 0.3966 0.70324 0.57162 0.14634 1 61.713 7.58 -6.789 0.0942 -0.96748 -0.04901 0.22957 2 56.084 -8.523 -5.657 0.60033 0.53175 0.32501 -0.50121 3 
116.982 -26.794 -14.54 0.39625 0.70251 0.57449 0.13942 1 61.431 6.513 -6.563 0.11435 -0.95567 -0.11716 0.24473 2 56.348 -9.977 -6.733 0.56306 0.50036 0.3542 -0.55421 3 
116.993 -26.892 -14.608 0.39727 0.70045 0.57775 0.13324 1 61.108 5.707 -6.267 0.12033 -0.94762 -0.1451 0.25784 2 55.97 -10.88 -6.937 0.55314 0.47688 0.36499 -0.57741 3 
116.954 -26.934 -14.67 0.3992 0.69821 0.58025 0.12829 1 60.837 4.921 -6.094 0.13309 -0.93662 -0.1819 0.2682 2 56.038 -11.719 -7.479 0.53037 0.45692 0.37475 -0.60787 3 
116.923 -26.96 -14.717 0.39991 0.6967 0.58272 0.12298 1 60.547 4.244 -5.969 0.14502 -0.92439 -0.21984 0.27595 2 55.911 -12.309 -8.237 0.50222 0.43046 0.39132 -0.6398 3 
116.963 -26.954 -14.747 0.39938 0.69625 0.58435 0.11943 1 60.369 3.78 -5.782 0.15135 -0.91808 -0.23154 0.28393 2 55.82 -12.787 -8.297 0.4945 0.41932 0.39163 -0.65289 3 
117.008 -26.976 -14.771 0.39929 0.69615 0.5852 0.11607 1 60.262 3.297 -5.583 0.16363 -0.90853 -0.24728 0.29438 2 56.176 -13.263 -8.436 0.47958 0.41111 0.38464 -0.67309 3 
117.081 -26.969 -14.788 0.39843 0.69642 0.5861 0.11286 1 60.103 2.835 -5.358 0.1731 -0.89305 -0.27768 0.30885 2 56.182 -13.492 -8.815 0.45734 0.38828 0.3852 -0.70122 3 
117.123 -26.956 -14.817 0.39867 0.69603 0.58676 0.111 1 59.92 2.638 -5.05 0.17462 -0.8867 -0.28442 0.31998 2 55.968 -13.682 -8.598 0.45557 0.3775 0.37901 -0.71154 3 
117.148 -26.946 -14.833 0.39835 0.69571 0.58783 0.10848 1 59.782 2.603 -4.77 0.17255 -0.88479 -0.28462 0.32613 2 55.736 -13.735 -8.303 0.45824 0.37236 0.37494 -0.71469 3 
117.1 -26.966 -14.811 0.39943 0.69527 0.58779 0.1075 1 59.769 2.534 -4.603 0.17704 -0.87737 -0.29664 0.33299 2 55.795 -13.697 -8.371 0.44938 0.36305 0.37245 -0.72631 3 
117.069 -26.985 -14.82 0.40019 0.69474 0.5879 0.10749 1 59.78 2.504 -4.499 0.1797 -0.87247 -0.30344 0.33828 2 55.864 -13.665 -8.386 0.44419 0.35692 0.36946 -0.73403 3 
117.069 -26.987 -14.805 0.40039 0.69475 0.58774 0.10758 1 59.735 2.534 -4.391 0.1788 -0.87288 -0.30031 0.34049 2 55.828 -13.692 -8.22 0.44699 0.357 0.366 -0.73403 3 
117.073 -26.989 -14.803 0.40045 0.69527 0.58713 0.10733 1 59.734 2.566 -4.329 0.17913 -0.8723 -0.30039 0.34172 2 55.84 -13.663 -8.169 0.44654 0.35617 0.36497 -0.73522 3 
117.042 -27.005 -14.813 0.40123 0.69504 0.58675 0.10801 1 59.708 2.67 -4.307 0.17836 -0.87253 -0.29984 0.34203 2 55.804 -13.561 -8.142 0.44697 0.35569 0.36427 -0.73553 3 
117.041 -27.009 -14.807 0.40153 0.69471 0.58677 0.10888 1 59.661 2.815 -4.313 0.17703 -0.87467 -0.29742 0.33934 2 55.783 -13.421 -8.113 0.4478 0.35849 0.36454 -0.73353 3 
116.991 -27.033 -14.796 0.40185 0.69446 0.58668 0.10975 1 59.688 2.879 -4.319 0.17769 -0.87483 -0.29666 0.33926 2 55.867 -13.362 -8.108 0.44756 0.35952 0.36329 -0.7338 3 
116.953 -26.99 -14.781 0.40212 0.69369 0.58723 0.11066 1 59.66 2.89 -4.304 0.1779 -0.87493 -0.29591 0.33954 2 55.836 -13.373 -8.083 0.44803 0.35966 0.36307 -0.73355 3 
116.902 -26.989 -14.787 0.40246 0.69329 0.58741 0.11104 1 59.633 2.912 -4.295 0.17837 -0.87562 -0.29376 0.33939 2 55.867 -13.381 -8.032 0.44892 0.36159 0.36132 -0.73292 3 
116.863 -26.978 -14.785 0.40207 0.69331 0.58764 0.11111 1 59.607 2.932 -4.302 0.17983 -0.87462 -0.29603 0.33921 2 55.883 -13.334 -8.098 0.44625 0.36112 0.3618 -0.73454 3 
116.853 -26.949 -14.781 0.40215 0.69275 0.58809 0.1119 1 59.573 2.932 -4.308 0.18047 -0.87595 -0.29342 0.3377 2 55.896 -13.373 -8.07 0.4469 0.36388 0.36184 -0.73277 3 
116.825 -26.941 -14.794 0.40253 0.6925 0.58796 0.11278 1 59.589 2.921 -4.333 0.18132 -0.8792 -0.28502 0.33599 2 56.059 -13.505 -7.948 0.45077 0.3708 0.35816 -0.72872 3 
116.841 -26.965 -14.802 0.40225 0.69275 0.58759 0.11413 1 59.531 3.005 -4.449 0.17794 -0.89024 -0.26362 0.32607 2 56.14 -13.639 -7.696 0.46169 0.38808 0.35625 -0.71367 3 
116.865 -26.941 -14.765 0.40125 0.69327 0.58759 0.11447 1 59.376 3.276 -4.665 0.16705 -0.91302 -0.21554 0.30336 2 55.987 -13.72 -7.037 0.48909 0.42263 0.35262 -0.67663 3 
116.839 -26.929 -14.764 0.40086 0.69376 0.58711 0.11535 1 59.378 3.605 -4.925 0.15809 -0.93436 -0.15082 0.2815 2 56.085 -13.658 -6.093 0.52191 0.46271 0.33501 -0.63347 3 
116.813 -26.88 -14.755 0.40012 0.69411 0.5869 0.11688 1 59.405 4.237 -5.013 0.14444 -0.95161 -0.05204 0.26621 2 56.382 -12.873 -4.009 0.57432 0.51633 0.27817 -0.57112 3 
116.73 -26.875 -14.725 0.40085 0.69416 0.58573 0.11992 1 59.335 5.356 -4.988 0.10304 -0.96052 0.06783 0.24938 2 55.642 -10.279 -1.302 0.64135 0.56294 0.20565 -0.47904 3 
116.654 -26.824 -14.672 0.40073 0.69471 0.58445 0.1233 1 59.406 6.885 -5.015 0.05563 -0.95124 0.19143 0.23539 2 54.782 -6.191 1.11 0.69911 0.59553 0.12599 -0.37514 3 
116.567 -26.825 -14.652 0.40173 0.69462 0.5829 0.12788 1 59.473 8.747 -5.183 0.00867 -0.92545 0.30796 0.22053 2 54.174 -0.817 2.833 0.736 0.62237 0.03577 -0.26397 3 
116.424 -26.795 -14.589 0.40283 0.69407 0.58163 0.13301 1 59.726 10.149 -5.386 -0.02982 -0.89908 0.38309 0.20978 2 53.633 3.291 3.456 0.75618 0.62867 -0.01692 -0.18075 3 
116.167 -26.794 -14.581 0.40599 0.69223 0.58016 0.13931 1 60.018 10.823 -5.448 -0.04123 -0.88588 0.41302 0.20719 2 53.602 4.95 3.623 0.75899 0.63317 -0.03364 -0.14796 3 
115.94 -26.776 -14.56 0.40649 0.69078 0.58017 0.1449 1 60.388 10.608 -5.109 -0.01731 -0.8695 0.44461 0.21444 2 54.751 5.369 4.391 0.73977 0.65649 -0.06352 -0.13314 3 
115.645 -26.786 -14.597 0.40918 0.68883 0.57944 0.14944 1 60 9.284 -4.293 0.02738 -0.8404 0.49706 0.21427 2 55.88 5.21 5.94 0.7034 0.69172 -0.1167 -0.11456 3 
115.521 -26.84 -14.584 0.40979 0.68825 0.57934 0.15084 1 58.744 6.814 -3.121 0.08336 -0.8129 0.53375 0.21763 2 56.369 3.458 7.861 0.65945 0.72556 -0.16018 -0.11418 3 
115.634 -26.848 -14.617 0.40585 0.68985 0.58166 0.14515 1 56.856 3.565 -2.061 0.13616 -0.80377 0.53309 0.22633 2 56.46 -0.423 9.448 0.6273 0.74248 -0.1756 -0.15615 3 
116.088 -26.735 -14.662 0.39526 0.69405 0.58646 0.13466 1 54.771 0.276 -1.295 0.18209 -0.8093 0.50588 0.23655 2 56.139 -5.297 10.403 0.60225 0.75081 -0.16501 -0.21531 3 
116.531 -26.555 -14.699 0.38293 0.69799 0.59228 0.124 1 52.666 -2.755 -1.061 0.21538 -0.81415 0.48823 0.22892 2 54.977 -9.364 10.67 0.57684 0.76359 -0.15195 -0.24717 3 
116.779 -26.465 -14.748 0.37415 0.70033 0.59667 0.11635 1 50.729 -5.29 -1.408 0.23104 -0.81607 0.48596 0.21096 2 53.317 -12.22 10.296 0.55983 0.77474 -0.14555 -0.25531 3 
117.131 -26.387 -14.813 0.36325 0.703 0.60158 0.10922 1 49.295 -6.981 -1.809 0.23555 -0.8232 0.48105 0.18828 2 51.467 -14.393 9.817 0.5504 0.78587 -0.1241 -0.25311 3 
117.359 -26.265 -14.841 0.35572 0.70428 0.60551 0.10401 1 48.424 -7.82 -2.154 0.21699 -0.83213 0.47974 0.17412 2 49.591 -15.535 9.442 0.56171 0.7845 -0.10167 -0.24228 3 
117.452 -26.249 -14.926 0.35317 0.70331 0.60846 0.10197 1 47.661 -8.018 -2.433 0.19882 -0.83815 0.48177 0.16084 2 47.924 -15.781 9.14 0.57225 0.78253 -0.0872 -0.2293 3 
117.49 -26.293 -14.96 0.35253 0.70077 0.61148 0.10359 1 47.21 -7.993 -2.736 0.1862 -0.84551 0.47753 0.1497 2 46.781 -16.039 8.686 0.57934 0.78065 -0.06921 -0.22396 3 
117.482 -26.365 -14.985 0.35245 0.69973 0.6125 0.10487 1 47.05 -7.825 -3.024 0.18228 -0.8426 0.48434 0.14903 2 46.513 -15.533 8.442 0.58052 0.78116 -0.0758 -0.2169 3 
117.432 -26.39 -15.008 0.35167 0.6986 0.61417 0.10527 1 46.921 -7.778 -3.048 0.18531 -0.84239 0.48423 0.14681 2 46.367 -15.547 8.465 0.57807 0.78351 -0.07337 -0.21577 3 
117.343 -26.416 -15.059 0.35444 0.69565 0.61572 0.10642 1 46.92 -7.777 -3.089 0.18589 -0.84167 0.48762 0.13881 2 46.343 -15.558 8.455 0.57865 0.78316 -0.07297 -0.21562 3 
117.297 -26.397 -15.078 0.35639 0.69415 0.61644 0.10552 1 46.92 -7.74 -3.066 0.19023 -0.84391 0.48734 0.11887 2 46.337 -15.56 8.456 0.57866 0.78318 -0.07291 -0.21554 3 
117.347 -26.419 -15.084 0.35903 0.69386 0.61561 0.10338 1 47.065 -7.333 -3.044 0.19347 -0.85106 0.482 0.07707 2 46.333 -15.567 8.455 0.57869 0.78316 -0.07278 -0.21559 3 
117.459 -26.438 -15.086 0.36163 0.69431 0.61401 0.10071 1 48.08 -6.052 -3.199 0.18431 -0.85906 0.47565 0.04256 2 46.336 -15.567 8.453 0.57869 0.78316 -0.07281 -0.21558 3 
117.583 -26.547 -15.073 0.36583 0.69512 0.61111 0.09755 1 50.629 -3.958 -3.175 0.19455 -0.83903 0.50674 0.03723 2 46.334 -15.564 8.455 0.57868 0.78318 -0.07281 -0.21556 3 
117.702 -26.703 -15.042 0.37234 0.6958 0.6069 0.0943 1 55.084 -0.483 -2.348 0.23598 -0.80304 0.54198 0.07551 2 46.336 -15.563 8.456 0.57866 0.78319 -0.07282 -0.21556 3 
117.842 -26.87 -15.059 0.37773 0.69655 0.60325 0.09071 1 62.186 4.049 -1.286 0.31746 -0.79617 0.5038 0.10731 2 46.334 -15.566 8.458 0.57869 0.78318 -0.07278 -0.21553 3 
117.599 -27.217 -15.011 0.39197 0.69329 0.59704 0.09618 1 71.153 8.188 -1.177 0.39394 -0.83758 0.36946 0.08224 2 46.335 -15.565 8.457 0.57869 0.78318 -0.07279 -0.21554 3 
117.036 -27.438 -14.92 0.41552 0.68588 0.58684 0.11193 1 81.267 10.701 -2.504 0.43357 -0.87591 0.20562 -0.05014 2 46.334 -15.566 8.457 0.5787 0.78317 -0.07277 -0.21555 3 
116.39 -27.503 -14.818 0.44087 0.67668 0.57535 0.12922 1 91.826 12.158 -4.665 0.45642 -0.84987 0.09754 -0.24471 2 46.334 -15.567 8.457 0.5787 0.78317 -0.07276 -0.21556 3 
115.897 -27.471 -14.735 0.46234 0.66847 0.56504 0.14186 1 102.449 13.823 -6.602 0.44577 -0.79466 0.0638 -0.4071 2 46.335 -15.566 8.457 0.57868 0.78317 -0.07275 -0.21557 3 
115.67 -27.277 -14.682 0.47412 0.66414 0.55798 0.15095 1 110.246 12.223 -7.217 0.4889 -0.76252 0.08435 -0.41525 2 46.333 -15.567 8.457 0.57871 0.78316 -0.07275 -0.21556 3 
115.365 -27.015 -14.584 0.48455 0.65931 0.55232 0.15956 1 113.103 10.724 -7.986 0.45545 -0.76386 0.23323 -0.39329 2 46.334 -15.567 8.457 0.57868 0.78317 -0.07275 -0.21558 3 
115.143 -26.973 -14.561 0.49077 0.65685 0.54845 0.16399 1 113.216 10.962 -8.379 0.46418 -0.75363 0.27784 -0.37335 2 46.334 -15.566 8.457 0.5787 0.78316 -0.07275 -0.21557 3 
115.019 -26.901 -14.502 0.49604 0.65578 0.54423 0.16647 1 113.144 11.135 -8.423 0.47032 -0.74858 0.27875 -0.37513 2 46.333 -15.567 8.457 0.5787 0.78316 -0.07274 -0.21557 3 
115.144 -26.831 -14.43 0.49124 0.66066 0.54353 0.16366 1 112.752 11.168 -8.615 0.48155 -0.73834 0.28829 -0.37398 2 46.334 -15.567 8.457 0.57868 0.78317 -0.07275 -0.21558 3 
115.429 -26.758 -14.421 0.48717 0.66484 0.54347 0.15902 1 112.416 11.202 -8.676 0.48802 -0.73391 0.28588 -0.37616 2 46.333 -15.567 8.456 0.5787 0.78316 -0.07275 -0.21558 3 
115.821 -26.747 -14.407 0.48434 0.66618 0.5458 0.15403 1 112.058 11.257 -8.798 0.49557 -0.72613 0.29065 -0.37773 2 46.334 -15.568 8.457 0.5787 0.78316 -0.07274 -0.21559 3 
116.503 -26.806 -14.488 0.48351 0.65803 0.55309 0.16527 1 112.662 11.64 -8.63 0.49375 -0.73237 0.26933 -0.38382 2 46.334 -15.567 8.457 0.57869 0.78317 -0.07274 -0.21559 3 
116.642 -26.732 -14.668 0.51035 0.62487 0.55075 0.21391 1 114.35 13.731 -8.806 0.40516 -0.76116 0.27606 -0.42458 2 46.333 -15.568 8.457 0.5787 0.78316 -0.07273 -0.21559 3 
114.193 -26.312 -14.813 0.5536 0.58446 0.49363 0.32902 1 116.882 19.137 -8.804 0.23162 -0.83721 0.28966 -0.40191 2 46.334 -15.567 8.457 0.57869 0.78316 -0.07275 -0.21558 3 
109.753 -23.794 -15.497 0.48066 0.59724 0.46087 0.44707 1 119.425 25.268 -8.762 0.03386 -0.89153 0.30852 -0.3299 2 46.334 -15.567 8.457 0.57869 0.78317 -0.07274 -0.21557 3 
106.17 -18.643 -14.676 0.47018 0.62044 0.43413 0.45333 1 119.749 28.02 -8.69 0.02687 -0.91751 0.25019 -0.30799 2 46.333 -15.568 8.457 0.5787 0.78316 -0.07273 -0.21559 3 
105.883 -11.176 -13.97 0.47431 0.55067 0.31465 0.61056 1 120.458 33.164 -8.815 -0.04195 -0.91268 0.16417 -0.37189 2 46.334 -15.567 8.457 0.57868 0.78317 -0.07274 -0.21559 3 
104.168 -3.614 -14.73 0.32659 0.44573 0.38228 0.74063 1 121.095 41.35 -8.855 -0.15521 -0.88523 0.18374 -0.39815 2 46.339 -15.567 8.45 0.57868 0.78316 -0.07277 -0.21562 3 
103.862 10.476 -13.074 0.28277 0.45318 0.58712 0.60825 1 117.242 46.733 -8.81 -0.22112 -0.88319 0.3137 -0.26958 2 46.329 -15.568 8.46 0.57866 0.7832 -0.07263 -0.21558 3 
104.246 24.825 -11.144 0.3009 0.40546 0.6582 0.55842 1 111.258 49.343 -9.107 -0.24946 -0.85527 0.4169 -0.18018 2 46.336 -15.566 8.453 0.57867 0.78317 -0.07275 -0.2156 3 
101.076 31.323 -9.155 0.44683 0.63292 0.50795 0.3765 1 106.087 52.577 -9.675 -0.29041 -0.79405 0.51472 -0.14216 2 46.331 -15.569 8.459 0.57867 0.78318 -0.07271 -0.21559 3 
93.379 35.827 -9.636 0.37828 0.72489 0.46977 0.33281 1 102.666 54.65 -9.805 -0.28756 -0.79181 0.52382 -0.12636 2 46.337 -15.564 8.455 0.57867 0.78317 -0.07277 -0.2156 3 
85.782 37.861 -11.303 0.34921 0.75993 0.39528 0.37989 1 99.774 56.163 -10.357 -0.27201 -0.79772 0.51781 -0.14674 2 46.333 -15.568 8.458 0.57868 0.78317 -0.07272 -0.2156 3 
82.434 39.945 -13.049 0.35444 0.76527 0.3207 0.43115 1 97.336 57.101 -10.95 -0.28088 -0.81188 0.48269 -0.17021 2 46.332 -15.569 8.457 0.57869 0.78316 -0.0727 -0.21561 3 
81.537 41.237 -14.264 0.34097 0.76287 0.25929 0.48429 1 95.391 57.957 -11.821 -0.29265 -0.80874 0.48086 -0.1705 2 46.332 -15.567 8.457 0.57868 0.78317 -0.07271 -0.21561 3 
81.613 41.664 -14.456 0.35403 0.75337 0.25151 0.49381 1 93.787 58.625 -12.832 -0.2909 -0.81359 0.47518 -0.16627 2 46.334 -15.567 8.457 0.57868 0.78317 -0.07273 -0.21561 3 
81.203 41.729 -14.809 0.34987 0.7521 0.25478 0.49702 1 92.978 59.071 -12.876 -0.31466 -0.8219 0.43902 -0.18091 2 46.333 -15.568 8.457 0.57868 0.78317 -0.07272 -0.21561 3 
