118.615 -31.261 -13.001 0.4822 0.72093 0.42274 0.26275 1 120.204 9.953 -10.086 0.43566 -0.78614 0.40708 -0.16269 2 88.025 -49.893 -6.948 0.92955 0.35488 -0.04774 -0.08785 3 
118.785 -31.069 -13.011 0.47779 0.72406 0.4245 0.25933 1 119.979 10.059 -10.106 0.43878 -0.78364 0.40772 -0.16476 2 88.028 -49.878 -6.958 0.92951 0.35496 -0.04783 -0.08789 3 
118.942 -30.953 -13.004 0.47394 0.72644 0.42627 0.25682 1 119.682 10.154 -10.105 0.44242 -0.78037 0.40868 -0.16814 2 88.029 -49.884 -6.947 0.92954 0.35492 -0.04778 -0.08779 3 
119.133 -30.783 -12.998 0.46941 0.72924 0.42809 0.25417 1 119.464 10.254 -10.151 0.44608 -0.77736 0.4092 -0.17111 2 88.031 -49.883 -6.947 0.92954 0.35492 -0.04775 -0.08782 3 
119.339 -30.665 -12.961 0.46545 0.73104 0.43016 0.25279 1 119.261 10.34 -10.1 0.44863 -0.77486 0.40992 -0.17401 2 88.029 -49.883 -6.946 0.92956 0.35486 -0.04776 -0.08781 3 
119.459 -31.374 -12.863 0.46628 0.73445 0.41757 0.26229 1 119.059 10.45 -10.14 0.451 -0.77202 0.41137 -0.17709 2 88.018 -49.899 -6.951 0.92962 0.35469 -0.0478 -0.08779 3 
121.169 -33.738 -13.343 0.37148 0.79309 0.41301 0.24984 1 118.839 10.559 -10.142 0.45035 -0.76911 0.41487 -0.18316 2 88.033 -49.875 -6.949 0.92951 0.35498 -0.04782 -0.08779 3 
122.971 -36.58 -14.188 0.12842 0.88168 0.4228 0.16552 1 118.557 10.585 -10.162 0.45469 -0.76459 0.4161 -0.18847 2 88.029 -49.882 -6.943 0.92953 0.35495 -0.04773 -0.08779 3 
120.522 -38.321 -14.506 -0.09115 0.88796 0.44828 -0.04754 1 117.981 10.646 -10.131 0.46592 -0.75694 0.41328 -0.1979 2 88.022 -49.888 -6.96 0.92956 0.35483 -0.04782 -0.08788 3 
113.653 -42.497 -14.594 -0.14904 0.84539 0.46934 -0.20695 1 117.374 10.635 -10.141 0.47868 -0.74877 0.40808 -0.209 2 88.03 -49.881 -6.949 0.92956 0.35486 -0.04779 -0.08783 3 
106.335 -46.026 -15.721 -0.19117 0.78327 0.5332 -0.2562 1 117.098 10.734 -10.005 0.48584 -0.74465 0.40092 -0.2207 2 88.025 -49.88 -6.958 0.92954 0.35489 -0.04787 -0.08783 3 
101.8 -47.833 -17.139 -0.21107 0.7843 0.54709 -0.20252 1 117.446 10.882 -9.905 0.47957 -0.74834 0.39824 -0.22671 2 88.023 -49.884 -6.953 0.92956 0.35486 -0.04776 -0.08783 3 
99.904 -48.597 -18.399 -0.23767 0.76524 0.56453 -0.19804 1 118.237 11.016 -9.786 0.46103 -0.75911 0.39814 -0.22952 2 88.033 -49.879 -6.947 0.92954 0.35492 -0.04783 -0.08778 3 
98.991 -49.055 -18.881 -0.24268 0.7347 0.58021 -0.25433 1 118.978 11.15 -9.655 0.44079 -0.77006 0.39803 -0.23301 2 87.172 -50.51 -6.938 0.92706 0.3614 -0.03538 -0.09326 3 
98.249 -49.206 -18.929 -0.23909 0.71345 0.5935 -0.28561 1 119.491 11.314 -9.567 0.42537 -0.77661 0.40059 -0.23552 2 86.774 -50.61 -6.955 0.92333 0.37077 -0.03792 -0.09252 3 
97.864 -47.78 -18.273 -0.27396 0.69995 0.57627 -0.32084 1 119.608 11.516 -9.543 0.42266 -0.77648 0.40251 -0.23754 2 86.142 -50.217 -6.811 0.90454 0.41613 -0.02226 -0.09028 3 
97.688 -44.374 -16.926 -0.2516 0.74339 0.52383 -0.33118 1 119.705 11.733 -9.567 0.41011 -0.77977 0.40982 -0.23625 2 84.796 -45.051 -5.832 0.90697 0.42045 -0.00118 -0.02488 3 
96.086 -40.066 -14.729 -0.18739 0.81448 0.4504 -0.31409 1 119.427 12.018 -9.62 0.40506 -0.77935 0.41633 -0.23498 2 82.839 -36.794 -4.499 0.91906 0.38746 -0.00952 0.07153 3 
92.272 -36.292 -12.367 -0.1408 0.8592 0.39308 -0.29571 1 118.799 12.446 -9.684 0.4133 -0.77224 0.42184 -0.23427 2 78.706 -30.493 -3.123 0.91741 0.374 -0.00146 0.13591 3 
87.129 -33.414 -10.286 -0.10696 0.89843 0.3277 -0.27203 1 118.279 12.964 -9.87 0.42122 -0.76594 0.42734 -0.23083 2 73.331 -24.871 -2.239 0.90956 0.35808 0.00272 0.21089 3 
82.011 -30.838 -8.801 -0.08223 0.93621 0.23809 -0.24507 1 118.104 13.641 -9.896 0.42348 -0.76205 0.43351 -0.22806 2 67.65 -19.347 -2.607 0.87948 0.34767 0.00804 0.32491 3 
78.135 -28.762 -7.995 -0.05346 0.9654 0.13506 -0.21656 1 118.129 14.31 -10.054 0.41914 -0.76122 0.44267 -0.22114 2 63.519 -14.939 -4.027 0.83181 0.32965 0.01039 0.44645 3 
75.14 -27.468 -7.548 -0.03092 0.98223 0.04497 -0.17957 1 118.236 14.949 -10.162 0.41394 -0.75975 0.45397 -0.21294 2 60.464 -12.474 -5.852 0.77823 0.29759 0.02924 0.55221 3 
73.132 -26.906 -7.177 -0.03145 0.98702 -0.00495 -0.15741 1 118.269 15.46 -10.299 0.4124 -0.75592 0.4631 -0.20988 2 58.23 -11.951 -6.733 0.74184 0.28713 0.0481 0.60408 3 
71.484 -26.739 -6.913 -0.04103 0.98844 -0.06109 -0.13256 1 118.185 15.957 -10.382 0.41577 -0.7504 0.46859 -0.21088 2 56.354 -12.299 -7.992 0.69117 0.27184 0.07586 0.66531 3 
70.597 -26.712 -6.657 -0.03601 0.98621 -0.10864 -0.11958 1 118.158 16.278 -10.448 0.41489 -0.74767 0.47449 -0.2091 2 55.803 -12.685 -8.989 0.64401 0.25184 0.08185 0.71773 3 
70.179 -26.39 -6.396 -0.02688 0.98327 -0.13504 -0.11923 1 117.979 16.517 -10.515 0.41748 -0.74441 0.47758 -0.20852 2 55.854 -12.492 -9.312 0.62095 0.23935 0.07068 0.74306 3 
69.84 -25.91 -6.161 -0.01881 0.98059 -0.15184 -0.12259 1 117.752 16.678 -10.572 0.42041 -0.74129 0.48008 -0.20802 2 55.754 -12.089 -9.39 0.60664 0.23539 0.05948 0.75699 3 
69.544 -25.705 -5.932 -0.01662 0.98014 -0.14975 -0.12897 1 117.563 16.76 -10.6 0.42222 -0.73942 0.48232 -0.20581 2 55.547 -11.697 -9.068 0.61 0.23876 0.04756 0.75407 3 
69.333 -25.66 -5.748 -0.01381 0.97907 -0.15482 -0.13135 1 117.459 16.775 -10.614 0.4215 -0.7403 0.48284 -0.20288 2 55.443 -11.653 -9.018 0.60484 0.23691 0.04204 0.75913 3 
69.321 -25.88 -5.688 -0.01423 0.9793 -0.15384 -0.13074 1 117.377 16.775 -10.62 0.41993 -0.74162 0.48334 -0.20013 2 55.489 -11.822 -8.958 0.606 0.23596 0.04083 0.75856 3 
69.41 -26.177 -5.691 -0.01759 0.98029 -0.14936 -0.12814 1 117.27 16.739 -10.632 0.4216 -0.74005 0.48403 -0.2007 2 55.505 -12.115 -8.925 0.60908 0.23664 0.04507 0.75564 3 
69.549 -26.334 -5.713 -0.01448 0.98028 -0.152 -0.12542 1 117.123 16.667 -10.634 0.42469 -0.73788 0.48416 -0.20189 2 55.852 -12.227 -9.031 0.60745 0.2307 0.04251 0.75893 3 
69.633 -26.447 -5.702 -0.01254 0.98005 -0.15402 -0.12501 1 117.016 16.602 -10.636 0.42659 -0.73668 0.48407 -0.20248 2 56.034 -12.334 -9.084 0.60519 0.22783 0.04057 0.7617 3 
69.673 -26.519 -5.676 -0.01324 0.98063 -0.14855 -0.12701 1 117.006 16.57 -10.657 0.42763 -0.73612 0.48398 -0.20255 2 56.046 -12.297 -8.942 0.61026 0.23025 0.03869 0.75701 3 
69.685 -26.509 -5.683 -0.01234 0.98063 -0.14812 -0.12753 1 117.054 16.535 -10.651 0.42701 -0.73663 0.484 -0.20193 2 56.105 -12.247 -8.943 0.61084 0.22927 0.03714 0.75692 3 
69.654 -26.546 -5.74 -0.01285 0.98098 -0.1479 -0.12506 1 117.1 16.512 -10.639 0.42633 -0.73734 0.48376 -0.20137 2 56.105 -12.3 -9.015 0.61068 0.22724 0.03926 0.75756 3 
69.646 -26.685 -5.824 -0.01481 0.98228 -0.14254 -0.12083 1 117.129 16.482 -10.629 0.42544 -0.73793 0.48366 -0.20131 2 56.114 -12.403 -9.056 0.61453 0.22486 0.04395 0.75489 3 
69.827 -26.863 -5.846 -0.00934 0.98531 -0.12062 -0.12056 1 117.105 16.423 -10.645 0.42483 -0.73819 0.48383 -0.20122 2 56.542 -12.105 -8.779 0.63285 0.21856 0.04239 0.74158 3 
70.259 -26.916 -5.599 0.00446 0.98978 -0.05313 -0.13225 1 116.947 16.351 -10.643 0.42557 -0.7375 0.48391 -0.20204 2 57.648 -10.916 -7.365 0.68986 0.20946 0.02387 0.69257 3 
70.525 -27.052 -5.079 0.01158 0.98444 0.07917 -0.15643 1 116.71 16.253 -10.624 0.4283 -0.73557 0.48374 -0.20369 2 58.547 -10.138 -4.22 0.78422 0.21547 -0.00357 0.58186 3 
70.324 -28.109 -4.701 0.00833 0.94618 0.26344 -0.18779 1 116.537 16.229 -10.638 0.42974 -0.73507 0.48256 -0.20528 2 59.577 -12.485 0.062 0.88822 0.21541 -0.03897 0.40391 3 
69.737 -29.255 -4.722 0.01904 0.88036 0.41972 -0.22009 1 116.421 16.212 -10.617 0.42949 -0.73506 0.4822 -0.20666 2 61.515 -16.451 3.251 0.94679 0.19208 -0.0935 0.24071 3 
68.594 -29.696 -4.91 0.03281 0.80897 0.52615 -0.26011 1 116.291 16.232 -10.594 0.42831 -0.73518 0.48145 -0.21038 2 63.574 -20.445 5.244 0.96442 0.17953 -0.16468 0.10268 3 
66.731 -29.288 -4.896 0.05201 0.76661 0.56613 -0.29851 1 116.203 16.29 -10.559 0.42486 -0.73585 0.48159 -0.21468 2 64.426 -22.028 6.13 0.95662 0.18028 -0.22633 0.03409 3 
64.259 -28.398 -4.6 0.05938 0.75134 0.57392 -0.32029 1 116.192 16.35 -10.565 0.41819 -0.73784 0.48319 -0.21731 2 63.321 -21.788 6.739 0.94769 0.1857 -0.25933 0.01202 3 
61.594 -27.244 -4.358 0.0632 0.74076 0.58025 -0.33254 1 116.207 16.452 -10.531 0.40922 -0.73972 0.48664 -0.22031 2 61.524 -21.287 7.242 0.94122 0.18898 -0.27987 -0.00856 3 
59.046 -26.098 -4.177 0.07222 0.71737 0.60384 -0.33993 1 116.286 16.505 -10.546 0.39646 -0.74222 0.49215 -0.22297 2 59.988 -21.506 7.799 0.93664 0.17964 -0.29666 -0.04929 3 
56.711 -24.808 -4.074 0.08189 0.70095 0.62599 -0.33182 1 116.228 16.536 -10.555 0.3876 -0.74284 0.49692 -0.2259 2 58.092 -21.369 8.172 0.93659 0.16129 -0.30032 -0.08124 3 
54.774 -23.403 -4.158 0.07834 0.70371 0.63099 -0.31702 1 116.063 16.551 -10.571 0.38101 -0.7428 0.50071 -0.22883 2 55.698 -20.144 8.188 0.94083 0.15319 -0.29017 -0.08469 3 
53.091 -22.259 -4.366 0.05957 0.70811 0.63588 -0.30113 1 115.941 16.542 -10.542 0.37214 -0.74329 0.50574 -0.23077 2 52.983 -19.371 8.064 0.94618 0.15753 -0.26736 -0.09189 3 
51.823 -21.539 -4.509 0.03493 0.71509 0.63579 -0.28843 1 115.845 16.559 -10.529 0.36561 -0.74395 0.50927 -0.23131 2 50.393 -18.784 7.96 0.95188 0.1693 -0.23847 -0.09157 3 
51.073 -21.181 -4.467 0.0169 0.71954 0.63575 -0.27892 1 115.771 16.519 -10.502 0.35995 -0.74467 0.51188 -0.23213 2 48.535 -18.566 8.05 0.95651 0.17708 -0.21298 -0.09148 3 
50.635 -21.134 -4.391 0.00366 0.71983 0.63956 -0.26982 1 115.694 16.382 -10.477 0.35733 -0.74339 0.51477 -0.2339 2 47.265 -18.883 8.17 0.95994 0.17918 -0.19128 -0.09906 3 
50.613 -21.178 -4.361 -0.00202 0.72219 0.6381 -0.26697 1 115.652 16.228 -10.511 0.36016 -0.74012 0.5165 -0.23609 2 47.085 -19.096 8.172 0.95955 0.1829 -0.18711 -0.10396 3 
50.763 -21.281 -4.299 -0.00305 0.72945 0.63905 -0.24393 1 115.811 16.03 -10.541 0.36338 -0.73958 0.51547 -0.2351 2 47.112 -19.107 8.151 0.95962 0.18212 -0.18757 -0.10388 3 
52.344 -21.934 -4.061 0.00255 0.72776 0.65161 -0.21393 1 116.05 15.906 -10.494 0.36939 -0.74156 0.51018 -0.23099 2 47.344 -19.016 8.119 0.95895 0.18256 -0.1912 -0.10258 3 
57.881 -23.879 -2.775 0.04656 0.67394 0.68503 -0.2727 1 116.404 15.801 -10.516 0.3717 -0.74501 0.50647 -0.22424 2 47.393 -19 8.11 0.95882 0.18266 -0.19189 -0.10237 3 
68.472 -27.353 -0.873 0.14954 0.6384 0.67131 -0.34559 1 116.569 15.689 -10.547 0.3789 -0.7445 0.50325 -0.22112 2 47.372 -19.012 8.114 0.95886 0.18257 -0.1917 -0.10248 3 
81.212 -29.51 -0.46 0.22098 0.71984 0.57211 -0.3251 1 116.334 15.347 -10.619 0.39734 -0.73758 0.49718 -0.22561 2 47.37 -19.011 8.111 0.95887 0.18257 -0.19166 -0.10251 3 
92.514 -30.367 -1.894 0.23349 0.85081 0.43615 -0.17717 1 116.085 14.864 -10.54 0.41767 -0.72734 0.48835 -0.24091 2 47.376 -19.011 8.112 0.95885 0.18261 -0.19171 -0.1025 3 
102.691 -31.8 -5.663 0.21404 0.89538 0.37077 0.12254 1 115.815 14.134 -10.489 0.44293 -0.71759 0.47549 -0.25055 2 47.369 -19.016 8.113 0.95887 0.18255 -0.19166 -0.10253 3 
112.925 -34.145 -8.678 0.29713 0.8563 0.25195 0.33908 1 115.64 13.259 -10.452 0.46445 -0.71166 0.46287 -0.25215 2 47.373 -19.012 8.111 0.95885 0.18259 -0.19171 -0.10251 3 
120.218 -32.544 -9.986 0.39751 0.79477 0.28133 0.3622 1 115.858 12.39 -10.349 0.47716 -0.71291 0.44862 -0.25063 2 47.369 -19.016 8.113 0.95887 0.18256 -0.19166 -0.10252 3 
123.419 -27.3 -11.37 0.38588 0.75995 0.44774 0.27037 1 116.254 11.299 -10.339 0.48172 -0.71929 0.43758 -0.24309 2 47.37 -19.015 8.113 0.95887 0.18257 -0.19166 -0.10252 3 
123.579 -28.197 -12.208 0.40596 0.75269 0.47609 0.20491 1 117.048 10.429 -10.281 0.4743 -0.73207 0.43257 -0.22804 2 47.373 -19.013 8.111 0.95885 0.18259 -0.1917 -0.10252 3 
123.02 -30.081 -12.312 0.432 0.73898 0.46185 0.23231 1 118.129 9.522 -10.19 0.46895 -0.74432 0.42425 -0.21465 2 47.367 -19.018 8.114 0.95887 0.18254 -0.19164 -0.10254 3 
121.782 -32.029 -12.513 0.4722 0.71592 0.44854 0.25159 1 120.029 8.925 -10.108 0.44585 -0.76429 0.42013 -0.20142 2 47.372 -19.014 8.112 0.95886 0.18258 -0.19169 -0.10252 3 
120.056 -33.437 -12.809 0.51204 0.67669 0.43303 0.30398 1 122.471 8.909 -9.795 0.41563 -0.78659 0.41097 -0.19905 2 47.369 -19.014 8.112 0.95886 0.18258 -0.19166 -0.10254 3 
116.338 -34.822 -13.976 0.41983 0.65374 0.42176 0.46743 1 124.65 9.918 -9.1 0.37048 -0.81648 0.36128 -0.25611 2 47.37 -19.016 8.113 0.95886 0.18256 -0.19168 -0.10252 3 
116.308 -32.472 -17.001 0.16639 0.51467 0.68755 0.48446 1 126.449 13.9 -8.604 0.25586 -0.86009 0.34636 -0.27352 2 47.371 -19.014 8.112 0.95886 0.18258 -0.19167 -0.10252 3 
111.964 -25.087 -15.742 0.22922 0.48701 0.71162 0.45152 1 127.749 20.421 -8.805 0.03638 -0.89331 0.38486 -0.22926 2 47.369 -19.015 8.113 0.95887 0.18256 -0.19165 -0.10254 3 
109.031 -12.073 -14.758 0.29 0.38978 0.7338 0.47487 1 125.825 26.323 -9.464 -0.17065 -0.86122 0.45086 -0.16097 2 47.371 -19.016 8.113 0.95886 0.18258 -0.19168 -0.10252 3 
107.96 3.046 -13.951 0.37004 0.30961 0.66334 0.57201 1 121.596 32.441 -10.108 -0.24117 -0.83157 0.49147 -0.09368 2 47.368 -19.015 8.113 0.95887 0.18258 -0.19164 -0.10253 3 
108.685 17.791 -13.011 0.39022 0.28797 0.65094 0.58402 1 117.241 39.442 -10.16 -0.28011 -0.81933 0.49995 -0.01696 2 47.372 -19.013 8.11 0.95886 0.18255 -0.19172 -0.10249 3 
104.748 28.818 -11.64 0.3776 0.39463 0.69061 0.47408 1 112.677 46.857 -10.141 -0.33035 -0.7691 0.54693 -0.01467 2 47.368 -19.016 8.114 0.95887 0.18257 -0.19166 -0.10253 3 
96.257 34.541 -10.91 0.34616 0.58253 0.64181 0.35903 1 107.919 51.774 -10.214 -0.32288 -0.72926 0.60243 -0.0318 2 47.371 -19.014 8.111 0.95886 0.18259 -0.19167 -0.10254 3 
87.691 35.677 -11.297 0.34952 0.73281 0.48109 0.33073 1 103.155 53.892 -10.366 -0.27857 -0.7422 0.60228 -0.09378 2 47.371 -19.014 8.113 0.95886 0.18259 -0.19168 -0.10251 3 
83.126 37.274 -12.143 0.35801 0.75563 0.3728 0.40234 1 99.749 55.666 -11.228 -0.25217 -0.73796 0.61194 -0.13175 2 47.368 -19.015 8.112 0.95887 0.18257 -0.19165 -0.10253 3 
81.176 39.155 -13.032 0.3719 0.75692 0.32793 0.42571 1 97.444 57.21 -11.416 -0.24675 -0.75009 0.59731 -0.14038 2 47.37 -19.015 8.112 0.95886 0.18258 -0.19168 -0.10253 3 
80.334 40.758 -13.657 0.36869 0.76252 0.2789 0.4526 1 95.683 58.484 -11.838 -0.24989 -0.75866 0.58155 -0.15425 2 47.37 -19.015 8.113 0.95886 0.18258 -0.19166 -0.10252 3 
79.904 41.499 -13.968 0.35141 0.75998 0.26002 0.48096 1 94.673 59.215 -12.176 -0.25464 -0.76457 0.56819 -0.16657 2 47.369 -19.015 8.113 0.95886 0.18258 -0.19166 -0.10253 3 
79.791 41.771 -14.23 0.33231 0.75804 0.2785 0.48722 1 93.532 59.966 -12.752 -0.25275 -0.7676 0.56136 -0.17828 2 47.37 -19.016 8.113 0.95886 0.18256 -0.19168 -0.10253 3 
