118.352 -32.331 -13.483 0.55356 0.67881 0.44265 0.19195 1 118.153 9.805 -10.186 0.40927 -0.80812 0.3842 -0.17841 2 101.492 22.551 -4.389 0.88056 0.4689 -0.06518 -0.02206 3 
118.351 -32.339 -13.536 0.55491 0.67733 0.44363 0.19105 1 118.189 9.762 -10.203 0.40971 -0.80782 0.38425 -0.17866 2 101.494 22.548 -4.393 0.88056 0.46891 -0.06523 -0.02204 3 
118.36 -32.359 -13.535 0.55554 0.67628 0.4442 0.1916 1 118.236 9.762 -10.203 0.41042 -0.80749 0.38315 -0.18088 2 101.495 22.558 -4.383 0.88055 0.46894 -0.06514 -0.02198 3 
118.401 -32.361 -13.535 0.55604 0.67575 0.44414 0.19215 1 118.327 9.776 -10.157 0.41005 -0.8076 0.38303 -0.18147 2 101.496 22.547 -4.383 0.88061 0.46883 -0.06512 -0.02206 3 
118.42 -32.359 -13.54 0.55668 0.67517 0.44413 0.19236 1 118.425 9.814 -10.188 0.40902 -0.80795 0.38299 -0.1823 2 101.495 22.561 -4.392 0.88052 0.46898 -0.06523 -0.02199 3 
118.361 -32.414 -13.525 0.55892 0.67418 0.44126 0.19591 1 118.734 10.496 -9.757 0.38914 -0.82273 0.35191 -0.21874 2 101.497 22.547 -4.393 0.88059 0.46886 -0.0652 -0.02211 3 
118.461 -32.369 -13.465 0.55401 0.67756 0.44245 0.19549 1 119.785 15.137 -9.562 0.2389 -0.88302 0.36825 -0.16614 2 101.499 22.541 -4.393 0.88062 0.46881 -0.0652 -0.02208 3 
118.514 -32.309 -13.518 0.55514 0.67674 0.44276 0.19446 1 119.169 20.129 -10.393 -0.1205 -0.86076 0.49424 -0.01709 2 101.497 22.551 -4.396 0.88055 0.46892 -0.06519 -0.02203 3 
118.213 -32.25 -13.488 0.56447 0.67007 0.43873 0.19975 1 114.758 21.788 -11.262 -0.29132 -0.76179 0.57729 0.03946 2 101.498 22.56 -4.389 0.88055 0.46894 -0.0652 -0.02203 3 
117.981 -32.283 -13.458 0.57002 0.66618 0.43585 0.20326 1 111.201 22.004 -11.883 -0.29741 -0.78038 0.54801 0.04737 2 101.495 22.556 -4.386 0.88056 0.46891 -0.06517 -0.02203 3 
118.119 -32.283 -13.451 0.56398 0.67175 0.43657 0.2002 1 110.353 22.217 -12.307 -0.31897 -0.78253 0.52538 0.09934 2 101.48 22.563 -4.385 0.88048 0.46908 -0.06512 -0.02196 3 
118.261 -32.283 -13.434 0.55712 0.6783 0.43575 0.19912 1 110.402 22.705 -12.501 -0.3398 -0.7701 0.51371 0.16612 2 101.475 22.547 -4.386 0.88054 0.46898 -0.06491 -0.02205 3 
118.335 -32.311 -13.399 0.5532 0.68134 0.43583 0.19948 1 110.225 22.927 -12.445 -0.33758 -0.774 0.50194 0.18712 2 101.328 22.412 -4.388 0.88042 0.46952 -0.06217 -0.0234 3 
118.344 -32.362 -13.397 0.5508 0.68227 0.43668 0.20112 1 109.956 22.93 -12.245 -0.3341 -0.78641 0.47905 0.20111 2 100.899 22.061 -4.334 0.87655 0.47757 -0.05502 -0.02369 3 
118.389 -32.402 -13.398 0.5437 0.68658 0.43905 0.20059 1 109.325 21.235 -11.529 -0.31339 -0.8054 0.45129 0.22241 2 98.631 20.193 -3.669 0.87279 0.4879 -0.01401 -0.00025 3 
118.521 -32.391 -13.427 0.53078 0.69403 0.44506 0.19625 1 107.667 18.466 -9.771 -0.20511 -0.84543 0.43285 0.23625 2 97.649 15.117 -1.574 0.82863 0.55829 -0.00926 -0.03996 3 
118.233 -32.63 -13.507 0.53266 0.69121 0.44879 0.19258 1 103.815 15.15 -7.909 -0.10465 -0.86048 0.42058 0.26784 2 95.864 9.677 0.689 0.78844 0.606 -0.01704 -0.10411 3 
117.912 -32.804 -13.623 0.53571 0.68578 0.45651 0.18522 1 98.209 11.872 -6.294 -0.04408 -0.87153 0.39521 0.28689 2 91.555 5.112 2.536 0.76552 0.62567 -0.01007 -0.14972 3 
117.644 -33.047 -13.821 0.53559 0.68108 0.46791 0.17416 1 91.542 9.183 -4.983 -0.02586 -0.897 0.35602 0.26072 2 83.152 1.274 3.366 0.74974 0.6432 0.05844 -0.14414 3 
117.417 -33.228 -13.983 0.53248 0.67738 0.48117 0.16155 1 84.923 6.534 -4.349 -0.02295 -0.92644 0.29285 0.23542 2 74.768 -2.973 3.017 0.74143 0.63648 0.14291 -0.1573 3 
117.432 -33.389 -14.135 0.52271 0.67877 0.49147 0.15651 1 79.979 4.06 -4.248 -0.02646 -0.95103 0.18461 0.24648 2 69.26 -7.685 1.865 0.74682 0.58182 0.22034 -0.23496 3 
117.502 -33.559 -14.25 0.513 0.67941 0.50287 0.14953 1 76.273 2.317 -4.35 -0.0234 -0.96001 0.04782 0.27487 2 65.405 -11.834 -0.189 0.73357 0.50012 0.2985 -0.35022 3 
117.512 -33.7 -14.394 0.50301 0.67954 0.51424 0.14408 1 73.238 1.763 -4.417 -0.00472 -0.95695 -0.05507 0.28494 2 62.716 -13.959 -2.212 0.69206 0.44696 0.35565 -0.44135 3 
117.372 -33.897 -14.521 0.49885 0.67591 0.52333 0.14293 1 70.497 1.726 -4.458 0.0037 -0.95406 -0.116 0.27621 2 59.792 -14.319 -3.558 0.66082 0.419 0.3992 -0.4779 3 
117.089 -34.16 -14.63 0.50068 0.67064 0.52729 0.14669 1 68.166 1.72 -4.684 0.02268 -0.95241 -0.16777 0.2535 2 57.773 -14.521 -5.076 0.61868 0.41274 0.44105 -0.50235 3 
116.91 -34.303 -14.654 0.49931 0.66866 0.53025 0.14974 1 66.388 1.683 -4.914 0.03971 -0.94655 -0.22102 0.23154 2 56.363 -14.475 -6.626 0.57232 0.40288 0.48461 -0.52468 3 
116.862 -34.41 -14.704 0.49403 0.66961 0.53371 0.15069 1 65.244 1.804 -4.907 0.04869 -0.93683 -0.26343 0.2249 2 55.429 -14.077 -7.575 0.53984 0.38411 0.51078 -0.54786 3 
116.605 -34.507 -14.723 0.49495 0.66762 0.53494 0.15211 1 64.533 1.682 -4.79 0.07006 -0.91813 -0.31638 0.22813 2 55.431 -13.886 -8.6 0.49391 0.36117 0.52948 -0.58759 3 
116.239 -34.584 -14.751 0.49937 0.66392 0.53463 0.15495 1 64.214 1.194 -4.64 0.09626 -0.8978 -0.35715 0.23902 2 56.068 -14.205 -9.27 0.45444 0.34596 0.53044 -0.62645 3 
116.147 -34.638 -14.722 0.50054 0.66308 0.53417 0.15635 1 63.879 0.856 -4.377 0.11174 -0.88615 -0.37413 0.24957 2 56.261 -14.579 -9.29 0.43993 0.34072 0.522 -0.64645 3 
116.238 -34.708 -14.742 0.49883 0.66477 0.5339 0.15557 1 63.668 0.639 -4.088 0.12004 -0.87374 -0.39261 0.26084 2 56.302 -14.636 -9.328 0.42621 0.32792 0.51585 -0.66687 3 
116.324 -34.697 -14.74 0.49801 0.66616 0.53377 0.15268 1 63.746 0.585 -3.898 0.1222 -0.86988 -0.39603 0.26747 2 56.378 -14.706 -9.176 0.42571 0.32234 0.51091 -0.67368 3 
116.483 -34.616 -14.745 0.49633 0.66681 0.53545 0.14939 1 63.786 0.735 -3.804 0.11885 -0.87096 -0.39446 0.26778 2 56.282 -14.581 -9.011 0.43081 0.32086 0.50934 -0.67233 3 
116.602 -34.604 -14.736 0.4971 0.66636 0.53582 0.14745 1 63.769 0.878 -3.717 0.11463 -0.87028 -0.39784 0.26682 2 56.081 -14.274 -8.998 0.42936 0.3156 0.51341 -0.67265 3 
116.658 -34.533 -14.722 0.49747 0.66658 0.53535 0.14691 1 63.916 0.948 -3.6 0.11856 -0.86584 -0.40365 0.27078 2 56.372 -14.175 -8.977 0.42432 0.31261 0.50985 -0.67991 3 
116.719 -34.489 -14.72 0.49861 0.66594 0.53514 0.14675 1 64.023 0.985 -3.502 0.11935 -0.86339 -0.40615 0.2745 2 56.484 -14.137 -8.91 0.4237 0.30991 0.50726 -0.68346 3 
116.799 -34.433 -14.692 0.49855 0.66685 0.5341 0.14657 1 64.054 1.027 -3.477 0.11993 -0.86256 -0.40746 0.27494 2 56.541 -14.077 -8.915 0.42225 0.30933 0.507 -0.68482 3 
116.882 -34.402 -14.667 0.49781 0.66796 0.53351 0.14621 1 64.087 0.997 -3.481 0.1233 -0.86238 -0.4076 0.27378 2 56.766 -14.142 -8.968 0.41831 0.31214 0.50621 -0.68654 3 
116.922 -34.335 -14.639 0.49755 0.66818 0.53356 0.14593 1 64.107 0.873 -3.507 0.12346 -0.8649 -0.40258 0.2732 2 56.817 -14.385 -8.909 0.42164 0.31582 0.50494 -0.68375 3 
116.957 -34.287 -14.647 0.49736 0.66834 0.53388 0.14468 1 64.025 0.824 -3.512 0.12371 -0.86614 -0.40087 0.27167 2 56.764 -14.463 -8.893 0.42197 0.318 0.50542 -0.68218 3 
117.032 -34.22 -14.663 0.49537 0.66972 0.53433 0.14344 1 63.965 0.855 -3.526 0.12529 -0.8644 -0.40443 0.2712 2 56.754 -14.36 -8.99 0.41789 0.31673 0.5068 -0.68426 3 
117.033 -34.158 -14.662 0.4951 0.6698 0.53466 0.14273 1 63.908 0.896 -3.535 0.12463 -0.86529 -0.40394 0.26939 2 56.673 -14.298 -9.009 0.41776 0.31736 0.50862 -0.68269 3 
116.993 -34.144 -14.638 0.49557 0.66913 0.53526 0.14203 1 63.907 0.925 -3.549 0.12475 -0.8656 -0.40312 0.26959 2 56.686 -14.305 -8.997 0.41858 0.31811 0.50783 -0.68243 3 
116.975 -34.125 -14.666 0.49567 0.66906 0.53545 0.1413 1 63.875 0.968 -3.545 0.12429 -0.86632 -0.4026 0.26824 2 56.662 -14.262 -8.989 0.41849 0.31923 0.50881 -0.68122 3 
116.991 -34.089 -14.64 0.49517 0.66965 0.53544 0.14025 1 63.83 1.149 -3.543 0.11629 -0.87614 -0.38661 0.26342 2 56.454 -14.304 -8.719 0.43112 0.32774 0.509 -0.66906 3 
117.088 -34.052 -14.721 0.49293 0.67128 0.53591 0.13859 1 63.644 1.563 -3.444 0.09853 -0.90982 -0.31405 0.25277 2 56.046 -14.933 -7.322 0.48031 0.36968 0.49257 -0.62451 3 
117.108 -34.095 -14.661 0.49077 0.67231 0.53578 0.14172 1 63.401 1.833 -3.198 0.09453 -0.94801 -0.17911 0.24547 2 56.32 -16.017 -4.444 0.54991 0.44956 0.43039 -0.55701 3 
117.032 -34.03 -14.604 0.48796 0.67321 0.53591 0.14654 1 62.873 1.869 -2.627 0.10444 -0.96392 0.01957 0.24408 2 57.743 -15.898 0.514 0.61538 0.56083 0.29417 -0.4693 3 
116.846 -33.906 -14.607 0.48749 0.67244 0.53574 0.15218 1 61.266 1.895 -2.239 0.1053 -0.94424 0.22262 0.21855 2 58 -12.65 5.205 0.6383 0.66735 0.13772 -0.35813 3 
116.79 -33.685 -14.545 0.4811 0.67527 0.53625 0.15808 1 58.921 0.903 -2.164 0.1208 -0.9011 0.36511 0.20028 2 57.403 -10.227 7.742 0.6238 0.72512 0.0169 -0.2912 3 
116.911 -33.384 -14.46 0.46945 0.68097 0.53797 0.16275 1 56.357 -1.035 -1.961 0.14024 -0.88026 0.40808 0.19735 2 56.151 -11.193 8.752 0.60544 0.74159 -0.02844 -0.28755 3 
117.198 -33.051 -14.396 0.45425 0.68704 0.54182 0.16751 1 53.443 -2.946 -1.913 0.1663 -0.87132 0.42184 0.1876 2 54.216 -13.196 9.137 0.58092 0.75673 -0.03819 -0.29739 3 
117.311 -32.691 -14.328 0.43998 0.69253 0.54527 0.17176 1 50.996 -4.692 -2.243 0.1922 -0.8572 0.44623 0.17076 2 52.672 -14.299 9.202 0.55427 0.77687 -0.06184 -0.29228 3 
117.307 -32.305 -14.273 0.428 0.69557 0.54976 0.17542 1 49.15 -6.25 -2.74 0.20727 -0.84029 0.48099 0.14 2 50.784 -14.728 9.157 0.53166 0.80117 -0.08175 -0.26226 3 
117.213 -31.982 -14.22 0.4206 0.69637 0.55356 0.17815 1 47.903 -7.44 -3.2 0.20535 -0.83238 0.5022 0.11299 2 48.787 -15.292 8.909 0.52311 0.81554 -0.08228 -0.23339 3 
117.209 -31.665 -14.199 0.41116 0.69938 0.55688 0.17805 1 47.162 -8.156 -3.429 0.20684 -0.83464 0.50065 0.09975 2 47.725 -16.283 8.623 0.51772 0.82148 -0.06878 -0.22895 3 
117.195 -31.512 -14.217 0.4056 0.70046 0.55957 0.17812 1 46.771 -8.422 -3.626 0.20382 -0.84025 0.49424 0.09038 2 46.875 -16.988 8.309 0.51779 0.82358 -0.0501 -0.22605 3 
117.118 -31.572 -14.207 0.40486 0.69997 0.5601 0.18006 1 46.497 -8.464 -3.523 0.20535 -0.84424 0.48773 0.08487 2 46.454 -17.24 8.378 0.51498 0.82617 -0.042 -0.22468 3 
117.168 -31.574 -14.216 0.40436 0.69959 0.56113 0.17942 1 46.416 -8.429 -3.514 0.20706 -0.84606 0.48488 0.07877 2 46.441 -17.258 8.373 0.51168 0.82802 -0.04103 -0.22557 3 
117.12 -31.689 -14.196 0.40917 0.69941 0.55903 0.17575 1 46.523 -8.135 -3.504 0.1977 -0.85094 0.48351 0.05512 2 46.476 -16.784 8.379 0.50563 0.83227 -0.04763 -0.22226 3 
117.283 -31.91 -14.207 0.41538 0.69933 0.55634 0.16996 1 47.075 -7.264 -3.383 0.18038 -0.85982 0.47745 -0.0144 2 46.54 -16.828 8.354 0.50423 0.83282 -0.04669 -0.22358 3 
117.429 -32.204 -14.293 0.42676 0.69457 0.55539 0.16432 1 50.064 -4.361 -3.463 0.16081 -0.84412 0.50981 -0.04121 2 46.526 -16.853 8.358 0.5044 0.83271 -0.04655 -0.22364 3 
117.428 -32.654 -14.475 0.44494 0.68425 0.55483 0.16122 1 56.115 0.112 -2.69 0.17442 -0.81338 0.55444 0.02432 2 46.535 -16.892 8.35 0.50425 0.8328 -0.04636 -0.22366 3 
117.02 -33.372 -14.573 0.47484 0.66938 0.54659 0.16641 1 64.907 5.1 -0.938 0.21168 -0.76462 0.59994 0.10304 2 46.545 -16.872 8.35 0.50416 0.83286 -0.04645 -0.22363 3 
116.263 -34.187 -14.619 0.51181 0.64999 0.53351 0.17587 1 77.093 9.601 1.626 0.27964 -0.70804 0.62221 0.18258 2 46.542 -16.881 8.354 0.50422 0.83282 -0.04642 -0.22364 3 
115.268 -34.978 -14.593 0.55488 0.62669 0.5086 0.20176 1 91.017 13.194 3.829 0.34189 -0.72547 0.54478 0.24497 2 46.537 -16.883 8.353 0.50426 0.83281 -0.04638 -0.22362 3 
113.758 -35.168 -14.442 0.59675 0.59756 0.4728 0.25155 1 102.635 14.804 3.944 0.32473 -0.82762 0.38479 0.24805 2 46.543 -16.878 8.35 0.50421 0.83282 -0.04641 -0.22366 3 
112.421 -34.736 -14.192 0.61557 0.5776 0.43337 0.31567 1 110.388 15.041 1.432 0.18826 -0.94835 0.21951 0.13041 2 46.543 -16.88 8.352 0.50419 0.83284 -0.04639 -0.22363 3 
111.387 -34.857 -14.937 0.54725 0.59799 0.44791 0.37722 1 116.536 16.961 -2.262 0.05157 -0.97844 0.19083 -0.05988 2 46.542 -16.881 8.351 0.50422 0.83282 -0.0464 -0.22365 3 
112.948 -31.648 -18.05 0.23306 0.55782 0.66632 0.4365 1 121.77 20.985 -5.501 -0.13652 -0.94264 0.27931 -0.12159 2 46.538 -16.88 8.35 0.50425 0.8328 -0.0464 -0.22365 3 
109.615 -24.718 -16.368 0.27191 0.56114 0.65029 0.43394 1 124.622 24.381 -8.167 -0.27362 -0.85457 0.40682 -0.17129 2 46.543 -16.88 8.351 0.50421 0.83283 -0.0464 -0.22363 3 
107.565 -11.022 -14.309 0.35145 0.47878 0.64667 0.47861 1 124.388 26.375 -9.737 -0.29729 -0.81961 0.43743 -0.22024 2 46.543 -16.881 8.352 0.50421 0.83283 -0.0464 -0.22363 3 
107.749 4.059 -12.779 0.44145 0.36705 0.62105 0.53356 1 122.129 30.337 -10.405 -0.3089 -0.82269 0.42614 -0.21486 2 46.537 -16.881 8.353 0.50423 0.83282 -0.04636 -0.22363 3 
107.546 18.178 -10.845 0.50241 0.32788 0.61259 0.5146 1 118.058 36.818 -10.511 -0.34251 -0.80168 0.46213 -0.16258 2 46.543 -16.881 8.351 0.50421 0.83283 -0.0464 -0.22364 3 
101.956 28.083 -9.325 0.49818 0.48971 0.58276 0.4152 1 112.624 44.218 -10.231 -0.3478 -0.74716 0.56123 -0.07612 2 46.542 -16.881 8.351 0.50422 0.83282 -0.0464 -0.22365 3 
92.435 32.9 -9.085 0.46668 0.73265 0.40981 0.27838 1 106.235 49.28 -9.724 -0.30431 -0.75965 0.56853 -0.08424 2 46.541 -16.879 8.351 0.50423 0.83282 -0.0464 -0.22364 3 
84.114 35.678 -10.804 0.36015 0.79739 0.33662 0.34806 1 100.748 53.716 -10.158 -0.27226 -0.75703 0.58411 -0.10767 2 46.543 -16.881 8.351 0.50422 0.83282 -0.0464 -0.22363 3 
81.453 38.049 -12.309 0.36795 0.78862 0.26042 0.41817 1 97.511 57.106 -10.891 -0.28445 -0.76022 0.57045 -0.12547 2 46.541 -16.881 8.351 0.50422 0.83282 -0.04641 -0.22364 3 
80.699 40.045 -12.922 0.38037 0.78795 0.22913 0.42656 1 95.708 58.988 -11.868 -0.28418 -0.75641 0.57141 -0.14346 2 46.541 -16.879 8.351 0.50422 0.83282 -0.04641 -0.22363 3 
80.211 41.362 -13.711 0.35706 0.77485 0.20318 0.48045 1 94.248 60.308 -12.572 -0.28421 -0.76474 0.55846 -0.15008 2 46.542 -16.88 8.351 0.50421 0.83283 -0.0464 -0.22364 3 
80.076 41.823 -14.203 0.33854 0.7688 0.20341 0.50295 1 93.151 60.752 -13.156 -0.27588 -0.77662 0.53904 -0.17373 2 46.542 -16.88 8.351 0.50422 0.83282 -0.04642 -0.22364 3 
