115.731 -31.386 -12.508 0.51998 0.7054 0.35817 0.32209 1 115.114 9.526 -10.068 0.49168 -0.75289 0.37561 -0.22434 2 47.009 -49.571 5.684 0.05845 0.97806 0.13698 -0.14563 3 
115.553 -31.276 -12.459 0.52225 0.70433 0.35423 0.3251 1 115.22 9.647 -10.091 0.48892 -0.7542 0.37893 -0.22036 2 47.011 -49.569 5.681 0.05843 0.97806 0.13699 -0.14567 3 
115.468 -31.127 -12.385 0.52244 0.70463 0.35093 0.32773 1 115.214 9.809 -10.139 0.48906 -0.75396 0.38108 -0.21715 2 47.006 -49.573 5.682 0.05851 0.97806 0.13699 -0.14565 3 
115.353 -31.005 -12.326 0.52318 0.70524 0.34721 0.32917 1 115.15 9.922 -10.147 0.48888 -0.75381 0.38345 -0.21384 2 47.007 -49.573 5.683 0.05849 0.97806 0.137 -0.14565 3 
115.317 -30.936 -12.289 0.52236 0.70697 0.34366 0.3305 1 115.097 10.003 -10.199 0.48928 -0.7534 0.3857 -0.2103 2 47.006 -49.573 5.685 0.05849 0.97807 0.13698 -0.14561 3 
115.28 -30.89 -12.223 0.52191 0.70766 0.33993 0.33357 1 115.055 10.048 -10.233 0.48931 -0.75257 0.38957 -0.20601 2 47.009 -49.57 5.685 0.05846 0.97807 0.13697 -0.14563 3 
115.25 -30.871 -12.154 0.52035 0.70978 0.33492 0.33657 1 115.04 10.146 -10.29 0.48885 -0.75175 0.39336 -0.20289 2 47.008 -49.572 5.683 0.05847 0.97806 0.13699 -0.14564 3 
115.239 -31.073 -11.852 0.50663 0.7174 0.32168 0.35382 1 115.061 10.219 -10.308 0.48633 -0.75187 0.39659 -0.20223 2 47.009 -49.569 5.684 0.05844 0.97807 0.13697 -0.14562 3 
114.79 -32.932 -10.926 0.45533 0.75731 0.28224 0.37349 1 115.037 10.369 -10.356 0.48091 -0.75117 0.40287 -0.20535 2 47.011 -49.569 5.686 0.05843 0.97807 0.13697 -0.14563 3 
112.142 -35.503 -9.307 0.34204 0.84422 0.30057 0.28276 1 114.958 10.44 -10.42 0.47839 -0.74728 0.41121 -0.20885 2 47.01 -49.569 5.684 0.05841 0.97807 0.13697 -0.14564 3 
108.422 -36.353 -6.804 0.20343 0.8808 0.42568 -0.04013 1 114.546 10.29 -10.48 0.48276 -0.73976 0.41515 -0.21758 2 47.007 -49.572 5.682 0.05848 0.97806 0.13699 -0.14564 3 
102.494 -39.203 -4.266 0.15797 0.77687 0.52737 -0.30563 1 113.805 10.003 -10.58 0.49376 -0.72735 0.41636 -0.23198 2 47.009 -49.57 5.682 0.05845 0.97806 0.13697 -0.14565 3 
94.609 -41.301 -2.598 0.11819 0.74245 0.51087 -0.41691 1 113.127 9.626 -10.579 0.50372 -0.71546 0.41493 -0.24944 2 47.006 -49.573 5.684 0.05849 0.97806 0.137 -0.14563 3 
85.401 -43.05 -2.21 0.04578 0.73595 0.53078 -0.4178 1 112.832 9.17 -10.558 0.49753 -0.71361 0.41487 -0.26664 2 47.009 -49.571 5.681 0.05846 0.97806 0.13699 -0.14566 3 
76.341 -44.845 -2.48 -0.01463 0.74887 0.54199 -0.38107 1 113.097 8.733 -10.53 0.47634 -0.71782 0.42044 -0.28473 2 47.008 -49.572 5.682 0.05846 0.97806 0.13699 -0.14565 3 
68.181 -46.712 -4.294 -0.08057 0.7556 0.56586 -0.31996 1 113.75 8.124 -10.419 0.44703 -0.72566 0.42436 -0.30578 2 47.008 -49.571 5.682 0.05846 0.97806 0.13698 -0.14565 3 
62.569 -48.192 -6.461 -0.13069 0.74817 0.58399 -0.28655 1 114.401 7.271 -10.349 0.41287 -0.73615 0.43093 -0.31925 2 47.008 -49.571 5.683 0.05846 0.97806 0.13697 -0.14564 3 
58.742 -48.782 -7.624 -0.10457 0.76468 0.57404 -0.27349 1 114.762 6.327 -10.224 0.38299 -0.74579 0.43653 -0.32645 2 47.007 -49.572 5.683 0.05846 0.97806 0.13701 -0.14563 3 
56.605 -48.866 -8.241 -0.08676 0.75527 0.58585 -0.28077 1 114.828 5.532 -10.167 0.36469 -0.75172 0.43858 -0.33101 2 47.009 -49.571 5.685 0.05843 0.97807 0.13697 -0.14564 3 
55.079 -48.598 -8.509 -0.0768 0.74433 0.5988 -0.2855 1 114.757 5.008 -10.139 0.35393 -0.75531 0.43902 -0.33392 2 47.007 -49.572 5.683 0.05846 0.97806 0.137 -0.14564 3 
54.422 -48.336 -8.698 -0.07875 0.72038 0.61485 -0.31116 1 114.66 4.651 -10.105 0.34674 -0.75986 0.43812 -0.33231 2 46.896 -49.603 5.688 0.0589 0.97815 0.13749 -0.14441 3 
54.456 -48.025 -8.416 -0.07396 0.70693 0.61694 -0.3379 1 114.637 4.521 -10.071 0.34462 -0.76216 0.43748 -0.33009 2 47.189 -49.535 5.689 0.04194 0.97886 0.13774 -0.14524 3 
56.708 -47.07 -8.248 -0.06056 0.70972 0.59239 -0.37645 1 114.796 4.481 -10.002 0.33905 -0.76706 0.43577 -0.32675 2 51.498 -47.689 5.869 0.00821 0.97642 0.11106 -0.18493 3 
60.852 -45.283 -7.826 0.00687 0.74553 0.53681 -0.39493 1 114.85 4.601 -10.016 0.33543 -0.76995 0.43511 -0.32457 2 57.743 -42.077 6.115 0.02365 0.97372 0.02777 -0.2248 3 
64.739 -42.495 -7.385 0.03717 0.81445 0.44422 -0.37144 1 114.625 4.817 -10.118 0.34655 -0.76562 0.43541 -0.32271 2 59.203 -33.531 5.401 0.02427 0.98144 -0.10179 -0.16071 3 
66.899 -39.819 -7.261 0.0665 0.88471 0.32453 -0.32795 1 114.625 5.12 -10.166 0.35603 -0.76259 0.43607 -0.31866 2 58.55 -24.87 2.81 0.02042 0.96255 -0.25945 -0.07597 3 
67.678 -37.41 -7.28 0.0968 0.93622 0.19574 -0.27532 1 115.116 5.544 -10.186 0.35744 -0.76413 0.43699 -0.31205 2 57.425 -18.15 -0.906 0.02688 0.909 -0.41584 0.00839 3 
67.692 -35.664 -7.417 0.12133 0.95779 0.10807 -0.23714 1 115.83 6.033 -10.226 0.35469 -0.76779 0.43845 -0.30405 2 57.096 -14.781 -3.672 0.04332 0.85525 -0.5131 0.05829 3 
67.272 -34.626 -7.393 0.12867 0.96723 0.04323 -0.21456 1 116.661 6.501 -10.147 0.34792 -0.77261 0.44099 -0.29588 2 56.389 -13.415 -5.378 0.04684 0.81443 -0.57102 0.09186 3 
66.779 -34.154 -7.119 0.1273 0.9704 -0.0405 -0.20119 1 117.429 6.96 -10.181 0.341 -0.77719 0.44491 -0.28592 2 55.443 -13.179 -7.237 0.03569 0.754 -0.64391 0.12488 3 
66.43 -33.964 -6.544 0.12397 0.96538 -0.11631 -0.19785 1 117.938 7.346 -10.256 0.33746 -0.77863 0.44989 -0.27831 2 54.558 -13.818 -8.529 0.01724 0.69136 -0.70692 0.1483 3 
66.396 -33.742 -5.842 0.134 0.95598 -0.16025 -0.20608 1 118.129 7.64 -10.257 0.33872 -0.77747 0.45368 -0.27381 2 54.901 -13.972 -8.747 0.01245 0.6568 -0.74185 0.13459 3 
66.66 -32.941 -5.131 0.14896 0.93957 -0.21208 -0.2237 1 118.155 7.899 -10.309 0.34116 -0.77652 0.45594 -0.26971 2 55.561 -13.84 -9.147 0.00388 0.60933 -0.78523 0.11007 3 
66.87 -32.253 -4.489 0.15643 0.92706 -0.24184 -0.24001 1 118.202 8.129 -10.314 0.34326 -0.77567 0.4568 -0.26802 2 55.844 -13.588 -9.087 -0.00741 0.5821 -0.80823 0.08877 3 
66.999 -31.938 -4.018 0.15555 0.92152 -0.25085 -0.25235 1 118.304 8.304 -10.317 0.34425 -0.7753 0.45783 -0.26605 2 55.893 -13.373 -8.76 -0.01745 0.57392 -0.81535 0.07426 3 
67.191 -31.741 -3.769 0.15301 0.91881 -0.25733 -0.25721 1 118.45 8.469 -10.346 0.34503 -0.77485 0.45897 -0.26439 2 55.892 -13.34 -8.627 -0.02442 0.56785 -0.81972 0.07082 3 
67.328 -31.749 -3.748 0.153 0.91993 -0.25686 -0.25364 1 118.608 8.57 -10.364 0.3453 -0.77474 0.4595 -0.26345 2 56.123 -13.354 -8.648 -0.02061 0.56801 -0.81954 0.07273 3 
67.469 -31.84 -3.857 0.15213 0.92135 -0.25836 -0.24743 1 118.749 8.632 -10.344 0.34541 -0.77502 0.45918 -0.26303 2 56.318 -13.564 -8.846 -0.0157 0.56537 -0.82092 0.07875 3 
67.645 -31.999 -3.924 0.15129 0.9224 -0.25857 -0.24379 1 118.859 8.675 -10.335 0.34596 -0.77488 0.45863 -0.2637 2 56.521 -13.759 -8.947 -0.01305 0.56469 -0.82106 0.08254 3 
67.8 -32.1 -3.927 0.15072 0.92223 -0.26033 -0.2429 1 118.884 8.653 -10.349 0.34773 -0.77389 0.45827 -0.26488 2 56.671 -13.929 -9.005 -0.01286 0.56256 -0.82247 0.08311 3 
67.92 -32.212 -3.903 0.14953 0.92268 -0.25841 -0.24397 1 118.88 8.607 -10.355 0.34992 -0.77249 0.45841 -0.26585 2 56.762 -13.994 -8.936 -0.01397 0.56433 -0.82129 0.08258 3 
68.016 -32.333 -3.876 0.14682 0.9245 -0.25196 -0.24548 1 118.914 8.556 -10.374 0.35066 -0.77208 0.45845 -0.266 2 56.743 -13.978 -8.771 -0.01698 0.57081 -0.81674 0.08259 3 
68.057 -32.402 -3.898 0.14583 0.92591 -0.24744 -0.24534 1 118.999 8.49 -10.367 0.35066 -0.77223 0.45811 -0.26614 2 56.771 -13.964 -8.712 -0.01649 0.57468 -0.81394 0.08346 3 
68.064 -32.385 -3.961 0.14809 0.92695 -0.24585 -0.24165 1 119.081 8.418 -10.361 0.35091 -0.77214 0.45814 -0.26604 2 56.956 -13.913 -8.795 -0.01042 0.57521 -0.81351 0.08506 3 
68.085 -32.386 -4.078 0.15063 0.92928 -0.23691 -0.24005 1 119.21 8.338 -10.385 0.35095 -0.77205 0.45825 -0.26605 2 57.184 -13.71 -8.78 -0.00448 0.5816 -0.80901 0.08503 3 
68.372 -32.525 -4.125 0.15897 0.93636 -0.18387 -0.25327 1 119.363 8.308 -10.365 0.34884 -0.77318 0.45807 -0.26585 2 58.237 -12.594 -7.757 0.0049 0.62371 -0.7793 0.06042 3 
68.506 -32.474 -4.048 0.16917 0.94333 -0.07827 -0.27456 1 119.427 8.326 -10.351 0.3478 -0.77444 0.45722 -0.26501 2 59.873 -10.867 -5.336 0.02176 0.70231 -0.71143 0.0124 3 
68.201 -31.779 -3.817 0.18101 0.93509 0.03339 -0.30288 1 119.402 8.331 -10.367 0.34858 -0.77408 0.45769 -0.26424 2 61.624 -9.558 -2.332 0.03909 0.77215 -0.63203 -0.05277 3 
67.176 -30.708 -3.422 0.18814 0.91443 0.15694 -0.32216 1 119.399 8.379 -10.38 0.34908 -0.77321 0.45845 -0.26478 2 63.018 -9.276 1.161 0.0674 0.83369 -0.53532 -0.11768 3 
65.148 -29.677 -3.251 0.19141 0.87102 0.31859 -0.32124 1 119.409 8.386 -10.408 0.34932 -0.77301 0.45941 -0.26338 2 63.463 -11.4 5.281 0.12059 0.89643 -0.38726 -0.1786 3 
62.388 -28.38 -3.514 0.19273 0.80134 0.47697 -0.30529 1 119.631 8.482 -10.399 0.34383 -0.77562 0.46131 -0.2596 2 63.004 -15.937 8.354 0.18683 0.92671 -0.21412 -0.24588 3 
59.415 -26.627 -3.994 0.181 0.74533 0.5751 -0.28458 1 119.954 8.517 -10.388 0.33509 -0.7797 0.46359 -0.2547 2 60.549 -19.128 9.259 0.22824 0.9274 -0.0917 -0.28184 3 
56.768 -24.831 -4.416 0.16675 0.72448 0.61242 -0.26881 1 120.325 8.572 -10.382 0.32147 -0.78529 0.46712 -0.24853 2 57.481 -19.258 9.246 0.23911 0.92677 -0.04338 -0.28642 3 
54.654 -23.262 -4.771 0.15695 0.7196 0.62439 -0.26016 1 120.651 8.663 -10.377 0.30761 -0.79031 0.47053 -0.2437 2 55.141 -18.406 9.014 0.24062 0.92617 -0.02684 -0.28911 3 
53.038 -22.035 -5.084 0.13702 0.71815 0.6338 -0.25255 1 120.799 8.699 -10.358 0.29646 -0.79331 0.4742 -0.24064 2 52.705 -17.809 8.821 0.23359 0.93101 -0.00881 -0.28033 3 
51.773 -21.152 -5.454 0.10934 0.71949 0.64285 -0.23902 1 120.762 8.731 -10.365 0.28944 -0.79515 0.47679 -0.23797 2 50.028 -17.533 8.496 0.224 0.93935 0.01261 -0.2594 3 
50.944 -20.834 -5.672 0.08562 0.72671 0.64222 -0.22828 1 120.683 8.753 -10.342 0.28163 -0.79673 0.4794 -0.23681 2 47.941 -17.277 8.226 0.21342 0.94752 0.02036 -0.23717 3 
50.41 -20.783 -5.617 0.06583 0.72386 0.64848 -0.22621 1 120.405 8.799 -10.332 0.28104 -0.79551 0.48109 -0.23819 2 46.496 -17.912 8.372 0.20221 0.95262 0.04115 -0.22346 3 
50.056 -20.784 -5.586 0.06672 0.73033 0.6414 -0.22534 1 120.053 8.815 -10.379 0.28352 -0.79294 0.48333 -0.23928 2 46.281 -17.712 8.388 0.19871 0.95289 0.03526 -0.22642 3 
50.014 -20.813 -5.639 0.07034 0.7331 0.63792 -0.2251 1 119.786 8.829 -10.356 0.28778 -0.79006 0.48378 -0.2428 2 46.488 -17.689 8.332 0.20086 0.95128 0.03324 -0.23155 3 
50.25 -21.092 -5.706 0.08536 0.74437 0.63225 -0.19722 1 119.635 8.779 -10.368 0.29346 -0.78902 0.4821 -0.24269 2 46.49 -17.69 8.324 0.2009 0.95126 0.03322 -0.23161 3 
53.096 -22.771 -6.093 0.06618 0.72788 0.66431 -0.15654 1 119.57 8.762 -10.359 0.29716 -0.79078 0.47888 -0.23884 2 46.489 -17.699 8.325 0.20108 0.95121 0.03322 -0.23166 3 
59.219 -26.327 -7.068 0.02059 0.65852 0.72214 -0.21081 1 119.619 8.708 -10.375 0.3006 -0.79005 0.47836 -0.23796 2 46.497 -17.696 8.322 0.20112 0.9512 0.03323 -0.23168 3 
67.303 -29.784 -7.551 0.03182 0.63187 0.71912 -0.2874 1 119.346 8.599 -10.376 0.31917 -0.78319 0.47374 -0.24558 2 46.499 -17.694 8.323 0.2011 0.95117 0.03321 -0.2318 3 
76.642 -31.689 -7.468 0.12568 0.6836 0.66668 -0.26912 1 119.114 8.298 -10.357 0.33555 -0.78012 0.46605 -0.24825 2 46.495 -17.7 8.325 0.20124 0.95112 0.03321 -0.23188 3 
85.799 -31.811 -7.842 0.25119 0.76388 0.59279 -0.04455 1 119.025 7.912 -10.29 0.34777 -0.78125 0.45613 -0.24628 2 46.489 -17.698 8.325 0.20126 0.95115 0.03322 -0.23176 3 
94.674 -31.609 -9.248 0.40574 0.73829 0.39655 0.36475 1 118.885 7.491 -10.238 0.36248 -0.77928 0.44582 -0.25014 2 46.497 -17.696 8.324 0.20122 0.95115 0.0332 -0.23177 3 
103.869 -33.413 -10.228 0.48675 0.65373 0.13355 0.5638 1 118.646 7.103 -10.22 0.38302 -0.77442 0.43658 -0.25092 2 46.496 -17.698 8.325 0.20121 0.95115 0.0332 -0.23178 3 
109.812 -32.995 -11.058 0.52103 0.59861 0.16347 0.58606 1 118.755 6.721 -10.137 0.39842 -0.77495 0.42379 -0.2472 2 46.495 -17.695 8.323 0.20123 0.95114 0.0332 -0.23181 3 
110.727 -31.939 -11.42 0.51872 0.6159 0.19833 0.55881 1 119.512 7.062 -9.858 0.39801 -0.78636 0.40567 -0.24218 2 46.492 -17.7 8.326 0.20127 0.95114 0.03323 -0.23178 3 
108.802 -30.546 -11.586 0.50054 0.57137 0.20237 0.6181 1 120.434 8.029 -9.57 0.38069 -0.80574 0.38461 -0.2407 2 46.494 -17.697 8.324 0.20122 0.95115 0.0332 -0.23178 3 
105.444 -27.526 -12.531 0.46422 0.51821 0.38497 0.60643 1 121.726 9.862 -9.123 0.33494 -0.83091 0.34827 -0.27591 2 46.496 -17.696 8.324 0.20123 0.95113 0.0332 -0.23184 3 
105.797 -20.363 -14.515 0.37124 0.3023 0.72892 0.48935 1 124.23 14.144 -8.901 0.23328 -0.86344 0.34794 -0.28103 2 46.494 -17.698 8.324 0.20124 0.95114 0.03322 -0.2318 3 
103.968 -13.448 -13.627 0.359 0.44393 0.67476 0.4677 1 127.67 21.29 -8.981 0.06766 -0.89791 0.36622 -0.23467 2 46.494 -17.698 8.325 0.20124 0.95114 0.0332 -0.2318 3 
106.37 0.167 -13.456 0.36038 0.33945 0.67483 0.54727 1 129.41 28.828 -9.443 -0.08287 -0.89332 0.42128 -0.13283 2 46.497 -17.696 8.322 0.20126 0.95112 0.03318 -0.23186 3 
111.101 13.521 -13.297 0.40344 0.28329 0.5948 0.63497 1 128.841 35.517 -10.276 -0.17752 -0.85407 0.48428 -0.06722 2 46.492 -17.699 8.325 0.20123 0.95115 0.03326 -0.23177 3 
113.061 24.591 -12.344 0.48572 0.30854 0.56903 0.58745 1 127.372 40.718 -10.896 -0.24122 -0.82531 0.51048 -0.00945 2 46.497 -17.697 8.322 0.20124 0.95113 0.0332 -0.23184 3 
108.099 32.072 -11.354 0.45586 0.44252 0.58342 0.50595 1 125.593 45.34 -11.304 -0.32606 -0.72767 0.59907 0.07276 2 46.492 -17.699 8.324 0.20125 0.95113 0.03322 -0.23181 3 
98.374 34.953 -11.073 0.44276 0.63543 0.51333 0.36971 1 121.266 48.482 -11.424 -0.31788 -0.71639 0.61988 0.03852 2 46.498 -17.695 8.322 0.20122 0.95114 0.03318 -0.23184 3 
89.593 35.776 -11.449 0.41546 0.76663 0.38233 0.30576 1 115.866 50.547 -10.943 -0.28931 -0.71264 0.63861 -0.02513 2 46.494 -17.698 8.324 0.20124 0.95113 0.0332 -0.23183 3 
84.242 37.317 -12.307 0.37932 0.80104 0.30803 0.3458 1 109.914 52.358 -10.294 -0.26072 -0.72401 0.63421 -0.07487 2 46.494 -17.697 8.324 0.20125 0.95113 0.0332 -0.23182 3 
82.228 39.188 -12.708 0.38476 0.79959 0.25519 0.38406 1 104.529 54.03 -10.177 -0.2372 -0.75036 0.6073 -0.10901 2 46.494 -17.698 8.324 0.20125 0.95113 0.03322 -0.23182 3 
81.526 40.703 -13.415 0.38344 0.78881 0.22671 0.4235 1 100.724 55.559 -10.282 -0.26057 -0.78454 0.5442 -0.14298 2 46.494 -17.698 8.325 0.20127 0.95114 0.0332 -0.2318 3 
80.876 41.327 -13.942 0.36873 0.78429 0.22029 0.44765 1 98.033 56.77 -10.458 -0.28062 -0.80724 0.49034 -0.17084 2 46.495 -17.697 8.323 0.20125 0.95113 0.0332 -0.23183 3 
80.248 41.399 -14.024 0.34403 0.77649 0.24149 0.46946 1 95.822 57.402 -10.887 -0.2861 -0.81616 0.46173 -0.19708 2 46.495 -17.698 8.324 0.20125 0.95113 0.0332 -0.23183 3 
79.937 41.545 -14.023 0.33282 0.77014 0.24938 0.48366 1 93.341 58.292 -11.904 -0.28577 -0.81812 0.44409 -0.2276 2 46.494 -17.698 8.325 0.20126 0.95113 0.0332 -0.23182 3 
79.721 41.721 -14.028 0.33004 0.77073 0.23693 0.49082 1 92.076 58.753 -12.582 -0.30576 -0.81916 0.41871 -0.24528 2 46.494 -17.696 8.324 0.20125 0.95113 0.03319 -0.23182 3 
79.647 41.827 -13.92 0.32878 0.77166 0.24134 0.48806 1 91.399 59.37 -13.494 -0.31314 -0.81408 0.41191 -0.26371 2 46.495 -17.697 8.325 0.20126 0.95113 0.03319 -0.23182 3 
79.675 41.765 -14.094 0.32907 0.77131 0.24447 0.48686 1 91.293 59.451 -13.645 -0.30928 -0.81338 0.42151 -0.25513 2 46.495 -17.697 8.324 0.20125 0.95113 0.03318 -0.23183 3 
79.802 41.135 -13.898 0.33294 0.7509 0.29258 0.48958 1 92.066 59.122 -13.093 -0.29745 -0.81217 0.44027 -0.24096 2 46.494 -17.697 8.323 0.20127 0.95113 0.0332 -0.23184 3 
81.994 39.68 -12.899 0.37793 0.74507 0.34225 0.43 1 95.929 57.861 -11.593 -0.29212 -0.81699 0.45846 -0.19238 2 46.494 -17.698 8.324 0.20126 0.95113 0.0332 -0.23183 3 
85.562 38.516 -12.204 0.42552 0.73543 0.33624 0.40622 1 100.848 56.775 -10.504 -0.31993 -0.81218 0.4559 -0.1737 2 46.495 -17.697 8.324 0.20127 0.95113 0.0332 -0.23183 3 
85.616 37.666 -12.226 0.40713 0.78082 0.29091 0.37409 1 102.618 56.476 -10.238 -0.3218 -0.81187 0.4556 -0.17243 2 46.495 -17.697 8.324 0.20126 0.95113 0.0332 -0.23183 3 
81.987 38.047 -12.795 0.39008 0.79466 0.26373 0.38314 1 100 57.363 -10.246 -0.28431 -0.83067 0.44323 -0.18086 2 46.495 -17.697 8.324 0.20125 0.95113 0.03319 -0.23183 3 
80.522 40.175 -13.694 0.39284 0.78565 0.19312 0.43719 1 96.446 58.405 -11.357 -0.26588 -0.83612 0.43872 -0.19425 2 46.495 -17.697 8.323 0.20126 0.95112 0.03319 -0.23185 3 
80.409 41.562 -14.191 0.40249 0.78061 0.15925 0.45088 1 94.137 58.934 -12.095 -0.26401 -0.84241 0.42452 -0.20106 2 46.495 -17.697 8.324 0.20127 0.95112 0.0332 -0.23184 3 
80.084 41.623 -14.045 0.39261 0.77835 0.16079 0.46279 1 92.834 59.488 -13.05 -0.2716 -0.84247 0.41199 -0.21619 2 46.495 -17.697 8.325 0.20126 0.95113 0.03319 -0.23183 3 
80.02 41.804 -14.196 0.40512 0.78268 0.12855 0.45472 1 91.875 60.08 -13.391 -0.27479 -0.84334 0.3946 -0.23993 2 46.495 -17.697 8.325 0.20126 0.95113 0.03319 -0.23183 3 
80.726 42.848 -14.363 0.4348 0.79801 0.04206 0.41516 1 91.324 59.976 -13.847 -0.27274 -0.84866 0.38202 -0.24384 2 46.494 -17.697 8.324 0.20127 0.95113 0.0332 -0.23184 3 
81.488 43.604 -14.776 0.45432 0.8046 -0.01335 0.38214 1 91.268 59.583 -13.776 -0.27414 -0.85096 0.37718 -0.24174 2 46.496 -17.697 8.323 0.20126 0.95112 0.03319 -0.23185 3 
81.353 43.536 -14.596 0.46004 0.79959 -0.00837 0.38593 1 91.805 59.393 -13.469 -0.2758 -0.84816 0.38988 -0.22923 2 46.494 -17.697 8.324 0.20127 0.95112 0.0332 -0.23184 3 
81.422 43.534 -14.673 0.47244 0.79991 -0.01443 0.36978 1 92.211 59.295 -13.111 -0.27623 -0.85105 0.38348 -0.22883 2 46.495 -17.697 8.323 0.20128 0.95112 0.0332 -0.23186 3 
