118.888 -30.067 -12.93 0.49947 0.69357 0.4237 0.29996 1 120.324 11.636 -10.227 0.51782 -0.77774 0.34247 -0.09848 2 57.195 -13.722 -3.003 0.98308 0.14093 -0.10909 -0.04227 3 
119.048 -30.218 -12.969 0.50149 0.6927 0.42361 0.29872 1 120.555 11.592 -10.251 0.51705 -0.77809 0.34323 -0.09707 2 57.196 -13.724 -3.004 0.98308 0.14094 -0.10911 -0.04227 3 
119.134 -30.418 -12.923 0.50314 0.69341 0.41976 0.29973 1 120.697 11.571 -10.268 0.51661 -0.77773 0.34467 -0.09723 2 57.196 -13.723 -3.002 0.98308 0.14096 -0.10908 -0.04226 3 
118.911 -30.956 -12.74 0.51005 0.69823 0.40035 0.30339 1 120.798 11.48 -10.262 0.51531 -0.77722 0.34704 -0.09973 2 57.195 -13.722 -3.003 0.98308 0.14093 -0.10909 -0.04227 3 
118.372 -32.203 -12.082 0.51533 0.71976 0.35072 0.30556 1 120.807 11.467 -10.252 0.51452 -0.77634 0.34846 -0.10554 2 57.195 -13.725 -3.004 0.98308 0.14096 -0.10909 -0.04227 3 
116.464 -35.213 -11.063 0.45476 0.79973 0.31949 0.22704 1 120.888 11.523 -10.265 0.50695 -0.77781 0.35486 -0.10993 2 57.195 -13.725 -3.003 0.98308 0.14094 -0.10909 -0.04227 3 
112.031 -37.333 -9.065 0.35424 0.8758 0.32142 0.06465 1 121.121 11.508 -10.28 0.50178 -0.7771 0.36279 -0.11281 2 57.193 -13.73 -3.003 0.98309 0.14092 -0.10906 -0.0423 3 
104.75 -38.283 -6.601 0.29102 0.89063 0.33757 -0.09022 1 121.347 11.51 -10.278 0.49771 -0.77614 0.36854 -0.11858 2 57.191 -13.733 -3.004 0.98308 0.14094 -0.10905 -0.04233 3 
95.323 -37.853 -5.496 0.24535 0.87888 0.37734 -0.15805 1 121.957 11.523 -10.245 0.48821 -0.77754 0.3757 -0.12623 2 57.192 -13.732 -3.005 0.98308 0.14094 -0.10905 -0.04233 3 
84.184 -34.974 -6.066 0.21937 0.86489 0.43012 -0.13725 1 122.944 11.397 -10.224 0.46774 -0.78573 0.38213 -0.13351 2 57.189 -13.732 -3.004 0.98308 0.14096 -0.10905 -0.04233 3 
74.692 -30.09 -8.315 0.19191 0.84904 0.48752 -0.06797 1 124.104 11.144 -10.177 0.44207 -0.79749 0.38684 -0.13762 2 57.189 -13.733 -3.005 0.98308 0.14095 -0.10904 -0.04234 3 
68.932 -24.835 -10.878 0.15374 0.83762 0.52416 0.00491 1 125.285 10.691 -10.128 0.40785 -0.81187 0.39298 -0.14173 2 57.189 -13.735 -3.005 0.98308 0.14096 -0.10903 -0.04236 3 
65.836 -21.301 -12.471 0.09646 0.8263 0.55475 0.01322 1 126.181 10.248 -10.065 0.38008 -0.82163 0.39787 -0.14889 2 57.192 -13.732 -3.004 0.98308 0.14095 -0.10905 -0.04231 3 
63.92 -19.499 -12.983 0.05875 0.81377 0.57763 -0.02602 1 126.651 9.731 -10.028 0.35685 -0.82735 0.405 -0.15534 2 57.178 -13.733 -3.002 0.9831 0.14095 -0.10885 -0.0423 3 
63.329 -19.308 -13.218 0.0346 0.79648 0.59651 -0.09277 1 126.857 9.471 -10.126 0.34067 -0.83003 0.41248 -0.15767 2 56.754 -13.841 -2.965 0.98368 0.14094 -0.10274 -0.04416 3 
63.127 -19.114 -13.249 0.03652 0.78222 0.61102 -0.11599 1 126.961 9.103 -10.08 0.33138 -0.8309 0.41769 -0.15914 2 56.701 -13.843 -2.969 0.98355 0.14199 -0.10252 -0.04426 3 
63.194 -18.869 -13.077 0.02863 0.77505 0.61829 -0.12724 1 126.873 8.96 -10.071 0.3335 -0.83096 0.41696 -0.15631 2 56.822 -13.851 -2.968 0.98266 0.14747 -0.10309 -0.04486 3 
64.63 -19.219 -12.665 0.03426 0.7776 0.61097 -0.14449 1 127.023 8.849 -10.084 0.33021 -0.83606 0.41225 -0.14838 2 58.461 -14.18 -2.575 0.98137 0.15393 -0.10578 -0.04511 3 
67.843 -20.236 -11.531 0.11269 0.77298 0.60237 -0.16416 1 127.235 8.909 -10.029 0.32912 -0.83997 0.4072 -0.14254 2 64.429 -14.423 -1.312 0.98037 0.10892 -0.16091 -0.03346 3 
72.514 -21.222 -10.012 0.20984 0.79408 0.54555 -0.16669 1 127.079 9.102 -9.986 0.34213 -0.84132 0.39732 -0.13142 2 72.027 -12.422 -0.296 0.97491 0.04895 -0.21134 0.04988 3 
78.189 -22.194 -9.075 0.28189 0.8211 0.47255 -0.15178 1 126.794 9.442 -10.028 0.36159 -0.84139 0.38526 -0.11356 2 79.646 -10.269 -0.447 0.96157 0.00031 -0.2317 0.14731 3 
84.219 -23.321 -8.926 0.32262 0.84549 0.40536 -0.12946 1 126.657 9.831 -10.077 0.38118 -0.84013 0.37327 -0.09774 2 86.396 -8.924 -1.498 0.94677 -0.02929 -0.22382 0.2295 3 
89.711 -24.543 -9.261 0.34329 0.86718 0.34306 -0.1116 1 126.446 10.238 -10.15 0.4006 -0.83695 0.36302 -0.08517 2 92.178 -8.282 -3.019 0.92969 -0.04221 -0.21396 0.29685 3 
94.683 -25.701 -9.666 0.34946 0.89185 0.26893 -0.10076 1 126.122 10.544 -10.256 0.41807 -0.83266 0.35499 -0.07664 2 97.048 -7.701 -4.934 0.90374 -0.04029 -0.2046 0.37387 3 
98.447 -26.594 -9.913 0.34351 0.91389 0.19057 -0.1024 1 125.733 10.813 -10.288 0.43413 -0.82607 0.35195 -0.07258 2 100.475 -7.506 -6.768 0.86907 -0.02685 -0.20507 0.44938 3 
100.86 -26.677 -9.807 0.32884 0.93101 0.10169 -0.12145 1 125.183 10.981 -10.298 0.45124 -0.81791 0.34943 -0.07281 2 102.008 -7.276 -8.502 0.81874 0.00166 -0.21564 0.53212 3 
102.232 -26.313 -9.247 0.32562 0.93229 0.01472 -0.15684 1 124.657 11.194 -10.365 0.46398 -0.81055 0.34967 -0.07398 2 102.984 -7.352 -9.799 0.75464 0.02394 -0.25296 0.60494 3 
102.809 -25.74 -8.391 0.32339 0.92585 -0.03868 -0.19163 1 124.229 11.356 -10.411 0.47154 -0.80563 0.35087 -0.07421 2 103.051 -7.37 -9.913 0.7126 0.04355 -0.28237 0.64076 3 
103.164 -25.183 -7.359 0.32887 0.91371 -0.09033 -0.22095 1 123.896 11.503 -10.409 0.47508 -0.80277 0.35268 -0.07394 2 103.171 -7.549 -9.962 0.66861 0.05248 -0.31532 0.6714 3 
103.711 -24.289 -6.455 0.33572 0.89511 -0.15108 -0.25148 1 123.771 11.68 -10.466 0.47684 -0.80165 0.35335 -0.07161 2 102.94 -7.75 -10.357 0.60385 0.06807 -0.34934 0.71323 3 
104.207 -23.523 -5.659 0.35574 0.87127 -0.19754 -0.27444 1 123.658 11.772 -10.515 0.47719 -0.80122 0.35466 -0.06753 2 103.453 -7.964 -10.577 0.5535 0.06685 -0.38763 0.73411 3 
104.445 -23.084 -5.173 0.36356 0.85943 -0.20762 -0.29343 1 123.608 11.835 -10.5 0.47724 -0.8009 0.35561 -0.06588 2 103.791 -7.666 -10.21 0.54137 0.07307 -0.41002 0.73039 3 
104.37 -22.761 -4.95 0.35985 0.85423 -0.21471 -0.30772 1 123.659 11.871 -10.529 0.47752 -0.79996 0.35737 -0.06574 2 103.352 -7.457 -10.015 0.53118 0.08474 -0.42129 0.73019 3 
104.284 -22.733 -4.962 0.35809 0.85501 -0.21228 -0.30931 1 123.757 11.866 -10.513 0.47691 -0.79978 0.35847 -0.06639 2 103.111 -7.428 -10.043 0.53025 0.08817 -0.42115 0.73054 3 
103.756 -23.699 -5.265 0.35957 0.87697 -0.14436 -0.28424 1 123.856 11.829 -10.527 0.47481 -0.80068 0.35914 -0.06693 2 103.949 -6.906 -9.268 0.58947 0.07179 -0.39477 0.70109 3 
102.674 -25.159 -5.849 0.35611 0.90553 -0.01042 -0.2304 1 123.941 11.774 -10.499 0.47166 -0.80168 0.36068 -0.06896 2 104.562 -6.294 -7.436 0.69868 0.04104 -0.33454 0.63106 3 
101.204 -26.429 -6.743 0.33605 0.91251 0.15257 -0.1764 1 123.897 11.709 -10.488 0.47122 -0.80148 0.36075 -0.07377 2 103.53 -6.779 -5.007 0.81084 0.02018 -0.27055 0.51859 3 
99.121 -27.748 -8.117 0.2749 0.89477 0.31875 -0.14903 1 123.874 11.637 -10.46 0.4689 -0.80169 0.36243 -0.07789 2 99.515 -10.163 -2.615 0.90716 0.03673 -0.2119 0.36168 3 
96.233 -28.862 -9.774 0.18529 0.8565 0.45737 -0.15127 1 123.958 11.654 -10.454 0.46084 -0.80457 0.36534 -0.0826 2 93.34 -15.511 -1.489 0.96254 0.08727 -0.15816 0.20222 3 
91.892 -29.146 -10.976 0.12826 0.827 0.52349 -0.15993 1 123.994 11.694 -10.41 0.45203 -0.80715 0.36894 -0.08984 2 87.466 -18.514 -1.655 0.97575 0.12173 -0.13763 0.11895 3 
86.231 -28.47 -11.671 0.0943 0.81709 0.54546 -0.16107 1 124.016 11.728 -10.317 0.44254 -0.80927 0.37284 -0.10118 2 81.413 -18.942 -2.102 0.9767 0.1401 -0.13711 0.08735 3 
80.352 -26.804 -12.001 0.05869 0.80964 0.56135 -0.16102 1 124.094 11.749 -10.238 0.42831 -0.81292 0.37776 -0.11408 2 74.918 -18.279 -2.315 0.97619 0.16202 -0.13005 0.06231 3 
74.994 -24.783 -12.068 0.0292 0.77852 0.60726 -0.15583 1 124.215 11.72 -10.119 0.40874 -0.81865 0.38336 -0.12565 2 69.034 -18.467 -2.023 0.9788 0.17045 -0.11351 -0.00248 3 
70.546 -22.709 -12.066 0.00362 0.73882 0.65604 -0.15413 1 124.28 11.656 -10.033 0.39 -0.82355 0.3895 -0.13398 2 64.342 -18.996 -1.733 0.97591 0.17759 -0.10056 -0.07718 3 
66.774 -20.896 -12.039 0.00236 0.73456 0.66196 -0.14909 1 124.192 11.589 -9.999 0.3777 -0.82581 0.39425 -0.1412 2 60.977 -17.459 -1.712 0.97421 0.1749 -0.11185 -0.08839 3 
64.211 -19.448 -12.074 0.00672 0.74801 0.6477 -0.14461 1 124.131 11.451 -9.949 0.36407 -0.82787 0.4007 -0.14673 2 58.685 -15.342 -1.846 0.97443 0.17348 -0.12427 -0.0703 3 
62.662 -18.403 -12.273 0.00296 0.76015 0.63542 -0.1357 1 123.954 11.318 -9.929 0.35495 -0.82837 0.40634 -0.1507 2 56.815 -13.744 -2.166 0.97589 0.17409 -0.12047 -0.05307 3 
62.223 -17.894 -12.624 -0.0132 0.764 0.63249 -0.12684 1 123.686 11.225 -9.922 0.34993 -0.82834 0.41037 -0.15165 2 55.607 -13.262 -2.637 0.97637 0.18308 -0.10336 -0.04995 3 
62.295 -17.776 -12.775 -0.01521 0.76829 0.62732 -0.12641 1 123.352 11.181 -9.911 0.34621 -0.82814 0.4132 -0.1536 2 55.57 -13.052 -2.829 0.97591 0.18747 -0.10166 -0.046 3 
62.488 -17.719 -12.819 -0.02057 0.76898 0.6251 -0.13229 1 122.981 11.223 -9.921 0.35055 -0.82454 0.41514 -0.15782 2 55.78 -13.211 -2.864 0.97367 0.19702 -0.10287 -0.05077 3 
62.691 -17.635 -12.829 -0.0207 0.77156 0.62126 -0.13528 1 122.708 11.202 -9.943 0.3549 -0.82221 0.4154 -0.15957 2 56.12 -13.108 -2.892 0.97244 0.20105 -0.10729 -0.04933 3 
62.809 -17.555 -12.822 -0.027 0.77208 0.62058 -0.13433 1 122.753 11.131 -9.925 0.35917 -0.82115 0.41382 -0.15959 2 56.142 -13.113 -2.895 0.9712 0.20704 -0.1068 -0.04992 3 
63.067 -17.823 -12.747 -0.01949 0.7654 0.63539 -0.10036 1 123.045 11.011 -9.944 0.36225 -0.82221 0.40972 -0.15769 2 56.114 -13.145 -2.898 0.97135 0.20642 -0.10656 -0.0501 3 
65.229 -19.133 -12.2 3e-05 0.74688 0.65635 -0.10669 1 123.506 10.827 -9.886 0.36853 -0.82267 0.40443 -0.15438 2 56.112 -13.137 -2.899 0.97138 0.20627 -0.10659 -0.05006 3 
70.842 -21.774 -10.446 0.08316 0.69467 0.68427 -0.20565 1 124.086 10.56 -9.918 0.37733 -0.82321 0.39718 -0.14901 2 56.12 -13.136 -2.899 0.97135 0.2064 -0.10665 -0.05005 3 
80.028 -25.749 -8.676 0.19632 0.64542 0.67921 -0.28908 1 124.985 9.981 -9.933 0.38553 -0.82528 0.38704 -0.1431 2 56.107 -13.146 -2.9 0.97136 0.20638 -0.10656 -0.05011 3 
90.178 -29.854 -8.252 0.25594 0.64378 0.64409 -0.32432 1 126.095 9.294 -10.007 0.39049 -0.82869 0.37751 -0.13521 2 56.106 -13.14 -2.901 0.97138 0.20628 -0.10659 -0.05009 3 
99.914 -31.9 -8.996 0.28177 0.67835 0.60338 -0.31046 1 127.38 8.732 -9.896 0.39208 -0.8329 0.3688 -0.12858 2 56.094 -13.162 -2.903 0.97136 0.2064 -0.10646 -0.05023 3 
108.21 -31.373 -10.314 0.31008 0.72806 0.57905 -0.19617 1 128.44 8.741 -9.762 0.38915 -0.8394 0.35834 -0.12474 2 56.084 -13.173 -2.902 0.97137 0.20641 -0.10635 -0.05029 3 
114.929 -29.754 -11.964 0.33027 0.751 0.56949 -0.05096 1 128.667 9.344 -9.896 0.40148 -0.83733 0.35256 -0.11574 2 56.093 -13.159 -2.903 0.97137 0.20634 -0.10645 -0.05023 3 
119.831 -25.841 -12.699 0.3114 0.71265 0.62795 0.02899 1 128.611 10.8 -9.854 0.41256 -0.83474 0.34821 -0.10845 2 56.087 -13.168 -2.902 0.97136 0.20642 -0.10638 -0.05027 3 
121.332 -21.915 -13.252 0.26193 0.68305 0.68066 0.03917 1 128.526 13.218 -10.053 0.4183 -0.83312 0.34834 -0.09794 2 56.088 -13.166 -2.903 0.97136 0.20643 -0.1064 -0.05027 3 
121.014 -18.331 -13.139 0.27976 0.67492 0.67822 0.07891 1 129.18 17.157 -10.052 0.41876 -0.83343 0.34458 -0.10631 2 56.088 -13.162 -2.902 0.97137 0.20636 -0.10641 -0.05025 3 
118.287 -10.855 -13.109 0.20853 0.65007 0.72304 0.10553 1 130.523 22.636 -9.718 0.4169 -0.8452 0.30209 -0.14345 2 56.083 -13.165 -2.901 0.97137 0.20641 -0.10637 -0.05027 3 
112.084 0.226 -11.771 0.27288 0.56596 0.74374 0.22821 1 132.006 30.646 -9.498 0.31159 -0.89902 0.28054 -0.12639 2 56.087 -13.16 -2.901 0.97136 0.20643 -0.10642 -0.05023 3 
108.343 14.307 -10.422 0.39337 0.44792 0.67522 0.4344 1 131.902 38.507 -10.041 0.0464 -0.93786 0.33159 -0.09117 2 56.089 -13.149 -2.9 0.97137 0.20635 -0.10646 -0.05016 3 
104.087 25.754 -9.315 0.45013 0.50824 0.57655 0.4546 1 126.204 43.104 -10.652 -0.10095 -0.88852 0.44027 -0.08063 2 56.086 -13.153 -2.899 0.97137 0.2064 -0.10641 -0.05019 3 
95.859 32.887 -9.361 0.41991 0.70115 0.46606 0.33889 1 118.146 46.284 -10.72 -0.16024 -0.83907 0.51739 -0.05091 2 56.089 -13.155 -2.901 0.97136 0.20643 -0.10643 -0.0502 3 
87.454 35.71 -10.715 0.34079 0.79565 0.38849 0.31603 1 110.292 49.305 -10.246 -0.17927 -0.83672 0.51476 -0.05276 2 56.087 -13.15 -2.9 0.97137 0.20637 -0.10644 -0.05018 3 
82.868 37.298 -12.258 0.30651 0.77943 0.34749 0.42165 1 104.533 53.229 -10.126 -0.20063 -0.82354 0.52751 -0.05708 2 56.089 -13.147 -2.9 0.97137 0.20639 -0.10646 -0.05016 3 
81.138 39.049 -13.116 0.3239 0.76412 0.3278 0.45139 1 100.568 56.655 -10.372 -0.20726 -0.82514 0.51769 -0.09043 2 56.096 -13.143 -2.899 0.97136 0.20641 -0.10651 -0.05011 3 
80.345 40.67 -13.763 0.32642 0.7534 0.30175 0.48455 1 98.029 58.709 -11.027 -0.21638 -0.82537 0.50377 -0.13476 2 56.097 -13.135 -2.898 0.97137 0.20635 -0.10654 -0.05008 3 
79.942 41.516 -13.938 0.32726 0.75679 0.28755 0.48733 1 96.501 59.824 -11.4 -0.21679 -0.81945 0.50531 -0.16177 2 56.106 -13.122 -2.896 0.97136 0.20637 -0.1066 -0.04999 3 
79.947 41.421 -14.182 0.30902 0.74801 0.26298 0.52519 1 95.032 60.286 -12.066 -0.20971 -0.81494 0.50765 -0.18491 2 56.107 -13.124 -2.896 0.97136 0.2064 -0.10661 -0.04999 3 
79.769 41.507 -14.144 0.2933 0.74484 0.27852 0.53068 1 93.971 60.582 -12.758 -0.21233 -0.81491 0.50722 -0.18322 2 56.108 -13.119 -2.895 0.97137 0.20633 -0.10663 -0.04997 3 
