125.893 -27.078 -13.343 0.50389 0.70039 0.47924 0.16087 1 122.45 14.793 -9.769 0.5507 -0.76686 0.32543 -0.05257 2 76.533 26.788 -3.381 0.99191 0.09026 -0.08382 0.03068 3 
126.094 -27.038 -13.316 0.50301 0.70191 0.47919 0.15711 1 122.445 14.836 -9.767 0.55237 -0.76578 0.32528 -0.05155 2 76.534 26.785 -3.376 0.99192 0.09024 -0.08377 0.03064 3 
126.199 -26.968 -13.346 0.50264 0.7028 0.4792 0.15426 1 122.426 14.909 -9.764 0.55312 -0.76529 0.32527 -0.05082 2 76.532 26.791 -3.377 0.99191 0.0903 -0.08379 0.03067 3 
126.237 -26.95 -13.329 0.50368 0.70245 0.47908 0.15282 1 122.43 15.006 -9.759 0.55343 -0.76541 0.32465 -0.04961 2 76.534 26.786 -3.378 0.99192 0.09023 -0.08377 0.03065 3 
126.244 -26.844 -13.37 0.50527 0.7017 0.47921 0.15057 1 122.462 15.117 -9.757 0.55284 -0.76618 0.32395 -0.04901 2 76.534 26.789 -3.376 0.99191 0.09028 -0.08378 0.03061 3 
126.214 -26.749 -13.342 0.50676 0.7009 0.47884 0.15051 1 122.434 15.373 -9.622 0.55248 -0.76915 0.31297 -0.07225 2 76.53 26.791 -3.381 0.99191 0.0903 -0.08379 0.03066 3 
126.124 -26.758 -13.29 0.50725 0.70068 0.4774 0.15439 1 121.289 17.375 -9.318 0.5244 -0.80619 0.25714 -0.09454 2 76.532 26.787 -3.381 0.99191 0.09027 -0.08379 0.03067 3 
126.044 -26.71 -13.289 0.50681 0.7005 0.47706 0.15765 1 116.277 22.94 -9.236 0.34585 -0.90768 0.22383 -0.08009 2 76.533 26.788 -3.38 0.99191 0.09029 -0.08381 0.03062 3 
125.728 -26.668 -13.244 0.5123 0.69712 0.47294 0.16706 1 109.31 28.578 -8.937 0.1602 -0.96018 0.22757 -0.02441 2 76.531 26.79 -3.38 0.99191 0.09028 -0.08382 0.03068 3 
125.397 -26.525 -13.133 0.51695 0.69437 0.46699 0.18036 1 101.084 31.607 -8.77 0.02667 -0.9552 0.29443 0.01407 2 76.533 26.788 -3.382 0.99191 0.09026 -0.08383 0.03067 3 
125.374 -26.14 -12.981 0.51185 0.69693 0.46286 0.19509 1 93.585 32.271 -9.506 -0.05339 -0.92599 0.37366 0.00886 2 76.535 26.792 -3.384 0.99191 0.09028 -0.08387 0.03063 3 
125.796 -25.435 -12.706 0.49142 0.70623 0.46409 0.21062 1 88.375 31.359 -10.44 -0.09257 -0.91398 0.39501 -0.0066 2 76.536 26.796 -3.382 0.9919 0.0903 -0.08386 0.03069 3 
126.597 -24.571 -12.543 0.46199 0.71971 0.46741 0.22386 1 85.58 30.374 -11.132 -0.09897 -0.91158 0.39901 0.00471 2 76.542 26.802 -3.385 0.9919 0.0903 -0.08388 0.0307 3 
127.286 -23.526 -12.365 0.43638 0.73022 0.47288 0.22967 1 84.477 30.096 -11.476 -0.12537 -0.90023 0.40788 0.08664 2 76.424 26.785 -3.387 0.99203 0.09034 -0.0823 0.03073 3 
127.629 -22.734 -12.264 0.41956 0.73725 0.47523 0.23366 1 84.086 30.042 -11.64 -0.14687 -0.8969 0.38957 0.14911 2 76.106 26.754 -3.364 0.99238 0.08994 -0.07824 0.03111 3 
127.736 -22.245 -12.219 0.4107 0.74191 0.47609 0.23288 1 83.869 29.994 -11.61 -0.14634 -0.90022 0.36626 0.18449 2 76.05 26.74 -3.352 0.99239 0.08983 -0.07827 0.03105 3 
127.664 -22.186 -12.134 0.41284 0.7431 0.4735 0.23057 1 84.011 29.561 -11.309 -0.16167 -0.90284 0.33852 0.21012 2 75.642 26.25 -3.211 0.99567 0.06853 -0.05895 0.02147 3 
127.838 -22.037 -12.152 0.40741 0.74739 0.47497 0.22321 1 85.813 28.627 -10.191 -0.09108 -0.92654 0.26739 0.24845 2 77.464 22.149 -2.43 0.99234 0.09346 -0.04042 -0.06997 3 
127.8 -22.051 -12.28 0.41233 0.74725 0.47596 0.21226 1 89.233 26.671 -8.728 0.01196 -0.93966 0.18601 0.28689 2 83.084 16.665 -1.619 0.97038 0.14579 -0.06241 -0.18226 3 
127.306 -22.558 -12.366 0.43077 0.74149 0.47229 0.20389 1 93.271 23.907 -7.642 0.09989 -0.94174 0.11353 0.30042 2 88.836 11.037 -1.554 0.9389 0.191 -0.05962 -0.28006 3 
126.844 -23.213 -12.543 0.45318 0.73306 0.47001 0.19064 1 97.118 20.724 -7.419 0.16767 -0.94236 0.03691 0.28721 2 93.621 5.344 -2.859 0.89944 0.22244 -0.02889 -0.37508 3 
126.556 -24.075 -12.717 0.47454 0.72536 0.46509 0.17987 1 100.104 17.783 -7.998 0.222 -0.93735 -0.037 0.26595 2 97.369 0.62 -4.985 0.85658 0.24494 0.0056 -0.45413 3 
126.584 -24.969 -12.837 0.48735 0.72201 0.46049 0.17073 1 102.17 15.699 -8.735 0.25133 -0.92617 -0.10295 0.26162 2 100.18 -2.363 -6.873 0.82152 0.24839 0.01408 -0.51304 3 
126.98 -25.816 -12.894 0.48974 0.7221 0.4605 0.16333 1 103.137 14.586 -9.076 0.2628 -0.90705 -0.17012 0.28153 2 101.48 -4.123 -8.291 0.78616 0.22682 0.00783 -0.57484 3 
127.408 -26.577 -13.031 0.49032 0.7227 0.46085 0.15784 1 103.376 14.083 -8.83 0.26763 -0.88198 -0.22779 0.31401 2 102.098 -5.017 -8.965 0.74869 0.19804 -0.0175 -0.6324 3 
127.605 -27.432 -13.183 0.49569 0.72031 0.46101 0.15141 1 103.48 13.551 -8.409 0.27922 -0.85531 -0.26452 0.34715 2 102.72 -5.707 -9.239 0.71568 0.17822 -0.0493 -0.6735 3 
127.575 -28.04 -13.276 0.5006 0.71827 0.46161 0.14285 1 103.496 12.594 -8.054 0.29255 -0.83134 -0.29062 0.37261 2 103.046 -6.713 -9.473 0.68774 0.16255 -0.07277 -0.70377 3 
127.261 -28.698 -13.394 0.51087 0.71291 0.46097 0.1352 1 103.425 11.658 -7.749 0.30554 -0.80867 -0.313 0.39337 2 103.38 -7.636 -9.664 0.66162 0.15383 -0.09563 -0.72763 3 
126.996 -29.114 -13.542 0.51952 0.70735 0.46162 0.12905 1 103.363 10.929 -7.563 0.32092 -0.781 -0.34513 0.4098 2 103.855 -8.173 -10.203 0.62453 0.1505 -0.12 -0.75691 3 
126.779 -29.435 -13.587 0.52437 0.70316 0.46399 0.12375 1 103.384 10.287 -7.328 0.33196 -0.76245 -0.36212 0.42112 2 104.163 -8.699 -10.403 0.60207 0.14774 -0.13422 -0.77309 3 
126.646 -29.679 -13.712 0.5283 0.69961 0.46603 0.11944 1 103.262 9.948 -7.012 0.32882 -0.75953 -0.36 0.43057 2 104.042 -9.059 -10.008 0.60413 0.14229 -0.14373 -0.77079 3 
126.596 -29.831 -13.729 0.52931 0.69847 0.46672 0.11889 1 103.243 9.88 -6.786 0.32378 -0.75237 -0.36565 0.44204 2 103.888 -9.046 -9.806 0.59889 0.13173 -0.15533 -0.7745 3 
126.582 -29.93 -13.733 0.53111 0.69734 0.46664 0.11784 1 103.183 9.94 -6.578 0.32033 -0.74666 -0.37143 0.44936 2 103.635 -8.963 -9.678 0.5954 0.12378 -0.15984 -0.77758 3 
126.544 -30.008 -13.746 0.53181 0.69702 0.4668 0.11592 1 103.19 10.083 -6.411 0.31384 -0.74926 -0.36744 0.45287 2 103.484 -8.862 -9.36 0.60127 0.11849 -0.16147 -0.77354 3 
126.532 -30.023 -13.739 0.53226 0.69693 0.46629 0.11642 1 103.364 10.169 -6.344 0.31596 -0.74232 -0.37201 0.45906 2 103.723 -8.774 -9.405 0.59483 0.11534 -0.16967 -0.77723 3 
126.547 -29.979 -13.722 0.53401 0.6964 0.46493 0.11704 1 103.529 10.069 -6.334 0.32348 -0.73393 -0.37718 0.46308 2 104.123 -8.826 -9.513 0.58619 0.11811 -0.17637 -0.78187 3 
126.624 -29.869 -13.738 0.53369 0.69695 0.46465 0.11636 1 103.611 9.977 -6.327 0.32641 -0.73426 -0.37282 0.46403 2 104.442 -8.959 -9.448 0.58843 0.12291 -0.17952 -0.77873 3 
126.772 -29.846 -13.723 0.53244 0.69769 0.46489 0.11671 1 103.652 9.934 -6.359 0.32981 -0.73399 -0.3709 0.46359 2 104.669 -9.006 -9.479 0.58819 0.1273 -0.18131 -0.77779 3 
126.943 -29.711 -13.687 0.53018 0.6992 0.46526 0.11646 1 103.685 9.88 -6.388 0.33402 -0.73308 -0.36988 0.46283 2 104.881 -9.07 -9.52 0.58698 0.13172 -0.18207 -0.77779 3 
127.066 -29.613 -13.686 0.52855 0.70016 0.46574 0.1162 1 103.645 9.846 -6.381 0.33433 -0.73396 -0.36681 0.46365 2 104.926 -9.111 -9.474 0.5891 0.13333 -0.18396 -0.77546 3 
127.168 -29.517 -13.674 0.52715 0.70057 0.46657 0.11673 1 103.561 9.877 -6.368 0.33516 -0.73615 -0.36265 0.46285 2 104.94 -9.12 -9.378 0.59304 0.13604 -0.18326 -0.77215 3 
127.258 -29.377 -13.748 0.52571 0.70058 0.46811 0.11698 1 103.503 9.897 -6.411 0.33742 -0.73971 -0.35805 0.45911 2 105.031 -9.12 -9.359 0.59651 0.14206 -0.18068 -0.76899 3 
127.279 -29.225 -13.73 0.52472 0.70075 0.46843 0.11911 1 103.423 9.946 -6.522 0.34179 -0.74997 -0.34526 0.44892 2 105.286 -9.218 -9.293 0.60727 0.15631 -0.17266 -0.75959 3 
127.248 -28.927 -13.704 0.52143 0.70119 0.47054 0.12264 1 103.244 10.068 -6.706 0.34614 -0.7686 -0.32051 0.4321 2 105.629 -9.209 -9.037 0.62777 0.17984 -0.16061 -0.74011 3 
127.099 -28.565 -13.633 0.51735 0.70167 0.47265 0.12888 1 102.7 10.546 -6.762 0.33752 -0.81366 -0.24617 0.40428 2 105.498 -8.936 -7.671 0.68525 0.2121 -0.14112 -0.6823 3 
126.763 -28.078 -13.569 0.51422 0.7015 0.47347 0.13893 1 101.361 11.835 -6.677 0.3024 -0.86766 -0.12468 0.3744 2 103.909 -6.783 -4.992 0.7737 0.2455 -0.1302 -0.56936 3 
126.348 -27.47 -13.459 0.51096 0.70179 0.47227 0.15288 1 98.749 14.051 -6.671 0.24542 -0.91184 -0.01875 0.32858 2 100.017 -2.733 -2.987 0.83916 0.26786 -0.11414 -0.45938 3 
125.893 -26.703 -13.307 0.50673 0.70245 0.47065 0.16814 1 95.018 17.143 -6.896 0.1759 -0.94106 0.0871 0.27546 2 94.115 2.739 -1.572 0.8928 0.27129 -0.09348 -0.34723 3 
125.6 -25.637 -13.049 0.495 0.70774 0.46997 0.1822 1 91.173 20.4 -7.4 0.0881 -0.94966 0.17848 0.24193 2 87.877 8.963 -0.787 0.93693 0.24454 -0.08799 -0.23369 3 
125.407 -24.492 -12.821 0.48055 0.71568 0.46845 0.19347 1 88.085 23.056 -8.142 0.01546 -0.94805 0.2274 0.22194 2 83.137 13.83 -0.913 0.96155 0.20776 -0.0857 -0.15786 3 
125.258 -23.362 -12.631 0.46479 0.72419 0.46709 0.20332 1 86.108 25.019 -9.172 -0.03835 -0.94219 0.26279 0.20432 2 79.951 17.54 -1.614 0.976 0.17697 -0.07977 -0.09873 3 
125.248 -22.323 -12.402 0.4481 0.73302 0.46675 0.20985 1 85.383 26.395 -10.213 -0.08704 -0.93132 0.29373 0.19696 2 78.39 20.758 -2.404 0.98559 0.14407 -0.07807 -0.042 3 
125.316 -21.481 -12.242 0.43097 0.74156 0.46745 0.21408 1 85.307 27.282 -10.906 -0.11498 -0.92396 0.30916 0.19365 2 77.881 22.707 -3.01 0.98939 0.12343 -0.07593 -0.01027 3 
125.223 -20.784 -12.162 0.42179 0.74662 0.46647 0.2169 1 85.148 27.944 -11.284 -0.12986 -0.91973 0.31423 0.19621 2 77.395 23.897 -3.347 0.99133 0.11001 -0.07167 0.00495 3 
124.966 -20.452 -12.07 0.41958 0.74799 0.46465 0.22036 1 84.967 28.354 -11.375 -0.14321 -0.91472 0.3236 0.1951 2 77.261 25.038 -3.379 0.99184 0.09907 -0.07662 0.02391 3 
124.772 -20.224 -12.034 0.41879 0.74821 0.46449 0.22145 1 85.143 28.655 -11.495 -0.13657 -0.91502 0.32637 0.19384 2 77.689 25.311 -3.441 0.99086 0.10296 -0.08295 0.0267 3 
124.59 -20.339 -12.067 0.42235 0.7464 0.46356 0.22275 1 85.257 28.719 -11.538 -0.13247 -0.91401 0.33483 0.18691 2 77.875 25.381 -3.458 0.99059 0.1037 -0.08521 0.02684 3 
124.423 -20.769 -12.08 0.42958 0.74193 0.46359 0.22379 1 85.319 29.073 -11.424 -0.12447 -0.91423 0.36124 0.13493 2 77.651 25.322 -3.442 0.99081 0.10407 -0.08222 0.02671 3 
124.417 -21.372 -12.197 0.43908 0.73628 0.46463 0.22185 1 88.408 31.886 -10.843 -0.11051 -0.91048 0.38413 0.10614 2 77.865 25.373 -3.447 0.99057 0.10427 -0.0848 0.0268 3 
124.893 -21.964 -12.415 0.43892 0.73267 0.47377 0.21466 1 95.034 36.789 -9.529 -0.07352 -0.91671 0.37644 0.11193 2 77.88 25.371 -3.454 0.99053 0.10427 -0.08518 0.02671 3 
124.848 -22.904 -12.617 0.45557 0.72251 0.47559 0.21035 1 103.394 38.187 -7.708 -0.02098 -0.95665 0.2771 0.0871 2 77.872 25.364 -3.453 0.99052 0.10435 -0.0852 0.02668 3 
124.542 -24.099 -12.825 0.47793 0.70837 0.47367 0.21315 1 111.555 35.485 -6.65 0.05962 -0.98662 0.14921 0.02752 2 77.885 25.364 -3.452 0.99054 0.10421 -0.08522 0.02667 3 
124.086 -25.411 -12.952 0.505 0.69038 0.46934 0.21928 1 118.438 29.163 -6.795 0.20213 -0.97082 0.0916 -0.09084 2 77.863 25.354 -3.444 0.99053 0.10434 -0.08511 0.02666 3 
123.768 -26.577 -13.116 0.52576 0.67568 0.46715 0.2209 1 124.354 20.81 -7.384 0.38656 -0.90057 0.10516 -0.16877 2 77.862 25.348 -3.451 0.99053 0.10434 -0.08517 0.02661 3 
123.64 -27.61 -13.321 0.54198 0.66387 0.46942 0.21255 1 127.577 14.643 -8.001 0.45636 -0.85237 0.19412 -0.16588 2 77.857 25.335 -3.446 0.99055 0.10424 -0.0851 0.02657 3 
123.877 -28.559 -13.51 0.54893 0.65878 0.47219 0.20426 1 128.249 13.747 -8.65 0.4457 -0.84276 0.27401 -0.12655 2 77.85 25.335 -3.446 0.99054 0.10434 -0.08512 0.02654 3 
124.241 -29.444 -13.551 0.55264 0.65555 0.47199 0.20512 1 128.583 13.151 -8.68 0.45328 -0.84209 0.26511 -0.12304 2 77.854 25.332 -3.447 0.99055 0.1042 -0.08511 0.02654 3 
124.664 -29.783 -13.702 0.55373 0.65368 0.47421 0.20301 1 128.974 12.944 -8.612 0.46053 -0.83829 0.26475 -0.12287 2 77.85 25.337 -3.446 0.99054 0.10434 -0.08513 0.02658 3 
124.954 -29.874 -13.637 0.55914 0.64915 0.46803 0.21659 1 129.626 13.484 -8.319 0.45741 -0.8432 0.24565 -0.13946 2 77.843 25.328 -3.445 0.99054 0.10434 -0.08513 0.02649 3 
124.683 -30.34 -13.26 0.54208 0.65673 0.42374 0.30871 1 130.342 15.013 -7.889 0.4308 -0.86299 0.20454 -0.1668 2 77.854 25.332 -3.443 0.99055 0.10426 -0.08512 0.02651 3 
124.277 -30.249 -14.618 0.29029 0.64225 0.43773 0.55825 1 130.782 19.614 -7.5 0.33152 -0.91376 0.17864 -0.15242 2 77.845 25.328 -3.447 0.99054 0.10432 -0.0851 0.02649 3 
127.072 -26.613 -16.676 0.08686 0.55683 0.67052 0.48249 1 131.036 25.32 -7.809 0.12081 -0.95591 0.23693 -0.12455 2 77.848 25.331 -3.445 0.99054 0.10431 -0.08513 0.0265 3 
123.383 -17.168 -15.479 0.09213 0.56698 0.76229 0.29827 1 128.563 29.604 -8.314 -0.06913 -0.94392 0.29968 -0.12008 2 77.852 25.332 -3.445 0.99055 0.10426 -0.08511 0.02648 3 
115.366 -4.545 -13.022 0.2687 0.50591 0.74577 0.34013 1 122.755 33.5 -8.38 -0.13556 -0.93182 0.32579 -0.08479 2 77.845 25.327 -3.449 0.99054 0.10431 -0.08513 0.02648 3 
110.217 10.702 -10.584 0.40908 0.41971 0.69096 0.42317 1 116.137 39.176 -8.433 -0.17496 -0.90641 0.38441 -0.00584 2 77.849 25.338 -3.447 0.99054 0.1043 -0.08512 0.02656 3 
106.291 25.003 -9.013 0.3939 0.3681 0.73799 0.40585 1 109.994 45.243 -8.963 -0.21925 -0.87408 0.4326 -0.02756 2 77.854 25.342 -3.445 0.99054 0.10428 -0.08511 0.02658 3 
98.648 33.601 -8.981 0.29808 0.48807 0.74836 0.33599 1 105.604 50.532 -9.314 -0.24042 -0.85172 0.46553 -0.00698 2 77.859 25.347 -3.451 0.99054 0.10429 -0.08513 0.02663 3 
89.552 35.998 -10.408 0.21322 0.64598 0.67025 0.29668 1 101.734 53.688 -10.178 -0.22874 -0.84078 0.48798 -0.05148 2 77.863 25.349 -3.448 0.99055 0.10424 -0.0851 0.02664 3 
83.589 37.437 -12.04 0.20163 0.7024 0.56384 0.38478 1 98.734 55.892 -10.541 -0.21548 -0.83439 0.50348 -0.0622 2 77.868 25.358 -3.447 0.99054 0.1043 -0.08512 0.0266 3 
81.639 39.417 -13.238 0.22193 0.70871 0.47748 0.46956 1 96.395 57.828 -11.368 -0.21376 -0.82787 0.51002 -0.09389 2 77.88 25.373 -3.452 0.99054 0.10428 -0.08514 0.02669 3 
80.856 40.933 -14.023 0.22152 0.70229 0.46612 0.49037 1 95.165 59.341 -11.955 -0.22247 -0.82072 0.51532 -0.1066 2 77.887 25.378 -3.454 0.99054 0.10424 -0.08516 0.02674 3 
80.583 41.625 -14.369 0.21829 0.70866 0.43871 0.50763 1 94.659 60.474 -12.302 -0.22845 -0.81722 0.51753 -0.11014 2 77.887 25.385 -3.454 0.99052 0.10435 -0.08517 0.02678 3 
80.244 42.154 -14.499 0.19792 0.71442 0.41732 0.52562 1 94.131 61.32 -12.505 -0.22801 -0.81478 0.51897 -0.12169 2 77.89 25.386 -3.455 0.99053 0.10431 -0.08516 0.02679 3 
79.966 42.333 -14.383 0.18318 0.71339 0.41516 0.534 1 93.366 61.68 -12.92 -0.22137 -0.81237 0.52491 -0.1246 2 77.894 25.383 -3.46 0.99053 0.10425 -0.08521 0.02682 3 
