121.492 -29.068 -13.332 0.52457 0.68378 0.49271 0.12042 1 120.907 12.734 -10.239 0.50373 -0.78935 0.34402 -0.06958 2 52.807 16.701 -2.223 0.99136 -0.05306 -0.10709 0.05407 3 
121.51 -29.088 -13.34 0.52419 0.68378 0.49336 0.11939 1 120.856 12.74 -10.251 0.50345 -0.78974 0.34351 -0.06969 2 52.809 16.704 -2.223 0.99136 -0.05309 -0.10709 0.05407 3 
121.509 -29.089 -13.364 0.52463 0.68299 0.49424 0.11837 1 120.816 12.729 -10.22 0.50294 -0.79024 0.34287 -0.07075 2 52.807 16.703 -2.223 0.99136 -0.05307 -0.10708 0.05408 3 
121.464 -29.143 -13.39 0.52559 0.68156 0.49538 0.11764 1 120.832 12.689 -10.201 0.50215 -0.79093 0.34217 -0.07208 2 52.809 16.702 -2.223 0.99136 -0.05306 -0.10709 0.05407 3 
121.432 -29.121 -13.405 0.52578 0.68025 0.49719 0.11675 1 120.819 12.667 -10.153 0.50125 -0.7915 0.34166 -0.07439 2 52.807 16.703 -2.224 0.99136 -0.05307 -0.10709 0.05407 3 
121.431 -29.208 -13.447 0.52726 0.67776 0.49856 0.11866 1 120.609 12.694 -9.822 0.50155 -0.79324 0.32389 -0.11964 2 52.808 16.703 -2.223 0.99136 -0.05306 -0.10709 0.05406 3 
121.436 -29.324 -13.426 0.52834 0.67732 0.49748 0.12087 1 119.6 14.514 -8.47 0.51033 -0.80477 0.28337 -0.10771 2 52.806 16.699 -2.222 0.99136 -0.05305 -0.10709 0.05405 3 
121.449 -29.386 -13.444 0.52707 0.6779 0.49866 0.1183 1 116.154 18.095 -6.688 0.50301 -0.83836 0.2099 -0.00915 2 52.806 16.702 -2.223 0.99136 -0.05307 -0.10708 0.05405 3 
121.168 -29.49 -13.447 0.53089 0.67511 0.49864 0.11722 1 109.711 21.558 -4.337 0.42669 -0.87462 0.18991 0.13002 2 52.806 16.699 -2.223 0.99136 -0.05307 -0.10709 0.05405 3 
120.801 -29.52 -13.479 0.53833 0.67056 0.49671 0.1176 1 102.212 23.491 -2.025 0.34868 -0.89097 0.17126 0.2351 2 52.804 16.698 -2.223 0.99136 -0.05304 -0.10708 0.05404 3 
120.599 -29.33 -13.474 0.5394 0.66992 0.4961 0.11894 1 93.576 25.059 -0.766 0.25124 -0.9042 0.2251 0.26196 2 52.805 16.701 -2.223 0.99136 -0.05305 -0.10708 0.05405 3 
120.775 -28.915 -13.382 0.53076 0.67502 0.49841 0.11929 1 84.536 25.674 -1.102 0.12634 -0.9265 0.29211 0.20077 2 52.805 16.698 -2.223 0.99136 -0.05305 -0.10709 0.05404 3 
121.075 -28.342 -13.286 0.51316 0.68416 0.50272 0.12595 1 76.691 24.864 -2.786 0.05874 -0.92973 0.34117 0.12551 2 52.807 16.701 -2.224 0.99136 -0.05306 -0.10709 0.05406 3 
121.326 -27.586 -13.146 0.491 0.69471 0.50715 0.13823 1 70.791 23.138 -5.14 0.00516 -0.92458 0.37495 0.06742 2 52.81 16.704 -2.223 0.99136 -0.0531 -0.10708 0.05409 3 
121.544 -26.59 -13.037 0.46471 0.70551 0.51384 0.14921 1 66.625 21.973 -7.298 -0.06739 -0.90846 0.41136 0.03069 2 52.815 16.709 -2.223 0.99135 -0.05308 -0.10711 0.05411 3 
121.745 -25.59 -12.953 0.43722 0.71452 0.52171 0.16162 1 63.485 21.275 -8.668 -0.11122 -0.901 0.41902 0.01577 2 52.823 16.72 -2.225 0.99135 -0.05311 -0.10713 0.05417 3 
121.827 -24.697 -12.804 0.41546 0.72023 0.52654 0.17725 1 61.2 20.662 -9.476 -0.11975 -0.90755 0.40241 0.00827 2 52.827 16.723 -2.226 0.99134 -0.0531 -0.10715 0.05421 3 
121.894 -23.86 -12.641 0.39702 0.72429 0.5309 0.18955 1 60.008 20.368 -10.18 -0.12673 -0.90668 0.40161 0.02423 2 52.768 16.735 -2.224 0.99143 -0.05301 -0.10632 0.05436 3 
121.805 -23.201 -12.561 0.38505 0.72641 0.53414 0.19688 1 59.505 20.261 -10.581 -0.12485 -0.90137 0.40883 0.06921 2 52.016 16.701 -2.164 0.99253 -0.04966 -0.09738 0.05415 3 
121.879 -22.722 -12.459 0.37731 0.72828 0.53549 0.20124 1 59.337 20.109 -10.632 -0.13302 -0.90987 0.37708 0.11067 2 51.861 16.66 -2.155 0.9918 -0.06147 -0.09717 0.05586 3 
122.037 -22.59 -12.383 0.37537 0.73113 0.53423 0.19785 1 59.441 19.864 -10.543 -0.14822 -0.90967 0.36456 0.13275 2 52.001 16.716 -2.148 0.99062 -0.07725 -0.09678 0.05781 3 
122.523 -22.587 -12.301 0.3684 0.73663 0.53388 0.19141 1 60.466 20.312 -10.097 -0.16679 -0.89976 0.36542 0.17053 2 52.059 17.713 -1.543 0.98958 -0.10748 -0.06764 0.06781 3 
122.726 -22.871 -12.436 0.37432 0.73562 0.53396 0.18338 1 63.15 21.705 -9.009 -0.14284 -0.88878 0.37474 0.22189 2 56.659 19.508 -0.044 0.98425 -0.1042 -0.11453 0.08527 3 
122.321 -23.704 -12.526 0.40071 0.7274 0.52797 0.17768 1 67.114 22.96 -7.639 -0.10807 -0.88506 0.35905 0.27581 2 62.363 19.926 1.536 0.98057 -0.09863 -0.15838 0.0605 3 
121.881 -24.626 -12.662 0.42953 0.71836 0.52099 0.16739 1 72.394 23.461 -6.214 -0.03973 -0.89773 0.30178 0.31849 2 69.075 17.464 2.622 0.97839 -0.06976 -0.19225 -0.03028 3 
121.637 -25.626 -12.797 0.45727 0.7108 0.51201 0.15332 1 78.463 22.854 -5.355 0.03511 -0.90839 0.23513 0.34396 2 76.162 13.816 2.641 0.96972 -0.03126 -0.20451 -0.12981 3 
121.538 -26.652 -12.834 0.48263 0.70424 0.50197 0.13837 1 84.51 21.457 -5.25 0.07753 -0.91259 0.19597 0.35038 2 82.69 10.961 2.113 0.96167 -0.00903 -0.20367 -0.18341 3 
121.623 -27.548 -12.952 0.50025 0.7011 0.49338 0.1216 1 89.793 19.417 -5.563 0.12246 -0.92295 0.13672 0.33835 2 88.058 7.124 0.804 0.94997 0.01765 -0.18569 -0.25052 3 
121.769 -28.31 -13.061 0.51116 0.69952 0.48749 0.10838 1 93.829 16.89 -6.193 0.1636 -0.93301 0.05018 0.31656 2 91.901 2.231 -1.451 0.92143 0.03401 -0.15873 -0.35301 3 
121.763 -29.05 -13.132 0.51982 0.69809 0.48271 0.09719 1 96.499 14.685 -6.874 0.20718 -0.93135 -0.02578 0.29833 2 95.333 -1.554 -3.62 0.88475 0.0606 -0.15175 -0.43649 3 
121.727 -29.739 -13.189 0.52734 0.69645 0.47819 0.09064 1 98.329 13.492 -7.345 0.24179 -0.91709 -0.08395 0.30568 2 98.56 -3.533 -5.133 0.85129 0.07914 -0.178 -0.4872 3 
121.934 -30.23 -13.301 0.52997 0.69568 0.47718 0.08635 1 99.593 12.706 -7.568 0.2619 -0.89536 -0.15564 0.32483 2 100.484 -5.013 -6.574 0.8073 0.07486 -0.20292 -0.54908 3 
122.087 -30.664 -13.352 0.53205 0.69568 0.47534 0.08377 1 100.489 12.229 -7.594 0.28061 -0.86422 -0.22225 0.35352 2 101.87 -5.848 -7.785 0.75905 0.06497 -0.23562 -0.60341 3 
122.184 -30.941 -13.35 0.53107 0.69712 0.4746 0.08208 1 101.386 11.897 -7.428 0.3047 -0.82512 -0.27319 0.38948 2 103.657 -6.242 -8.576 0.7094 0.06137 -0.28508 -0.64166 3 
122.174 -31.137 -13.401 0.53219 0.6972 0.47356 0.08017 1 101.753 11.599 -7.154 0.31165 -0.79729 -0.30471 0.41756 2 104.093 -6.483 -8.967 0.67253 0.04676 -0.31793 -0.66666 3 
122.087 -31.269 -13.399 0.53393 0.69696 0.47239 0.07754 1 101.824 11.301 -6.843 0.31641 -0.77295 -0.32769 0.44165 2 103.886 -6.766 -9.192 0.64126 0.02752 -0.34247 -0.6861 3 
122.027 -31.295 -13.412 0.53457 0.69674 0.47278 0.07264 1 101.997 10.977 -6.614 0.3325 -0.74649 -0.34613 0.46086 2 104.432 -6.914 -9.495 0.61062 0.02612 -0.37299 -0.6981 3 
121.898 -31.395 -13.456 0.53589 0.69639 0.47248 0.06803 1 102.073 10.666 -6.495 0.34221 -0.72727 -0.35977 0.47385 2 104.581 -7.022 -9.776 0.58593 0.02184 -0.39403 -0.70777 3 
121.88 -31.389 -13.515 0.53551 0.69649 0.47319 0.06504 1 101.869 10.589 -6.291 0.33905 -0.72565 -0.35877 0.47934 2 104.164 -7.14 -9.583 0.58477 0.01292 -0.39753 -0.707 3 
121.943 -31.385 -13.499 0.53483 0.6964 0.47412 0.06474 1 101.732 10.636 -6.15 0.33622 -0.72384 -0.36058 0.48269 2 103.935 -7.053 -9.461 0.58293 0.00857 -0.40109 -0.70658 3 
122.01 -31.407 -13.535 0.53404 0.69635 0.47522 0.06373 1 101.71 10.686 -6.035 0.33584 -0.71671 -0.37024 0.48627 2 103.798 -6.886 -9.488 0.57323 0.00678 -0.40636 -0.7115 3 
122.073 -31.435 -13.534 0.5344 0.69552 0.47611 0.06324 1 101.7 10.66 -5.899 0.33368 -0.71283 -0.37305 0.49129 2 103.687 -6.878 -9.394 0.56978 0.00221 -0.41092 -0.71169 3 
122.13 -31.386 -13.564 0.53416 0.69567 0.4763 0.06204 1 101.718 10.616 -5.809 0.33316 -0.71025 -0.37294 0.49545 2 103.729 -6.931 -9.283 0.56859 0.00093 -0.41503 -0.71025 3 
122.183 -31.354 -13.558 0.53389 0.69546 0.47697 0.06156 1 101.776 10.506 -5.781 0.33472 -0.70788 -0.37295 0.49776 2 103.866 -7.052 -9.274 0.56734 0.00162 -0.41782 -0.70961 3 
122.27 -31.366 -13.575 0.53339 0.69583 0.47702 0.06138 1 101.79 10.45 -5.81 0.33689 -0.71137 -0.36784 0.49514 2 104.1 -7.14 -9.225 0.57316 0.00727 -0.41617 -0.70586 3 
122.374 -31.263 -13.55 0.53173 0.69647 0.47801 0.06084 1 101.768 10.377 -5.91 0.33738 -0.71468 -0.36578 0.49154 2 104.139 -7.229 -9.273 0.57642 0.01005 -0.41238 -0.70539 3 
122.436 -31.22 -13.562 0.5307 0.697 0.47829 0.06157 1 101.705 10.34 -5.959 0.34096 -0.71527 -0.36571 0.48825 2 104.18 -7.231 -9.365 0.57628 0.01463 -0.41035 -0.70661 3 
122.471 -31.147 -13.527 0.52939 0.6974 0.47913 0.06178 1 101.651 10.381 -5.967 0.34374 -0.71549 -0.36324 0.48783 2 104.305 -7.198 -9.349 0.57806 0.01904 -0.41169 -0.70427 3 
122.47 -31.058 -13.566 0.52848 0.69751 0.47994 0.06205 1 101.628 10.3 -6.022 0.34528 -0.71883 -0.35722 0.48627 2 104.471 -7.332 -9.285 0.58407 0.02279 -0.40996 -0.7002 3 
122.469 -30.958 -13.562 0.52828 0.69737 0.48031 0.0625 1 101.562 10.169 -6.154 0.34676 -0.72948 -0.34607 0.47734 2 104.615 -7.576 -9.272 0.59615 0.03054 -0.39998 -0.69548 3 
122.427 -30.857 -13.568 0.52695 0.69782 0.48127 0.06124 1 101.448 10.169 -6.309 0.34514 -0.76186 -0.30546 0.45512 2 105.109 -7.855 -8.628 0.63862 0.05059 -0.37484 -0.67015 3 
122.375 -30.693 -13.531 0.52516 0.6991 0.4811 0.06328 1 101.177 10.183 -6.491 0.33526 -0.81338 -0.22436 0.41915 2 105.297 -8.086 -7.224 0.71218 0.07331 -0.3325 -0.61389 3 
122.314 -30.5 -13.514 0.52299 0.70006 0.48179 0.06539 1 100.61 10.479 -6.612 0.31127 -0.86815 -0.09601 0.37444 2 104.573 -6.991 -4.65 0.80987 0.0993 -0.28101 -0.50526 3 
122.153 -30.337 -13.469 0.52233 0.7008 0.48091 0.06912 1 99.61 11.166 -6.695 0.26782 -0.90956 0.04988 0.31383 2 102.121 -4.087 -2.276 0.89282 0.12156 -0.22141 -0.37294 3 
121.954 -29.992 -13.431 0.51907 0.70231 0.48166 0.07301 1 98.867 11.838 -6.937 0.22377 -0.92079 0.18228 0.26238 2 99.258 -0.468 -0.51 0.9471 0.13862 -0.16552 -0.23749 3 
121.708 -29.665 -13.358 0.51733 0.70277 0.482 0.07846 1 98.039 12.218 -7.209 0.18441 -0.91807 0.27131 0.22257 2 96.49 2.472 0.162 0.97203 0.14499 -0.12469 -0.13635 3 
121.407 -29.214 -13.301 0.51422 0.70416 0.48253 0.0831 1 95.968 12.862 -7.43 0.14165 -0.91681 0.31482 0.20068 2 92.722 4.515 0.312 0.98349 0.12793 -0.09496 -0.08586 3 
121.087 -28.679 -13.27 0.50904 0.70586 0.48436 0.08965 1 91.889 14.163 -7.559 0.08973 -0.91761 0.33165 0.19985 2 87.391 6.852 0.369 0.99075 0.08934 -0.08442 -0.05749 3 
120.817 -27.941 -13.113 0.50064 0.70841 0.48727 0.1004 1 86.08 15.743 -7.677 0.03821 -0.92174 0.32752 0.20413 2 80.796 9.054 0.341 0.99417 0.04493 -0.08694 -0.04528 3 
120.689 -26.868 -12.976 0.48492 0.71414 0.49192 0.11347 1 79.486 17.177 -7.791 -0.00285 -0.9235 0.32422 0.20497 2 74.26 10.863 0.373 0.99313 0.01092 -0.10965 -0.03933 3 
120.837 -25.442 -12.81 0.45575 0.72369 0.50221 0.12783 1 72.985 18.188 -7.953 -0.03968 -0.91924 0.33338 0.20562 2 68.099 12.602 0.435 0.99012 -0.01726 -0.13794 -0.01846 3 
121.174 -24.039 -12.548 0.42525 0.7349 0.50947 0.13977 1 67.564 18.745 -8.232 -0.06063 -0.91472 0.34724 0.19756 2 62.746 13.961 0.336 0.98839 -0.02726 -0.14914 0.01008 3 
121.516 -22.603 -12.353 0.39603 0.74685 0.51295 0.14922 1 63.5 18.917 -8.771 -0.08935 -0.9121 0.35472 0.1851 2 57.969 14.844 -0.146 0.98878 -0.04482 -0.13858 0.03312 3 
121.777 -21.316 -12.066 0.37239 0.75643 0.51442 0.15658 1 61.02 19.013 -9.391 -0.1076 -0.91498 0.34822 0.17313 2 54.919 15.044 -0.883 0.98928 -0.05713 -0.12954 0.03587 3 
121.878 -20.329 -11.929 0.35621 0.76145 0.51707 0.16111 1 59.828 19.154 -9.917 -0.11685 -0.91903 0.33819 0.1654 2 53.318 15.056 -1.539 0.98998 -0.06361 -0.1223 0.03061 3 
121.873 -19.6 -11.762 0.34801 0.76325 0.5183 0.16648 1 59.535 19.378 -10.368 -0.12681 -0.91956 0.33551 0.16047 2 52.556 15.396 -2.059 0.99076 -0.07027 -0.11103 0.03353 3 
121.821 -19.186 -11.797 0.34557 0.76291 0.51898 0.17089 1 59.526 19.735 -10.627 -0.13487 -0.91253 0.34981 0.16348 2 52.496 16.413 -2.192 0.98962 -0.07535 -0.10904 0.05559 3 
121.946 -18.969 -11.748 0.34545 0.76208 0.51902 0.1747 1 59.67 19.943 -10.662 -0.12878 -0.91396 0.3481 0.16406 2 52.826 16.635 -2.212 0.98931 -0.0715 -0.11299 0.05812 3 
122.277 -19.039 -11.753 0.34579 0.76163 0.51902 0.17596 1 59.756 19.931 -10.633 -0.12719 -0.91456 0.34955 0.15881 2 52.773 16.578 -2.217 0.98993 -0.06979 -0.10913 0.05709 3 
122.7 -19.534 -11.856 0.35295 0.75967 0.51717 0.1757 1 59.76 19.905 -10.581 -0.12965 -0.91375 0.35853 0.14037 2 52.701 16.551 -2.224 0.99015 -0.06918 -0.10777 0.05657 3 
123.38 -20.552 -11.883 0.36217 0.75764 0.51263 0.17893 1 60.257 20.249 -10.415 -0.12427 -0.91465 0.37605 0.08095 2 52.637 16.517 -2.216 0.99033 -0.06769 -0.10729 0.0561 3 
123.376 -23.237 -11.681 0.39387 0.74434 0.4796 0.24658 1 64.017 21.502 -10.066 -0.12072 -0.90725 0.39774 0.06422 2 52.646 16.519 -2.218 0.99032 -0.06781 -0.10735 0.05608 3 
123.799 -26.702 -12.429 0.32469 0.74215 0.46193 0.36112 1 71.687 23.28 -9.237 -0.0929 -0.89542 0.41764 0.12313 2 52.645 16.516 -2.216 0.99032 -0.0679 -0.10727 0.05606 3 
127.579 -27.073 -15.264 0.0889 0.71359 0.61076 0.33145 1 82.535 24.776 -8.412 -0.03982 -0.86004 0.46758 0.20027 2 52.592 16.461 -2.21 0.99037 -0.0676 -0.10723 0.05576 3 
126.168 -26.5 -16.122 0.06892 0.70639 0.64386 0.28586 1 93.744 25.788 -7.839 0.0416 -0.86237 0.48198 0.14927 2 52.576 16.438 -2.21 0.99037 -0.06773 -0.1072 0.05557 3 
123.922 -21.782 -16.576 0.10961 0.55404 0.73699 0.37131 1 103.896 25.77 -7.993 0.0502 -0.88629 0.46028 0.01048 2 52.59 16.453 -2.211 0.99036 -0.06767 -0.10724 0.05565 3 
126.661 -16.036 -18.218 0.00727 0.28161 0.90237 0.32614 1 111.753 25.303 -9.115 0.00212 -0.85861 0.49167 -0.14508 2 52.575 16.441 -2.21 0.99038 -0.06754 -0.10722 0.05558 3 
124.091 -12.488 -17.069 0.07826 0.23859 0.9144 0.31754 1 116.491 25.34 -10.389 -0.05924 -0.84212 0.46996 -0.25781 2 52.585 16.449 -2.211 0.99037 -0.06773 -0.10721 0.05563 3 
118.807 -7.48 -15.087 0.14977 0.32892 0.86048 0.35911 1 117.745 27.068 -10.98 -0.08696 -0.83617 0.46801 -0.27242 2 52.581 16.448 -2.209 0.99037 -0.06763 -0.10721 0.05564 3 
111.752 0.19 -12.988 0.24997 0.41461 0.77379 0.40848 1 116.495 31.624 -10.609 -0.10996 -0.85113 0.46705 -0.21297 2 52.579 16.446 -2.211 0.99037 -0.06765 -0.10721 0.05563 3 
104.974 10.402 -10.354 0.40788 0.45328 0.66103 0.43727 1 113.1 39.216 -9.773 -0.19437 -0.86106 0.46127 -0.0896 2 52.593 16.464 -2.213 0.99036 -0.06773 -0.10723 0.05572 3 
99.198 20.9 -8.606 0.45135 0.56187 0.55446 0.41613 1 108.186 46.487 -8.709 -0.2491 -0.85355 0.45736 -0.01521 2 52.581 16.452 -2.211 0.99037 -0.06762 -0.10721 0.05568 3 
92.077 29.734 -9.155 0.39418 0.68728 0.47584 0.38191 1 102.759 51.849 -9.02 -0.24116 -0.84331 0.47679 -0.05779 2 52.592 16.461 -2.212 0.99036 -0.06767 -0.10722 0.05571 3 
85.732 34.504 -10.395 0.3113 0.75336 0.43873 0.37822 1 98.949 55.897 -10.007 -0.25078 -0.83321 0.48169 -0.10412 2 52.598 16.471 -2.212 0.99036 -0.0677 -0.10721 0.05576 3 
82.54 37.419 -11.689 0.29705 0.752 0.38378 0.44605 1 97.035 58.517 -10.812 -0.26024 -0.83006 0.4741 -0.13602 2 52.604 16.476 -2.213 0.99036 -0.06769 -0.10723 0.05583 3 
81.305 39.837 -12.777 0.28294 0.73298 0.36623 0.49857 1 95.381 60.086 -11.454 -0.24664 -0.82114 0.49609 -0.13709 2 52.626 16.499 -2.216 0.99034 -0.06778 -0.10725 0.05594 3 
80.659 40.809 -13.958 0.24987 0.7222 0.35109 0.54104 1 94.203 61.03 -11.786 -0.24695 -0.82164 0.49246 -0.14633 2 52.627 16.503 -2.216 0.99034 -0.06777 -0.10726 0.05599 3 
80.778 41.306 -14.364 0.23088 0.71633 0.33786 0.56517 1 93.09 61.813 -12.778 -0.24176 -0.82017 0.49631 -0.15015 2 52.628 16.503 -2.215 0.99034 -0.06774 -0.10725 0.05597 3 
