119.405 -29.322 -12.957 0.52772 0.68873 0.46629 0.17244 1 118.49 11.992 -9.824 0.51561 -0.78752 0.3309 -0.06681 2 44.124 -8.656 9.167 0.97085 0.03567 -0.23456 -0.03401 3 
119.391 -29.412 -12.965 0.52809 0.6887 0.46652 0.17077 1 118.415 11.919 -9.825 0.51667 -0.78726 0.32991 -0.06657 2 44.124 -8.655 9.166 0.97085 0.03567 -0.23456 -0.03401 3 
119.363 -29.42 -12.99 0.52859 0.68859 0.46697 0.16847 1 118.332 11.882 -9.821 0.51729 -0.78696 0.32963 -0.06672 2 44.124 -8.656 9.167 0.97085 0.03567 -0.23455 -0.03401 3 
119.354 -29.414 -13.005 0.52816 0.68891 0.4676 0.16671 1 118.304 11.851 -9.828 0.51702 -0.7871 0.3297 -0.06682 2 44.124 -8.657 9.166 0.97085 0.03565 -0.23455 -0.03402 3 
119.367 -29.448 -13.011 0.52847 0.68801 0.46909 0.16528 1 118.276 11.852 -9.823 0.5165 -0.78702 0.32991 -0.07065 2 44.124 -8.656 9.166 0.97085 0.03567 -0.23455 -0.03402 3 
119.351 -29.499 -13.007 0.52687 0.68751 0.47063 0.16806 1 117.801 12.446 -9.36 0.52137 -0.78581 0.30247 -0.1385 2 44.124 -8.656 9.167 0.97086 0.03567 -0.23454 -0.03401 3 
119.293 -29.594 -12.997 0.52514 0.68812 0.47064 0.17093 1 115.008 17.33 -8.141 0.40512 -0.85195 0.32416 -0.0706 2 44.124 -8.657 9.167 0.97086 0.03566 -0.23454 -0.03402 3 
119.215 -29.541 -13.027 0.52378 0.68764 0.47357 0.16896 1 107.499 20.439 -5.811 0.24304 -0.86455 0.42018 0.13013 2 44.123 -8.656 9.167 0.97086 0.03567 -0.23453 -0.03401 3 
118.825 -29.512 -13.06 0.52855 0.68321 0.47385 0.17126 1 97.97 19.579 -2.502 0.24311 -0.82965 0.42608 0.26653 2 44.124 -8.656 9.166 0.97086 0.03566 -0.23454 -0.03401 3 
118.669 -29.548 -13.055 0.52982 0.68121 0.47556 0.17057 1 87.466 17.093 0.215 0.23898 -0.80395 0.45287 0.30242 2 44.124 -8.657 9.167 0.97086 0.03566 -0.23454 -0.03402 3 
119.138 -29.314 -13.171 0.50864 0.68861 0.49016 0.16385 1 76.775 12.831 1.869 0.23495 -0.81182 0.45359 0.28283 2 44.123 -8.657 9.167 0.97086 0.03565 -0.23454 -0.03402 3 
119.674 -29.134 -13.209 0.48592 0.69656 0.50166 0.16439 1 66.849 7.664 1.916 0.21252 -0.83973 0.44036 0.23616 2 44.124 -8.657 9.167 0.97086 0.03565 -0.23454 -0.03403 3 
120.42 -28.815 -13.31 0.45632 0.70424 0.51737 0.16777 1 58.527 3.075 0.756 0.17521 -0.87583 0.40666 0.19197 2 44.124 -8.656 9.166 0.97085 0.03567 -0.23455 -0.03401 3 
121.193 -28.391 -13.391 0.42617 0.71018 0.532 0.17607 1 52.535 0.317 -0.72 0.12286 -0.89128 0.40436 0.16436 2 44.124 -8.656 9.166 0.97085 0.03567 -0.23458 -0.03401 3 
121.88 -28.074 -13.507 0.4002 0.71291 0.54357 0.19006 1 48.973 -1.488 -1.83 0.10265 -0.90118 0.38714 0.16572 2 44.124 -8.655 9.165 0.97084 0.03569 -0.23459 -0.03401 3 
122.025 -27.856 -13.53 0.38279 0.71214 0.55337 0.20027 1 46.877 -2.391 -2.525 0.09608 -0.90301 0.37851 0.17909 2 44.124 -8.656 9.164 0.97084 0.03568 -0.2346 -0.03402 3 
121.928 -27.787 -13.573 0.37357 0.70867 0.56182 0.20639 1 45.646 -2.606 -2.887 0.06964 -0.89704 0.37839 0.21746 2 44.002 -8.66 9.194 0.97124 0.03554 -0.23293 -0.03414 3 
121.755 -27.859 -13.616 0.36731 0.70761 0.56548 0.21117 1 45.073 -2.601 -2.964 0.04292 -0.88616 0.38364 0.25632 2 43.52 -8.695 9.303 0.97148 0.05512 -0.22706 -0.04043 3 
121.638 -27.981 -13.642 0.36253 0.70846 0.56791 0.21011 1 44.787 -2.501 -2.867 0.02728 -0.88839 0.35699 0.28737 2 43.149 -8.764 9.388 0.97106 0.06634 -0.22489 -0.04552 3 
121.61 -28.063 -13.647 0.36021 0.70852 0.57047 0.20693 1 44.68 -2.418 -2.885 0.03127 -0.88275 0.35661 0.3043 2 43.347 -8.6 9.343 0.96941 0.07694 -0.22865 -0.04515 3 
121.718 -28.212 -13.554 0.35777 0.71043 0.56943 0.20744 1 45.582 -2.172 -2.818 0.01873 -0.86777 0.37637 0.32399 2 44.49 -7.138 9.433 0.96884 0.0661 -0.23858 -0.00792 3 
121.914 -28.235 -13.534 0.35711 0.71404 0.56655 0.20404 1 48.485 -0.973 -2.322 0.0269 -0.82347 0.43798 0.35963 2 48.462 -2.664 10.226 0.95731 0.08582 -0.25943 0.09434 3 
121.716 -28.395 -13.45 0.36993 0.71545 0.55829 0.19896 1 53.247 0.774 -1.531 0.08439 -0.79407 0.46087 0.38721 2 55.074 -0.439 10.84 0.94147 0.13802 -0.28861 0.10623 3 
121.519 -28.418 -13.391 0.38936 0.7161 0.54777 0.18855 1 59.698 2.828 -0.648 0.17658 -0.80061 0.4115 0.39813 2 63.183 -1.597 11.056 0.93374 0.20552 -0.29301 0.00575 3 
121.415 -28.446 -13.237 0.41091 0.71875 0.53085 0.18095 1 66.604 4.85 -0.396 0.24615 -0.82174 0.34568 0.38035 2 70.407 -2.92 10.03 0.92755 0.25315 -0.25722 -0.09697 3 
121.348 -28.526 -13.093 0.43419 0.72076 0.51159 0.17393 1 73.267 6.765 -0.781 0.29666 -0.84681 0.26335 0.35433 2 76.753 -4.175 7.892 0.91739 0.27683 -0.20646 -0.19782 3 
121.374 -28.36 -13.01 0.45405 0.72162 0.49685 0.16198 1 79.446 8.473 -1.548 0.32348 -0.86932 0.1615 0.337 2 82.59 -5.399 5.014 0.89844 0.26664 -0.1689 -0.30525 3 
121.549 -28.092 -12.904 0.4676 0.72184 0.48746 0.15061 1 85.04 9.757 -2.499 0.33557 -0.87466 0.05804 0.34495 2 88.154 -6.039 2.159 0.87154 0.23794 -0.16324 -0.39642 3 
121.422 -27.957 -12.825 0.48169 0.72159 0.47588 0.14427 1 89.716 10.241 -3.471 0.35713 -0.85735 -0.06959 0.36409 2 93.259 -7.051 -1.047 0.82208 0.21188 -0.17746 -0.4978 3 
121.189 -27.858 -12.773 0.49463 0.72043 0.46587 0.13889 1 92.936 10.689 -4.424 0.38712 -0.812 -0.18506 0.39567 2 97.268 -7.374 -4.172 0.75298 0.18859 -0.21746 -0.59175 3 
121.035 -27.824 -12.707 0.50235 0.72113 0.45732 0.13596 1 95.13 10.87 -5.033 0.40873 -0.76153 -0.26671 0.42647 2 100.163 -7.16 -6.42 0.68698 0.17406 -0.26497 -0.65387 3 
120.967 -27.862 -12.682 0.50651 0.72282 0.45126 0.13173 1 96.087 10.788 -5.335 0.42541 -0.72934 -0.29815 0.4452 2 101.507 -7.034 -7.505 0.65128 0.16614 -0.2954 -0.67895 3 
120.993 -27.997 -12.685 0.50853 0.72475 0.44722 0.12702 1 96.311 10.68 -5.54 0.44332 -0.69758 -0.32658 0.45847 2 102.17 -6.713 -8.489 0.61273 0.16666 -0.32547 -0.70061 3 
121.24 -28.117 -12.698 0.50597 0.72738 0.44742 0.12134 1 96.549 10.175 -5.451 0.44761 -0.67176 -0.342 0.48105 2 102.358 -6.992 -8.866 0.58615 0.15058 -0.35594 -0.71209 3 
121.576 -28.328 -12.78 0.50323 0.72947 0.44881 0.11491 1 96.742 9.51 -5.215 0.45431 -0.65645 -0.34345 0.49468 2 102.77 -7.526 -8.74 0.57527 0.14684 -0.37533 -0.71178 3 
121.865 -28.526 -12.834 0.50238 0.73081 0.44905 0.10905 1 96.927 8.993 -5.035 0.45823 -0.64729 -0.34436 0.50245 2 103.18 -7.956 -8.629 0.56955 0.14764 -0.38718 -0.70986 3 
122.103 -28.704 -12.898 0.50203 0.73091 0.45055 0.1036 1 97.028 8.659 -4.856 0.45614 -0.64453 -0.3418 0.5096 2 103.26 -8.352 -8.376 0.57122 0.14245 -0.39337 -0.70617 3 
122.282 -28.896 -12.911 0.50069 0.73145 0.4517 0.10124 1 97.092 8.543 -4.73 0.45379 -0.64065 -0.34268 0.51596 2 103.242 -8.465 -8.237 0.56912 0.13626 -0.39986 -0.70544 3 
122.35 -29.078 -12.999 0.50034 0.73075 0.4535 0.09995 1 97.178 8.512 -4.589 0.45674 -0.62848 -0.35447 0.52033 2 103.282 -8.308 -8.356 0.55484 0.13527 -0.40855 -0.712 3 
122.356 -29.236 -13 0.50118 0.72945 0.45449 0.10083 1 97.313 8.383 -4.457 0.45982 -0.62302 -0.35695 0.5225 2 103.48 -8.364 -8.37 0.54997 0.13594 -0.4129 -0.71313 3 
122.316 -29.323 -13.018 0.5021 0.72815 0.45536 0.10172 1 97.369 8.289 -4.432 0.46035 -0.62211 -0.35654 0.52339 2 103.604 -8.455 -8.277 0.55024 0.13707 -0.41446 -0.71181 3 
122.301 -29.431 -13.049 0.50287 0.72716 0.45562 0.10374 1 97.374 8.238 -4.427 0.45855 -0.62235 -0.35828 0.5235 2 103.474 -8.543 -8.301 0.54962 0.13396 -0.41325 -0.71358 3 
122.301 -29.486 -13.056 0.50254 0.72667 0.45655 0.10471 1 97.347 8.23 -4.383 0.45814 -0.62294 -0.35829 0.52315 2 103.449 -8.548 -8.239 0.5501 0.13437 -0.41274 -0.71343 3 
122.253 -29.536 -13.073 0.50245 0.72639 0.45696 0.10533 1 97.316 8.226 -4.373 0.45842 -0.62207 -0.36055 0.52238 2 103.401 -8.491 -8.275 0.54791 0.13537 -0.41265 -0.71497 3 
122.193 -29.558 -13.026 0.50241 0.72622 0.45706 0.10623 1 97.141 8.277 -4.439 0.45976 -0.62416 -0.36157 0.518 2 103.297 -8.433 -8.362 0.54922 0.13999 -0.40793 -0.71579 3 
122.142 -29.543 -13.049 0.50148 0.72679 0.45714 0.10639 1 97.036 8.266 -4.53 0.46081 -0.62822 -0.36098 0.51253 2 103.245 -8.436 -8.437 0.55165 0.14462 -0.40222 -0.71624 3 
122.122 -29.429 -13.065 0.49979 0.72697 0.45866 0.10658 1 96.865 8.222 -4.637 0.46182 -0.64108 -0.34844 0.50431 2 103.361 -8.598 -8.307 0.56532 0.15464 -0.39205 -0.70908 3 
122.036 -29.339 -13.086 0.49862 0.72686 0.46009 0.10661 1 96.536 7.995 -4.731 0.46169 -0.68585 -0.295 0.47899 2 103.714 -9.286 -7.335 0.61516 0.17999 -0.36059 -0.67762 3 
121.928 -29.248 -13.097 0.49458 0.72822 0.46214 0.10728 1 96.089 7.693 -4.676 0.45397 -0.75669 -0.1671 0.43979 2 104.125 -9.827 -4.625 0.71166 0.22105 -0.31763 -0.58634 3 
121.783 -29.104 -13.042 0.4897 0.72942 0.46495 0.10936 1 94.226 7.52 -4.387 0.4082 -0.83094 0.0149 0.37773 2 101.113 -8.601 -0.781 0.8221 0.25474 -0.25465 -0.44093 3 
121.5 -29.059 -13.043 0.48386 0.73034 0.46895 0.11214 1 90.484 7.573 -4.275 0.33329 -0.87046 0.20615 0.29784 2 93.926 -5.325 2.418 0.9049 0.28054 -0.17563 -0.26759 3 
121.147 -29.001 -13.075 0.47641 0.73144 0.47435 0.1141 1 85.4 7.203 -4.275 0.25876 -0.8681 0.35531 0.23066 2 85.26 -1.743 4.252 0.94182 0.29438 -0.11983 -0.10934 3 
120.92 -28.868 -13.064 0.46281 0.7331 0.48384 0.11944 1 79.537 6.261 -3.825 0.21215 -0.85097 0.42275 0.22832 2 78.197 -0.231 5.61 0.95209 0.27883 -0.12216 -0.02941 3 
121.02 -28.735 -13.109 0.44161 0.73638 0.49632 0.12808 1 72.539 4.974 -2.685 0.18975 -0.84488 0.4156 0.27831 2 72.695 -1.103 7.414 0.9535 0.23747 -0.1828 -0.03191 3 
121.323 -28.422 -13.133 0.41621 0.74011 0.51057 0.13535 1 65.235 3.615 -1.671 0.16146 -0.8447 0.40048 0.31628 2 66.836 -2.697 8.989 0.95075 0.18862 -0.24132 -0.0476 3 
121.608 -28.029 -13.24 0.38862 0.74405 0.52432 0.14297 1 58.285 2.286 -1.308 0.14553 -0.84936 0.39856 0.31394 2 60.601 -3.9 9.826 0.94503 0.17479 -0.27291 -0.04344 3 
121.728 -27.567 -13.129 0.36449 0.74708 0.53569 0.14851 1 52.568 1.09 -1.437 0.12575 -0.85842 0.40395 0.29004 2 54.284 -5.089 10.114 0.94818 0.16887 -0.26623 -0.03944 3 
121.921 -27.093 -13.07 0.34162 0.74969 0.54559 0.1536 1 48.542 0.429 -1.805 0.10653 -0.86593 0.40959 0.26657 2 49.476 -5.64 10.091 0.95272 0.1648 -0.25309 -0.03331 3 
121.869 -26.838 -12.987 0.32989 0.75005 0.55104 0.15793 1 46.17 0.013 -2.21 0.08677 -0.87749 0.39349 0.26007 2 46.462 -6.64 9.638 0.95744 0.14699 -0.24312 -0.05099 3 
121.628 -26.735 -12.9 0.32382 0.74845 0.55459 0.16554 1 44.781 -0.214 -2.56 0.07638 -0.88527 0.37965 0.25754 2 44.639 -7.381 9.206 0.95999 0.1368 -0.23483 -0.06756 3 
121.324 -26.66 -12.873 0.32233 0.74602 0.55666 0.17228 1 44.078 -0.241 -2.657 0.06441 -0.88229 0.39122 0.2537 2 43.594 -6.649 9.391 0.96292 0.13162 -0.23165 -0.04245 3 
121.014 -26.796 -12.879 0.32817 0.7421 0.55631 0.17919 1 43.993 -0.551 -2.62 0.06672 -0.88535 0.38005 0.25935 2 43.469 -7.377 9.386 0.96328 0.12861 -0.22903 -0.05574 3 
120.789 -27.031 -12.931 0.33328 0.73982 0.55475 0.18398 1 44.239 -0.772 -2.582 0.04811 -0.88776 0.37198 0.26683 2 43.305 -7.262 9.405 0.96696 0.10542 -0.22747 -0.04611 3 
120.728 -27.372 -12.936 0.34081 0.73757 0.55239 0.18632 1 44.637 -1.337 -2.556 0.02383 -0.88845 0.36543 0.27666 2 43.235 -7.524 9.406 0.97036 0.07269 -0.22704 -0.03974 3 
121.055 -27.8 -13.002 0.34588 0.73694 0.55011 0.18617 1 44.746 -1.158 -2.57 0.03058 -0.89281 0.37345 0.24999 2 43.367 -7.482 9.377 0.97025 0.06936 -0.22891 -0.03752 3 
121.44 -28.405 -13.152 0.3557 0.73388 0.54877 0.18369 1 46.408 -0.44 -2.703 0.03203 -0.8905 0.41569 0.18217 2 43.894 -7.395 9.254 0.96856 0.07061 -0.23577 -0.03633 3 
121.412 -29.438 -13.436 0.37985 0.7233 0.54628 0.18473 1 50.77 0.8 -2.561 0.06027 -0.87034 0.44973 0.19139 2 43.851 -7.38 9.265 0.96866 0.07058 -0.23535 -0.03645 3 
121.172 -30.646 -13.678 0.41345 0.70831 0.54118 0.1857 1 56.315 2.528 -2.278 0.09314 -0.85986 0.45338 0.21546 2 43.881 -7.365 9.26 0.96857 0.07061 -0.23574 -0.03627 3 
120.646 -31.968 -13.864 0.45288 0.69003 0.53067 0.19274 1 62.139 4.109 -1.995 0.1137 -0.84404 0.47183 0.22814 2 43.881 -7.36 9.259 0.96857 0.07066 -0.23571 -0.03629 3 
120.016 -33.068 -13.822 0.48996 0.67085 0.51612 0.20861 1 68.62 6.157 -1.284 0.14686 -0.80421 0.51694 0.25388 2 43.882 -7.361 9.259 0.96857 0.07061 -0.23574 -0.03629 3 
119.433 -33.565 -13.861 0.51793 0.65411 0.50469 0.22175 1 77.047 9.453 0.174 0.18373 -0.77834 0.49756 0.33594 2 43.877 -7.365 9.261 0.96859 0.07061 -0.23566 -0.03628 3 
119.12 -33.344 -13.91 0.53971 0.63758 0.50009 0.22828 1 85.908 14.528 1.115 0.16139 -0.76596 0.46989 0.40799 2 43.881 -7.359 9.259 0.96858 0.07063 -0.2357 -0.03628 3 
119.001 -32.487 -13.784 0.55296 0.63033 0.49276 0.23261 1 94.273 20.979 1.293 0.11399 -0.73074 0.4922 0.45909 2 43.881 -7.361 9.26 0.96857 0.07061 -0.23572 -0.03627 3 
118.628 -31.055 -13.38 0.55556 0.63078 0.47086 0.26787 1 102.32 27.821 0.96 0.02667 -0.70702 0.50426 0.49511 2 43.881 -7.361 9.26 0.96858 0.07066 -0.23568 -0.03627 3 
116.503 -28.321 -12.653 0.49673 0.62602 0.39855 0.45002 1 108.602 33.945 -0.37 -0.09343 -0.73704 0.50106 0.44383 2 43.88 -7.36 9.261 0.96858 0.07061 -0.23571 -0.03628 3 
116.436 -20.075 -13.924 0.28176 0.44489 0.63247 0.56804 1 111.61 38.946 -2.881 -0.20126 -0.75824 0.53001 0.32197 2 43.879 -7.36 9.26 0.96858 0.07061 -0.2357 -0.03627 3 
114.412 -11.914 -14.879 0.22804 0.36499 0.74792 0.50537 1 112.166 43.561 -5.705 -0.26808 -0.76671 0.55336 0.18463 2 43.881 -7.362 9.261 0.96858 0.07065 -0.23569 -0.03628 3 
112.244 1.194 -14.945 0.19949 0.28868 0.80303 0.48167 1 111.412 47.357 -7.934 -0.31131 -0.77213 0.54616 0.0928 2 43.88 -7.36 9.26 0.96858 0.07062 -0.2357 -0.03627 3 
110.042 13.587 -15.454 0.1883 0.2201 0.76835 0.57072 1 109.99 50.411 -9.432 -0.31132 -0.76895 0.55742 0.03282 2 43.879 -7.36 9.261 0.96858 0.07062 -0.23568 -0.03628 3 
106.616 24.618 -13.611 0.26149 0.32588 0.69983 0.57936 1 107.148 52.719 -9.683 -0.27989 -0.80121 0.52876 -0.01131 2 43.882 -7.361 9.26 0.96858 0.07064 -0.2357 -0.03626 3 
99.677 33.296 -11.878 0.27686 0.44892 0.72264 0.44677 1 103.587 55.254 -10.183 -0.2558 -0.82188 0.5089 -0.01011 2 43.878 -7.36 9.261 0.96858 0.07063 -0.23569 -0.03628 3 
91.505 37.03 -11.683 0.26185 0.59565 0.6583 0.37852 1 100.128 58.002 -10.482 -0.24568 -0.82233 0.51252 -0.027 2 43.881 -7.36 9.26 0.96857 0.07063 -0.23571 -0.03627 3 
85.095 38.041 -12.361 0.23712 0.70779 0.54672 0.37934 1 96.921 59.8 -11.698 -0.22583 -0.82374 0.51702 -0.05615 2 43.88 -7.362 9.261 0.96858 0.07063 -0.23569 -0.03626 3 
82.163 38.777 -13.344 0.2391 0.72996 0.45918 0.44626 1 94.876 61.208 -12.208 -0.22396 -0.8219 0.51684 -0.08487 2 43.879 -7.36 9.26 0.96858 0.07061 -0.23569 -0.03628 3 
81.122 40.146 -14.045 0.25174 0.70521 0.4237 0.50969 1 94.048 62.127 -12.77 -0.23245 -0.81974 0.5155 -0.09084 2 43.881 -7.36 9.261 0.96858 0.07063 -0.2357 -0.03626 3 
80.562 41.411 -14.422 0.26885 0.71819 0.36116 0.53055 1 93.958 62.423 -12.912 -0.23516 -0.81894 0.51574 -0.08968 2 43.879 -7.362 9.261 0.96858 0.07063 -0.23567 -0.03627 3 
80.487 41.897 -14.663 0.25186 0.71722 0.32727 0.5613 1 93.484 62.693 -13.272 -0.22437 -0.82018 0.51788 -0.09359 2 43.881 -7.359 9.26 0.96858 0.07063 -0.2357 -0.03627 3 
