124.158 -27.398 -13.306 0.50236 0.68812 0.46437 0.24184 1 125.161 15.296 -10.31 0.50747 -0.78253 0.35625 -0.05666 2 81.051 -9.004 -4.273 0.98504 0.14354 -0.09224 -0.02402 3 
124.135 -27.397 -13.341 0.5013 0.68821 0.46533 0.24193 1 124.994 15.271 -10.313 0.50856 -0.78152 0.35672 -0.05782 2 81.05 -9.006 -4.273 0.98505 0.1435 -0.09224 -0.02406 3 
124.126 -27.404 -13.33 0.50198 0.68757 0.4645 0.24393 1 124.936 15.278 -10.332 0.50873 -0.78123 0.35682 -0.0596 2 81.05 -9.005 -4.275 0.98504 0.14352 -0.09226 -0.02402 3 
124.076 -27.411 -13.293 0.50153 0.68798 0.46377 0.2451 1 124.953 15.283 -10.326 0.50747 -0.78146 0.35778 -0.06156 2 81.051 -9.003 -4.269 0.98504 0.14357 -0.0922 -0.02404 3 
123.843 -28.022 -13.002 0.50444 0.69235 0.44342 0.26376 1 124.999 15.256 -10.292 0.50641 -0.78146 0.35847 -0.0661 2 81.05 -9.006 -4.27 0.98505 0.14351 -0.0922 -0.02406 3 
123.089 -31.193 -12.608 0.47148 0.74189 0.39555 0.26618 1 125.178 15.354 -10.229 0.49489 -0.78693 0.36161 -0.07121 2 81.051 -9.004 -4.274 0.98504 0.14356 -0.09225 -0.02406 3 
121.16 -35.437 -12.806 0.3234 0.84412 0.38925 0.17708 1 125.224 15.462 -10.208 0.48804 -0.78988 0.36454 -0.07079 2 81.049 -9.007 -4.272 0.98505 0.14352 -0.09219 -0.02405 3 
115.877 -36.823 -12.629 0.19261 0.88562 0.4204 0.04298 1 125.07 15.519 -10.256 0.49032 -0.78848 0.36463 -0.07027 2 81.049 -9.01 -4.276 0.98505 0.1435 -0.09226 -0.02403 3 
106.951 -35.658 -12.175 0.19257 0.87014 0.45294 -0.02474 1 124.897 15.441 -10.266 0.4941 -0.78635 0.36405 -0.0706 2 81.05 -9.008 -4.269 0.98505 0.14351 -0.09221 -0.02403 3 
97.06 -30.94 -12.357 0.23568 0.83562 0.49611 0.00874 1 125.146 15.444 -10.206 0.4914 -0.7894 0.3611 -0.07056 2 81.049 -9.01 -4.273 0.98505 0.14351 -0.09221 -0.02406 3 
90.146 -24.909 -12.942 0.2487 0.8198 0.51047 0.07419 1 125.963 15.492 -10.138 0.47338 -0.80191 0.3578 -0.06953 2 81.049 -9.006 -4.269 0.98505 0.14355 -0.09217 -0.02406 3 
86.722 -20.662 -13.557 0.2384 0.80483 0.53475 0.0972 1 127.179 15.357 -10.082 0.44636 -0.81793 0.35748 -0.06287 2 81.05 -9.008 -4.272 0.98505 0.14351 -0.09219 -0.02406 3 
85.264 -18.267 -14.103 0.22744 0.7925 0.55601 0.10521 1 128.326 15.242 -10.03 0.4185 -0.83311 0.35731 -0.05577 2 81.05 -9.012 -4.273 0.98506 0.14343 -0.09223 -0.02401 3 
84.238 -16.933 -14.203 0.21952 0.77615 0.5866 0.07281 1 129.29 15.078 -9.952 0.39283 -0.84597 0.35656 -0.05361 2 80.985 -9.004 -4.278 0.98528 0.1425 -0.09133 -0.02397 3 
83.802 -16.635 -14.312 0.19804 0.75628 0.62198 0.04434 1 129.767 14.999 -9.86 0.37761 -0.8531 0.35614 -0.05295 2 80.431 -9.036 -4.236 0.98962 0.11154 -0.08816 -0.021 3 
83.645 -16.468 -14.201 0.19273 0.74853 0.63266 0.04797 1 129.886 14.981 -9.857 0.37577 -0.8542 0.35553 -0.0523 2 80.29 -8.986 -4.231 0.98995 0.10921 -0.08746 -0.02066 3 
84.035 -16.286 -14.149 0.18265 0.75303 0.63123 0.03381 1 129.703 14.995 -9.843 0.3846 -0.85131 0.35305 -0.05206 2 80.607 -8.944 -4.239 0.98797 0.12404 -0.08979 -0.02156 3 
85.05 -16.433 -13.743 0.18546 0.76658 0.61461 0.01449 1 129.69 15.011 -9.851 0.38776 -0.85046 0.35162 -0.05227 2 81.55 -8.338 -3.919 0.98662 0.13495 -0.09152 0.00105 3 
86.438 -17.3 -12.668 0.21959 0.77933 0.58645 -0.02228 1 129.865 15.093 -9.876 0.38728 -0.85012 0.35348 -0.04858 2 84.593 -8.332 -2.944 0.98095 0.14076 -0.13259 0.01842 3 
88.379 -18.729 -11.088 0.26924 0.81624 0.50699 -0.06495 1 129.907 15.165 -9.94 0.39147 -0.84876 0.35262 -0.04489 2 88.591 -6.81 -2.129 0.96612 0.14624 -0.18843 0.09856 3 
91.272 -20.425 -9.712 0.30236 0.86498 0.3902 -0.09017 1 129.854 15.297 -9.947 0.39597 -0.8466 0.35309 -0.04254 2 92.875 -4.847 -2.561 0.93392 0.14928 -0.23858 0.22042 3 
94.711 -22.211 -8.949 0.30222 0.90273 0.29039 -0.09708 1 129.598 15.479 -10.02 0.40744 -0.8413 0.35272 -0.04244 2 95.699 -4.212 -3.705 0.89696 0.16097 -0.2477 0.32894 3 
98.236 -23.949 -8.67 0.28662 0.92797 0.21709 -0.09795 1 129.169 15.647 -10.069 0.42017 -0.8348 0.35266 -0.04685 2 98 -4.84 -4.954 0.8621 0.17728 -0.24455 0.40689 3 
101.712 -25.344 -8.532 0.26286 0.94928 0.14372 -0.09544 1 128.673 15.722 -10.035 0.43482 -0.82631 0.35399 -0.05321 2 99.912 -5.752 -6.457 0.82062 0.19451 -0.23821 0.48167 3 
104.641 -26.074 -8.461 0.24325 0.96318 0.06521 -0.09412 1 128.126 15.769 -10.092 0.44961 -0.81746 0.35525 -0.05827 2 101.58 -6.726 -8.148 0.76971 0.20338 -0.24217 0.55456 3 
106.778 -26.15 -8.334 0.22462 0.96894 -0.00201 -0.1034 1 127.637 15.797 -10.114 0.46275 -0.80965 0.35552 -0.06278 2 102.618 -7.606 -9.534 0.71621 0.21394 -0.25764 0.61228 3 
107.995 -25.94 -8.161 0.21646 0.96725 -0.06125 -0.11755 1 127.253 15.786 -10.099 0.47278 -0.80341 0.3557 -0.06692 2 103.19 -8.408 -10.505 0.66771 0.21768 -0.28212 0.65359 3 
108.747 -25.415 -7.813 0.2165 0.96029 -0.11493 -0.13328 1 127.098 15.824 -10.149 0.47731 -0.80058 0.35601 -0.06708 2 103.473 -8.956 -11.297 0.6195 0.21815 -0.30981 0.68749 3 
109.269 -24.525 -7.338 0.22382 0.94661 -0.17357 -0.15399 1 127.096 15.871 -10.156 0.47655 -0.80149 0.35528 -0.06545 2 103.504 -9.332 -12 0.56222 0.21422 -0.33996 0.72281 3 
109.604 -23.503 -6.703 0.23391 0.93182 -0.21118 -0.18002 1 127.216 15.962 -10.17 0.47187 -0.80424 0.3561 -0.06103 2 103.436 -9.253 -12.088 0.51964 0.217 -0.37208 0.73786 3 
109.56 -22.944 -5.884 0.23999 0.92224 -0.22246 -0.20588 1 127.379 16.028 -10.163 0.46752 -0.80695 0.35607 -0.05884 2 103.289 -8.74 -11.257 0.50743 0.22658 -0.3976 0.73013 3 
109.401 -22.439 -5.225 0.24604 0.91 -0.24733 -0.22405 1 127.518 16.105 -10.201 0.46579 -0.80793 0.35641 -0.05722 2 103.043 -8.809 -11 0.48338 0.22613 -0.42411 0.73167 3 
109.263 -22.217 -4.97 0.2511 0.90255 -0.26314 -0.23044 1 127.616 16.105 -10.226 0.46513 -0.80786 0.35778 -0.05489 2 102.998 -8.911 -11.031 0.46893 0.22135 -0.43831 0.73417 3 
109.033 -22.316 -5.118 0.25047 0.91015 -0.24243 -0.22387 1 127.685 16.09 -10.245 0.46489 -0.80788 0.35842 -0.05226 2 102.984 -8.449 -10.882 0.48715 0.22237 -0.42604 0.7292 3 
108.475 -23.126 -5.778 0.25406 0.9303 -0.17621 -0.19736 1 127.717 16.014 -10.265 0.46338 -0.80891 0.3583 -0.05066 2 103.726 -7.554 -10.614 0.54587 0.21241 -0.39391 0.70834 3 
107.399 -24.805 -6.848 0.26517 0.95424 -0.03338 -0.13416 1 127.743 15.983 -10.234 0.46201 -0.81012 0.35709 -0.05234 2 104.958 -6.221 -9.523 0.66224 0.18548 -0.32126 0.65102 3 
106.302 -26.724 -8.327 0.26118 0.94985 0.1607 -0.06128 1 127.756 15.903 -10.178 0.46061 -0.81154 0.355 -0.05671 2 104.851 -6.245 -7.184 0.79669 0.16528 -0.22636 0.53546 3 
105.582 -28.808 -10.087 0.21141 0.90857 0.35896 -0.03086 1 127.831 15.884 -10.155 0.45699 -0.81369 0.35412 -0.06061 2 102.252 -10.362 -4.471 0.9029 0.18293 -0.14306 0.36171 3 
104.958 -30.724 -12.262 0.11361 0.83294 0.53904 -0.05238 1 127.902 15.833 -10.106 0.45375 -0.81528 0.35396 -0.0644 2 97.452 -18.697 -3.024 0.95511 0.24481 -0.0554 0.15734 3 
103.71 -31.071 -13.58 0.04429 0.75179 0.65389 -0.07271 1 127.829 15.785 -10.03 0.45372 -0.81565 0.35242 -0.06819 2 93.39 -25.126 -2.927 0.96055 0.27716 0.02218 0.00621 3 
101.388 -29.65 -13.892 0.05956 0.69864 0.71001 -0.06512 1 127.778 15.64 -10.02 0.44992 -0.81813 0.35147 -0.06857 2 91.76 -26.229 -2.823 0.96468 0.25035 0.03016 -0.07615 3 
98.212 -26.525 -13.728 0.08147 0.67784 0.72846 -0.05696 1 127.769 15.556 -10.024 0.44619 -0.82055 0.35097 -0.06647 2 89.653 -23.799 -2.673 0.9678 0.22741 0.01708 -0.10657 3 
94.505 -23.199 -13.608 0.08544 0.6756 0.73001 -0.05791 1 127.938 15.511 -10 0.44 -0.82472 0.34988 -0.06178 2 86.779 -20.878 -2.712 0.96605 0.22824 -0.00092 -0.12106 3 
90.987 -20.44 -13.455 0.09234 0.70274 0.70266 -0.06243 1 128.403 15.421 -10.025 0.42585 -0.83207 0.35107 -0.05526 2 84.475 -16.937 -2.751 0.96589 0.23734 -0.03816 -0.09629 3 
88.167 -18.247 -13.392 0.0953 0.73327 0.67031 -0.06261 1 128.933 15.47 -9.981 0.41087 -0.84017 0.35038 -0.0503 2 82.239 -13.227 -2.939 0.96604 0.24401 -0.06242 -0.05769 3 
86.452 -16.83 -13.422 0.10117 0.74366 0.65872 -0.05305 1 129.367 15.446 -9.994 0.39401 -0.84826 0.35106 -0.04443 2 80.74 -11.283 -3.147 0.96805 0.23701 -0.06853 -0.04481 3 
85.707 -15.994 -13.666 0.10002 0.74449 0.65848 -0.04615 1 129.528 15.452 -9.956 0.3851 -0.85197 0.35227 -0.04184 2 80.014 -10.654 -3.444 0.96826 0.23532 -0.06718 -0.05088 3 
85.654 -15.514 -13.954 0.08121 0.75195 0.65263 -0.04522 1 129.439 15.525 -9.941 0.38455 -0.85174 0.35336 -0.0424 2 79.422 -10.246 -3.828 0.96491 0.25147 -0.0593 -0.04689 3 
85.88 -15.355 -14.215 0.08187 0.76357 0.63908 -0.04283 1 129.182 15.601 -9.957 0.38881 -0.84908 0.35459 -0.04655 2 79.842 -9.618 -4.192 0.96409 0.25459 -0.06732 -0.03452 3 
86.1 -15.302 -14.283 0.09387 0.76768 0.63247 -0.0429 1 128.888 15.625 -9.97 0.39496 -0.84482 0.35683 -0.05441 2 80.804 -9.456 -4.261 0.96362 0.25112 -0.0841 -0.03617 3 
86.166 -15.302 -14.286 0.09438 0.77103 0.62873 -0.03624 1 128.507 15.705 -9.956 0.40866 -0.83724 0.35787 -0.06286 2 80.866 -9.423 -4.271 0.9628 0.25392 -0.08503 -0.03621 3 
86.9 -17.129 -14.011 0.10189 0.76724 0.63218 0.0363 1 127.979 15.656 -9.902 0.42504 -0.83076 0.35233 -0.07104 2 80.978 -9.413 -4.285 0.96287 0.25304 -0.08687 -0.03623 3 
91.49 -24.347 -13.12 0.12163 0.76921 0.6273 0.00363 1 128.159 15.577 -9.885 0.42469 -0.83143 0.35062 -0.07366 2 80.975 -9.394 -4.284 0.96294 0.25287 -0.08664 -0.03597 3 
99.914 -32.119 -12.153 0.19578 0.84953 0.48369 0.07758 1 128.591 15.37 -9.885 0.42239 -0.83237 0.35028 -0.07784 2 80.943 -9.402 -4.276 0.96295 0.25297 -0.08626 -0.03603 3 
109.261 -36.197 -11.501 0.33033 0.855 0.2518 0.31056 1 129.016 15.069 -9.775 0.42 -0.83453 0.34555 -0.08809 2 80.946 -9.402 -4.278 0.96296 0.25292 -0.08629 -0.036 3 
118.449 -34.978 -11.122 0.45007 0.76879 0.20954 0.40311 1 129.244 14.839 -9.643 0.41461 -0.83711 0.3437 -0.09598 2 80.946 -9.403 -4.278 0.96293 0.25301 -0.08628 -0.03608 3 
124.709 -28.449 -11.627 0.4459 0.70223 0.3962 0.38868 1 129.148 14.872 -9.598 0.42137 -0.83287 0.34626 -0.09423 2 80.941 -9.409 -4.28 0.96295 0.25296 -0.08625 -0.03607 3 
125.748 -26.009 -12.326 0.40709 0.68961 0.47068 0.37038 1 128.892 15.58 -9.556 0.42556 -0.83088 0.34391 -0.10134 2 80.943 -9.411 -4.279 0.96296 0.25293 -0.08626 -0.03609 3 
122.605 -25.867 -12.504 0.35491 0.61537 0.47801 0.51659 1 128.24 17.44 -9.205 0.43492 -0.83227 0.31131 -0.14581 2 80.943 -9.409 -4.282 0.96295 0.25294 -0.08629 -0.03611 3 
121.244 -21.434 -14.141 0.21962 0.49579 0.75197 0.37484 1 127.015 22.5 -8.967 0.3823 -0.8695 0.27199 -0.15438 2 80.941 -9.413 -4.277 0.96296 0.25293 -0.08623 -0.03606 3 
118.512 -12.141 -13.878 0.16881 0.4714 0.83422 0.23101 1 125.197 30.123 -9.222 0.20965 -0.93411 0.26274 -0.12019 2 80.943 -9.403 -4.278 0.96294 0.25299 -0.08627 -0.03606 3 
112.408 0.984 -12.568 0.27265 0.40115 0.81349 0.32089 1 120.533 37.472 -9.292 0.01467 -0.94021 0.33449 -0.06257 2 80.941 -9.407 -4.276 0.96296 0.25292 -0.08623 -0.03607 3 
107.024 13.522 -10.93 0.35993 0.44938 0.68624 0.44451 1 114.736 44.003 -9.345 -0.11109 -0.89828 0.42396 -0.03193 2 80.955 -9.39 -4.28 0.96295 0.25294 -0.08636 -0.03596 3 
101.228 24.977 -9.572 0.39392 0.53686 0.61137 0.4276 1 108.973 49.317 -9.512 -0.18621 -0.86696 0.45772 -0.06477 2 80.962 -9.379 -4.281 0.96295 0.25293 -0.08641 -0.0359 3 
92.706 32.387 -9.614 0.33893 0.66952 0.56447 0.34388 1 104.563 53.838 -9.605 -0.21961 -0.83534 0.49825 -0.0757 2 80.952 -9.389 -4.28 0.96296 0.25293 -0.08632 -0.03596 3 
85.237 36.058 -10.562 0.29153 0.78359 0.44775 0.31703 1 101.007 56.655 -10.429 -0.21948 -0.82098 0.51894 -0.09236 2 80.962 -9.377 -4.279 0.96296 0.2529 -0.08638 -0.03592 3 
82.06 38.932 -12.031 0.2815 0.78487 0.38065 0.3998 1 98.243 58.735 -11.167 -0.20844 -0.80689 0.54267 -0.1048 2 80.962 -9.374 -4.275 0.96296 0.25293 -0.08637 -0.03584 3 
81.072 40.59 -13.134 0.26575 0.78341 0.34867 0.44054 1 96.325 60.093 -11.558 -0.20499 -0.80159 0.54677 -0.12833 2 80.97 -9.364 -4.275 0.96295 0.25293 -0.08642 -0.03583 3 
80.497 41.235 -13.754 0.26532 0.78025 0.33889 0.45383 1 94.949 60.859 -11.959 -0.20243 -0.79387 0.55126 -0.15783 2 80.979 -9.356 -4.28 0.96296 0.25288 -0.08652 -0.03576 3 
80.003 41.841 -13.762 0.2563 0.78047 0.31378 0.47615 1 93.656 61.19 -12.847 -0.19479 -0.79251 0.55312 -0.16747 2 80.977 -9.352 -4.277 0.96294 0.25294 -0.08649 -0.03574 3 
79.536 42.307 -13.711 0.24584 0.77887 0.29881 0.4936 1 92.645 61.36 -13.45 -0.20133 -0.79554 0.54546 -0.17049 2 80.982 -9.348 -4.282 0.96295 0.25292 -0.08655 -0.0357 3 
