119.817 -29.861 -13.699 0.51435 0.67499 0.48849 0.20299 1 117.644 11.789 -10.521 0.54379 -0.75821 0.3477 -0.09228 2 62.321 -39.475 -4.659 0.98777 0.11588 -0.07718 -0.07013 3 
119.531 -29.96 -13.729 0.52067 0.66893 0.48658 0.21135 1 117.514 11.827 -10.515 0.54273 -0.75897 0.34751 -0.09293 2 62.319 -39.482 -4.661 0.98778 0.11582 -0.07717 -0.07013 3 
119.253 -29.917 -13.712 0.52418 0.6675 0.48539 0.20993 1 117.81 11.929 -10.584 0.54138 -0.75957 0.34917 -0.08967 2 62.32 -39.477 -4.661 0.98778 0.11583 -0.0772 -0.07016 3 
118.995 -29.999 -13.653 0.53157 0.66677 0.48014 0.20571 1 118.325 12.002 -10.627 0.53363 -0.76495 0.35112 -0.08253 2 62.323 -39.475 -4.657 0.98777 0.11588 -0.07717 -0.07013 3 
119.057 -30.035 -13.679 0.52795 0.66527 0.48156 0.21631 1 118.304 11.893 -10.54 0.53009 -0.76744 0.35012 -0.08635 2 62.32 -39.481 -4.66 0.98778 0.11583 -0.07716 -0.07018 3 
118.833 -30.281 -13.689 0.53515 0.66163 0.47739 0.21897 1 118.469 11.88 -10.564 0.53019 -0.76681 0.35134 -0.0863 2 62.32 -39.479 -4.662 0.98777 0.11585 -0.07719 -0.07016 3 
117.857 -31.541 -13.207 0.54132 0.67701 0.43626 0.24148 1 118.821 11.926 -10.559 0.52518 -0.76881 0.35405 -0.08813 2 62.318 -39.481 -4.66 0.98778 0.11582 -0.07715 -0.07015 3 
117.733 -35.661 -12.986 0.41871 0.7742 0.44476 0.16579 1 118.916 11.959 -10.512 0.50925 -0.77629 0.35993 -0.09214 2 62.319 -39.481 -4.66 0.98778 0.11584 -0.07716 -0.07017 3 
116.477 -39.954 -12.229 0.26446 0.8601 0.43605 0.0125 1 118.573 11.876 -10.513 0.50934 -0.77354 0.3639 -0.09895 2 62.317 -39.481 -4.662 0.98778 0.11581 -0.07716 -0.07016 3 
111.681 -43.094 -10.291 0.16294 0.87704 0.42539 -0.15266 1 118.199 11.612 -10.484 0.51289 -0.76872 0.36509 -0.11281 2 62.316 -39.486 -4.661 0.98779 0.11577 -0.07716 -0.07016 3 
103.884 -45.968 -8.735 0.11037 0.84469 0.45408 -0.261 1 117.821 11.241 -10.451 0.5158 -0.76443 0.36561 -0.12621 2 62.313 -39.485 -4.662 0.98778 0.11578 -0.07717 -0.07015 3 
93.899 -47.192 -9.09 0.06992 0.83366 0.49714 -0.23018 1 117.783 10.735 -10.388 0.51344 -0.76264 0.36698 -0.14171 2 62.314 -39.488 -4.663 0.98778 0.11577 -0.07714 -0.0702 3 
84.888 -46.455 -11.193 0.03707 0.82735 0.53725 -0.15963 1 118.424 10.161 -10.188 0.49852 -0.7687 0.3653 -0.16472 2 62.313 -39.492 -4.665 0.98779 0.11576 -0.07715 -0.07019 3 
78.836 -45.252 -13.8 -0.0151 0.81341 0.56878 -0.12089 1 119.714 9.523 -9.874 0.4659 -0.78417 0.3619 -0.19248 2 62.302 -39.499 -4.668 0.98779 0.11572 -0.07707 -0.07024 3 
75.14 -44.38 -15.607 -0.06143 0.7965 0.59194 -0.10692 1 120.87 8.714 -9.756 0.43447 -0.7987 0.36021 -0.20872 2 62.301 -39.509 -4.667 0.9878 0.11571 -0.07702 -0.07025 3 
72.665 -43.756 -16.411 -0.08139 0.786 0.6028 -0.11049 1 121.718 7.8 -9.624 0.41046 -0.80802 0.36219 -0.21782 2 62.298 -39.515 -4.667 0.9878 0.11569 -0.07697 -0.07026 3 
71.148 -43.47 -16.674 -0.09378 0.78465 0.59809 -0.13348 1 122.333 7.129 -9.609 0.39488 -0.81318 0.36501 -0.22265 2 62.29 -39.519 -4.67 0.9878 0.11567 -0.07695 -0.07031 3 
70.549 -43.265 -16.965 -0.10539 0.75772 0.6224 -0.16542 1 122.836 6.655 -9.537 0.37988 -0.81925 0.36636 -0.22427 2 61.622 -39.667 -4.631 0.98831 0.11599 -0.06729 -0.07253 3 
70.174 -43.008 -16.911 -0.10625 0.73846 0.64177 -0.17754 1 123.109 6.369 -9.473 0.37359 -0.82358 0.3645 -0.22199 2 61.459 -39.656 -4.638 0.98674 0.12846 -0.06672 -0.07343 3 
70.274 -42.742 -16.541 -0.11713 0.74136 0.63497 -0.18297 1 123.284 6.41 -9.445 0.37384 -0.82643 0.36124 -0.21625 2 61.484 -39.535 -4.572 0.98602 0.13613 -0.06233 -0.07306 3 
72.075 -42.072 -15.535 -0.09328 0.74912 0.62055 -0.2122 1 123.474 6.682 -9.327 0.37282 -0.83108 0.35565 -0.20936 2 63.645 -38.572 -3.466 0.98585 0.13727 -0.06922 -0.06676 3 
75.471 -41.213 -13.46 -0.0116 0.75387 0.60547 -0.25485 1 123.398 7.29 -9.395 0.37918 -0.83161 0.35316 -0.19979 2 70.136 -36.496 -1.183 0.98315 0.11319 -0.13656 -0.04429 3 
79.963 -39.771 -11.161 0.06858 0.79888 0.53927 -0.25744 1 122.976 8.068 -9.534 0.39818 -0.82793 0.35111 -0.18083 2 75.81 -30.706 0.551 0.98297 0.07648 -0.15483 0.06288 3 
85.2 -37.486 -9.738 0.1314 0.85433 0.44834 -0.22769 1 122.471 8.95 -9.737 0.41905 -0.82312 0.34884 -0.15868 2 81.495 -23.61 0.254 0.96768 0.03718 -0.14777 0.20094 3 
90.173 -34.805 -9.382 0.18724 0.89745 0.35221 -0.18836 1 121.891 9.853 -9.887 0.44386 -0.81486 0.34557 -0.13991 2 87.249 -17.365 -1.637 0.93615 -0.00643 -0.13338 0.32525 3 
94.492 -31.997 -9.654 0.22594 0.92639 0.26088 -0.15064 1 121.282 10.668 -10.055 0.46622 -0.80645 0.34196 -0.12388 2 92.359 -12.426 -4.257 0.89515 -0.04279 -0.11491 0.42856 3 
97.916 -29.967 -10.141 0.26493 0.93907 0.18484 -0.11749 1 120.791 11.394 -10.218 0.48703 -0.7964 0.33997 -0.1139 2 97.308 -9.213 -6.76 0.85183 -0.08179 -0.10892 0.5058 3 
100.331 -28.704 -10.506 0.29425 0.94313 0.12233 -0.09471 1 120.43 11.953 -10.321 0.50108 -0.78834 0.3408 -0.10628 2 101.257 -7.553 -8.774 0.8114 -0.11348 -0.1114 0.56245 3 
101.807 -27.843 -10.418 0.29837 0.94797 0.05894 -0.09406 1 120.079 12.323 -10.395 0.51036 -0.78278 0.34108 -0.10226 2 103.072 -6.833 -10.314 0.76817 -0.11646 -0.11359 0.61923 3 
102.541 -27.447 -9.808 0.29461 0.94826 -0.00285 -0.11832 1 119.84 12.596 -10.431 0.51601 -0.77846 0.34295 -0.10059 2 103.528 -7.144 -11.182 0.72196 -0.09897 -0.1313 0.67211 3 
103.011 -27.052 -8.733 0.28989 0.9434 -0.05798 -0.15034 1 119.651 12.807 -10.469 0.51948 -0.77522 0.34566 -0.09844 2 103.504 -7.674 -11.339 0.67783 -0.0774 -0.15527 0.71446 3 
103.612 -26.186 -7.536 0.28921 0.9335 -0.11493 -0.17811 1 119.436 12.902 -10.499 0.52293 -0.77271 0.34684 -0.09574 2 103.339 -7.972 -11.517 0.62711 -0.05793 -0.17289 0.75729 3 
104.303 -25.161 -6.49 0.29617 0.91764 -0.17464 -0.19929 1 119.325 12.934 -10.509 0.52509 -0.77063 0.34867 -0.09402 2 103.367 -8.469 -11.959 0.56658 -0.04444 -0.1905 0.80045 3 
104.864 -24.208 -5.769 0.30868 0.90082 -0.21367 -0.21816 1 119.258 12.914 -10.569 0.52788 -0.76802 0.35115 -0.09048 2 103.727 -8.658 -12.123 0.52442 -0.03745 -0.2145 0.82315 3 
105.092 -23.645 -5.236 0.31511 0.89208 -0.2256 -0.2324 1 119.29 12.93 -10.611 0.53028 -0.76612 0.35248 -0.08734 2 103.881 -8.381 -11.783 0.51197 -0.03135 -0.2296 0.82716 3 
105.326 -23.107 -4.812 0.31747 0.88447 -0.23671 -0.24675 1 119.392 12.934 -10.638 0.53097 -0.76516 0.35453 -0.0831 2 103.897 -8.191 -11.56 0.50003 -0.02296 -0.2448 0.83037 3 
105.585 -22.76 -4.481 0.32139 0.87552 -0.25169 -0.25852 1 119.571 12.892 -10.675 0.53107 -0.76465 0.35613 -0.08025 2 104.032 -8.299 -11.478 0.48455 -0.01774 -0.26031 0.83495 3 
105.754 -22.565 -4.284 0.3222 0.87054 -0.2615 -0.26449 1 119.716 12.874 -10.689 0.53178 -0.76386 0.35722 -0.07818 2 103.998 -8.436 -11.494 0.47379 -0.01364 -0.26797 0.83876 3 
105.962 -22.41 -4.194 0.32438 0.86625 -0.2672 -0.27016 1 119.843 12.784 -10.714 0.5312 -0.76413 0.35796 -0.07605 2 104.095 -8.484 -11.519 0.46684 -0.01049 -0.27475 0.84052 3 
106.037 -22.494 -4.212 0.32662 0.86862 -0.25554 -0.27113 1 119.96 12.701 -10.715 0.53153 -0.76425 0.35732 -0.07558 2 104.434 -8.179 -11.347 0.47614 -0.01155 -0.27598 0.83486 3 
105.756 -23.007 -4.54 0.32469 0.88162 -0.22314 -0.25985 1 120.074 12.628 -10.677 0.53185 -0.76459 0.35609 -0.07572 2 104.698 -7.712 -11.13 0.50616 -0.01988 -0.26169 0.82154 3 
105.462 -23.676 -5.066 0.32696 0.89293 -0.18631 -0.24711 1 120.153 12.527 -10.663 0.52955 -0.7665 0.355 -0.07769 2 105.143 -7.3 -11.031 0.5365 -0.03142 -0.25018 0.80535 3 
104.406 -25.3 -5.84 0.33246 0.91372 -0.09442 -0.21373 1 120.18 12.365 -10.666 0.52853 -0.76766 0.35342 -0.08034 2 105.906 -6.66 -10.104 0.60849 -0.06231 -0.22668 0.75794 3 
102.546 -27.688 -7.128 0.31694 0.9301 0.06949 -0.17215 1 120.189 12.126 -10.636 0.52715 -0.76954 0.3499 -0.08657 2 105.112 -6.547 -7.639 0.7299 -0.08675 -0.1915 0.65042 3 
100.407 -29.948 -8.586 0.27192 0.91459 0.25796 -0.15177 1 120.264 11.846 -10.481 0.51968 -0.77498 0.34625 -0.09722 2 101.997 -9.109 -4.377 0.85122 -0.08345 -0.16978 0.48952 3 
98.066 -32.291 -10.271 0.20342 0.86995 0.42247 -0.15273 1 120.311 11.528 -10.35 0.5103 -0.781 0.34302 -0.10937 2 97.252 -15.068 -2.047 0.93448 -0.0566 -0.15599 0.31498 3 
95.516 -34.508 -11.762 0.12158 0.81444 0.53982 -0.17465 1 120.36 11.089 -10.192 0.4994 -0.78702 0.34014 -0.12447 2 91.877 -22.085 -1.045 0.97648 -0.00602 -0.13865 0.165 3 
92.081 -36.755 -12.632 0.05954 0.7717 0.59969 -0.20326 1 120.371 10.505 -10.086 0.4868 -0.79243 0.33999 -0.13959 2 87.25 -27.971 -0.815 0.98673 0.04286 -0.13941 0.07129 3 
87.727 -39.007 -13.161 0.01272 0.75607 0.61591 -0.22103 1 120.471 9.8 -9.945 0.47496 -0.7963 0.33976 -0.15774 2 82.218 -31.66 -1.01 0.98632 0.08342 -0.13764 0.03548 3 
83.037 -40.816 -13.7 -0.02915 0.74801 0.62154 -0.2309 1 120.844 9.039 -9.831 0.45645 -0.80312 0.33868 -0.17875 2 76.938 -34.409 -1.414 0.9841 0.11864 -0.13165 0.0121 3 
78.864 -42.092 -14.584 -0.06708 0.72532 0.64213 -0.2389 1 121.44 8.25 -9.568 0.43031 -0.81247 0.33784 -0.20145 2 72.365 -37.647 -2.13 0.98101 0.14521 -0.1234 -0.03621 3 
75.42 -43.13 -15.549 -0.0993 0.70652 0.65725 -0.2429 1 122.04 7.369 -9.352 0.40021 -0.82217 0.34013 -0.21951 2 68.839 -40.454 -3.08 0.97561 0.16642 -0.11965 -0.07856 3 
72.975 -43.714 -16.193 -0.12522 0.70272 0.65852 -0.23843 1 122.256 6.661 -9.234 0.38191 -0.82769 0.34127 -0.22936 2 65.866 -41.764 -3.824 0.97327 0.18044 -0.10643 -0.09415 3 
71.344 -43.796 -16.556 -0.14116 0.71115 0.65002 -0.22763 1 122.203 6.016 -9.157 0.37012 -0.83062 0.34414 -0.23379 2 63.489 -41.687 -4.302 0.97418 0.18715 -0.08956 -0.08897 3 
70.559 -43.55 -16.812 -0.14689 0.72222 0.6401 -0.21701 1 121.878 5.526 -9.169 0.36599 -0.83126 0.34713 -0.23359 2 62.249 -40.951 -4.652 0.97581 0.18808 -0.08045 -0.0771 3 
70.091 -43.406 -16.816 -0.14887 0.72403 0.63845 -0.21445 1 121.576 5.245 -9.171 0.36367 -0.83143 0.3487 -0.23426 2 61.56 -40.83 -4.658 0.97629 0.1878 -0.07515 -0.07706 3 
70.143 -43.247 -16.738 -0.16136 0.72585 0.63362 -0.2136 1 121.213 5.239 -9.213 0.36689 -0.82918 0.35049 -0.23453 2 61.302 -41.039 -4.678 0.97414 0.19981 -0.06793 -0.08066 3 
70.385 -43.157 -16.63 -0.16886 0.72787 0.63622 -0.19216 1 120.841 5.445 -9.277 0.37543 -0.82624 0.35046 -0.23143 2 61.342 -41.045 -4.7 0.97412 0.19991 -0.06835 -0.08033 3 
73.981 -43.047 -16.159 -0.14634 0.71006 0.66622 -0.1748 1 120.275 5.746 -9.348 0.39123 -0.82192 0.34909 -0.22253 2 61.22 -41.096 -4.707 0.97509 0.19554 -0.06682 -0.0806 3 
82.295 -44.046 -14.205 -0.04466 0.70548 0.66592 -0.23843 1 120.067 6.226 -9.473 0.40206 -0.81806 0.35071 -0.21476 2 61.321 -41.073 -4.703 0.97496 0.19591 -0.06796 -0.08031 3 
92.566 -43.434 -12.311 0.11041 0.79189 0.56808 -0.19493 1 119.917 6.739 -9.643 0.41506 -0.81003 0.35664 -0.21068 2 61.292 -41.058 -4.704 0.97501 0.19568 -0.06791 -0.08032 3 
102.334 -42.22 -12.028 0.25905 0.84778 0.45949 0.05499 1 119.956 7.391 -9.622 0.43377 -0.80164 0.35221 -0.2125 2 61.287 -41.079 -4.707 0.97501 0.19574 -0.06774 -0.08039 3 
110.886 -39.69 -12.114 0.37448 0.79513 0.3225 0.35145 1 120.214 8.364 -9.488 0.44393 -0.79853 0.349 -0.2085 2 61.303 -41.071 -4.705 0.97498 0.19585 -0.06787 -0.08037 3 
118.007 -33.188 -12.154 0.45794 0.6858 0.37139 0.42667 1 119.867 9.635 -9.61 0.46924 -0.78754 0.34804 -0.19613 2 61.272 -41.07 -4.708 0.97503 0.19558 -0.06779 -0.08039 3 
120.299 -28.759 -12.718 0.41653 0.67698 0.46165 0.39379 1 120.039 11.495 -9.848 0.48084 -0.78171 0.35125 -0.18533 2 61.291 -41.072 -4.704 0.97499 0.19579 -0.0678 -0.08036 3 
119.662 -27.524 -12.381 0.40794 0.67652 0.42284 0.44398 1 120.179 14.319 -9.727 0.49728 -0.77635 0.32629 -0.20862 2 61.291 -41.069 -4.705 0.975 0.19576 -0.06784 -0.08032 3 
119.654 -25.383 -13.729 0.21635 0.61262 0.53928 0.53579 1 120.329 20.52 -9.359 0.45526 -0.81328 0.28076 -0.22909 2 61.273 -41.07 -4.703 0.97503 0.19561 -0.06777 -0.08033 3 
123.606 -16.524 -15.734 -0.0145 0.54111 0.80167 0.25361 1 121.069 30.152 -9.535 0.27024 -0.88907 0.30615 -0.20688 2 61.293 -41.069 -4.705 0.97499 0.19581 -0.06782 -0.08036 3 
117.804 -6.056 -13.977 0.07611 0.56947 0.77204 0.27177 1 119.868 37.508 -9.659 0.09584 -0.91147 0.36428 -0.16531 2 61.272 -41.069 -4.704 0.97502 0.19565 -0.06775 -0.08038 3 
110.708 6.957 -11.95 0.21946 0.52756 0.75008 0.33301 1 116.178 42.82 -9.45 -0.00594 -0.90053 0.41785 -0.12008 2 61.286 -41.042 -4.695 0.97502 0.19568 -0.06797 -0.08019 3 
105.362 18.468 -9.841 0.37868 0.52205 0.62602 0.43838 1 111.469 47.542 -9.108 -0.11029 -0.89124 0.43579 -0.06012 2 61.292 -41.048 -4.697 0.97499 0.1958 -0.0679 -0.08027 3 
99.244 27.902 -8.609 0.37225 0.59929 0.60017 0.37693 1 106.436 52.148 -9.145 -0.17822 -0.86551 0.46716 -0.02969 2 61.274 -41.057 -4.704 0.97502 0.19568 -0.06786 -0.08032 3 
91.611 33.652 -8.743 0.34246 0.7359 0.49953 0.30272 1 102.703 55.384 -9.066 -0.21035 -0.84817 0.48592 -0.01576 2 61.282 -41.05 -4.697 0.97502 0.19565 -0.06787 -0.08026 3 
85.425 37.282 -10.25 0.2842 0.78287 0.43028 0.34816 1 99.949 57.623 -9.959 -0.22392 -0.82756 0.50963 -0.07266 2 61.286 -41.05 -4.701 0.975 0.19577 -0.0679 -0.08029 3 
82.389 39.697 -11.905 0.25835 0.78747 0.37513 0.41524 1 98.171 59.218 -10.699 -0.24004 -0.82936 0.48976 -0.12113 2 61.283 -41.044 -4.698 0.97501 0.19571 -0.06793 -0.08028 3 
81.413 41.631 -13.208 0.26207 0.7743 0.33401 0.46928 1 97.246 60.048 -11.422 -0.24937 -0.81705 0.49835 -0.14794 2 61.293 -41.035 -4.696 0.975 0.19575 -0.06798 -0.08023 3 
80.513 42.418 -13.743 0.25323 0.77707 0.323 0.47719 1 96.088 60.788 -11.653 -0.23995 -0.81394 0.50493 -0.15803 2 61.296 -41.034 -4.698 0.97498 0.19582 -0.068 -0.08025 3 
79.639 42.793 -13.848 0.24069 0.78541 0.30211 0.48366 1 94.91 61.244 -11.896 -0.24798 -0.82013 0.49296 -0.15125 2 61.288 -41.036 -4.694 0.97501 0.19571 -0.06796 -0.08022 3 
79.38 42.901 -13.856 0.24115 0.78468 0.28827 0.49297 1 93.871 61.897 -12.363 -0.25705 -0.82247 0.48026 -0.16377 2 61.291 -41.036 -4.698 0.975 0.19571 -0.068 -0.08025 3 
79.335 42.81 -13.877 0.2435 0.78038 0.29418 0.49514 1 93.227 62.007 -12.723 -0.25046 -0.82427 0.48224 -0.15901 2 61.297 -41.029 -4.697 0.97498 0.19585 -0.06801 -0.08024 3 
