121.863 -31.884 -13.283 0.5153 0.69306 0.43904 0.24776 1 123.758 10.692 -10.163 0.51351 -0.78796 0.33788 -0.03556 2 86.887 -48.641 -6.808 0.92209 0.37392 -0.05041 -0.08594 3 
122.043 -31.834 -13.266 0.51331 0.6943 0.4399 0.2469 1 123.683 10.65 -10.137 0.51581 -0.78629 0.33774 -0.04032 2 86.884 -48.649 -6.809 0.92212 0.37385 -0.05034 -0.08598 3 
122.124 -31.792 -13.269 0.50986 0.6957 0.44114 0.24788 1 123.432 10.629 -10.12 0.51813 -0.7839 0.33915 -0.04496 2 86.884 -48.648 -6.806 0.92213 0.37384 -0.05034 -0.08597 3 
122.181 -31.803 -13.302 0.50723 0.69697 0.44384 0.24486 1 123.169 10.586 -10.143 0.52125 -0.78194 0.33858 -0.04725 2 86.89 -48.639 -6.811 0.92208 0.37396 -0.05035 -0.08598 3 
122.218 -31.798 -13.336 0.50623 0.69849 0.44431 0.24173 1 123.024 10.567 -10.102 0.52317 -0.78112 0.33725 -0.04897 2 86.882 -48.652 -6.807 0.92212 0.37385 -0.0503 -0.08598 3 
122.149 -32.054 -13.251 0.50702 0.69985 0.43687 0.24959 1 122.846 10.473 -10.127 0.52436 -0.78075 0.33594 -0.05117 2 86.887 -48.642 -6.801 0.92209 0.37394 -0.05032 -0.08592 3 
121.574 -33.807 -13.038 0.49368 0.72871 0.38554 0.2768 1 122.806 10.443 -10.08 0.52452 -0.78046 0.33565 -0.05572 2 86.881 -48.654 -6.807 0.92213 0.37383 -0.05034 -0.08596 3 
121.668 -36.929 -14.473 0.31988 0.82352 0.41308 0.22101 1 122.935 10.481 -10.096 0.51703 -0.78414 0.33917 -0.05263 2 86.889 -48.64 -6.808 0.92208 0.37395 -0.05034 -0.086 3 
122.031 -36.763 -16.912 -0.01411 0.81774 0.57468 -0.02906 1 122.77 10.357 -10.09 0.51491 -0.78552 0.33942 -0.05118 2 86.89 -48.639 -6.802 0.92208 0.37397 -0.05027 -0.08597 3 
116.377 -40.333 -17.078 -0.08439 0.7359 0.62957 -0.23446 1 122.201 10.112 -10.068 0.527 -0.77973 0.33246 -0.06131 2 86.881 -48.654 -6.796 0.92214 0.37381 -0.05025 -0.08597 3 
108.59 -43.931 -16.692 -0.08484 0.75543 0.59366 -0.26399 1 121.66 9.797 -9.938 0.53688 -0.77543 0.32285 -0.07898 2 86.889 -48.641 -6.803 0.92208 0.37396 -0.05033 -0.08594 3 
103.284 -46.64 -17.404 -0.1444 0.7608 0.5885 -0.23239 1 121.899 9.63 -9.717 0.53003 -0.78205 0.31535 -0.08958 2 86.878 -48.653 -6.807 0.92213 0.37385 -0.05033 -0.08593 3 
99.994 -48.913 -18.431 -0.15099 0.7545 0.60321 -0.20994 1 122.817 9.504 -9.608 0.51001 -0.7976 0.3077 -0.09507 2 86.88 -48.657 -6.803 0.92214 0.37379 -0.05073 -0.08578 3 
98.242 -50.259 -18.876 -0.12703 0.73938 0.62641 -0.21164 1 123.973 9.17 -9.4 0.4792 -0.81783 0.30387 -0.09584 2 86.849 -48.681 -6.807 0.92214 0.37379 -0.0508 -0.08573 3 
96.875 -51.406 -19.148 -0.08728 0.72548 0.6547 -0.19346 1 124.901 8.724 -9.358 0.45209 -0.8347 0.30038 -0.0931 2 86.495 -48.933 -6.82 0.92239 0.37345 -0.0442 -0.08816 3 
96.087 -51.899 -19.156 -0.07573 0.71357 0.667 -0.20048 1 125.36 8.343 -9.244 0.43889 -0.84286 0.29832 -0.08928 2 86.068 -49.048 -6.775 0.92145 0.37608 -0.04115 -0.08835 3 
95.775 -51.829 -19.183 -0.06748 0.69554 0.68254 -0.21401 1 125.567 8.152 -9.201 0.43618 -0.84519 0.29601 -0.08818 2 85.91 -48.966 -6.755 0.92086 0.37809 -0.03929 -0.08676 3 
96.749 -50.746 -18.857 -0.07525 0.70604 0.66468 -0.23247 1 125.779 8.052 -9.188 0.4359 -0.84579 0.29504 -0.08704 2 87.04 -47.719 -6.592 0.91447 0.39439 -0.05117 -0.0747 3 
99.029 -48.258 -17.536 -0.02998 0.73526 0.63125 -0.24499 1 126.159 8.058 -9.212 0.42913 -0.84877 0.29716 -0.08444 2 90.568 -43.569 -5.589 0.9208 0.37795 -0.08653 -0.04238 3 
101.508 -44.831 -16.073 0.03838 0.76772 0.59749 -0.22833 1 126.276 8.224 -9.287 0.42985 -0.84692 0.30279 -0.07914 2 94.453 -37.908 -4.689 0.93684 0.33026 -0.11513 0.00247 3 
103.379 -41 -14.95 0.09505 0.80357 0.55675 -0.18781 1 126.066 8.465 -9.455 0.44055 -0.84065 0.30614 -0.07414 2 97.288 -31.618 -4.509 0.95021 0.27779 -0.1266 0.06243 3 
104.886 -36.727 -13.971 0.14092 0.84077 0.50104 -0.14902 1 125.859 8.877 -9.527 0.45083 -0.83393 0.31114 -0.06718 2 99.478 -24.915 -4.806 0.95291 0.23795 -0.12995 0.13585 3 
105.861 -32.603 -13.07 0.18505 0.87708 0.42778 -0.11614 1 125.902 9.41 -9.631 0.45436 -0.83137 0.31463 -0.0583 2 101.326 -18.403 -5.435 0.94371 0.20429 -0.13807 0.22048 3 
106.379 -29.106 -12.145 0.22932 0.91395 0.31966 -0.09962 1 126.022 10.013 -9.753 0.45538 -0.83082 0.31629 -0.04822 2 103.506 -12.377 -6.758 0.91057 0.17252 -0.17633 0.33168 3 
106.609 -26.832 -11.382 0.26032 0.93572 0.21102 -0.11016 1 126.234 10.627 -9.868 0.45435 -0.83066 0.31966 -0.03717 2 105.179 -8.765 -8.241 0.85859 0.15575 -0.23092 0.4304 3 
106.65 -25.51 -10.611 0.27177 0.94412 0.12439 -0.13894 1 126.37 11.185 -9.906 0.45577 -0.82898 0.32281 -0.02938 2 105.709 -7.292 -9.182 0.80372 0.15737 -0.28225 0.4996 3 
106.429 -24.651 -9.791 0.27905 0.94325 0.0478 -0.17358 1 126.435 11.689 -9.967 0.45843 -0.82628 0.32632 -0.02465 2 105.597 -6.779 -9.817 0.7457 0.16156 -0.33274 0.55418 3 
106.188 -24.305 -8.895 0.28579 0.93407 -0.00563 -0.21404 1 126.426 12.066 -10.03 0.46278 -0.823 0.32873 -0.02087 2 105.377 -6.926 -9.875 0.69951 0.17119 -0.38299 0.57854 3 
106.142 -23.941 -8.163 0.28918 0.92012 -0.05683 -0.25792 1 126.401 12.332 -10.045 0.46709 -0.81982 0.33065 -0.01966 2 104.905 -7.226 -9.985 0.6464 0.18582 -0.4316 0.60114 3 
106.288 -23.386 -7.46 0.30122 0.89702 -0.12768 -0.29717 1 126.294 12.499 -10.115 0.47259 -0.81579 0.3329 -0.01814 2 104.576 -7.748 -10.551 0.57438 0.18694 -0.48589 0.63171 3 
106.573 -22.673 -6.8 0.32019 0.87423 -0.17287 -0.32144 1 126.181 12.583 -10.131 0.47722 -0.81217 0.33511 -0.01842 2 104.851 -7.803 -10.812 0.52734 0.18019 -0.52601 0.64246 3 
106.556 -22.198 -6.379 0.3341 0.86092 -0.18437 -0.33644 1 126.107 12.627 -10.157 0.48222 -0.80884 0.33605 -0.01773 2 105.18 -7.407 -10.561 0.51402 0.17774 -0.54782 0.63568 3 
106.444 -21.845 -6.111 0.33755 0.85218 -0.19869 -0.34694 1 126.154 12.622 -10.176 0.48391 -0.80736 0.33719 -0.01717 2 104.973 -7.369 -10.517 0.49794 0.17762 -0.562 0.63613 3 
106.429 -21.818 -5.92 0.33626 0.8503 -0.19692 -0.35377 1 126.328 12.594 -10.198 0.48179 -0.8081 0.33854 -0.01589 2 104.911 -7.224 -10.227 0.4976 0.18367 -0.56575 0.63134 3 
106.42 -21.848 -5.838 0.3337 0.85084 -0.19526 -0.35578 1 126.462 12.539 -10.206 0.47917 -0.80953 0.33887 -0.01504 2 104.791 -7.189 -10.082 0.49802 0.18742 -0.56478 0.63077 3 
106.396 -21.89 -5.84 0.33326 0.85169 -0.19642 -0.35352 1 126.54 12.525 -10.179 0.47901 -0.80956 0.33901 -0.01516 2 104.721 -7.283 -10.14 0.4972 0.18629 -0.56367 0.63275 3 
106.338 -21.948 -5.934 0.33608 0.8535 -0.19203 -0.34887 1 126.525 12.432 -10.221 0.479 -0.80948 0.3392 -0.01566 2 104.89 -7.271 -10.195 0.50251 0.18185 -0.56149 0.63178 3 
106.285 -21.987 -6.095 0.33703 0.85633 -0.18689 -0.34377 1 126.487 12.296 -10.179 0.47942 -0.80932 0.33895 -0.01661 2 104.968 -7.204 -10.31 0.50751 0.1794 -0.5572 0.63228 3 
106.115 -22.219 -6.357 0.33668 0.86531 -0.16649 -0.3319 1 126.423 12.193 -10.208 0.47947 -0.80953 0.33838 -0.01675 2 105.101 -7.063 -10.306 0.52695 0.17682 -0.54375 0.6288 3 
105.826 -22.866 -6.81 0.33305 0.88596 -0.11135 -0.3029 1 126.371 12.025 -10.177 0.4789 -0.81082 0.33599 -0.01832 2 105.536 -6.682 -9.962 0.579 0.17225 -0.50734 0.61456 3 
105.541 -23.807 -7.527 0.32255 0.90896 -0.02508 -0.26292 1 126.347 11.881 -10.171 0.47604 -0.81364 0.3331 -0.02049 2 105.846 -6.361 -9.176 0.65366 0.17016 -0.45099 0.58342 3 
105.258 -24.996 -8.3 0.30415 0.92137 0.08935 -0.22492 1 126.309 11.558 -10.054 0.47207 -0.81727 0.32958 -0.02439 2 105.754 -6.617 -7.785 0.73953 0.178 -0.38825 0.52025 3 
104.521 -26.964 -9.247 0.26571 0.91215 0.24649 -0.19138 1 126.199 11.273 -10.02 0.47069 -0.81981 0.32485 -0.02885 2 104.246 -9.084 -5.386 0.83902 0.19746 -0.30935 0.40169 3 
103.751 -29.883 -10.795 0.18549 0.86281 0.43649 -0.17501 1 126.082 10.8 -9.909 0.47022 -0.82201 0.31926 -0.03568 2 100.857 -16.008 -3.116 0.92224 0.23762 -0.21209 0.21914 3 
103.206 -33.502 -12.453 0.10877 0.78447 0.58191 -0.18481 1 126.087 10.302 -9.871 0.46618 -0.82562 0.31507 -0.04202 2 97.805 -25.201 -2.341 0.95046 0.2777 -0.1315 0.04711 3 
102.322 -37.573 -13.834 0.05545 0.73362 0.64117 -0.21821 1 126.191 9.661 -9.759 0.46175 -0.82906 0.31175 -0.0474 2 95.866 -32.566 -2.774 0.94085 0.32031 -0.10355 -0.03845 3 
100.995 -41.508 -14.71 0.02537 0.73859 0.62615 -0.24853 1 126.382 9.072 -9.704 0.45695 -0.83251 0.30922 -0.04999 2 94.424 -36.28 -3.421 0.92465 0.35957 -0.12151 -0.03099 3 
99.564 -44.61 -15.322 -0.01176 0.76164 0.59357 -0.2597 1 126.717 8.267 -9.644 0.44762 -0.83815 0.30713 -0.05306 2 91.783 -38.378 -4.067 0.91188 0.3925 -0.11963 0.01064 3 
98.448 -47.139 -16.145 -0.04767 0.75689 0.59753 -0.26039 1 127.138 7.606 -9.482 0.43735 -0.84451 0.30406 -0.05547 2 89.463 -41.533 -4.708 0.90516 0.41382 -0.09692 0.00639 3 
97.952 -48.846 -17.196 -0.08145 0.73054 0.62378 -0.26566 1 127.602 6.957 -9.455 0.42394 -0.85225 0.30153 -0.05505 2 88.151 -44.969 -5.362 0.89788 0.43395 -0.06772 -0.03025 3 
97.815 -49.812 -17.999 -0.10326 0.71569 0.63608 -0.2693 1 128.035 6.452 -9.367 0.41092 -0.85936 0.29929 -0.05536 2 87.519 -46.953 -5.985 0.89107 0.44823 -0.05171 -0.04905 3 
97.693 -50.322 -18.565 -0.11839 0.71344 0.63852 -0.26322 1 128.238 6.16 -9.304 0.40626 -0.86231 0.29689 -0.05681 2 86.821 -47.747 -6.536 0.88875 0.45415 -0.03836 -0.04894 3 
97.742 -50.675 -18.887 -0.12261 0.70558 0.64448 -0.26791 1 128.397 5.981 -9.276 0.4037 -0.86399 0.29504 -0.05924 2 86.896 -48.545 -6.705 0.88579 0.45867 -0.03545 -0.06111 3 
98.087 -50.895 -19.137 -0.1239 0.69793 0.64993 -0.27412 1 128.548 5.963 -9.267 0.40319 -0.86439 0.29408 -0.06147 2 87.54 -49.232 -6.849 0.88136 0.46476 -0.03907 -0.07533 3 
98.603 -51.078 -19.383 -0.13388 0.68748 0.65545 -0.28252 1 128.616 6.032 -9.287 0.40768 -0.86221 0.29398 -0.0629 2 88.236 -50.291 -7.021 0.87218 0.47826 -0.03937 -0.09501 3 
98.689 -50.803 -19.309 -0.14291 0.68885 0.65321 -0.27997 1 128.665 6.265 -9.316 0.4142 -0.85897 0.29408 -0.06426 2 88.15 -50.148 -6.977 0.86944 0.48375 -0.03807 -0.09278 3 
99.907 -50.171 -19.143 -0.15034 0.70241 0.65115 -0.24499 1 128.777 6.532 -9.368 0.42122 -0.85517 0.29479 -0.066 2 88.146 -50.222 -7.004 0.86915 0.48409 -0.03648 -0.09443 3 
105.451 -49.106 -17.181 -0.12126 0.71474 0.61293 -0.31427 1 129.345 6.732 -9.345 0.41391 -0.85693 0.29963 -0.06767 2 88.128 -50.229 -6.998 0.86922 0.48397 -0.03602 -0.09451 3 
112.405 -47.425 -14.934 0.01211 0.79072 0.56823 -0.22746 1 129.945 6.816 -9.493 0.40004 -0.86043 0.30882 -0.06522 2 88.142 -50.216 -7.008 0.86917 0.48403 -0.03604 -0.09466 3 
115.688 -45.915 -13.104 0.16163 0.86161 0.46477 0.12449 1 129.824 7.046 -9.508 0.40573 -0.85573 0.31356 -0.06919 2 88.141 -50.226 -6.993 0.86916 0.48408 -0.03586 -0.09458 3 
117.494 -40.856 -12.277 0.34104 0.77258 0.34937 0.4059 1 129.012 7.295 -9.485 0.43025 -0.84282 0.31375 -0.07807 2 88.13 -50.223 -7.008 0.86919 0.48399 -0.0359 -0.09476 3 
120.667 -34.581 -12.635 0.43825 0.66545 0.39255 0.45936 1 128.307 7.875 -9.337 0.45157 -0.831 0.31223 -0.08962 2 88.142 -50.224 -6.994 0.86915 0.48407 -0.03582 -0.09468 3 
120.996 -32.798 -12.703 0.43605 0.66431 0.40368 0.45343 1 128.585 9.043 -9.137 0.44533 -0.83272 0.314 -0.09832 2 88.137 -50.225 -7.005 0.86914 0.48408 -0.03587 -0.09472 3 
120.051 -32.251 -13.012 0.40696 0.61803 0.40924 0.5338 1 128.628 10.824 -8.876 0.44946 -0.82891 0.30057 -0.14338 2 88.133 -50.222 -6.999 0.8692 0.484 -0.03591 -0.09464 3 
120.236 -29.952 -15.045 0.2769 0.52188 0.66844 0.45183 1 128.542 15.174 -8.599 0.40355 -0.85161 0.26061 -0.20973 2 88.139 -50.231 -6.999 0.86914 0.48409 -0.03581 -0.09471 3 
120.662 -21.452 -15.028 0.17303 0.50058 0.80627 0.26344 1 128.262 23.12 -8.923 0.2264 -0.91836 0.26654 -0.18524 2 88.135 -50.226 -6.995 0.8692 0.484 -0.03582 -0.09464 3 
116.45 -8.955 -13.921 0.25406 0.43404 0.79819 0.3316 1 125.918 30.018 -9.484 0.04483 -0.93511 0.33047 -0.11977 2 88.125 -50.229 -6.984 0.86924 0.48394 -0.03564 -0.09461 3 
111.732 5.44 -12.776 0.32998 0.43864 0.71124 0.43914 1 121.587 36.205 -10.087 -0.04347 -0.91484 0.38975 -0.09625 2 88.136 -50.226 -7.002 0.86919 0.48399 -0.03584 -0.09474 3 
107.716 19.084 -11.251 0.37296 0.44505 0.64692 0.49429 1 116.52 42.135 -9.975 -0.1201 -0.90074 0.41121 -0.07181 2 88.138 -50.209 -6.985 0.86921 0.48398 -0.03587 -0.09463 3 
99.803 28.041 -9.632 0.40223 0.61228 0.56545 0.37894 1 111.3 48.122 -9.762 -0.20014 -0.8681 0.45057 -0.05774 2 88.137 -50.209 -6.989 0.86919 0.484 -0.03583 -0.09467 3 
90.221 33.697 -10.171 0.32889 0.73519 0.49202 0.33051 1 106.401 52.455 -9.532 -0.20915 -0.84447 0.48678 -0.07854 2 88.138 -50.217 -6.99 0.86921 0.48397 -0.03588 -0.09464 3 
84.118 36.399 -11.698 0.27829 0.74363 0.45897 0.39864 1 102.614 55.196 -10.082 -0.19545 -0.8257 0.52311 -0.07979 2 88.133 -50.214 -6.995 0.86921 0.48396 -0.03585 -0.09471 3 
81.977 38.201 -12.513 0.27278 0.73962 0.42184 0.44788 1 100.033 56.932 -10.732 -0.18397 -0.80966 0.548 -0.10151 2 88.146 -50.198 -6.988 0.86916 0.48407 -0.03589 -0.09462 3 
81.159 40.007 -13.368 0.28339 0.73147 0.38961 0.48254 1 98.017 58.469 -11.107 -0.18246 -0.8099 0.54483 -0.11801 2 88.141 -50.204 -6.987 0.86921 0.48397 -0.03599 -0.0946 3 
80.559 40.999 -13.816 0.2739 0.73772 0.34938 0.50861 1 96.32 59.713 -11.654 -0.18315 -0.80627 0.54796 -0.12696 2 88.143 -50.196 -6.979 0.86923 0.48396 -0.03595 -0.09454 3 
80.109 41.399 -14.124 0.25238 0.73386 0.33921 0.53168 1 95.004 60.537 -11.953 -0.18656 -0.801 0.5508 -0.14214 2 88.15 -50.187 -6.992 0.86917 0.48402 -0.03602 -0.09465 3 
79.695 41.618 -14.187 0.2237 0.72425 0.35983 0.54401 1 94.059 61.081 -12.549 -0.20517 -0.80262 0.53886 -0.15275 2 88.143 -50.201 -6.985 0.86922 0.48395 -0.03599 -0.09462 3 
