123.461 -28.998 -11.949 0.52464 0.70928 0.42459 0.20347 1 122.459 13.207 -10.458 0.50419 -0.77276 0.38333 -0.04107 2 45.607 -29.268 7.638 0.97682 0.05317 -0.1778 -0.10671 3 
123.161 -29.342 -12.083 0.52399 0.7061 0.43429 0.19558 1 121.872 12.706 -10.442 0.50643 -0.77097 0.38337 -0.0466 2 45.604 -29.269 7.637 0.97682 0.05313 -0.1778 -0.10673 3 
122.894 -29.497 -12.188 0.52077 0.70692 0.43855 0.19169 1 121.622 12.32 -10.384 0.50454 -0.7715 0.3841 -0.05193 2 45.606 -29.268 7.639 0.97682 0.05315 -0.1778 -0.1067 3 
122.654 -29.682 -12.141 0.51913 0.7071 0.43841 0.1957 1 121.499 12.068 -10.368 0.5024 -0.77261 0.38395 -0.05699 2 45.605 -29.268 7.638 0.97682 0.05315 -0.17779 -0.10672 3 
122.147 -30.032 -11.887 0.51416 0.70955 0.41998 0.23621 1 121.401 11.895 -10.367 0.49851 -0.77517 0.38376 -0.05764 2 45.606 -29.267 7.639 0.97682 0.05315 -0.1778 -0.10671 3 
120.138 -31.936 -10.432 0.50445 0.74327 0.32546 0.29522 1 121.532 11.867 -10.335 0.48792 -0.7799 0.38698 -0.06275 2 45.605 -29.269 7.639 0.97682 0.05314 -0.1778 -0.10672 3 
115.778 -34.137 -8.414 0.42531 0.83119 0.27251 0.23232 1 121.583 11.86 -10.402 0.4823 -0.78024 0.39346 -0.06175 2 45.606 -29.267 7.639 0.97682 0.05318 -0.17779 -0.10671 3 
110.324 -35.317 -5.2 0.35127 0.88321 0.31073 -0.00029 1 121.221 11.696 -10.436 0.48477 -0.77622 0.39796 -0.06419 2 45.606 -29.268 7.638 0.97682 0.05316 -0.1778 -0.10671 3 
104.012 -36.438 -1.438 0.27284 0.89168 0.2999 -0.20129 1 121.016 11.476 -10.488 0.48256 -0.77563 0.40105 -0.06852 2 45.605 -29.269 7.638 0.97682 0.05315 -0.17779 -0.10672 3 
95.136 -38.489 1.317 0.22269 0.85021 0.35952 -0.31352 1 121.01 11.137 -10.44 0.47613 -0.77853 0.40175 -0.07611 2 45.605 -29.269 7.637 0.97682 0.05313 -0.1778 -0.10673 3 
84.14 -39.716 2.315 0.1828 0.78956 0.47841 -0.33808 1 121.319 10.439 -10.319 0.45132 -0.78916 0.40756 -0.08623 2 45.604 -29.269 7.638 0.97682 0.05313 -0.1778 -0.10673 3 
73.19 -38.488 1.153 0.13457 0.7901 0.51015 -0.31205 1 121.721 9.29 -10.274 0.41362 -0.80346 0.41556 -0.10331 2 45.604 -29.27 7.638 0.97683 0.05311 -0.17776 -0.10674 3 
63.691 -36.228 -1.686 0.08762 0.77695 0.56836 -0.25619 1 122.25 8.046 -10.086 0.37614 -0.8153 0.42278 -0.12275 2 45.605 -29.269 7.638 0.97682 0.05315 -0.1778 -0.10673 3 
56.505 -33.706 -4.551 0.03482 0.76529 0.60603 -0.21414 1 123.062 6.499 -9.869 0.32965 -0.83086 0.42676 -0.13741 2 45.605 -29.268 7.637 0.97682 0.05315 -0.17781 -0.10671 3 
51.962 -31.691 -5.905 0.03308 0.76846 0.6043 -0.20784 1 124.007 4.979 -9.552 0.26983 -0.84866 0.42998 -0.1486 2 45.605 -29.27 7.639 0.97682 0.05314 -0.17779 -0.10671 3 
49.425 -30.858 -6.397 0.03686 0.73792 0.63212 -0.23355 1 124.412 3.927 -9.345 0.23182 -0.85741 0.43243 -0.1553 2 45.525 -29.274 7.653 0.97702 0.05291 -0.17667 -0.10685 3 
48.563 -30.869 -6.601 0.03853 0.70484 0.65481 -0.27007 1 124.521 3.205 -9.236 0.21505 -0.85968 0.43516 -0.15917 2 44.959 -29.413 7.73 0.97855 0.03824 -0.17229 -0.10626 3 
48.527 -31.022 -6.529 0.04565 0.70083 0.65661 -0.27498 1 124.377 2.959 -9.261 0.20933 -0.86201 0.43503 -0.15452 2 45.033 -29.424 7.712 0.9785 0.03459 -0.17393 -0.10531 3 
49.372 -30.996 -6.199 0.04723 0.7007 0.64626 -0.29857 1 124.192 3.03 -9.219 0.21619 -0.86198 0.43425 -0.14727 2 46.716 -29.212 7.652 0.97427 0.05489 -0.19274 -0.10315 3 
52.747 -30.818 -5.479 0.09851 0.68309 0.63742 -0.34261 1 124.204 3.354 -9.228 0.21663 -0.86378 0.43112 -0.14524 2 52.683 -28.775 8.355 0.9639 0.04849 -0.24416 -0.09448 3 
58.663 -30.534 -4.138 0.18968 0.69923 0.58629 -0.36245 1 123.909 3.994 -9.366 0.23322 -0.86109 0.42862 -0.14287 2 61.314 -25.234 9.207 0.95617 0.0091 -0.29244 -0.01176 3 
65.737 -29.917 -3.626 0.25627 0.74235 0.51639 -0.34145 1 123.484 4.934 -9.497 0.26079 -0.85478 0.42772 -0.13565 2 69.092 -19.795 8.325 0.94924 -0.02615 -0.29144 0.11538 3 
73.151 -29.231 -4.318 0.30254 0.78567 0.4479 -0.30095 1 123.297 6.166 -9.655 0.29116 -0.84859 0.42407 -0.12362 2 76.278 -15.336 5.796 0.93651 -0.05964 -0.26326 0.22382 3 
80.33 -28.546 -5.527 0.33415 0.82456 0.37288 -0.26345 1 123.376 7.371 -9.855 0.3196 -0.84337 0.41753 -0.11067 2 83.034 -11.918 2.651 0.91743 -0.08175 -0.23075 0.31367 3 
86.751 -27.835 -6.619 0.36298 0.85606 0.27762 -0.24151 1 123.57 8.62 -9.904 0.34869 -0.83677 0.41009 -0.10023 2 89.46 -8.847 -0.693 0.88226 -0.08978 -0.21175 0.41075 3 
91.89 -27.004 -7.307 0.38916 0.87631 0.1738 -0.22455 1 123.775 9.802 -9.979 0.37526 -0.8306 0.40158 -0.08958 2 95.01 -6.534 -3.861 0.83203 -0.09672 -0.20721 0.50541 3 
95.331 -26.306 -7.647 0.41162 0.88145 0.08466 -0.21554 1 123.972 10.756 -10.086 0.3919 -0.82663 0.39623 -0.07803 2 99.075 -5.41 -6.386 0.77742 -0.10252 -0.21657 0.58156 3 
97.448 -25.969 -7.668 0.43 0.87699 0.01604 -0.21385 1 124.129 11.52 -10.114 0.40572 -0.82236 0.39336 -0.06619 2 101.753 -5.35 -8.082 0.72884 -0.107 -0.23445 0.63433 3 
98.636 -25.638 -7.447 0.43827 0.87079 -0.04435 -0.21834 1 124.284 12.064 -10.238 0.41663 -0.81874 0.3907 -0.05859 2 103.033 -5.64 -9.28 0.68525 -0.10514 -0.25045 0.67577 3 
99.411 -25.188 -7.056 0.44914 0.85529 -0.12087 -0.22833 1 124.515 12.449 -10.226 0.42016 -0.81804 0.38916 -0.05326 2 103.613 -6.523 -10.767 0.61829 -0.10046 -0.27463 0.72952 3 
100.134 -24.244 -6.442 0.46404 0.82747 -0.19713 -0.24717 1 124.776 12.658 -10.262 0.41928 -0.81909 0.3888 -0.04607 2 104.042 -7.467 -11.933 0.54413 -0.09369 -0.31071 0.7737 3 
100.69 -23.129 -5.623 0.47803 0.80176 -0.23882 -0.26763 1 124.928 12.748 -10.313 0.42085 -0.819 0.38806 -0.03918 2 104.482 -7.561 -11.961 0.5018 -0.08827 -0.34259 0.78933 3 
100.94 -22.086 -4.895 0.48121 0.78299 -0.26709 -0.28988 1 125.102 12.753 -10.326 0.42225 -0.81848 0.38811 -0.03403 2 104.201 -7.248 -11.68 0.47418 -0.07474 -0.36479 0.79781 3 
101.035 -21.364 -4.297 0.48702 0.76072 -0.30199 -0.30483 1 125.315 12.744 -10.348 0.42101 -0.81924 0.38828 -0.02871 2 103.799 -7.566 -11.749 0.43808 -0.06771 -0.38745 0.80832 3 
101.103 -20.965 -4.024 0.49245 0.74721 -0.32016 -0.3109 1 125.527 12.739 -10.377 0.41863 -0.82038 0.38874 -0.02438 2 103.751 -7.786 -11.766 0.41861 -0.0682 -0.40005 0.81245 3 
101.154 -20.758 -3.903 0.49508 0.74676 -0.31771 -0.31034 1 125.695 12.747 -10.38 0.41719 -0.82066 0.38985 -0.02196 2 104.017 -7.602 -11.643 0.42006 -0.07134 -0.40186 0.81053 3 
101.328 -20.679 -3.885 0.49443 0.74578 -0.31824 -0.31317 1 125.756 12.768 -10.429 0.41776 -0.82024 0.39019 -0.02078 2 104.128 -7.459 -11.62 0.4197 -0.0687 -0.40383 0.80997 3 
101.373 -20.748 -3.895 0.49447 0.74809 -0.31464 -0.31123 1 125.734 12.756 -10.409 0.41971 -0.81907 0.39052 -0.02159 2 104.303 -7.444 -11.571 0.42364 -0.07099 -0.40189 0.80869 3 
101.432 -20.846 -3.896 0.49055 0.75206 -0.31197 -0.31055 1 125.678 12.717 -10.415 0.42171 -0.81808 0.3904 -0.02206 2 104.264 -7.406 -11.509 0.42748 -0.06902 -0.39794 0.80879 3 
101.523 -20.975 -3.896 0.48732 0.75427 -0.31137 -0.31088 1 125.566 12.646 -10.429 0.42344 -0.81729 0.39019 -0.02194 2 104.205 -7.456 -11.476 0.42936 -0.06606 -0.39573 0.80912 3 
101.567 -21.088 -3.904 0.48703 0.75545 -0.30929 -0.31054 1 125.483 12.599 -10.417 0.42483 -0.81647 0.39032 -0.02346 2 104.297 -7.511 -11.451 0.43153 -0.06659 -0.39517 0.8082 3 
101.57 -21.131 -3.906 0.48726 0.75633 -0.30753 -0.30977 1 125.447 12.542 -10.419 0.4251 -0.81632 0.39026 -0.02463 2 104.368 -7.521 -11.429 0.4332 -0.06801 -0.39437 0.80758 3 
101.493 -21.247 -3.9 0.48688 0.75836 -0.30344 -0.30944 1 125.48 12.471 -10.414 0.42431 -0.8168 0.39004 -0.02566 2 104.37 -7.475 -11.358 0.43742 -0.0687 -0.39304 0.80589 3 
101.235 -21.397 -3.945 0.4869 0.76318 -0.2971 -0.30368 1 125.496 12.484 -10.409 0.42331 -0.81732 0.39002 -0.02609 2 104.374 -7.479 -11.325 0.4442 -0.07414 -0.38805 0.80412 3 
100.917 -21.652 -4.087 0.48586 0.76943 -0.28983 -0.29652 1 125.485 12.446 -10.382 0.42177 -0.81789 0.39044 -0.02672 2 104.21 -7.525 -11.37 0.45179 -0.07896 -0.37915 0.80368 3 
100.45 -22.148 -4.21 0.48778 0.77923 -0.26687 -0.28922 1 125.374 12.307 -10.379 0.41927 -0.81921 0.39028 -0.02822 2 104.308 -7.316 -11.076 0.47278 -0.08743 -0.36956 0.79514 3 
99.182 -23.286 -4.159 0.50198 0.80195 -0.19276 -0.26026 1 125.142 12.189 -10.364 0.41796 -0.81968 0.39046 -0.03137 2 105.164 -6.851 -9.952 0.52807 -0.12532 -0.34603 0.76531 3 
96.956 -25.046 -3.926 0.50729 0.83143 -0.05323 -0.22034 1 124.75 11.954 -10.345 0.41672 -0.82002 0.39061 -0.03651 2 105.594 -6.26 -7.104 0.62459 -0.17572 -0.31635 0.69205 3 
94.018 -26.813 -3.814 0.47949 0.84513 0.12301 -0.20176 1 124.384 11.692 -10.265 0.41372 -0.82081 0.39133 -0.04441 2 102.872 -6.49 -2.853 0.74345 -0.18867 -0.28252 0.57608 3 
90.034 -28.97 -4.007 0.42798 0.82045 0.32437 -0.19618 1 124.109 11.25 -10.238 0.40531 -0.82388 0.39265 -0.05267 2 97.941 -10.559 1.988 0.85284 -0.19176 -0.27503 0.40032 3 
85.229 -31.005 -4.31 0.35476 0.7807 0.46913 -0.21111 1 123.83 10.733 -10.135 0.39491 -0.82716 0.39469 -0.0638 2 90.891 -16.504 5.037 0.9171 -0.16178 -0.27118 0.24334 3 
80.08 -32.526 -4.12 0.29202 0.75204 0.53464 -0.25163 1 123.593 9.973 -10.041 0.38031 -0.83094 0.39831 -0.07913 2 84.558 -20.965 6.701 0.93932 -0.10747 -0.28701 0.15414 3 
74.454 -33.515 -3.663 0.2413 0.73384 0.56782 -0.28433 1 123.588 9.095 -10.007 0.36017 -0.83615 0.4029 -0.09387 2 78.192 -24.007 8.035 0.94832 -0.05938 -0.29617 0.09725 3 
68.601 -33.752 -3.509 0.19098 0.71319 0.60144 -0.30522 1 123.852 8.032 -9.762 0.33354 -0.84453 0.40495 -0.10741 2 71.607 -26.505 9.007 0.95391 -0.02293 -0.29681 0.03793 3 
62.809 -33.334 -3.756 0.14576 0.69285 0.63228 -0.31454 1 124.328 6.821 -9.492 0.30091 -0.85439 0.40692 -0.11781 2 65.068 -28.601 9.387 0.95631 0.00519 -0.29111 -0.02626 3 
57.969 -32.465 -4.404 0.10213 0.69423 0.63879 -0.31552 1 124.933 5.639 -9.37 0.26771 -0.86373 0.40778 -0.12654 2 59.119 -28.847 8.977 0.95907 0.03627 -0.27545 -0.05467 3 
54.533 -31.507 -5.154 0.07648 0.70189 0.64042 -0.30228 1 125.512 4.468 -8.955 0.2273 -0.87376 0.40915 -0.13216 2 54.489 -28.243 8.291 0.96407 0.04596 -0.25344 -0.065 3 
52.471 -30.572 -5.753 0.04992 0.6995 0.64633 -0.30076 1 125.728 3.553 -8.723 0.19869 -0.88033 0.40944 -0.13376 2 51.66 -28.296 7.763 0.96481 0.06186 -0.23965 -0.08883 3 
51.072 -29.934 -6.103 0.0352 0.6977 0.65136 -0.29613 1 125.625 2.899 -8.6 0.18266 -0.88516 0.40626 -0.13448 2 49.8 -28.385 7.441 0.96477 0.06878 -0.23059 -0.10641 3 
50.418 -29.568 -6.169 0.02503 0.70575 0.64284 -0.29674 1 125.333 2.541 -8.536 0.17389 -0.88645 0.40703 -0.13529 2 48.603 -27.73 7.412 0.96713 0.08038 -0.22017 -0.09857 3 
50.239 -29.272 -6.036 0.01168 0.7127 0.63629 -0.29505 1 124.964 2.545 -8.538 0.1766 -0.88478 0.40856 -0.13809 2 47.532 -27.426 7.574 0.97044 0.09429 -0.20039 -0.09587 3 
50.204 -29.249 -5.984 -0.01127 0.71452 0.6345 -0.29452 1 124.792 2.699 -8.57 0.18259 -0.88376 0.40792 -0.13869 2 46.421 -28.223 7.606 0.97156 0.11298 -0.17463 -0.11321 3 
50.314 -29.138 -5.942 -0.02021 0.7167 0.63449 -0.28871 1 125.062 2.939 -8.584 0.18635 -0.8847 0.40548 -0.13477 2 46.383 -28.299 7.595 0.97064 0.12079 -0.17283 -0.11571 3 
51.293 -28.985 -5.732 -0.01672 0.73254 0.6229 -0.27406 1 125.52 3.227 -8.557 0.19212 -0.88628 0.40035 -0.1316 2 46.381 -28.306 7.595 0.97065 0.12075 -0.1727 -0.11592 3 
57.42 -28.168 -4.724 0.10308 0.67221 0.65276 -0.33379 1 125.902 3.937 -8.544 0.20935 -0.88359 0.39385 -0.14257 2 46.374 -28.308 7.602 0.97066 0.12074 -0.1726 -0.11595 3 
71.446 -26.712 -3.261 0.342 0.61413 0.60826 -0.36866 1 125.908 4.903 -8.64 0.24083 -0.87681 0.38935 -0.14701 2 46.356 -28.321 7.61 0.9707 0.12061 -0.17246 -0.116 3 
85.919 -27.04 -2.91 0.5574 0.55835 0.54196 -0.28953 1 125.992 5.955 -8.908 0.26941 -0.86995 0.38684 -0.14476 2 46.356 -28.32 7.608 0.97069 0.12065 -0.17245 -0.11603 3 
94.132 -26.896 -3.616 0.66209 0.4896 0.5597 -0.09304 1 125.981 6.992 -8.894 0.3066 -0.8633 0.37373 -0.14506 2 46.363 -28.314 7.603 0.97068 0.1207 -0.17249 -0.11602 3 
99.648 -24.764 -5.069 0.6372 0.41402 0.64584 0.07383 1 125.635 8.608 -8.739 0.34003 -0.8609 0.34335 -0.15918 2 46.365 -28.315 7.606 0.97068 0.12068 -0.17251 -0.11598 3 
103.569 -22.759 -5.833 0.60093 0.37445 0.69045 0.14814 1 125.249 11.006 -8.717 0.35634 -0.86122 0.32064 -0.16886 2 46.353 -28.322 7.604 0.9707 0.12059 -0.17244 -0.11606 3 
107.284 -19.763 -6.589 0.54663 0.32301 0.74314 0.2112 1 125.071 15.545 -8.659 0.33059 -0.88316 0.29888 -0.14628 2 46.358 -28.319 7.605 0.97069 0.12064 -0.17247 -0.11604 3 
109.647 -13.891 -7.34 0.48535 0.25942 0.79441 0.257 1 124.863 21.392 -8.918 0.23233 -0.91609 0.31116 -0.09987 2 46.362 -28.317 7.606 0.97068 0.12068 -0.17248 -0.11601 3 
109.881 -3.697 -8.541 0.41999 0.15614 0.84075 0.30391 1 123.314 27.829 -9.277 0.08875 -0.92367 0.37241 -0.01628 2 46.359 -28.318 7.606 0.97069 0.12067 -0.17244 -0.11604 3 
109.973 9.98 -9.466 0.36042 0.09496 0.8375 0.39959 1 119.939 34.281 -9.541 0.00566 -0.90161 0.42809 0.06173 2 46.358 -28.319 7.604 0.97069 0.12063 -0.17249 -0.11602 3 
109.514 21.467 -9.942 0.32012 0.14667 0.8069 0.47425 1 115.372 40.357 -9.64 -0.0422 -0.89329 0.43865 0.08854 2 46.355 -28.321 7.605 0.97069 0.12063 -0.17245 -0.11605 3 
104.228 28.322 -10.027 0.35096 0.34347 0.76325 0.41989 1 110.482 46.642 -9.555 -0.12631 -0.86987 0.46881 0.08716 2 46.363 -28.315 7.605 0.97068 0.12072 -0.17248 -0.11602 3 
95.179 32.762 -10.81 0.26794 0.57751 0.69514 0.33388 1 105.377 52.185 -10.032 -0.19589 -0.82466 0.52918 0.03907 2 46.357 -28.319 7.605 0.97069 0.12066 -0.17246 -0.11604 3 
86.907 35.179 -11.585 0.23055 0.6809 0.60586 0.34082 1 100.698 55.872 -10.553 -0.20854 -0.80317 0.55724 -0.03022 2 46.356 -28.321 7.605 0.97069 0.12064 -0.17245 -0.11605 3 
83.033 37.74 -12.436 0.27422 0.70057 0.49472 0.43504 1 97.277 58.731 -11.504 -0.21358 -0.78212 0.5814 -0.06812 2 46.359 -28.319 7.604 0.97068 0.12067 -0.17249 -0.11603 3 
81.314 39.546 -13.43 0.26022 0.70285 0.45399 0.48185 1 95.732 60.178 -12.103 -0.2248 -0.76998 0.58952 -0.0952 2 46.358 -28.317 7.606 0.97069 0.12068 -0.17246 -0.11602 3 
80.725 40.648 -14.039 0.25166 0.7052 0.41475 0.51705 1 94.689 61.156 -12.627 -0.22435 -0.76886 0.58844 -0.11076 2 46.359 -28.319 7.605 0.97069 0.12066 -0.17247 -0.11603 3 
80.101 41.467 -14.321 0.24461 0.72131 0.37997 0.52488 1 94.079 61.524 -12.569 -0.21753 -0.76619 0.59289 -0.11881 2 46.356 -28.32 7.605 0.97069 0.12065 -0.17245 -0.11603 3 
79.681 41.857 -14.179 0.22803 0.72749 0.35875 0.53858 1 93.156 61.945 -13.184 -0.21836 -0.76917 0.58714 -0.1263 2 46.357 -28.318 7.605 0.97069 0.12067 -0.17246 -0.11603 3 
