0 39.798 91.737 45.115 -0.1168 -0.04538 -0.37548 -0.91832
1 32.46 116.031 72.114 0.64741 -0.23673 0.46232 0.55775
2 53.962 120.646 94.702 0.741 0.21548 -0.27849 0.57178
0 33.083 97.225 47.032 -0.21454 -0.07655 -0.29908 -0.92664
1 32.496 116.045 72.083 0.6475 -0.23665 0.46252 0.55751
2 53.893 120.637 94.789 0.74031 0.21572 -0.27883 0.57242
0 29.92 106.039 52.395 -0.34248 -0.1852 -0.17558 -0.9042
1 32.522 116.035 72.096 0.6474 -0.23656 0.4626 0.55759
2 53.977 120.653 94.697 0.74105 0.21571 -0.27845 0.57165
0 30.78 113.872 59.865 -0.39386 -0.29549 -0.10308 -0.86426
1 32.485 116.042 72.093 0.64752 -0.23673 0.46244 0.55752
2 54.015 120.63 94.704 0.74204 0.2163 -0.27815 0.57028
0 30.572 115.535 63.155 -0.33616 -0.35525 -0.13698 -0.86142
1 32.41 116.026 72.091 0.64729 -0.23079 0.46596 0.55733
2 53.867 120.757 94.761 0.74563 0.21822 -0.27737 0.56523
0 30.956 115.86 64.303 -0.32815 -0.3518 -0.16701 -0.86062
1 32.119 116.22 72.193 0.65071 -0.21647 0.45778 0.56583
2 53.73 120.811 94.811 0.74537 0.21846 -0.27765 0.56534
0 30.983 113.666 59.838 -0.37128 -0.26809 -0.18048 -0.87046
1 31.206 114.751 66.816 0.6777 -0.27222 0.43882 0.5235
2 53.904 120.759 94.753 0.74194 0.21697 -0.2782 0.57014
0 30.461 101.596 47.032 -0.33388 -0.06141 -0.17415 -0.92435
1 27.586 103.751 52.785 0.67799 -0.43886 0.30684 0.50357
2 53.907 120.76 94.749 0.74192 0.21663 -0.27834 0.57023
0 33.939 95.931 44.936 -0.28442 0.01242 -0.08415 -0.95492
1 29.348 97.118 51.068 0.69579 -0.45745 0.17461 0.52547
2 53.799 120.766 94.823 0.74142 0.21661 -0.27862 0.57074
0 38.991 95.628 45.82 -0.34042 0.15353 0.11092 -0.921
1 31.935 95.438 51.991 0.79659 -0.43168 -0.02165 0.42264
2 53.789 120.794 94.773 0.74148 0.21654 -0.27843 0.57079
0 40.492 96.316 46.827 -0.40878 0.28705 0.23003 -0.83522
1 32.55 96.013 51.839 0.85222 -0.41636 -0.15735 0.27496
2 53.886 120.729 94.798 0.74218 0.2169 -0.27824 0.56983
0 41.011 96.264 46.6 -0.46096 0.37397 0.30405 -0.74513
1 33.36 96.289 50.239 0.86995 -0.39686 -0.25688 0.14039
2 53.839 120.738 94.796 0.74176 0.21678 -0.27829 0.57041
