0 40.035 87.879 43.736 -0.04844 0.03035 -0.40823 -0.91109
1 26.868 103.66 59.024 0.50589 -0.44625 0.38514 0.62977
2 53.794 120.706 94.778 0.74156 0.21622 -0.27835 0.57083
0 28.382 97.404 48.669 -0.26355 -0.14646 -0.25328 -0.9192
1 26.871 103.668 59.009 0.50584 -0.44631 0.38523 0.62971
2 53.922 120.71 94.736 0.74198 0.21621 -0.27827 0.57033
0 25.722 100.583 52.511 -0.25237 -0.21993 -0.24892 -0.90883
1 26.878 103.659 58.991 0.5058 -0.44618 0.38541 0.62973
2 53.977 120.682 94.735 0.7423 0.21656 -0.27817 0.56984
0 26.664 100.891 53.213 -0.27938 -0.18168 -0.25241 -0.90842
1 26.685 103.399 58.61 0.55061 -0.44948 0.35011 0.6101
2 53.963 120.695 94.742 0.74226 0.21648 -0.27802 0.57
0 32.684 98.374 48.428 -0.37667 -0.00676 -0.13453 -0.9165
1 29.581 100.34 54.209 0.66014 -0.526 0.2203 0.48888
2 53.865 120.731 94.739 0.74171 0.21607 -0.27841 0.57067
0 38.825 96.306 46.545 -0.42256 0.20444 0.07712 -0.8796
1 32.285 96.826 52.424 0.76113 -0.54942 -0.02206 0.344
2 53.837 120.694 94.757 0.74177 0.21624 -0.27828 0.5706
0 40.241 96.145 47.364 -0.47484 0.38933 0.25592 -0.74663
1 32.59 96.219 51.124 0.80766 -0.52811 -0.23064 0.12483
2 53.964 120.676 94.714 0.74225 0.21635 -0.27809 0.57002
0 40.302 96.348 46.753 -0.48715 0.42854 0.28493 -0.70559
1 32.891 96.542 49.893 0.80585 -0.52383 -0.26968 0.05901
2 53.922 120.714 94.702 0.74213 0.21622 -0.27798 0.57027
