0 50.052 81.192 48.846 0.13964 -0.05162 -0.40853 -0.90052
1 40.548 86.248 49.073 0.3457 -0.59197 0.32033 0.6538
2 52.712 121.001 94.164 0.70488 0.20349 -0.28236 0.61807
0 45.853 82.385 45.532 0.00065 -0.05687 -0.32413 -0.9443
1 40.57 86.243 49.064 0.34573 -0.59188 0.32054 0.65376
2 52.676 120.981 94.208 0.70459 0.2036 -0.28255 0.61828
0 44.092 83.147 45.507 -0.00673 -0.00077 -0.30894 -0.95106
1 39.851 86.057 49.143 0.38286 -0.56557 0.35702 0.63725
2 52.749 120.984 94.188 0.70496 0.20377 -0.28237 0.61788
0 43.944 83.137 45.474 0.00211 0.02753 -0.31535 -0.94857
1 39.711 86.06 49.133 0.38231 -0.56603 0.35626 0.63759
2 52.662 120.997 94.186 0.70451 0.20355 -0.2824 0.61845
0 46.379 88.107 41.717 -0.04684 0.16087 -0.01644 -0.98573
1 40.264 88.306 46.813 0.54638 -0.50916 0.08012 0.66016
2 52.733 120.984 94.179 0.70504 0.20361 -0.28242 0.61782
0 47.22 92.618 42.148 -0.14121 0.27626 0.24733 -0.91791
1 40.048 91.163 47.221 0.6966 -0.39375 -0.18423 0.57077
2 52.676 120.975 94.209 0.70477 0.20359 -0.28247 0.61812
0 46.512 94.047 42.652 -0.2407 0.34944 0.35579 -0.83269
1 39.267 92.8 46.924 0.78174 -0.32652 -0.31066 0.43099
2 52.841 120.972 94.128 0.70559 0.20351 -0.28219 0.61733
0 45.482 95.606 43.686 -0.31185 0.34942 0.45451 -0.75767
1 38.626 94.632 47.319 0.83082 -0.21188 -0.38726 0.33892
2 52.748 120.977 94.174 0.7052 0.20351 -0.28242 0.61767
0 45.442 96.908 44.796 -0.34234 0.34345 0.474 -0.73497
1 38.653 96.073 48.485 0.84701 -0.17531 -0.39791 0.30579
2 52.721 121.003 94.152 0.7049 0.20349 -0.2824 0.61803
