0 45.924 82.396 41.33 0.02559 0.06081 -0.54042 -0.83881
1 22.954 88.913 49.828 0.41163 -0.5233 0.39119 0.63536
2 53.856 120.71 94.715 0.74204 0.21603 -0.27801 0.57046
0 31.53 82.652 43.347 -0.03825 -0.02681 -0.41398 -0.90909
1 22.959 88.913 49.827 0.41168 -0.52329 0.39124 0.63531
2 53.952 120.661 94.703 0.74258 0.21609 -0.27795 0.56976
0 26.094 84.989 44.996 -0.07714 -0.10465 -0.33978 -0.93148
1 22.981 88.903 49.815 0.41171 -0.52317 0.39146 0.63526
2 53.867 120.737 94.669 0.74209 0.21574 -0.2782 0.57041
0 25.441 85.663 45.736 -0.06116 -0.08579 -0.30916 -0.94516
1 22.727 89.006 49.904 0.42268 -0.51352 0.40171 0.6295
2 53.917 120.661 94.754 0.74229 0.21621 -0.27807 0.57003
0 27.863 87.432 45.253 -0.10036 -0.01928 -0.258 -0.96072
1 24.395 90.014 49.685 0.48132 -0.51683 0.33706 0.62258
2 53.9 120.706 94.716 0.7423 0.21595 -0.27795 0.57017
0 38.65 93.784 44.856 -0.30199 0.22924 0.05567 -0.92366
1 31.459 94.408 50.225 0.75776 -0.49029 0.04785 0.42794
2 53.856 120.72 94.688 0.74189 0.21613 -0.27801 0.57061
0 41.5 95.199 46.478 -0.36413 0.38182 0.19956 -0.82571
1 33.422 95.477 50.9 0.82695 -0.46925 -0.13132 0.28056
2 53.868 120.738 94.68 0.74209 0.21596 -0.27797 0.57043
0 41.324 95.627 46.827 -0.41566 0.46408 0.26155 -0.73719
1 33.813 96.26 50.138 0.84992 -0.44894 -0.2259 0.15831
2 53.916 120.696 94.706 0.74245 0.21632 -0.27777 0.56993
0 40.635 95.84 45.918 -0.44519 0.50369 0.29407 -0.67943
1 33.839 96.868 48.493 0.85599 -0.43128 -0.27399 0.07875
2 53.939 120.671 94.713 0.7424 0.21632 -0.27793 0.56992
0 40.615 96.103 46.121 -0.46116 0.49946 0.30498 -0.66698
1 33.979 97.289 48.69 0.86568 -0.41455 -0.27396 0.0608
2 53.886 120.647 94.772 0.74221 0.21611 -0.27817 0.57013
