0 45.074 85.128 42.658 -0.006 0.08357 -0.4784 -0.87413
1 3.932 92.933 51.503 0.33572 -0.55651 0.31357 0.69229
2 53.989 120.666 94.775 0.74308 0.21673 -0.27853 0.56858
0 38.687 82.665 41.618 0.00999 0.08208 -0.46107 -0.8835
1 3.925 92.939 51.5 0.33562 -0.55665 0.3136 0.69221
2 53.967 120.708 94.715 0.74296 0.21637 -0.27837 0.56895
0 24.607 81.42 39.916 -0.00667 0.06447 -0.38165 -0.92203
1 3.919 92.932 51.509 0.33566 -0.5566 0.31352 0.69227
2 53.981 120.698 94.752 0.74285 0.21649 -0.27844 0.56901
0 12.834 85.386 42.105 -0.00184 -0.05424 -0.32351 -0.94467
1 3.928 92.922 51.518 0.33581 -0.55653 0.31347 0.69228
2 53.987 120.665 94.775 0.74294 0.21651 -0.27852 0.56885
0 6.548 89.95 44.931 0.05841 -0.11751 -0.32979 -0.93489
1 3.937 92.934 51.493 0.3364 -0.55604 0.31408 0.6921
2 53.941 120.689 94.729 0.74143 0.21602 -0.27887 0.57083
0 6.577 90.199 44.86 0.06352 -0.0864 -0.32338 -0.94017
1 3.248 92.469 51.4 0.40918 -0.52421 0.35263 0.65836
2 53.993 120.697 94.642 0.74078 0.21572 -0.27868 0.57188
0 14.992 91.016 42.169 -0.10808 0.04383 -0.22613 -0.96709
1 9.867 92.685 48.118 0.54502 -0.53192 0.28585 0.58165
2 54.035 120.597 94.716 0.74087 0.21585 -0.27889 0.5716
0 27.398 92.254 42.303 -0.22866 0.11584 -0.14487 -0.95567
1 21.198 93.508 48.305 0.64581 -0.50989 0.22924 0.51999
2 54.074 120.642 94.678 0.74107 0.21551 -0.2786 0.57162
0 38.629 95.299 46.848 -0.42901 0.31277 0.10045 -0.84145
1 29.543 95.51 51.535 0.83522 -0.44972 -0.01417 0.31617
2 53.947 120.653 94.715 0.7405 0.21532 -0.27885 0.57232
0 39.771 95.469 47.984 -0.52024 0.42922 0.17382 -0.71757
1 31.205 96.176 50.556 0.86232 -0.45704 -0.1644 0.14314
2 53.894 120.674 94.706 0.74033 0.21549 -0.27878 0.5725
0 40.262 95.65 47.619 -0.57579 0.48273 0.20844 -0.62609
1 32.522 97.269 49.023 0.86356 -0.45488 -0.21757 -0.0008
2 53.898 120.68 94.683 0.74021 0.21538 -0.27879 0.57269
