0 31.425 89.46 44.792 -0.06903 0.03017 -0.37031 -0.92585
1 8.658 107.622 61.996 0.51143 -0.4058 0.39713 0.64502
2 53.994 120.752 94.762 0.74252 0.21658 -0.27868 0.56929
0 14.452 101.944 51.251 -0.11931 -0.15939 -0.23566 -0.95122
1 8.705 107.641 61.955 0.5115 -0.40567 0.39747 0.64484
2 53.998 120.759 94.769 0.74269 0.21678 -0.27856 0.56905
0 11.371 105.444 53.953 -0.07513 -0.19494 -0.25094 -0.94519
1 8.738 107.632 61.956 0.51162 -0.40554 0.39776 0.64465
2 53.953 120.76 94.77 0.74219 0.21672 -0.27907 0.56948
0 11.248 105.916 54.67 -0.09005 -0.1805 -0.26209 -0.94373
1 9.024 107.386 61.598 0.51852 -0.41122 0.37967 0.64644
2 54.002 120.711 94.79 0.74275 0.21698 -0.279 0.56869
0 18.455 102.718 48.705 -0.23289 -0.01088 -0.21274 -0.94889
1 14.056 104.427 54.153 0.63415 -0.47355 0.30435 0.53007
2 54.014 120.69 94.831 0.74312 0.2169 -0.27858 0.56844
0 35.283 95.882 45.19 -0.31735 0.17252 0.03993 -0.93163
1 28.132 95.996 50.582 0.78569 -0.43759 0.04782 0.43465
2 53.936 120.78 94.768 0.74254 0.21673 -0.2787 0.5692
0 39.959 95.964 47.968 -0.41566 0.29262 0.21724 -0.83331
1 31.782 95.806 52.431 0.87568 -0.3716 -0.1214 0.28347
2 53.983 120.775 94.744 0.74314 0.21688 -0.27835 0.56853
0 40.383 96.473 48.308 -0.48941 0.38119 0.26453 -0.73838
1 32.533 97.12 51.635 0.90066 -0.36384 -0.19716 0.13252
2 53.946 120.704 94.814 0.74265 0.2169 -0.27874 0.56897
