0 42.256 95.669 50.016 -0.26275 -0.18495 -0.39994 -0.85837
1 49.064 113.273 72.572 0.69643 -0.17311 0.49623 0.48865
2 53.504 120.963 94.45 0.72095 0.20791 -0.28064 0.59854
0 40.14 101.095 51.375 -0.38118 -0.21715 -0.2787 -0.85433
1 49.048 113.239 72.62 0.69659 -0.17291 0.49597 0.48875
2 53.472 120.957 94.463 0.72086 0.2082 -0.28039 0.59866
0 42.081 108.286 56.772 -0.4749 -0.31974 -0.13224 -0.80917
1 48.995 113.277 72.605 0.69662 -0.17348 0.49577 0.48871
2 53.431 121.003 94.398 0.72061 0.20802 -0.2805 0.59898
0 45.669 112.175 61.452 -0.51246 -0.3533 -0.02313 -0.78232
1 49.011 113.264 72.602 0.69649 -0.17336 0.49588 0.48882
2 53.663 121.184 94.282 0.70775 0.20334 -0.28257 0.61473
0 46.215 113.715 64.437 -0.52763 -0.34112 -0.02253 -0.77765
1 49.12 113.368 72.627 0.69725 -0.17899 0.49078 0.49085
2 53.723 121.635 93.737 0.66651 0.18835 -0.28762 0.66148
0 46.587 112.419 62.162 -0.53655 -0.27965 -0.06633 -0.79342
1 49.165 113.184 69.241 0.68593 -0.23153 0.49406 0.48146
2 53.642 121.597 93.731 0.66949 0.18891 -0.28722 0.65848
0 46.012 109.06 54.402 -0.51371 -0.12876 -0.07046 -0.84532
1 46.272 111.215 61.191 0.70276 -0.36472 0.41626 0.44703
2 53.293 121.222 93.965 0.68862 0.19685 -0.28463 0.63721
0 44.235 104.15 47.752 -0.44075 0.0257 -0.02186 -0.897
1 41.266 106.621 55.346 0.71682 -0.48088 0.27266 0.42496
2 52.824 121.005 94.062 0.70467 0.20318 -0.28245 0.61837
0 40.588 97.087 43.866 -0.27489 0.12087 0.06377 -0.95171
1 34.443 98.361 51.6 0.67636 -0.55593 0.07445 0.47743
2 52.837 121.006 94.081 0.70494 0.20315 -0.28234 0.61813
0 39.911 94.996 43.349 -0.24257 0.20662 0.20758 -0.92487
1 32.463 94.843 50.291 0.718 -0.53943 -0.08508 0.43158
2 52.82 121.007 94.078 0.70489 0.20311 -0.28242 0.61816
0 41.145 95.396 44.067 -0.28252 0.31248 0.29009 -0.85929
1 33.014 94.987 50.079 0.76344 -0.53158 -0.19214 0.31251
2 52.894 120.958 94.103 0.70537 0.20327 -0.28233 0.6176
0 41.713 95.863 44.69 -0.3293 0.37802 0.32518 -0.80182
1 33.638 95.739 49.947 0.79247 -0.51549 -0.25615 0.20162
2 52.892 120.969 94.094 0.70517 0.20312 -0.28251 0.61779
0 42.331 96.314 45.593 -0.35893 0.41421 0.34505 -0.76193
1 34.563 96.371 50.358 0.80018 -0.49484 -0.3165 0.12114
2 52.87 120.945 94.138 0.70514 0.20342 -0.28251 0.61772
