0 37.968 92.019 48.332 -0.10839 -0.05785 -0.40704 -0.90511
1 29.702 105.292 58.104 0.33325 -0.59964 0.19791 0.70014
2 5.321 110.014 90.636 0.94212 0.33377 0.00157 0.03158
0 31.192 95.936 51.301 -0.17589 -0.15221 -0.3134 -0.92069
1 29.702 105.289 58.111 0.3334 -0.59963 0.1979 0.70009
2 5.273 109.995 90.667 0.94206 0.33389 0.00137 0.03213
0 28.445 99.124 53.916 -0.22291 -0.2027 -0.27445 -0.91318
1 29.707 105.3 58.075 0.33335 -0.59971 0.19813 0.69998
2 5.287 109.998 90.66 0.9421 0.33379 0.00159 0.03201
0 27.788 100.107 55.397 -0.20873 -0.17559 -0.29743 -0.91495
1 29.711 105.531 58.117 0.32457 -0.60517 0.18586 0.70277
2 5.228 110.007 90.654 0.94205 0.3339 0.00138 0.03238
0 28.528 100.054 54.578 -0.20408 -0.13562 -0.29146 -0.92467
1 29.978 105.41 57.412 0.30883 -0.61223 0.16073 0.70991
2 5.252 110.005 90.641 0.94207 0.33387 0.00132 0.03212
0 28.402 95.455 47.678 -0.15246 -0.03073 -0.31581 -0.93599
1 28 101.222 50.059 0.22239 -0.67698 0.11453 0.69219
2 5.302 110.003 90.645 0.94207 0.33388 0.00146 0.03195
0 24.421 88.226 40.863 -0.0378 0.06992 -0.23429 -0.96891
1 21.678 93.079 44.117 0.17276 -0.71649 -0.05779 0.67339
2 5.261 109.98 90.671 0.94207 0.33386 0.00141 0.03215
0 14.49 85.026 39.333 0.06584 0.02351 0.04236 -0.99665
1 11.836 86.848 44.702 0.27497 -0.597 -0.29806 0.6922
2 5.18 110.011 90.655 0.94205 0.33388 0.00123 0.0327
0 11.797 87.136 39.672 0.03496 0.03522 0.30658 -0.95055
1 8.989 85.716 45.481 0.43459 -0.50125 -0.46064 0.58966
2 5.245 110.031 90.646 0.9421 0.33378 0.00151 0.03225
0 10.911 88.877 39.784 -0.01087 0.08341 0.44698 -0.89058
1 7.44 85.888 45.065 0.52272 -0.45902 -0.53928 0.4746
2 5.264 110.015 90.654 0.94206 0.33389 0.00167 0.03213
0 10.876 90.093 40.176 -0.03938 0.10488 0.51408 -0.85039
1 7.068 86.447 45.072 0.56911 -0.42827 -0.57221 0.40654
2 5.297 110.024 90.635 0.94213 0.33375 0.00153 0.03178
0 11.149 90.975 40.609 -0.05599 0.10907 0.52761 -0.84059
1 7.241 87.224 45.547 0.58695 -0.42196 -0.57246 0.38694
2 5.29 110.007 90.647 0.94211 0.33378 0.0016 0.03193
