0 42.12 87.814 47.823 -0.14689 -0.08363 -0.58871 -0.79048
1 10.327 109.946 60.711 0.36047 -0.55777 0.21804 0.71513
2 5.228 109.998 90.674 0.94183 0.3342 0.00036 0.0356
0 40.881 87.916 47.652 -0.14692 -0.07864 -0.58881 -0.79091
1 10.36 109.963 60.69 0.36056 -0.55768 0.21839 0.71505
2 5.237 110.002 90.667 0.94186 0.33414 0.00056 0.03535
0 33.948 90.195 46.245 -0.20098 -0.06692 -0.53759 -0.81616
1 10.345 109.96 60.697 0.36046 -0.55768 0.21823 0.71514
2 5.253 109.986 90.686 0.94182 0.33425 0.00039 0.03535
0 18.639 98.958 49.484 -0.18535 -0.12335 -0.41616 -0.88161
1 10.319 109.984 60.715 0.36057 -0.5576 0.21793 0.71525
2 5.219 110.06 90.639 0.94185 0.33416 0.00068 0.03547
0 12.646 103.64 52.613 -0.12952 -0.15262 -0.28745 -0.93665
1 10.322 109.994 60.719 0.36067 -0.55746 0.21789 0.71532
2 5.199 110.086 90.628 0.94187 0.33407 0.00061 0.03565
0 9.679 106.09 55.551 -0.11143 -0.20327 -0.24507 -0.94139
1 10.322 109.996 60.747 0.36082 -0.55732 0.21773 0.7154
2 5.241 110.103 90.624 0.94191 0.33401 0.00085 0.03521
0 8.821 106.52 56.496 -0.10271 -0.17627 -0.27544 -0.93942
1 9.548 110.007 61.063 0.38155 -0.54017 0.23998 0.71067
2 5.189 110.109 90.611 0.94194 0.33386 0.00076 0.03573
0 12.984 105.82 54.266 -0.14562 -0.10973 -0.26929 -0.94564
1 12.716 109.363 58.367 0.37137 -0.56761 0.21627 0.70223
2 5.197 110.141 90.629 0.9419 0.33398 0.00092 0.03573
0 19.862 99.439 47.489 -0.13755 -0.02245 -0.29595 -0.94498
1 18.364 103.57 50.88 0.31758 -0.61993 0.20412 0.68787
2 5.236 110.112 90.626 0.94194 0.33391 0.00096 0.03537
0 21.024 89.98 40.066 -0.04689 0.08465 -0.22243 -0.97013
1 18.176 93.215 43.797 0.28104 -0.66864 0.06112 0.68571
2 5.23 110.091 90.623 0.94192 0.33398 0.00079 0.03538
0 16.087 84.378 37.719 0.02759 0.06702 -0.11361 -0.99088
1 13.351 86.439 41.978 0.28712 -0.62199 -0.04979 0.72678
2 5.261 110.097 90.605 0.94197 0.33387 0.0008 0.03504
0 9.31 86.042 37.293 0.01262 0.05135 0.16577 -0.98475
1 6.514 85.015 42.278 0.44762 -0.51656 -0.24112 0.68896
2 5.263 110.116 90.608 0.94194 0.33393 0.0007 0.03503
0 7.815 87.38 37.635 -0.00339 0.07104 0.3665 -0.9277
1 4.629 84.203 41.928 0.54808 -0.427 -0.38265 0.60898
2 5.268 110.086 90.63 0.94191 0.33403 0.00091 0.0351
0 7.395 88.554 37.655 -0.03191 0.11435 0.49376 -0.86146
1 3.668 84.343 40.945 0.61544 -0.36796 -0.47573 0.50944
2 5.201 110.112 90.61 0.94191 0.33394 0.00057 0.03592
0 7.266 89.158 37.417 -0.05071 0.14258 0.55522 -0.81782
1 3.232 84.623 40.057 0.64983 -0.32982 -0.52477 0.43995
2 5.266 110.108 90.609 0.94197 0.33385 0.00095 0.0351
0 7.752 89.731 38.206 -0.05794 0.13177 0.55387 -0.82007
1 3.733 85.211 40.966 0.65681 -0.32312 -0.51583 0.44511
2 5.273 110.063 90.62 0.94203 0.33382 0.00117 0.03378
