0 49.198 80.662 47.569 0.05527 0.00259 -0.49034 -0.86978
1 42.59 87.873 48.855 0.14097 -0.6867 0.11643 0.70357
2 5.257 110.026 90.627 0.94242 0.33331 0.00296 0.02722
0 46.619 82.212 48.943 0.01478 -0.0474 -0.43277 -0.90014
1 42.561 87.877 48.865 0.14084 -0.68689 0.11629 0.70344
2 5.279 110.018 90.632 0.94245 0.33322 0.00301 0.02711
0 44.923 82.365 48.334 -0.01041 -0.04286 -0.40614 -0.91275
1 42.573 87.877 48.86 0.14085 -0.68679 0.11643 0.70351
2 5.273 109.994 90.644 0.94238 0.33341 0.00303 0.02723
0 44.039 82.343 47.802 -0.02123 -0.0164 -0.40864 -0.9123
1 42.158 87.733 48.847 0.16259 -0.67946 0.13829 0.70198
2 5.288 110.02 90.628 0.94244 0.33325 0.00315 0.02719
0 43.965 82.474 47.802 -0.01785 0.00357 -0.4138 -0.91018
1 42.009 87.806 48.862 0.16446 -0.67824 0.13863 0.70265
2 5.302 110.006 90.631 0.94244 0.33327 0.0032 0.02699
0 44.041 82.567 46.683 0.01744 0.03306 -0.40909 -0.91173
1 41.482 87.719 47.668 0.12338 -0.6806 0.11231 0.71341
2 5.244 110.033 90.628 0.94245 0.33322 0.00282 0.02742
0 37.94 81.155 42.327 0.05575 0.07219 -0.33173 -0.93896
1 34.628 85.827 44.057 0.1276 -0.67807 0.01602 0.72366
2 5.332 110.001 90.646 0.94244 0.33332 0.00323 0.02652
0 22.904 82.244 39.191 0.07489 0.05471 -0.18779 -0.97782
1 19.529 86.152 42.308 0.19788 -0.62926 -0.10119 0.74474
2 5.268 110.019 90.637 0.94242 0.3333 0.00296 0.02712
0 16.271 85.448 39.042 0.10139 0.02913 -0.03367 -0.99385
1 13.026 87.968 43.543 0.26715 -0.55384 -0.22214 0.75667
2 5.264 110.027 90.624 0.94243 0.33328 0.00298 0.02708
0 12.886 88.282 39.484 0.10389 0.01401 0.21834 -0.97023
1 10.122 88.156 45.172 0.38291 -0.42317 -0.39712 0.71875
2 5.302 110.001 90.645 0.94242 0.33333 0.00311 0.02689
0 11.761 89.846 39.761 0.07688 0.03607 0.41243 -0.90702
1 9.02 87.674 45.267 0.46055 -0.32372 -0.52804 0.63582
2 5.268 109.979 90.674 0.94237 0.33346 0.0029 0.02703
0 10.922 91.527 39.75 0.01772 0.08844 0.5656 -0.81973
1 7.633 87.943 44.377 0.54537 -0.25637 -0.62356 0.49801
2 5.238 110.015 90.641 0.94241 0.33333 0.00287 0.0273
0 10.893 91.774 39.499 0.01226 0.09039 0.5658 -0.81948
1 7.561 88.199 44.165 0.55023 -0.25687 -0.62205 0.49429
2 5.227 110.004 90.644 0.94239 0.33338 0.00291 0.02738
0 11.065 91.866 39.512 0.01008 0.08578 0.56071 -0.8235
1 7.801 88.345 44.262 0.55202 -0.25654 -0.61556 0.50054
2 5.251 110.014 90.642 0.94241 0.33331 0.00298 0.02737
