0 42.407 88.859 43.731 -0.1447 -0.06648 -0.47879 -0.86336
1 15.552 120.77 74.07 0.57674 -0.33035 0.37636 0.64545
2 5.21 109.992 90.68 0.94154 0.3346 -0.00077 0.03925
0 41.924 88.756 43.813 -0.14049 -0.06962 -0.47758 -0.86448
1 15.559 120.775 74.048 0.57678 -0.33042 0.37635 0.64538
2 5.357 110.018 90.662 0.94161 0.33452 -0.00056 0.03832
0 37.733 89.658 42.993 -0.16222 -0.06924 -0.4547 -0.87301
1 15.594 120.753 74.083 0.57692 -0.3302 0.37649 0.64528
2 5.272 109.98 90.681 0.94152 0.33469 -0.00091 0.03888
0 25.158 96.247 44.125 -0.20619 -0.10358 -0.37454 -0.89804
1 15.563 120.768 74.08 0.57691 -0.33024 0.37624 0.64542
2 5.242 109.974 90.712 0.94152 0.33471 -0.00066 0.03897
0 18.087 103.759 48.103 -0.23061 -0.17682 -0.29169 -0.9113
1 15.517 120.76 74.155 0.57703 -0.32996 0.37573 0.64574
2 5.243 110.046 90.659 0.94159 0.3345 -0.00043 0.03892
0 14.685 111.944 53.175 -0.26417 -0.2419 -0.2037 -0.91116
1 15.568 120.778 74.148 0.57711 -0.32974 0.37597 0.64565
2 5.273 110.071 90.635 0.94166 0.33434 -0.00041 0.03872
0 13.762 116.711 58.824 -0.24518 -0.31046 -0.1792 -0.90077
1 15.54 120.775 74.134 0.57702 -0.32968 0.37587 0.64582
2 5.204 110.092 90.603 0.94163 0.33436 -0.00033 0.03912
0 14.488 120.045 63.35 -0.23509 -0.33902 -0.14987 -0.89852
1 15.571 120.786 74.126 0.57702 -0.32968 0.37611 0.64568
2 5.291 110.11 90.608 0.94171 0.33424 -0.00018 0.03843
0 14.993 121.496 64.633 -0.22054 -0.32145 -0.14783 -0.90894
1 16.277 121.42 73.84 0.56382 -0.35027 0.3316 0.67042
2 5.211 110.13 90.604 0.94166 0.33429 -0.0002 0.03916
0 15.333 121.06 65.429 -0.21726 -0.30699 -0.18584 -0.90775
1 17.002 121.483 73.282 0.54621 -0.37472 0.30661 0.68355
2 5.263 110.137 90.598 0.94169 0.33429 1e-05 0.03843
0 17.448 118.218 61.263 -0.2869 -0.21599 -0.22763 -0.90511
1 18.001 119.951 67.413 0.55399 -0.4461 0.31468 0.62854
2 5.189 110.121 90.622 0.94163 0.33433 -0.00042 0.03948
0 22.374 106.217 45.972 -0.2798 -0.00349 -0.21131 -0.93651
1 19.945 108.577 51.146 0.52317 -0.5714 0.20403 0.59847
2 5.305 110.098 90.613 0.94163 0.33444 -0.00021 0.03863
0 22.635 95.865 39.403 -0.13375 0.06904 -0.18037 -0.97201
1 19.417 97.689 44.3 0.42759 -0.60907 0.08246 0.66287
2 5.181 110.063 90.649 0.94158 0.33448 -0.0007 0.03944
0 19.075 88.372 36.656 -0.00351 0.08229 -0.08883 -0.99264
1 16.064 88.796 41.448 0.37729 -0.58114 -0.05306 0.71911
2 5.247 110.077 90.633 0.94167 0.3343 -0.00054 0.03882
0 13.746 87.345 36.951 0.0444 0.04337 0.04772 -0.99693
1 11.402 86.114 41.819 0.40733 -0.49501 -0.15796 0.75106
2 5.236 110.064 90.654 0.94159 0.33451 -0.00043 0.03902
0 9.365 90.56 38.988 0.04299 0.03816 0.34466 -0.93696
1 7.115 86.109 42.77 0.5246 -0.33237 -0.37618 0.68762
2 5.193 110.084 90.629 0.94164 0.33433 -0.00061 0.03918
0 8.944 92.026 40.532 0.01563 0.06003 0.50793 -0.85917
1 6.448 86.478 42.836 0.58817 -0.23466 -0.49393 0.59584
2 5.262 110.12 90.593 0.94171 0.33418 -0.00023 0.03878
0 9.559 92.814 41.205 -0.00729 0.07501 0.56661 -0.82053
1 6.802 87.066 42.918 0.61722 -0.19776 -0.53555 0.5414
2 5.252 110.094 90.623 0.94167 0.3343 -0.00028 0.03887
0 10.019 93.265 40.836 -0.00578 0.07551 0.56069 -0.82456
1 7.276 87.542 42.675 0.61525 -0.19883 -0.5326 0.54614
2 5.309 110.019 90.622 0.94162 0.33452 -0.00048 0.03807
0 10.546 93.699 40.855 -0.00557 0.06831 0.55037 -0.83211
1 7.855 87.983 42.89 0.61411 -0.19929 -0.52249 0.55692
2 5.266 109.988 90.686 0.94166 0.33448 -0.0004 0.03738
