0 45.649 85.485 45.099 -0.13356 -0.07078 -0.61476 -0.77409
1 45.681 100.256 58.278 0.46342 -0.52582 0.32122 0.63685
2 5.266 109.995 90.652 0.94223 0.33363 0.00219 0.02976
0 45.329 85.753 46.35 -0.13417 -0.0922 -0.5957 -0.78654
1 45.62 100.28 58.271 0.46313 -0.52623 0.32096 0.63685
2 5.295 110.031 90.624 0.94231 0.33344 0.00218 0.02948
0 43.879 89.531 49.559 -0.23707 -0.17106 -0.38515 -0.87533
1 45.65 100.261 58.28 0.46338 -0.52609 0.32101 0.63676
2 5.236 110.012 90.627 0.94223 0.3336 0.00201 0.03008
0 42.173 94.756 54.849 -0.33677 -0.25111 -0.25789 -0.87007
1 45.674 100.259 58.257 0.46344 -0.52598 0.32127 0.63667
2 5.259 109.984 90.673 0.94221 0.33369 0.00204 0.02964
0 41.896 96.011 56.317 -0.34269 -0.22404 -0.28689 -0.86606
1 45.38 100.481 58.467 0.46952 -0.51954 0.32519 0.63552
2 5.297 109.999 90.643 0.94227 0.33354 0.00239 0.02944
0 42.34 95.432 55.609 -0.3003 -0.17885 -0.32335 -0.87936
1 45.046 100.261 57.305 0.41352 -0.54162 0.30174 0.66679
2 5.269 110.016 90.634 0.94226 0.33357 0.00218 0.02958
0 37.359 89.795 48.268 -0.15685 -0.06237 -0.36522 -0.91549
1 37.293 95.387 49.744 0.26477 -0.63105 0.2063 0.69936
2 5.289 110.012 90.642 0.94227 0.33355 0.00228 0.02936
0 21.434 84.464 41.393 0.05783 0.00251 -0.18645 -0.98076
1 18.701 88.563 44.844 0.20687 -0.61401 -0.08105 0.75738
2 5.26 110.015 90.645 0.94226 0.33357 0.00218 0.02952
0 15.131 87.383 40.735 0.11883 -0.01645 0.09046 -0.98865
1 12.613 88.606 46.106 0.30827 -0.48468 -0.30765 0.75856
2 5.293 110.029 90.622 0.94233 0.3334 0.00226 0.02923
0 12.996 89.281 40.795 0.10693 0.00607 0.3259 -0.93932
1 10.601 87.839 46.441 0.41236 -0.37995 -0.4781 0.67603
2 5.317 110.037 90.621 0.94232 0.33344 0.00236 0.02919
0 12.007 90.086 40.083 0.05561 0.06768 0.47189 -0.8773
1 8.876 87.165 45.143 0.49982 -0.33962 -0.57558 0.55095
2 5.293 110.002 90.644 0.94226 0.33358 0.00233 0.02948
0 11.171 91.064 39.316 -0.00087 0.11864 0.57244 -0.81131
1 7.378 87.405 43.67 0.57155 -0.30606 -0.62771 0.43087
2 5.282 110.036 90.62 0.9423 0.33348 0.00228 0.02929
