0 46.932 87.992 47.518 -0.11742 -0.04031 -0.47449 -0.87146
1 50.922 112.687 72.087 0.65868 -0.28483 0.42886 0.54871
2 5.296 110.001 90.669 0.94217 0.33373 0.00193 0.03045
0 41.812 91.047 50.57 -0.17517 -0.1216 -0.43389 -0.87536
1 50.903 112.699 72.079 0.65855 -0.28491 0.4288 0.54888
2 5.311 109.995 90.658 0.94223 0.33359 0.00197 0.03028
0 38.601 99.94 56.538 -0.34829 -0.25628 -0.31047 -0.84653
1 50.919 112.686 72.093 0.6587 -0.28474 0.42881 0.54878
2 5.283 110.017 90.648 0.94218 0.33369 0.00183 0.03069
0 40.807 107.403 63.482 -0.47436 -0.38008 -0.18159 -0.77301
1 50.951 112.696 72.066 0.65869 -0.28468 0.4291 0.5486
2 5.28 109.984 90.668 0.94214 0.3338 0.00181 0.03067
0 43.305 111.415 67.03 -0.51784 -0.42306 -0.10761 -0.73572
1 50.946 112.696 72.049 0.65863 -0.28481 0.42912 0.54859
2 5.27 110.005 90.651 0.94218 0.33369 0.00176 0.03072
0 43.554 112.626 68.586 -0.50405 -0.4262 -0.12392 -0.7409
1 50.655 112.902 72.378 0.66478 -0.27015 0.43566 0.54339
2 5.255 110.022 90.641 0.94219 0.33366 0.00195 0.03086
0 43.895 111.419 68.279 -0.48918 -0.39019 -0.16849 -0.76162
1 50.811 112.44 71.246 0.63676 -0.2952 0.42544 0.57131
2 5.275 110.016 90.648 0.94218 0.3337 0.00191 0.03064
0 41.848 105.91 61.398 -0.42188 -0.29149 -0.25223 -0.82063
1 47.172 109.198 63.384 0.52901 -0.40799 0.40341 0.62526
2 5.308 109.981 90.667 0.94213 0.33385 0.00202 0.03041
0 38.487 96.689 50.505 -0.2901 -0.11942 -0.29098 -0.90383
1 39.95 101.457 53.34 0.40807 -0.57259 0.27464 0.65589
2 5.29 110.019 90.64 0.94218 0.3337 0.00215 0.03051
0 30.813 83.086 41.908 -0.01879 0.00611 -0.23277 -0.97233
1 28.722 87.469 45.404 0.24171 -0.64539 0.02322 0.72423
2 5.272 110.03 90.622 0.94221 0.33361 0.00187 0.03054
0 22.493 81.248 40.932 0.06234 -0.01307 -0.14433 -0.98748
1 20.207 84.754 44.995 0.23173 -0.59729 -0.07708 0.76394
2 5.35 110.02 90.626 0.94226 0.33356 0.00227 0.02963
0 15.814 83.889 40.27 0.07349 -0.01945 -7e-05 -0.99711
1 13.653 85.891 45.201 0.30138 -0.54562 -0.1829 0.76028
2 5.315 110.02 90.626 0.94224 0.33355 0.00185 0.03035
0 12.177 86.384 40.075 0.05915 -0.00665 0.20967 -0.97596
1 10.019 85.903 45.626 0.41346 -0.47256 -0.32657 0.70646
2 5.283 110.005 90.654 0.94217 0.33372 0.00184 0.0306
0 10.023 88.578 39.273 0.01473 0.05301 0.4534 -0.88961
1 7.01 85.352 44.077 0.54581 -0.37942 -0.49048 0.56353
2 5.28 110.008 90.654 0.94216 0.33374 0.00187 0.0307
0 9.297 89.908 39.072 -0.03052 0.0934 0.5545 -0.82636
1 5.644 85.854 43.132 0.61535 -0.33604 -0.54753 0.45676
2 5.281 110.037 90.624 0.94225 0.33352 0.00202 0.03051
0 9.106 90.229 39.008 -0.0407 0.10092 0.56799 -0.81581
1 5.324 86.118 42.944 0.62655 -0.33019 -0.55352 0.43821
2 5.26 109.997 90.663 0.94215 0.33378 0.00181 0.0306
