-0.0583144  -0.852263  -0.519853  0.0934153 -0.0950066   0.523113  -0.846951    0.12877  0.993767         0 -0.111476 -0.031762 0 0 0 1         0 -0.350398    1.6554         0 -0.437398    1.3074 -0.524398    1.1334         0 -0.785398  0.785398         0 -0.785398  0.785398 -0.785398  0.785398
0.198664
0.956239
0.111708
100
10
90
0.106176
0.402972
0.106421 0.00780857 0.123718 0.202869 0.0367515 0.0344977 0.091402 0.182406 0.0327425 0.149594 0.141367 0.0111577 0.190035 0.0741272 0.101179 0.0883807 0.0152591 0.187199 0.0931925 0.131253 0.174411 0.188471 0.117112 0.00767883 0.318848 0.1175 0.240467 0.14988 0.191983 0.106523 0.191195 0.115558 0.099768 0.0167714 0.0501754 0.0193233 0.117222 0.0941924 0.146126 0.164498 0.0250214 0.0954871 0.210937 0.198433 0.0636658 0.0196737 0.0992501 0.11002 0.154065 0.0172437 0.204677 0.00920508 0.0588869 0.00863869 0.119347 0.164274 0.104162 0.197493 0.224199 0.0861389 0.110175 0.0530481 0.326104 0.223316 0.00916113 0.00732819 0.194262 0.0103653 0.111933 0.00910131 0.0940274 0.211024 0.0962735 0.0940587 0.0453257 0.240876 0.00871426 0.151075 0.192121 0.026902 0.00640299 0.124976 0.102137 0.00918089 0.0131369 0.119875 0.00947091 0.00735935 0.138967 0.00921554 
0.196041 0.109805 0.726054 0.57446 0.124944 0.292819 0.163555 0.944838 0.116431 0.582651 0.589193 0.115706 0.711873 0.138706 0.183581 0.143546 0.287852 0.493763 0.226023 0.477347 0.440192 0.884165 0.5359 0.244226 1.3462 0.229103 0.886966 0.277134 0.541178 0.186277 0.638671 0.527727 0.177074 0.118066 0.355536 0.117491 0.488176 0.182536 0.536735 0.58954 0.143065 0.218935 0.569323 0.530366 0.254492 0.0171269 0.175885 0.489727 0.529433 0.238408 0.530817 0.00794902 0.167308 0.00704205 0.636592 0.769372 0.508638 0.717574 1.324 0.561913 0.226376 0.540117 1.31847 0.960886 0.117675 0.251403 0.555499 0.00963597 0.711723 0.112098 0.165748 1.02015 0.172267 0.24616 0.580364 0.59108 0.00778009 0.576679 0.993946 0.147808 0.111101 0.508536 0.431258 0.128137 0.133315 0.180997 0.00823093 0.00779627 0.544147 0.00806516 
