          1 2.77559e-16 9.97068e-06 -0.00435952 -1.20003e-10            1  1.20356e-05   -0.0143466 -9.97068e-06 -1.20356e-05            1    -0.197348 0 0 0 1         0 -0.350398  0.785398         0 -0.524398    1.2204 -0.785398    1.5684         0 -0.785398  0.785398         0 -0.785398  0.785398 -0.785398  0.785398
0.234599
0.856865
1.56291e-05
100
56
44
0.263973
1.29253
0.160394 0.212961 0.328192 0.406953 0.244034 0.195903 0.217479 0.171317 0.389963 0.292159 0.423626 0.223448 0.268874 0.221325 0.248605 0.211533 0.311123 0.192791 0.205439 0.209537 0.262854 0.257373 0.222303 0.221886 0.424526 0.11136 0.388311 0.432581 0.152046 0.111392 0.246177 0.413638 0.2019 0.290829 0.398831 0.270782 0.163244 0.216234 0.433171 0.180735 0.420968 0.19771 0.232096 0.228189 
0.768796 0.770121 2.61573 2.67302 0.76081 0.746282 0.791595 0.672069 1.99102 1.68125 2.64026 0.721182 1.27801 0.804779 1.7771 0.695043 1.51235 0.685292 0.655141 0.716464 0.798336 0.823425 0.780808 0.705966 2.68549 1.10678 2.12034 2.84009 0.146565 1.46009 0.721152 2.6858 0.694277 1.88699 1.97169 0.827023 0.155841 0.695382 2.85826 0.702118 3.05556 0.654684 0.777495 0.760774 
