-0.0573366  -0.783436  -0.618822   0.109179 -0.0722793   0.621472  -0.780095   0.117658   0.995735          0 -0.0922594 -0.0415437 0 0 0 1         0 -0.785398  0.785398         0 -0.437398    1.3074 -0.524398    1.1334         0 -0.785398  0.785398         0 -0.785398  0.785398 -0.785398  0.785398
0.169989
0.48633
0.0923907
100
12
88
0.0982105
0.309173
0.101138 0.0103168 0.0225496 0.00987495 0.00987566 0.092962 0.0973389 0.0864899 0.10633 0.135201 0.215303 0.19462 0.0985688 0.185117 0.00964 0.0925336 0.0961033 0.0859665 0.0806778 0.0960831 0.236014 0.00982315 0.106143 0.0114259 0.104757 0.112696 0.113068 0.00726242 0.067908 0.00729077 0.00832852 0.0844521 0.0103234 0.00840981 0.0965331 0.192737 0.0905566 0.0674415 0.039842 0.0955903 0.108764 0.00724507 0.00965932 0.0778246 0.181696 0.0109789 0.00345834 0.009852 0.194686 0.22821 0.197627 0.0360295 0.0074867 0.091264 0.00784636 0.187479 0.117589 0.142878 0.25566 0.215454 0.144184 0.211976 0.0820803 0.222665 0.103043 0.198635 0.110241 0.106984 0.109346 0.184346 0.0939882 0.0190106 0.0912976 0.00201361 0.00852303 0.0212592 0.165775 0.0163146 0.185063 0.204483 0.216127 0.159305 0.0225389 0.111106 0.107732 0.162381 0.11384 0.0792819 
0.196098 0.00984948 0.164459 0.00927237 0.00943961 0.169719 0.182693 0.180104 0.179568 0.708735 1.04573 0.57764 0.162323 1.34754 0.00756416 0.190783 0.425263 0.169683 0.186078 0.162815 0.565693 0.008348 0.233949 0.00929155 0.187314 0.180706 0.196292 0.00751645 0.177342 0.24963 0.00746638 0.157741 0.00863877 0.00830158 0.152881 0.565317 0.503131 0.153787 0.239281 0.152105 0.168685 0.0064262 0.00847458 0.534907 0.538969 0.00883834 0.242259 0.00749816 0.533455 0.704951 0.562737 0.230684 0.00694553 0.158407 0.142037 0.545974 0.225618 0.756376 0.790796 0.554836 0.223431 0.545627 0.169403 0.582823 0.188842 0.981699 0.163632 0.487558 0.863615 0.545991 0.546617 0.0180998 0.170365 0.00765895 0.00790956 0.225388 0.460362 0.122355 0.54207 0.55654 0.560357 0.866166 0.129097 0.188869 0.192489 0.564633 0.564318 0.152373 
