   0.999904 1.58722e-16   0.0138363  -0.0168704 0.000387847    0.999607  -0.0280284    0.019398 -0.0138309   0.028031   0.999511  -0.217534 0 0 0 1         0 -0.524398  0.959398         0 -0.785398    1.1334 -0.263398  0.785398         0 -0.785398  0.785398         0 -0.785398  0.785398 -0.785398  0.785398
0.155801
0.494515
0.0312626
100
34
66
0.126914
0.437717
0.117059 0.164876 0.183777 0.103842 0.238107 0.215648 0.102187 0.0575928 0.0460539 0.066599 0.17785 0.101315 0.103373 0.0537049 0.176527 0.127078 0.209237 0.208024 0.215261 0.133829 0.150524 0.0171883 0.0841497 0.207124 0.099043 0.22136 0.0175981 0.0164999 0.106757 0.215406 0.0542099 0.0987386 0.184301 0.191862 0.0659397 0.0916769 0.110756 0.173241 0.179122 0.175597 0.112356 0.211771 0.171185 0.0275484 0.0182239 0.0152692 0.11647 0.143992 0.137158 0.0897018 0.117105 0.14077 0.219262 0.151961 0.213367 0.169952 0.183301 0.0647638 0.0747508 0.206702 0.0298387 0.0173964 0.0657499 0.216982 0.181253 0.0164309 
0.145721 0.598978 0.482409 0.157935 0.847252 0.923714 0.217393 0.143509 0.165629 0.181424 0.855247 0.18629 0.18617 0.146035 0.750316 0.550479 0.823274 0.824973 0.916187 0.574061 0.498453 0.17895 0.158715 0.844421 0.149283 0.933263 0.148924 0.0115466 0.206578 0.98744 0.163067 0.148891 0.743883 0.643609 0.182386 0.169078 0.155546 0.693972 0.712798 0.558523 0.170443 0.904917 0.553437 0.162867 0.215454 0.00951031 0.167838 0.537701 0.467394 0.149531 0.167844 0.833792 0.938105 0.621092 0.93892 0.548277 0.484445 0.161385 0.167185 0.829516 0.146188 0.011179 0.185007 0.956094 0.585356 0.00955141 
