   0.953266 2.41826e-16   -0.302132   0.0713811  0.0816303   0.962809   0.257555 -0.0658749  0.290895 -0.270181  0.917814 -0.182404 0 0 0 1         0 -0.437398  0.785398         0 -0.437398  0.785398 -0.698398    1.2204         0 -0.785398  0.785398         0 -0.785398  0.785398 -0.785398  0.785398
0.0975739
0.648019
0.408258
100
24
76
0.0841264
0.508684
0.159425 0.107069 0.0890487 0.0815561 0.0885869 0.0689331 0.0894283 0.0695073 0.11435 0.0838397 0.0401348 0.0505043 0.013556 0.0538384 0.0651413 0.165662 0.0840715 0.110799 0.0140551 0.0816596 0.0369763 0.119255 0.0786061 0.010258 0.0873652 0.1215 0.0552217 0.112551 0.00216925 0.100774 0.108135 0.100857 0.12706 0.02536 0.0993781 0.012162 0.0808717 0.0988116 0.035458 0.11762 0.140747 0.0845893 0.120194 0.108762 0.114338 0.120975 0.075074 0.116784 0.106155 0.0810224 0.0647831 0.160775 0.031976 0.0848023 0.0716465 0.0882793 0.0194644 0.0974077 0.0332688 0.114223 0.021426 0.0233244 0.114927 0.132966 0.110697 0.0552394 0.0738677 0.150632 0.0594533 0.0708952 0.0809775 0.0971835 0.107672 0.0931554 0.0770777 0.127293 
0.540926 0.730744 0.704873 0.18619 0.18826 0.605865 0.624697 0.714082 0.623436 0.281774 0.14885 0.602944 0.0113761 0.613196 0.569255 0.698022 0.565544 0.610926 0.00909281 0.56838 0.166409 0.723181 0.195837 0.00835699 0.614134 0.707663 0.656835 0.632121 0.12666 0.578131 0.659174 0.65881 0.624505 0.13291 0.615395 0.0101454 0.610266 0.657983 0.545065 0.6138 0.74314 0.241795 0.692272 0.647499 0.733337 0.576105 0.684369 0.7103 0.655123 0.60649 0.179978 0.772121 0.163596 0.235902 0.617802 0.64189 0.226994 0.613089 0.171659 0.738487 0.199222 0.164904 0.604429 0.699192 0.638734 0.537332 0.652341 0.701064 0.508453 0.669032 0.605851 0.636269 0.655197 0.232403 0.591116 0.776695 
