   0.991415 2.71849e-16    0.130752  -0.0521188   0.00267777      0.99979    -0.020304 -0.000642105 -0.130724 0.0204798  0.991207 -0.196229 0 0 0 1         0 -0.785398  0.785398         0 -0.698398    1.3074 -0.350398  0.785398         0 -0.785398  0.785398         0 -0.785398  0.785398 -0.785398  0.785398
0.145904
0.305373
0.132708
100
29
71
0.140849
0.437355
0.133045 0.288883 0.0211359 0.118404 0.150471 0.0204225 0.134263 0.077574 0.102478 0.0760873 0.0230019 0.0233546 0.17751 0.11988 0.146073 0.0926261 0.134932 0.128208 0.125028 0.146768 0.207793 0.10955 0.212006 0.157227 0.171573 0.133401 0.144802 0.315627 0.312035 0.199616 0.111708 0.123095 0.180044 0.233482 0.261893 0.234589 0.177341 0.089907 0.0708239 0.0194355 0.136033 0.192207 0.0638209 0.260591 0.0232959 0.127234 0.16234 0.0202786 0.40139 0.108927 0.114895 0.0667864 0.116966 0.130942 0.125251 0.119592 0.101472 0.190495 0.18262 0.0209916 0.14495 0.164963 0.15632 0.0224312 0.100246 0.119428 0.122584 0.00459051 0.295684 0.415115 0.0817608 
0.283219 1.07196 0.00971321 0.258417 0.293613 0.25357 0.272792 0.451436 0.271296 0.270407 0.00971487 0.00990973 0.639538 0.277816 0.63878 0.253838 0.256112 0.292934 0.27719 0.322877 0.748985 0.293756 0.984093 0.276094 0.316966 0.258775 0.309904 1.74129 1.08911 0.325803 0.24077 0.248664 0.736779 0.799367 1.03553 0.987869 0.318789 0.253481 0.226255 0.00934503 0.622854 1.11859 0.237603 0.756952 0.0100117 0.12836 0.337474 0.00971903 1.92355 0.291526 0.258021 0.216058 0.247233 0.283442 0.243102 0.126533 0.236704 0.337521 0.673462 0.00887354 0.271783 0.640812 0.270754 0.00976057 0.249614 0.281844 0.136461 0.159068 1.09424 1.96516 0.288329 
