           1  2.22059e-16 -1.57047e-05   0.00434811 8.25719e-10           1 5.25779e-05  -0.0241426  1.57047e-05 -5.25779e-05            1    -0.207348 0 0 0 1         0 -0.263398  0.785398         0 -0.263398  0.785398 -0.785398    1.3074         0 -0.785398  0.785398         0 -0.785398  0.785398 -0.785398  0.785398
0.27599
0.819154
5.48732e-05
100
37
63
0.206637
0.646893
0.204139 0.209841 0.11796 0.375028 0.235503 0.16751 0.181135 0.211933 0.220938 0.212489 0.225906 0.184293 0.129977 0.239851 0.145633 0.212939 0.221161 0.239194 0.213628 0.20351 0.350327 0.183723 0.200375 0.0460891 0.0845484 0.193465 0.191244 0.159166 0.25745 0.129734 0.205181 0.125521 0.162233 0.200918 0.201083 0.225837 0.228218 0.233419 0.236955 0.267629 0.24916 0.276356 0.141674 0.20646 0.209752 0.229271 0.325132 0.278157 0.196699 0.228982 0.248934 0.124123 0.23025 0.206877 0.227843 0.231845 0.112782 0.24041 0.172595 0.228016 0.182838 0.173638 0.260672 
0.652932 0.611112 0.517418 1.89497 0.730736 0.161405 0.542 0.701975 0.802082 0.579848 0.632562 0.639838 0.143102 0.709088 0.565269 0.638613 0.607525 0.65563 0.749986 0.610534 1.84494 0.644756 0.625426 0.523181 0.13348 0.656492 0.610522 0.556484 0.796197 0.144463 0.565232 0.129154 0.160917 0.553496 0.686945 0.647152 0.683623 0.819171 0.823928 0.810879 0.728274 0.82659 0.143811 0.670046 0.551354 0.770946 1.72627 0.871144 0.539731 0.777576 0.830217 0.118728 0.707202 0.590356 0.638583 0.632297 0.11023 0.830434 0.504315 0.666386 0.605238 0.554477 0.796962 
