   0.999997 2.77667e-16  0.00232809  -0.0250157 -9.26834e-07            1  0.000398108    -0.015177  -0.00232809 -0.000398109     0.999997    -0.197344 0 0 0 1         0 -0.785398  0.785398         0 -0.524398    1.1334 -0.698398    1.3944         0 -0.785398  0.785398         0 -0.785398  0.785398 -0.785398  0.785398
0.18256
1.08038
0.00236188
100
40
60
0.182588
0.685113
0.266266 0.146509 0.283538 0.218791 0.220204 0.125665 0.184359 0.172708 0.140267 0.125885 0.180716 0.225678 0.102492 0.00682178 0.393674 0.383198 0.140212 0.110004 0.144097 0.294217 0.23284 0.224936 0.133604 0.215286 0.292046 0.215123 0.347397 0.184038 0.276535 0.183138 0.354102 0.191953 0.136989 0.159557 0.184962 0.126958 0.0138956 0.278942 0.265683 0.145785 0.147048 0.0177257 0.116205 0.148127 0.0519922 0.0222554 0.270912 0.109382 0.197892 0.147072 0.232521 0.148808 0.217992 0.153815 0.194687 0.147641 0.190996 0.121424 0.11129 0.178399 
1.06422 0.298118 1.05503 0.750184 0.689887 0.250239 0.810576 0.636305 0.659702 0.268912 0.651476 0.742394 0.272774 0.259427 1.98309 1.95141 1.75809 0.259524 0.285038 1.00419 1.08012 0.782594 0.242239 0.686172 1.0021 0.732019 1.99173 0.623953 0.992169 0.732062 1.70421 0.626328 0.282773 0.141084 0.707212 0.722135 0.137629 1.00524 1.01641 0.305987 0.263532 0.384116 0.281473 0.268702 0.3759 0.222648 0.92446 1.17439 0.62878 0.275638 0.976974 0.27024 0.695477 0.287554 0.775986 0.265598 0.721764 0.283672 0.254795 0.610338 
