-0.0109511  -0.994805  -0.101209  0.0264055 -0.107016  0.101799 -0.989032  0.155721   0.994197          0  -0.107575 -0.0322301 0 0 0 1         0 -0.437398    1.6554         0 -0.437398    1.3074 -0.524398    1.2204         0 -0.785398  0.785398         0 -0.785398  0.785398 -0.785398  0.785398
0.184064
1.01723
0.107784
100
13
87
0.123912
0.488165
0.230495 0.0590596 0.124557 0.255163 0.109787 0.170096 0.0508028 0.129936 0.141943 0.219763 0.111958 0.100794 0.157174 0.0115097 0.0623976 0.0877228 0.103288 0.130481 0.108178 0.135267 0.00959307 0.118203 0.120824 0.0894777 0.168005 0.128495 0.0441867 0.109494 0.0962324 0.00741935 0.216666 0.268175 0.0928093 0.126058 0.208185 0.111873 0.233365 0.0967626 0.1138 0.205911 0.116946 0.137695 0.164069 0.0667214 0.0585753 0.269564 0.146146 0.133416 0.145884 0.0538513 0.19651 0.103755 0.139714 0.10214 0.221727 0.110481 0.161898 0.0974598 0.214712 0.0649593 0.0807326 0.192374 0.14216 0.00743719 0.0195325 0.0306295 0.0736804 0.0102177 0.0077311 0.0988702 0.182609 0.0168064 0.219365 0.182876 0.175438 0.0316427 0.0928476 0.11377 0.0280342 0.185702 0.191774 0.125484 0.195777 0.219871 0.0540063 0.204602 0.124223 
1.3283 0.121687 0.210618 1.43437 0.486321 0.644318 0.160019 0.462358 0.564627 0.744392 0.602041 0.503212 0.432585 0.123491 0.163193 0.176774 0.216696 0.543242 0.177848 0.570968 0.00856882 0.516463 0.460501 0.164286 0.449926 0.484963 0.233194 0.476618 0.174089 0.240439 1.43951 1.44266 0.187075 0.482496 0.590008 0.202024 0.998719 0.193702 0.657395 0.575787 0.665415 0.596943 0.876072 0.201069 0.203156 1.3809 0.503875 0.608728 0.562444 0.23388 0.53784 0.180612 0.553467 0.181923 1.37246 0.199652 0.877656 0.244982 0.551881 0.562779 0.668307 0.541036 0.489894 0.00826219 0.216987 0.280049 0.15723 0.00815177 0.00874876 0.185702 0.564049 0.107727 1.38963 0.524201 0.51105 0.114897 0.168177 0.653641 0.140895 0.554358 0.59128 0.687899 0.582195 1.45976 0.307095 0.556825 0.251119 
