          1 2.77475e-16 0.000250315  -0.0146761  7.26348e-08            1 -0.000290173   0.00530913 -0.000250315  0.000290173            1    -0.207351 0 0 0 1         0 -0.524398    1.2204         0 -0.785398    1.3074 -0.350398  0.785398         0 -0.785398  0.785398         0 -0.785398  0.785398 -0.785398  0.785398
0.186536
0.658834
0.000383221
100
34
66
0.172675
0.625465
0.168283 0.187648 0.104397 0.173184 0.19979 0.119565 0.249387 0.191984 0.158803 0.139488 0.274842 0.137283 0.135546 0.228942 0.186426 0.26241 0.270363 0.253228 0.190422 0.172905 0.184567 0.210089 0.283027 0.117746 0.20629 0.123965 0.125442 0.225973 0.203492 0.186468 0.127283 0.193205 0.240084 0.238944 0.221106 0.159945 0.0638347 0.0942148 0.189438 0.156168 0.122856 0.169557 0.150196 0.132568 0.00903547 0.12451 0.130249 0.244191 0.127371 0.158998 0.178097 0.175615 0.149475 0.10169 0.185985 0.119433 0.246572 0.11821 0.17641 0.392835 0.0666825 0.225355 0.229178 0.177049 0.10888 0.0193904 
0.502327 0.591502 0.211876 0.626711 0.867691 0.237786 0.98931 0.518084 0.526657 0.282364 1.16438 0.143812 0.280091 0.938149 0.649595 0.992309 1.26407 1.17878 0.894895 0.543483 0.870165 1.16946 1.29465 0.219825 0.617261 0.156216 0.128619 1.02308 1.00758 0.988188 0.142311 0.533095 1.02163 1.07137 0.694877 0.508026 0.611159 0.2172 0.703231 0.515791 0.148226 0.560832 0.506778 0.141042 0.241999 0.572842 0.16002 1.25866 0.129183 0.563681 0.651539 0.656499 0.576106 0.221913 0.643117 0.14634 1.08327 0.142234 0.536159 1.98701 0.402593 1.01829 0.96984 0.660457 0.224571 0.179857 
