   0.994085 2.44764e-16   -0.108602   0.0305927  0.0304868   0.959789   0.279061 -0.0818147  0.104235 -0.280721  0.954112 -0.197172 0 0 0 1         0 -0.350398  0.785398         0 -0.263398  0.785398 -0.698398  0.785398         0 -0.785398  0.785398         0 -0.785398  0.785398 -0.785398  0.785398
-1
0.215967
0.304115
100
55
45
0.0567909
0.405189
0.0146131 0.0840003 0.0317593 0.0442105 0.0286724 0.0408374 0.0219427 0.0034005 0.0507019 0.0700467 0.108001 0.10011 0.0961649 0.0301583 0.104924 0.0388021 0.0739274 0.0586909 0.0240394 0.0704587 0.0785414 0.0281539 0.0797668 0.103279 0.0283072 0.049287 0.0363379 0.0561223 0.0568882 0.0788729 0.0387742 0.0419444 0.124015 0.0445167 0.00454006 0.0710807 0.0419999 0.0319277 0.12787 0.00275881 0.0797443 0.0940745 0.0499695 0.0444564 0.066901 
0.033885 0.175148 0.357525 0.597182 0.0805803 0.214807 0.225027 0.214151 0.632352 0.666993 0.630592 0.445162 0.643076 0.0647433 0.513041 0.437921 0.632601 0.653617 0.515559 0.684018 0.595037 0.234493 0.642535 0.680857 0.426493 0.230353 0.215568 0.164936 0.411264 0.5605 0.214014 0.651543 0.66146 0.211574 0.203468 0.509388 0.170526 0.181682 0.681199 0.176187 0.623828 0.674279 0.216721 0.233709 0.243926 
