          1 2.22039e-16 4.11495e-05  -0.0145588  8.84192e-10            1 -2.14873e-05  -0.00414229 -4.11495e-05  2.14873e-05            1    -0.197349 0 0 0 1         0 -0.350398    1.0464         0 -0.785398    1.5684 -0.524398    1.1334         0 -0.785398  0.785398         0 -0.785398  0.785398 -0.785398  0.785398
0.370056
1.9108
4.64218e-05
100
39
61
0.23518
1.11429
0.249023 0.170091 0.231554 0.193554 0.314235 0.301005 0.194663 0.126479 0.386401 0.190395 0.0615302 0.239967 0.203776 0.297354 0.240368 0.150791 0.315226 0.222481 0.187384 0.271859 0.272066 0.263372 0.157722 0.256365 0.216844 0.207768 0.358306 0.145926 0.177732 0.175696 0.204875 0.143466 0.174417 0.362488 0.19249 0.110441 0.357719 0.189154 0.219892 0.247897 0.391079 0.427988 0.196673 0.206616 0.209745 0.082125 0.382449 0.0706368 0.273089 0.314061 0.278039 0.152131 0.382721 0.204024 0.267451 0.393341 0.235792 0.413618 0.172656 0.0887741 0.220169 
1.55328 0.654395 1.18865 0.650282 1.5926 1.92279 0.655294 0.292462 2.66537 0.656939 1.0977 0.721817 0.686852 1.90427 1.19559 0.140809 1.66808 0.646675 0.760517 1.55884 1.17228 0.794084 0.644133 0.835015 0.706068 0.660382 1.9833 0.292202 0.680609 0.794632 0.639695 0.611588 0.697243 2.02432 0.605493 1.20829 1.98121 0.637233 1.6825 1.20488 1.91898 2.85998 1.01979 0.695411 0.842023 0.542339 1.99814 0.610082 1.23662 1.63651 0.769634 0.302348 1.97314 0.682282 1.01586 1.86901 1.20476 2.74773 0.290985 0.952499 0.735088 
