   0.999904 2.29856e-16   0.0138363  -0.0168704 -0.000387847     0.999607    0.0280284   -0.0384505 -0.0138309 -0.0280311   0.999511     -0.217 0 0 0 1          0 -0.0893982   0.785398          0  -0.263398   0.785398  -0.785398     1.1334         0 -0.785398  0.785398         0 -0.785398  0.785398 -0.785398  0.785398
0.20319
0.547915
0.0312626
100
31
69
0.130195
0.326098
0.0715298 0.196257 0.13694 0.188369 0.157321 0.120328 0.197711 0.107622 0.136497 0.112691 0.10652 0.111075 0.215419 0.159166 0.118089 0.139583 0.0944468 0.146804 0.206824 0.117756 0.169478 0.217372 0.219885 0.173838 0.128048 0.133828 0.0381888 0.0770394 0.0174136 0.122652 0.122642 0.178581 0.0841748 0.0154757 0.153921 0.0296141 0.0151268 0.202215 0.215721 0.0163277 0.187359 0.132779 0.0162734 0.0582463 0.101904 0.177977 0.089873 0.172223 0.182854 0.208271 0.209577 0.0162381 0.16347 0.0180485 0.175383 0.117102 0.0903371 0.146219 0.140643 0.113056 0.176267 0.0253305 0.206315 0.196175 0.135748 0.114733 0.197716 0.135831 0.105012 
0.179239 0.664204 0.460317 0.540356 0.183403 0.21171 0.567474 0.156477 0.498219 0.139896 0.201261 0.199024 0.661894 0.17702 0.15882 0.168242 0.186629 0.186691 0.64797 0.204491 0.503469 0.597735 0.654018 0.528981 0.463699 0.166864 0.151405 0.166884 0.177029 0.411665 0.169211 0.625813 0.148029 0.0106265 0.435093 0.14924 0.190851 0.578543 0.676837 0.173965 0.538533 0.359349 0.0100659 0.136164 0.154873 0.509399 0.141956 0.540361 0.616613 0.554546 0.628427 0.0112472 0.182369 0.190091 0.57451 0.187074 0.146713 0.157697 0.165008 0.13532 0.563031 0.152791 0.639028 0.582165 0.175762 0.151302 0.598539 0.160832 0.16367 
