   0.999997 1.66423e-16  0.00232809  -0.0250157  9.26834e-07            1 -0.000398109    -0.003883 -0.00232809  0.00039811    0.999997   -0.197352 0 0 0 1         0 -0.785398  0.785398         0 -0.785398    1.4814 -0.524398    1.2204         0 -0.785398  0.785398         0 -0.785398  0.785398 -0.785398  0.785398
0.0193664
0.255254
0.00236188
100
44
56
0.19937
0.790481
0.402762 0.33197 0.216365 0.253752 0.0555575 0.243729 0.092814 0.230005 0.17932 0.0998475 0.294499 0.277495 0.120135 0.192225 0.0961367 0.138209 0.213978 0.037023 0.140856 0.172521 0.190358 0.193564 0.391684 0.122927 0.17162 0.119527 0.276676 0.116973 0.269539 0.201602 0.325541 0.118913 0.163548 0.138214 0.271789 0.148487 0.107695 0.0897542 0.00330313 0.286509 0.29735 0.118612 0.223163 0.309791 0.0932743 0.0838658 0.135819 0.318889 0.303275 0.189077 0.378204 0.402867 0.141352 0.174928 0.244096 0.252714 
1.81229 1.62153 0.789959 1.03727 0.480761 1.05145 0.247823 0.930688 0.797319 0.260136 1.03154 1.55318 0.277733 0.676702 0.243423 0.27138 0.71186 0.358901 0.287286 0.618039 0.625778 0.304315 2.00206 0.302719 0.626439 0.265812 0.992941 0.270364 0.937134 0.788337 1.68273 0.271948 0.610172 0.280039 1.01068 0.285045 0.286801 0.2663 0.123509 1.06369 1.75921 0.283368 0.997115 1.00251 0.25743 0.257998 0.289131 1.61236 1.72879 0.677242 1.84706 2.13008 0.278811 0.716424 1.00192 1.37143 
