   0.995221 3.10206e-16   0.0976466  -0.0381962 -0.0114404   0.993113   0.116601 -0.0509094 -0.0969741  -0.117161   0.988367  -0.204353 0 0 0 1         0 -0.785398  0.785398         0 -0.350398  0.785398 -0.785398    1.2204         0 -0.785398  0.785398         0 -0.785398  0.785398 -0.785398  0.785398
0.104914
0.182225
0.152681
100
37
63
0.0982216
0.292256
0.163754 0.153026 0.0171894 0.126832 0.087059 0.138591 0.0966836 0.104476 0.130495 0.0816736 0.119179 0.0504609 0.0909605 0.0117115 0.0873066 0.0756577 0.129106 0.0117895 0.102508 0.0995148 0.0144264 0.150932 0.157168 0.153707 0.0776686 0.0156074 0.0642686 0.120788 0.115089 0.0904924 0.099857 0.121994 0.014267 0.103138 0.166557 0.12806 0.0184611 0.166341 0.126181 0.166032 0.0925426 0.109297 0.0974399 0.0843445 0.133573 0.0946182 0.0968414 0.0812058 0.155392 0.045864 0.125847 0.012245 0.0150851 0.0680013 0.159978 0.0863697 0.0975326 0.1501 0.0920105 0.110589 0.111122 0.117442 0.101511 
0.612193 0.680272 0.0107729 0.23074 0.182262 0.503444 0.197995 0.18692 0.581547 0.516141 0.227835 0.184838 0.143285 0.008233 0.155967 0.194752 0.223696 0.00924733 0.190248 0.208168 0.0103433 0.604489 0.531943 0.533306 0.377104 0.0103648 0.178737 0.244807 0.188677 0.348376 0.201938 0.215478 0.455586 0.182833 0.62087 0.209564 0.0445853 0.592056 0.584348 0.636045 0.146114 0.488247 0.169058 0.169598 0.564905 0.126491 0.169617 0.132601 0.57324 0.159246 0.240132 0.00937666 0.0101687 0.188736 0.595882 0.174624 0.184112 0.62915 0.516031 0.154091 0.205458 0.553739 0.231527 
