   0.999831 2.18445e-16   0.0183626   -0.027439 0.000237169    0.999917  -0.0129137  0.00712911 -0.0183611  0.0129159   0.999748   -0.20743 0 0 0 1         0 -0.785398  0.785398         0 -0.785398    1.3074 -0.350398  0.785398         0 -0.785398  0.785398         0 -0.785398  0.785398 -0.785398  0.785398
0.0197209
0.221974
0.0224507
100
30
70
0.135184
0.409906
0.100661 0.166845 0.164968 0.175736 0.112819 0.097688 0.0164114 0.167804 0.100057 0.111621 0.131541 0.143084 0.100184 0.145976 0.183509 0.14289 0.0886277 0.218957 0.13156 0.0207474 0.0199703 0.0970109 0.109144 0.176488 0.120751 0.137715 0.217378 0.129433 0.110049 0.164023 0.126113 0.233239 0.1126 0.0977288 0.125304 0.166586 0.117518 0.108187 0.143526 0.165478 0.183473 0.123306 0.0909117 0.180166 0.0211798 0.272565 0.205201 0.0210313 0.067423 0.020345 0.180743 0.181781 0.210916 0.14174 0.117266 0.195987 0.117132 0.163682 0.138885 0.0588118 0.170387 0.212012 0.114725 0.166463 0.0204852 0.17485 0.105424 0.138184 0.0855597 0.38233 
0.198257 0.701442 0.287289 0.527662 0.216979 0.203561 0.00716061 0.556288 0.181874 0.274666 0.28918 0.492827 0.135368 0.655155 0.698827 0.533503 0.235756 0.67548 0.248256 0.123253 0.00979347 0.21484 0.260748 0.546314 0.269048 0.504306 1.05588 0.247297 0.141323 0.619197 0.137489 0.742205 0.188673 0.217941 0.210706 1.19811 0.280344 0.187326 0.28231 0.630683 0.63881 0.264791 0.228532 0.597864 0.167236 0.717093 0.814561 0.182587 0.198562 0.00999242 0.685301 0.660849 0.660516 0.546349 0.209832 0.560133 0.249179 0.487272 0.253561 0.169432 0.594963 0.720149 0.257565 0.61854 0.00990457 0.588963 0.137591 0.25008 0.200167 1.8257 
