   0.999831 2.81155e-16   0.0183626   -0.027439 -0.000237169     0.999917    0.0129137   -0.0261875 -0.0183611 -0.0129159   0.999748  -0.207183 0 0 0 1         0 -0.785398  0.785398         0 -0.350398  0.785398 -0.698398    1.2204         0 -0.785398  0.785398         0 -0.785398  0.785398 -0.785398  0.785398
0.130434
0.244087
0.0224507
100
35
65
0.136285
0.367122
0.238039 0.0187797 0.159911 0.14518 0.131026 0.137167 0.16898 0.233873 0.18306 0.155043 0.104419 0.169719 0.226781 0.199388 0.134743 0.171812 0.144442 0.13302 0.149528 0.187506 0.0223551 0.190468 0.0209045 0.0803726 0.138286 0.178967 0.18307 0.117835 0.178264 0.0871233 0.182988 0.147657 0.124687 0.163574 0.0610458 0.190718 0.0175932 0.107256 0.099327 0.124859 0.12252 0.2361 0.11884 0.162747 0.0168179 0.175888 0.110028 0.123556 0.0196529 0.15645 0.171573 0.138725 0.11987 0.148946 0.0225085 0.0678332 0.185052 0.133813 0.0206377 0.0749456 0.296103 0.127874 0.115605 0.188528 0.194135 
0.729855 0.00830091 0.285664 0.300457 0.276582 0.485234 0.473508 0.673638 0.518613 0.271563 0.267351 0.646397 0.593389 0.620672 0.232751 0.555506 0.247584 0.20886 0.292024 0.668625 0.0103814 0.71465 0.00970965 0.173179 0.529808 0.533391 0.765405 0.26845 0.73807 0.211136 0.552177 0.138166 0.267105 0.249756 0.569562 0.509068 0.00967043 0.207576 0.214655 0.486716 0.212287 0.713922 0.248865 0.313251 0.00877138 0.588503 0.21614 0.204398 0.00899796 0.305489 0.302389 0.159842 0.217768 0.289516 0.010251 0.20212 0.493978 0.21179 0.0101553 0.142443 1.73117 0.205109 0.202544 0.678594 0.66943 
