           1  2.77475e-16 -0.000250315    0.0146761 -7.26348e-08            1 -0.000290173   0.00530914 0.000250315 0.000290173           1   -0.207351 0 0 0 1         0 -0.785398    1.3074         0 -0.524398    1.2204 -0.350398  0.785398         0 -0.785398  0.785398         0 -0.785398  0.785398 -0.785398  0.785398
0.20347
0.677898
0.000383221
100
30
70
0.188004
0.722461
0.223156 0.170527 0.135328 0.217115 0.169829 0.176832 0.121959 0.147427 0.204593 0.186592 0.155162 0.185407 0.170549 0.172762 0.215543 0.153181 0.166331 0.197747 0.137183 0.247668 0.209387 0.186355 0.13705 0.205547 0.184127 0.159242 0.217873 0.225815 0.210934 0.216218 0.175093 0.0232256 0.214526 0.160006 0.190824 0.203466 0.207082 0.125057 0.37167 0.197943 0.120185 0.182902 0.0194386 0.188471 0.248398 0.224806 0.222409 0.186524 0.275143 0.275619 0.127463 0.141533 0.127488 0.405939 0.184327 0.124571 0.176359 0.379704 0.298986 0.172065 0.163105 0.183892 0.165612 0.17165 0.185256 0.242058 0.163736 0.170923 0.0225418 0.232867 
0.870503 0.522247 0.1568 0.674784 0.614804 0.511549 0.111127 0.16012 0.725887 0.587208 0.506953 0.84797 0.526754 0.697144 0.643163 0.515613 0.619471 0.724734 0.443795 0.989503 0.842121 0.73256 1.00715 0.854647 0.525111 1.08874 0.911769 1.16692 0.933126 0.985804 0.613619 0.183967 0.863024 0.517433 0.735734 0.908725 0.759042 0.135605 1.91433 0.641016 0.158169 0.489124 0.700311 0.570611 1.24569 1.0685 0.850947 0.572282 1.28433 1.05495 0.161799 0.481464 0.153108 1.9409 0.671396 0.43024 0.546069 1.87767 1.56834 0.551639 0.676308 0.569514 0.732986 0.571683 0.608216 1.08815 0.561056 0.510776 0.176718 0.928777 
