-0.0324252  -0.830759  -0.555687  0.0994888 -0.0483937   0.556632  -0.829348   0.126247   0.998302          0 -0.0582524 -0.0477927 0 0 0 1         0 -0.785398  0.785398         0 -0.437398    1.2204 -0.524398    1.1334         0 -0.785398  0.785398         0 -0.785398  0.785398 -0.785398  0.785398
0.184211
0.52324
0.0582854
100
9
91
0.111303
0.347399
0.00542228 0.0875237 0.127113 0.0117238 0.0923966 0.21813 0.00895652 0.00982184 0.00836135 0.20871 0.183254 0.152056 0.168224 0.198845 0.127071 0.00551305 0.0959269 0.210318 0.208728 0.0981984 0.00225321 0.00920277 0.109689 0.0749246 0.207604 0.102328 0.063178 0.236115 0.220664 0.0852601 0.0869909 0.0992438 0.0710685 0.00801176 0.221404 0.102915 0.00855781 0.0950436 0.20623 0.164788 0.0823826 0.104602 0.0899469 0.194809 0.091741 0.218989 0.175909 0.113184 0.0088005 0.120834 0.0087118 0.199413 0.222309 0.116304 0.224264 0.0690499 0.0250275 0.220516 0.120143 0.215617 0.108002 0.103994 0.200093 0.0177093 0.213696 0.101982 0.202433 0.109187 0.099101 0.0956317 0.0882082 0.00871749 0.00993965 0.122984 0.0868553 0.275809 0.125811 0.0925125 0.010226 0.0205558 0.0594317 0.0867726 0.0528592 0.0693223 0.237736 0.0126055 0.196295 0.0921737 0.0961127 0.105386 0.00214543 
0.00813958 0.166101 0.55377 0.0100778 0.177582 0.580828 0.00853471 0.00842317 0.00793397 0.53515 0.51957 0.43476 0.806824 0.990892 0.667757 0.0829777 0.161032 0.579239 1.35876 0.18102 0.138663 0.00786815 0.468797 0.160952 0.553617 0.178282 0.162381 0.590043 0.515538 0.173486 0.148192 0.23216 0.162359 0.00718566 1.38785 0.18061 0.00854673 0.183589 0.557759 0.541092 0.168147 0.177422 0.242235 0.573218 0.327766 0.581954 0.566035 0.185126 0.00814957 0.236706 0.00865535 1.35533 1.31308 0.231413 0.563542 0.137843 0.135429 0.601269 0.215537 0.558744 0.219348 0.174048 0.547456 0.129099 0.579858 0.488228 1.27115 0.207218 0.170801 0.184875 0.169135 0.0080321 0.00823484 0.461347 0.166403 1.37947 0.236117 0.17818 0.00904408 0.0188322 0.196008 0.20411 0.151923 0.159652 0.567964 0.0121046 0.559375 0.178455 0.170843 0.17445 0.245598 
