   0.994085 1.99326e-16   -0.108602   0.0295067 -0.0304868   0.959789  -0.279061  0.0607305  0.104235  0.280721  0.954112 -0.192981 0 0 0 1         0 -0.785398    1.2204         0 -0.698398    1.3944 -0.350398  0.785398         0 -0.785398  0.785398         0 -0.785398  0.785398 -0.785398  0.785398
0.130225
0.921852
0.304114
100
49
51
0.0946983
0.700056
0.0743374 0.107822 0.0575136 0.166075 0.11061 0.0811953 0.0556426 0.126924 0.169674 0.151548 0.143118 0.0503062 0.0612147 0.111852 0.0254039 0.124968 0.104699 0.00966647 0.0864263 0.142626 0.0801884 0.0377717 0.0678198 0.0768171 0.0913736 0.113928 0.121716 0.0550481 0.128653 0.0619836 0.164791 0.11617 0.0596047 0.0615172 0.109622 0.118538 0.127676 0.131803 0.0850796 0.0547158 0.094883 0.0606157 0.0653488 0.056941 0.0490865 0.0667274 0.158442 0.106326 0.111538 0.108957 0.12431 
0.695166 0.876775 0.48243 0.860533 0.655658 1.00163 0.171431 0.961292 0.965203 1.01782 0.926488 0.488767 0.478167 0.610589 0.0853568 1.04173 0.518541 0.198703 0.544865 0.91296 0.57481 0.653733 0.77369 0.981949 0.599176 0.489339 0.580908 0.482999 0.93443 0.577809 0.927073 0.848835 0.509049 0.848252 0.821716 0.765973 0.962952 0.915666 0.481193 0.650521 0.894921 0.199927 0.473586 0.483529 0.526934 0.56886 0.92789 0.696387 1.16888 0.735161 1.15261 
