   0.971872 1.33166e-16     0.23551  -0.0653596 0.0281989  0.992806 -0.116368 0.0206155 -0.233816  0.119735   0.96488 -0.193042 0 0 0 1         0 -0.263398  0.785398         0 -0.785398    1.4814 -0.437398  0.785398         0 -0.785398  0.785398         0 -0.785398  0.785398 -0.785398  0.785398
0.112976
0.622284
0.26581
100
23
77
0.130283
0.450819
0.416262 0.143226 0.146532 0.156864 0.128191 0.132788 0.110428 0.390035 0.0469331 0.0664352 0.167652 0.149724 0.154949 0.117045 0.1883 0.145046 0.0743111 0.129783 0.146292 0.0820889 0.129779 0.121551 0.142542 0.116471 0.126327 0.196579 0.108677 0.0874861 0.120054 0.144037 0.0912926 0.207889 0.102326 0.10607 0.182174 0.121445 0.115621 0.154503 0.109271 0.0785654 0.080291 0.0807619 0.14589 0.107915 0.0971413 0.110928 0.0931563 0.0961033 0.0976921 0.182709 0.160185 0.136039 0.0876915 0.179733 0.0903638 0.0731876 0.119674 0.151659 0.104502 0.100891 0.166766 0.153307 0.0192807 0.0992959 0.20098 0.174701 0.0792446 0.0923998 0.101931 0.174148 0.0794785 0.134715 0.0803419 0.117026 0.113106 0.136542 0.156466 
2.01667 0.605022 0.292677 0.622656 0.580446 0.677118 0.286076 1.84231 0.198406 0.2311 0.596298 0.577112 0.665602 0.631489 0.663711 0.587041 0.215573 0.295015 0.681111 0.2152 0.280795 0.591448 0.553056 0.492725 0.298556 0.559363 0.265052 0.201313 0.294217 0.698321 0.18285 0.5369 0.529723 0.218906 0.554802 0.220891 0.271405 0.558915 0.271294 0.210184 0.196131 0.188331 0.593699 0.566383 0.259744 0.681319 0.247759 0.286936 0.269334 0.712448 0.673182 0.486777 0.195439 0.631303 0.20798 0.140834 0.26108 0.549084 0.241304 0.217892 0.714641 0.625195 0.0109818 0.521289 0.530456 0.624631 0.187482 0.13857 0.228443 0.541302 0.145353 0.708738 0.193301 0.226523 0.24721 0.583984 0.606689 
