           1  2.77637e-16 -0.000250315    0.0146761 7.26348e-08           1 0.000290173  -0.0243691  0.000250315 -0.000290173            1    -0.207346 0 0 0 1          0  -0.350398   0.785398          0 -0.0893982   0.785398  -0.785398     1.3074         0 -0.785398  0.785398         0 -0.785398  0.785398 -0.785398  0.785398
0.206379
0.667634
0.000383221
100
31
69
0.177731
0.568727
0.188084 0.0914038 0.156959 0.185031 0.220768 0.127948 0.207103 0.166772 0.369488 0.215146 0.245403 0.239739 0.210148 0.179776 0.12587 0.155521 0.230083 0.210069 0.142302 0.22765 0.255675 0.222678 0.21887 0.142036 0.257728 0.0704111 0.189551 0.239591 0.0825325 0.20968 0.198668 0.227567 0.185719 0.2515 0.24671 0.0210118 0.171633 0.217633 0.182686 0.147806 0.103527 0.157652 0.151313 0.187203 0.200385 0.147874 0.194879 0.261462 0.230841 0.24376 0.132786 0.0989683 0.16815 0.199718 0.0257936 0.219924 0.193752 0.156098 0.142197 0.0233096 0.0818993 0.254643 0.221363 0.177 0.148996 0.181001 0.192575 0.110349 0.021101 
0.504689 0.134212 0.506187 0.613249 0.79332 0.65844 0.636363 0.460922 1.94662 0.738866 0.739891 0.734613 0.673859 0.562005 0.26505 0.601219 0.804762 0.673476 0.150612 0.783601 0.742919 0.72297 0.752644 0.475538 0.766225 0.894238 0.55378 0.848953 0.13176 0.544233 0.595867 0.707089 0.608072 0.694159 0.765531 0.483313 0.653833 0.778695 0.608341 0.156168 0.20336 0.52535 0.146861 0.601939 0.779087 0.135616 0.574471 0.761698 0.789244 0.684789 0.276138 0.19707 0.545164 0.550571 0.18884 0.640742 0.636186 0.538631 0.582828 0.17314 0.560171 0.755662 0.690823 0.556559 0.308274 0.563085 0.595155 0.204377 0.0100615 
