-0.0069046  -0.994508  -0.104434   0.026911 -0.0656082   0.104662  -0.992341   0.157056   0.997822          0 -0.0659705 -0.0463245 0 0 0 1         0 -0.785398  0.785398         0 -0.524398    1.3944 -0.524398    1.2204         0 -0.785398  0.785398         0 -0.785398  0.785398 -0.785398  0.785398
0.178338
0.535343
0.0660185
100
17
83
0.100119
0.31915
0.115859 0.0069573 0.199499 0.184626 0.116401 0.221793 0.00837142 0.107398 0.00716203 0.200496 0.0887261 0.105141 0.0842327 0.116041 0.0207678 0.154375 0.204622 0.0753078 0.0110476 0.00786723 0.00786532 0.0799816 0.00895663 0.0989573 0.00543319 0.200772 0.107367 0.104706 0.00505745 0.0712362 0.0282209 0.118049 0.137949 0.0880258 0.130625 0.0946886 0.0136536 0.00815976 0.0961995 0.101092 0.0948035 0.00803037 0.19912 0.10917 0.213037 0.00804834 0.271336 0.101314 0.197972 0.107342 0.0153561 0.00861064 0.00963115 0.192914 0.109204 0.19616 0.20009 0.0095348 0.20062 0.181613 0.196099 0.0974406 0.00794979 0.0925096 0.105196 0.140872 0.00448118 0.0170731 0.11776 0.209059 0.103293 0.181977 0.101967 0.192256 0.105999 0.105063 0.00682971 0.0824374 0.0703152 0.197863 0.093528 0.0890794 0.0132397 
0.213961 0.00795643 1.36137 0.537835 0.213339 1.09298 0.00843092 0.216597 0.0078854 1.07105 0.17031 0.195639 0.175112 0.193979 0.134263 0.447234 0.594789 0.167445 0.0099401 0.00910486 0.0101681 0.179177 0.00895653 0.177155 0.00776896 0.57053 0.186627 0.193873 0.00908368 0.171553 0.182764 0.183702 0.54823 0.175995 0.236578 0.177933 0.217925 0.00817336 0.184125 0.180575 0.173485 0.00858151 1.00912 0.183124 0.576496 0.00812432 1.35437 0.5547 0.975546 0.475437 0.116047 0.00899847 0.00894063 0.581306 0.248091 0.577639 1.288 0.00885126 0.563882 0.563332 0.564845 0.170656 0.00817297 0.182014 0.221754 0.521681 0.0077698 0.139927 0.227825 0.608721 0.18522 1.05241 0.219469 0.583002 0.194669 0.217637 0.00798962 0.171996 0.52447 0.563311 0.200283 0.178981 0.0124887 
