   0.999997 2.77667e-16 -0.00232809   0.0250157 9.26834e-07           1 0.000398108   -0.015177   0.00232809 -0.000398109     0.999997    -0.197344 0 0 0 1         0 -0.524398    1.1334         0  0.345602  0.785398 -0.698398    1.3944         0 -0.785398  0.785398         0 -0.785398  0.785398 -0.785398  0.785398
0.28021
1.53897
0.00236188
100
32
68
0.175514
0.721112
0.0703806 0.11373 0.176492 0.198077 0.108922 0.138837 0.203196 0.157971 0.164811 0.0921497 0.362416 0.19859 0.317803 0.194112 0.31588 0.211063 0.200045 0.253403 0.0718853 0.257896 0.196899 0.0211812 0.00621807 0.27343 0.247805 0.202283 0.352839 0.185281 0.239804 0.129564 0.292542 0.114889 0.0230689 0.186305 0.0498801 0.0296506 0.176386 0.0141903 0.305735 0.39722 0.147586 0.142839 0.280072 0.0929648 0.0194942 0.284887 0.114634 0.138267 0.245225 0.284208 0.328365 0.0196139 0.192083 0.119382 0.39694 0.265453 0.00786562 0.0847879 0.177223 0.105084 0.241507 0.0414944 0.142203 0.198333 0.0971924 0.146048 0.0765008 0.291896 
0.210805 0.248402 0.552639 0.631203 0.279144 0.282791 0.717821 0.301689 0.612168 0.656475 1.99545 0.696037 1.54302 0.955329 1.67228 0.632966 0.598477 0.983171 0.254786 0.780175 0.736732 0.189148 0.15885 1.42334 1.02555 0.964658 1.76287 1.2095 0.981734 0.210571 1.07442 0.256351 0.192713 0.56978 0.333844 0.388453 0.641667 0.346991 1.63874 2.04028 0.299992 0.297519 1.06449 0.234496 0.18422 1.6453 0.259161 0.296243 0.765576 0.975818 1.86841 0.00880223 0.676577 0.276199 2.00453 0.809039 0.295975 0.709859 0.559872 0.258991 0.894167 0.363279 0.245569 0.741852 0.612664 0.6353 0.243736 1.05697 
