   0.999999 1.64356e-16  0.00113225 -0.00430743  8.8458e-06    0.999969 -0.00781256    0.016306 -0.00113222  0.00781257    0.999969   -0.217417 0 0 0 1         0 -0.698398    1.1334         0 -0.785398    1.2204 -0.263398  0.785398         0 -0.785398  0.785398         0 -0.785398  0.785398 -0.785398  0.785398
0.203936
0.792606
0.00789427
100
28
72
0.157068
0.467429
0.184836 0.189624 0.222687 0.199942 0.110131 0.210324 0.10993 0.113314 0.211199 0.0888632 0.105568 0.196705 0.0873893 0.124803 0.104367 0.188504 0.214837 0.202436 0.12274 0.164823 0.0944216 0.238763 0.114688 0.201859 0.104996 0.107052 0.244258 0.199207 0.100849 0.231245 0.147173 0.0866865 0.13265 0.204244 0.117534 0.216863 0.129984 0.106289 0.108575 0.18819 0.242012 0.19346 0.0997316 0.136285 0.0806125 0.129663 0.180888 0.188565 0.247753 0.116201 0.111284 0.204972 0.126284 0.115611 0.120663 0.103068 0.200111 0.0657719 0.115662 0.126276 0.209604 0.189205 0.238467 0.0908171 0.212246 0.122143 0.182778 0.186613 0.131292 0.268508 0.112149 0.231676 
0.787911 0.817213 0.954712 0.85898 0.178577 0.930889 0.159966 0.175102 0.963453 0.157618 0.176948 0.457232 0.16723 0.169647 0.168099 0.533404 0.773105 0.529896 0.167695 0.757332 0.169072 0.985057 0.174108 0.723864 0.16032 0.155739 0.963685 0.798936 0.140273 0.903101 0.160407 0.148758 0.152842 0.764354 0.168664 0.830559 0.167127 0.159939 0.171498 0.775118 0.947706 0.763177 0.144965 0.162546 0.15626 0.164014 0.493068 0.732864 0.835484 0.173243 0.154148 0.844756 0.183616 0.17749 0.167528 0.152415 0.821909 0.181571 0.162708 0.170759 0.846969 0.500057 0.994269 0.159946 0.894929 0.173083 0.974281 0.83797 0.165197 0.842103 0.173291 0.9441 
