          1 2.22051e-16 4.11495e-05  -0.0145588 -8.84192e-10            1  2.14873e-05   -0.0149177 -4.11495e-05 -2.14873e-05            1    -0.197348 0 0 0 1         0 -0.176398  0.785398         0 -0.524398    1.1334 -0.785398    1.5684         0 -0.785398  0.785398         0 -0.785398  0.785398 -0.785398  0.785398
0.349129
1.89401
4.64218e-05
100
37
63
0.255757
1.22191
0.184194 0.311706 0.259627 0.151895 0.293158 0.145142 0.295555 0.381443 0.221248 0.158205 0.319485 0.199225 0.278169 0.294757 0.403311 0.39446 0.397111 0.305057 0.287194 0.221515 0.417509 0.194549 0.351255 0.182574 0.219832 0.241784 0.364135 0.1781 0.300875 0.261167 0.208283 0.136889 0.017002 0.396695 0.367898 0.0276933 0.268508 0.414926 0.223291 0.098456 0.297976 0.183374 0.190417 0.349351 0.324157 0.124654 0.149983 0.29269 0.229096 0.332671 0.116816 0.430459 0.299997 0.374228 0.208309 0.427636 0.184621 0.199262 0.00188536 0.386567 0.158848 0.218248 0.257566 
0.702744 1.52374 0.932254 1.14957 0.997636 0.289972 1.06963 2.00804 0.652267 0.697697 2.01151 0.666018 1.86292 1.09209 2.02319 2.12189 2.83456 1.66716 1.08947 0.748931 2.78557 0.668437 2.70779 1.41636 0.658372 0.769715 1.60254 0.675249 1.71537 0.795748 0.756756 0.579865 0.198849 2.00879 1.82266 0.267275 0.795687 2.03172 0.655641 0.13793 1.07154 0.790937 0.755659 1.77199 1.30171 1.02715 0.29118 1.35034 0.765197 2.31524 0.59172 2.77682 1.65627 2.03207 0.6451 2.93924 0.616293 0.682481 0.493792 1.88925 0.311794 0.651622 1.06162 
