 0.953266        -0 -0.302132 0.0683597 -0.0816304   0.962809  -0.257555  0.0449482  0.290895  0.270181  0.917814 -0.178375 0 0 0 1         0 -0.785398    1.4814         0 -0.350398  0.785398 -0.437398  0.785398         0 -0.785398  0.785398         0 -0.785398  0.785398 -0.785398  0.785398
0.134761
0.591729
0.408258
100
56
44
0.141334
0.603077
0.174663 0.11895 0.178587 0.162997 0.192335 0.0415301 0.176746 0.194289 0.180903 0.177316 0.0963514 0.265207 0.0788488 0.0736057 0.15037 0.106819 0.133319 0.157449 0.117867 0.161246 0.066481 0.162123 0.160347 0.0862069 0.150201 0.0837131 0.126303 0.141688 0.15144 0.174318 0.112904 0.14189 0.172569 0.119517 0.159947 0.181555 0.149155 0.118215 0.112955 0.120334 0.166044 0.141006 0.137063 0.143316 
1.15119 0.544715 0.547992 0.632464 0.444246 0.494772 0.604177 1.19609 0.44402 0.407283 0.528155 1.49182 0.41016 0.354413 0.514801 0.666646 0.536079 0.524808 0.408737 0.564447 0.237302 1.12763 0.620888 0.21993 0.58137 0.261988 0.523755 0.466815 0.561827 0.575066 0.598671 0.532299 0.603925 0.577142 0.546199 1.08373 0.595165 0.602242 0.589862 0.590568 0.562695 0.996232 0.461381 0.551673 
