   0.995221 3.10206e-16  -0.0976466   0.0381962  0.0114404   0.993113   0.116601 -0.0509094 0.0969741 -0.117161  0.988367 -0.204353 0 0 0 1         0 -0.350398  0.785398         0  0.171602  0.785398 -0.785398    1.2204         0 -0.785398  0.785398         0 -0.785398  0.785398 -0.785398  0.785398
0.169388
0.53655
0.152681
100
39
61
0.0970299
0.32224
0.149419 0.148333 0.092766 0.0892761 0.102979 0.0866841 0.098859 0.166106 0.134607 0.0990515 0.112268 0.0185542 0.0148211 0.0983137 0.161173 0.0451984 0.145356 0.108075 0.0941684 0.102447 0.0132024 0.09991 0.156572 0.119193 0.116227 0.140058 0.0744536 0.106649 0.0149429 0.0471499 0.0160001 0.0542038 0.0155789 0.154196 0.0508368 0.109259 0.124872 0.157728 0.103227 0.117407 0.0141403 0.130353 0.0154538 0.167769 0.165809 0.013526 0.092732 0.135871 0.124345 0.111383 0.108063 0.148321 0.176482 0.0200631 0.0750218 0.106886 0.0628593 0.139485 0.114184 0.0463887 0.0895686 
0.600052 0.584876 0.203103 0.465328 0.466256 0.172212 0.166949 0.583975 0.564409 0.197559 0.535359 0.0107808 0.00762926 0.160271 0.55406 0.16191 0.477203 0.18073 0.390049 0.183125 0.00800275 0.158518 0.544723 0.451096 0.452426 0.457155 0.139262 0.229585 0.00984054 0.187422 0.200087 0.139437 0.0105135 0.676655 0.175063 0.182088 0.22291 0.623259 0.207538 0.216774 0.0101844 0.54564 0.00986194 0.695148 0.637032 0.00968981 0.181173 0.640734 0.505299 0.457843 0.226461 0.602592 0.564027 0.169098 0.424223 0.225234 0.187835 0.580717 0.241813 0.1833 0.60054 
