   0.999631 2.63984e-16   0.0271488 -0.00811812 0.00673007   0.968787  -0.247805  0.0604912 -0.0263013   0.247896    0.96843   -0.20445 0 0 0 1         0 -0.698398    1.1334         0 -0.698398  0.785398 -0.350398  0.785398         0 -0.785398  0.785398         0 -0.785398  0.785398 -0.785398  0.785398
0.0689299
0.414149
0.251945
100
26
74
0.070397
0.46284
0.136737 0.00626036 0.00711599 0.0591877 0.126966 0.0381634 0.154737 0.0223907 0.0818032 0.00533194 0.135476 0.16651 0.0133409 0.0685721 0.160819 0.157354 0.104248 0.0356221 0.0171903 0.127796 0.11909 0.142549 0.0914981 0.13344 0.0166805 0.125037 0.0412832 0.0109499 0.0705578 0.00564941 0.0175337 0.127821 0.00687665 0.0413316 0.0882733 0.0304047 0.0267894 0.0465773 0.157989 0.0645002 0.150456 0.0320862 0.0895348 0.00927368 0.0346164 0.00837482 0.0793876 0.032514 0.0473133 0.0243512 0.0381694 0.0394152 0.129924 0.167978 0.064347 0.0645082 0.17637 0.0888172 0.0146069 0.0580898 0.0406847 0.205502 0.0164547 0.0364445 0.152058 0.02991 0.0259588 0.00718 0.136409 0.00396608 0.0667639 0.0256553 0.0979134 0.0238901 
1.02396 0.210006 0.213499 0.44444 0.854681 0.357767 0.850687 0.208665 0.7402 0.325264 0.842141 0.883829 0.221814 0.302305 0.879571 0.785547 0.59887 0.176601 0.205817 0.841675 0.817205 0.844192 0.866364 0.83717 0.19723 0.822717 0.183866 0.17178 0.245075 0.219504 0.165192 0.815843 0.203005 0.15829 0.672205 0.187462 0.21 0.314761 0.903451 0.441967 0.866017 0.226996 0.353894 0.201593 0.180853 0.18976 0.302989 0.212465 0.169344 0.211347 0.190738 0.210859 0.880581 0.912586 0.418773 0.485421 0.828393 0.424898 0.177763 0.477877 0.226544 0.92841 0.210627 0.228649 0.8497 0.165263 0.173964 0.201537 0.899357 0.211019 0.829143 0.182738 0.758523 0.2169 
