  0.0069046   -0.994508    0.104434 -0.00795568 -0.0656082  -0.104662  -0.992341   0.159051   0.997822          0 -0.0659705 -0.0463245 0 0 0 1         0 -0.785398  0.785398         0 -0.524398    1.3074 -0.524398    1.3074         0 -0.785398  0.785398         0 -0.785398  0.785398 -0.785398  0.785398
0.189252
0.551691
0.0660185
100
12
88
0.120377
0.356062
0.122458 0.00556353 0.211348 0.00845418 0.00823413 0.082751 0.0498747 0.111328 0.0982744 0.00902852 0.314545 0.181146 0.172798 0.0837746 0.190571 0.00589198 0.107413 0.109458 0.13463 0.210179 0.167721 0.197452 0.186886 0.134144 0.0912195 0.112055 0.202567 0.089538 0.00963267 0.0896683 0.0255985 0.0987112 0.118865 0.119543 0.140465 0.0872343 0.109061 0.120707 0.0374168 0.0943784 0.201718 0.139344 0.202585 0.18325 0.115687 0.101182 0.0944297 0.189538 0.106947 0.0935452 0.0939628 0.0910974 0.0725843 0.120415 0.131533 0.0858619 0.0888366 0.100879 0.19011 0.191949 0.10757 0.193169 0.141925 0.0887234 0.220748 0.00654658 0.102946 0.0479384 0.120624 0.178855 0.0928642 0.173135 0.0956014 0.122634 0.0190047 0.110693 0.216152 0.00829952 0.227005 0.209678 0.0837204 0.0561609 0.196707 0.094721 0.323335 0.0907403 0.209225 0.00838327 
0.2173 0.00945782 1.05925 0.0100925 0.008751 0.5269 0.155672 0.50893 0.167763 0.00842602 1.33321 0.573825 0.551059 0.176179 0.576672 0.00843715 0.22824 0.222224 0.682898 0.582439 0.457158 0.575967 0.460835 0.547507 0.173299 0.182891 0.596562 0.16475 0.00893952 0.522019 0.201176 0.181411 0.211087 0.19937 0.590496 0.153777 0.223363 0.228338 0.123979 0.165165 0.592564 0.550464 0.588441 0.568598 0.197985 0.191345 0.183838 0.575563 0.179352 0.183891 0.163278 0.471018 0.157211 0.518347 0.242139 0.17651 0.154725 0.180015 0.529427 0.556176 0.187116 0.580272 0.517271 0.175217 0.590097 0.00740593 0.188776 0.229877 0.237254 0.548504 0.170657 0.575255 0.171282 0.42649 0.169128 0.204984 0.59699 0.00884394 0.588231 0.637404 0.171191 0.209725 0.571467 0.163626 1.38512 0.171691 1.3036 0.00931468 
