 0.991415         0 -0.130752 0.0508113 0.00267777    0.99979   0.020304 -0.0182109   0.130724 -0.0204798   0.991207  -0.185927 0 0 0 1         0 -0.611398    1.3944         0 -0.785398  0.785398 -0.785398    1.6554         0 -0.785398  0.785398         0 -0.785398  0.785398 -0.785398  0.785398
0.0478701
0.397932
0.132708
100
52
48
0.194877
0.780838
0.262084 0.262548 0.0641524 0.176841 0.233955 0.27584 0.0732602 0.13907 0.106637 0.311198 0.233984 0.0152976 0.132068 0.272283 0.0891898 0.379101 0.189953 0.128509 0.339982 0.154282 0.124653 0.112821 0.314803 0.134801 0.119511 0.114518 0.234391 0.4072 0.323959 0.212063 0.314817 0.105769 0.141998 0.120777 0.275495 0.147823 0.226144 0.0828557 0.194396 0.183104 0.0404509 0.408362 0.318728 0.267702 0.341794 0.016377 0.105935 0.122597 
1.08008 1.12778 0.399356 0.327618 0.785415 1.02653 0.277328 0.29496 0.29535 1.13841 1.00407 0.256888 0.287897 1.03813 0.280179 1.98107 1.03875 1.14653 1.60165 0.299272 0.279148 0.315793 1.1224 0.297169 0.323048 0.270724 1.06351 2.04177 1.91666 0.785947 1.10552 0.3079 0.328837 0.284016 1.03102 0.31738 0.686902 0.271568 1.06777 1.0122 0.38818 1.92064 1.1058 1.04209 1.704 0.231467 0.286969 0.284551 
