   0.971872 2.55412e-16    -0.23551   0.0653596  0.0281989   0.992806   0.116367 -0.0395383  0.233816 -0.119735   0.96488 -0.190759 0 0 0 1         0 -0.437398  0.785398         0 -0.263398  0.785398 -0.698398    1.3074         0 -0.785398  0.785398         0 -0.785398  0.785398 -0.785398  0.785398
0.190665
0.594949
0.26581
100
26
74
0.128837
0.478365
0.0625737 0.0317526 0.137081 0.148021 0.0156955 0.129103 0.119424 0.129125 0.145928 0.188983 0.123939 0.417713 0.137373 0.170026 0.212055 0.115974 0.156874 0.0666154 0.0531123 0.162816 0.182858 0.151103 0.0167321 0.0628585 0.132437 0.135209 0.184612 0.162987 0.021496 0.170815 0.109321 0.122874 0.179673 0.100856 0.0972736 0.120429 0.114179 0.162515 0.0919433 0.160769 0.0894858 0.109982 0.0175083 0.14954 0.101768 0.0226963 0.185242 0.185637 0.151263 0.0223561 0.201019 0.164423 0.022037 0.132893 0.167476 0.16886 0.13144 0.121292 0.0724726 0.224924 0.0896664 0.196402 0.216881 0.124624 0.157145 0.0221747 0.174574 0.14663 0.131614 0.0190359 0.271824 0.0377474 0.176751 0.12146 
0.209095 0.604361 0.631536 0.777584 0.00847338 0.287731 0.211886 0.604774 0.290923 0.763813 0.297849 1.97259 0.283558 0.738551 0.77847 0.132958 0.591695 0.249486 0.224284 0.705274 0.754386 0.645231 0.227878 0.13888 0.609662 0.272975 0.667474 0.740415 0.0104771 0.786916 0.273887 0.228589 0.646638 0.257487 0.160091 0.224694 0.275929 0.765196 0.145745 0.565484 0.130385 0.67496 0.00766068 0.638988 0.218171 0.00918386 0.695206 0.698898 0.73447 0.00977562 0.744666 0.678054 0.00943574 0.535688 0.72001 0.789165 0.583311 0.536799 0.285926 0.751261 0.164401 0.731023 0.675154 0.440139 0.748624 0.00986695 0.554007 0.259857 0.62985 0.00864222 1.76261 0.204602 0.758327 0.236979 
