-0.0698966  -0.783382  -0.617598   0.108463 -0.0880968    0.62154  -0.778413   0.116835   0.993657          0  -0.112457 -0.0316443 0 0 0 1         0 -0.350398    1.6554         0 -0.437398    1.3074 -0.524398    1.1334         0 -0.785398  0.785398         0 -0.785398  0.785398 -0.785398  0.785398
0.191977
0.970901
0.112695
100
6
94
0.126812
0.528736
0.12181 0.117751 0.1836 0.0127398 0.0986661 0.182613 0.111261 0.210672 0.111032 0.00915616 0.0157165 0.186549 0.15164 0.0091334 0.176529 0.190749 0.193813 0.285937 0.0322199 0.113751 0.0084951 0.260434 0.145675 0.10836 0.204924 0.103415 0.272415 0.146566 0.112758 0.108972 0.0661969 0.281129 0.115738 0.00618146 0.0947343 0.0125207 0.106565 0.0241374 0.113429 0.00687382 0.118713 0.0722831 0.148272 0.106042 0.102386 0.190583 0.0102936 0.19381 0.0106425 0.226749 0.00992104 0.0219356 0.0779796 0.110587 0.106168 0.0997297 0.00405971 0.11181 0.254766 0.338495 0.00908967 0.169967 0.213977 0.152596 0.198432 0.275168 0.202245 0.332702 0.0976678 0.124297 0.0929964 0.113164 0.174659 0.107111 0.0160522 0.0250471 0.105004 0.171714 0.00179978 0.153925 0.105893 0.0456795 0.282638 0.0886163 0.149979 0.213827 0.1128 0.00659756 0.00840843 0.0847101 0.186545 0.234846 0.188264 0.34384 
0.22564 0.699105 0.862701 0.115 0.173879 0.952476 0.438509 0.590162 0.209703 0.112434 0.21263 0.563949 0.424872 0.0073564 0.968235 0.549881 0.522432 1.36698 0.120544 0.521953 0.236513 1.32132 0.407978 0.518549 0.557693 0.431299 1.41643 0.790298 0.529839 0.601307 0.555196 1.29964 0.200298 0.00724224 0.188029 0.115485 0.196404 0.370708 0.19402 0.241685 0.691286 0.16804 0.582368 0.526835 0.403041 0.546128 0.00899182 0.935973 0.216281 0.594416 0.00859347 0.130683 0.175146 0.508774 0.437042 0.434838 0.235672 0.495458 1.33535 1.40019 0.00801663 0.506781 1.32466 0.582841 0.558723 1.28968 0.546281 1.40732 0.194464 0.696399 0.178296 0.515859 0.552779 0.512307 0.123308 0.121707 0.189509 0.44551 0.122194 0.469592 0.457059 0.309747 1.36445 0.182624 0.985493 1.03151 0.703831 0.123742 0.00800003 0.188557 0.954899 0.792938 1.18421 1.41446 
