 0.823595 -0.173394 -0.540024  0.107691   0.145003   0.984853 -0.0950773 0.00898597   0.54833         0  0.836262 -0.164927 0 0 0 1         0 -0.611398    1.3944         0 -0.437398  0.785398 -0.524398    1.0464         0 -0.785398  0.785398         0 -0.785398  0.785398 -0.785398  0.785398
0.239355
0.720238
0.580366
100
13
87
0.234467
0.81455
0.209083 0.223493 0.195639 0.274844 0.271465 0.220692 0.0783972 0.350714 0.373674 0.213267 0.275942 0.100977 0.197065 0.252836 0.100887 0.221456 0.0435664 0.109366 0.2429 0.351186 0.242142 0.168334 0.205348 0.10796 0.0926399 0.247464 0.344981 0.259264 0.102395 0.101172 0.377196 0.076644 0.273959 0.279065 0.302262 0.335897 0.210013 0.358137 0.102845 0.20844 0.289451 0.0961797 0.245498 0.295009 0.321747 0.351617 0.244591 0.26699 0.159009 0.254408 0.216282 0.231666 0.181767 0.353794 0.315697 0.160327 0.224836 0.303277 0.360422 0.243131 0.227364 0.250608 0.117379 0.247882 0.246132 0.190243 0.338418 0.221615 0.309706 0.190445 0.212825 0.233816 0.344678 0.219337 0.297704 0.273152 0.215329 0.217749 0.221334 0.248386 0.247802 0.240867 0.268292 0.3415 0.0833823 0.21749 0.355908 
0.541302 0.596136 0.560955 0.799647 0.476882 0.475862 0.142466 1.74939 1.50685 0.596679 1.92148 0.143575 0.664131 0.612694 0.14054 0.576874 0.13866 0.155413 0.801392 1.57107 0.763822 0.540729 0.551899 0.128269 0.134587 0.75502 1.77472 0.706185 0.137453 0.145094 1.61864 0.142951 0.634406 0.63764 1.65978 1.59255 0.54923 1.7492 0.132962 0.61831 0.755192 0.128427 1.27597 1.91238 1.89431 1.72958 0.741304 0.715427 0.76798 0.703349 0.802296 1.34717 0.667428 1.67475 1.77338 0.639156 0.746675 0.765567 1.73095 0.676596 0.448162 0.65555 0.144989 0.718784 0.648641 0.610822 1.48407 0.777088 0.648511 0.688031 0.644268 0.707749 1.58544 0.579785 0.697719 0.704713 0.74485 0.622358 0.579145 0.625834 0.716118 0.61776 0.687573 1.59676 0.140683 0.60747 1.58967 
