   0.995221 2.44906e-16  -0.0976466   0.0381962 -0.0114404   0.993113  -0.116601  0.0319806 0.0969741  0.117161  0.988367 -0.206586 0 0 0 1         0 -0.785398    1.2204         0 -0.263398  0.785398 -0.350398  0.785398         0 -0.785398  0.785398         0 -0.785398  0.785398 -0.785398  0.785398
0.114924
0.441239
0.152681
100
37
63
0.0971041
0.376855
0.167306 0.0970196 0.203508 0.0657406 0.0310944 0.0129108 0.0985441 0.0467871 0.108929 0.0392306 0.0146731 0.0137083 0.0128466 0.110727 0.137646 0.106126 0.164955 0.163253 0.154422 0.0142458 0.105985 0.210014 0.141514 0.104912 0.0392414 0.135304 0.0839822 0.0917102 0.0059333 0.031624 0.223912 0.173079 0.17563 0.149917 0.0983083 0.0187209 0.186673 0.137406 0.0667297 0.0120688 0.0550815 0.0284801 0.00200338 0.13394 0.162512 0.152168 0.0149541 0.0108265 0.0155585 0.091413 0.0942906 0.246315 0.210217 0.198981 0.0149806 0.166156 0.00861068 0.160058 0.0145665 0.104641 0.0885174 0.0919003 0.0950501 
0.893164 0.205305 1.04602 0.177709 0.195961 0.00920399 0.413765 0.170153 0.231784 0.0957514 0.164129 0.011109 0.0123344 0.230691 0.617724 0.218552 0.454802 0.595609 0.595143 0.0102765 0.181589 0.921717 0.478713 0.198372 0.160247 0.616138 0.19705 0.200608 0.0102845 0.163144 1.15352 0.933026 0.762461 0.627452 0.223259 0.165697 0.560982 0.465775 0.162216 0.0109146 0.150083 0.155235 0.0124166 0.839974 0.578574 0.476093 0.158616 0.0108586 0.154882 0.504701 0.498269 1.17828 1.1409 1.01154 0.0113415 0.901651 0.0122894 0.487646 0.167361 0.206411 0.179534 0.176129 0.186736 
