   0.999831 2.25644e-16  -0.0183626    0.027439 0.000237169    0.999917   0.0129137  -0.0261875  0.0183611 -0.0129159   0.999748  -0.207183 0 0 0 1         0 -0.350398  0.785398         0  0.258602  0.785398 -0.698398    1.2204         0 -0.785398  0.785398         0 -0.785398  0.785398 -0.785398  0.785398
0.169667
0.538786
0.0224507
100
30
70
0.12335
0.347374
0.0230662 0.195738 0.153652 0.0523771 0.152488 0.0985235 0.0238253 0.00805796 0.129439 0.190346 0.189475 0.0190636 0.0211682 0.106731 0.02089 0.0219895 0.120016 0.018433 0.20962 0.02161 0.195261 0.0631441 0.143103 0.0769933 0.198812 0.167346 0.0180334 0.136998 0.184903 0.176189 0.24126 0.103964 0.208466 0.146081 0.0140112 0.180194 0.204426 0.206702 0.100472 0.114917 0.146361 0.187236 0.112303 0.182388 0.0222426 0.109002 0.0184611 0.0217624 0.169602 0.177949 0.132079 0.154784 0.126924 0.149974 0.139816 0.131877 0.0180716 0.138831 0.110749 0.142579 0.219537 0.179148 0.157465 0.19365 0.110268 0.129851 0.20391 0.122643 0.0878986 0.179382 
0.153018 0.727731 0.49059 0.211385 0.496104 0.195768 0.143349 0.00534272 0.137149 0.60588 0.65661 0.00865851 0.00957502 0.265874 0.00947178 0.0106874 0.198888 0.202876 0.654002 0.177797 0.513107 0.174549 0.291799 0.191662 0.591213 0.520335 0.00849044 0.280753 0.541283 0.629775 0.746206 0.207085 0.712316 0.6192 0.130327 0.691746 0.652633 0.617095 0.202155 0.191936 0.147873 0.582957 0.225341 0.572639 0.0110719 0.240034 0.00922003 0.194607 0.491269 0.594523 0.497161 0.561419 0.205285 0.480805 0.278977 0.254776 0.00864751 0.257108 0.211306 0.594273 0.66419 0.582881 0.146123 0.566027 0.254822 0.207098 0.589911 0.255371 0.214981 0.541057 
