-0.0241551  -0.930024  -0.366703  0.0696633 -0.0611292   0.367498  -0.928013   0.144047   0.997838          0 -0.0657286 -0.0463536 0 0 0 1         0 -0.785398  0.785398         0 -0.437398    1.2204 -0.524398    1.1334         0 -0.785398  0.785398         0 -0.785398  0.785398 -0.785398  0.785398
0.193153
0.52844
0.065776
100
17
83
0.116866
0.370144
0.0929228 0.102912 0.188299 0.198987 0.133256 0.15873 0.117096 0.163427 0.0864604 0.198405 0.164046 0.167383 0.170083 0.0926646 0.106914 0.10065 0.0102981 0.208422 0.088975 0.102256 0.215284 0.0392247 0.0705554 0.198103 0.103944 0.115834 0.241252 0.00915102 0.0959404 0.105481 0.00799103 0.214473 0.0951883 0.344387 0.100818 0.203919 0.0109741 0.111913 0.10034 0.10351 0.0992075 0.0906723 0.11838 0.106735 0.185066 0.236707 0.0125477 0.197134 0.197556 0.107316 0.104947 0.115593 0.00909147 0.115359 0.08493 0.104455 0.0981089 0.0074594 0.0819653 0.0807795 0.208062 0.187168 0.0703752 0.097321 0.231284 0.104825 0.0987645 0.214031 0.101814 0.00814898 0.0816326 0.178052 0.0919131 0.0865837 0.011036 0.00983223 0.114257 0.00992124 0.0743554 0.110361 0.00873028 0.213489 0.0934076 
0.182841 0.173611 0.50248 0.587195 0.232839 0.712508 0.445776 0.578944 0.163864 0.598184 0.553775 0.774026 0.555717 0.431488 0.195002 0.444361 0.112454 0.721049 0.173754 0.179598 0.558646 0.210444 0.203656 1.2562 0.181312 0.196916 1.32188 0.00953185 0.176848 0.462215 0.00729673 1.29154 0.168295 1.38866 0.192946 0.624622 0.00870826 0.457987 0.173781 0.192981 0.190274 0.174588 1.17788 0.183682 0.559264 0.60351 0.0109946 0.587187 0.601581 0.181703 0.626017 0.668216 0.00788837 0.239354 0.215674 0.182975 0.179477 0.00801844 0.176809 0.566358 0.543241 0.58087 0.155492 0.183914 0.566965 0.188546 0.196962 0.550869 0.172261 0.00860391 0.40838 0.537095 0.17531 0.179427 0.0086605 0.0082434 0.201054 0.00941796 0.161001 0.183243 0.00850703 0.969051 0.179469 
