   0.991415 2.16337e-16   -0.130752   0.0521188  -0.00267777      0.99979    -0.020304 -0.000642103  0.130724 0.0204798  0.991207 -0.196229 0 0 0 1         0 -0.698398    1.3074         0 -0.785398  0.785398 -0.350398  0.785398         0 -0.785398  0.785398         0 -0.785398  0.785398 -0.785398  0.785398
0.146224
0.306907
0.132708
100
26
74
0.132691
0.415729
0.130383 0.127888 0.161854 0.136077 0.0954357 0.023675 0.118144 0.0874775 0.275513 0.15934 0.100838 0.124816 0.117429 0.154889 0.226182 0.121802 0.0853006 0.114076 0.0931611 0.112089 0.243162 0.0106064 0.0931945 0.167428 0.118597 0.102363 0.106124 0.282595 0.158679 0.16539 0.166551 0.244305 0.103509 0.108526 0.123425 0.105717 0.0265839 0.0201321 0.285267 0.0947683 0.296538 0.0210441 0.0182943 0.0778219 0.0935147 0.141216 0.144082 0.0112327 0.151583 0.131929 0.0941757 0.384789 0.246837 0.0193094 0.26367 0.107144 0.0209898 0.105576 0.244949 0.134364 0.116427 0.106811 0.0114857 0.0792016 0.172724 0.145575 0.132181 0.103611 0.301888 0.137636 0.135518 0.0913231 0.156696 0.125714 
0.529025 0.250293 0.754251 0.303836 0.221191 0.00983351 0.262505 0.248844 1.06101 0.578797 0.511051 0.288581 0.297566 0.308403 0.742597 0.241496 0.282227 0.279543 0.262484 0.612468 1.07269 0.00546986 0.249251 0.61577 0.251042 0.226741 0.27556 1.0653 0.312755 0.638527 0.535976 1.08487 0.281224 0.281059 0.225464 0.304991 0.010626 0.00948705 1.04419 0.210663 1.04487 0.00923028 0.00967417 0.266613 0.226705 0.322828 0.294272 0.152292 0.267947 0.271488 0.229722 2.0249 1.02681 0.00850495 1.11076 0.246122 0.00931904 0.248393 1.02968 0.259922 0.30017 0.267775 0.00639564 0.231792 0.759473 0.26013 0.247348 0.23515 1.04125 0.284521 0.257157 0.254855 0.520987 0.289198 
