   0.999631 2.08473e-16  -0.0271488  0.00811812 -0.00673007    0.968787   -0.247805   0.0604912 0.0263014  0.247896   0.96843  -0.20445 0 0 0 1         0 -0.698398  0.785398         0 -0.698398  0.785398 -0.350398  0.785398         0 -0.785398  0.785398         0 -0.785398  0.785398 -0.785398  0.785398
0.135713
0.799153
0.251945
100
35
65
0.0854315
0.527697
0.00888258 0.172571 0.0199008 0.152298 0.129842 0.0111413 0.0405998 0.0387179 0.147754 0.134047 0.112406 0.0806971 0.0632953 0.0205103 0.0513151 0.0170184 0.0862141 0.094176 0.00854845 0.0407343 0.0622891 0.036793 0.029278 0.00112045 0.125928 0.0644319 0.156386 0.0619956 0.00603605 0.0180697 0.0478123 0.00923991 0.0231908 0.090728 0.130521 0.0751975 0.147338 0.0844754 0.0160501 0.0694079 0.126952 0.168041 0.15157 0.0447743 0.131891 0.17861 0.162269 0.105082 0.0852567 0.153076 0.0143365 0.12246 0.122408 0.163324 0.141621 0.0114648 0.184428 0.174681 0.0469192 0.064296 0.0155075 0.173344 0.150979 0.108987 0.0638125 
0.184927 0.885213 0.205647 0.857948 0.914949 0.173539 0.189281 0.365864 0.904489 0.764737 0.551752 0.709151 0.235434 0.205082 0.207946 0.206212 0.503954 0.715412 0.207218 0.2091 0.20723 0.176403 0.389831 0.1751 0.886793 0.217844 0.861744 0.33596 0.18918 0.207379 0.318917 0.203045 0.220057 0.219649 0.841719 0.48272 0.842716 0.81144 0.183907 0.741232 0.849721 0.844277 0.786021 0.350174 0.850715 0.879417 0.865035 0.794517 0.396684 0.887582 0.198069 0.906997 0.825301 0.833371 0.889019 0.218958 0.888549 0.835954 0.228892 0.223578 0.210607 0.859084 0.75754 0.705675 0.503868 
