          1 2.77552e-16 9.97068e-06 -0.00435952  1.20003e-10            1 -1.20356e-05  -0.00471342 -9.97068e-06  1.20356e-05            1    -0.197349 0 0 0 1         0 -0.611398    1.3944         0 -0.698398    1.3944 -0.524398    1.1334         0 -0.785398  0.785398         0 -0.785398  0.785398 -0.785398  0.785398
0.419631
2.83266
1.56291e-05
100
37
63
0.276704
1.45493
0.295834 0.430282 0.218243 0.422304 0.222249 0.294705 0.374034 0.1911 0.328134 0.276204 0.249236 0.243679 0.225709 0.167812 0.39529 0.209656 0.253962 0.272723 0.180729 0.153372 0.372546 0.396201 0.427654 0.381126 0.405434 0.27023 0.231025 0.223901 0.257033 0.290947 0.166029 0.31559 0.290942 0.270604 0.290798 0.267322 0.117261 0.148332 0.0520267 0.376604 0.061651 0.376759 0.300856 0.329028 0.283569 0.429738 0.27831 0.144053 0.414601 0.378862 0.418981 0.22862 0.279874 0.263089 0.301995 0.186137 0.246953 0.209475 0.239585 0.212647 0.324211 0.424258 0.142209 
2.5474 2.59095 0.713361 2.86274 0.764947 1.88079 2.00988 1.26028 2.76783 1.27424 0.856262 0.797037 1.17822 1.08307 1.98455 0.680761 0.708678 0.804315 0.88692 1.75121 1.72425 2.79578 2.9984 2.0005 2.58354 0.880456 1.15807 0.704673 0.827409 0.821713 0.623406 1.35687 1.93504 0.72991 1.29923 1.19487 0.135771 0.663466 0.790475 2.02763 0.794912 1.98087 1.93702 2.65756 0.796807 2.76494 1.32022 0.689056 2.98795 2.05528 2.72061 0.670655 1.34635 1.18765 1.72931 1.00672 1.07036 0.760093 0.740428 1.06346 1.85968 2.72159 0.144014 
