   0.971872 1.88677e-16    -0.23551   0.0653596 -0.0281989   0.992806  -0.116367  0.0206155  0.233816  0.119735   0.96488 -0.193042 0 0 0 1         0 -0.785398    1.4814         0 -0.263398  0.785398 -0.437398  0.785398         0 -0.785398  0.785398         0 -0.785398  0.785398 -0.785398  0.785398
0.113144
0.577668
0.26581
100
33
67
0.123582
0.421186
0.138363 0.0863648 0.144645 0.148332 0.115944 0.101 0.117851 0.0801463 0.0151827 0.10647 0.140511 0.0754568 0.108646 0.0619002 0.118296 0.116859 0.0520378 0.0841646 0.117514 0.119721 0.161301 0.26994 0.146254 0.120243 0.0867574 0.153494 0.154318 0.0802929 0.115617 0.086427 0.149684 0.180899 0.132913 0.375449 0.108292 0.012713 0.138339 0.134659 0.158438 0.175835 0.0607001 0.0143162 0.203984 0.133179 0.168023 0.154242 0.184302 0.165379 0.148277 0.0751263 0.145416 0.0996249 0.0795158 0.166604 0.0892851 0.144825 0.0994758 0.0731896 0.110379 0.117379 0.171865 0.0187619 0.198255 0.156957 0.125461 0.0978198 0.0863569 
0.533591 0.307537 0.60378 0.565087 0.583011 0.217694 0.246802 0.135758 0.166416 0.217608 0.505508 0.175704 0.293202 0.15299 0.304446 0.566179 0.221089 0.170293 0.239602 0.284262 0.581409 1.09376 0.61818 0.289159 0.208762 0.607494 0.703678 0.20884 0.222825 0.218332 0.694319 0.649225 0.545269 1.91979 0.595193 0.0106584 0.488338 0.529561 0.616633 0.558332 0.217757 0.0105855 0.515256 0.662622 0.696286 0.526649 0.540439 0.579758 0.544054 0.139845 0.526109 0.193712 0.20428 0.626323 0.216845 0.588404 0.511866 0.240005 0.279727 0.231679 0.523057 0.0107185 0.645337 0.550723 0.2327 0.217161 0.137235 
