           1  2.22039e-16 -4.11495e-05    0.0145588 -8.84192e-10            1 -2.14873e-05  -0.00414229 4.11495e-05 2.14873e-05           1   -0.197349 0 0 0 1         0 -0.785398    1.5684         0 -0.350398    1.0464 -0.524398    1.1334         0 -0.785398  0.785398         0 -0.785398  0.785398 -0.785398  0.785398
0.37196
1.91308
4.64218e-05
100
43
57
0.235879
1.12738
0.256605 0.277495 0.25835 0.143711 0.268957 0.1883 0.217074 0.205526 0.334093 0.245545 0.249916 0.206946 0.386422 0.203946 0.121136 0.126413 0.349564 0.182312 0.24935 0.201556 0.299063 0.21508 0.284092 0.398481 0.34324 0.2451 0.223957 0.284484 0.164883 0.249606 0.210114 0.215945 0.299949 0.377676 0.235404 0.179807 0.142136 0.13066 0.19702 0.375606 0.295842 0.293684 0.0462702 0.204867 0.187249 0.185318 0.127421 0.0988779 0.196889 0.258753 0.257822 0.348266 0.361477 0.160719 0.292519 0.340184 0.0434021 
1.01982 1.25163 1.22572 0.560353 1.24238 0.634155 0.719151 0.687342 2.78688 0.824697 1.22823 0.661201 2.08842 1.64701 0.478859 0.268062 1.87203 0.572388 1.90148 0.832534 0.822719 0.626345 1.28446 2.07001 1.66874 1.13535 0.724265 1.62253 1.20917 1.1905 0.678352 0.705548 1.3415 1.9946 0.814102 0.6824 0.270092 0.28163 1.67642 1.90435 1.49678 1.78512 0.312008 0.718069 0.697625 0.69333 0.290102 0.931581 0.596588 1.23492 1.32986 2.5096 1.83858 0.614689 1.25112 1.83493 0.920241 
