  0.953266          0   0.302132 -0.0683597 0.0816303  0.962809 -0.257555 0.0449482 -0.290895  0.270181  0.917814 -0.178375 0 0 0 1         0 -0.350398  0.785398         0 -0.785398    1.4814 -0.437398  0.785398         0 -0.785398  0.785398         0 -0.785398  0.785398 -0.785398  0.785398
0.152959
0.614412
0.408258
100
53
47
0.133799
0.60008
0.133239 0.0556677 0.16912 0.127411 0.182397 0.150928 0.166913 0.114806 0.133418 0.139819 0.131904 0.175399 0.137005 0.152002 0.148338 0.0246936 0.159902 0.149524 0.166043 0.162974 0.180052 0.162225 0.16254 0.086568 0.0813292 0.174266 0.155129 0.122908 0.134586 0.116077 0.123568 0.142803 0.164921 0.0928613 0.186367 0.0656441 0.15574 0.157108 0.10455 0.158278 0.148856 0.120811 0.133184 0.133334 0.0462819 0.0542746 0.14279 
0.547116 0.211301 1.00042 0.903017 0.432768 1.2004 0.547442 0.669786 0.632196 0.649745 0.553962 0.601281 0.441136 0.541702 1.20405 0.395528 0.636083 0.53919 0.51847 0.560923 0.541961 0.505516 1.0567 0.217223 0.423247 0.568612 0.408656 0.680639 0.933477 0.693673 0.627844 0.597526 0.56166 0.6453 0.545505 0.644395 0.650554 0.604995 0.450184 0.673562 0.612251 0.651101 0.52547 0.583948 0.213314 0.245019 0.5549 
