   0.999904 2.69744e-16  -0.0138363   0.0168704 -0.000387847     0.999607   -0.0280284     0.019398 0.0138309  0.028031  0.999511 -0.217534 0 0 0 1         0 -0.785398    1.1334         0 -0.524398  0.785398 -0.263398  0.785398         0 -0.785398  0.785398         0 -0.785398  0.785398 -0.785398  0.785398
0.117283
0.409875
0.0312626
100
26
74
0.113421
0.352658
0.0113477 0.0179904 0.143318 0.206273 0.079691 0.0380645 0.101766 0.0975418 0.0520005 0.092465 0.101603 0.0853777 0.0831323 0.174719 0.0161569 0.0715541 0.175918 0.0626197 0.176208 0.108388 0.0839851 0.150181 0.0963329 0.101793 0.0152931 0.0998377 0.210626 0.111747 0.0680224 0.204461 0.219832 0.0965474 0.167661 0.105861 0.118758 0.106914 0.111258 0.153887 0.0977038 0.0824337 0.0958605 0.0835166 0.212449 0.158856 0.114793 0.10339 0.169921 0.0127955 0.105606 0.0918658 0.0521619 0.17594 0.186228 0.0379412 0.170047 0.209684 0.161162 0.0181663 0.0783325 0.174638 0.0173707 0.0797092 0.113866 0.196542 0.0810358 0.179549 0.075626 0.0901627 0.172264 0.180281 0.167534 0.0890771 0.147034 0.0905063 
0.168301 0.168679 0.470469 0.91822 0.173096 0.203939 0.150648 0.163542 0.220166 0.153418 0.17412 0.146513 0.168143 0.542095 0.0100511 0.154877 0.522033 0.423086 0.560342 0.170784 0.170817 0.44432 0.148081 0.152767 0.150549 0.202281 0.945441 0.160051 0.315901 0.895899 0.55624 0.480602 0.579439 0.173006 0.167551 0.199826 0.146098 0.682611 0.163888 0.188663 0.167756 0.154638 0.957239 0.52757 0.136893 0.15943 0.570289 0.0115201 0.166958 0.174513 0.14914 0.70105 0.709193 0.154159 0.794836 0.786798 0.533155 0.158324 0.577296 0.715341 0.149782 0.186432 0.156221 0.844858 0.151057 0.57383 0.160036 0.170683 0.353885 0.568973 0.878026 0.163034 0.646085 0.201111 
