   0.999999 2.19867e-16 -0.00113225  0.00430743 -8.8458e-06    0.999969 -0.00781256    0.016306 0.00113222 0.00781257   0.999969  -0.217417 0 0 0 1         0 -0.785398    1.2204         0 -0.698398    1.1334 -0.263398  0.785398         0 -0.785398  0.785398         0 -0.785398  0.785398 -0.785398  0.785398
0.203372
0.791076
0.00789427
100
16
84
0.155571
0.496878
0.132546 0.0832107 0.0865423 0.187681 0.108446 0.249949 0.126896 0.238117 0.173033 0.174191 0.227462 0.17391 0.19743 0.129983 0.130739 0.179706 0.127216 0.161085 0.153431 0.242043 0.114698 0.122212 0.1062 0.108293 0.166533 0.0873967 0.197301 0.0944625 0.101642 0.0565519 0.125483 0.194507 0.110808 0.0938133 0.124935 0.236334 0.164291 0.214167 0.115663 0.185007 0.106734 0.205714 0.178894 0.251935 0.20297 0.199437 0.179097 0.231541 0.216389 0.200636 0.190169 0.197512 0.208672 0.176621 0.0770939 0.0889734 0.126699 0.181682 0.183483 0.0263867 0.205765 0.235837 0.200611 0.242473 0.210864 0.0969393 0.114373 0.0115694 0.104713 0.13965 0.22621 0.0935117 0.241089 0.09411 0.0872259 0.121602 0.174104 0.0961621 0.211509 0.163621 0.1205 0.203766 0.101299 0.135945 
0.154839 0.336276 0.137234 0.522877 0.176821 0.927595 0.166868 0.95721 0.571323 0.51199 0.882346 0.535487 0.768873 0.17828 0.16852 0.555389 0.154608 0.417567 0.700771 0.779443 0.169871 0.152136 0.165989 0.151206 0.534236 0.14554 0.778716 0.157073 0.169603 0.139529 0.163776 0.939297 0.153213 0.191842 0.165783 0.881216 0.497758 0.942622 0.15118 0.89516 0.175571 0.877823 0.931912 0.980533 0.791403 0.783776 0.590504 0.97332 0.939517 0.771723 0.879312 0.813747 0.802592 0.5517 0.127569 0.139038 0.167947 0.5331 0.598768 0.144013 0.76446 0.99583 0.856283 0.973677 0.798215 0.149148 0.156797 0.469592 0.138262 0.406829 0.708042 0.161882 0.935238 0.14764 0.155852 0.168727 0.522106 0.153794 0.956734 0.627362 0.660359 0.778977 0.164619 0.163391 
