   0.999999 2.24222e-16 -0.00113225  0.00430743 8.84581e-06    0.999969  0.00781257  -0.0353654  0.00113222 -0.00781257    0.999969   -0.217268 0 0 0 1         0 -0.263398  0.785398         0 -0.176398  0.785398 -0.785398    1.1334         0 -0.785398  0.785398         0 -0.785398  0.785398 -0.785398  0.785398
0.202891
0.591754
0.00789427
100
33
67
0.162204
0.362457
0.241394 0.156588 0.15002 0.14264 0.140161 0.152378 0.0860023 0.209021 0.207175 0.0868016 0.199396 0.114419 0.134528 0.105623 0.213983 0.209223 0.143162 0.0765632 0.220069 0.231638 0.114292 0.106436 0.144669 0.227759 0.144978 0.221912 0.128771 0.170443 0.130692 0.193132 0.200145 0.159626 0.196612 0.173381 0.184569 0.202019 0.207989 0.15304 0.194541 0.193017 0.132389 0.180333 0.157458 0.186579 0.144314 0.118631 0.161205 0.218915 0.159603 0.225826 0.118825 0.103318 0.158752 0.135269 0.139264 0.156064 0.137116 0.192822 0.153408 0.215846 0.172052 0.208441 0.124028 0.155707 0.117404 0.181876 0.0434443 
0.6729 0.19019 0.183887 0.163468 0.157142 0.190345 0.170589 0.611823 0.669335 0.178065 0.641856 0.174393 0.436554 0.146252 0.593693 0.635467 0.156044 0.147075 0.668413 0.678961 0.146201 0.208451 0.156259 0.71217 0.18339 0.642452 0.153484 0.467977 0.163961 0.589329 0.556785 0.174633 0.570832 0.562084 0.579814 0.620171 0.652568 0.176292 0.639189 0.588479 0.157807 0.177018 0.176697 0.551105 0.171141 0.148177 0.481102 0.599099 0.167504 0.648116 0.18727 0.189516 0.174331 0.179063 0.188407 0.16968 0.162834 0.605833 0.17375 0.640651 0.633416 0.532672 0.167265 0.179415 0.193245 0.490924 0.127589 
