116.265 -27.572 -12.103 0.54211 0.69485 0.41786 0.22066 1 115.042 13.19 -9.667 0.52641 -0.74825 0.37784 -0.1423 2 62.558 -40.912 -4.785 0.97217 0.21 -0.06536 -0.08073 3 
116.265 -27.631 -12.085 0.5424 0.69465 0.41768 0.22093 1 115.109 13.128 -9.671 0.5253 -0.74889 0.37854 -0.14122 2 62.557 -40.913 -4.785 0.97217 0.21 -0.06536 -0.08072 3 
116.354 -27.701 -12.131 0.542 0.69483 0.41851 0.21974 1 115.172 13.093 -9.673 0.52546 -0.74843 0.379 -0.14178 2 62.56 -40.911 -4.785 0.97217 0.21001 -0.06536 -0.0807 3 
116.473 -27.782 -12.147 0.54088 0.69566 0.41917 0.21864 1 115.145 12.987 -9.686 0.52646 -0.74729 0.37925 -0.14341 2 62.559 -40.912 -4.783 0.97218 0.20999 -0.06535 -0.08067 3 
116.647 -27.889 -12.17 0.53866 0.69745 0.4207 0.21546 1 115.068 12.895 -9.702 0.52895 -0.74503 0.37964 -0.14496 2 62.559 -40.911 -4.786 0.97217 0.21001 -0.06537 -0.08072 3 
116.815 -28.209 -12.178 0.53494 0.70025 0.42118 0.21471 1 115.053 12.836 -9.688 0.53038 -0.74301 0.38116 -0.14613 2 62.559 -40.912 -4.785 0.97217 0.20999 -0.06537 -0.08071 3 
117.212 -29.481 -12.209 0.50896 0.72202 0.41124 0.2248 1 115.25 12.808 -9.76 0.52441 -0.74387 0.38747 -0.14671 2 62.557 -40.914 -4.784 0.97218 0.20995 -0.06535 -0.08072 3 
118.276 -32.569 -12.603 0.40879 0.78553 0.41914 0.20037 1 115.329 12.877 -9.761 0.51947 -0.74464 0.39156 -0.14949 2 62.555 -40.916 -4.785 0.97218 0.20995 -0.06536 -0.08074 3 
118.631 -34.999 -12.444 0.25198 0.84635 0.46406 0.06967 1 115.181 12.78 -9.734 0.52181 -0.74177 0.39252 -0.15306 2 62.557 -40.911 -4.785 0.97217 0.21002 -0.06534 -0.08071 3 
116.157 -36.631 -11.718 0.15153 0.82398 0.53052 -0.12901 1 114.897 12.618 -9.75 0.52822 -0.73584 0.39308 -0.15815 2 62.556 -40.912 -4.787 0.97217 0.21 -0.06535 -0.08073 3 
110.772 -38.331 -9.769 0.15469 0.81652 0.4974 -0.2489 1 114.772 12.485 -9.76 0.53098 -0.73308 0.39293 -0.16205 2 62.553 -40.913 -4.787 0.97217 0.20998 -0.06534 -0.08074 3 
104.521 -39.059 -7.887 0.15368 0.80048 0.49254 -0.30498 1 114.836 12.373 -9.72 0.5291 -0.73468 0.39096 -0.16567 2 62.551 -40.916 -4.788 0.97218 0.20996 -0.06532 -0.08075 3 
97.804 -39.736 -6.133 0.11742 0.83077 0.44997 -0.30586 1 115.091 12.224 -9.692 0.52323 -0.73807 0.3912 -0.16866 2 62.549 -40.917 -4.787 0.97218 0.20994 -0.0653 -0.08074 3 
90.816 -41.374 -5.973 0.06731 0.83365 0.46588 -0.2889 1 115.443 11.97 -9.648 0.51328 -0.74203 0.39415 -0.17486 2 62.551 -40.915 -4.785 0.97218 0.20996 -0.0653 -0.08074 3 
84.338 -42.622 -7.416 0.00771 0.83916 0.48631 -0.24344 1 115.882 11.603 -9.616 0.50227 -0.74554 0.39649 -0.18625 2 62.541 -40.922 -4.788 0.9722 0.20987 -0.06525 -0.08077 3 
79.401 -43.086 -9.941 -0.03732 0.84794 0.50149 -0.16766 1 116.418 10.998 -9.544 0.48138 -0.75275 0.40069 -0.20269 2 62.549 -40.918 -4.787 0.97218 0.20994 -0.06531 -0.08075 3 
76.1 -43.443 -12.251 -0.07247 0.84024 0.52283 -0.12406 1 116.944 10.399 -9.435 0.4542 -0.76147 0.40638 -0.22073 2 62.556 -40.916 -4.786 0.97218 0.20996 -0.06536 -0.08071 3 
74.012 -43.636 -14.045 -0.10192 0.82404 0.54696 -0.10682 1 117.295 9.807 -9.412 0.43392 -0.76652 0.41139 -0.23432 2 62.542 -40.928 -4.789 0.97221 0.20985 -0.06524 -0.08075 3 
72.841 -43.786 -15.387 -0.13083 0.79727 0.57696 -0.11988 1 117.409 9.227 -9.369 0.41674 -0.77079 0.41471 -0.24541 2 62.54 -40.929 -4.79 0.9722 0.20985 -0.06525 -0.08078 3 
72.181 -43.888 -16.185 -0.14088 0.7781 0.5961 -0.13917 1 117.337 8.764 -9.322 0.40155 -0.77406 0.41824 -0.25428 2 62.535 -40.934 -4.792 0.97221 0.20981 -0.06521 -0.08079 3 
71.74 -43.854 -16.602 -0.14156 0.76873 0.60063 -0.16811 1 117.206 8.351 -9.279 0.39161 -0.77479 0.42087 -0.26308 2 62.25 -41.04 -4.776 0.97254 0.20924 -0.06086 -0.0817 3 
71.233 -43.779 -16.707 -0.13308 0.75265 0.61673 -0.18829 1 117.08 8.068 -9.285 0.38545 -0.77622 0.42186 -0.26635 2 61.781 -41.16 -4.765 0.97191 0.21296 -0.05588 -0.08318 3 
71.008 -43.637 -16.638 -0.13127 0.74581 0.62157 -0.20046 1 117.074 7.916 -9.243 0.38362 -0.77713 0.42187 -0.26633 2 61.657 -41.177 -4.746 0.97091 0.21752 -0.05472 -0.08381 3 
70.899 -43.118 -16.481 -0.14301 0.74092 0.61711 -0.22307 1 117.291 7.802 -9.215 0.37793 -0.7808 0.42231 -0.26301 2 61.34 -41.099 -4.667 0.9659 0.23961 -0.04704 -0.08605 3 
71.261 -42.525 -15.931 -0.1493 0.73775 0.60923 -0.24955 1 117.575 7.806 -9.178 0.37204 -0.7849 0.42216 -0.25941 2 61.536 -41.305 -4.101 0.96046 0.25777 -0.03865 -0.09781 3 
71.455 -42.029 -14.531 -0.1253 0.72447 0.61215 -0.29105 1 117.74 7.859 -9.168 0.36955 -0.78763 0.4227 -0.25378 2 63.561 -41.367 -2.465 0.95397 0.26575 -0.07648 -0.11603 3 
71.66 -41.458 -12.566 -0.08444 0.72396 0.60197 -0.32618 1 117.634 8.004 -9.211 0.37475 -0.78747 0.42304 -0.24594 2 65.439 -40.225 -0.159 0.95221 0.26184 -0.11329 -0.10909 3 
71.934 -40.716 -10.781 -0.0503 0.74646 0.57809 -0.32571 1 117.467 8.29 -9.244 0.38434 -0.78501 0.4233 -0.23845 2 65.963 -37.757 1.65 0.95872 0.24636 -0.12252 -0.07172 3 
72.024 -39.635 -9.773 -0.03407 0.78074 0.54388 -0.30574 1 117.524 8.588 -9.355 0.39126 -0.78333 0.42378 -0.23178 2 65.114 -34.372 2.348 0.96554 0.23625 -0.10815 -0.01464 3 
71.754 -38.097 -9.262 -0.02778 0.82352 0.4979 -0.27042 1 117.784 8.936 -9.418 0.39439 -0.78244 0.42476 -0.22762 2 63.35 -30.147 2.046 0.96859 0.22701 -0.08268 0.05879 3 
71.445 -36.053 -8.978 -0.02097 0.87632 0.42132 -0.23263 1 118.259 9.31 -9.456 0.39316 -0.78312 0.42706 -0.2231 2 61.378 -24.531 0.786 0.9585 0.22297 -0.05394 0.16926 3 
71.096 -34.012 -8.888 -0.00506 0.92371 0.32633 -0.20059 1 118.869 9.702 -9.475 0.38816 -0.7855 0.43057 -0.21664 2 60.059 -19.063 -1.221 0.93038 0.21515 -0.03529 0.29472 3 
70.67 -32.406 -8.916 0.0058 0.95341 0.24852 -0.17091 1 119.46 10.067 -9.474 0.38265 -0.78833 0.43359 -0.21004 2 58.971 -15.47 -3.174 0.89763 0.20128 -0.01178 0.39193 3 
70.349 -31.421 -8.992 0.00539 0.9686 0.19808 -0.15018 1 119.986 10.385 -9.531 0.37715 -0.79093 0.43714 -0.20271 2 58.14 -13.762 -4.516 0.8722 0.19377 0.00938 0.44904 3 
70.077 -31.012 -9.051 0.00218 0.97989 0.15224 -0.12899 1 120.405 10.702 -9.544 0.37336 -0.79239 0.44044 -0.19682 2 57.429 -12.93 -5.804 0.84507 0.18556 0.03336 0.50032 3 
69.951 -30.959 -9.039 -0.00179 0.98823 0.10505 -0.11116 1 120.756 10.975 -9.591 0.36968 -0.79399 0.44281 -0.19192 2 57 -12.648 -7.066 0.81223 0.17719 0.05524 0.55302 3 
69.867 -31.085 -8.947 -0.00319 0.99265 0.07133 -0.0977 1 120.929 11.228 -9.637 0.3695 -0.79314 0.44583 -0.18876 2 56.88 -12.721 -7.891 0.78732 0.16812 0.0698 0.58906 3 
69.857 -31.124 -8.802 -0.00675 0.99515 0.03931 -0.08995 1 121.009 11.385 -9.685 0.37275 -0.79067 0.44786 -0.18794 2 56.821 -12.892 -8.582 0.76198 0.16287 0.08032 0.62162 3 
69.859 -31.126 -8.52 -0.01059 0.99619 0.00036 -0.0866 1 121.115 11.572 -9.707 0.37358 -0.78969 0.44977 -0.18586 2 56.759 -13.189 -9.292 0.7285 0.15953 0.08918 0.66021 3 
69.825 -31.083 -8.119 -0.0106 0.99536 -0.03154 -0.09034 1 121.204 11.63 -9.733 0.37392 -0.78918 0.4517 -0.18263 2 56.724 -13.461 -9.658 0.70006 0.15921 0.08955 0.69032 3 
69.837 -30.893 -7.608 -0.00325 0.9929 -0.06578 -0.09907 1 121.247 11.676 -9.756 0.37538 -0.78813 0.45319 -0.18045 2 56.965 -13.54 -9.921 0.67106 0.157 0.07886 0.72029 3 
69.71 -30.543 -7.138 0.00493 0.9896 -0.0954 -0.10753 1 121.281 11.661 -9.796 0.37671 -0.78706 0.45492 -0.17798 2 57.022 -13.51 -10.154 0.64233 0.15499 0.06992 0.74733 3 
69.494 -30.202 -6.773 0.01235 0.98717 -0.11093 -0.11423 1 121.385 11.605 -9.834 0.37644 -0.78701 0.45636 -0.17505 2 57.018 -13.282 -10.119 0.62917 0.15341 0.05922 0.75967 3 
69.402 -29.839 -6.426 0.01588 0.98388 -0.12608 -0.12585 1 121.572 11.596 -9.846 0.37305 -0.78816 0.45824 -0.17218 2 56.902 -13.137 -10.071 0.61385 0.15861 0.04722 0.77188 3 
69.265 -29.565 -6.115 0.01712 0.98096 -0.13816 -0.13544 1 121.711 11.602 -9.855 0.37093 -0.78879 0.45964 -0.17017 2 56.676 -13.088 -10.026 0.59993 0.16333 0.03923 0.78222 3 
69.206 -29.465 -5.896 0.01809 0.97945 -0.14268 -0.14143 1 121.79 11.649 -9.867 0.37116 -0.78855 0.46012 -0.16945 2 56.628 -13.016 -9.885 0.59569 0.16565 0.03205 0.7853 3 
69.32 -29.453 -5.817 0.01856 0.97861 -0.14647 -0.14325 1 121.838 11.717 -9.881 0.37131 -0.78819 0.46041 -0.17003 2 56.753 -13.066 -9.893 0.59151 0.1661 0.02891 0.78847 3 
69.45 -29.369 -5.814 0.02175 0.97746 -0.15538 -0.14123 1 121.862 11.806 -9.902 0.3731 -0.78718 0.46034 -0.17099 2 57.106 -13.132 -10.109 0.58298 0.15949 0.0262 0.79625 3 
69.524 -29.334 -5.761 0.02091 0.97746 -0.15523 -0.14159 1 121.879 11.858 -9.91 0.37477 -0.78599 0.46053 -0.1723 2 57.147 -13.107 -10.073 0.58241 0.16048 0.02617 0.79647 3 
69.557 -29.443 -5.7 0.01702 0.97813 -0.14985 -0.14322 1 121.979 11.879 -9.89 0.37503 -0.78581 0.46037 -0.17298 2 57.008 -13.161 -9.899 0.58664 0.16513 0.02752 0.79236 3 
69.685 -29.559 -5.668 0.01459 0.97826 -0.14867 -0.14383 1 122.074 11.928 -9.9 0.37453 -0.7861 0.46036 -0.17275 2 57.034 -13.265 -9.821 0.58824 0.1681 0.02771 0.79053 3 
69.775 -29.608 -5.654 0.01501 0.97811 -0.15016 -0.14326 1 122.13 11.883 -9.909 0.37557 -0.78545 0.46043 -0.17328 2 57.165 -13.33 -9.846 0.5872 0.16685 0.0269 0.7916 3 
69.861 -29.599 -5.648 0.01596 0.97796 -0.15114 -0.14317 1 122.175 11.856 -9.881 0.37747 -0.78444 0.46018 -0.17439 2 57.293 -13.32 -9.862 0.5865 0.16598 0.02598 0.79233 3 
69.86 -29.61 -5.679 0.01618 0.97825 -0.14971 -0.14266 1 122.262 11.77 -9.896 0.37656 -0.78502 0.45995 -0.17433 2 57.306 -13.29 -9.866 0.58788 0.16573 0.02616 0.79136 3 
69.817 -29.738 -5.796 0.01631 0.98069 -0.13621 -0.13938 1 122.345 11.733 -9.891 0.37573 -0.78588 0.45911 -0.17447 2 57.39 -13.115 -9.748 0.59995 0.16322 0.0271 0.78274 3 
69.863 -30.114 -5.953 0.01512 0.98407 -0.10719 -0.14103 1 122.339 11.656 -9.887 0.3751 -0.78691 0.45769 -0.17493 2 57.48 -12.893 -9.287 0.62591 0.16661 0.02402 0.76151 3 
69.998 -30.945 -6.086 0.01806 0.98752 -0.04894 -0.14863 1 122.252 11.559 -9.845 0.37475 -0.78735 0.4562 -0.17753 2 57.904 -12.626 -8.127 0.67685 0.17244 0.00939 0.71558 3 
70.163 -31.847 -6.206 0.01532 0.98628 0.02754 -0.16207 1 122.04 11.431 -9.816 0.37639 -0.78681 0.45427 -0.18138 2 58.288 -12.735 -6.381 0.73875 0.18716 -0.01059 0.64738 3 
70.356 -32.974 -6.323 0.01424 0.97428 0.13124 -0.18264 1 121.785 11.308 -9.79 0.37858 -0.78619 0.45219 -0.18467 2 59.11 -13.671 -3.98 0.80822 0.20127 -0.04024 0.55196 3 
70.687 -34.788 -6.745 -0.00323 0.93966 0.27348 -0.20554 1 121.549 11.198 -9.753 0.38016 -0.78581 0.44978 -0.1889 2 60.528 -17.393 -0.774 0.88905 0.21758 -0.07485 0.39578 3 
70.918 -36.873 -7.664 -0.02649 0.88606 0.40556 -0.22299 1 121.401 11.061 -9.727 0.38007 -0.78645 0.44653 -0.19407 2 62.061 -23.232 1.277 0.94121 0.22161 -0.0984 0.23523 3 
70.767 -38.847 -8.989 -0.04545 0.83889 0.49359 -0.22486 1 121.231 10.8 -9.634 0.37785 -0.78782 0.44302 -0.20075 2 62.853 -28.503 1.475 0.9627 0.21557 -0.10749 0.12322 3 
70.678 -40.213 -10.541 -0.06152 0.80116 0.55102 -0.22525 1 121.061 10.575 -9.49 0.37479 -0.78967 0.43795 -0.21014 2 63.043 -32.494 0.711 0.9702 0.21421 -0.10384 0.04518 3 
70.682 -41.003 -12.071 -0.08345 0.76456 0.59566 -0.2317 1 120.834 10.178 -9.4 0.37183 -0.79163 0.43285 -0.21841 2 63.212 -35.931 -0.389 0.96925 0.22339 -0.10052 -0.02342 3 
70.569 -41.525 -13.263 -0.10017 0.74062 0.62015 -0.23844 1 120.676 9.808 -9.296 0.36477 -0.79497 0.42781 -0.2279 2 63.18 -38.242 -1.432 0.96546 0.23227 -0.09726 -0.06697 3 
70.172 -41.938 -14.097 -0.10808 0.73866 0.62272 -0.23436 1 120.525 9.309 -9.244 0.35953 -0.7966 0.42477 -0.23607 2 62.56 -38.915 -2.284 0.96494 0.23476 -0.09106 -0.07406 3 
69.783 -42.299 -14.763 -0.11485 0.74565 0.61649 -0.22527 1 120.414 8.83 -9.133 0.35514 -0.79795 0.42115 -0.2445 2 61.744 -38.949 -3.023 0.9662 0.23513 -0.08247 -0.06606 3 
69.664 -42.609 -15.367 -0.12461 0.74593 0.61759 -0.21596 1 120.376 8.392 -9.085 0.34783 -0.8006 0.41951 -0.24914 2 61.102 -39.434 -3.688 0.96686 0.23587 -0.06949 -0.06873 3 
69.765 -42.886 -15.832 -0.13591 0.74679 0.61619 -0.21011 1 120.271 7.934 -9.027 0.34355 -0.80207 0.41857 -0.25192 2 60.663 -39.811 -4.218 0.96679 0.23976 -0.05688 -0.06778 3 
69.999 -43.154 -16.153 -0.13929 0.7459 0.61739 -0.2075 1 120.116 7.62 -9.044 0.34191 -0.80207 0.41811 -0.25488 2 60.754 -40.252 -4.541 0.96658 0.24039 -0.05342 -0.07127 3 
70.175 -43.362 -16.319 -0.14829 0.73676 0.62414 -0.21365 1 119.938 7.461 -9.018 0.34418 -0.80011 0.41692 -0.2599 2 61.005 -41.264 -4.673 0.96297 0.24934 -0.0527 -0.08802 3 
70.466 -43.078 -16.336 -0.153 0.73902 0.61865 -0.21843 1 119.747 7.382 -9.018 0.34989 -0.79818 0.41462 -0.26187 2 61.453 -40.976 -4.706 0.96001 0.25994 -0.05933 -0.08534 3 
70.696 -43.156 -16.197 -0.14795 0.73645 0.63277 -0.18805 1 119.588 7.451 -9.031 0.3569 -0.79857 0.41167 -0.2558 2 61.428 -41.024 -4.719 0.96002 0.25995 -0.05898 -0.08547 3 
72.848 -44.22 -15.36 -0.12433 0.73623 0.63864 -0.18613 1 119.392 7.693 -9.003 0.36582 -0.80015 0.40704 -0.24545 2 61.465 -41.018 -4.725 0.95998 0.25995 -0.05977 -0.08538 3 
78.088 -47.128 -14.164 -0.08824 0.73497 0.63191 -0.22962 1 119.147 8.129 -9.1 0.37766 -0.79794 0.40557 -0.23704 2 61.509 -40.99 -4.722 0.95993 0.26005 -0.06036 -0.08522 3 
85.766 -48.903 -12.941 -0.01532 0.76099 0.60872 -0.22388 1 118.714 8.614 -9.261 0.39814 -0.78804 0.40731 -0.23363 2 61.505 -40.999 -4.725 0.95992 0.26011 -0.0603 -0.08523 3 
94.566 -48.348 -12.47 0.03691 0.79506 0.58343 -0.16164 1 118.117 9.114 -9.385 0.42388 -0.77397 0.40898 -0.23245 2 61.487 -41.007 -4.726 0.95995 0.25999 -0.0602 -0.08528 3 
102.337 -45.118 -12.116 0.09982 0.82639 0.55121 -0.05725 1 117.494 9.385 -9.504 0.44904 -0.76048 0.40842 -0.23069 2 61.501 -40.992 -4.728 0.95992 0.26007 -0.06035 -0.08527 3 
109.106 -40.086 -12.126 0.18981 0.81893 0.53044 0.10936 1 117.028 9.747 -9.587 0.46995 -0.74936 0.40714 -0.22771 2 61.489 -41.002 -4.724 0.95994 0.26002 -0.06021 -0.08527 3 
114.299 -36.748 -11.97 0.33632 0.79275 0.41622 0.29188 1 116.761 10.097 -9.634 0.48579 -0.74176 0.4062 -0.2209 2 61.49 -41.001 -4.725 0.95995 0.26 -0.06027 -0.08526 3 
117.531 -33.586 -11.078 0.51175 0.73413 0.30666 0.32424 1 116.638 10.483 -9.663 0.49798 -0.73781 0.40269 -0.21331 2 61.492 -40.997 -4.721 0.95993 0.26005 -0.06026 -0.08524 3 
119.67 -28.827 -12.036 0.47275 0.70485 0.4577 0.26494 1 116.835 10.768 -9.705 0.50507 -0.73669 0.4016 -0.20227 2 61.488 -40.998 -4.727 0.95994 0.26003 -0.06024 -0.08528 3 
119.253 -28.896 -12.044 0.48704 0.69276 0.45206 0.2802 1 118.163 11.489 -9.534 0.49 -0.74752 0.40255 -0.19763 2 61.495 -40.996 -4.724 0.95992 0.26008 -0.06026 -0.08527 3 
116.48 -29.219 -11.685 0.48776 0.6735 0.37932 0.4057 1 119.477 13.331 -8.787 0.47021 -0.78317 0.34609 -0.21392 2 61.475 -41.015 -4.729 0.95998 0.25989 -0.06014 -0.08531 3 
112.693 -29.003 -13.149 0.28972 0.62342 0.49189 0.53428 1 119.821 18.597 -8.103 0.36188 -0.864 0.31151 -0.15968 2 61.489 -41.006 -4.729 0.95995 0.25999 -0.06023 -0.08529 3 
109.932 -21.996 -12.5 0.30115 0.57153 0.65353 0.39441 1 118.716 25.918 -7.962 0.13094 -0.92333 0.35171 -0.08134 2 61.479 -41.013 -4.725 0.95997 0.25993 -0.06014 -0.08529 3 
105.966 -15.741 -12.685 0.34875 0.42242 0.55526 0.6258 1 115.864 32.872 -8.077 -0.0413 -0.89607 0.44065 -0.03436 2 61.484 -41.009 -4.73 0.95995 0.25999 -0.06016 -0.08533 3 
98.892 -9.082 -11.801 0.31823 0.42898 0.64676 0.54444 1 111.844 39.572 -8.218 -0.1578 -0.86786 0.46864 -0.04788 2 61.49 -40.998 -4.724 0.95995 0.26 -0.06027 -0.08525 3 
92.052 5.059 -7.797 0.37239 0.57198 0.64577 0.34227 1 107.67 45.763 -8.345 -0.22647 -0.85307 0.46634 -0.05934 2 61.487 -40.982 -4.72 0.95994 0.26004 -0.0603 -0.08522 3 
88.979 18.139 -5.975 0.42201 0.72036 0.46359 0.29677 1 103.681 50.781 -9.034 -0.25688 -0.82342 0.50414 -0.04283 2 61.492 -40.977 -4.719 0.95993 0.26008 -0.06032 -0.08519 3 
85.301 29.438 -6.762 0.43397 0.78192 0.33051 0.30173 1 100.197 54.208 -9.71 -0.26822 -0.81024 0.51463 -0.08206 2 61.487 -40.981 -4.716 0.95994 0.26006 -0.06031 -0.08517 3 
80.694 36.491 -9.585 0.39503 0.77223 0.28775 0.40598 1 98.334 56.099 -9.601 -0.28523 -0.80966 0.49455 -0.13606 2 61.494 -40.971 -4.715 0.95992 0.26013 -0.06031 -0.08518 3 
79.099 39.565 -11.808 0.37895 0.74611 0.26198 0.48071 1 96.901 57.774 -10.326 -0.2883 -0.79722 0.50623 -0.15827 2 61.494 -40.972 -4.714 0.95993 0.26009 -0.06032 -0.08516 3 
78.352 40.745 -12.725 0.3679 0.7522 0.25 0.48616 1 96.275 58.419 -10.592 -0.30522 -0.79588 0.49517 -0.168 2 61.487 -40.976 -4.715 0.95993 0.26006 -0.0603 -0.08518 3 
78.221 41.449 -12.502 0.36125 0.73901 0.24088 0.51511 1 94.851 59.06 -12.621 -0.28514 -0.79254 0.50891 -0.17774 2 61.493 -40.97 -4.716 0.95993 0.26009 -0.06036 -0.08516 3 
78.012 41.939 -13.481 0.34586 0.73604 0.22909 0.53492 1 94.491 59.119 -11.589 -0.29135 -0.79693 0.49701 -0.18163 2 61.495 -40.967 -4.717 0.95991 0.26015 -0.06034 -0.08519 3 
78.096 41.695 -14.076 0.3242 0.73044 0.23131 0.55484 1 93.493 59.763 -11.426 -0.29659 -0.79954 0.48647 -0.19004 2 61.487 -40.976 -4.718 0.95994 0.26005 -0.06034 -0.08518 3 
77.823 42.135 -13.436 0.30581 0.72268 0.24603 0.56893 1 92.551 59.823 -12.907 -0.30223 -0.79734 0.48297 -0.19911 2 61.491 -40.973 -4.716 0.95993 0.26008 -0.06033 -0.08516 3 
77.67 42.178 -13.924 0.30156 0.72212 0.23946 0.57469 1 91.755 60.565 -12.605 -0.306 -0.7981 0.474 -0.2115 2 61.488 -40.975 -4.72 0.95993 0.26008 -0.06033 -0.0852 3 
