117.973 -25.551 -12.952 0.44302 0.70956 0.49551 0.23391 1 116.791 14.024 -9.679 0.47481 -0.79143 0.37141 -0.10124 2 46.577 -28.686 7.529 0.97185 0.11025 -0.17401 -0.11432 3 
117.933 -25.533 -12.953 0.44336 0.70993 0.49599 0.23114 1 116.674 14.024 -9.713 0.47557 -0.79084 0.37204 -0.09994 2 46.577 -28.685 7.528 0.97185 0.11024 -0.17403 -0.11432 3 
117.918 -25.508 -12.977 0.44296 0.71103 0.4962 0.22805 1 116.588 14.022 -9.722 0.47625 -0.79032 0.37243 -0.09933 2 46.577 -28.685 7.527 0.97185 0.11026 -0.17403 -0.11433 3 
117.963 -25.476 -12.981 0.44175 0.71202 0.49715 0.22523 1 116.489 14.032 -9.726 0.47753 -0.7893 0.37288 -0.09966 2 46.576 -28.686 7.529 0.97185 0.11024 -0.17401 -0.11431 3 
118.006 -25.469 -12.996 0.44075 0.71284 0.49851 0.22156 1 116.41 13.999 -9.731 0.47855 -0.78849 0.37321 -0.09989 2 46.576 -28.686 7.528 0.97185 0.11023 -0.17402 -0.11433 3 
118.011 -25.444 -13.008 0.44057 0.71328 0.49907 0.21923 1 116.348 14.051 -9.738 0.47917 -0.78814 0.37318 -0.09984 2 46.576 -28.686 7.528 0.97185 0.11023 -0.17401 -0.11432 3 
118.04 -25.422 -12.986 0.44005 0.71459 0.498 0.21845 1 116.221 14.065 -9.723 0.47879 -0.78827 0.3731 -0.10094 2 46.576 -28.686 7.528 0.97185 0.11023 -0.17401 -0.11432 3 
118.116 -25.388 -13.032 0.43618 0.71557 0.50278 0.21194 1 116.091 14.111 -9.731 0.47979 -0.78803 0.37191 -0.10238 2 46.576 -28.686 7.528 0.97185 0.11024 -0.17401 -0.11432 3 
117.961 -25.599 -12.929 0.43887 0.7174 0.49405 0.22053 1 116.135 14.241 -9.723 0.47748 -0.78891 0.37334 -0.10128 2 46.577 -28.686 7.528 0.97185 0.11024 -0.17401 -0.11431 3 
118.189 -26.727 -12.393 0.43095 0.7395 0.45939 0.23746 1 116.324 14.35 -9.704 0.47079 -0.78981 0.3792 -0.10375 2 46.576 -28.686 7.528 0.97185 0.11023 -0.17402 -0.11431 3 
119.159 -29.066 -11.536 0.36139 0.805 0.42847 0.19439 1 116.336 14.466 -9.703 0.46627 -0.78781 0.38678 -0.11115 2 46.576 -28.686 7.529 0.97186 0.11023 -0.17399 -0.11431 3 
120.639 -31.634 -10.029 0.23763 0.87119 0.42316 0.0741 1 116.178 14.511 -9.735 0.47047 -0.77939 0.39574 -0.12085 2 46.576 -28.686 7.528 0.97185 0.11023 -0.17401 -0.11432 3 
120.725 -33.899 -8.155 0.16254 0.8543 0.47729 -0.1263 1 116.214 14.596 -9.753 0.47246 -0.77244 0.4037 -0.13094 2 46.576 -28.686 7.529 0.97186 0.11023 -0.174 -0.11431 3 
117.795 -37.009 -5.891 0.19142 0.80232 0.50531 -0.25359 1 116.565 14.816 -9.736 0.47023 -0.76856 0.41107 -0.13864 2 46.576 -28.686 7.528 0.97185 0.11023 -0.17401 -0.11432 3 
113.845 -37.732 -2.456 0.25251 0.80821 0.45649 -0.27324 1 117.531 15.023 -9.667 0.45598 -0.77117 0.41867 -0.14861 2 46.577 -28.686 7.528 0.97185 0.11024 -0.17401 -0.11432 3 
109.016 -38.532 0.939 0.29662 0.78634 0.45656 -0.29196 1 118.511 15.012 -9.65 0.44515 -0.7733 0.42497 -0.1525 2 46.575 -28.687 7.529 0.97186 0.11021 -0.174 -0.11432 3 
103.258 -39.44 4.251 0.26054 0.82414 0.40522 -0.29784 1 119.179 14.655 -9.689 0.44244 -0.77401 0.42722 -0.15047 2 46.577 -28.685 7.526 0.97185 0.11025 -0.17403 -0.11432 3 
94.429 -41.159 6.249 0.25363 0.77485 0.48082 -0.32263 1 119.831 13.909 -9.66 0.43234 -0.77988 0.42722 -0.14951 2 46.576 -28.686 7.528 0.97185 0.11024 -0.174 -0.11432 3 
84.011 -40.949 6.757 0.23584 0.77633 0.49862 -0.30506 1 120.478 13.057 -9.593 0.41856 -0.78742 0.42647 -0.15135 2 46.577 -28.685 7.528 0.97185 0.11024 -0.17401 -0.11431 3 
73.444 -39.918 4.857 0.185 0.80741 0.50658 -0.23923 1 121.079 12.004 -9.6 0.39771 -0.79803 0.42564 -0.15426 2 46.576 -28.686 7.527 0.97185 0.11024 -0.17401 -0.11433 3 
64.599 -38.574 1.556 0.14505 0.82486 0.51878 -0.17156 1 121.613 10.709 -9.526 0.36683 -0.81094 0.42654 -0.16087 2 46.577 -28.685 7.529 0.97186 0.11026 -0.17401 -0.11429 3 
58.125 -36.797 -1.706 0.12589 0.82955 0.53198 -0.11401 1 121.667 9.334 -9.425 0.33212 -0.82269 0.43065 -0.16556 2 46.576 -28.685 7.528 0.97185 0.11024 -0.17402 -0.11432 3 
53.893 -35.481 -4.054 0.11106 0.81622 0.55904 -0.09445 1 121.113 8.131 -9.405 0.30333 -0.83092 0.43405 -0.17079 2 46.576 -28.686 7.528 0.97186 0.11023 -0.174 -0.11431 3 
50.582 -34.14 -5.574 0.10877 0.78389 0.60279 -0.10163 1 120.311 7.163 -9.343 0.28641 -0.83496 0.43574 -0.17591 2 46.576 -28.686 7.528 0.97186 0.11024 -0.174 -0.11431 3 
48.557 -32.973 -6.381 0.11529 0.74001 0.64629 -0.14629 1 119.377 6.47 -9.278 0.27475 -0.83715 0.43634 -0.18248 2 46.511 -28.692 7.541 0.97203 0.11003 -0.17308 -0.11439 3 
47.839 -32.601 -6.689 0.1257 0.70022 0.67903 -0.18117 1 118.741 6.206 -9.209 0.26664 -0.83838 0.437 -0.18722 2 45.808 -28.815 7.626 0.97201 0.11705 -0.16602 -0.11806 3 
47.626 -32.484 -6.698 0.13229 0.68771 0.68714 -0.19336 1 118.088 6.176 -9.208 0.2681 -0.8363 0.43763 -0.1929 2 45.726 -28.803 7.649 0.97167 0.12008 -0.16498 -0.11922 3 
47.948 -32.263 -6.517 0.12054 0.68787 0.68503 -0.20745 1 117.709 6.466 -9.2 0.27538 -0.83323 0.43833 -0.19431 2 45.915 -28.752 7.637 0.96907 0.13787 -0.16449 -0.12184 3 
49.887 -32.298 -6.226 0.11408 0.68978 0.67495 -0.23587 1 117.373 6.888 -9.205 0.27974 -0.83468 0.43475 -0.18983 2 47.74 -28.978 7.864 0.96541 0.16294 -0.16143 -0.12399 3 
53.385 -33.349 -5.401 0.15205 0.68034 0.66227 -0.2746 1 117.091 7.447 -9.198 0.28602 -0.83251 0.434 -0.19173 2 52.872 -30.364 8.737 0.95927 0.16351 -0.18781 -0.13339 3 
57.927 -35.098 -4.279 0.17701 0.70287 0.62152 -0.29725 1 116.628 8.151 -9.233 0.30242 -0.82612 0.43306 -0.19631 2 58.309 -29.962 9.643 0.95799 0.17524 -0.21074 -0.08447 3 
62.634 -36.746 -3.766 0.17076 0.74454 0.57104 -0.30069 1 116.276 8.817 -9.278 0.31827 -0.82036 0.43223 -0.19722 2 62.007 -28.691 9.54 0.95791 0.20306 -0.20249 -0.01317 3 
67.045 -37.826 -4.283 0.1438 0.78437 0.53555 -0.27798 1 116.02 9.506 -9.377 0.33589 -0.81389 0.43035 -0.19889 2 63.991 -27.853 8.133 0.95953 0.2247 -0.16403 0.04363 3 
70.397 -37.927 -5.457 0.09509 0.82948 0.49604 -0.23845 1 115.887 10.161 -9.449 0.35467 -0.80633 0.42869 -0.20068 2 63.352 -26.59 5.703 0.9585 0.25067 -0.09015 0.10157 3 
72.106 -37.295 -6.596 0.0548 0.88273 0.4257 -0.19121 1 116.064 10.698 -9.473 0.36623 -0.80262 0.42648 -0.19951 2 61.493 -23.675 2.554 0.9401 0.27574 -0.02598 0.19878 3 
72.546 -36.156 -7.42 0.03281 0.93014 0.33573 -0.14505 1 116.538 11.224 -9.475 0.37007 -0.80327 0.42401 -0.19499 2 59.582 -20.268 -0.649 0.90536 0.28694 0.01983 0.31239 3 
72.169 -35.063 -7.887 0.02853 0.96538 0.23615 -0.1071 1 117.161 11.569 -9.476 0.36857 -0.80626 0.42314 -0.18723 2 58.233 -17.381 -3.584 0.8576 0.283 0.04453 0.42714 3 
71.371 -34.377 -7.937 0.02721 0.98538 0.14794 -0.07997 1 117.798 11.805 -9.453 0.36371 -0.80966 0.42394 -0.18008 2 57.199 -15.872 -5.809 0.8062 0.27213 0.05801 0.52213 3 
70.427 -33.953 -7.552 0.02804 0.99463 0.06872 -0.07207 1 118.344 11.936 -9.512 0.36023 -0.81138 0.42553 -0.17556 2 56.43 -15.28 -7.205 0.75435 0.26447 0.05399 0.59841 3 
69.674 -33.567 -6.775 0.03562 0.99632 0.00749 -0.07763 1 118.725 11.927 -9.541 0.3564 -0.81258 0.42804 -0.1717 2 56.16 -14.923 -7.799 0.7117 0.25666 0.03447 0.65301 3 
69.321 -33.01 -5.839 0.03969 0.99294 -0.04981 -0.10003 1 118.917 11.911 -9.578 0.35598 -0.81223 0.43009 -0.16908 2 55.961 -14.714 -7.928 0.6696 0.2628 0.00358 0.69466 3 
69.162 -32.324 -4.895 0.04598 0.98389 -0.12062 -0.1237 1 118.965 11.884 -9.599 0.35717 -0.81147 0.43116 -0.16746 2 55.909 -14.742 -8.339 0.6121 0.26474 -0.03173 0.74447 3 
69.007 -31.463 -4.097 0.06081 0.97167 -0.17853 -0.14244 1 118.942 11.851 -9.59 0.35929 -0.81064 0.43159 -0.16581 2 56.161 -14.558 -8.688 0.56316 0.25602 -0.06733 0.7828 3 
68.834 -30.888 -3.47 0.07151 0.96553 -0.19504 -0.15681 1 118.917 11.885 -9.621 0.36042 -0.81035 0.43192 -0.16393 2 56.249 -13.972 -8.302 0.55276 0.25694 -0.09141 0.78745 3 
68.69 -30.504 -2.888 0.07566 0.96014 -0.20824 -0.17044 1 118.943 11.932 -9.603 0.35913 -0.811 0.4323 -0.16253 2 56.13 -13.654 -7.922 0.54218 0.26145 -0.10983 0.79096 3 
68.55 -30.383 -2.452 0.07562 0.95667 -0.2179 -0.1777 1 118.965 11.974 -9.64 0.35954 -0.8109 0.43268 -0.16115 2 55.894 -13.666 -7.675 0.53317 0.26509 -0.1179 0.7947 3 
68.62 -30.423 -2.274 0.07621 0.95549 -0.21851 -0.18301 1 118.953 12.023 -9.621 0.35959 -0.81058 0.43301 -0.16174 2 55.945 -13.653 -7.48 0.5321 0.26859 -0.12433 0.79327 3 
68.705 -30.495 -2.477 0.07943 0.95781 -0.21159 -0.17753 1 118.858 12 -9.646 0.36148 -0.80922 0.43313 -0.16397 2 56.27 -13.599 -7.644 0.53697 0.26183 -0.12212 0.79259 3 
68.72 -30.867 -3.171 0.08705 0.96859 -0.17187 -0.15724 1 118.786 12.039 -9.642 0.36262 -0.80861 0.43242 -0.16635 2 56.986 -13.244 -7.845 0.56886 0.24391 -0.10499 0.77838 3 
68.704 -31.491 -4.264 0.09189 0.98277 -0.08941 -0.13311 1 118.728 12.014 -9.61 0.36194 -0.80896 0.43109 -0.16953 2 57.592 -12.564 -7.576 0.63261 0.2296 -0.07508 0.73583 3 
68.886 -32.095 -5.29 0.09841 0.98698 0.03052 -0.12354 1 118.6 11.938 -9.589 0.36144 -0.80935 0.42942 -0.17298 2 58.377 -11.795 -6.214 0.71918 0.22504 -0.0599 0.65463 3 
68.862 -33.024 -5.912 0.11419 0.96489 0.19948 -0.12707 1 118.403 11.806 -9.543 0.36143 -0.80908 0.42824 -0.17714 2 59.918 -12.303 -3.058 0.82704 0.21355 -0.07476 0.51459 3 
68.333 -34.74 -6.362 0.12542 0.90549 0.381 -0.13854 1 118.181 11.674 -9.547 0.36234 -0.80868 0.42706 -0.17991 2 61.803 -16.591 0.853 0.92025 0.18939 -0.10862 0.32476 3 
67.555 -35.963 -6.412 0.12793 0.83562 0.50489 -0.17452 1 117.934 11.505 -9.511 0.36104 -0.80906 0.42699 -0.18095 2 63.024 -21.92 3.795 0.95856 0.18302 -0.14232 0.16557 3 
66.142 -36.495 -5.887 0.13045 0.78194 0.57201 -0.21061 1 117.603 11.352 -9.506 0.36266 -0.80794 0.4275 -0.18155 2 63.648 -25.974 5.933 0.96513 0.18226 -0.17853 0.05852 3 
63.989 -36.597 -5.145 0.12148 0.74157 0.61099 -0.24902 1 117.309 11.163 -9.55 0.36383 -0.80696 0.42818 -0.18191 2 63.105 -28.934 7.644 0.95696 0.19986 -0.2096 -0.01861 3 
61.101 -36.498 -4.561 0.10148 0.72068 0.62899 -0.2733 1 117.225 11.101 -9.579 0.3613 -0.80773 0.42881 -0.18208 2 61.107 -30.513 8.695 0.9455 0.22335 -0.22868 -0.06211 3 
57.877 -36.043 -4.151 0.08631 0.7056 0.64556 -0.27916 1 117.335 10.962 -9.519 0.3526 -0.81089 0.4299 -0.1825 2 57.937 -31.261 9.486 0.94169 0.23191 -0.226 -0.09148 3 
54.958 -34.883 -4.01 0.08873 0.67585 0.67839 -0.27411 1 117.438 10.787 -9.505 0.34159 -0.81443 0.43208 -0.18255 2 55.3 -32.215 10.045 0.94122 0.21408 -0.21994 -0.14106 3 
52.771 -33.214 -4.379 0.07475 0.65479 0.7044 -0.26359 1 117.438 10.603 -9.473 0.33224 -0.81736 0.43416 -0.1818 2 52.449 -32.204 9.824 0.94198 0.20391 -0.20066 -0.17557 3 
51.167 -31.852 -4.899 0.05751 0.66841 0.69838 -0.24937 1 117.454 10.386 -9.422 0.32114 -0.82105 0.43611 -0.18041 2 49.753 -30.373 9.255 0.94716 0.20748 -0.1835 -0.16178 3 
50.073 -30.937 -5.465 0.04717 0.69092 0.68313 -0.23183 1 117.464 10.258 -9.426 0.31175 -0.82366 0.43832 -0.17965 2 47.74 -28.262 8.499 0.95353 0.20844 -0.17245 -0.13267 3 
49.436 -30.455 -5.96 0.03357 0.70519 0.67409 -0.21723 1 117.415 10.124 -9.435 0.30641 -0.82424 0.44074 -0.18024 2 46.098 -27.214 7.796 0.95788 0.21152 -0.15495 -0.1171 3 
49.188 -30.466 -6.144 0.0374 0.69835 0.67945 -0.22192 1 117.314 10.006 -9.459 0.30198 -0.82398 0.44367 -0.18171 2 46.322 -27.54 7.663 0.95551 0.21018 -0.16421 -0.12594 3 
49.161 -30.676 -6.206 0.04238 0.69524 0.68299 -0.21993 1 117.188 9.949 -9.456 0.30238 -0.82221 0.4458 -0.18386 2 46.395 -27.841 7.631 0.95664 0.2027 -0.1645 -0.12921 3 
49.176 -30.696 -6.206 0.0438 0.69556 0.68387 -0.21586 1 117.194 9.886 -9.447 0.30435 -0.82187 0.44588 -0.1819 2 46.389 -27.883 7.626 0.95688 0.20169 -0.16413 -0.12949 3 
49.63 -30.777 -6.185 0.05398 0.69907 0.68875 -0.18445 1 117.454 9.775 -9.393 0.30537 -0.82445 0.44235 -0.17707 2 46.367 -27.885 7.625 0.95692 0.20158 -0.16393 -0.12959 3 
53.214 -32.652 -5.804 0.09567 0.67083 0.70403 -0.21253 1 117.936 9.796 -9.374 0.30482 -0.82795 0.4387 -0.17069 2 46.368 -27.886 7.621 0.95691 0.20163 -0.16388 -0.12963 3 
62.112 -35.677 -4.905 0.18017 0.62484 0.70796 -0.27551 1 118.287 9.933 -9.408 0.31143 -0.82711 0.43739 -0.16611 2 46.364 -27.892 7.625 0.95693 0.20157 -0.16387 -0.12962 3 
74.216 -35.418 -4.959 0.30408 0.6447 0.67912 -0.17518 1 118.229 10.166 -9.475 0.33015 -0.82207 0.43287 -0.16682 2 46.361 -27.888 7.621 0.95693 0.20156 -0.16388 -0.12965 3 
86.25 -32.687 -6.223 0.38888 0.70549 0.59136 0.03675 1 117.783 10.367 -9.533 0.36031 -0.81179 0.42606 -0.1722 2 46.369 -27.885 7.621 0.95691 0.20163 -0.16391 -0.12962 3 
97.728 -31.139 -8.583 0.41089 0.704 0.50717 0.27989 1 117.282 10.398 -9.572 0.39285 -0.80113 0.41675 -0.17373 2 46.363 -27.893 7.624 0.95693 0.20158 -0.16385 -0.12965 3 
106.069 -33.585 -9.843 0.47019 0.73749 0.27509 0.39919 1 117.011 10.415 -9.511 0.41753 -0.79482 0.40537 -0.17205 2 46.361 -27.889 7.623 0.95693 0.20156 -0.16385 -0.12964 3 
111.67 -34.168 -10.529 0.51586 0.71637 0.24278 0.40221 1 116.694 10.462 -9.488 0.43668 -0.79156 0.39427 -0.16519 2 46.364 -27.889 7.623 0.95692 0.20159 -0.16387 -0.12963 3 
115.582 -31.093 -11.382 0.50062 0.70253 0.36248 0.35275 1 116.557 10.317 -9.507 0.45166 -0.78842 0.38691 -0.15711 2 46.362 -27.893 7.624 0.95693 0.20159 -0.16383 -0.12965 3 
116.824 -29.004 -12.42 0.45936 0.70076 0.46998 0.27758 1 116.932 10.204 -9.542 0.45219 -0.79015 0.38488 -0.15181 2 46.363 -27.888 7.621 0.95692 0.20159 -0.16387 -0.12964 3 
116.451 -29.526 -12.461 0.47477 0.69381 0.46098 0.28412 1 117.421 10.033 -9.518 0.44865 -0.79472 0.38129 -0.14751 2 46.361 -27.89 7.623 0.95693 0.20158 -0.16385 -0.12965 3 
116.283 -29.751 -12.569 0.48659 0.68626 0.459 0.28566 1 118.099 9.953 -9.44 0.44347 -0.80029 0.37725 -0.14335 2 46.363 -27.892 7.624 0.95693 0.20159 -0.16384 -0.12964 3 
115.96 -30.083 -12.664 0.49728 0.67627 0.45939 0.29041 1 119.097 9.725 -9.414 0.42638 -0.81094 0.37697 -0.13591 2 46.361 -27.89 7.622 0.95693 0.20157 -0.16386 -0.12964 3 
115.622 -30.309 -12.736 0.51026 0.66752 0.45431 0.29607 1 120.072 9.696 -9.348 0.41443 -0.81918 0.37426 -0.13089 2 46.36 -27.891 7.623 0.95693 0.20157 -0.16384 -0.12965 3 
114.865 -30.572 -12.583 0.52938 0.65451 0.42931 0.32721 1 121.122 9.849 -9.158 0.40144 -0.82954 0.36662 -0.1277 2 46.363 -27.892 7.624 0.95693 0.2016 -0.16383 -0.12963 3 
113.321 -30.818 -11.974 0.54144 0.64109 0.37258 0.39626 1 122.152 10.329 -8.904 0.38156 -0.84316 0.35996 -0.11802 2 46.36 -27.891 7.623 0.95694 0.20155 -0.16383 -0.12965 3 
109.72 -31.084 -10.778 0.49655 0.65586 0.28902 0.48966 1 123.189 11.167 -8.954 0.3619 -0.8515 0.36424 -0.10633 2 46.362 -27.89 7.623 0.95693 0.20158 -0.16384 -0.12964 3 
105.39 -30.801 -8.738 0.41885 0.68892 0.21738 0.55018 1 123.811 12.698 -9.104 0.35436 -0.85195 0.37395 -0.09367 2 46.361 -27.894 7.624 0.95694 0.20157 -0.16381 -0.12964 3 
102.498 -26.34 -5.763 0.45255 0.73001 0.25011 0.44691 1 124.538 15.016 -9.371 0.34554 -0.85129 0.38639 -0.08137 2 46.36 -27.891 7.623 0.95693 0.20157 -0.16383 -0.12964 3 
101.29 -18.314 -3.213 0.54088 0.71072 0.34342 0.29049 1 125.905 18.507 -9.541 0.32778 -0.85561 0.39394 -0.07276 2 46.363 -27.889 7.623 0.95693 0.2016 -0.16385 -0.12963 3 
101.48 -7.93 -1.665 0.64229 0.63917 0.33876 0.25332 1 127.514 22.319 -9.694 0.31274 -0.85888 0.40301 -0.04575 2 46.361 -27.893 7.623 0.95693 0.20159 -0.16384 -0.12965 3 
102.127 3.194 -1.294 0.72426 0.56223 0.29741 0.26623 1 129.728 26.012 -9.72 0.28492 -0.86467 0.41311 -0.02231 2 46.361 -27.89 7.622 0.95693 0.20158 -0.16385 -0.12964 3 
100.84 15.033 -1.465 0.73184 0.62394 0.21947 0.16413 1 132.344 28.906 -9.806 0.25398 -0.86918 0.42426 -0.00547 2 46.362 -27.89 7.623 0.95692 0.2016 -0.16384 -0.12964 3 
94.248 26.687 -3.017 0.64697 0.70952 0.21193 0.18192 1 135.069 30.185 -9.985 0.21072 -0.87099 0.44364 0.01271 2 46.36 -27.893 7.625 0.95694 0.20156 -0.16382 -0.12964 3 
87.408 34.325 -5.853 0.54739 0.7885 0.19644 0.2001 1 136.967 30.413 -10.16 0.15652 -0.86941 0.46761 0.03123 2 46.361 -27.891 7.622 0.95693 0.20157 -0.16385 -0.12964 3 
84.2 38.574 -9.185 0.49762 0.82001 0.11963 0.25621 1 137.937 30.707 -10.343 0.119 -0.86458 0.48645 0.04131 2 46.362 -27.891 7.623 0.95693 0.20159 -0.16384 -0.12964 3 
83.59 40.306 -11.098 0.51649 0.80047 0.09715 0.28819 1 138.118 31.337 -10.386 0.10486 -0.85656 0.50366 0.0404 2 46.361 -27.892 7.624 0.95693 0.20159 -0.16383 -0.12964 3 
82.931 41.421 -12.195 0.52091 0.78132 0.12489 0.3203 1 137.966 32.042 -10.452 0.09887 -0.84935 0.51714 0.03728 2 46.361 -27.89 7.622 0.95693 0.20158 -0.16384 -0.12964 3 
82.47 42.138 -12.817 0.51564 0.77509 0.12439 0.34333 1 137.586 32.8 -10.492 0.09886 -0.84572 0.52321 0.03506 2 46.361 -27.892 7.623 0.95693 0.20157 -0.16384 -0.12964 3 
82.574 42.656 -12.931 0.52264 0.7763 0.10951 0.33497 1 137.218 33.388 -10.542 0.10022 -0.84305 0.52736 0.03334 2 46.361 -27.892 7.625 0.95694 0.20158 -0.16381 -0.12963 3 
83.12 43.687 -13.587 0.52735 0.77741 0.03926 0.34058 1 136.775 33.918 -10.597 0.10529 -0.83953 0.53206 0.03184 2 46.361 -27.89 7.622 0.95693 0.20159 -0.16384 -0.12965 3 
83.662 45.204 -13.603 0.53985 0.77264 -0.03723 0.33196 1 136.474 34.205 -10.609 0.10893 -0.83747 0.53466 0.03029 2 46.361 -27.891 7.622 0.95693 0.20159 -0.16384 -0.12964 3 
84.718 47.895 -14.048 0.55574 0.75031 -0.18232 0.30813 1 136.249 34.4 -10.609 0.11359 -0.83649 0.53533 0.02848 2 46.362 -27.891 7.623 0.95693 0.2016 -0.16384 -0.12963 3 
84.386 49.124 -14.187 0.55594 0.73522 -0.21693 0.32145 1 136.077 34.571 -10.644 0.11674 -0.83614 0.53522 0.02808 2 46.361 -27.89 7.622 0.95692 0.20159 -0.16385 -0.12965 3 
