121.237 -31.517 -13.297 0.50006 0.70318 0.46571 0.19641 1 122.441 9.982 -9.821 0.42086 -0.83091 0.34182 -0.12499 2 76.189 25.723 -3.358 0.98696 -0.12954 -0.08127 0.0502 3 
121.232 -31.475 -13.298 0.49774 0.70499 0.46637 0.19429 1 122.204 9.936 -9.846 0.42297 -0.82954 0.3424 -0.12539 2 76.19 25.724 -3.361 0.98696 -0.12954 -0.08129 0.05021 3 
121.245 -31.498 -13.317 0.49593 0.70641 0.46704 0.19215 1 121.923 9.903 -9.879 0.42589 -0.8277 0.343 -0.12603 2 76.189 25.722 -3.36 0.98696 -0.12955 -0.0813 0.05022 3 
121.24 -31.476 -13.361 0.49401 0.70786 0.46801 0.18936 1 121.696 9.872 -9.853 0.42769 -0.82623 0.34407 -0.12661 2 76.19 25.727 -3.361 0.98697 -0.1295 -0.0813 0.05018 3 
121.202 -31.451 -13.352 0.49285 0.70858 0.46916 0.18682 1 121.503 9.856 -9.871 0.42822 -0.82565 0.3447 -0.12692 2 76.19 25.727 -3.36 0.98696 -0.12951 -0.08127 0.05022 3 
121.111 -31.415 -13.396 0.49276 0.70875 0.4701 0.18402 1 121.375 9.888 -9.847 0.42632 -0.82645 0.34452 -0.12858 2 76.19 25.724 -3.363 0.98696 -0.12951 -0.08132 0.05022 3 
121.049 -31.317 -13.407 0.49204 0.70839 0.47256 0.18102 1 121.299 9.94 -9.785 0.42139 -0.83014 0.34005 -0.13286 2 76.191 25.726 -3.362 0.98696 -0.12952 -0.08128 0.05025 3 
120.927 -31.228 -13.446 0.49245 0.70701 0.47494 0.17907 1 121.281 10.083 -9.689 0.41501 -0.8357 0.33152 -0.13953 2 76.191 25.725 -3.358 0.98696 -0.12952 -0.08126 0.05021 3 
120.705 -31.187 -13.437 0.49205 0.70577 0.4755 0.18352 1 121.327 10.79 -9.314 0.39413 -0.85116 0.29917 -0.17519 2 76.191 25.729 -3.363 0.98696 -0.12949 -0.08131 0.05023 3 
120.375 -31.193 -13.417 0.49318 0.70507 0.47428 0.18632 1 120.508 14.692 -8.775 0.30787 -0.89447 0.28968 -0.1457 2 76.19 25.724 -3.362 0.98696 -0.12953 -0.08132 0.05019 3 
119.945 -31.299 -13.464 0.49772 0.70193 0.47301 0.18929 1 116.44 19.596 -7.753 0.17672 -0.94162 0.28573 -0.02185 2 76.19 25.728 -3.362 0.98697 -0.12947 -0.08129 0.05022 3 
119.431 -31.331 -13.417 0.50517 0.69768 0.46936 0.19427 1 110.172 23.931 -6.499 0.04596 -0.95548 0.28365 0.06697 2 76.191 25.723 -3.357 0.98697 -0.12952 -0.08126 0.05019 3 
119.082 -31.283 -13.42 0.51061 0.69488 0.46762 0.1943 1 103.523 28.088 -6.452 -0.05649 -0.94503 0.31644 0.05988 2 76.192 25.722 -3.358 0.98696 -0.12956 -0.08126 0.05022 3 
118.996 -31.06 -13.394 0.51082 0.69653 0.46551 0.19287 1 97.11 29.917 -7.649 -0.1174 -0.91714 0.38079 -0.00803 2 76.193 25.725 -3.359 0.98696 -0.12953 -0.08128 0.0502 3 
119.215 -30.608 -13.288 0.50055 0.70348 0.46496 0.19593 1 91.971 29.331 -9.016 -0.14333 -0.90562 0.39824 -0.02665 2 76.194 25.726 -3.363 0.98696 -0.12951 -0.08134 0.05024 3 
119.521 -30.035 -13.075 0.48596 0.71301 0.46221 0.2045 1 88.264 27.995 -9.996 -0.15969 -0.88574 0.43571 -0.01094 2 76.197 25.729 -3.357 0.98696 -0.12955 -0.08131 0.05022 3 
119.868 -29.229 -12.89 0.46907 0.72215 0.46078 0.21482 1 85.784 27.293 -10.673 -0.16947 -0.87211 0.45895 0.00896 2 76.2 25.733 -3.366 0.98695 -0.12955 -0.08135 0.05032 3 
120.154 -28.25 -12.677 0.45009 0.73059 0.46092 0.2263 1 84.598 27.078 -11.03 -0.18296 -0.86885 0.45371 0.07592 2 76.05 25.769 -3.353 0.98711 -0.12958 -0.07897 0.05087 3 
120.359 -27.268 -12.463 0.43023 0.73761 0.46153 0.24047 1 84.118 27.098 -11.306 -0.18788 -0.86225 0.44732 0.14539 2 75.737 25.842 -3.344 0.98797 -0.12501 -0.07502 0.05153 3 
120.452 -26.309 -12.304 0.4157 0.74157 0.46263 0.25148 1 83.886 27.234 -11.449 -0.18702 -0.85683 0.43982 0.19343 2 75.626 25.859 -3.328 0.98938 -0.11412 -0.07455 0.05049 3 
120.345 -25.615 -12.203 0.41131 0.74234 0.46221 0.25713 1 83.655 27.242 -11.45 -0.18193 -0.85764 0.42858 0.21834 2 75.461 25.886 -3.324 0.98958 -0.11274 -0.07405 0.05039 3 
120.235 -25.176 -12.164 0.41025 0.74373 0.46068 0.25757 1 83.08 27.015 -11.067 -0.1814 -0.86771 0.40299 0.22753 2 73.857 24.979 -3.113 0.99235 -0.11247 -0.0417 0.0292 3 
120.405 -24.75 -12.168 0.40129 0.74706 0.46501 0.25425 1 82.267 26.197 -10.168 -0.14733 -0.88587 0.3708 0.23672 2 72.342 22.28 -2.341 0.99477 -0.0966 -0.02076 -0.02599 3 
120.504 -24.597 -12.214 0.39925 0.74762 0.46878 0.24882 1 80.83 25.151 -8.685 -0.09585 -0.89504 0.35145 0.25728 2 71.992 20.174 -0.724 0.99569 -0.06444 -0.0479 -0.04632 3 
120.582 -24.663 -12.326 0.40081 0.74676 0.47341 0.23997 1 78.871 23.564 -6.887 -0.05556 -0.89618 0.33957 0.28013 2 70.903 17.832 1.278 0.99495 -0.04105 -0.06663 -0.06283 3 
120.808 -24.808 -12.499 0.39933 0.74698 0.48098 0.22631 1 76.844 21.372 -5.05 -0.01195 -0.89532 0.32277 0.30672 2 70.337 14.57 3.3 0.99025 -0.02144 -0.10173 -0.09274 3 
121.268 -24.875 -12.677 0.39511 0.74796 0.49012 0.21031 1 74.887 18.418 -3.518 0.03628 -0.90031 0.28058 0.33077 2 69.745 9.73 4.681 0.97919 -0.00564 -0.13167 -0.15432 3 
121.829 -25.08 -12.812 0.38953 0.74911 0.49845 0.19659 1 72.745 14.725 -2.594 0.07894 -0.91445 0.2065 0.33899 2 68.193 3.449 4.747 0.9587 0.00237 -0.1389 -0.24819 3 
122.603 -25.192 -13.013 0.3802 0.75126 0.50822 0.18105 1 70.477 10.899 -2.512 0.11672 -0.92743 0.12619 0.33215 2 66.017 -2.584 3.547 0.93184 0.01199 -0.12731 -0.33959 3 
123.683 -25.24 -13.1 0.36374 0.75469 0.51899 0.16966 1 68.171 7.69 -3.052 0.13868 -0.94031 0.06093 0.30475 2 63.146 -7.049 1.716 0.90877 0.02144 -0.09269 -0.40631 3 
124.942 -25.003 -13.183 0.34167 0.76071 0.52851 0.15895 1 66.117 5.732 -3.812 0.14138 -0.9523 0.01073 0.27023 2 60.065 -9.631 -0.238 0.88804 0.02149 -0.04797 -0.45675 3 
126.016 -24.703 -13.291 0.3194 0.76596 0.53828 0.14674 1 64.474 4.581 -4.658 0.14331 -0.96016 -0.04881 0.23488 2 57.75 -11.213 -2.496 0.85843 0.02425 -0.00903 -0.51227 3 
126.533 -24.612 -13.375 0.30697 0.76773 0.54433 0.14162 1 63.416 3.746 -5.399 0.14816 -0.96013 -0.11104 0.20943 2 56.372 -12.258 -4.569 0.82445 0.02659 0.02101 -0.56492 3 
126.526 -24.901 -13.448 0.30684 0.76673 0.54612 0.14043 1 62.539 3.073 -5.962 0.15141 -0.95434 -0.17852 0.18556 2 55.284 -12.879 -6.535 0.78286 0.02918 0.05184 -0.61934 3 
126.456 -25.101 -13.477 0.30466 0.76628 0.54845 0.13857 1 62.113 2.828 -6.17 0.15527 -0.94513 -0.22318 0.18113 2 54.961 -13.035 -7.556 0.75322 0.0279 0.05777 -0.65464 3 
126.224 -25.591 -13.475 0.30648 0.76554 0.54815 0.13981 1 61.759 2.769 -6.108 0.15456 -0.93761 -0.25135 0.18389 2 54.627 -12.969 -7.984 0.733 0.02241 0.05475 -0.67765 3 
125.884 -26.088 -13.494 0.31084 0.76442 0.54673 0.14189 1 61.665 2.77 -5.977 0.16344 -0.9225 -0.29071 0.19434 2 55 -12.894 -8.512 0.70328 0.02237 0.03737 -0.70958 3 
125.482 -26.506 -13.529 0.31799 0.76214 0.54538 0.1435 1 61.654 2.895 -5.642 0.16981 -0.90706 -0.32273 0.21036 2 55.29 -12.681 -8.687 0.67753 0.01754 0.01652 -0.7351 3 
125.093 -26.898 -13.505 0.32559 0.75968 0.54375 0.14563 1 61.678 2.923 -5.16 0.17491 -0.89221 -0.34712 0.22995 2 55.436 -12.579 -8.573 0.65744 0.00891 -0.00454 -0.75344 3 
124.807 -27.17 -13.529 0.33146 0.75841 0.54211 0.14515 1 61.642 2.93 -4.685 0.18015 -0.8773 -0.37024 0.24661 2 55.541 -12.464 -8.437 0.63858 0.003 -0.02464 -0.76916 3 
124.722 -27.348 -13.542 0.33433 0.75793 0.54136 0.1439 1 61.579 2.879 -4.205 0.18517 -0.859 -0.39909 0.26184 2 55.553 -12.274 -8.425 0.61336 -0.0032 -0.04334 -0.78861 3 
124.709 -27.42 -13.557 0.33635 0.75775 0.54077 0.14231 1 61.561 2.774 -3.763 0.18504 -0.84558 -0.41686 0.27747 2 55.427 -12.238 -8.221 0.59715 -0.01378 -0.06041 -0.79973 3 
124.704 -27.449 -13.587 0.33884 0.75728 0.54028 0.14077 1 61.574 2.666 -3.419 0.18512 -0.84133 -0.41954 0.28614 2 55.423 -12.403 -7.879 0.59549 -0.01843 -0.06999 -0.8001 3 
124.825 -27.381 -13.585 0.33786 0.75749 0.54093 0.13946 1 61.617 2.611 -3.269 0.18504 -0.83596 -0.42705 0.29078 2 55.411 -12.372 -7.842 0.58845 -0.02181 -0.07522 -0.80473 3 
124.943 -27.316 -13.601 0.33744 0.75769 0.54111 0.13871 1 61.614 2.538 -3.207 0.18638 -0.83182 -0.43375 0.2919 2 55.412 -12.356 -7.892 0.58244 -0.02217 -0.07762 -0.80885 3 
125.018 -27.272 -13.601 0.33707 0.75756 0.54157 0.13851 1 61.644 2.367 -3.153 0.18829 -0.82781 -0.43829 0.29525 2 55.496 -12.489 -7.934 0.57684 -0.02238 -0.08246 -0.81238 3 
125.111 -27.285 -13.583 0.33621 0.75781 0.54173 0.13859 1 61.686 2.252 -3.1 0.19111 -0.82864 -0.4347 0.29644 2 55.711 -12.731 -7.814 0.58054 -0.01914 -0.08555 -0.8095 3 
125.189 -27.27 -13.59 0.33474 0.75855 0.54205 0.13691 1 61.714 2.211 -3.099 0.19056 -0.829 -0.43467 0.2958 2 55.712 -12.752 -7.834 0.57996 -0.01936 -0.08465 -0.81 3 
125.256 -27.21 -13.594 0.33347 0.75886 0.5426 0.1361 1 61.764 2.284 -3.078 0.19144 -0.82796 -0.43665 0.29524 2 55.814 -12.653 -7.846 0.57819 -0.01802 -0.08571 -0.81119 3 
125.22 -27.284 -13.629 0.33527 0.75798 0.54256 0.13674 1 61.806 2.327 -3.035 0.1896 -0.82864 -0.43537 0.2964 2 55.803 -12.628 -7.772 0.57928 -0.02001 -0.08651 -0.81028 3 
125.197 -27.296 -13.646 0.33603 0.75766 0.54243 0.13713 1 61.842 2.327 -3.01 0.1903 -0.82782 -0.43664 0.29638 2 55.86 -12.604 -7.788 0.57759 -0.01927 -0.08693 -0.81146 3 
125.182 -27.324 -13.642 0.33655 0.75755 0.5422 0.13738 1 61.867 2.352 -3.015 0.19267 -0.82725 -0.43751 0.29515 2 56.017 -12.583 -7.829 0.57639 -0.01539 -0.08748 -0.81233 3 
125.201 -27.342 -13.627 0.33678 0.75742 0.54208 0.13799 1 61.843 2.307 -3.07 0.19309 -0.82797 -0.43721 0.2933 2 56.005 -12.623 -7.891 0.57678 -0.01404 -0.08525 -0.81231 3 
125.191 -27.309 -13.623 0.3366 0.75754 0.54213 0.13758 1 61.833 2.221 -3.151 0.19446 -0.83115 -0.43195 0.29121 2 56.142 -12.794 -7.91 0.58053 -0.00975 -0.08446 -0.80979 3 
125.138 -27.303 -13.59 0.33678 0.75781 0.54127 0.13905 1 61.868 2.296 -3.225 0.19163 -0.84565 -0.40809 0.28568 2 56.302 -13.065 -7.639 0.59974 -0.00466 -0.07804 -0.79637 3 
125.063 -27.385 -13.583 0.33797 0.75819 0.53933 0.14159 1 62.031 2.766 -3.148 0.18289 -0.88078 -0.3388 0.27567 2 56.603 -13.448 -6.404 0.65574 0.00319 -0.06512 -0.75217 3 
124.874 -27.487 -13.498 0.34042 0.75953 0.53472 0.14595 1 62.746 3.681 -2.957 0.16134 -0.9209 -0.21617 0.2814 2 57.175 -13.289 -3.76 0.74661 -0.00431 -0.06955 -0.66161 3 
124.596 -27.686 -13.423 0.34557 0.76022 0.52874 0.15196 1 63.714 5.654 -2.629 0.11955 -0.94974 -0.03987 0.28656 2 58.078 -10.406 0.284 0.85641 -0.00779 -0.08721 -0.50883 3 
124.355 -27.858 -13.304 0.35235 0.75998 0.52195 0.16076 1 64.962 9.244 -2.606 0.0462 -0.9447 0.16698 0.27844 2 58.776 -2.452 4.238 0.95372 -0.01072 -0.09859 -0.28386 3 
124.084 -27.946 -13.237 0.35961 0.75864 0.51571 0.17084 1 67.207 13.372 -3.118 -0.03181 -0.90448 0.3316 0.26637 2 60.292 7.554 5.731 0.99332 -0.01881 -0.09295 -0.0657 3 
123.72 -27.911 -13.155 0.36983 0.75528 0.50919 0.18304 1 70.333 17.304 -3.994 -0.09219 -0.87224 0.40314 0.26109 2 62.562 14.845 5.053 0.9955 -0.04675 -0.07102 0.04177 3 
123.225 -27.724 -13.055 0.38297 0.75006 0.50154 0.19801 1 73.883 20.597 -5.126 -0.13275 -0.87299 0.38903 0.26254 2 65.232 18.41 3.526 0.99407 -0.08809 -0.05129 0.03793 3 
122.476 -27.451 -12.919 0.39947 0.74348 0.49106 0.21569 1 77.176 23.047 -6.405 -0.15804 -0.88461 0.35339 0.26001 2 67.631 20.253 1.766 0.99193 -0.12256 -0.03232 0.00432 3 
121.657 -27.015 -12.765 0.41763 0.73577 0.47795 0.23619 1 79.887 24.942 -7.821 -0.17797 -0.8909 0.33142 0.25451 2 69.844 21.977 0.029 0.98888 -0.14659 -0.02203 -0.01231 3 
121.093 -26.199 -12.54 0.42742 0.73295 0.46467 0.25332 1 81.994 26.279 -8.99 -0.19641 -0.88968 0.32523 0.2532 2 71.672 23.679 -1.254 0.98609 -0.16542 -0.01408 -0.00862 3 
121.022 -25.122 -12.358 0.42537 0.7347 0.4577 0.26418 1 83.411 27.346 -9.894 -0.20572 -0.88394 0.33389 0.25465 2 73.248 25.23 -2.09 0.98465 -0.17362 -0.01721 0.00485 3 
121.122 -23.936 -12.181 0.42224 0.73767 0.45317 0.26868 1 84.082 27.921 -10.526 -0.20802 -0.87716 0.34784 0.25752 2 74.303 26.299 -2.667 0.98415 -0.17397 -0.02649 0.0221 3 
121.452 -22.697 -12.088 0.41455 0.74313 0.45054 0.27002 1 84.285 28.124 -11.079 -0.20562 -0.86898 0.36565 0.26249 2 75.155 26.995 -3.096 0.98347 -0.17093 -0.04314 0.04122 3 
121.919 -21.572 -12.014 0.40266 0.75111 0.4495 0.26769 1 84.151 28.065 -11.317 -0.19645 -0.86543 0.37419 0.26909 2 75.547 27.024 -3.248 0.98349 -0.16422 -0.05783 0.04933 3 
122.422 -20.524 -12.004 0.39235 0.75676 0.45225 0.26237 1 84.09 27.94 -11.486 -0.19923 -0.85959 0.37741 0.28103 2 75.913 27.195 -3.3 0.98101 -0.17201 -0.06913 0.05708 3 
122.661 -19.884 -12.018 0.38885 0.75852 0.45486 0.25796 1 84.321 27.875 -11.592 -0.19363 -0.85939 0.37842 0.28416 2 76.473 27.066 -3.355 0.98026 -0.17263 -0.07889 0.05531 3 
122.741 -19.575 -12.021 0.39392 0.75658 0.45454 0.25652 1 84.38 27.969 -11.604 -0.18861 -0.86097 0.38226 0.27755 2 76.535 27.111 -3.366 0.98058 -0.17073 -0.07904 0.05547 3 
122.901 -19.587 -12.042 0.40107 0.75372 0.45256 0.25736 1 84.37 28.002 -11.58 -0.18648 -0.86146 0.38974 0.26687 2 76.48 27.144 -3.366 0.98079 -0.16984 -0.07813 0.05572 3 
123.246 -19.852 -12.064 0.40826 0.75069 0.4513 0.25714 1 84.624 28.268 -11.512 -0.17387 -0.86943 0.39913 0.23358 2 76.559 27.108 -3.377 0.9812 -0.16704 -0.07944 0.055 3 
123.658 -20.472 -12.079 0.41981 0.74612 0.44894 0.25597 1 87.069 30.588 -10.949 -0.14782 -0.89282 0.38168 0.18801 2 76.585 27.12 -3.375 0.98116 -0.16721 -0.07955 0.05507 3 
124.02 -22.017 -12.267 0.42939 0.74419 0.44418 0.25399 1 93.848 35.995 -9.6 -0.1063 -0.89931 0.38146 0.18557 2 76.573 27.114 -3.376 0.98118 -0.16712 -0.07956 0.05501 3 
123.862 -24.42 -12.543 0.44724 0.73788 0.43361 0.25981 1 103.955 38.374 -7.709 -0.04313 -0.93969 0.30879 0.14063 2 76.575 27.106 -3.37 0.98117 -0.16721 -0.07951 0.05494 3 
123.906 -27.052 -12.774 0.48208 0.71903 0.42741 0.2606 1 114.197 34.926 -6.896 0.02908 -0.97624 0.21172 0.03576 2 76.564 27.09 -3.371 0.98117 -0.16723 -0.07952 0.05491 3 
124.255 -29.476 -12.821 0.50152 0.71136 0.41325 0.2677 1 122.216 27.734 -7.143 0.14825 -0.96931 0.18293 -0.07068 2 76.546 27.078 -3.362 0.9812 -0.1671 -0.07947 0.05482 3 
124.209 -30.93 -12.782 0.51833 0.70201 0.40371 0.27484 1 128.247 18.647 -8.035 0.28512 -0.91823 0.22921 -0.15172 2 76.546 27.065 -3.368 0.98118 -0.16722 -0.07954 0.0548 3 
123.644 -31.777 -12.619 0.54123 0.68019 0.37904 0.3174 1 131.594 13.518 -8.787 0.34088 -0.86784 0.30425 -0.19517 2 76.531 27.058 -3.357 0.9812 -0.16713 -0.07946 0.05476 3 
120.44 -32.373 -12.095 0.47824 0.65942 0.29265 0.50081 1 133.262 15.15 -8.553 0.27459 -0.90304 0.28391 -0.16883 2 76.538 27.059 -3.363 0.98119 -0.16715 -0.07951 0.05476 3 
116.546 -32.237 -12.558 0.34206 0.61851 0.4427 0.55178 1 134.195 19.673 -7.856 0.13741 -0.95682 0.24742 -0.06629 2 76.536 27.066 -3.358 0.9812 -0.16715 -0.07945 0.05475 3 
114.557 -22.81 -12.752 0.35415 0.42549 0.78621 0.27461 1 133.134 24.384 -7.75 -0.04242 -0.94984 0.3044 0.05791 2 76.535 27.059 -3.366 0.98119 -0.16717 -0.07954 0.05477 3 
110.259 -12.192 -10.105 0.41685 0.45999 0.74124 0.25535 1 129.271 27.992 -7.252 -0.12256 -0.93595 0.30313 0.13074 2 76.54 27.057 -3.362 0.98119 -0.16722 -0.07949 0.05474 3 
106.153 -1.974 -7.495 0.49036 0.52892 0.63671 0.27273 1 124.13 31.644 -7.097 -0.19792 -0.92233 0.30315 0.13506 2 76.537 27.064 -3.364 0.98119 -0.16715 -0.07949 0.05476 3 
100.472 8.186 -5.75 0.51074 0.6355 0.52126 0.25215 1 118.143 36.737 -7.23 -0.28906 -0.8924 0.32583 0.11793 2 76.536 27.067 -3.361 0.9812 -0.16713 -0.07946 0.05476 3 
93.195 18.728 -6.005 0.46816 0.69243 0.45919 0.30084 1 112.185 42.969 -7.863 -0.3295 -0.84022 0.42502 0.06949 2 76.574 27.102 -3.368 0.98118 -0.16721 -0.07944 0.05492 3 
86.505 27.955 -7.994 0.39784 0.70069 0.44482 0.39101 1 106.602 48.12 -8.689 -0.32374 -0.82287 0.46697 -0.00438 2 76.577 27.118 -3.373 0.98119 -0.16712 -0.07949 0.05501 3 
82.572 34.358 -10.45 0.34351 0.6961 0.41104 0.47801 1 102.442 52.182 -9.566 -0.31226 -0.8116 0.4909 -0.05315 2 76.586 27.12 -3.371 0.98117 -0.16722 -0.07948 0.05503 3 
80.554 37.757 -12.29 0.30665 0.69173 0.40602 0.51247 1 99.584 55.12 -10.463 -0.30577 -0.80577 0.50049 -0.08217 2 76.597 27.138 -3.376 0.98117 -0.16718 -0.07949 0.05515 3 
79.962 39.597 -13.251 0.29903 0.68626 0.3881 0.53759 1 97.671 57.142 -10.989 -0.30377 -0.80673 0.49734 -0.09783 2 76.603 27.146 -3.377 0.98117 -0.16715 -0.07947 0.05519 3 
79.754 40.819 -14.014 0.28505 0.69423 0.3692 0.54816 1 96.323 58.341 -11.72 -0.30146 -0.80419 0.50116 -0.10604 2 76.615 27.158 -3.381 0.98116 -0.16718 -0.07947 0.05527 3 
79.456 41.28 -14.193 0.2635 0.70416 0.3721 0.5443 1 95.122 59.325 -11.921 -0.29293 -0.80617 0.50166 -0.11232 2 76.614 27.161 -3.381 0.98117 -0.16713 -0.0795 0.05523 3 
79.141 41.56 -14.24 0.26 0.71052 0.35597 0.5485 1 93.658 60.198 -12.871 -0.28374 -0.8068 0.50463 -0.11798 2 76.618 27.162 -3.387 0.98116 -0.16715 -0.07954 0.05527 3 
