123.703 -28.568 -14.013 0.46295 0.70536 0.47462 0.25075 1 125.6 14.225 -10.371 0.44898 -0.78506 0.40818 -0.12443 2 103.921 -5.957 -5.238 0.99673 0.01695 -0.07887 -0.00459 3 
123.588 -28.539 -13.998 0.46562 0.70397 0.47324 0.25233 1 125.57 14.323 -10.374 0.44699 -0.78646 0.40777 -0.1241 2 103.922 -5.951 -5.244 0.99672 0.017 -0.07895 -0.00465 3 
123.498 -28.385 -14.034 0.46539 0.70319 0.47579 0.25011 1 125.536 14.404 -10.371 0.44571 -0.78684 0.40829 -0.12457 2 103.921 -5.95 -5.239 0.99673 0.01701 -0.07888 -0.00453 3 
123.385 -28.315 -13.999 0.46546 0.70326 0.47531 0.25071 1 125.408 14.529 -10.373 0.44544 -0.78682 0.40841 -0.12532 2 103.923 -5.958 -5.232 0.99673 0.01698 -0.07885 -0.0046 3 
123.326 -28.247 -14.033 0.46294 0.70451 0.47608 0.25042 1 125.257 14.567 -10.356 0.44512 -0.78655 0.40895 -0.12638 2 103.924 -5.948 -5.236 0.99673 0.01702 -0.07887 -0.00461 3 
123.249 -29.313 -14.023 0.46412 0.70832 0.45446 0.27632 1 125.053 14.621 -10.344 0.44598 -0.78647 0.4069 -0.13038 2 103.924 -5.94 -5.241 0.99673 0.01708 -0.07885 -0.0046 3 
122.678 -32.874 -14.802 0.37687 0.76822 0.41428 0.31013 1 124.993 14.814 -10.324 0.44122 -0.78813 0.40948 -0.12847 2 103.923 -5.946 -5.244 0.99672 0.01704 -0.07895 -0.00457 3 
119.806 -32.388 -15.992 0.20477 0.81944 0.48761 0.22098 1 124.856 14.971 -10.326 0.44591 -0.78658 0.4071 -0.12938 2 103.928 -5.942 -5.233 0.99673 0.01705 -0.07887 -0.00457 3 
112.913 -28.351 -15.386 0.28022 0.80558 0.50296 0.13984 1 124.535 15.022 -10.292 0.45556 -0.78242 0.40266 -0.13472 2 103.925 -5.949 -5.241 0.99673 0.01701 -0.0789 -0.00458 3 
108.338 -22.936 -15.263 0.34184 0.76633 0.52195 0.15312 1 124.338 15.063 -10.25 0.46269 -0.7797 0.39776 -0.14064 2 103.926 -5.946 -5.234 0.99673 0.01706 -0.07887 -0.00458 3 
106.247 -19.01 -15.638 0.34946 0.75667 0.53445 0.14032 1 124.689 15.204 -10.231 0.45865 -0.78278 0.39602 -0.14164 2 103.924 -5.944 -5.235 0.99673 0.01707 -0.07888 -0.00457 3 
105.432 -16.451 -15.833 0.33442 0.75556 0.55471 0.09792 1 125.24 15.371 -10.151 0.44879 -0.78911 0.39518 -0.14044 2 103.922 -5.949 -5.249 0.99672 0.01699 -0.07894 -0.00459 3 
105.694 -15.261 -16.16 0.29962 0.74704 0.59215 0.03887 1 125.725 15.461 -10.145 0.43881 -0.79485 0.3961 -0.13698 2 103.571 -5.864 -5.212 0.99677 0.02722 -0.07541 -0.00529 3 
106.046 -14.769 -15.974 0.28516 0.74772 0.59953 0.01305 1 126.004 15.572 -10.109 0.432 -0.79827 0.39685 -0.13657 2 103.52 -5.781 -5.211 0.99622 0.04382 -0.07469 -0.00703 3 
106.433 -14.832 -15.705 0.27528 0.75423 0.59612 0.00131 1 125.821 15.656 -10.113 0.43583 -0.79688 0.39443 -0.13946 2 103.329 -5.851 -5.184 0.99593 0.06238 -0.06502 -0.00017 3 
107.803 -16.706 -15.267 0.24278 0.7737 0.58462 -0.02574 1 125.766 15.793 -10.068 0.43136 -0.79791 0.39578 -0.14364 2 102.663 -6.969 -4.783 0.99332 0.10425 -0.03468 0.03513 3 
108.747 -19.748 -14.519 0.17895 0.79763 0.56979 -0.08425 1 125.662 15.899 -10.064 0.42348 -0.79974 0.39997 -0.14525 2 101.31 -11.233 -3.88 0.98104 0.1895 -0.01764 0.03666 3 
107.489 -22.818 -13.412 0.09753 0.84242 0.51056 -0.14192 1 125.146 15.991 -10.057 0.42752 -0.79645 0.40145 -0.14742 2 96.76 -14.261 -3.198 0.954 0.28599 0.00839 0.08961 3 
104.449 -25.631 -12.357 0.02724 0.88398 0.43066 -0.17991 1 124.69 16.065 -10.105 0.43248 -0.79225 0.40343 -0.15013 2 91.194 -16.04 -3.001 0.91413 0.36778 0.00985 0.17029 3 
99.924 -27.844 -11.329 -0.02758 0.91323 0.35371 -0.20034 1 124.515 16.108 -10.125 0.42957 -0.79128 0.40722 -0.15336 2 84.345 -17.402 -3.045 0.8712 0.42791 0.01967 0.23981 3 
94.519 -29.311 -10.573 -0.0657 0.93071 0.29763 -0.20217 1 124.628 16.197 -10.06 0.41864 -0.79445 0.41147 -0.15579 2 77.429 -18.322 -3.197 0.83575 0.46682 0.0295 0.28764 3 
89.127 -29.999 -10.068 -0.08503 0.94717 0.24977 -0.18236 1 125.13 16.181 -9.989 0.39885 -0.8018 0.41649 -0.15676 2 70.964 -18.041 -3.842 0.80727 0.47884 0.04431 0.34216 3 
84.064 -29.909 -9.769 -0.08447 0.96751 0.18832 -0.14602 1 125.78 16.193 -9.881 0.37342 -0.81203 0.42082 -0.15519 2 65.274 -16.347 -5.245 0.77487 0.46488 0.05799 0.42437 3 
80.109 -29.386 -9.552 -0.07028 0.98369 0.12094 -0.11311 1 126.377 16.058 -9.804 0.3467 -0.82196 0.42556 -0.15196 2 61.519 -14.367 -6.843 0.73921 0.43773 0.05669 0.50867 3 
77.293 -28.827 -9.404 -0.0614 0.99215 0.05908 -0.09153 1 126.766 16.007 -9.721 0.32625 -0.82798 0.43029 -0.15118 2 58.982 -13.148 -8.368 0.69714 0.41091 0.05747 0.58468 3 
75.727 -28.477 -9.086 -0.05738 0.99396 0.01926 -0.09153 1 127.019 15.937 -9.651 0.30906 -0.83188 0.43598 -0.14963 2 57.58 -12.682 -9.083 0.66296 0.39917 0.04919 0.63145 3 
74.922 -28.273 -8.657 -0.05107 0.99365 -0.0076 -0.09994 1 126.971 15.969 -9.703 0.30305 -0.83151 0.4418 -0.14682 2 57.093 -12.356 -9.223 0.64251 0.39425 0.02944 0.65641 3 
74.536 -28.077 -8.146 -0.04606 0.99155 -0.04427 -0.11291 1 126.718 16.107 -9.816 0.30355 -0.82886 0.44722 -0.14439 2 57.033 -12.23 -9.561 0.61017 0.3867 0.0027 0.69148 3 
74.215 -27.785 -7.569 -0.03908 0.98745 -0.08802 -0.12513 1 126.546 16.161 -9.802 0.30237 -0.82532 0.45553 -0.14111 2 56.811 -12.433 -10.128 0.56395 0.37426 -0.0143 0.736 3 
73.738 -27.54 -6.948 -0.03451 0.98372 -0.12538 -0.12405 1 126.473 16.236 -9.796 0.30192 -0.82305 0.46018 -0.14025 2 56.814 -12.464 -10.244 0.54024 0.36243 -0.03366 0.75871 3 
73.376 -27.505 -6.221 -0.03167 0.97871 -0.14614 -0.14063 1 126.428 16.279 -9.873 0.30157 -0.82169 0.46468 -0.134 2 56.364 -12.546 -9.794 0.52353 0.37001 -0.05468 0.76552 3 
73.065 -27.51 -5.573 -0.02952 0.97534 -0.15789 -0.15133 1 126.395 16.273 -9.941 0.30246 -0.81975 0.46861 -0.1301 2 56.013 -12.542 -9.289 0.51652 0.3763 -0.06973 0.76599 3 
72.903 -27.398 -5.167 -0.02225 0.97183 -0.17577 -0.15543 1 126.443 16.189 -9.997 0.30258 -0.81869 0.47138 -0.12647 2 56.089 -12.541 -9.269 0.5031 0.37006 -0.08374 0.77649 3 
72.894 -27.459 -5.118 -0.01933 0.97224 -0.17727 -0.15146 1 126.59 16.192 -9.939 0.3008 -0.8189 0.47243 -0.12539 2 56.31 -12.532 -9.323 0.50392 0.36407 -0.0855 0.77859 3 
72.937 -27.555 -5.208 -0.01938 0.97244 -0.17973 -0.14722 1 126.773 16.185 -9.943 0.29839 -0.81977 0.47242 -0.12557 2 56.427 -12.694 -9.495 0.50187 0.36007 -0.08352 0.78199 3 
72.981 -27.501 -5.253 -0.01617 0.97212 -0.18364 -0.14491 1 126.893 16.161 -9.958 0.29768 -0.82044 0.47141 -0.12667 2 56.654 -12.659 -9.652 0.4996 0.35396 -0.08595 0.78595 3 
72.962 -27.392 -5.26 -0.01536 0.97218 -0.18315 -0.14524 1 126.932 16.2 -9.944 0.29978 -0.81968 0.47096 -0.12824 2 56.723 -12.498 -9.657 0.50018 0.35251 -0.08818 0.78599 3 
72.948 -27.396 -5.247 -0.0175 0.97299 -0.17797 -0.146 1 127.003 16.205 -9.946 0.29954 -0.81986 0.47067 -0.12875 2 56.599 -12.428 -9.526 0.50445 0.35667 -0.08622 0.78159 3 
72.977 -27.459 -5.274 -0.01762 0.97327 -0.17787 -0.14421 1 127.088 16.187 -9.957 0.29886 -0.82033 0.47032 -0.12863 2 56.671 -12.5 -9.589 0.50425 0.35459 -0.08496 0.7828 3 
73.059 -27.489 -5.323 -0.01697 0.9735 -0.17874 -0.14163 1 127.13 16.14 -9.925 0.29888 -0.82047 0.47007 -0.1286 2 56.858 -12.525 -9.685 0.50417 0.35126 -0.08496 0.78436 3 
73.133 -27.46 -5.378 -0.01648 0.97412 -0.17667 -0.14002 1 127.132 16.1 -9.958 0.30039 -0.82003 0.46989 -0.12849 2 56.988 -12.442 -9.706 0.50659 0.34976 -0.08429 0.78354 3 
73.163 -27.43 -5.405 -0.01636 0.97436 -0.17568 -0.13964 1 127.144 16.068 -9.959 0.3015 -0.81948 0.46994 -0.12928 2 57.035 -12.388 -9.715 0.50746 0.34955 -0.08411 0.78309 3 
73.206 -27.455 -5.432 -0.01706 0.97474 -0.17336 -0.13977 1 127.244 16.037 -9.933 0.30054 -0.81994 0.46977 -0.12916 2 57.057 -12.383 -9.693 0.50909 0.3505 -0.08362 0.78166 3 
73.421 -27.694 -5.482 -0.01919 0.97724 -0.15631 -0.14211 1 127.345 15.98 -9.908 0.29931 -0.82098 0.46891 -0.12859 2 57.152 -12.284 -9.398 0.52223 0.35799 -0.08043 0.76984 3 
73.897 -28.096 -5.471 -0.02537 0.98139 -0.11448 -0.15208 1 127.38 15.957 -9.9 0.30076 -0.82164 0.4668 -0.12861 2 57.288 -12.036 -8.553 0.55155 0.37712 -0.07507 0.74023 3 
74.491 -28.852 -5.447 -0.0355 0.98382 -0.01642 -0.17482 1 127.329 15.926 -9.89 0.30583 -0.82088 0.46434 -0.13043 2 57.611 -11.61 -6.264 0.62354 0.41734 -0.07186 0.65717 3 
75.369 -29.627 -5.667 -0.04839 0.96771 0.13778 -0.20546 1 127.374 15.903 -9.872 0.31024 -0.82042 0.46211 -0.13084 2 58.942 -12.5 -2.607 0.72646 0.46133 -0.06559 0.5051 3 
76.819 -30.527 -6.276 -0.0575 0.92629 0.29395 -0.22863 1 127.593 15.86 -9.866 0.31162 -0.82221 0.45846 -0.12914 2 61.951 -16.088 0.709 0.8158 0.47469 -0.05417 0.32589 3 
79.026 -30.892 -7.054 -0.04869 0.8715 0.4238 -0.24189 1 127.903 15.799 -9.813 0.31328 -0.82389 0.45462 -0.12803 2 66.218 -19.984 2.574 0.87336 0.45199 -0.04565 0.17568 3 
82.188 -30.25 -7.893 -0.0204 0.81398 0.52676 -0.24404 1 128.158 15.746 -9.835 0.31957 -0.82418 0.44957 -0.12841 2 71.635 -22.762 3.296 0.91085 0.40646 -0.0456 0.05528 3 
86.443 -28.813 -8.983 0.03229 0.76769 0.59888 -0.22573 1 128.476 15.694 -9.861 0.32783 -0.82403 0.44455 -0.126 2 77.931 -23.214 2.89 0.93839 0.34101 -0.05393 -0.01517 3 
91.506 -26.601 -10.373 0.08494 0.74301 0.63873 -0.18096 1 129.025 15.582 -9.924 0.33434 -0.82513 0.43851 -0.12284 2 84.083 -21.445 1.549 0.96039 0.27054 -0.05361 -0.03979 3 
96.398 -23.906 -11.907 0.1243 0.73225 0.65547 -0.13683 1 129.648 15.385 -9.947 0.34159 -0.82595 0.43197 -0.12051 2 89.52 -18.853 -0.099 0.97408 0.21537 -0.04657 -0.05111 3 
100.845 -20.968 -13.367 0.15791 0.73536 0.65254 -0.09217 1 130.303 15.199 -9.943 0.34531 -0.82733 0.42634 -0.12048 2 94.602 -15.438 -1.791 0.98331 0.16995 -0.04464 -0.04718 3 
104.389 -18.38 -14.601 0.17397 0.74639 0.64013 -0.05352 1 130.962 14.946 -9.991 0.34892 -0.82897 0.42049 -0.11937 2 97.957 -12.19 -3.377 0.9886 0.14383 -0.0286 -0.03408 3 
106.913 -16.244 -15.421 0.17557 0.75077 0.63567 -0.03799 1 131.54 14.722 -10.012 0.35304 -0.83143 0.41341 -0.11482 2 100.17 -10.138 -4.383 0.98971 0.13852 -0.01692 -0.03146 3 
107.645 -15.236 -15.816 0.1927 0.75442 0.62644 -0.03585 1 131.952 14.573 -10.017 0.35345 -0.83508 0.40781 -0.10676 2 101.578 -8.847 -4.828 0.99033 0.13215 -0.02701 -0.03248 3 
107.088 -14.938 -15.845 0.2225 0.76395 0.60474 -0.03415 1 132.375 14.384 -10.026 0.35688 -0.83895 0.39786 -0.10246 2 102.521 -7.215 -4.997 0.99113 0.11995 -0.05614 -0.01113 3 
106.322 -14.783 -15.917 0.24223 0.76294 0.59883 -0.02561 1 132.956 14.061 -9.987 0.35017 -0.84513 0.3914 -0.09971 2 102.49 -6.469 -5.153 0.99277 0.10026 -0.06589 -0.00441 3 
106.02 -14.646 -16.024 0.24721 0.76029 0.5999 -0.03109 1 133.666 13.718 -9.899 0.33802 -0.85261 0.38575 -0.10003 2 102.578 -6.651 -5.202 0.992 0.10123 -0.07408 -0.01387 3 
105.994 -14.785 -16.047 0.25475 0.76078 0.59596 -0.03394 1 134.31 13.419 -9.882 0.32469 -0.85838 0.38421 -0.1007 2 102.83 -6.625 -5.217 0.9918 0.09991 -0.0785 -0.01363 3 
105.958 -14.821 -16.059 0.26019 0.75969 0.59551 -0.02301 1 134.838 12.937 -9.873 0.31619 -0.86189 0.38344 -0.10075 2 102.806 -6.566 -5.206 0.99185 0.10003 -0.07786 -0.01315 3 
106.275 -16.14 -16.06 0.27543 0.75094 0.59972 0.02395 1 135.32 12.564 -9.784 0.30539 -0.8655 0.3837 -0.10208 2 102.789 -6.594 -5.202 0.99187 0.09988 -0.07775 -0.01327 3 
109.563 -21.158 -15.932 0.25335 0.74601 0.61585 0.00358 1 135.745 12.564 -9.652 0.29129 -0.87046 0.38259 -0.10522 2 102.796 -6.581 -5.207 0.99186 0.09995 -0.07783 -0.01319 3 
114.083 -28.76 -15.332 0.30125 0.76077 0.57472 0.01334 1 136.204 12.915 -9.494 0.26752 -0.87354 0.38907 -0.11826 2 102.795 -6.578 -5.207 0.99185 0.10006 -0.07781 -0.01327 3 
119.162 -33.485 -14.081 0.43014 0.75221 0.48133 0.1322 1 135.209 13.882 -9.384 0.28059 -0.86709 0.39062 -0.12977 2 102.795 -6.583 -5.201 0.99186 0.09999 -0.07777 -0.01327 3 
124.467 -30.438 -13.87 0.44546 0.68594 0.52405 0.23753 1 133.724 15.337 -9.411 0.30716 -0.85417 0.3956 -0.13984 2 102.798 -6.581 -5.21 0.99185 0.09999 -0.07786 -0.01323 3 
127.732 -22.558 -14.436 0.37497 0.63231 0.64156 0.21904 1 132.279 17.636 -9.729 0.32152 -0.84358 0.40441 -0.14646 2 102.794 -6.586 -5.2 0.99185 0.09998 -0.07779 -0.01326 3 
127.269 -18.629 -14.509 0.33653 0.65278 0.65312 0.18455 1 131.478 21.475 -9.676 0.32202 -0.83909 0.4007 -0.17796 2 102.798 -6.59 -5.208 0.99186 0.09987 -0.07785 -0.01321 3 
125.113 -12.569 -14.258 0.14606 0.73069 0.66332 0.069 1 130.809 27.544 -9.172 0.30733 -0.84846 0.35689 -0.24143 2 102.792 -6.582 -5.203 0.99185 0.10004 -0.07779 -0.0133 3 
115.729 -4.787 -11.689 0.23713 0.73383 0.63583 0.03134 1 129.966 37.701 -9.138 0.15834 -0.89279 0.37216 -0.19836 2 102.81 -6.565 -5.207 0.99185 0.10002 -0.07787 -0.0131 3 
104.69 7.097 -8.86 0.36995 0.69385 0.60959 0.10051 1 123.366 45.088 -9.312 -0.03167 -0.88054 0.45279 -0.13646 2 102.814 -6.566 -5.207 0.99186 0.09989 -0.07786 -0.01301 3 
96.262 20.267 -7.721 0.35404 0.66383 0.60019 0.27158 1 114.724 49.106 -9.261 -0.14278 -0.82146 0.53769 -0.12528 2 102.811 -6.56 -5.207 0.99186 0.09993 -0.07787 -0.01302 3 
90.303 30.161 -8.47 0.34054 0.70274 0.54449 0.30612 1 106.837 52.329 -9.913 -0.15854 -0.77897 0.59578 -0.11448 2 102.811 -6.554 -5.204 0.99185 0.1 -0.07783 -0.01302 3 
85.399 35.864 -10.602 0.28331 0.76239 0.45471 0.36296 1 101.145 54.518 -10.789 -0.17448 -0.77746 0.58762 -0.14081 2 102.817 -6.562 -5.208 0.99186 0.09986 -0.07793 -0.01301 3 
83.369 38.493 -12.78 0.2532 0.7548 0.42252 0.43317 1 98.484 56.795 -10.932 -0.20134 -0.76421 0.59325 -0.15328 2 102.825 -6.536 -5.2 0.99185 0.10003 -0.07785 -0.01296 3 
82.524 39.585 -13.468 0.24202 0.75579 0.41888 0.4413 1 97.168 58.554 -11.58 -0.2133 -0.75946 0.58936 -0.1743 2 102.823 -6.531 -5.2 0.99184 0.10006 -0.07786 -0.01298 3 
81.845 40.26 -13.854 0.2347 0.75232 0.42119 0.44892 1 96.237 59.437 -12.029 -0.20762 -0.75501 0.59408 -0.1842 2 102.832 -6.544 -5.206 0.99187 0.09981 -0.07791 -0.0129 3 
81.258 40.825 -14.163 0.22799 0.74985 0.4127 0.46413 1 95.122 59.877 -12.325 -0.20419 -0.75022 0.59745 -0.19629 2 102.831 -6.528 -5.207 0.99184 0.10008 -0.07792 -0.01287 3 
81.095 41.275 -14.327 0.20673 0.75729 0.38409 0.48606 1 93.842 60.548 -12.81 -0.20702 -0.74736 0.5979 -0.20276 2 102.832 -6.524 -5.21 0.99184 0.1 -0.07796 -0.01287 3 
81.092 41.991 -14.316 0.2038 0.77522 0.35305 0.48254 1 92.935 60.915 -13.402 -0.21468 -0.74179 0.60063 -0.20712 2 102.835 -6.516 -5.209 0.99184 0.10005 -0.07796 -0.01281 3 
80.468 42.233 -14.177 0.19529 0.78178 0.34832 0.47891 1 92.036 61.64 -13.84 -0.21354 -0.72683 0.62195 -0.19823 2 102.829 -6.542 -5.214 0.99185 0.09996 -0.07798 -0.01287 3 
