121.127 -30.072 -13.03 0.49957 0.72588 0.44365 0.1634 1 123.485 11.792 -9.943 0.43082 -0.80774 0.38262 -0.1247 2 80.683 -9.318 -4.275 0.98795 0.12193 -0.09251 -0.02286 3 
121.167 -30.004 -13.052 0.49892 0.72621 0.44383 0.16343 1 123.377 11.853 -9.973 0.43205 -0.80707 0.38354 -0.12193 2 80.684 -9.318 -4.272 0.98796 0.12191 -0.0925 -0.02285 3 
121.214 -29.893 -13.097 0.4971 0.72638 0.44706 0.15937 1 123.293 11.917 -9.982 0.43302 -0.80654 0.38352 -0.12206 2 80.683 -9.32 -4.271 0.98796 0.1219 -0.09246 -0.02288 3 
121.144 -29.789 -13.147 0.49887 0.72439 0.44846 0.15898 1 123.32 12.05 -9.971 0.43281 -0.80685 0.38346 -0.12091 2 80.682 -9.323 -4.275 0.98796 0.12188 -0.0925 -0.02288 3 
120.977 -29.757 -13.057 0.5024 0.72209 0.44707 0.16221 1 123.479 12.135 -9.972 0.42954 -0.80846 0.38487 -0.11735 2 80.684 -9.321 -4.272 0.98796 0.12187 -0.09249 -0.02285 3 
120.795 -29.732 -13.075 0.50584 0.72033 0.44487 0.16534 1 123.621 12.21 -10.026 0.42607 -0.81025 0.38674 -0.11128 2 80.683 -9.321 -4.273 0.98796 0.12189 -0.09251 -0.02285 3 
120.676 -29.659 -13.055 0.5079 0.71937 0.44313 0.16785 1 123.767 12.312 -10.058 0.42289 -0.81213 0.38796 -0.10536 2 80.683 -9.321 -4.268 0.98796 0.12189 -0.09245 -0.02287 3 
120.549 -29.627 -13.027 0.51046 0.71767 0.44231 0.16951 1 123.907 12.439 -10.056 0.42073 -0.81319 0.38893 -0.10225 2 80.683 -9.324 -4.271 0.98797 0.12186 -0.09247 -0.02288 3 
120.052 -30.079 -12.738 0.51905 0.71325 0.42337 0.20644 1 124.056 12.596 -10.036 0.41668 -0.8145 0.39045 -0.10256 2 80.682 -9.323 -4.276 0.98796 0.12189 -0.09251 -0.0229 3 
119.34 -32.911 -12.191 0.4837 0.7496 0.38833 0.23095 1 124.134 12.872 -9.975 0.41149 -0.81618 0.39159 -0.10576 2 80.682 -9.32 -4.275 0.98796 0.1219 -0.09251 -0.02286 3 
118.58 -35.249 -12.032 0.31116 0.83547 0.4405 0.10544 1 124.098 13.096 -9.99 0.41017 -0.8165 0.39259 -0.10472 2 80.683 -9.321 -4.27 0.98796 0.12189 -0.09249 -0.02285 3 
113.128 -33.446 -10.539 0.26236 0.82849 0.49335 -0.03714 1 123.604 13.294 -9.982 0.42034 -0.81133 0.3922 -0.10601 2 80.683 -9.323 -4.272 0.98796 0.12187 -0.09247 -0.02288 3 
105.547 -29.291 -9.19 0.30337 0.83987 0.44213 -0.08423 1 123.094 13.374 -10.039 0.4336 -0.80481 0.39055 -0.1084 2 80.682 -9.32 -4.273 0.98796 0.12189 -0.09251 -0.02286 3 
97.735 -24.658 -10.242 0.27712 0.84705 0.45303 -0.02164 1 122.965 13.535 -10.044 0.44237 -0.80142 0.38737 -0.10944 2 80.683 -9.321 -4.274 0.98796 0.12188 -0.09251 -0.02286 3 
91.15 -21.281 -12.2 0.21506 0.84424 0.49006 0.02899 1 123.509 13.789 -10.053 0.43598 -0.8074 0.38365 -0.10412 2 80.685 -9.32 -4.271 0.98796 0.12188 -0.09247 -0.02284 3 
87.383 -19.023 -13.481 0.19469 0.83329 0.51589 0.03961 1 124.458 13.857 -10.017 0.41333 -0.81989 0.38524 -0.09241 2 80.685 -9.311 -4.272 0.98795 0.12196 -0.0925 -0.02284 3 
86.032 -17.235 -14.185 0.17346 0.82179 0.54221 0.02421 1 125.495 13.84 -9.916 0.38677 -0.83211 0.38812 -0.0858 2 80.686 -9.319 -4.273 0.98796 0.12187 -0.09251 -0.02283 3 
85.599 -16.064 -14.396 0.14664 0.80714 0.57121 -0.02725 1 126.31 13.8 -9.88 0.36188 -0.84105 0.39361 -0.08212 2 80.407 -9.33 -4.259 0.98834 0.12182 -0.08847 -0.02288 3 
85.369 -15.551 -14.456 0.12992 0.78689 0.60052 -0.05748 1 126.765 13.658 -9.87 0.34662 -0.84566 0.39723 -0.0832 2 79.993 -9.242 -4.232 0.98761 0.12827 -0.08723 -0.02381 3 
85.316 -15.334 -14.292 0.12728 0.78766 0.59886 -0.06897 1 126.681 13.595 -9.858 0.34563 -0.84555 0.39797 -0.08484 2 79.781 -9.265 -4.209 0.98683 0.13564 -0.08427 -0.02574 3 
85.549 -15.53 -14.038 0.12055 0.7945 0.58997 -0.07858 1 126.193 13.576 -9.885 0.35141 -0.84399 0.39586 -0.08647 2 78.848 -9.275 -4.099 0.98698 0.1505 -0.05494 -0.01438 3 
86.574 -16.718 -13.612 0.11197 0.80617 0.57414 -0.08899 1 125.704 13.611 -9.843 0.35107 -0.84289 0.39829 -0.08748 2 78.455 -9.941 -3.738 0.98561 0.16758 -0.02131 0.00631 3 
87.766 -18.892 -12.883 0.09526 0.8319 0.53534 -0.11077 1 125.021 13.684 -9.892 0.35603 -0.83919 0.40116 -0.08985 2 78.849 -11.343 -3.143 0.97825 0.20341 -0.01359 0.03826 3 
88.495 -21.715 -12.078 0.05656 0.86736 0.47671 -0.13128 1 124.246 13.768 -9.923 0.36349 -0.8345 0.40325 -0.09419 2 77.761 -12.681 -2.926 0.95993 0.25922 0.00422 0.10641 3 
88.417 -24.576 -11.4 0.00954 0.90587 0.39328 -0.15695 1 123.541 13.791 -9.906 0.37009 -0.82977 0.40589 -0.09887 2 75.638 -14.142 -3.213 0.92448 0.33012 0.01451 0.19012 3 
86.813 -26.979 -10.681 -0.02772 0.93916 0.29398 -0.17544 1 122.885 13.874 -9.911 0.37902 -0.824 0.40753 -0.10618 2 72.347 -15.094 -3.804 0.87496 0.39175 0.01103 0.28434 3 
84.215 -28.867 -10.028 -0.04272 0.96253 0.20047 -0.17756 1 122.513 13.905 -9.864 0.38448 -0.8202 0.408 -0.11394 2 68.661 -15.444 -4.717 0.82423 0.41937 0.00316 0.38047 3 
81.528 -30.209 -9.618 -0.05211 0.97472 0.13518 -0.17009 1 122.426 13.903 -9.845 0.38143 -0.82063 0.40936 -0.11615 2 65.097 -16.026 -5.604 0.78368 0.43017 0.00903 0.44801 3 
79.022 -30.693 -9.357 -0.04797 0.98372 0.07758 -0.15486 1 122.536 13.833 -9.704 0.37445 -0.82278 0.41047 -0.11973 2 62.461 -15.644 -6.76 0.74602 0.41808 0.00623 0.51829 3 
76.927 -30.644 -9.182 -0.03568 0.98759 0.04709 -0.14549 1 122.872 13.647 -9.526 0.3629 -0.82538 0.41286 -0.12882 2 60.752 -14.978 -7.359 0.72822 0.40196 -0.00239 0.55509 3 
75.509 -30.212 -9.122 -0.03476 0.98805 0.02925 -0.14729 1 123.183 13.5 -9.436 0.35062 -0.82749 0.41697 -0.13589 2 59.45 -14.392 -7.789 0.71033 0.39822 -0.01153 0.58028 3 
74.465 -29.459 -9.04 -0.02905 0.98753 -0.00284 -0.15471 1 123.771 13.397 -9.376 0.33553 -0.82996 0.42151 -0.14463 2 58.484 -13.546 -8.624 0.67337 0.38986 -0.02584 0.62763 3 
73.547 -28.815 -8.92 -0.02686 0.98576 -0.02824 -0.1636 1 124.152 13.327 -9.424 0.32675 -0.83191 0.4251 -0.14299 2 57.761 -13.013 -9.345 0.63876 0.37803 -0.04197 0.66882 3 
72.773 -28.381 -8.697 -0.01868 0.98396 -0.05903 -0.16729 1 124.346 13.356 -9.386 0.31859 -0.83323 0.42909 -0.14181 2 57.166 -12.78 -9.979 0.60652 0.36299 -0.05025 0.70558 3 
72.201 -28.072 -8.489 -0.01115 0.98264 -0.07866 -0.16763 1 124.408 13.365 -9.422 0.31337 -0.83252 0.43469 -0.14055 2 56.803 -12.57 -10.219 0.59087 0.35385 -0.05699 0.72278 3 
71.799 -27.769 -8.296 -0.00458 0.98097 -0.09622 -0.16857 1 124.376 13.466 -9.465 0.30948 -0.83086 0.44062 -0.14052 2 56.604 -12.364 -10.373 0.57802 0.34728 -0.06598 0.73548 3 
71.477 -27.603 -8.074 -0.00361 0.97917 -0.10721 -0.1724 1 124.357 13.579 -9.523 0.30821 -0.82836 0.44611 -0.14079 2 56.286 -12.319 -10.333 0.5686 0.34806 -0.07298 0.74177 3 
71.288 -27.542 -7.788 -0.00583 0.97722 -0.11099 -0.18081 1 124.41 13.65 -9.557 0.30757 -0.82699 0.4494 -0.13974 2 55.937 -12.313 -10.059 0.56388 0.35549 -0.0795 0.74118 3 
71.292 -27.664 -7.6 -0.00765 0.97651 -0.11111 -0.18445 1 124.386 13.749 -9.607 0.30807 -0.82621 0.45113 -0.13766 2 55.896 -12.41 -9.85 0.56342 0.35923 -0.08343 0.73929 3 
71.453 -27.938 -7.558 -0.00934 0.97651 -0.11711 -0.18063 1 124.356 13.78 -9.657 0.31 -0.82475 0.45256 -0.13738 2 56.04 -12.818 -9.99 0.55767 0.35598 -0.08096 0.74547 3 
71.647 -28.22 -7.558 -0.00901 0.97665 -0.11961 -0.17825 1 124.294 13.804 -9.658 0.312 -0.82326 0.45352 -0.13862 2 56.301 -13.131 -10.085 0.55539 0.35254 -0.08116 0.74878 3 
71.788 -28.382 -7.526 -0.00823 0.97638 -0.1203 -0.17929 1 124.143 13.807 -9.662 0.31659 -0.82146 0.45281 -0.14118 2 56.475 -13.272 -10.081 0.55418 0.35213 -0.08372 0.74959 3 
71.856 -28.429 -7.513 -0.0065 0.9763 -0.11881 -0.18077 1 124.037 13.767 -9.684 0.31976 -0.82029 0.45244 -0.14204 2 56.618 -13.221 -10.018 0.55604 0.35235 -0.0876 0.74766 3 
71.851 -28.444 -7.516 -0.00663 0.97657 -0.1154 -0.18154 1 124.023 13.698 -9.695 0.3203 -0.82026 0.45203 -0.1423 2 56.616 -13.182 -9.97 0.55824 0.35324 -0.08811 0.74554 3 
71.837 -28.45 -7.54 -0.0057 0.97707 -0.11337 -0.18015 1 124.081 13.595 -9.67 0.31983 -0.821 0.45114 -0.14192 2 56.689 -13.122 -9.987 0.56016 0.35104 -0.08812 0.74514 3 
71.846 -28.42 -7.568 -0.00273 0.97734 -0.1151 -0.17765 1 124.139 13.521 -9.665 0.31909 -0.82149 0.45091 -0.14149 2 56.871 -13.048 -10.096 0.55994 0.34569 -0.08996 0.74758 3 
71.833 -28.403 -7.591 -0.00192 0.97762 -0.11561 -0.17576 1 124.191 13.479 -9.676 0.319 -0.82142 0.45108 -0.14153 2 56.91 -13.05 -10.166 0.55911 0.34299 -0.08906 0.74955 3 
71.845 -28.398 -7.591 -0.0022 0.97788 -0.11262 -0.17626 1 124.255 13.418 -9.681 0.3191 -0.82126 0.45126 -0.14168 2 56.931 -12.981 -10.098 0.56182 0.34436 -0.08998 0.74678 3 
71.829 -28.323 -7.564 -0.00159 0.97774 -0.11136 -0.1778 1 124.312 13.387 -9.674 0.31884 -0.82142 0.45107 -0.1419 2 56.916 -12.879 -10.048 0.5622 0.34521 -0.09144 0.74592 3 
71.836 -28.252 -7.539 -0.00102 0.97787 -0.10854 -0.17887 1 124.37 13.375 -9.689 0.31906 -0.82131 0.45108 -0.14202 2 56.968 -12.724 -9.951 0.56534 0.34621 -0.09368 0.7428 3 
71.844 -28.219 -7.518 -0.0007 0.97792 -0.10937 -0.17809 1 124.449 13.388 -9.674 0.31957 -0.82099 0.45121 -0.14235 2 56.988 -12.714 -9.98 0.56425 0.3449 -0.09309 0.74431 3 
71.912 -28.211 -7.519 0.00036 0.97792 -0.11146 -0.17677 1 124.543 13.413 -9.672 0.31909 -0.82123 0.45104 -0.14256 2 57.136 -12.718 -10.033 0.56323 0.34228 -0.09437 0.74613 3 
71.928 -28.201 -7.499 8e-05 0.97791 -0.11091 -0.17719 1 124.58 13.435 -9.698 0.31985 -0.82089 0.45097 -0.14303 2 57.153 -12.693 -10.007 0.56346 0.34268 -0.09492 0.7457 3 
71.914 -28.153 -7.466 -7e-05 0.97808 -0.10764 -0.17822 1 124.613 13.451 -9.693 0.32041 -0.82075 0.45068 -0.14351 2 57.124 -12.596 -9.919 0.56582 0.34398 -0.09512 0.74329 3 
71.888 -28.13 -7.489 -0.00083 0.97839 -0.10717 -0.1768 1 124.654 13.442 -9.673 0.31993 -0.82102 0.45071 -0.14292 2 57.092 -12.598 -9.951 0.56582 0.3431 -0.09341 0.74391 3 
71.829 -28.204 -7.542 -0.00214 0.97917 -0.10643 -0.17291 1 124.679 13.404 -9.702 0.3191 -0.82144 0.45077 -0.14219 2 57.041 -12.697 -10.031 0.5665 0.34111 -0.08976 0.74476 3 
71.792 -28.317 -7.606 -0.00438 0.97984 -0.10444 -0.17026 1 124.686 13.345 -9.687 0.31864 -0.82164 0.45062 -0.14254 2 56.951 -12.835 -10.072 0.56763 0.34107 -0.08541 0.74442 3 
71.822 -28.375 -7.629 -0.00317 0.9799 -0.1034 -0.1706 1 124.661 13.301 -9.669 0.31834 -0.82166 0.4507 -0.14282 2 57.045 -12.825 -10.06 0.56936 0.34069 -0.08709 0.74308 3 
71.912 -28.398 -7.587 -0.00446 0.98008 -0.09407 -0.17484 1 124.612 13.281 -9.679 0.31916 -0.8214 0.45038 -0.14351 2 57.049 -12.703 -9.809 0.57615 0.34677 -0.08769 0.73493 3 
72.384 -28.433 -7.458 -0.00957 0.98053 -0.05379 -0.18861 1 124.572 13.216 -9.66 0.31942 -0.82167 0.44983 -0.14311 2 57.348 -12.186 -8.718 0.60887 0.36848 -0.09057 0.69663 3 
73.39 -28.555 -7.324 -0.01591 0.97745 0.02581 -0.20897 1 124.537 13.171 -9.646 0.31885 -0.82295 0.44876 -0.14036 2 58.457 -11.709 -6.734 0.66887 0.3975 -0.09558 0.62087 3 
74.666 -28.933 -7.325 -0.03119 0.96311 0.137 -0.22952 1 124.521 13.139 -9.676 0.3195 -0.82387 0.44736 -0.13791 2 60.042 -12.501 -4.167 0.74126 0.42838 -0.09106 0.50866 3 
76.215 -29.894 -7.54 -0.05224 0.92949 0.2662 -0.24991 1 124.508 13.1 -9.671 0.32131 -0.82425 0.44566 -0.13696 2 62.337 -15.543 -1.425 0.81279 0.44848 -0.07763 0.3636 3 
77.935 -30.816 -8.045 -0.07589 0.88196 0.38332 -0.26354 1 124.519 13.073 -9.686 0.32435 -0.82398 0.44384 -0.13734 2 65.149 -20.022 0.471 0.86304 0.45297 -0.06004 0.21533 3 
79.93 -31.279 -8.997 -0.07979 0.83768 0.47457 -0.25828 1 124.534 13.102 -9.659 0.32948 -0.82321 0.44114 -0.13844 2 68.221 -23.587 0.846 0.89631 0.42914 -0.04252 0.10322 3 
82.364 -30.451 -10.347 -0.07109 0.80709 0.53253 -0.24488 1 124.569 13.125 -9.654 0.33423 -0.82318 0.43725 -0.13955 2 71.454 -24.9 0.036 0.91499 0.40079 -0.03309 0.03274 3 
84.935 -28.432 -11.663 -0.05101 0.78537 0.57339 -0.22763 1 124.633 13.212 -9.593 0.3396 -0.82303 0.43276 -0.14148 2 74.591 -23.975 -1.105 0.92921 0.36837 -0.029 -0.00581 3 
86.996 -25.394 -12.587 -0.02325 0.77136 0.60065 -0.20898 1 124.757 13.317 -9.631 0.34529 -0.82257 0.42872 -0.14269 2 77.342 -21.389 -1.954 0.94175 0.33365 -0.0329 -0.02661 3 
88.004 -21.924 -13.135 0.0062 0.75821 0.62595 -0.18239 1 124.994 13.414 -9.583 0.35318 -0.8204 0.42597 -0.14407 2 79.037 -18.283 -2.535 0.95441 0.2928 -0.03521 -0.04604 3 
88.125 -18.784 -13.466 0.03355 0.74871 0.64513 -0.1487 1 125.441 13.511 -9.65 0.35794 -0.81931 0.42446 -0.143 2 79.491 -15.275 -2.985 0.96619 0.2492 -0.02919 -0.05945 3 
87.969 -16.253 -13.602 0.05461 0.74749 0.64881 -0.13161 1 126.261 13.513 -9.604 0.35354 -0.82276 0.42331 -0.13741 2 79.904 -12.531 -3.222 0.97198 0.22441 -0.03675 -0.05951 3 
87.584 -14.729 -13.754 0.07084 0.75513 0.6403 -0.12154 1 127.262 13.432 -9.623 0.34177 -0.82972 0.42253 -0.12735 2 80.05 -10.409 -3.433 0.97518 0.21068 -0.04764 -0.04868 3 
87.416 -13.891 -13.938 0.07088 0.76894 0.62326 -0.12353 1 128.316 13.211 -9.651 0.32615 -0.83824 0.42139 -0.11582 2 80.094 -9.06 -3.747 0.97378 0.21764 -0.05802 -0.03203 3 
87.273 -13.636 -14.131 0.06305 0.78066 0.60954 -0.12269 1 129.128 12.974 -9.579 0.31146 -0.84586 0.41956 -0.10713 2 79.734 -8.389 -4.061 0.97188 0.22758 -0.05819 -0.01674 3 
87.259 -13.688 -14.265 0.05784 0.77951 0.61046 -0.12791 1 129.61 12.637 -9.61 0.30178 -0.85014 0.41929 -0.10191 2 79.816 -8.799 -4.154 0.96952 0.23565 -0.06192 -0.02584 3 
87.261 -13.736 -14.293 0.06008 0.78327 0.60506 -0.12957 1 129.719 12.339 -9.653 0.3 -0.85156 0.41777 -0.10153 2 80.053 -8.827 -4.178 0.96857 0.23796 -0.0675 -0.02635 3 
87.518 -13.883 -14.417 0.06633 0.78365 0.60347 -0.13159 1 129.752 12.015 -9.604 0.30146 -0.85305 0.41318 -0.10344 2 80.817 -9.096 -4.269 0.96752 0.23792 -0.07851 -0.03362 3 
87.776 -13.878 -14.47 0.06809 0.78762 0.59801 -0.13191 1 129.733 11.455 -9.585 0.30175 -0.85549 0.40696 -0.10706 2 81.333 -9.077 -4.302 0.96626 0.24023 -0.08612 -0.03478 3 
89.004 -14.092 -14.382 0.06572 0.79203 0.5977 -0.10546 1 129.98 10.798 -9.314 0.29814 -0.86057 0.39058 -0.1341 2 81.422 -9.042 -4.295 0.96619 0.24018 -0.08719 -0.03441 3 
95.225 -14.827 -13.869 0.09363 0.74502 0.6472 -0.13158 1 131.196 11.211 -8.638 0.25628 -0.8921 0.33317 -0.16574 2 81.437 -9.053 -4.303 0.96618 0.24009 -0.08752 -0.03447 3 
100.286 -13.893 -12.077 0.22772 0.68489 0.68484 -0.10034 1 132.698 14.742 -7.88 0.10914 -0.94737 0.2811 -0.10756 2 81.426 -9.07 -4.304 0.96617 0.24014 -0.08746 -0.03457 3 
100.801 -10.729 -8.888 0.44203 0.59825 0.66834 -0.00582 1 131.934 20.327 -7.305 -0.07234 -0.95603 0.27741 0.06179 2 81.434 -9.059 -4.303 0.96618 0.24012 -0.08749 -0.03449 3 
99.465 -5.538 -6.089 0.57102 0.58598 0.5689 0.08322 1 128.131 27.064 -6.727 -0.20216 -0.90912 0.33051 0.15299 2 81.429 -9.063 -4.303 0.96617 0.24015 -0.08746 -0.03453 3 
96.269 1.659 -4.717 0.57046 0.61362 0.53406 0.11324 1 121.868 33.617 -6.554 -0.23909 -0.87635 0.40345 0.10989 2 81.432 -9.06 -4.303 0.96617 0.24016 -0.08747 -0.0345 3 
91.439 10.098 -4.447 0.5434 0.66488 0.49394 0.13668 1 115.286 38.842 -7.147 -0.25645 -0.86267 0.4344 0.03645 2 81.431 -9.057 -4.302 0.96618 0.24011 -0.08749 -0.03448 3 
86.071 19.703 -5.621 0.49581 0.70419 0.44962 0.23692 1 108.919 44.26 -8.013 -0.2692 -0.83043 0.48692 -0.02855 2 81.46 -9.017 -4.3 0.96617 0.24015 -0.08764 -0.03426 3 
82.16 28.235 -8.007 0.45696 0.70965 0.40049 0.35665 1 104.052 49.215 -8.936 -0.2695 -0.80789 0.52132 -0.05397 2 81.468 -9 -4.297 0.96617 0.24014 -0.08769 -0.03415 3 
79.959 33.873 -10.464 0.41235 0.71964 0.35162 0.43411 1 100.695 53.046 -9.58 -0.28056 -0.79146 0.53498 -0.09315 2 81.47 -8.993 -4.301 0.96617 0.24009 -0.08775 -0.03413 3 
78.956 37.044 -11.915 0.37958 0.71076 0.349 0.47847 1 98.231 55.455 -10.623 -0.27665 -0.78963 0.53108 -0.1338 2 81.477 -8.984 -4.304 0.96616 0.24013 -0.0878 -0.03408 3 
78.543 38.916 -12.716 0.36925 0.71096 0.32399 0.50321 1 96.577 57.082 -11.492 -0.27242 -0.79024 0.52791 -0.15039 2 81.486 -8.973 -4.301 0.96617 0.24011 -0.08785 -0.03398 3 
78.157 39.825 -13.116 0.35763 0.7182 0.30728 0.51174 1 95.432 58.082 -11.837 -0.26776 -0.79015 0.52917 -0.15472 2 81.493 -8.96 -4.299 0.96615 0.24015 -0.08786 -0.03393 3 
77.884 40.588 -13.478 0.33646 0.71599 0.30503 0.5302 1 94.568 58.787 -12.139 -0.26779 -0.79424 0.52028 -0.16365 2 81.499 -8.962 -4.301 0.96617 0.24008 -0.08792 -0.03393 3 
77.468 41.256 -13.366 0.32693 0.72641 0.28803 0.53149 1 93.392 59.69 -12.757 -0.26268 -0.79229 0.52442 -0.16809 2 81.504 -8.952 -4.3 0.96615 0.24013 -0.08795 -0.03386 3 
77.557 41.716 -13.432 0.33455 0.73502 0.25894 0.52988 1 92.299 60.185 -13.434 -0.26407 -0.79147 0.5205 -0.18143 2 81.498 -8.955 -4.298 0.96615 0.24017 -0.08793 -0.03387 3 
