118.671 -28.933 -13.051 0.46316 0.73214 0.43577 0.24403 1 116.798 12.128 -10.025 0.47983 -0.78172 0.37049 -0.14633 2 48.04 -48.662 5.573 0.94911 0.25813 -0.09321 -0.1545 3 
118.728 -28.888 -13.018 0.46176 0.73227 0.43707 0.24398 1 116.721 12.121 -10.058 0.48057 -0.78118 0.37097 -0.14558 2 48.04 -48.663 5.57 0.9491 0.25813 -0.09325 -0.15453 3 
118.629 -28.913 -12.996 0.46268 0.73188 0.43489 0.2473 1 116.697 12.16 -10.065 0.47951 -0.78118 0.37263 -0.1448 2 48.041 -48.663 5.571 0.94911 0.25811 -0.09325 -0.15452 3 
118.455 -28.902 -12.991 0.46378 0.73131 0.43257 0.25096 1 116.661 12.191 -10.068 0.47758 -0.78153 0.37481 -0.14368 2 48.037 -48.664 5.572 0.94912 0.25809 -0.09321 -0.15451 3 
118.255 -28.828 -12.955 0.46417 0.73156 0.431 0.25219 1 116.577 12.21 -10.098 0.47599 -0.78173 0.37695 -0.14226 2 48.041 -48.662 5.57 0.9491 0.25814 -0.09324 -0.15454 3 
118.117 -28.769 -12.888 0.46201 0.73316 0.42781 0.2569 1 116.437 12.269 -10.106 0.47517 -0.78115 0.37904 -0.14266 2 48.038 -48.664 5.573 0.94912 0.2581 -0.09323 -0.1545 3 
118.065 -28.934 -12.58 0.45145 0.73765 0.41529 0.28212 1 116.345 12.334 -10.145 0.47615 -0.77884 0.38193 -0.14429 2 48.04 -48.663 5.572 0.9491 0.25813 -0.09324 -0.15451 3 
118.033 -30.323 -11.705 0.40711 0.77066 0.37868 0.31137 1 116.387 12.469 -10.106 0.47106 -0.77915 0.38583 -0.14887 2 48.04 -48.663 5.574 0.94911 0.25813 -0.09323 -0.15451 3 
117.638 -32.887 -10.364 0.30985 0.83219 0.39309 0.2386 1 116.232 12.589 -10.175 0.46797 -0.77774 0.39151 -0.15113 2 48.039 -48.662 5.571 0.94911 0.25813 -0.09325 -0.15451 3 
116.132 -34.897 -8.469 0.23214 0.82021 0.52258 -0.01688 1 115.828 12.549 -10.237 0.47489 -0.77135 0.39415 -0.1554 2 48.04 -48.663 5.571 0.94911 0.25811 -0.09324 -0.15452 3 
111.714 -37.914 -5.976 0.25273 0.70313 0.62586 -0.22369 1 115.501 12.482 -10.23 0.48287 -0.76376 0.39656 -0.16203 2 48.039 -48.664 5.571 0.94911 0.2581 -0.09324 -0.15452 3 
106.889 -38.349 -2.156 0.31814 0.7224 0.55649 -0.25932 1 115.556 12.461 -10.227 0.47935 -0.76032 0.40478 -0.1682 2 48.04 -48.662 5.572 0.9491 0.25814 -0.09324 -0.15451 3 
102.82 -37.624 1.235 0.3674 0.72077 0.53295 -0.24793 1 115.799 12.261 -10.136 0.46087 -0.76117 0.41827 -0.18237 2 48.039 -48.664 5.571 0.94911 0.2581 -0.09323 -0.15453 3 
100.228 -37.66 4.752 0.32369 0.78197 0.46219 -0.26482 1 116.146 11.835 -10.15 0.45018 -0.75972 0.42883 -0.19045 2 48.038 -48.664 5.572 0.94912 0.25808 -0.09323 -0.1545 3 
96.345 -40.786 7.556 0.29175 0.7543 0.46763 -0.35672 1 116.577 11.07 -10.15 0.43443 -0.7626 0.4354 -0.20034 2 48.04 -48.663 5.571 0.94911 0.25812 -0.09323 -0.15453 3 
88.779 -43.884 8.538 0.21574 0.78048 0.47923 -0.33859 1 117.05 9.994 -10.194 0.42448 -0.76395 0.43726 -0.21214 2 48.04 -48.662 5.571 0.94911 0.25813 -0.09322 -0.15452 3 
79.026 -46.812 6.116 0.12214 0.77888 0.54751 -0.28048 1 117.418 8.645 -10.196 0.41536 -0.76366 0.43707 -0.2308 2 48.038 -48.664 5.571 0.94912 0.25809 -0.09324 -0.15452 3 
69.948 -48.893 2.121 0.0249 0.8183 0.53716 -0.20305 1 117.887 7.244 -10.124 0.40077 -0.76414 0.43426 -0.25862 2 48.039 -48.662 5.571 0.94911 0.25811 -0.09324 -0.15451 3 
63.314 -50.365 -2.043 -0.03255 0.81749 0.55331 -0.15653 1 118.608 5.855 -10.043 0.3688 -0.77227 0.4337 -0.28192 2 48.034 -48.667 5.572 0.94914 0.25802 -0.0932 -0.1545 3 
59.328 -50.948 -5.327 -0.05282 0.80341 0.57428 -0.14813 1 119.091 4.681 -9.919 0.33314 -0.78375 0.43487 -0.29266 2 48.039 -48.664 5.572 0.94912 0.25808 -0.09323 -0.15451 3 
56.478 -50.755 -7.503 -0.04946 0.78661 0.59961 -0.13881 1 118.959 3.773 -9.81 0.30921 -0.79187 0.43754 -0.29307 2 48.039 -48.664 5.574 0.94912 0.25809 -0.09322 -0.15448 3 
54.283 -50.468 -8.875 -0.06032 0.7687 0.62168 -0.13771 1 118.325 3.262 -9.775 0.30333 -0.79393 0.43763 -0.2935 2 48.038 -48.664 5.571 0.94912 0.25807 -0.09323 -0.15451 3 
53.133 -50.28 -9.506 -0.04686 0.74319 0.64309 -0.17863 1 117.595 2.941 -9.723 0.29957 -0.79553 0.43693 -0.29407 2 47.81 -48.771 5.585 0.94955 0.25716 -0.08993 -0.15538 3 
52.46 -50.445 -9.617 -0.02478 0.72061 0.6633 -0.20034 1 117.039 2.888 -9.694 0.29805 -0.79588 0.43611 -0.29589 2 47.375 -48.966 5.608 0.94994 0.25634 -0.0849 -0.15714 3 
52.397 -50.445 -9.559 -0.02694 0.70959 0.6715 -0.21178 1 116.7 2.955 -9.617 0.3014 -0.79426 0.43588 -0.29718 2 47.382 -48.938 5.614 0.95044 0.25449 -0.08582 -0.15664 3 
52.868 -49.802 -9.437 -0.05099 0.70332 0.66805 -0.2376 1 116.661 3.165 -9.595 0.30495 -0.79532 0.43455 -0.29263 2 47.66 -48.773 5.618 0.94247 0.28246 -0.08281 -0.15845 3 
54.462 -48.986 -8.937 -0.05362 0.7145 0.64394 -0.26822 1 116.889 3.523 -9.511 0.3021 -0.79927 0.43296 -0.28714 2 49.74 -47.063 6.167 0.93521 0.30972 -0.10149 -0.13838 3 
56.957 -48.446 -7.531 -0.00927 0.73244 0.60958 -0.30308 1 116.939 3.935 -9.568 0.30435 -0.79953 0.4329 -0.28413 2 54.535 -43.943 7.658 0.92985 0.31612 -0.1616 -0.09659 3 
60.273 -47.874 -5.39 0.03848 0.78274 0.52836 -0.32661 1 116.669 4.44 -9.706 0.31802 -0.79402 0.43507 -0.28125 2 58.798 -37.931 9.069 0.92143 0.32468 -0.21301 0.01297 3 
63.497 -46.849 -3.317 0.06196 0.85449 0.39819 -0.32781 1 116.518 5.105 -9.863 0.33274 -0.78828 0.43697 -0.27739 2 60.4 -29.702 8.399 0.88892 0.34188 -0.23657 0.19229 3 
66.279 -44.98 -1.99 0.0791 0.91511 0.24215 -0.31254 1 116.657 5.839 -9.918 0.34293 -0.78583 0.43807 -0.27013 2 60.597 -22.306 4.97 0.82172 0.33967 -0.24187 0.38847 3 
68.198 -42.498 -1.818 0.0905 0.94781 0.12643 -0.27836 1 116.997 6.633 -9.953 0.35244 -0.78541 0.4367 -0.26117 2 60.433 -18.024 1.116 0.76179 0.30773 -0.21791 0.52677 3 
69.158 -40.348 -2.504 0.09047 0.96465 0.06077 -0.23996 1 117.517 7.276 -10.01 0.35734 -0.78562 0.43661 -0.25394 2 60.244 -15.995 -1.719 0.7288 0.27777 -0.18683 0.59732 3 
69.209 -38.757 -3.253 0.07946 0.97638 0.00092 -0.2009 1 118.311 7.903 -10.026 0.35716 -0.78699 0.43797 -0.24751 2 59.036 -15.1 -4.368 0.69283 0.25327 -0.14478 0.65945 3 
68.628 -37.295 -3.661 0.07469 0.97809 -0.09374 -0.17025 1 119.082 8.409 -10.037 0.35389 -0.78866 0.4405 -0.24235 2 57.816 -15.228 -7.552 0.61792 0.21732 -0.11683 0.74652 3 
67.885 -35.813 -3.786 0.08496 0.96908 -0.17294 -0.15416 1 119.738 8.772 -10.068 0.35127 -0.78972 0.44352 -0.23716 2 57.642 -15.601 -9.688 0.55115 0.17922 -0.11791 0.80635 3 
67.402 -34.59 -3.552 0.09525 0.96179 -0.19824 -0.16305 1 120.253 9.011 -10.082 0.34552 -0.79229 0.44728 -0.22984 2 57.577 -14.807 -9.854 0.5335 0.1737 -0.13949 0.81593 3 
66.888 -33.597 -2.823 0.10272 0.95716 -0.20314 -0.17898 1 120.586 9.093 -10.135 0.33963 -0.79414 0.45186 -0.22318 2 57.2 -13.646 -9.171 0.53243 0.18025 -0.16095 0.81125 3 
66.483 -32.528 -1.82 0.10775 0.94404 -0.24062 -0.19819 1 120.707 9.152 -10.131 0.33808 -0.79408 0.45526 -0.21881 2 56.54 -13.475 -8.998 0.49741 0.18258 -0.18335 0.82803 3 
66.382 -32.059 -0.899 0.11009 0.93412 -0.25982 -0.21862 1 120.719 9.157 -10.18 0.33708 -0.79412 0.45761 -0.21529 2 56.166 -13.284 -8.433 0.47924 0.19284 -0.20636 0.831 3 
66.647 -31.683 -0.276 0.11363 0.9257 -0.27207 -0.23694 1 120.596 9.221 -10.191 0.33874 -0.79292 0.45906 -0.21401 2 56.271 -13.067 -8.02 0.46591 0.20104 -0.22809 0.83095 3 
66.958 -31.411 -0.054 0.11808 0.9212 -0.27843 -0.24479 1 120.395 9.323 -10.198 0.34274 -0.79047 0.45979 -0.21512 2 56.722 -12.852 -7.877 0.46061 0.20107 -0.24138 0.83015 3 
67.116 -31.43 -0.155 0.11942 0.92192 -0.27653 -0.24359 1 120.256 9.442 -10.24 0.3466 -0.78837 0.4593 -0.21767 2 57.036 -12.779 -7.918 0.46385 0.19937 -0.24282 0.82833 3 
67.194 -31.542 -0.348 0.1195 0.92202 -0.27966 -0.23957 1 120.178 9.539 -10.221 0.34693 -0.78787 0.45897 -0.21963 2 57.205 -13.043 -8.18 0.46178 0.19471 -0.24112 0.83109 3 
67.231 -31.757 -0.486 0.1196 0.92352 -0.27721 -0.23658 1 120.058 9.582 -10.218 0.34843 -0.78697 0.45837 -0.22176 2 57.358 -13.189 -8.266 0.46466 0.19241 -0.23933 0.83054 3 
67.297 -31.93 -0.499 0.12154 0.92384 -0.27389 -0.2382 1 119.897 9.579 -10.233 0.35018 -0.78561 0.45825 -0.22404 2 57.547 -13.193 -8.198 0.46822 0.19295 -0.24243 0.82751 3 
67.294 -32.077 -0.446 0.12339 0.92319 -0.27324 -0.24049 1 119.723 9.553 -10.235 0.3508 -0.78493 0.45834 -0.2253 2 57.63 -13.262 -8.136 0.46876 0.19316 -0.2463 0.82601 3 
67.222 -32.289 -0.466 0.12312 0.92482 -0.26648 -0.24193 1 119.566 9.419 -10.215 0.35163 -0.78421 0.45852 -0.22611 2 57.566 -13.224 -7.995 0.47469 0.19642 -0.2462 0.82187 3 
67.144 -32.429 -0.534 0.12494 0.92615 -0.26034 -0.24262 1 119.456 9.342 -10.215 0.35099 -0.78458 0.45822 -0.22645 2 57.618 -13.142 -7.933 0.48041 0.1967 -0.24721 0.81817 3 
67.061 -32.555 -0.61 0.12889 0.9279 -0.25119 -0.2435 1 119.359 9.227 -10.193 0.35041 -0.78476 0.45791 -0.22734 2 57.842 -12.956 -7.842 0.48824 0.19497 -0.25036 0.81297 3 
66.951 -33.274 -0.758 0.12849 0.938 -0.20888 -0.24498 1 119.307 9.179 -10.218 0.34957 -0.78514 0.45735 -0.22842 2 58.158 -12.478 -7.122 0.52232 0.20309 -0.24914 0.78985 3 
66.676 -34.982 -1.183 0.12004 0.95494 -0.11776 -0.24457 1 119.333 9.114 -10.188 0.34487 -0.78721 0.45626 -0.23065 2 58.355 -12.165 -5.477 0.59128 0.22516 -0.23927 0.7365 3 
66.292 -37.24 -1.92 0.10791 0.96351 -0.0033 -0.24495 1 119.27 9.057 -10.153 0.34107 -0.78931 0.45375 -0.23403 2 58.611 -12.837 -3.273 0.67208 0.25198 -0.23204 0.65649 3 
65.649 -39.469 -2.824 0.0858 0.95901 0.12512 -0.23936 1 119.016 8.871 -10.09 0.33848 -0.79043 0.45082 -0.2396 2 58.368 -14.792 -0.706 0.75359 0.27583 -0.21498 0.5566 3 
64.674 -41.866 -3.859 0.05411 0.93303 0.2644 -0.23795 1 118.616 8.604 -10.054 0.3379 -0.79055 0.44765 -0.24587 2 57.749 -18.906 2.332 0.83232 0.30022 -0.19665 0.42242 3 
63.361 -44.922 -5.071 0.02547 0.87931 0.41675 -0.22908 1 118.196 8.233 -9.994 0.33495 -0.79159 0.4443 -0.25259 2 57.419 -26.404 5.332 0.90564 0.29688 -0.17248 0.24887 3 
62.18 -46.82 -6.091 -0.00914 0.82237 0.51761 -0.236 1 117.698 7.725 -9.895 0.33379 -0.79202 0.44007 -0.26006 2 56.347 -33.422 6.817 0.93599 0.30046 -0.14544 0.1118 3 
60.717 -47.923 -6.915 -0.0187 0.77094 0.58802 -0.24398 1 117.263 7.183 -9.805 0.33147 -0.79289 0.43489 -0.26894 2 55.969 -38.645 7.34 0.94576 0.29178 -0.14238 0.01123 3 
59.17 -48.42 -7.543 -0.01756 0.73136 0.63283 -0.25364 1 117.007 6.61 -9.689 0.32738 -0.79424 0.4303 -0.27721 2 55.794 -41.973 7.349 0.945 0.28381 -0.15284 -0.05547 3 
57.615 -48.83 -8.147 -0.01226 0.70755 0.66052 -0.25086 1 116.967 6.042 -9.577 0.31933 -0.79779 0.42618 -0.28273 2 54.967 -43.977 6.978 0.946 0.26866 -0.15553 -0.09336 3 
56.509 -49.006 -8.737 -0.02054 0.69919 0.67101 -0.24587 1 117.096 5.56 -9.438 0.30821 -0.80231 0.42337 -0.28649 2 53.498 -44.949 6.429 0.94686 0.26616 -0.14384 -0.10918 3 
55.644 -49.013 -9.151 -0.02811 0.69283 0.679 -0.24117 1 117.192 5.131 -9.363 0.29829 -0.80697 0.42079 -0.28768 2 52.235 -45.683 6.004 0.94711 0.2652 -0.13242 -0.12292 3 
55.083 -48.968 -9.48 -0.04109 0.69418 0.67855 -0.23662 1 117.185 4.897 -9.264 0.29281 -0.80988 0.41832 -0.28873 2 50.744 -45.822 5.656 0.94846 0.26894 -0.11411 -0.12274 3 
54.736 -48.961 -9.635 -0.0423 0.68301 0.68872 -0.23954 1 117.113 4.684 -9.262 0.28883 -0.81143 0.41693 -0.2904 2 50.462 -46.795 5.559 0.94699 0.26605 -0.11093 -0.14184 3 
54.655 -49.097 -9.721 -0.04841 0.67648 0.69484 -0.23924 1 117.014 4.6 -9.216 0.2902 -0.81 0.4162 -0.29403 2 49.901 -47.644 5.522 0.94636 0.26714 -0.09901 -0.15246 3 
54.653 -49.032 -9.669 -0.04939 0.67672 0.69731 -0.23102 1 117.063 4.632 -9.241 0.29385 -0.80891 0.41612 -0.29352 2 49.684 -47.654 5.537 0.94669 0.2674 -0.09586 -0.15194 3 
55.099 -48.973 -9.59 -0.05621 0.69204 0.69013 -0.20408 1 117.323 4.643 -9.233 0.29545 -0.81056 0.41409 -0.29021 2 49.811 -47.582 5.519 0.94652 0.2677 -0.09779 -0.15124 3 
57.583 -48.962 -9.457 -0.04295 0.68066 0.68988 -0.24273 1 117.745 4.686 -9.253 0.29757 -0.81252 0.4127 -0.28451 2 49.75 -47.61 5.517 0.94662 0.26737 -0.09688 -0.15175 3 
63.129 -48.172 -9.148 0.00011 0.68905 0.64457 -0.33127 1 118.306 4.807 -9.289 0.29815 -0.8136 0.41301 -0.28033 2 49.776 -47.596 5.515 0.94658 0.26751 -0.09714 -0.15161 3 
70.378 -44.382 -8.697 0.11598 0.68019 0.6272 -0.36126 1 118.816 4.881 -9.337 0.30494 -0.81331 0.41051 -0.27754 2 49.782 -47.59 5.512 0.94656 0.26756 -0.09719 -0.1516 3 
78.092 -38.159 -8.531 0.2372 0.68924 0.6183 -0.29391 1 119.317 5.035 -9.249 0.31614 -0.81349 0.39909 -0.28109 2 49.771 -47.595 5.507 0.94658 0.26748 -0.09722 -0.15164 3 
85.134 -31.072 -8.769 0.39382 0.67687 0.61467 -0.09455 1 120.163 5.523 -8.878 0.31715 -0.82185 0.37622 -0.2871 2 49.776 -47.593 5.515 0.94657 0.26755 -0.0972 -0.15157 3 
91.638 -24.425 -9.145 0.4949 0.6185 0.59871 0.11865 1 121.093 6.716 -8.61 0.30782 -0.8372 0.34719 -0.2895 2 49.787 -47.586 5.511 0.94655 0.26759 -0.09728 -0.15158 3 
97.086 -18.133 -8.749 0.54443 0.53639 0.60619 0.22003 1 122.193 10.011 -8.406 0.25411 -0.87001 0.32643 -0.26826 2 49.778 -47.59 5.517 0.94657 0.26756 -0.09721 -0.15156 3 
100.441 -10.952 -8.078 0.55507 0.45473 0.63329 0.28994 1 123.432 15.887 -8.477 0.09788 -0.91075 0.34678 -0.20176 2 49.782 -47.589 5.516 0.94656 0.2676 -0.09723 -0.15156 3 
102.767 -2.644 -7.559 0.57834 0.38427 0.62539 0.356 1 123.989 22.063 -8.783 -0.06146 -0.91893 0.37864 -0.09181 2 49.781 -47.588 5.516 0.94656 0.26758 -0.09725 -0.15156 3 
105.945 6.897 -6.837 0.63379 0.29449 0.57468 0.42583 1 123.281 28.567 -8.88 -0.14553 -0.89794 0.41535 -0.00294 2 49.785 -47.585 5.516 0.94654 0.26765 -0.09724 -0.15156 3 
108.174 17.419 -7.095 0.57666 0.26428 0.63099 0.44662 1 121.481 35.275 -8.875 -0.1784 -0.88276 0.43287 0.03913 2 49.779 -47.591 5.514 0.94656 0.26756 -0.09727 -0.15157 3 
106.357 26.514 -7.96 0.53437 0.32864 0.65295 0.42439 1 118.006 42.064 -9.216 -0.19964 -0.86702 0.45346 0.05286 2 49.778 -47.589 5.515 0.94655 0.26759 -0.09725 -0.15157 3 
99.576 33.859 -9.645 0.40449 0.46445 0.67182 0.4115 1 113.18 47.48 -9.129 -0.25447 -0.85414 0.45167 0.04105 2 49.781 -47.589 5.513 0.94655 0.26758 -0.09729 -0.15156 3 
90.984 37.284 -11.187 0.27824 0.59298 0.64296 0.39694 1 107.288 51.407 -9.593 -0.2506 -0.83299 0.49263 -0.02533 2 49.779 -47.591 5.517 0.94655 0.26761 -0.09726 -0.15156 3 
85.016 38.322 -12.232 0.25642 0.69117 0.52438 0.42609 1 101.216 54.8 -10.55 -0.22868 -0.83045 0.50291 -0.07176 2 49.778 -47.59 5.515 0.94655 0.26759 -0.0973 -0.15156 3 
82.042 39.439 -13.216 0.23067 0.71431 0.45758 0.47663 1 97.062 57.221 -11.527 -0.22357 -0.81512 0.52209 -0.11409 2 49.779 -47.59 5.514 0.94655 0.26759 -0.09732 -0.15155 3 
80.767 40.267 -13.915 0.22075 0.70659 0.42046 0.5246 1 94.794 58.993 -12.219 -0.22765 -0.80358 0.53058 -0.14465 2 49.78 -47.59 5.517 0.94655 0.26761 -0.09731 -0.15154 3 
80.091 40.979 -14.067 0.22879 0.70426 0.39114 0.54653 1 93.613 59.794 -12.783 -0.22995 -0.80185 0.52709 -0.1623 2 49.78 -47.59 5.514 0.94655 0.2676 -0.09734 -0.15154 3 
79.989 41.482 -14.192 0.22301 0.70894 0.34464 0.57349 1 92.703 60.072 -13.225 -0.22034 -0.79569 0.54153 -0.15831 2 49.777 -47.591 5.515 0.94655 0.26757 -0.09735 -0.15155 3 
79.547 41.673 -14.012 0.20594 0.70544 0.34382 0.58458 1 91.274 60.826 -14.227 -0.21994 -0.7952 0.54121 -0.16241 2 49.777 -47.594 5.516 0.94656 0.26755 -0.09732 -0.15154 3 
79.227 42.043 -13.964 0.20019 0.71363 0.33154 0.58372 1 91.029 60.904 -14.472 -0.24644 -0.79544 0.53108 -0.15648 2 49.78 -47.589 5.516 0.94655 0.2676 -0.09732 -0.15154 3 
79.166 42.142 -13.986 0.20035 0.71455 0.3306 0.58308 1 91.507 60.576 -13.77 -0.28615 -0.80859 0.49658 -0.13307 2 49.779 -47.59 5.516 0.94656 0.26757 -0.09733 -0.15154 3 
