126.576 -30.028 -13.205 0.48327 0.70212 0.47837 0.21129 1 128.666 12.23 -9.934 0.41655 -0.80434 0.40648 -0.11954 2 108.377 -30.757 -6.592 0.98264 0.16649 -0.07053 -0.04165 3 
126.376 -30.059 -13.184 0.48813 0.69845 0.477 0.21532 1 128.972 12.284 -9.969 0.41123 -0.80759 0.40647 -0.116 2 108.381 -30.755 -6.596 0.98264 0.16645 -0.07054 -0.04163 3 
126.363 -30.006 -13.222 0.48832 0.69758 0.47781 0.21594 1 129.119 12.325 -9.964 0.40916 -0.8084 0.40701 -0.11586 2 108.38 -30.768 -6.589 0.98264 0.16647 -0.07049 -0.04165 3 
126.457 -29.994 -13.214 0.48651 0.69913 0.47738 0.21594 1 129.075 12.369 -9.963 0.41133 -0.80623 0.40888 -0.11667 2 108.382 -30.746 -6.6 0.98263 0.16651 -0.07054 -0.04168 3 
126.621 -29.94 -13.161 0.48318 0.70142 0.47818 0.21424 1 128.838 12.377 -9.981 0.41605 -0.80279 0.41059 -0.11767 2 108.38 -30.758 -6.593 0.98264 0.16645 -0.07054 -0.0417 3 
126.827 -29.839 -13.201 0.47893 0.70483 0.47865 0.2115 1 128.491 12.447 -10.027 0.42247 -0.79921 0.41053 -0.11935 2 108.382 -30.755 -6.597 0.98262 0.16657 -0.07052 -0.04168 3 
126.995 -29.782 -13.152 0.4756 0.70845 0.47786 0.20871 1 128.122 12.483 -10.052 0.42753 -0.79595 0.41057 -0.1229 2 108.379 -30.757 -6.582 0.98264 0.16647 -0.07049 -0.04161 3 
126.819 -30.963 -12.986 0.47698 0.71948 0.45073 0.22735 1 127.891 12.598 -10.003 0.42898 -0.79421 0.41008 -0.13056 2 108.384 -30.746 -6.589 0.98262 0.16657 -0.07049 -0.0417 3 
128.397 -33.078 -13.865 0.34053 0.79621 0.46393 0.18668 1 127.723 12.742 -9.935 0.42431 -0.79463 0.41155 -0.13835 2 108.38 -30.756 -6.594 0.98263 0.16652 -0.07056 -0.04163 3 
129.789 -33.607 -15.213 0.11163 0.86177 0.49044 0.06599 1 127.288 12.828 -9.879 0.43127 -0.79147 0.40832 -0.14442 2 108.376 -30.752 -6.595 0.98264 0.16647 -0.07053 -0.04172 3 
126.231 -34.167 -16.232 0.02363 0.85065 0.52268 -0.05137 1 126.503 12.839 -9.912 0.44874 -0.78252 0.40264 -0.15551 2 108.386 -30.746 -6.593 0.98262 0.16658 -0.07051 -0.04172 3 
121.446 -34.248 -17.24 0.02028 0.83603 0.54218 -0.0818 1 125.966 12.693 -9.874 0.46117 -0.77564 0.39765 -0.16607 2 108.384 -30.746 -6.601 0.98261 0.16658 -0.07057 -0.04177 3 
118.32 -33.4 -17.835 0.02276 0.82752 0.55093 -0.10569 1 126.025 12.634 -9.805 0.46063 -0.77743 0.39293 -0.17036 2 108.378 -30.752 -6.589 0.98265 0.16644 -0.07049 -0.04166 3 
117.136 -32.597 -18.33 0.00484 0.80048 0.57367 -0.17354 1 126.57 12.645 -9.698 0.44622 -0.787 0.39121 -0.16873 2 107.969 -30.845 -6.57 0.9831 0.16612 -0.06409 -0.04259 3 
116.865 -32.212 -18.61 -0.03094 0.77363 0.58757 -0.23516 1 127.3 12.687 -9.614 0.42438 -0.79967 0.3913 -0.16526 2 107.889 -30.851 -6.584 0.98621 0.14617 -0.0659 -0.04098 3 
116.44 -31.853 -18.5 -0.04863 0.76834 0.58264 -0.26044 1 127.781 12.678 -9.568 0.41176 -0.8069 0.39027 -0.16447 2 107.281 -30.882 -6.574 0.98469 0.15662 -0.06345 -0.04278 3 
115.879 -30.654 -18.027 -0.0927 0.76635 0.57089 -0.27963 1 128.249 12.651 -9.511 0.4015 -0.81154 0.3923 -0.16218 2 104.89 -31.067 -6.43 0.98002 0.19142 -0.02418 -0.04827 3 
114.442 -30.008 -17.06 -0.09341 0.76216 0.56741 -0.29737 1 128.883 12.573 -9.445 0.37922 -0.82069 0.39684 -0.15868 2 103.141 -30.713 -5.464 0.97838 0.19866 -0.01311 -0.05591 3 
111.327 -30.178 -15.117 -0.0651 0.76016 0.5558 -0.33016 1 129.482 12.51 -9.413 0.35872 -0.82832 0.40252 -0.15225 2 101.402 -30.047 -3.294 0.97775 0.19854 -0.04253 -0.05268 3 
106.915 -30.422 -12.762 -0.05061 0.77852 0.52439 -0.34113 1 129.84 12.637 -9.374 0.34902 -0.83169 0.40609 -0.14685 2 97.395 -28.36 -1.076 0.97818 0.19924 -0.05731 -0.01313 3 
101.926 -30.241 -10.728 -0.05296 0.81239 0.46562 -0.34701 1 130.119 12.861 -9.406 0.33971 -0.83476 0.41027 -0.13951 2 91.81 -25.677 0.454 0.97332 0.21585 -0.05541 0.0546 3 
96.681 -29.45 -9.183 -0.0763 0.85348 0.39374 -0.33274 1 130.351 13.092 -9.392 0.32888 -0.83729 0.4152 -0.1356 2 84.549 -22.507 0.89 0.96061 0.24066 -0.02284 0.13705 3 
91.394 -28.491 -8.336 -0.09436 0.89721 0.31477 -0.29501 1 130.554 13.339 -9.364 0.31968 -0.83788 0.4212 -0.13543 2 76.797 -19.178 0.059 0.93892 0.25502 0.0289 0.22925 3 
86.586 -27.766 -7.994 -0.10164 0.9334 0.24053 -0.24611 1 130.882 13.678 -9.367 0.30697 -0.83709 0.43141 -0.1376 2 69.951 -16.497 -1.558 0.90928 0.25519 0.08769 0.31685 3 
82.581 -27.33 -7.894 -0.10072 0.95943 0.17367 -0.19794 1 131.261 13.923 -9.36 0.29164 -0.83784 0.44024 -0.13844 2 64.759 -14.626 -3.382 0.8739 0.24521 0.13835 0.39627 3 
79.676 -27.223 -7.915 -0.09781 0.97421 0.12057 -0.16373 1 131.504 14.13 -9.337 0.27649 -0.84013 0.44599 -0.13723 2 61.184 -13.754 -4.918 0.8386 0.23731 0.17924 0.45641 3 
77.534 -27.243 -7.983 -0.09688 0.98343 0.07342 -0.13452 1 131.62 14.306 -9.268 0.26604 -0.84197 0.44918 -0.13618 2 58.845 -13.351 -6.355 0.80232 0.22668 0.20937 0.51094 3 
76.265 -27.217 -8.114 -0.08923 0.98908 0.02068 -0.11543 1 131.684 14.422 -9.192 0.25894 -0.84263 0.45118 -0.13912 2 57.9 -12.925 -7.922 0.75538 0.21232 0.22444 0.57787 3 
75.703 -27.195 -8.219 -0.09193 0.98941 -0.01087 -0.11182 1 131.809 14.46 -9.12 0.25067 -0.84369 0.4526 -0.14319 2 57.412 -13.079 -8.898 0.71959 0.21004 0.23346 0.61933 3 
75.346 -27.047 -8.221 -0.09432 0.98831 -0.03294 -0.11515 1 131.927 14.464 -9.104 0.24385 -0.84357 0.45571 -0.14583 2 57.172 -13.148 -9.414 0.69515 0.21139 0.23222 0.64665 3 
74.742 -26.795 -7.93 -0.08681 0.98633 -0.07155 -0.12037 1 132.023 14.504 -9.165 0.23925 -0.84177 0.46034 -0.14927 2 56.837 -13.185 -9.989 0.65734 0.20909 0.22892 0.68686 3 
74.168 -26.576 -7.422 -0.07788 0.98345 -0.10371 -0.12652 1 132.215 14.539 -9.207 0.23246 -0.83882 0.46818 -0.15215 2 56.547 -13.104 -10.096 0.63149 0.2085 0.21827 0.71422 3 
73.621 -26.381 -7.052 -0.07756 0.98236 -0.10924 -0.13046 1 132.256 14.655 -9.263 0.23177 -0.83625 0.47354 -0.15076 2 56.018 -12.855 -9.758 0.63157 0.21286 0.21036 0.71523 3 
73.11 -26.042 -6.699 -0.06721 0.97912 -0.13944 -0.13175 1 132.271 14.689 -9.296 0.22829 -0.83591 0.47721 -0.14631 2 55.913 -12.709 -10 0.6069 0.20663 0.2011 0.74063 3 
72.866 -25.961 -6.415 -0.05925 0.97621 -0.15999 -0.1338 1 132.373 14.646 -9.355 0.22349 -0.83556 0.48137 -0.14202 2 56.023 -12.724 -10.126 0.58943 0.20197 0.19082 0.75853 3 
72.759 -26.105 -6.281 -0.06306 0.9767 -0.15578 -0.13347 1 132.37 14.667 -9.392 0.22499 -0.83399 0.48388 -0.14033 2 55.818 -12.832 -9.923 0.5937 0.2048 0.19146 0.75427 3 
72.873 -26.106 -6.238 -0.05783 0.97554 -0.16755 -0.13002 1 132.334 14.689 -9.416 0.22583 -0.83318 0.48538 -0.13861 2 56.218 -12.935 -10.166 0.58252 0.19782 0.18854 0.7655 3 
73.056 -26.16 -6.208 -0.05344 0.97516 -0.17325 -0.12727 1 132.29 14.695 -9.463 0.2291 -0.8316 0.48678 -0.13784 2 56.662 -12.956 -10.287 0.5782 0.19158 0.18459 0.7713 3 
73.207 -26.29 -6.156 -0.05413 0.97514 -0.17271 -0.1278 1 132.277 14.74 -9.461 0.23284 -0.83038 0.48678 -0.1389 2 56.786 -13.09 -10.239 0.57815 0.1923 0.18434 0.77122 3 
73.336 -26.44 -6.066 -0.05689 0.97518 -0.16952 -0.13058 1 132.333 14.691 -9.514 0.23409 -0.83034 0.4864 -0.1384 2 56.783 -13.203 -10.059 0.58178 0.1967 0.18278 0.76775 3 
73.441 -26.539 -5.973 -0.0582 0.97486 -0.16835 -0.13384 1 132.415 14.684 -9.487 0.23465 -0.83036 0.48596 -0.13886 2 56.79 -13.295 -9.93 0.58265 0.20039 0.18072 0.76662 3 
73.508 -26.587 -5.922 -0.0569 0.97472 -0.16931 -0.13421 1 132.494 14.612 -9.537 0.23571 -0.83046 0.48539 -0.13845 2 56.899 -13.312 -9.914 0.582 0.19968 0.17914 0.76767 3 
73.531 -26.584 -5.947 -0.05695 0.97564 -0.1661 -0.13147 1 132.581 14.542 -9.54 0.236 -0.83055 0.48524 -0.13796 2 56.966 -13.244 -9.915 0.58495 0.19711 0.18096 0.76566 3 
73.509 -26.491 -5.956 -0.05529 0.97565 -0.1664 -0.13178 1 132.715 14.454 -9.513 0.23486 -0.83114 0.48489 -0.13761 2 57.018 -13.109 -9.936 0.58456 0.19554 0.17931 0.76675 3 
73.445 -26.377 -5.933 -0.05465 0.97626 -0.16166 -0.13338 1 132.844 14.36 -9.539 0.23405 -0.83175 0.48454 -0.13648 2 56.95 -12.87 -9.816 0.58912 0.19613 0.17714 0.7636 3 
73.396 -26.294 -5.961 -0.05484 0.97675 -0.15978 -0.13198 1 132.958 14.336 -9.537 0.23371 -0.83198 0.48455 -0.13565 2 56.932 -12.76 -9.828 0.5905 0.19474 0.17791 0.76271 3 
73.379 -26.25 -5.998 -0.05271 0.9768 -0.16315 -0.12828 1 133.093 14.199 -9.518 0.23144 -0.83263 0.48493 -0.1342 2 57.071 -12.752 -9.978 0.58664 0.18964 0.17902 0.76671 3 
73.371 -26.225 -6.026 -0.05315 0.977 -0.16341 -0.1263 1 133.146 14.201 -9.545 0.23178 -0.8329 0.48448 -0.13359 2 57.077 -12.752 -10.028 0.58627 0.18861 0.18091 0.7668 3 
73.535 -26.209 -6.02 -0.05379 0.97766 -0.15744 -0.12845 1 133.163 14.22 -9.521 0.23256 -0.83305 0.4838 -0.13368 2 57.21 -12.589 -9.876 0.59269 0.19028 0.17776 0.76218 3 
74.411 -26.473 -5.924 -0.0583 0.98061 -0.11991 -0.1436 1 133.067 14.326 -9.511 0.23647 -0.83358 0.48124 -0.1328 2 57.733 -12.177 -8.956 0.62718 0.20324 0.16634 0.73326 3 
76.391 -27.252 -5.743 -0.07334 0.98206 -0.015 -0.1731 1 132.768 14.451 -9.562 0.24395 -0.83385 0.47763 -0.13061 2 58.983 -11.993 -6.474 0.7141 0.22993 0.14824 0.64437 3 
79.602 -28.515 -5.609 -0.08491 0.95722 0.16733 -0.22028 1 132.273 14.756 -9.534 0.25488 -0.83261 0.47345 -0.13285 2 62.749 -13.64 -2.057 0.84181 0.24471 0.09681 0.47128 3 
84.4 -30.622 -6.01 -0.08195 0.88659 0.37055 -0.26446 1 131.795 15.004 -9.535 0.26657 -0.83135 0.46874 -0.13448 2 70.726 -19.849 2.351 0.94694 0.21774 0.01768 0.23574 3 
90.33 -32.437 -6.982 -0.06786 0.81251 0.49796 -0.2954 1 131.209 15.3 -9.537 0.28154 -0.82862 0.46385 -0.13773 2 79.6 -26.384 3.753 0.97867 0.18828 -0.03706 0.07333 3 
96.462 -33.385 -8.115 -0.05141 0.77881 0.53956 -0.31574 1 130.429 15.44 -9.631 0.30371 -0.82315 0.45786 -0.14335 2 87.113 -28.91 3.324 0.98103 0.18017 -0.06509 0.02968 3 
101.959 -33.681 -9.519 -0.04412 0.77544 0.53849 -0.32675 1 129.593 15.487 -9.579 0.3321 -0.81492 0.44968 -0.15296 2 92.982 -29.444 2.109 0.97893 0.18664 -0.07746 0.02932 3 
106.738 -33.691 -11.328 -0.03279 0.77461 0.53763 -0.33145 1 128.844 15.451 -9.608 0.36055 -0.80598 0.43972 -0.16446 2 98.277 -29.494 0.465 0.97795 0.18569 -0.09103 0.02916 3 
110.572 -33.198 -13.188 -0.03385 0.77492 0.54021 -0.32639 1 128.417 15.151 -9.594 0.38161 -0.80063 0.42809 -0.17351 2 102.017 -29.497 -1.283 0.97892 0.18202 -0.08963 0.02329 3 
113.512 -32.432 -14.66 -0.04642 0.77346 0.54788 -0.31534 1 128.278 14.739 -9.508 0.39698 -0.7973 0.41763 -0.17974 2 104.462 -29.787 -2.799 0.9805 0.18071 -0.07703 0.00565 3 
115.9 -31.501 -15.851 -0.06281 0.7722 0.5532 -0.30616 1 128.588 14.21 -9.456 0.40199 -0.79802 0.40982 -0.18335 2 106.247 -29.914 -4.032 0.9811 0.18283 -0.0626 -0.00997 3 
117.508 -30.717 -16.817 -0.06958 0.77584 0.55112 -0.29915 1 129.081 13.605 -9.415 0.40462 -0.80095 0.40131 -0.18362 2 107.626 -29.64 -5.092 0.98152 0.18211 -0.0563 -0.01673 3 
118.025 -30.405 -17.58 -0.07434 0.78023 0.5465 -0.29504 1 129.511 13.017 -9.389 0.40588 -0.80482 0.3941 -0.17947 2 107.905 -29.534 -5.941 0.98144 0.18399 -0.05108 -0.01764 3 
118.066 -30.493 -18.276 -0.07898 0.77504 0.54916 -0.30249 1 129.951 12.652 -9.351 0.40648 -0.8085 0.38698 -0.17706 2 108.138 -30.169 -6.539 0.97954 0.19116 -0.05465 -0.03109 3 
117.965 -30.777 -18.459 -0.07503 0.76856 0.55346 -0.31204 1 130.609 12.151 -9.31 0.39888 -0.81492 0.3821 -0.17548 2 108.704 -30.775 -6.586 0.97723 0.19617 -0.06753 -0.04446 3 
117.886 -30.967 -18.559 -0.06617 0.76994 0.55384 -0.30995 1 131.115 11.629 -9.34 0.39237 -0.8203 0.38065 -0.16812 2 108.8 -30.766 -6.598 0.97787 0.19246 -0.06945 -0.04357 3 
117.799 -31.107 -18.591 -0.05858 0.77388 0.55453 -0.3003 1 131.45 11.164 -9.357 0.38987 -0.82226 0.38082 -0.16393 2 108.749 -30.781 -6.595 0.97808 0.1915 -0.06904 -0.04372 3 
118.432 -31.738 -18.501 -0.04319 0.78511 0.57122 -0.23547 1 131.477 10.815 -9.365 0.39467 -0.81965 0.38094 -0.16524 2 108.783 -30.77 -6.596 0.97841 0.18976 -0.06938 -0.04348 3 
124.214 -33.759 -18.473 -0.08096 0.7636 0.61019 -0.19501 1 131.541 10.585 -9.382 0.39365 -0.8203 0.37933 -0.1681 2 108.818 -30.697 -6.603 0.97829 0.19031 -0.0696 -0.04341 3 
130.101 -36.175 -16.572 0.04841 0.85228 0.51978 -0.0332 1 131.79 10.253 -9.349 0.3877 -0.82282 0.37926 -0.16976 2 108.798 -30.743 -6.582 0.97836 0.19003 -0.06934 -0.0435 3 
129.547 -41.32 -13.329 0.38915 0.84839 0.29026 0.21104 1 131.642 10.059 -9.291 0.39861 -0.81944 0.37237 -0.17597 2 108.803 -30.739 -6.59 0.97838 0.18992 -0.06948 -0.04336 3 
130.173 -36.396 -13.252 0.4882 0.75077 0.36762 0.2507 1 131.511 9.757 -9.395 0.40676 -0.81453 0.37468 -0.17524 2 108.801 -30.746 -6.602 0.97834 0.19005 -0.06954 -0.04357 3 
131.346 -31.654 -14.246 0.44205 0.72115 0.50306 0.17738 1 132.036 9.59 -9.35 0.39367 -0.81795 0.38437 -0.16804 2 108.797 -30.748 -6.598 0.97838 0.18987 -0.06953 -0.04343 3 
130.599 -32.598 -13.969 0.46325 0.71497 0.47739 0.2152 1 132.615 9.726 -9.403 0.39006 -0.82162 0.3845 -0.15796 2 108.799 -30.751 -6.605 0.97838 0.18985 -0.06958 -0.04343 3 
128.391 -35.248 -13.822 0.50967 0.70573 0.40747 0.27594 1 133.102 10.146 -9.004 0.39393 -0.82929 0.34654 -0.19236 2 108.795 -30.757 -6.602 0.97837 0.18988 -0.06956 -0.04355 3 
127.443 -38.575 -15.347 0.35564 0.77232 0.39632 0.34637 1 133.013 12.542 -8.488 0.34198 -0.86076 0.27405 -0.25892 2 108.798 -30.75 -6.599 0.97838 0.18989 -0.06955 -0.04345 3 
129.515 -32.791 -17.371 0.07299 0.71676 0.67541 0.15733 1 132.805 18.923 -8.326 0.14562 -0.92494 0.26467 -0.23072 2 108.797 -30.751 -6.604 0.97836 0.18993 -0.06953 -0.04355 3 
121.294 -27.739 -14.238 0.2114 0.67006 0.70516 0.0953 1 131.229 25.378 -8.105 -0.07531 -0.93001 0.34805 -0.09097 2 108.801 -30.739 -6.591 0.97835 0.19002 -0.06947 -0.04349 3 
114.109 -16.933 -11.518 0.34834 0.55594 0.7319 0.18415 1 128.44 30.039 -8.022 -0.12998 -0.90317 0.40901 0.0097 2 108.8 -30.74 -6.602 0.97834 0.19005 -0.06952 -0.0435 3 
109.118 -3.416 -9.891 0.43748 0.44883 0.71053 0.31987 1 124.952 34.18 -7.998 -0.11291 -0.89344 0.43306 0.03856 2 108.8 -30.748 -6.601 0.97836 0.18996 -0.06956 -0.0435 3 
106.131 8.145 -7.986 0.49808 0.44015 0.64599 0.37534 1 121.256 38.405 -8.159 -0.09836 -0.88483 0.45224 0.05373 2 108.802 -30.737 -6.587 0.97837 0.18997 -0.06944 -0.04335 3 
101.775 16.595 -6.327 0.53342 0.54119 0.57526 0.30274 1 117.24 42.669 -8.086 -0.12677 -0.87762 0.45776 0.0646 2 108.815 -30.727 -6.613 0.97837 0.18985 -0.06972 -0.04342 3 
95.534 23.827 -5.921 0.50733 0.65219 0.51251 0.23367 1 113.587 46.433 -8.015 -0.1746 -0.87452 0.44474 0.08324 2 108.832 -30.685 -6.597 0.97833 0.19009 -0.06974 -0.04321 3 
89.541 29.496 -7.02 0.44241 0.7276 0.4597 0.25208 1 110.245 50.213 -8.151 -0.21603 -0.85117 0.47211 0.07712 2 108.827 -30.697 -6.601 0.97836 0.18998 -0.0697 -0.04325 3 
85.466 33.815 -9.059 0.38489 0.74416 0.43628 0.32824 1 107.079 53.493 -8.802 -0.25108 -0.8191 0.51521 0.02437 2 108.839 -30.679 -6.619 0.97833 0.19008 -0.06985 -0.04323 3 
83.012 36.283 -10.846 0.34131 0.77341 0.38551 0.36977 1 104.244 55.473 -9.179 -0.24835 -0.80673 0.53427 -0.04537 2 108.839 -30.682 -6.603 0.97835 0.19 -0.06976 -0.0432 3 
81.696 37.69 -11.876 0.31838 0.77093 0.36222 0.41605 1 101.418 56.463 -9.957 -0.23811 -0.8089 0.52946 -0.09303 2 108.836 -30.687 -6.602 0.97837 0.18988 -0.06985 -0.04314 3 
80.827 39.289 -12.716 0.31655 0.7648 0.35218 0.43686 1 98.722 57.158 -10.673 -0.23492 -0.80927 0.52077 -0.13675 2 108.844 -30.685 -6.592 0.97837 0.1899 -0.06979 -0.04309 3 
80.077 40.484 -13.237 0.30613 0.76537 0.33508 0.4563 1 96.362 58.001 -11.417 -0.23169 -0.80188 0.52562 -0.16441 2 108.844 -30.683 -6.58 0.97837 0.18992 -0.06974 -0.04312 3 
79.564 41.422 -13.57 0.28703 0.76815 0.30068 0.48698 1 94.549 59.039 -12.256 -0.2337 -0.80049 0.52551 -0.16864 2 108.843 -30.678 -6.604 0.97837 0.18988 -0.06986 -0.0431 3 
78.91 41.656 -13.738 0.26848 0.77585 0.29028 0.49165 1 93.197 59.897 -12.525 -0.24855 -0.79974 0.51533 -0.18185 2 108.846 -30.675 -6.585 0.97836 0.18996 -0.06981 -0.04299 3 
78.745 41.754 -13.624 0.267 0.78087 0.27102 0.49548 1 91.935 60.717 -13.317 -0.26441 -0.80181 0.50153 -0.18882 2 108.844 -30.671 -6.595 0.97836 0.18998 -0.06977 -0.04311 3 
78.61 42.021 -13.704 0.26713 0.78281 0.26579 0.49518 1 91.366 61.058 -13.638 -0.28471 -0.80043 0.48371 -0.21042 2 108.851 -30.667 -6.589 0.97836 0.18998 -0.06977 -0.04303 3 
78.688 42.103 -13.648 0.26823 0.78587 0.26132 0.49211 1 91.301 61.005 -13.985 -0.28072 -0.79138 0.50358 -0.20328 2 108.849 -30.676 -6.6 0.97835 0.18996 -0.06983 -0.04316 3 
79.14 41.646 -13.493 0.27671 0.77053 0.31011 0.48326 1 92.193 60.882 -13.176 -0.27218 -0.79353 0.51339 -0.18073 2 108.849 -30.675 -6.596 0.97838 0.18985 -0.06986 -0.04301 3 
82.473 40.366 -12.374 0.32855 0.75204 0.37819 0.42833 1 95.406 59.998 -11.484 -0.27006 -0.80008 0.51596 -0.14394 2 108.849 -30.677 -6.592 0.97838 0.18984 -0.06983 -0.04307 3 
85.687 39.49 -11.719 0.35489 0.74336 0.38656 0.41477 1 98.929 59.35 -10.829 -0.29677 -0.79951 0.50415 -0.13617 2 108.846 -30.679 -6.598 0.97836 0.18994 -0.06982 -0.04313 3 
83.887 38.515 -12.06 0.34339 0.81234 0.3141 0.35147 1 99.659 59.453 -10.794 -0.28928 -0.80315 0.50123 -0.14153 2 108.833 -30.702 -6.605 0.97838 0.18982 -0.06979 -0.04324 3 
81.336 39.34 -12.653 0.34947 0.81094 0.26718 0.38584 1 97.122 59.414 -11.55 -0.2539 -0.8108 0.50565 -0.14984 2 108.844 -30.68 -6.592 0.97835 0.19003 -0.06971 -0.04311 3 
80.42 40.703 -13.454 0.35146 0.79164 0.2357 0.4407 1 94.679 59.876 -12.383 -0.24559 -0.81479 0.49886 -0.16417 2 108.844 -30.679 -6.6 0.97836 0.18996 -0.0698 -0.04314 3 
79.931 41.836 -14.104 0.33975 0.77881 0.21854 0.47987 1 92.986 60.407 -12.969 -0.24446 -0.81415 0.49512 -0.17959 2 108.842 -30.682 -6.591 0.97836 0.18997 -0.0698 -0.04308 3 
