119.293 -30.505 -13.141 0.51477 0.68904 0.47738 0.17983 1 118.075 10.48 -9.857 0.48757 -0.77545 0.376 -0.13992 2 52.532 17.505 -2.209 0.99284 0.00927 -0.10851 0.04916 3 
119.073 -30.631 -13.16 0.51738 0.6871 0.47627 0.18269 1 118.113 10.413 -9.837 0.48452 -0.77677 0.378 -0.1378 2 52.533 17.506 -2.209 0.99284 0.00927 -0.10851 0.04916 3 
118.821 -30.754 -13.151 0.52062 0.68469 0.4748 0.18634 1 118.118 10.346 -9.852 0.48207 -0.77778 0.37983 -0.1356 2 52.532 17.507 -2.209 0.99284 0.00928 -0.10851 0.04918 3 
118.646 -30.785 -13.131 0.5218 0.68342 0.47446 0.18854 1 118.108 10.291 -9.882 0.48006 -0.77878 0.38054 -0.13502 2 52.533 17.505 -2.208 0.99284 0.00927 -0.1085 0.04916 3 
118.543 -30.786 -13.134 0.52208 0.68302 0.47431 0.18956 1 118.078 10.309 -9.874 0.47861 -0.77917 0.38136 -0.13562 2 52.533 17.508 -2.21 0.99283 0.00929 -0.10852 0.04917 3 
118.427 -30.799 -13.133 0.52057 0.68355 0.47468 0.19088 1 117.835 10.364 -9.792 0.47954 -0.77807 0.37568 -0.15336 2 52.531 17.505 -2.208 0.99284 0.00927 -0.1085 0.04916 3 
118.144 -31.001 -13.085 0.51896 0.68526 0.47253 0.19449 1 116.454 12.242 -9.262 0.46836 -0.80487 0.32729 -0.16034 2 52.532 17.505 -2.208 0.99284 0.00928 -0.1085 0.04917 3 
117.9 -31.041 -13.053 0.5166 0.68698 0.47145 0.19726 1 112.204 16.717 -8.936 0.29644 -0.87348 0.37694 -0.08406 2 52.532 17.508 -2.209 0.99284 0.00929 -0.10851 0.04917 3 
117.47 -31.057 -13.048 0.51843 0.68567 0.46858 0.20378 1 104.616 18.751 -8.017 0.15823 -0.88439 0.43519 0.05857 2 52.532 17.504 -2.21 0.99283 0.00926 -0.10852 0.04916 3 
117.063 -31.007 -12.957 0.52019 0.68445 0.46457 0.2124 1 95.725 19.635 -7.075 0.10406 -0.87841 0.44567 0.13764 2 52.531 17.506 -2.21 0.99284 0.00931 -0.10851 0.04916 3 
116.878 -30.808 -12.885 0.51716 0.6854 0.46379 0.21833 1 86.117 20.957 -6.759 0.03249 -0.87094 0.47126 0.13531 2 52.527 17.501 -2.209 0.99284 0.00928 -0.10851 0.04914 3 
117.031 -30.344 -12.83 0.50148 0.69231 0.4689 0.22217 1 78.26 21.503 -7.121 -0.04105 -0.8763 0.46839 0.105 2 52.53 17.502 -2.209 0.99283 0.00932 -0.10852 0.04915 3 
117.27 -29.751 -12.757 0.4809 0.69965 0.47615 0.22914 1 72.12 21.061 -7.843 -0.08366 -0.88537 0.4539 0.05559 2 52.535 17.509 -2.21 0.99283 0.00931 -0.10854 0.04918 3 
117.46 -28.948 -12.638 0.45579 0.70706 0.4845 0.23995 1 67.402 20.348 -8.698 -0.10521 -0.88728 0.4486 0.02047 2 52.538 17.513 -2.21 0.99283 0.00931 -0.10854 0.04922 3 
117.541 -28.11 -12.494 0.4301 0.71398 0.49276 0.24985 1 63.925 19.941 -9.559 -0.11724 -0.8858 0.44899 -0.00362 2 52.541 17.514 -2.212 0.99282 0.00932 -0.10859 0.04923 3 
117.6 -27.283 -12.291 0.40689 0.71963 0.49888 0.26019 1 61.842 19.788 -10.367 -0.13633 -0.87184 0.47043 0.00059 2 52.543 17.52 -2.213 0.99282 0.00936 -0.1086 0.04926 3 
117.437 -26.628 -12.15 0.38928 0.72345 0.50116 0.27188 1 60.747 19.681 -10.82 -0.14285 -0.86931 0.4705 0.05026 2 52.496 17.507 -2.21 0.99287 0.0095 -0.10818 0.04924 3 
117.291 -26.001 -12.103 0.37687 0.7246 0.50515 0.27882 1 60.325 19.855 -11.188 -0.15034 -0.8566 0.48385 0.0976 2 52.003 17.507 -2.175 0.99354 0.00974 -0.10134 0.05022 3 
117.213 -25.522 -11.967 0.3679 0.72539 0.50607 0.28695 1 60.03 19.694 -11.415 -0.14099 -0.85758 0.4769 0.13128 2 51.836 17.461 -2.163 0.99369 0.01065 -0.0998 0.05006 3 
117.272 -25.108 -11.885 0.35921 0.72774 0.50742 0.28963 1 59.634 19.693 -11.428 -0.13975 -0.85092 0.48336 0.15092 2 51.485 17.409 -2.132 0.9941 0.00965 -0.09575 0.05001 3 
117.439 -24.891 -11.873 0.35691 0.72935 0.50797 0.28746 1 59.259 19.702 -11.31 -0.14603 -0.84304 0.4924 0.15968 2 50.948 17.577 -2.07 0.9946 0.01635 -0.08811 0.05232 3 
117.849 -24.845 -11.796 0.35161 0.73247 0.50886 0.28447 1 59.244 19.516 -11.154 -0.1744 -0.83636 0.48722 0.18083 2 50.189 17.957 -1.952 0.99563 -0.01342 -0.06748 0.06313 3 
118.442 -24.794 -11.799 0.34057 0.73742 0.51123 0.28084 1 60.068 19.079 -10.489 -0.15518 -0.84645 0.46374 0.21071 2 51.047 16.792 -1.212 0.99694 -0.01758 -0.06454 0.04045 3 
118.54 -25.012 -11.839 0.34348 0.73635 0.51126 0.28005 1 61.261 17.665 -9.048 -0.07324 -0.8798 0.39526 0.25368 2 54.148 12.176 0.154 0.99282 0.00937 -0.10551 -0.05554 3 
118.244 -25.619 -11.988 0.36098 0.72995 0.50848 0.27985 1 62.174 15.086 -7.381 0.00647 -0.91735 0.26834 0.29398 2 56.781 4.752 0.602 0.96619 0.02003 -0.13316 -0.21988 3 
118.316 -26.142 -12.155 0.37288 0.72585 0.50846 0.27492 1 62.816 11.936 -6.328 0.05743 -0.93561 0.13817 0.31974 2 57.93 -2.06 -0.305 0.92099 0.01611 -0.12949 -0.36709 3 
118.892 -26.61 -12.355 0.37559 0.72531 0.51223 0.26548 1 62.938 9.302 -5.995 0.08771 -0.9389 0.0607 0.32726 2 58.14 -6.394 -1.381 0.88705 0.02168 -0.11472 -0.44667 3 
119.839 -27.02 -12.585 0.37332 0.72619 0.51885 0.25314 1 62.614 7.118 -6.131 0.11804 -0.94009 -0.01437 0.31952 2 58.032 -9.751 -3.107 0.84939 0.03441 -0.09815 -0.51742 3 
120.963 -27.273 -12.742 0.36568 0.72862 0.52687 0.24041 1 62.014 5.271 -6.493 0.14624 -0.93374 -0.11209 0.30687 2 57.578 -12.469 -5.673 0.79089 0.04519 -0.07614 -0.60552 3 
122.024 -27.593 -12.916 0.35696 0.731 0.53515 0.22769 1 61.281 4.071 -6.803 0.1643 -0.92508 -0.17904 0.29185 2 57.097 -13.812 -7.519 0.74451 0.05635 -0.06105 -0.66243 3 
122.902 -27.868 -13.094 0.34875 0.73257 0.54249 0.21776 1 60.679 3.514 -6.902 0.16458 -0.92155 -0.21137 0.28103 2 56.509 -14.237 -8.335 0.72129 0.05897 -0.05412 -0.68799 3 
123.583 -28.271 -13.18 0.34321 0.73381 0.54752 0.20964 1 60.174 3.216 -7.031 0.16513 -0.91132 -0.25948 0.27367 2 55.902 -14.173 -9.568 0.68098 0.05611 -0.04747 -0.7286 3 
124.018 -28.567 -13.328 0.3397 0.73471 0.55104 0.20287 1 59.945 3.153 -7.136 0.17406 -0.89516 -0.31131 0.26735 2 56.089 -13.648 -10.927 0.62915 0.06602 -0.0461 -0.7731 3 
124.255 -28.885 -13.425 0.33892 0.73384 0.55435 0.19826 1 60.188 3.065 -6.967 0.17697 -0.89134 -0.31283 0.27629 2 56.497 -13.799 -10.731 0.62745 0.06205 -0.06036 -0.77383 3 
124.292 -29.275 -13.426 0.3418 0.73275 0.55474 0.19628 1 60.257 2.889 -6.566 0.16309 -0.8921 -0.30223 0.29362 2 55.948 -14.116 -9.983 0.638 0.03932 -0.07087 -0.76576 3 
124.378 -29.522 -13.531 0.34331 0.73269 0.55521 0.19246 1 60.246 2.813 -6.106 0.16531 -0.87716 -0.32524 0.31222 2 55.956 -13.973 -9.915 0.61613 0.02906 -0.09241 -0.78166 3 
124.357 -29.791 -13.582 0.34639 0.73195 0.555 0.19035 1 60.262 2.91 -5.558 0.16201 -0.86558 -0.33969 0.33034 2 55.752 -13.734 -9.576 0.60119 0.01522 -0.10911 -0.79147 3 
124.324 -29.912 -13.588 0.3497 0.73145 0.554 0.18913 1 60.339 3.219 -4.984 0.1508 -0.86205 -0.33833 0.34591 2 55.32 -13.458 -8.861 0.60246 -0.00448 -0.11907 -0.7892 3 
124.275 -30.044 -13.602 0.35332 0.73049 0.55334 0.18807 1 60.631 3.391 -4.605 0.15349 -0.85084 -0.35158 0.35904 2 55.617 -13.184 -8.695 0.58964 -0.01047 -0.13334 -0.79652 3 
124.208 -30.146 -13.63 0.35818 0.72928 0.55188 0.18785 1 60.905 3.313 -4.407 0.15732 -0.84444 -0.35847 0.36561 2 55.958 -13.22 -8.636 0.58163 -0.01178 -0.14084 -0.80108 3 
124.391 -30.021 -13.632 0.35683 0.72977 0.55244 0.18686 1 61.095 3.281 -4.35 0.15711 -0.8472 -0.35087 0.36667 2 56.212 -13.398 -8.42 0.58908 -0.01212 -0.1423 -0.79536 3 
124.676 -30.004 -13.599 0.35493 0.73051 0.55281 0.18649 1 61.192 3.303 -4.413 0.1571 -0.8486 -0.35157 0.36277 2 56.307 -13.342 -8.511 0.58901 -0.00983 -0.13843 -0.79612 3 
124.943 -29.852 -13.649 0.35293 0.73133 0.55331 0.18562 1 61.322 3.274 -4.418 0.15776 -0.84827 -0.35229 0.36254 2 56.451 -13.36 -8.539 0.58802 -0.00939 -0.13837 -0.79687 3 
125.106 -29.813 -13.636 0.3531 0.73108 0.55339 0.18601 1 61.37 3.199 -4.382 0.15785 -0.8467 -0.35436 0.36415 2 56.457 -13.419 -8.538 0.58598 -0.01078 -0.1391 -0.79823 3 
125.269 -29.717 -13.66 0.35218 0.73131 0.55379 0.18568 1 61.445 3.145 -4.37 0.15881 -0.84782 -0.35057 0.3648 2 56.625 -13.556 -8.451 0.58932 -0.00985 -0.14113 -0.79542 3 
125.38 -29.65 -13.633 0.35147 0.73219 0.55336 0.18482 1 61.502 3.047 -4.397 0.16127 -0.84766 -0.35069 0.36397 2 56.784 -13.666 -8.499 0.58903 -0.00717 -0.14144 -0.79561 3 
125.494 -29.524 -13.656 0.35003 0.73292 0.55347 0.18434 1 61.518 2.994 -4.431 0.16196 -0.84745 -0.35094 0.36391 2 56.798 -13.711 -8.537 0.58863 -0.00708 -0.14128 -0.79593 3 
125.584 -29.42 -13.602 0.34915 0.73293 0.55381 0.18496 1 61.501 3.028 -4.436 0.16238 -0.84833 -0.34977 0.36281 2 56.828 -13.695 -8.525 0.59001 -0.00565 -0.14083 -0.795 3 
125.607 -29.355 -13.624 0.3488 0.73321 0.55378 0.18458 1 61.537 3.053 -4.46 0.16254 -0.84778 -0.35059 0.36324 2 56.851 -13.656 -8.564 0.58911 -0.00605 -0.14111 -0.79561 3 
125.611 -29.309 -13.63 0.34862 0.73342 0.55369 0.18435 1 61.535 3.122 -4.478 0.16289 -0.8487 -0.34927 0.3622 2 56.894 -13.604 -8.554 0.59063 -0.0046 -0.14073 -0.79456 3 
125.575 -29.305 -13.622 0.34941 0.73284 0.55366 0.18523 1 61.512 3.178 -4.5 0.16177 -0.85097 -0.34624 0.36028 2 56.86 -13.578 -8.52 0.59375 -0.00407 -0.13871 -0.79259 3 
125.554 -29.287 -13.658 0.35015 0.73297 0.55319 0.18474 1 61.526 3.228 -4.537 0.16122 -0.85264 -0.34392 0.35879 2 56.88 -13.551 -8.516 0.59614 -0.00336 -0.13728 -0.79105 3 
125.541 -29.264 -13.628 0.35045 0.73284 0.55301 0.18522 1 61.559 3.285 -4.642 0.16091 -0.8554 -0.34055 0.35555 2 56.939 -13.53 -8.552 0.59999 -0.00139 -0.13427 -0.78866 3 
125.506 -29.277 -13.616 0.35128 0.73276 0.55199 0.18699 1 61.571 3.45 -4.783 0.15852 -0.86332 -0.32821 0.34904 2 57.016 -13.492 -8.488 0.61052 0.00259 -0.12851 -0.7815 3 
125.437 -29.232 -13.563 0.35199 0.73263 0.55044 0.19071 1 61.452 3.96 -5.011 0.14633 -0.88487 -0.29076 0.33326 2 56.946 -13.325 -7.964 0.64575 0.00979 -0.11555 -0.75469 3 
125.27 -29.171 -13.523 0.35282 0.73211 0.54854 0.19654 1 61.265 4.69 -5.441 0.12951 -0.90603 -0.25271 0.3138 2 56.43 -12.698 -7.692 0.67733 0.01142 -0.09677 -0.7292 3 
125.064 -29.057 -13.413 0.35205 0.73119 0.54711 0.20516 1 61.134 5.739 -5.779 0.11463 -0.93142 -0.18077 0.29433 2 56.386 -11.87 -6.719 0.72775 0.02161 -0.08859 -0.67975 3 
124.697 -28.933 -13.348 0.35372 0.731 0.54282 0.21418 1 60.893 7.671 -5.995 0.06708 -0.95905 -0.02891 0.27365 2 55.818 -9.075 -3.729 0.82852 0.02 -0.09811 -0.55094 3 
124.341 -28.732 -13.192 0.35175 0.7317 0.53934 0.22359 1 60.651 10.497 -6.376 -0.01651 -0.95347 0.16533 0.25159 2 54.362 -2.428 -0.223 0.93077 -0.00262 -0.10978 -0.34872 3 
123.75 -28.514 -13.08 0.35261 0.73073 0.53461 0.23643 1 60.273 13.458 -7.176 -0.09253 -0.91262 0.33296 0.21839 2 52.743 5.82 1.306 0.98447 -0.01076 -0.09951 -0.14424 3 
122.991 -28.255 -12.917 0.35497 0.7288 0.52884 0.25134 1 60.195 15.574 -8.162 -0.1391 -0.87504 0.4182 0.20014 2 52.345 11.374 0.952 0.99476 -0.01817 -0.09733 -0.02557 3 
122.207 -27.917 -12.702 0.35688 0.7271 0.52259 0.26621 1 60.183 16.791 -9.073 -0.16755 -0.86119 0.44227 0.18619 2 51.873 13.856 -0.016 0.99562 -0.02937 -0.08745 0.01539 3 
121.584 -27.495 -12.551 0.35396 0.72711 0.51819 0.27839 1 60.173 17.562 -9.908 -0.18863 -0.85744 0.44504 0.17652 2 51.404 14.932 -1.006 0.99575 -0.04349 -0.07805 0.02242 3 
121.071 -26.939 -12.382 0.34998 0.72694 0.51622 0.28738 1 60.264 18.034 -10.555 -0.19996 -0.84986 0.45361 0.17886 2 51.817 15.927 -1.657 0.99378 -0.05596 -0.08912 0.03652 3 
120.572 -26.506 -12.258 0.34936 0.7261 0.51323 0.2955 1 60.195 18.241 -10.981 -0.19755 -0.84911 0.45578 0.17959 2 51.997 16.211 -2.091 0.99302 -0.05443 -0.09652 0.04035 3 
120.317 -26.123 -12.157 0.3461 0.72652 0.51206 0.30029 1 59.913 18.339 -11.04 -0.18474 -0.85269 0.45296 0.18333 2 51.964 16.044 -2.11 0.99305 -0.0447 -0.10303 0.03516 3 
120.248 -25.758 -12.112 0.34514 0.72677 0.51191 0.30104 1 60.045 18.403 -11.11 -0.18798 -0.85016 0.45495 0.18686 2 52.162 16.358 -2.14 0.99235 -0.04975 -0.1051 0.04142 3 
120.204 -25.821 -12.112 0.35191 0.72589 0.50943 0.29955 1 60.409 18.731 -11.207 -0.19058 -0.84342 0.46704 0.18491 2 52.685 17.195 -2.211 0.99107 -0.05394 -0.10754 0.05746 3 
120.366 -26.087 -12.1 0.35837 0.72553 0.5061 0.29839 1 60.339 18.81 -11.179 -0.1854 -0.84446 0.47393 0.16702 2 52.545 17.142 -2.213 0.99181 -0.04596 -0.10561 0.05521 3 
120.854 -26.516 -12.224 0.36581 0.72462 0.50376 0.29554 1 60.579 19.001 -11.055 -0.18221 -0.84335 0.49137 0.11884 2 52.432 17.122 -2.2 0.992 -0.04444 -0.10449 0.05514 3 
121.004 -27.664 -12.265 0.38562 0.7167 0.49213 0.30896 1 63.565 19.662 -10.662 -0.17865 -0.84645 0.49258 0.09475 2 52.634 17.135 -2.22 0.99176 -0.04459 -0.1069 0.05473 3 
120.017 -30.069 -12.151 0.41363 0.70013 0.45569 0.36204 1 70.616 20.994 -9.565 -0.12815 -0.85003 0.48949 0.14636 2 52.625 17.117 -2.219 0.99176 -0.04437 -0.10708 0.05459 3 
118.52 -32.51 -13.059 0.37308 0.68157 0.44866 0.44157 1 81.536 23.205 -8.309 -0.09306 -0.84894 0.4756 0.21081 2 52.599 17.084 -2.211 0.99178 -0.04447 -0.10696 0.05433 3 
119.042 -33.171 -15.273 0.2011 0.63674 0.59001 0.45388 1 94.498 25.885 -7.591 -0.09982 -0.85428 0.44621 0.24726 2 52.597 17.083 -2.211 0.99178 -0.04436 -0.10698 0.05432 3 
118.315 -30.684 -15.743 0.1364 0.62554 0.67728 0.36248 1 106.594 28.718 -7.459 -0.18296 -0.8487 0.44303 0.22352 2 52.572 17.061 -2.209 0.9918 -0.04432 -0.10691 0.0542 3 
114.686 -25.943 -14.835 0.26524 0.52544 0.66276 0.46293 1 116.659 31.376 -7.528 -0.28956 -0.82438 0.43855 0.21029 2 52.593 17.073 -2.213 0.99178 -0.04449 -0.10698 0.05426 3 
114.645 -20.461 -16.202 0.2084 0.25707 0.8132 0.47873 1 122.122 33.899 -7.269 -0.35671 -0.79691 0.4165 0.25343 2 52.581 17.07 -2.21 0.99179 -0.04433 -0.10694 0.05426 3 
110.601 -14.915 -14.728 0.21942 0.27515 0.88529 0.304 1 121.751 37.258 -6.872 -0.39271 -0.79973 0.3952 0.22365 2 52.582 17.068 -2.211 0.99179 -0.04443 -0.10695 0.05423 3 
105.229 -4.217 -10.952 0.31317 0.30902 0.8379 0.32303 1 118.015 41.408 -6.998 -0.3929 -0.80254 0.41925 0.16059 2 52.59 17.083 -2.212 0.99179 -0.04444 -0.10692 0.05433 3 
102.044 6.386 -8.051 0.34682 0.35528 0.79331 0.35234 1 113.675 45.962 -7.572 -0.36696 -0.79723 0.46651 0.11018 2 52.582 17.079 -2.211 0.99179 -0.04435 -0.10693 0.05431 3 
98.161 13.385 -5.601 0.45987 0.52883 0.63003 0.33454 1 109.803 49.683 -8.263 -0.3243 -0.80097 0.5003 0.05454 2 52.611 17.107 -2.215 0.99177 -0.04452 -0.10696 0.05448 3 
93.216 21.63 -5.221 0.44829 0.57984 0.5664 0.37685 1 106.651 52.146 -8.658 -0.30211 -0.7985 0.52056 0.0119 2 52.597 17.098 -2.213 0.99178 -0.04445 -0.10693 0.05444 3 
87.186 28.365 -6.073 0.41527 0.69284 0.4605 0.36806 1 103.761 54.408 -9.35 -0.2888 -0.78811 0.54286 -0.02793 2 52.596 17.094 -2.214 0.99178 -0.0444 -0.10696 0.05442 3 
82.643 34.046 -8.023 0.39538 0.73989 0.35751 0.4104 1 101.679 56.353 -9.893 -0.29268 -0.78839 0.53896 -0.04793 2 52.609 17.11 -2.214 0.99177 -0.04452 -0.10693 0.05451 3 
80.015 38.143 -10.233 0.36556 0.73935 0.31226 0.47141 1 99.465 58.61 -11.215 -0.29679 -0.78109 0.54466 -0.07179 2 52.604 17.107 -2.213 0.99178 -0.04443 -0.10692 0.0545 3 
78.724 39.976 -11.869 0.33003 0.71538 0.33163 0.51897 1 97.734 60.46 -11.092 -0.28757 -0.77268 0.55929 -0.08644 2 52.617 17.117 -2.215 0.99177 -0.04449 -0.10695 0.05456 3 
77.943 41.235 -12.964 0.30249 0.72643 0.31743 0.52918 1 96.629 61.199 -10.572 -0.28473 -0.77358 0.55868 -0.0916 2 52.63 17.133 -2.218 0.99176 -0.04457 -0.10696 0.05463 3 
77.877 41.8 -12.71 0.28307 0.72317 0.29831 0.55489 1 95.744 61.174 -12.894 -0.27955 -0.77125 0.56184 -0.10661 2 52.634 17.14 -2.216 0.99176 -0.04447 -0.10696 0.05469 3 
77.595 42.254 -13.025 0.2723 0.71652 0.30043 0.56762 1 94.732 61.644 -13.124 -0.27526 -0.77437 0.5577 -0.11647 2 52.634 17.139 -2.217 0.99176 -0.04452 -0.10695 0.05468 3 
77.83 42.361 -13.709 0.26511 0.71611 0.26065 0.59073 1 93.989 62.165 -12.296 -0.27271 -0.77863 0.5511 -0.12513 2 52.641 17.145 -2.218 0.99176 -0.04455 -0.10697 0.05471 3 
77.862 42.281 -14.133 0.25358 0.71216 0.26642 0.59795 1 92.92 62.178 -12.325 -0.26854 -0.78239 0.54465 -0.13824 2 52.638 17.142 -2.22 0.99176 -0.0445 -0.107 0.05469 3 
