 0.342274 -0.728969  0.592835 -0.133923 -0.364484 -0.684547 -0.631305  0.156535  0.866025         0      -0.5 0.0767496 0 0 0 1         0 -0.524398  0.785398         0 -0.611398  0.872398 -0.611398  0.959398         0 -0.785398  0.785398         0 -0.785398  0.785398 -0.785398  0.785398
0.12175
0.350814
0.523599
100
10
90
0.0968963
0.265276
0.0900425 0.0875771 0.100616 0.172356 0.180923 0.103531 0.15476 0.16465 0.0801483 0.10776 0.00915664 0.0149684 0.103973 0.169673 0.0907628 0.0663203 0.0182117 0.12202 0.114305 0.0528612 0.0543447 0.126607 0.0206042 0.118775 0.0933148 0.100335 0.0708314 0.0789301 0.0847234 0.10664 0.108592 0.13151 0.0198676 0.0150464 0.0956239 0.10694 0.104063 0.107829 0.174649 0.158708 0.0155513 0.149032 0.15397 0.0987023 0.107892 0.165084 0.0132479 0.150385 0.0164281 0.0378653 0.16494 0.162545 0.152391 0.0386175 0.133302 0.139643 0.0203672 0.111283 0.128828 0.0151189 0.156347 0.0968078 0.14126 0.0209634 0.0493422 0.0781701 0.0762437 0.116568 0.180905 0.0878355 0.141094 0.018151 0.120984 0.119931 0.0274265 0.0248981 0.018671 0.14875 0.117285 0.0702985 0.113691 0.0201904 0.109985 0.0972142 0.18232 0.102852 0.0655831 0.139744 0.0958845 0.123527 
0.311734 0.320622 0.242711 0.324173 0.357203 0.333901 0.351882 0.400026 0.314232 0.240956 0.268588 0.323327 0.314642 0.205671 0.29539 0.29561 0.0190115 0.277472 0.370096 0.245097 0.321731 0.301911 0.0155109 0.294377 0.24005 0.333351 0.290081 0.212611 0.29502 0.335934 0.259115 0.362453 0.0192289 0.0180843 0.326224 0.320893 0.333959 0.342233 0.386671 0.38917 0.017635 0.349038 0.295206 0.228765 0.338147 0.371877 0.0164332 0.312765 0.0176269 0.233311 0.360233 0.368209 0.376003 0.266102 0.350172 0.288962 0.0184358 0.314711 0.299973 0.0162417 0.316166 0.244358 0.390161 0.0187014 0.291496 0.290929 0.296213 0.324422 0.387853 0.217151 0.285477 0.325263 0.283608 0.351349 0.307379 0.0217523 0.0213159 0.357595 0.305932 0.204913 0.257608 0.020399 0.333297 0.228066 0.317544 0.224571 0.380056 0.300181 0.286898 0.233382 
