0.0626666 -0.992115  0.108542 -0.016772 -0.496057 -0.125333 -0.859197  0.196375  0.866025         0      -0.5 0.0717496 0 0 0 1         0 -0.611398  0.959398         0 -0.611398  0.872398 -0.611398  0.959398         0 -0.785398  0.785398         0 -0.785398  0.785398 -0.785398  0.785398
0.145152
0.314932
0.523599
100
32
68
0.102331
0.245717
0.125584 0.140214 0.122384 0.023213 0.127479 0.177464 0.0209475 0.115797 0.127857 0.0168114 0.118696 0.112596 0.109826 0.0309795 0.111851 0.116451 0.116388 0.0808508 0.125557 0.134541 0.111224 0.137054 0.0179032 0.147254 0.116223 0.147145 0.110087 0.129057 0.0319796 0.0259243 0.147235 0.117344 0.0243659 0.140174 0.0922016 0.140383 0.168618 0.144931 0.10454 0.117541 0.120975 0.0250535 0.153914 0.0183819 0.140368 0.112701 0.0108956 0.151252 0.017728 0.102702 0.111703 0.118713 0.125573 0.131707 0.0134409 0.114681 0.125113 0.107063 0.108577 0.0802357 0.0224729 0.0196375 0.134466 0.127462 0.157628 0.111867 0.152846 0.11469 
0.343848 0.314597 0.352589 0.0202726 0.340449 0.375252 0.0194555 0.321182 0.259124 0.0208983 0.292552 0.331794 0.375279 0.0249545 0.24111 0.236553 0.245618 0.401974 0.262065 0.367003 0.246146 0.270325 0.0186538 0.296516 0.328479 0.375356 0.323592 0.244279 0.025453 0.02477 0.32141 0.274128 0.0208912 0.250621 0.325392 0.385378 0.395062 0.326748 0.341482 0.268408 0.231697 0.0259574 0.31095 0.0186823 0.291233 0.258647 0.0140173 0.377373 0.0191373 0.229381 0.342998 0.331622 0.243229 0.362603 0.0165545 0.240079 0.232417 0.324023 0.266093 0.386749 0.0219826 0.0208567 0.274428 0.317307 0.365219 0.339855 0.298375 0.337642 
