  -0.940447   -0.339914 -0.00420315   0.0327492    -0.33991    0.940457 -0.00151916  0.00183315 0.00446927        0 -0.99999  0.19999 0 0 0 1         0 -0.263398  0.872398         0 -0.785398    1.3074 -0.785398    1.3944         0 -0.785398  0.785398         0 -0.785398  0.785398 -0.785398  0.785398
0.197285
1.03042
0.00446928
100
77
23
0.250946
1.28261
0.272381 0.154656 0.297603 0.163051 0.152824 0.333701 0.295723 0.322324 0.351643 0.221334 0.174123 0.277404 0.254727 0.260562 0.167478 0.302383 0.318939 0.139633 0.345991 0.270865 0.181022 0.318089 0.195303 
1.13946 0.354405 1.91798 0.420701 1.10209 1.99939 1.11488 1.89023 1.97156 1.16105 0.842375 2.0964 1.03881 1.17328 0.42109 1.77191 2.02343 0.404391 1.92373 1.10669 0.888158 1.80883 0.929159 
