   -0.714981     0.699144 -1.06603e-07   0.00158723    0.699144    0.714981 1.04241e-07  -0.0161908 1.49098e-07    0   -1 0.21 0 0 0 1         0 -0.437398  0.785398         0 -0.698398    1.1334 -0.698398    1.0464         0 -0.785398  0.785398         0 -0.785398  0.785398 -0.785398  0.785398
0.137913
0.271704
1.49012e-07
100
39
61
0.215059
1.07249
0.0764926 0.231994 0.0941133 0.140287 0.209977 0.358489 0.132637 0.192188 0.336912 0.232601 0.345004 0.104457 0.214882 0.193479 0.334978 0.124402 0.246222 0.203363 0.276109 0.199754 0.359318 0.178674 0.103895 0.333824 0.229325 0.241498 0.00762398 0.151076 0.354816 0.348186 0.110098 0.419108 0.0700066 0.155677 0.246746 0.0510146 0.186496 0.128278 0.142678 0.318166 0.322695 0.17216 0.238536 0.11413 0.117844 0.317949 0.245831 0.232705 0.3284 0.210606 0.335333 0.414038 0.117775 0.220622 0.132562 0.359774 0.192809 0.132709 0.187251 0.12124 0.218779 
0.220281 0.948752 0.236059 0.266124 0.826247 1.97997 0.268039 0.804823 2.63011 0.984353 2.10885 0.24485 0.677889 0.851196 2.38171 0.266708 0.887088 0.847237 0.971802 0.864598 2.20702 0.841472 0.241208 2.11294 1.8356 0.874314 0.194141 0.265601 2.16485 2.11291 0.244187 2.70505 0.836775 0.869032 1.21405 1.23872 0.844046 0.237041 0.254066 1.80921 2.10743 0.890857 0.859294 0.235122 0.214743 2.04179 0.943988 1.11314 1.97123 0.991989 2.02037 2.69904 0.249959 0.832536 0.29273 2.523 0.839943 0.26691 0.833341 0.269206 0.856581 
