 -0.669443   0.701723   0.243783 -0.0144735    0.659364     0.71245   -0.240113 0.000698013 -0.342176         0 -0.939636  0.210444 0 0 0 1         0 -0.785398  0.785398         0 -0.785398    1.3944 -0.524398    1.3074         0 -0.785398  0.785398         0 -0.785398  0.785398 -0.785398  0.785398
0.00704666
0.00761394
0.349231
100
54
46
0.0906885
0.522839
0.196813 0.0486052 0.0910936 0.0665215 0.145948 0.270676 0.0706906 0.116516 0.0719959 0.0468639 0.0366085 0.173391 0.223826 0.0558667 0.0512936 0.0916585 0.222991 0.0638831 0.0305489 0.236433 0.00868695 0.00907916 0.00385441 0.0457659 0.0648016 0.20987 0.0870545 0.0849984 0.0107141 0.0909561 0.0479901 0.143997 0.0227295 0.0494046 0.117116 0.00698054 0.0900637 0.0890389 0.0221632 0.0389849 0.146035 0.134273 0.16366 0.0316173 0.0087925 0.130818 
0.711987 0.302456 0.864855 0.197179 0.8174 1.56752 0.305331 0.745698 0.714288 0.233372 0.196692 0.913909 1.46448 0.168539 0.604491 0.282536 0.969355 0.243788 0.135147 1.47442 0.176111 0.204449 0.308238 0.236012 0.449043 1.56159 0.28531 0.66421 0.347825 0.302341 0.250977 0.24929 0.89694 0.256039 0.947623 0.171553 0.250417 0.830416 0.712439 0.163203 0.283389 0.332218 0.667472 0.16493 0.158749 0.266386 
