8.36239e-13 -0.728969  0.684547 -0.116204 -8.90504e-13 -0.684547 -0.728969  0.137666            1            0 -1.22159e-12    0.0132504 0 0 0 1         0 -0.524398  0.785398         0 -0.524398  0.785398 -0.524398  0.785398         0 -0.785398  0.785398         0 -0.785398  0.785398 -0.785398  0.785398
0.137028
0.280182
1.22169e-12
100
3
97
0.155838
0.385171
0.159428 0.14739 0.162752 0.142788 0.105923 0.12764 0.295089 0.0994519 0.140472 0.13448 0.170328 0.182065 0.127327 0.154247 0.169433 0.161661 0.299654 0.119767 0.123034 0.168748 0.134198 0.148354 0.153733 0.103759 0.165553 0.145565 0.140271 0.154862 0.133817 0.122437 0.119824 0.114744 0.343972 0.164522 0.146749 0.120439 0.0484639 0.137113 0.153474 0.1598 0.26473 0.166859 0.170995 0.162456 0.125209 0.140953 0.152583 0.14286 0.161356 0.146778 0.16413 0.148007 0.168445 0.145615 0.123788 0.125657 0.169335 0.116193 0.152088 0.152582 0.169463 0.163213 0.156838 0.153128 0.149819 0.158329 0.153215 0.157657 0.277211 0.171586 0.150355 0.14209 0.264249 0.170946 0.147735 0.141984 0.157612 0.126365 0.158087 0.147831 0.124999 0.186543 0.168714 0.158628 0.138638 0.142164 0.149961 0.178537 0.159378 0.140446 0.28194 0.164733 0.0251368 0.0904687 0.170711 0.165228 0.148408 
0.365714 0.312706 0.314221 0.293991 0.37579 0.318029 1.0332 0.248628 0.317931 0.304581 0.367262 0.507507 0.282582 0.346057 0.352625 0.365437 1.34019 0.327255 0.245431 0.394623 0.324831 0.326384 0.359173 0.222286 0.351624 0.34363 0.313966 0.330089 0.246423 0.264408 0.302278 0.223228 1.49727 0.363029 0.349304 0.313546 0.267698 0.297164 0.353309 0.33167 0.885541 0.346351 0.342672 0.374546 0.344891 0.322975 0.360867 0.293348 0.336042 0.366778 0.34805 0.355943 0.360103 0.328557 0.265997 0.333543 0.351864 0.236914 0.334324 0.357538 0.347818 0.323038 0.333649 0.304741 0.35692 0.357504 0.36185 0.349739 0.958445 0.378015 0.393776 0.322954 0.897246 0.358301 0.327002 0.350996 0.370709 0.315799 0.347822 0.306684 0.22782 0.368258 0.360299 0.331119 0.319002 0.279432 0.349486 0.439068 0.325057 0.277109 0.976774 0.337502 0.339358 0.213239 0.379385 0.389403 0.344398 
