1.03143e-12 -0.535827  0.844328 -0.146789 -6.54563e-13 -0.844328 -0.535827  0.104442            1            0 -1.22159e-12    0.0132504 0 0 0 1         0 -0.524398  0.785398         0 -0.524398  0.785398 -0.524398  0.785398         0 -0.785398  0.785398         0 -0.785398  0.785398 -0.785398  0.785398
0.152031
0.310675
1.22169e-12
100
3
97
0.156195
0.422477
0.129152 0.135465 0.12972 0.16812 0.173026 0.142975 0.156898 0.142709 0.153495 0.14501 0.164931 0.157189 0.15909 0.137556 0.142581 0.128762 0.120751 0.141412 0.140583 0.113743 0.167157 0.161015 0.150306 0.179803 0.146643 0.134862 0.164372 0.149532 0.132854 0.134235 0.139555 0.143724 0.316966 0.144091 0.12998 0.148123 0.152964 0.143298 0.168662 0.154808 0.145911 0.161 0.156796 0.157032 0.151751 0.15074 0.151785 0.122376 0.165382 0.130808 0.335419 0.133675 0.093488 0.191466 0.154234 0.138574 0.154875 0.118566 0.274855 0.165031 0.340141 0.178403 0.166948 0.138104 0.174869 0.142463 0.115196 0.139469 0.141739 0.114911 0.15797 0.155281 0.153971 0.193696 0.173487 0.133276 0.125306 0.154278 0.117644 0.127249 0.139763 0.124385 0.135237 0.146784 0.151294 0.1671 0.161523 0.146774 0.121454 0.151041 0.131765 0.343659 0.131776 0.167816 0.150963 0.140933 0.194347 
0.335145 0.257437 0.315652 0.366728 0.359486 0.349937 0.316225 0.333013 0.340216 0.358469 0.312269 0.355097 0.333506 0.308454 0.332335 0.264426 0.235883 0.303571 0.298688 0.226986 0.36648 0.301225 0.859703 0.368189 0.653906 0.262942 0.351011 0.322039 0.307127 0.254003 0.884637 0.297287 1.24421 0.367618 0.248767 0.350741 0.367314 0.896932 0.354494 0.323154 0.359208 0.374117 0.332418 0.364042 0.3448 0.362018 0.332523 0.230717 0.346194 0.290222 1.49718 0.289351 0.361521 0.393094 0.339129 0.326975 0.369946 0.234057 0.935527 0.36811 1.45602 0.374121 0.355242 0.305679 0.373214 0.302045 0.244805 0.896481 0.333828 0.330315 0.349344 0.329321 0.375114 0.390024 0.362155 0.83037 0.32832 0.292787 0.302449 0.243911 0.308376 0.27168 0.918703 0.306121 0.318357 0.355298 0.357719 0.308396 0.243587 0.321533 0.309602 1.40978 0.298706 0.345608 0.348274 0.32172 1.32479 
