-0.278203  0.946709 -0.162311 0.0205277   0.817714    0.32209   0.477076 -0.0942876  0.503932         0 -0.863744  0.182277 0 0 0 1         0 -0.611398  0.959398         0 -0.611398    1.0464 -0.698398    1.0464         0 -0.785398  0.785398         0 -0.785398  0.785398 -0.785398  0.785398
0.225521
0.788682
0.528145
100
39
61
0.236578
0.951095
0.385572 0.202709 0.275036 0.0973185 0.263756 0.304719 0.220685 0.367458 0.288428 0.0784247 0.250338 0.223391 0.367444 0.0833001 0.210132 0.224174 0.103906 0.348549 0.24922 0.265584 0.0951049 0.110317 0.204928 0.223487 0.364862 0.33809 0.363891 0.105676 0.105105 0.340936 0.366392 0.194453 0.276621 0.278415 0.106117 0.207171 0.227823 0.234023 0.213358 0.0833327 0.233241 0.213231 0.367749 0.28312 0.11057 0.0873236 0.367452 0.348283 0.300837 0.0990695 0.271424 0.10248 0.329353 0.344361 0.365738 0.369257 0.10159 0.295821 0.101535 0.279396 0.20918 
2.00663 0.70227 0.877576 0.250221 0.866979 0.939803 0.787852 1.82682 0.875669 0.256788 0.78858 0.861283 1.78885 0.231372 0.664323 0.624426 0.227299 2.4774 0.877347 0.876829 0.243478 0.247097 0.66502 0.854402 1.78844 1.62935 1.78211 0.252718 0.259399 1.59682 2.55784 0.703138 0.866702 0.805906 0.252022 0.760414 0.761519 0.867016 0.685049 0.238387 0.838627 0.799539 1.99409 0.836275 0.234164 0.244198 1.84342 1.59985 1.61331 0.237879 0.85872 0.249691 1.69499 1.7463 1.86385 1.88763 0.237704 0.850507 0.248553 0.822618 0.689738 
