-0.417879 -0.878145 -0.232891  0.061725 -0.767063  0.478394 -0.427496 0.0935576  0.486817         0 -0.873504  0.180258 0 0 0 1         0 -0.524398  0.785398         0 -0.611398  0.872398 -0.611398  0.872398         0 -0.785398  0.785398         0 -0.785398  0.785398 -0.785398  0.785398
0.106505
0.259636
0.508442
100
18
82
0.157422
0.597771
0.135672 0.149487 0.117268 0.106686 0.217342 0.070638 0.247851 0.259365 0.0932839 0.101536 0.302687 0.280874 0.0215316 0.0786451 0.176967 0.152366 0.103104 0.222887 0.20362 0.0922988 0.238696 0.118942 0.121202 0.0535673 0.172176 0.22828 0.176518 0.0756769 0.203111 0.275891 0.0853738 0.117078 0.236596 0.122415 0.259807 0.204607 0.0891709 0.13527 0.1996 0.30952 0.244094 0.0845864 0.0376563 0.192644 0.132889 0.0869845 0.225554 0.112157 0.374219 0.0746414 0.09884 0.216921 0.244517 0.23697 0.172809 0.0803517 0.09551 0.105614 0.239819 0.200144 0.111872 0.250125 0.0807292 0.31412 0.26096 0.0987028 0.238075 0.105919 0.0836067 0.113065 0.0878969 0.201743 0.194831 0.22276 0.077601 0.135665 0.0926738 0.100819 0.0826541 0.0780775 0.0870354 0.0751626 
0.244416 0.854164 0.258632 0.254261 0.787127 0.217918 0.972809 0.88216 0.239931 0.249628 1.97225 0.912693 0.241328 0.251428 0.947525 0.850453 0.260408 0.963513 1.00216 0.231135 0.792965 0.245983 0.234805 0.255017 0.938605 0.713482 1.02722 0.247931 0.93258 0.995749 0.232629 0.265388 0.853029 0.242239 0.86363 0.857351 0.245768 0.238769 0.858865 1.8798 0.91552 0.234645 0.2537 0.890576 0.242971 0.230024 0.949773 0.267268 1.84735 0.224079 0.239609 1.00292 0.995406 0.985356 0.742294 0.232557 0.243074 0.231628 0.961901 0.955979 0.262816 0.89542 0.236297 2.00845 1.00938 0.244376 0.983461 0.243149 0.234132 0.257034 0.23935 0.915924 0.667801 0.843952 0.229097 0.223076 0.222915 0.243309 0.245314 0.204892 0.23046 0.214281 
