-0.619192  0.699144 -0.357491 0.0516359   0.605476   0.714981   0.349572 -0.0651309       0.5         0 -0.866025  0.191243 0 0 0 1         0 -0.611398  0.959398         0 -0.524398    1.0464 -0.698398    1.1334         0 -0.785398  0.785398         0 -0.785398  0.785398 -0.785398  0.785398
0.0833493
0.262138
0.523599
100
16
84
0.202535
0.913692
0.0461386 0.0695206 0.0887988 0.237443 0.222657 0.18992 0.111842 0.346533 0.32536 0.0737698 0.222789 0.324381 0.190988 0.242007 0.373746 0.277584 0.336483 0.229923 0.193146 0.0660251 0.0570679 0.334863 0.336331 0.354666 0.226973 0.354035 0.107937 0.0315521 0.282184 0.254732 0.0769475 0.24493 0.18816 0.22617 0.0905972 0.195951 0.0799231 0.286265 0.19808 0.183357 0.220469 0.337772 0.198806 0.190087 0.298083 0.0956421 0.0988536 0.256035 0.249055 0.201481 0.310564 0.275217 0.0702566 0.188657 0.222525 0.360773 0.286578 0.326705 0.22032 0.286891 0.235464 0.0702745 0.0936772 0.228274 0.106643 0.294622 0.0662044 0.241722 0.0820768 0.0583819 0.104607 0.204046 0.298644 0.0849525 0.27584 0.0677198 0.0640651 0.373434 0.288557 0.225275 0.193438 0.246187 0.0913276 0.0429308 
0.277345 0.229077 0.240057 0.93843 0.898014 0.609897 0.235728 1.58572 1.64113 0.262176 0.862757 2.19577 0.642376 0.866276 2.56798 0.860198 2.35822 0.902831 0.694784 0.239316 0.231982 2.24699 1.45516 1.58858 1.48262 1.74666 0.250287 0.249565 0.786986 0.893613 0.238888 0.791358 0.794698 0.984721 0.242536 1.10313 0.227837 1.4417 0.872063 1.29747 0.829504 2.45978 0.980775 0.787944 0.902308 0.237897 0.242296 0.893553 0.875526 0.652195 1.40417 0.803815 0.228619 0.806648 0.815267 2.59592 1.57925 1.55227 1.07942 1.74049 0.761936 0.239036 0.255167 0.827551 0.249488 0.859908 0.246916 0.946613 0.224053 0.269763 0.359018 1.12918 1.59328 0.225633 2.07854 0.234102 0.229686 2.6901 0.879249 0.816302 0.678624 0.980621 0.242689 0.230098 
