 0.0626668  -0.992115   0.108542 -0.0124303 -0.496059 -0.125333 -0.859196  0.162007  0.866024         0 -0.500002 0.0941176 0 0 0 1         0 -0.611398  0.872398         0 -0.785398    1.3074 -0.611398  0.959398         0 -0.785398  0.785398         0 -0.785398  0.785398 -0.785398  0.785398
0.127731
0.318299
0.523601
100
34
66
0.174941
0.790323
0.338759 0.138233 0.237673 0.0237222 0.154295 0.249538 0.235158 0.110157 0.123555 0.169529 0.203325 0.158175 0.3561 0.145185 0.171723 0.12479 0.134117 0.096998 0.127626 0.144082 0.111585 0.115878 0.255522 0.0225768 0.111222 0.179604 0.126456 0.309736 0.10915 0.115013 0.170642 0.313001 0.126642 0.244996 0.151182 0.112295 0.169027 0.1424 0.214343 0.177619 0.123638 0.342787 0.118975 0.124586 0.228402 0.154572 0.124465 0.115322 0.14222 0.118698 0.186449 0.178627 0.177777 0.109115 0.249935 0.149404 0.221104 0.244331 0.242817 0.176078 0.18345 0.228731 0.129456 0.310015 0.311845 0.131648 
2.20577 0.360874 1.21956 0.296603 1.01705 1.12523 0.985222 0.237559 0.235651 1.0691 1.16739 0.939738 2.24595 0.362662 1.05932 0.32355 0.334093 0.234325 0.282232 0.401911 0.235389 0.241456 1.14052 0.349868 0.228007 0.889909 0.270058 1.07713 0.236617 0.248671 1.02904 0.934818 0.359038 1.30569 0.382552 0.25878 0.902217 0.375127 1.22467 0.937874 0.274384 1.11164 0.259047 0.347064 1.25821 0.899743 0.268688 0.237158 0.905412 0.316055 0.859671 1.1869 1.12937 0.231601 1.13348 0.931051 1.05129 1.28091 1.31003 1.00329 1.09453 1.1083 0.340779 2.24394 2.36518 0.282395 
