-0.278204 -0.946709 -0.162312  0.038572 -0.817714   0.32209 -0.477076 0.0881485  0.503932         0 -0.863744  0.182277 0 0 0 1         0 -0.611398  0.872398         0 -0.698398    1.2204 -0.698398    1.1334         0 -0.785398  0.785398         0 -0.785398  0.785398 -0.785398  0.785398
0.105532
0.253885
0.528145
100
30
70
0.242218
0.977161
0.205982 0.407938 0.219387 0.19518 0.184205 0.0815521 0.37197 0.355747 0.175012 0.231677 0.212959 0.391431 0.261304 0.105434 0.206582 0.257156 0.288169 0.233126 0.263994 0.355802 0.290507 0.193285 0.192615 0.378118 0.21239 0.290664 0.0956614 0.365753 0.289953 0.111703 0.347081 0.113941 0.37487 0.228429 0.224378 0.183832 0.358639 0.168772 0.098214 0.306388 0.348609 0.245706 0.0891702 0.380716 0.210105 0.385521 0.193231 0.35737 0.348101 0.0891887 0.214517 0.377999 0.0822046 0.254587 0.213932 0.350996 0.202533 0.200831 0.303195 0.197798 0.297561 0.30406 0.2533 0.107406 0.196234 0.195987 0.0994988 0.287945 0.22675 0.1104 
0.685295 1.98194 0.739075 0.628139 0.576335 0.229801 1.92335 1.59859 0.629448 0.943418 0.770296 1.80282 0.983641 0.25125 0.761637 0.843162 0.831397 0.933655 0.953987 1.76633 0.852862 0.618951 0.741332 1.94412 0.986593 0.743055 0.234522 1.79039 0.904162 0.251389 1.82241 0.258036 1.82723 0.799492 0.744459 0.647599 1.9416 0.698964 0.244211 0.924553 1.93971 0.847171 0.243335 1.89096 0.790362 1.72085 0.666076 1.99909 2.38177 0.238895 0.998482 1.7391 0.241108 0.772666 0.91986 2.37532 0.685568 0.775942 0.896252 0.623638 0.845649 1.49139 0.782794 0.235512 0.691552 0.67068 0.240924 0.857737 0.777982 0.251427 
