-0.701647 -0.701723 -0.123599 0.0515368 -0.691083   0.71245 -0.121739 0.0375656  0.173485         0 -0.984836  0.197528 0 0 0 1         0 -0.350398  0.785398         0 -0.785398    1.3074 -0.611398  0.959398         0 -0.785398  0.785398         0 -0.785398  0.785398 -0.785398  0.785398
0.0766997
0.264415
0.174367
100
48
52
0.173417
0.777805
0.108516 0.150742 0.222807 0.0816642 0.183691 0.188616 0.212611 0.284698 0.356123 0.177446 0.0241371 0.186657 0.173554 0.184628 0.20873 0.19975 0.191369 0.148213 0.194731 0.153202 0.209434 0.249791 0.163887 0.0148651 0.0848395 0.20877 0.193183 0.347784 0.134961 0.162621 0.152934 0.209626 0.198402 0.334171 0.169394 0.110601 0.368728 0.098844 0.166712 0.079342 0.15984 0.176685 0.231968 0.140962 0.0192702 0.298893 0.16945 0.153456 0.0977701 0.244805 0.0178276 0.0159647 
0.23823 0.381442 0.96013 0.228148 0.886592 0.832863 0.869139 1.9112 1.83984 0.936583 0.0201581 0.874996 0.790179 0.835468 0.944318 0.95839 0.876268 0.404985 0.83151 0.897927 0.856758 1.14659 0.77469 0.0133625 0.216702 0.925588 0.893727 1.94015 0.361257 0.837481 0.389192 0.866733 0.756117 1.82137 0.837226 0.230351 2.2027 0.227046 0.433125 0.212006 0.842719 0.840484 1.13151 0.414615 0.0168175 2.04526 0.450764 0.353296 0.240876 1.29842 0.337147 0.0133939 
