1.18712e-12 -0.24869 0.968583 -0.17172 -3.04801e-13 -0.968583  -0.24869 0.0539294            1            0 -1.22563e-12    0.0132504 0 0 0 1         0 -0.524398  0.785398         0 -0.524398  0.785398 -0.524398  0.785398         0 -0.785398  0.785398         0 -0.785398  0.785398 -0.785398  0.785398
0.152683
0.325812
1.22569e-12
100
1
99
0.164299
0.470825
0.247142 0.121844 0.134464 0.152477 0.151493 0.152896 0.146273 0.162169 0.161607 0.139642 0.152026 0.169778 0.097711 0.133787 0.350112 0.137476 0.182497 0.123603 0.125549 0.319543 0.162308 0.165508 0.124769 0.151445 0.174005 0.161005 0.146468 0.20504 0.172649 0.125751 0.181006 0.167792 0.295834 0.153441 0.0107198 0.235351 0.115796 0.165657 0.116355 0.154461 0.332148 0.152245 0.158865 0.155451 0.134517 0.276958 0.12715 0.271997 0.147456 0.151455 0.156499 0.128117 0.0699059 0.153249 0.146214 0.138303 0.141048 0.153332 0.177777 0.165346 0.151232 0.349685 0.356148 0.152015 0.259641 0.173387 0.0578177 0.132025 0.0830974 0.162356 0.182538 0.143619 0.162948 0.134628 0.129221 0.282464 0.13607 0.142764 0.145611 0.121931 0.115329 0.153993 0.14272 0.14325 0.172142 0.0377467 0.153512 0.136539 0.13789 0.163839 0.137481 0.139713 0.139413 0.261384 0.169682 0.146704 0.144949 0.15246 0.272157 
1.13769 0.269497 0.749458 0.37561 0.36113 0.318333 0.427356 0.350875 0.42014 0.299895 0.34192 0.355436 0.75411 0.266946 1.52593 0.298781 0.362055 0.298646 0.293231 1.49167 0.340229 0.359774 0.299859 0.325613 0.373262 0.26851 0.339617 0.497022 0.374893 0.287154 0.363939 0.342969 1.04562 0.311576 0.327098 0.524118 0.285222 0.362082 0.29287 0.350272 1.42807 0.302558 0.3557 0.320338 0.314891 1.40544 0.347018 0.946601 0.337026 0.323982 0.340875 0.288317 0.271167 0.334249 0.331329 0.30199 0.837852 0.330092 0.35934 0.340619 0.355758 1.446 1.45207 0.28659 0.948582 0.407682 0.302367 0.295596 0.328527 0.304606 0.39689 0.348266 0.352722 0.259414 0.33013 0.992159 0.325363 0.881991 0.282055 0.283998 0.227435 0.324953 0.292874 0.309383 0.364748 0.335633 0.343117 0.3108 0.319296 0.355726 0.329471 0.317009 0.763018 0.922248 0.375227 0.328008 0.336648 0.338171 0.949287 
