 0.0632228  -0.992115   0.108219 -0.0123861  -0.50046 -0.125333  -0.85664  0.161661  0.863448         0 -0.504438  0.115647 0 0 0 1         0 -0.611398  0.872398         0 -0.611398  0.959398 -0.611398  0.959398         0 -0.785398  0.785398         0 -0.785398  0.785398 -0.785398  0.785398
0.143299
0.318493
0.528731
100
10
90
0.172796
0.583211
0.149249 0.115966 0.140912 0.118145 0.148741 0.291064 0.184548 0.13171 0.198848 0.117514 0.120989 0.234856 0.172538 0.133554 0.147825 0.137345 0.306913 0.197306 0.286961 0.145687 0.117108 0.231042 0.144809 0.108214 0.12293 0.156845 0.143991 0.252148 0.166411 0.154163 0.139195 0.119999 0.163526 0.247587 0.133497 0.124519 0.320459 0.120343 0.146809 0.306196 0.133604 0.220001 0.110022 0.111208 0.146499 0.105801 0.130636 0.135126 0.121253 0.164899 0.202277 0.134421 0.0223705 0.318822 0.118204 0.228753 0.119019 0.122376 0.149189 0.121865 0.301588 0.244944 0.139185 0.223289 0.187351 0.225903 0.0293117 0.230651 0.143712 0.171318 0.235971 0.114488 0.218489 0.187077 0.14978 0.177004 0.120153 0.324569 0.129978 0.242576 0.228325 0.304934 0.277029 0.114198 0.240699 0.229898 0.138657 0.124866 0.11681 0.162073 
0.316201 0.233413 0.351752 0.270905 0.37089 1.01563 0.605918 0.352011 0.67682 0.240061 0.242601 1.12653 0.915437 0.335102 0.366436 0.253298 0.947752 0.83385 1.0703 0.3529 0.254406 0.860319 0.597972 0.24445 0.33944 0.388627 0.348847 1.13683 0.846841 0.377646 0.292137 0.269787 0.644059 0.98289 0.310774 0.27377 1.08092 0.237149 0.334357 1.00484 0.363171 1.03039 0.249273 0.242145 0.324823 0.320376 0.357754 0.349535 0.258084 0.726413 0.769737 0.312835 0.241669 1.81119 0.290199 0.925597 0.277226 0.243011 0.346861 0.343609 1.10966 0.998091 0.327395 1.09113 0.886576 1.00438 0.306661 0.763874 0.38038 0.686476 1.04963 0.240547 1.10628 0.839099 0.370504 0.598796 0.233077 1.10204 0.316907 0.774069 1.07302 1.10637 1.24247 0.237752 0.871119 1.07897 0.343307 0.258659 0.309869 0.294078 
