 0.422162 -0.535827   0.73121 -0.190581 -0.267912 -0.844328  -0.46404  0.132233  0.866026         0 -0.499998 0.0758823 0 0 0 1         0 -0.437398    1.6554         0 -0.524398  0.785398 -0.524398  0.959398         0 -0.785398  0.785398         0 -0.785398  0.785398 -0.785398  0.785398
0.0103648
0.0118256
0.523597
100
43
57
0.0157733
0.114797
0.0265889 0.0133593 0.0179227 0.0177754 0.0106955 0.0697641 0.0148965 0.00861078 0.0107723 0.0112326 0.0194073 0.0088181 0.0150697 0.0145704 0.00852924 0.0115168 0.00936784 0.01224 0.0142368 0.00222029 0.00655829 0.00983215 0.0144492 0.00746184 0.00925023 0.00840959 0.00292589 0.0348733 0.0231803 0.0195239 0.0123975 0.0075112 0.0131807 0.0255114 0.00864471 0.0163192 0.022001 0.00442927 0.00377628 0.0152811 0.0111856 0.0117255 0.0124723 0.00647725 0.0580474 0.0147895 0.0463858 0.0107648 0.0139921 0.0457232 0.0131915 0.00960667 0.00578558 0.00336377 0.0194561 0.014824 0.0181766 
0.198725 0.0124342 0.239993 0.174746 0.0102314 0.279274 0.22556 0.0100137 0.0108396 0.0121344 0.237921 0.0102207 0.0119981 0.253321 0.00951912 0.198704 0.0109187 0.0134517 0.241532 0.00711724 0.00847359 0.0108195 0.224373 0.00902563 0.0103041 0.0101422 0.00732512 0.259759 0.2331 0.23216 0.0127813 0.00879036 0.012038 0.240192 0.0101306 0.243326 0.224884 0.00810691 0.00790012 0.211434 0.19063 0.0113746 0.0132739 0.00831763 0.305526 0.0131984 0.274458 0.180604 0.204001 0.266772 0.218763 0.0106222 0.00861669 0.00649468 0.228019 0.220462 0.228553 
