  0.140989  -0.989841  -0.018341 0.00442196 -0.981571 -0.142177  0.127691 0.0276964 -0.129001         0 -0.991644  0.207659 0 0 0 1         0 -0.785398  0.785398         0 -0.785398    1.3074 -0.437398  0.959398         0 -0.785398  0.785398         0 -0.785398  0.785398 -0.785398  0.785398
0.0830721
0.29134
0.129362
100
64
36
0.0976085
0.492147
0.0606818 0.0680706 0.233641 0.226384 0.264003 0.0515256 0.0197843 0.00626744 0.0110883 0.0745586 0.0706476 0.0105694 0.00313735 0.268237 0.178898 0.00689654 0.139909 0.00734241 0.0770201 0.135932 0.136431 0.129553 0.0849052 0.0106141 0.15957 0.146361 0.0110358 0.00241534 0.0937187 0.0688272 0.00799847 0.247489 0.110408 0.00438981 0.135726 0.249868 
0.759531 0.234529 0.756947 1.00661 1.08353 0.241514 0.0163738 0.609092 0.010058 0.332084 0.265903 0.00979648 0.40907 1.1513 0.964257 0.238393 0.347099 0.00722586 0.840049 0.919786 0.350484 0.37504 0.278933 0.174792 0.871403 1.01836 0.00994771 0.710921 0.301913 0.271244 0.255039 1.05766 0.314621 0.172001 0.356271 0.995508 
