 0.417879  0.878145  0.232891 -0.061725   0.767063  -0.478394   0.427496 -0.0935576  0.486817         0 -0.873504  0.180258 0 0 0 1         0 -0.524398  0.785398         0 -0.611398  0.872398 -0.611398  0.872398         0 -0.785398  0.785398         0 -0.785398  0.785398 -0.785398  0.785398
0.0358291
0.267081
0.508442
100
7
93
0.150545
0.569504
0.100611 0.361417 0.342141 0.231877 0.0783755 0.191528 0.0853483 0.0187876 0.238217 0.102901 0.242815 0.143946 0.124525 0.103925 0.0960696 0.215995 0.112719 0.23964 0.115425 0.264789 0.205697 0.331214 0.0803419 0.125903 0.212028 0.202093 0.304361 0.107846 0.0794413 0.0937357 0.0939669 0.0276541 0.0987668 0.113629 0.345189 0.174454 0.0685486 0.0883467 0.0945224 0.238083 0.0917013 0.119802 0.312358 0.219365 0.094585 0.0695961 0.209322 0.212968 0.11816 0.258591 0.115651 0.239474 0.203684 0.0819051 0.200421 0.0827688 0.0716484 0.107127 0.0731742 0.0184091 0.1218 0.255745 0.219188 0.0868341 0.151942 0.227128 0.104271 0.0715715 0.198655 0.0776774 0.259046 0.0676953 0.0217326 0.226912 0.167943 0.0935308 0.0849412 0.231366 0.217035 0.219691 0.269085 0.0956516 0.0835279 0.103751 0.0908537 0.0174755 0.132299 0.117264 0.0921993 0.0969053 0.0912962 0.0855439 0.222573 
0.238996 1.9618 1.77478 0.86149 0.209551 0.872518 0.233049 0.215148 0.906678 0.250929 0.907265 0.247926 0.248479 0.247024 0.26462 0.983503 0.253475 0.804248 0.240778 0.89064 0.89705 2.08019 0.234353 0.255805 0.766544 1.09768 1.93129 0.25645 0.229276 0.240889 0.855516 0.238533 0.240321 0.256498 1.9232 0.836179 0.211891 0.232114 0.240449 0.876942 0.239334 0.248862 0.867195 0.929918 0.238887 0.232137 0.788032 0.943564 0.265063 1.09212 0.28007 0.948764 1.03317 0.234072 0.900055 0.231985 0.204747 0.256415 0.203753 0.196615 0.229629 1.04703 0.894794 0.236027 0.793082 0.925262 0.245096 0.207717 0.762099 0.267102 0.898482 0.206146 0.253043 0.791965 0.750855 0.246124 0.244142 0.925117 0.991185 0.868231 0.92279 0.291076 0.2095 0.206034 0.232253 0.206594 0.225527 0.276603 0.242939 0.255534 0.235395 0.22703 0.800656 
