  0.701646  -0.701723   0.123599 -0.0381619 -0.691083  -0.71245 -0.121739 0.0511449  0.173485         0 -0.984836  0.197528 0 0 0 1         0 -0.350398  0.785398         0 -0.698398    1.1334 -0.611398  0.959398         0 -0.785398  0.785398         0 -0.785398  0.785398 -0.785398  0.785398
0.325181
2.16054
0.174367
100
55
45
0.168552
0.814581
0.173067 0.239017 0.160588 0.0809429 0.194417 0.14737 0.21407 0.0142246 0.238563 0.02134 0.168909 0.355578 0.191068 0.163328 0.010391 0.249055 0.331114 0.170918 0.0979413 0.302646 0.171051 0.0886016 0.0869364 0.165516 0.156957 0.163837 0.107829 0.17538 0.30142 0.0207417 0.203038 0.162557 0.355962 0.16879 0.100707 0.149397 0.30145 0.0209526 0.18228 0.167889 0.17867 0.282463 0.165241 0.176902 0.00574535 
0.481817 1.91687 0.870649 0.229748 0.957391 0.369231 0.82891 0.01314 1.25043 0.0187317 0.443287 1.96047 0.815874 0.529345 0.736215 1.15562 2.00682 0.848547 0.246617 1.9677 0.820755 0.232399 0.229173 0.464833 0.461375 0.455497 0.248495 0.417731 2.1894 0.0182115 0.883208 0.393239 2.27625 0.753381 0.256065 0.433549 2.02026 0.0191778 0.940068 0.869364 0.964768 1.21729 0.841758 0.876255 0.726212 
