  -0.940447    0.339914 -0.00420315   0.0262705    0.33991   0.940457 0.00151917 -0.0197582 0.00446927        0 -0.99999  0.19999 0 0 0 1         0 -0.263398  0.959398         0 -0.785398    1.3074 -0.785398    1.3944         0 -0.785398  0.785398         0 -0.785398  0.785398 -0.785398  0.785398
0.182595
1.02906
0.00446928
100
80
20
0.245481
1.23048
0.147561 0.339351 0.0467692 0.227226 0.262528 0.317434 0.284565 0.300377 0.314178 0.147871 0.345053 0.183544 0.244023 0.155593 0.288063 0.274631 0.33302 0.271908 0.261434 0.164492 
0.40498 1.78084 0.251198 0.981144 1.05203 1.97474 0.995037 1.96899 2.01032 0.42079 1.95438 0.439619 1.0783 0.403103 1.85349 1.08825 1.9972 1.08267 1.96505 0.907509 
