  -0.322087   -0.946709 -0.00146413   0.0176765   -0.946699     0.32209 -0.00430348   0.0267311 0.00454572        0 -0.99999 0.209989 0 0 0 1         0 -0.263398  0.872398         0 -0.698398    1.0464 -0.611398    1.0464         0 -0.785398  0.785398         0 -0.785398  0.785398 -0.785398  0.785398
0.0853871
0.232005
0.00454574
100
32
68
0.166894
0.760885
0.115143 0.222488 0.0955067 0.282453 0.235519 0.208087 0.0214714 0.111338 0.0539733 0.128245 0.143125 0.1194 0.0230003 0.349058 0.185961 0.340109 0.0194336 0.236428 0.044046 0.0104235 0.154024 0.119391 0.33172 0.120421 0.154475 0.334849 0.146538 0.144846 0.0119064 0.29489 0.141792 0.168616 0.144973 0.276807 0.332138 0.153434 0.177821 0.134264 0.170402 0.111672 0.0122515 0.101547 0.264762 0.159149 0.291844 0.31115 0.157641 0.160554 0.0189414 0.0206444 0.251162 0.139669 0.316714 0.0213206 0.285962 0.344438 0.193805 0.0978311 0.118579 0.290596 0.135972 0.0305418 0.141368 0.163466 0.135014 0.0232873 0.362168 0.228198 
0.229218 0.925414 0.242717 1.66241 0.90247 0.976758 0.26915 0.235868 1.00303 0.285977 0.385141 0.26253 0.0193488 2.07129 0.882404 1.94071 0.0172121 0.921467 0.597121 0.0120973 0.416972 0.227549 1.83461 0.316179 0.366779 1.96397 0.789244 0.747643 0.313083 1.82768 0.377711 0.860442 0.391683 1.10792 1.87007 0.396389 0.859464 0.328771 0.844739 0.307401 0.0110737 0.264139 0.968445 0.434885 2.0191 1.87439 0.784169 0.389547 0.0170133 0.0181467 1.01399 0.359745 1.68424 0.0183089 1.0468 2.04583 0.842914 0.234274 0.240729 1.78219 0.321776 0.306941 0.760351 0.816516 0.34319 0.0201405 2.01149 1.11918 
