-0.0863781 -0.989841 -0.112929  0.031693 -0.601369 0.142177 -0.78622 0.145072  0.794289         0 -0.607541  0.147809 0 0 0 1         0 -0.611398  0.959398         0 -0.524398  0.872398 -0.611398  0.872398         0 -0.785398  0.785398         0 -0.785398  0.785398 -0.785398  0.785398
0.112477
0.293429
0.65296
100
5
95
0.142592
0.419744
0.256839 0.0986076 0.144014 0.126337 0.122144 0.316585 0.229683 0.0955674 0.128053 0.10112 0.10439 0.107314 0.106086 0.120216 0.110162 0.108886 0.0913888 0.283601 0.297771 0.102303 0.246798 0.107313 0.0907839 0.110122 0.218595 0.120166 0.115601 0.120865 0.115219 0.109623 0.105545 0.107736 0.114916 0.112533 0.0995037 0.115635 0.125046 0.131583 0.195346 0.0948371 0.100283 0.120189 0.189054 0.113449 0.113275 0.12757 0.211133 0.107229 0.124332 0.242656 0.111545 0.128859 0.130158 0.0971335 0.0867946 0.123548 0.342504 0.060116 0.195815 0.112212 0.100253 0.111833 0.308185 0.119385 0.216965 0.105299 0.11335 0.101998 0.103725 0.206485 0.105081 0.0295166 0.108453 0.324298 0.137443 0.126539 0.228164 0.33024 0.104772 0.111315 0.128196 0.251619 0.119792 0.11317 0.122529 0.0991249 0.191537 0.107009 0.0894796 0.102576 0.126326 0.11701 0.109844 0.235698 0.092345 
0.959476 0.230545 0.346567 0.257306 0.353551 1.05553 0.767891 0.248485 0.252476 0.380596 0.250208 0.29455 0.231859 0.226005 0.245851 0.351362 0.322418 1.0148 1.04854 0.250615 0.945855 0.247469 0.287416 0.238645 0.749296 0.305869 0.263679 0.238903 0.295238 0.288322 0.272892 0.28443 0.341391 0.316536 0.26406 0.246471 0.272446 0.370742 0.792532 0.26628 0.249831 0.33779 0.96621 0.239253 0.243952 0.329291 0.773411 0.238861 0.300298 0.808769 0.23794 0.279255 0.318914 0.293595 0.370948 0.266375 1.07667 0.245894 0.748753 0.32696 0.236522 0.248777 0.914528 0.281321 0.691285 0.346712 0.296614 0.274176 0.255856 0.794268 0.303673 0.259434 0.232614 0.937649 0.383118 0.348478 0.761888 1.00733 0.23529 0.231586 0.253097 0.958547 0.247881 0.237663 0.270048 0.236247 0.731999 0.23675 0.342134 0.2308 0.239518 0.328796 0.243644 1.03207 0.215293 
