 0.669443 -0.701723 -0.243783 0.0144734    -0.659364     -0.71245     0.240113 -0.000698016 -0.342176         0 -0.939636  0.210444 0 0 0 1         0 -0.785398  0.785398         0 -0.785398    1.3944 -0.524398    1.3074         0 -0.785398  0.785398         0 -0.785398  0.785398 -0.785398  0.785398
0.00672776
0.00762344
0.349231
100
52
48
0.0621266
0.459778
0.0130123 0.00557182 0.0053855 0.122375 0.0649556 0.0720808 0.0110619 0.175679 0.0595249 0.0751289 0.0992252 0.0437967 0.0061347 0.013752 0.0703045 0.14485 0.0471948 0.00551528 0.00971056 0.279477 0.088336 0.0767058 0.00324886 0.0851959 0.104028 0.00602367 0.00582143 0.00619172 0.0389204 0.190672 0.0616566 0.00391869 0.0541473 0.0196495 0.0439569 0.0687634 0.166096 0.0241322 0.0207802 0.109992 0.0103316 0.0078107 0.0351131 0.198348 0.0396105 0.0887765 0.0478712 0.0512418 
0.380721 0.316055 0.134505 0.766295 0.752433 0.860069 0.15246 0.762147 0.737896 0.281097 0.291753 0.723527 0.195996 0.504689 0.193213 0.645144 0.236179 0.156828 0.177963 1.72582 0.785974 0.212183 0.141105 0.822174 0.855905 0.141022 0.144378 0.136086 0.75896 0.758943 0.209569 0.114893 0.251738 0.233801 0.593992 0.190644 0.824233 0.537921 0.223581 0.842147 0.14343 0.148841 0.235648 0.915177 0.586851 0.752927 0.265209 0.247222 
