  -0.140989    0.989841    0.018341 -0.00442196   0.981571   0.142177  -0.127691 -0.0276964 -0.129001         0 -0.991644  0.207659 0 0 0 1         0 -0.785398  0.785398         0 -0.785398    1.3074 -0.437398  0.959398         0 -0.785398  0.785398         0 -0.785398  0.785398 -0.785398  0.785398
0.0830298
0.291258
0.129362
100
58
42
0.128748
0.576174
0.0483602 0.125507 0.0527192 0.0303271 0.0419854 0.164528 0.223548 0.101197 0.0528058 0.22811 0.0578877 0.104309 0.210199 0.0370487 0.0161632 0.0147183 0.234849 0.134643 0.00549771 0.0165832 0.00896986 0.304 0.124138 0.14417 0.273408 0.016859 0.276158 0.00726971 0.105476 0.194789 0.129596 0.00317044 0.239533 0.244243 0.106208 0.274078 0.263141 0.149725 0.252564 0.0237211 0.234474 0.130757 
0.241046 0.377292 0.213369 0.824074 0.260391 0.870187 0.892074 0.302607 0.792307 1.08356 0.287919 0.317629 1.03064 0.239335 0.0147601 0.0133329 1.03606 0.345285 0.00582537 0.0142822 0.00835224 1.71677 0.319782 0.897706 1.18325 0.014257 1.14072 0.00738948 0.328226 1.06055 0.334547 0.260336 1.11554 1.06127 0.32193 1.18226 1.08559 0.365737 1.06371 0.23467 0.988924 0.345799 
