0.00494774  -0.24869  0.968571 -0.171705 -0.00127036 -0.968583 -0.248687 0.0539255    0.999987           0 -0.00510822   0.0507338 0 0 0 1         0 -0.524398  0.785398         0 -0.524398  0.959398 -0.524398  0.785398         0 -0.785398  0.785398         0 -0.785398  0.785398 -0.785398  0.785398
0.11953
0.368389
0.00510824
100
3
97
0.0943848
0.322285
0.153776 0.135217 0.0208305 0.0867408 0.108503 0.0737091 0.0745711 0.271883 0.121656 0.110854 0.0898023 0.132507 0.149357 0.056566 0.110969 0.0998307 0.0142675 0.200236 0.0148534 0.131644 0.107832 0.0905257 0.0162867 0.241933 0.0187329 0.0661338 0.118544 0.0549017 0.0182761 0.00666673 0.0792016 0.0358019 0.158137 0.0180629 0.108885 0.09669 0.0986718 0.0916408 0.139228 0.0820963 0.234461 0.0922168 0.0952364 0.124833 0.0194764 0.00373906 0.100782 0.22049 0.116953 0.0942325 0.0114166 0.0700428 0.125047 0.0938666 0.2624 0.0774123 0.1076 0.128083 0.116375 0.087762 0.0896643 0.11699 0.116502 0.0661891 0.127209 0.10247 0.0760464 0.14317 0.0186044 0.114359 0.0628011 0.0183013 0.0758961 0.00986596 0.0103152 0.0199464 0.142333 0.148636 0.0984072 0.0155921 0.13764 0.018217 0.114607 0.120099 0.144975 0.148475 0.100828 0.0584276 0.0965058 0.214368 0.0194497 0.0192791 0.120045 0.0598783 0.124942 0.0805442 0.015295 
0.334696 1.19832 0.0264819 0.271664 0.299364 0.248457 0.349888 1.40424 0.215724 0.380435 0.377955 0.39986 0.357872 0.286433 0.215968 0.325901 0.0189278 0.71664 0.0189265 0.32749 0.301204 0.188233 0.0161315 1.29677 0.0243017 0.243799 0.334538 0.231674 0.0230963 0.171638 0.212629 0.202314 0.338297 0.0174147 0.224872 0.217107 0.282007 0.282063 0.65462 0.23994 1.13562 0.354352 0.199019 0.5493 0.0195627 0.00733488 0.273094 1.26278 0.263221 0.358589 0.0157781 0.234018 0.645294 0.328772 0.968055 0.311302 0.263457 0.231616 0.237676 0.310382 0.188629 0.27164 0.294934 0.291516 0.238968 0.355392 0.3762 0.333648 0.0183682 0.226424 0.389557 0.215384 0.332954 0.0156337 0.30711 0.0190803 0.614864 0.636465 0.197013 0.0165531 0.331151 0.0184198 0.263302 0.326848 0.335599 0.955468 0.355092 0.227981 0.32341 0.523367 0.0180104 0.0185634 0.318968 0.218791 0.226889 0.195537 0.0167753 
