1.73091e-06 -0.535827  0.844328 -0.146789 -1.09847e-06 -0.844328 -0.535827  0.104442            1            0 -2.05005e-06    0.0291176 0 0 0 1         0 -0.524398  0.785398         0 -0.524398  0.785398 -0.524398  0.785398         0 -0.785398  0.785398         0 -0.785398  0.785398 -0.785398  0.785398
0.137667
0.269875
2.05005e-06
100
2
98
0.129136
0.317281
0.144753 0.0948025 0.151284 0.141544 0.114294 0.125194 0.132012 0.137103 0.132358 0.057743 0.123699 0.24758 0.169282 0.0773707 0.0502314 0.142093 0.139061 0.138713 0.144955 0.13257 0.156564 0.153975 0.011205 0.134549 0.232765 0.144665 0.14362 0.11278 0.158707 0.14201 0.096342 0.109773 0.111215 0.0978515 0.120305 0.151094 0.116612 0.156287 0.126574 0.06466 0.0486303 0.148066 0.160675 0.119994 0.140163 0.135944 0.129981 0.155605 0.124159 0.131354 0.138012 0.11993 0.137235 0.128739 0.22256 0.1652 0.127224 0.0563484 0.110024 0.261936 0.139723 0.0738525 0.185837 0.156848 0.159546 0.11072 0.13531 0.112653 0.155321 0.130638 0.141715 0.160702 0.109902 0.110781 0.134722 0.100206 0.140117 0.10612 0.142856 0.133084 0.150441 0.14316 0.101109 0.107615 0.142339 0.096293 0.113785 0.113818 0.153501 0.0868689 0.109564 0.16647 0.101071 0.114163 0.131096 0.1895 0.0757299 0.0182075 
0.278326 0.185405 0.389219 0.314938 0.204849 0.308779 0.318759 0.348063 0.351091 0.277812 0.283799 0.994659 0.338096 0.372178 0.225318 0.361827 0.253564 0.263482 0.325019 0.350449 0.348286 0.373506 0.265108 0.257688 0.773337 0.344622 0.333067 0.229454 0.305629 0.342607 0.316293 0.309522 0.211151 0.214589 0.227432 0.277215 0.220127 0.346905 0.232082 0.341318 0.267811 0.358741 0.378087 0.345961 0.342201 0.269608 0.250537 0.342638 0.283151 0.25096 0.252861 0.222989 0.302054 0.30091 0.756917 0.430439 0.229215 0.188097 0.286796 0.84738 0.295224 0.32226 0.793975 0.278038 0.365646 0.281414 0.306049 0.21947 0.350808 0.24074 0.357109 0.333862 0.235618 0.206372 0.309879 0.204632 0.260503 0.198655 0.352779 0.264956 0.329715 0.342576 0.223746 0.203391 0.336575 0.189548 0.253556 0.222275 0.337337 0.206026 0.655563 0.372058 0.188535 0.208412 0.237471 0.301091 0.178295 0.206458 
