  0.966696   0.246866 -0.0674958 -0.0370272   0.246266   -0.96905 -0.0171946 0.00093782 -0.0696515         0 -0.997571  0.208307 0 0 0 1         0 -0.785398  0.785398         0 -0.698398    1.1334 -0.524398    1.0464         0 -0.785398  0.785398         0 -0.785398  0.785398 -0.785398  0.785398
0.122416
0.279452
0.0697079
100
41
59
0.110337
0.49981
0.0109587 0.00881719 0.20819 0.0145579 0.0893979 0.137033 0.204448 0.0984171 0.139508 0.0636666 0.146875 0.0168366 0.123599 0.00865171 0.19234 0.257332 0.239848 0.014467 0.0843394 0.270879 0.0586872 0.0934334 0.120441 0.111738 0.0334395 0.0181318 0.0453307 0.264318 0.241289 0.151909 0.0219828 0.279662 0.131855 0.00923657 0.0291957 0.148266 0.0510405 0.120877 0.123856 0.183066 0.0188947 0.00529151 0.110762 0.245058 0.0820049 0.119993 0.245932 0.0460879 0.110767 0.00491775 0.0151051 0.133286 0.0134329 0.0611061 0.12839 0.0827626 0.17324 0.134326 0.210608 
0.00992119 0.00930595 1.10974 0.013049 0.608498 0.342582 0.963576 0.328271 0.363391 0.290093 0.90644 0.319748 1.04024 0.00794456 1.10962 0.868133 1.16262 0.0132864 0.333698 1.10129 0.245216 0.304591 0.351513 0.286011 0.272955 0.0164153 0.222338 1.09944 1.06608 0.789905 0.0184006 1.12621 0.351271 0.00897954 0.743372 0.351817 0.326931 1.14902 0.312266 0.823762 0.299925 0.00660641 0.286954 1.06483 0.302162 0.304791 1.26946 0.310494 0.874096 0.00710951 0.0114845 0.311547 0.29878 0.279318 0.335147 0.277065 1.15542 0.342043 0.983643 
