 0.0863781  -0.989841   0.112929 -0.0128266 -0.601369 -0.142177  -0.78622  0.147782  0.794289         0 -0.607541  0.147809 0 0 0 1         0 -0.611398  0.872398         0 -0.524398  0.785398 -0.611398  0.959398         0 -0.785398  0.785398         0 -0.785398  0.785398 -0.785398  0.785398
0.104882
0.312514
0.652961
100
1
99
0.133957
0.38037
0.106508 0.109321 0.115213 0.11728 0.102303 0.128574 0.110448 0.113116 0.114834 0.104192 0.103329 0.121561 0.12874 0.0985773 0.333085 0.110875 0.112779 0.0981495 0.103847 0.12029 0.0824831 0.326144 0.109718 0.109639 0.249595 0.113799 0.112487 0.108338 0.226254 0.11164 0.0867211 0.111147 0.274553 0.127912 0.11194 0.105253 0.113605 0.121989 0.116258 0.116072 0.108809 0.120895 0.106296 0.098999 0.128476 0.108728 0.211354 0.100681 0.128544 0.102391 0.108273 0.115384 0.297311 0.115897 0.0912937 0.0191085 0.106606 0.220835 0.118763 0.108085 0.133716 0.101354 0.25818 0.102626 0.120475 0.119345 0.0215991 0.0915596 0.136138 0.120496 0.147314 0.178209 0.128777 0.11403 0.109442 0.11862 0.112929 0.28293 0.320793 0.100226 0.108069 0.11583 0.100135 0.143995 0.112024 0.121048 0.321828 0.108549 0.120149 0.207254 0.202967 0.107725 0.102937 0.207421 0.107364 0.102919 0.117913 0.112988 0.116522 
0.237562 0.248177 0.231681 0.245897 0.242281 0.279141 0.238735 0.308503 0.242691 0.252897 0.234855 0.366737 0.340879 0.310567 1.15502 0.333454 0.240242 0.321314 0.237389 0.258016 0.224687 1.01188 0.236705 0.249773 0.841206 0.238578 0.241043 0.295517 0.828227 0.255889 0.240456 0.264442 0.901428 0.379918 0.238995 0.312714 0.249017 0.357808 0.19928 0.306301 0.237172 0.25045 0.238485 0.280342 0.243341 0.254282 0.806817 0.230097 0.272683 0.232787 0.238405 0.315906 1.00389 0.286652 0.234936 0.344952 0.241218 0.73756 0.237968 0.235784 0.289909 0.246041 0.941643 0.250715 0.193373 0.300955 0.260553 0.234473 0.318287 0.300118 0.352017 0.757979 0.296569 0.266138 0.236042 0.235364 0.283022 0.984665 1.03386 0.332298 0.259977 0.345437 0.252423 0.416382 0.291002 0.274202 1.88667 0.2229 0.311822 0.766428 0.70636 0.251474 0.342644 0.692557 0.254642 0.234608 0.343314 0.322572 0.243547 
