  0.240878  -0.876307    0.41721 -0.0699263 -0.438155 -0.481754 -0.758903  0.146977  0.866024         0 -0.500002 0.0941176 0 0 0 1         0 -0.611398  0.872398         0 -0.698398    1.2204 -0.611398  0.959398         0 -0.785398  0.785398         0 -0.785398  0.785398 -0.785398  0.785398
0.124918
0.314407
0.523601
100
40
60
0.185606
0.812563
0.118665 0.130116 0.112548 0.200111 0.243723 0.121443 0.138034 0.145812 0.320644 0.227744 0.263741 0.186923 0.164332 0.270305 0.177685 0.229901 0.0279151 0.257397 0.225308 0.125841 0.133828 0.224554 0.230043 0.172296 0.179129 0.318551 0.193617 0.289689 0.213934 0.173078 0.120414 0.131504 0.126841 0.160258 0.349004 0.227642 0.239844 0.136657 0.155105 0.108794 0.237599 0.311487 0.167298 0.158463 0.168164 0.12373 0.151924 0.157391 0.139277 0.116358 0.117475 0.261443 0.124692 0.13482 0.177965 0.355571 0.120528 0.226697 0.174129 0.138383 
0.262196 0.306203 0.240086 0.949369 1.01869 0.255648 0.341971 0.355279 1.09691 1.38032 1.31021 0.92919 0.779755 1.2273 0.854083 1.2469 0.258765 1.06466 1.12037 0.267119 0.338424 1.30858 1.25295 0.791081 0.879692 2.20376 0.935712 2.19008 1.07033 0.857817 0.233981 0.320178 0.268541 0.896264 2.12595 0.864586 1.33554 0.356758 0.391089 0.236517 1.28671 1.08174 0.857241 0.370381 0.871417 0.309265 0.330928 1.04558 0.366791 0.233421 0.228287 1.33659 0.235728 0.381502 0.991122 2.30956 0.242716 0.905652 0.864517 0.3818 
