   -0.322087     0.946709  -0.00146413 -0.000382416   0.946699    0.32209 0.00430348 -0.0328271 0.00454572        0 -0.99999 0.199989 0 0 0 1         0 -0.263398  0.872398         0 -0.785398    1.3074 -0.785398    1.3074         0 -0.785398  0.785398         0 -0.785398  0.785398 -0.785398  0.785398
0.0875817
0.247471
0.00454574
100
72
28
0.253831
1.33607
0.335325 0.190572 0.294512 0.154994 0.338835 0.339393 0.164206 0.325465 0.157215 0.274155 0.0249184 0.325813 0.29731 0.244152 0.325865 0.165665 0.22595 0.342825 0.335649 0.260604 0.261741 0.191691 0.27223 0.316954 0.197144 0.208512 0.181859 0.353704 
1.84919 0.876416 1.14114 0.413676 1.95493 1.86136 0.881347 2.04003 0.406848 1.91279 1.09866 2.07977 1.81047 1.0545 1.91147 0.420604 0.967774 1.9612 1.99697 0.968208 1.00427 0.918226 0.999897 1.98198 0.955609 1.07774 0.89735 1.96762 
