 0.342274 -0.728969  0.592835 -0.104281 -0.364484 -0.684547 -0.631305   0.12497  0.866025         0      -0.5 0.0782504 0 0 0 1         0 -0.611398  0.872398         0 -0.785398    1.3944 -0.611398  0.959398         0 -0.785398  0.785398         0 -0.785398  0.785398 -0.785398  0.785398
0.140838
0.308206
0.523599
100
57
43
0.142351
0.725019
0.113387 0.138059 0.0178422 0.222453 0.153737 0.138657 0.141974 0.149089 0.198989 0.305354 0.0185302 0.112774 0.168949 0.0172966 0.110192 0.186745 0.192624 0.214052 0.120577 0.108003 0.193788 0.217902 0.152198 0.149387 0.228773 0.151758 0.111414 0.18042 0.138361 0.135872 0.145689 0.307353 0.107142 0.0173469 0.119384 0.116246 0.233921 0.0246466 0.154912 0.104825 0.104962 0.180321 0.0151995 
0.23843 0.892325 0.415198 0.874871 0.982679 0.269639 0.895078 0.920454 1.22485 2.28844 0.0213737 1.23053 0.358116 0.456119 0.295042 1.34074 1.14563 1.22803 0.325936 0.301718 0.851825 1.36611 0.376954 0.319344 1.31904 1.04285 0.306756 0.90187 0.980823 0.50757 1.02424 1.0675 0.277996 0.0189925 0.270778 0.253665 1.39221 0.0238688 1.00358 0.23935 0.307342 1.13648 0.481473 
