1.18712e-12  0.24869 0.968583 -0.17646 3.04801e-13  -0.968583    0.24869 -0.0354682            1            0 -1.22563e-12    0.0132504 0 0 0 1         0 -0.524398  0.785398         0 -0.524398  0.785398 -0.524398  0.785398         0 -0.785398  0.785398         0 -0.785398  0.785398 -0.785398  0.785398
0.123917
0.217377
1.22569e-12
100
2
98
0.16168
0.442775
0.160263 0.280983 0.160069 0.172065 0.13898 0.144857 0.0935053 0.150708 0.169667 0.126701 0.191776 0.129618 0.161979 0.287704 0.154206 0.124708 0.139716 0.115097 0.122505 0.111272 0.184184 0.190584 0.287071 0.14323 0.161686 0.145612 0.109901 0.09731 0.174934 0.0141503 0.137237 0.151784 0.26865 0.165892 0.14377 0.127778 0.139101 0.167949 0.275287 0.150774 0.119128 0.137827 0.162806 0.160488 0.123183 0.120445 0.176498 0.104738 0.12838 0.148109 0.13275 0.139541 0.15155 0.154285 0.143598 0.126036 0.146869 0.187022 0.176762 0.122614 0.155148 0.157962 0.346652 0.135613 0.141003 0.16101 0.196308 0.131791 0.153237 0.140126 0.140577 0.10911 0.147038 0.230259 0.142585 0.147296 0.280195 0.141624 0.152385 0.122153 0.133417 0.153216 0.145832 0.146639 0.163519 0.278336 0.170251 0.269179 0.152456 0.150214 0.157578 0.27013 0.17069 0.322171 0.107738 0.160307 0.144151 0.180824 
0.333048 0.975727 0.331434 0.792141 0.327753 0.287285 0.296196 0.289768 0.369891 0.313163 0.443021 0.945327 0.357626 0.949128 0.353435 0.277481 0.34213 0.846534 0.222804 0.805392 0.285903 0.388756 0.936524 0.341727 0.336389 0.322428 0.235161 0.250726 0.386843 0.319696 0.299682 0.340452 0.800365 0.331106 0.312203 0.300339 0.308433 0.351898 0.922483 0.345389 0.252983 0.292809 0.385096 0.357426 0.335654 0.303704 0.379012 0.194212 0.314789 0.344352 0.316265 0.296068 0.334995 0.320036 0.340872 0.325183 0.320744 0.384727 1.45824 0.307175 0.355016 0.347024 1.49865 0.81388 0.316853 0.354125 0.428198 0.303232 0.317528 0.316915 0.311833 0.305005 0.334569 0.668187 0.219619 0.332508 0.980648 0.330516 0.316656 0.243302 0.295912 0.352343 0.347723 0.302968 0.320219 0.916778 0.399052 0.72894 0.346191 0.2958 0.349854 0.989919 0.372592 1.37797 0.255318 0.358288 0.291119 0.456573 
