-0.820347  0.497442 -0.282102 0.0735452   0.470405   0.867497   0.161764 -0.0528832  0.325191         0 -0.945648  0.190134 0 0 0 1         0 -0.437398  0.785398         0 -0.698398    1.1334 -0.611398  0.959398         0 -0.785398  0.785398         0 -0.785398  0.785398 -0.785398  0.785398
0.0798765
0.235074
0.331214
100
20
80
0.144131
0.619815
0.192405 0.115097 0.18861 0.326314 0.0839017 0.1856 0.087547 0.176813 0.168351 0.0875408 0.0732083 0.235937 0.0173965 0.206303 0.192047 0.0777298 0.0732031 0.0959258 0.181157 0.181327 0.220287 0.210156 0.209323 0.222164 0.0723487 0.126454 0.00753603 0.178152 0.135491 0.224341 0.0762831 0.0806596 0.0210894 0.169566 0.206173 0.248546 0.201507 0.0654373 0.19717 0.0886841 0.124596 0.0989569 0.187207 0.0860751 0.125881 0.173935 0.212824 0.075037 0.264589 0.0730621 0.0281189 0.171612 0.200207 0.0750358 0.30343 0.155625 0.0702646 0.155347 0.184721 0.0972195 0.151958 0.190332 0.0800648 0.105298 0.0737693 0.112675 0.108494 0.173267 0.376711 0.0229318 0.193598 0.0868089 0.0783044 0.179321 0.205979 0.192679 0.0980716 0.104692 0.0720986 0.151876 
0.904228 0.225185 0.920652 1.97314 0.224021 0.889661 0.240338 0.909332 0.931729 0.221145 0.209726 0.967298 0.0173588 0.904697 0.889131 0.224356 0.215037 0.242837 0.898144 0.776346 1.06899 0.940988 0.897661 0.90915 0.241342 0.42164 0.00622313 0.489951 0.417349 1.10744 0.226292 0.242478 0.0185296 0.482834 0.915718 0.901459 0.98308 0.227945 0.865889 0.224332 0.211928 0.208432 0.935822 0.232272 0.205601 0.949953 0.998259 0.221238 2.06888 0.222946 0.0230013 0.902001 0.929332 0.211467 1.92122 0.851416 0.204479 0.845787 0.896766 0.250415 0.910447 0.994605 0.19523 0.230983 0.218047 0.185032 0.232613 0.991775 1.94805 0.0203818 1.00455 0.25643 0.215016 0.867746 1.01045 1.01624 0.247167 0.232528 0.240251 0.902794 
