-0.140989 -0.989841  0.018341 0.0144444 -0.981571  0.142177  0.127691 0.0249865 -0.129001         0 -0.991644  0.207659 0 0 0 1         0 -0.785398  0.785398         0 -0.785398    1.3074 -0.524398    1.1334         0 -0.785398  0.785398         0 -0.785398  0.785398 -0.785398  0.785398
0.0148129
0.0114688
0.129362
100
56
44
0.143806
0.661773
0.260411 0.028463 0.0191116 0.179772 0.0803204 0.17204 0.0172961 0.16175 0.0150832 0.0968246 0.00548022 0.146231 0.0902363 0.121638 0.278022 0.0896292 0.136572 0.00961498 0.197918 0.0269454 0.105233 0.110622 0.218337 0.0638506 0.202697 0.248157 0.278152 0.0308821 0.0323833 0.235152 0.273047 0.0537861 0.161326 0.249171 0.280935 0.149365 0.283625 0.159724 0.0603283 0.144957 0.285232 0.142198 0.173347 0.251592 
1.05447 0.772512 0.0146686 0.910049 0.286508 0.844025 0.188072 1.04917 0.193589 0.269624 0.00677229 0.99971 0.290002 0.376243 1.2157 0.875044 0.339453 0.00885251 1.11162 0.167312 0.303791 0.293378 1.09645 0.272096 0.993451 1.13694 1.05669 0.197913 0.282462 1.10646 1.21093 0.243285 0.996236 1.11745 1.0949 0.782667 0.924637 0.969726 0.236006 0.350289 1.02007 0.359306 0.951381 1.14812 
