-0.820347 -0.497442 -0.282102 0.0830264 -0.470405  0.867497 -0.161764 0.0363487  0.325191         0 -0.945648  0.190134 0 0 0 1         0 -0.437398  0.785398         0 -0.698398    1.1334 -0.611398  0.959398         0 -0.785398  0.785398         0 -0.785398  0.785398 -0.785398  0.785398
0.0676596
0.248102
0.331214
100
23
77
0.182301
0.906204
0.0136773 0.184002 0.0713666 0.19748 0.12627 0.112949 0.15984 0.201224 0.119599 0.187449 0.117401 0.0766915 0.134354 0.246638 0.0846302 0.191411 0.128021 0.338111 0.158595 0.075259 0.306227 0.0811494 0.078983 0.0888773 0.233524 0.0633358 0.17709 0.0755685 0.0780423 0.078629 0.168836 0.378836 0.0653128 0.102145 0.222548 0.329751 0.28584 0.231097 0.187027 0.177233 0.125882 0.0819997 0.191081 0.254399 0.0219676 0.383487 0.0715802 0.186247 0.211919 0.169822 0.0294733 0.341943 0.129763 0.338276 0.0682004 0.316974 0.361228 0.0720939 0.161477 0.347578 0.393452 0.081898 0.372442 0.294026 0.174133 0.230346 0.0924762 0.212695 0.0813051 0.198441 0.349766 0.257297 0.290318 0.342729 0.195202 0.179884 0.0903226 
0.0137526 0.795908 0.213663 0.917761 0.467941 0.246555 0.797215 1.06372 0.235435 0.975061 0.428436 0.249848 0.218263 0.895665 0.232489 0.943526 0.31916 2.07176 0.941197 0.24186 2.1327 0.221324 0.230197 0.229097 0.856946 0.248504 0.92506 0.216144 0.235428 0.215043 0.974624 2.04607 0.239557 0.254057 1.02016 2.02848 1.99532 0.971605 0.86647 0.521017 0.794084 0.257494 0.886859 1.8928 0.0193655 1.93374 0.21755 0.923505 1.02715 0.911498 0.0237319 1.82107 0.795843 1.92637 0.228617 1.93322 2.19569 0.211894 0.942312 2.15828 2.34729 0.233864 2.06084 1.91927 0.884794 1.00938 0.247793 1.10847 0.259954 0.96031 1.92042 0.954232 2.10188 1.84054 0.99238 0.918276 0.219929 
