 -0.279668   0.946709   0.159776 -0.0245391  0.822017   0.32209 -0.469623 0.0381758 -0.496058         0 -0.868289  0.200234 0 0 0 1         0 -0.785398  0.785398         0 -0.785398    1.3944 -0.611398    1.3944         0 -0.785398  0.785398         0 -0.785398  0.785398 -0.785398  0.785398
0.0427956
0.312901
0.519053
100
55
45
0.0964986
0.656841
0.041215 0.0185597 0.180974 0.0729001 0.195589 0.0737662 0.105557 0.105697 0.10671 0.0431423 0.0928021 0.0670113 0.0702491 0.148806 0.0334685 0.0696268 0.277734 0.0665489 0.0397834 0.0752953 0.216255 0.134895 0.0963067 0.0253147 0.00997724 0.0372296 0.00800269 0.148016 0.0466074 0.0538994 0.068848 0.0931835 0.0877162 0.143604 0.192775 0.0719204 0.0371236 0.2066 0.117689 0.0243381 0.130285 0.234952 0.207886 0.0366624 0.0269142 
0.14872 0.455204 0.658241 0.665932 1.46341 0.563316 0.816483 0.840966 0.699538 0.176304 0.230014 0.593699 0.186723 1.35265 0.208837 0.693803 1.88556 0.634577 0.634058 0.69394 0.777002 0.691912 0.671566 0.203469 0.104178 0.29425 0.0980371 0.828347 0.611649 0.595177 0.524216 0.620401 0.837792 0.734658 1.13009 0.692993 0.44083 1.32132 0.741953 0.117772 0.792714 1.42916 1.13106 0.339948 0.225365 
