 0.619192  0.699144 -0.357491 0.0387107  0.605476 -0.714981 -0.349572 0.0498725      -0.5         0 -0.866025  0.199904 0 0 0 1         0 -0.263398    1.1334         0 -0.698398    1.1334 -0.611398    1.1334         0 -0.785398  0.785398         0 -0.785398  0.785398 -0.785398  0.785398
0.0527313
0.258489
0.523599
100
37
63
0.174879
0.915934
0.196056 0.0459359 0.0709461 0.333274 0.0102989 0.285701 0.0553792 0.18388 0.173847 0.196048 0.213933 0.33729 0.108009 0.0155664 0.0122489 0.0897794 0.252313 0.128996 0.229973 0.0171594 0.213046 0.217353 0.0351066 0.189001 0.193721 0.258027 0.245989 0.187532 0.266249 0.194677 0.296484 0.263874 0.17587 0.327232 0.149539 0.133133 0.258873 0.187085 0.18329 0.0359993 0.070005 0.191853 0.187473 0.129235 0.0177476 0.299275 0.0105622 0.257872 0.249698 0.214808 0.283792 0.176169 0.212217 0.172894 0.266333 0.0610641 0.211125 0.203322 0.0404833 0.275966 0.278006 0.220401 0.0183772 
0.715933 0.249196 0.176837 2.17024 0.182851 1.55469 0.224184 0.73165 0.823543 0.733372 1.44284 1.55546 0.585018 0.205566 0.226927 0.196582 1.64777 0.824269 0.917531 0.200517 0.73512 1.21189 0.214138 0.851078 0.711523 1.94061 1.50267 0.595112 1.53961 0.733816 1.84317 1.53846 0.742235 1.75729 0.639854 0.554662 1.66297 1.08988 0.656653 0.255551 0.257603 1.62296 0.924153 0.608484 0.181668 1.75311 0.0125143 1.51111 1.44356 0.940307 1.75768 0.817124 0.745026 1.38129 1.68966 0.233505 0.781743 0.717316 0.238964 1.60626 0.90367 1.19119 0.243674 
