   -0.714981    -0.699144 -1.06603e-07    0.0149129    -0.699144     0.714981 -1.04241e-07   0.00256327 1.49099e-07    0   -1 0.21 0 0 0 1         0 -0.524398  0.959398         0 -0.698398    1.1334 -0.698398    1.1334         0 -0.785398  0.785398         0 -0.785398  0.785398 -0.785398  0.785398
0.138898
0.288484
1.49012e-07
100
35
65
0.22194
1.0469
0.118493 0.303819 0.188522 0.131695 0.315401 0.324147 0.36498 0.103979 0.243043 0.129108 0.135691 0.155919 0.265551 0.413372 0.106763 0.180476 0.190869 0.137325 0.111528 0.252964 0.182129 0.201071 0.166921 0.154977 0.188876 0.350473 0.346805 0.178369 0.196762 0.362438 0.185724 0.171908 0.0883096 0.186868 0.170564 0.205311 0.418417 0.126222 0.150598 0.329273 0.127869 0.349045 0.359259 0.127173 0.357217 0.197589 0.141154 0.371332 0.368008 0.204414 0.165194 0.141809 0.114603 0.218478 0.168296 0.164221 0.22707 0.398502 0.101989 0.26576 0.262148 0.243684 0.360449 0.152147 0.303009 
0.293656 1.4348 0.895199 0.213902 2.04381 1.76892 1.69393 0.247472 1.16867 0.263527 0.231769 0.774585 1.00884 2.67153 0.237076 0.811705 0.834166 0.272077 0.246372 1.09817 0.826436 0.94761 0.824074 0.715272 0.796999 2.13505 1.86941 0.760642 1.0693 2.10112 0.701377 0.841255 0.216816 0.804746 0.821203 0.803234 2.51138 0.267487 0.269348 1.85082 0.270183 1.91684 2.04505 0.271429 2.03111 0.820234 0.271753 2.07596 2.11487 0.928111 0.793533 0.271677 0.236727 1.01586 0.857605 0.80925 0.901633 2.65205 0.687033 1.33454 1.1801 0.746696 2.21211 0.375982 1.88473 
