  0.245449  -0.878145   0.410629 -0.0680935 -0.450548 -0.478394 -0.753754  0.145089  0.858348         0 -0.513068  0.133401 0 0 0 1         0 -0.611398  0.872398         0 -0.524398  0.785398 -0.611398  0.959398         0 -0.785398  0.785398         0 -0.785398  0.785398 -0.785398  0.785398
0.133047
0.338779
0.538755
100
0
100
0.12623
0.329372
0.137422 0.124226 0.117217 0.106895 0.151503 0.103454 0.1388 0.107077 0.141069 0.122857 0.214585 0.20762 0.138048 0.131299 0.109396 0.166052 0.124973 0.118523 0.0918233 0.122655 0.127683 0.14805 0.113474 0.131523 0.121479 0.122762 0.132194 0.120225 0.126242 0.144995 0.107033 0.0264878 0.120125 0.116968 0.113356 0.12438 0.138252 0.10728 0.114464 0.11964 0.102727 0.12453 0.108676 0.125452 0.113222 0.124753 0.11521 0.113562 0.116444 0.116062 0.113026 0.117126 0.11691 0.117313 0.134877 0.114901 0.134424 0.12399 0.0125881 0.115833 0.112717 0.147207 0.129756 0.115728 0.113821 0.136025 0.116238 0.110757 0.15866 0.117346 0.153195 0.126167 0.313505 0.0246882 0.128143 0.130161 0.115668 0.105844 0.100377 0.107127 0.109218 0.113339 0.115427 0.10508 0.13494 0.116026 0.119999 0.13894 0.11262 0.329826 0.110536 0.124757 0.122756 0.145051 0.144066 0.120843 0.135288 0.135978 0.11832 0.193142 
0.353151 0.305411 0.28116 0.234667 0.356847 0.249579 0.271886 0.331089 0.319726 0.304799 0.810599 0.706825 0.296263 0.349878 0.339248 0.380068 0.321458 0.322198 0.229293 0.302798 0.30694 0.321308 0.235517 0.355082 0.240564 0.259569 0.323157 0.325397 0.276063 0.355555 0.226711 0.312366 0.239709 0.344427 0.33021 0.321261 0.33805 0.23206 0.28062 0.266817 0.345874 0.284898 0.280846 0.330836 0.319033 0.293715 0.23525 0.204903 0.332739 0.255778 0.230058 0.334808 0.2585 0.330807 0.366137 0.344967 0.356181 0.314101 0.271148 0.244719 0.329288 0.341466 0.259341 0.337963 0.25335 0.309092 0.254677 0.235583 0.367713 0.334947 0.357742 0.353952 1.07794 0.258044 0.334277 0.314254 0.226482 0.15764 0.332223 0.314573 0.256197 0.351682 0.336513 0.294028 0.324028 0.287857 0.333957 0.368109 0.234288 1.05035 0.239596 0.282433 0.264106 0.373042 0.343799 0.332595 0.330111 0.319553 0.249023 0.721809 
