  -0.13127  -0.989841 -0.0546106  0.0241115  -0.91391  0.142177 -0.380202 0.0922895 0.384104        0 -0.92329 0.188856 0 0 0 1         0 -0.524398  0.872398         0 -0.611398  0.959398 -0.611398  0.872398         0 -0.785398  0.785398         0 -0.785398  0.785398 -0.785398  0.785398
0.0976455
0.251243
0.394237
100
19
81
0.176544
0.774281
0.185874 0.084219 0.0957986 0.105537 0.19594 0.180331 0.107521 0.237521 0.184697 0.235092 0.258446 0.234326 0.33198 0.274475 0.108794 0.178405 0.100336 0.101776 0.0650932 0.0852827 0.21687 0.0814218 0.0750191 0.158701 0.0854767 0.0846433 0.19098 0.204639 0.331075 0.154381 0.145435 0.247189 0.0801137 0.334556 0.0990121 0.140602 0.360277 0.0783834 0.237474 0.0907333 0.232867 0.106374 0.172205 0.24729 0.0822345 0.215671 0.340745 0.0881829 0.102454 0.0818281 0.189268 0.346807 0.081732 0.198378 0.346888 0.203027 0.0710473 0.0746573 0.0737565 0.242028 0.22405 0.083323 0.223563 0.335307 0.15863 0.0838947 0.222306 0.242869 0.0758616 0.323254 0.0762265 0.201992 0.115251 0.17145 0.108399 0.250504 0.189147 0.324813 0.258092 0.161207 0.224067 
0.915595 0.214618 0.249953 0.245066 0.99821 0.931811 0.199108 0.923821 0.952432 0.628315 1.07995 0.929776 1.95887 0.851311 0.261527 1.02453 0.220332 0.247721 0.212102 0.240337 0.808434 0.245174 0.222697 0.887395 0.259544 0.21853 0.841769 1.09125 2.18688 0.795266 0.851512 0.952043 0.214561 1.90739 0.252704 0.824072 2.13387 0.242646 0.907579 0.231811 0.932914 0.256203 1.08533 0.994529 0.227536 0.882858 1.74754 0.249391 0.251783 0.242463 0.933241 1.81828 0.234278 0.737343 2.00551 0.837038 0.21908 0.242758 0.224683 0.940434 0.865657 0.217221 0.937322 2.22489 0.872178 0.253721 0.839018 0.954693 0.210321 2.15331 0.233972 0.758854 0.257254 0.634489 0.256996 0.997715 0.921622 2.14893 0.89978 0.873084 0.782054 
