  0.669443   0.701723  -0.243783 0.00109862  0.659364  -0.71245 -0.240113 0.0142773 -0.342176         0 -0.939636  0.210444 0 0 0 1         0 -0.785398  0.785398         0 -0.785398    1.3944 -0.524398    1.3074         0 -0.785398  0.785398         0 -0.785398  0.785398 -0.785398  0.785398
0.00875299
0.00764978
0.349231
100
45
55
0.0763719
0.536296
0.179715 0.0309291 0.131776 0.0707586 0.00866815 0.191775 0.00608748 0.00838918 0.011673 0.00312534 0.128838 0.0281998 0.0607097 0.0251476 0.0988517 0.00872259 0.0484331 0.252103 0.00109532 0.00349422 0.0118145 0.0619514 0.0317541 0.0259145 0.17747 0.0143818 0.0428896 0.052485 0.0074014 0.00394847 0.10283 0.00483299 0.00770054 0.0969416 0.101127 0.173629 0.0323614 0.131463 0.167401 0.238349 0.030561 0.135308 0.00777676 0.0739343 0.107648 0.0923452 0.145309 0.192326 0.0688148 0.174167 0.170048 0.0940718 0.0919295 0.0094046 0.0216726 
0.923855 0.562428 0.839446 0.22128 0.497584 0.875205 0.151175 0.561199 0.310593 0.383754 0.869002 0.143326 0.267631 0.173467 0.793706 0.486902 0.735536 1.4637 0.387613 0.418531 0.189826 0.786468 0.477523 0.517362 0.898595 0.384878 0.540673 0.646199 0.381076 0.147411 0.301586 0.14664 0.254554 0.810137 0.830292 0.923333 0.566206 0.901485 0.851345 1.63914 0.695561 0.641865 0.180236 0.260347 0.321388 0.225622 0.651492 0.716416 0.25114 0.812045 0.897238 0.250766 0.189103 0.00911612 0.133277 
