 0.422164 -0.535827  0.731209 -0.132084 -0.267913 -0.844328  -0.46404 0.0951101  0.866025         0      -0.5 0.0782504 0 0 0 1         0 -0.611398  0.872398         0 -0.785398    1.3944 -0.611398  0.959398         0 -0.785398  0.785398         0 -0.785398  0.785398 -0.785398  0.785398
0.136958
0.284059
0.523599
100
47
53
0.162787
0.881361
0.0205084 0.186858 0.181461 0.196184 0.134303 0.127732 0.198756 0.214608 0.115433 0.217323 0.107139 0.213031 0.118321 0.0182682 0.278652 0.129067 0.210144 0.142176 0.153459 0.139971 0.167788 0.203531 0.120283 0.261511 0.180711 0.112375 0.161336 0.256788 0.331036 0.200416 0.168011 0.0205257 0.332896 0.201829 0.165832 0.183782 0.146132 0.158426 0.0210904 0.122588 0.190869 0.0195433 0.124977 0.214723 0.238796 0.242323 0.148639 0.181877 0.101196 0.126385 0.248456 0.0167556 0.152897 
0.903936 1.32583 1.2183 1.08857 0.331623 0.453256 1.31021 0.955365 0.237718 1.25687 0.232934 1.38476 0.309489 0.411978 2.05189 0.851644 1.27993 0.373849 0.960515 0.920313 1.18935 0.861477 0.302034 1.11908 1.16781 0.249823 0.978596 0.943363 2.36962 1.16958 1.15345 0.401637 2.26874 1.15888 0.974489 1.19618 0.356081 1.14595 0.01834 0.287659 1.13911 0.0214079 0.253669 1.12656 1.04392 1.38962 1.00088 1.29353 0.239131 0.33068 1.36546 0.017925 0.319118 
