 0.278204  0.946709  0.162312 -0.038572   0.817714  -0.322091   0.477076 -0.0881485  0.503932         0 -0.863744  0.182277 0 0 0 1         0 -0.611398  0.872398         0 -0.698398    1.2204 -0.698398    1.1334         0 -0.785398  0.785398         0 -0.785398  0.785398 -0.785398  0.785398
0.129435
0.240784
0.528145
100
28
72
0.221048
0.937641
0.228311 0.209139 0.104089 0.190984 0.10028 0.308865 0.199679 0.114099 0.083072 0.207079 0.338432 0.222745 0.0979265 0.0996253 0.267249 0.0979219 0.272495 0.191919 0.203466 0.318182 0.341532 0.374663 0.109445 0.191563 0.153473 0.0914587 0.179661 0.0949289 0.37359 0.299944 0.0796666 0.281857 0.373981 0.231719 0.356392 0.241532 0.103227 0.374148 0.198349 0.371617 0.355625 0.368257 0.105697 0.0660863 0.324587 0.060774 0.221064 0.362968 0.192903 0.38187 0.207887 0.315353 0.108339 0.209427 0.192482 0.229471 0.0761907 0.111281 0.378593 0.0229051 0.387841 0.357828 0.103411 0.376697 0.308477 0.0910435 0.355898 0.205998 0.108691 0.174918 0.369123 0.105493 
0.826795 1.28831 0.258691 0.650048 0.238728 0.884857 0.66614 0.25062 0.23923 0.674738 1.83677 0.850933 0.251103 0.2377 1.39775 0.243872 2.00303 0.676662 0.687603 2.11223 1.44788 1.77299 0.245426 0.650814 0.63938 0.233601 0.621366 0.254038 1.98688 0.876399 0.219629 0.845667 1.7994 0.798209 1.59534 0.728115 0.244243 1.96466 0.718746 1.68299 1.73789 1.84814 0.253661 0.248122 1.63085 0.235729 0.750471 1.80023 0.584019 1.89563 0.693497 0.966412 0.249307 0.833633 0.652387 0.764469 0.231604 0.233988 1.869 0.253879 1.98109 1.93414 0.242237 1.92784 2.08289 0.247424 1.9335 0.772441 0.245577 0.916824 1.63977 0.251899 
