 0.345287 -0.728969  0.591085 -0.104044 -0.367694 -0.684547 -0.629441  0.124717  0.863468         0 -0.504403  0.115642 0 0 0 1         0 -0.611398  0.872398         0 -0.611398    1.0464 -0.611398  0.959398         0 -0.785398  0.785398         0 -0.785398  0.785398 -0.785398  0.785398
0.125264
0.318297
0.52869
100
10
90
0.191722
0.722133
0.138012 0.341524 0.190881 0.124441 0.319092 0.113961 0.124606 0.328715 0.134839 0.33923 0.330658 0.114446 0.230086 0.19884 0.123514 0.243191 0.217829 0.222687 0.311384 0.116658 0.233489 0.136415 0.115416 0.126555 0.332783 0.108957 0.0145045 0.130911 0.156835 0.315942 0.105583 0.203176 0.329583 0.195455 0.17242 0.138194 0.224786 0.11987 0.135512 0.177737 0.108485 0.146709 0.140039 0.239581 0.119891 0.300023 0.104214 0.126587 0.186973 0.117113 0.296278 0.193132 0.159056 0.116722 0.362951 0.138819 0.131086 0.119855 0.227657 0.239591 0.14831 0.126705 0.325685 0.117263 0.135827 0.110492 0.148718 0.200251 0.22317 0.11491 0.321165 0.138727 0.301722 0.316451 0.138932 0.320303 0.131917 0.236309 0.245685 0.132117 0.274244 0.231757 0.211864 0.112942 0.128112 0.261531 0.149241 0.25361 0.251855 0.131704 
0.365747 1.91802 0.789069 0.232629 1.85864 0.24965 0.317912 1.07797 0.326966 1.09555 2.06595 0.232231 1.13449 0.741005 0.234704 1.11244 0.993414 0.903603 1.0238 0.316608 1.05935 0.340228 0.268188 0.351434 2.0927 0.303013 0.214184 0.382205 0.355238 1.06758 0.237389 0.860088 1.07411 0.86834 0.806603 0.27512 1.03583 0.235877 0.335215 0.807293 0.230072 0.366903 0.323562 1.26887 0.256918 1.03366 0.226456 0.247788 0.828525 0.239806 1.0779 0.871951 0.399559 0.243384 1.97515 0.341018 0.294017 0.240114 0.84409 1.15912 0.331469 0.354692 1.95989 0.245904 0.359669 0.239479 0.346494 0.934506 1.12697 0.256242 1.12924 0.245448 1.0001 2.13347 0.355271 1.23572 0.361478 1.03761 0.966882 0.275084 1.01315 1.1116 0.99007 0.234745 0.353747 1.0141 0.352255 1.06513 1.19735 0.334951 
