 0.165866 -0.497442  0.851493 -0.147566 -0.0951112 -0.867497 -0.488264 0.0953283  0.981551         0 -0.191201 0.0920555 0 0 0 1         0 -0.611398  0.959398         0 -0.350398  0.872398 -0.524398  0.785398         0 -0.785398  0.785398         0 -0.785398  0.785398 -0.785398  0.785398
0.10853
0.321793
0.192385
100
3
97
0.0811305
0.234882
0.109745 0.0807547 0.135607 0.0147236 0.0947981 0.0195228 0.14145 0.0124117 0.0589234 0.131922 0.157433 0.0201226 0.123661 0.0178789 0.12001 0.0128498 0.0129412 0.130859 0.0124327 0.10379 0.018889 0.0776371 0.016398 0.0800429 0.163112 0.0837131 0.0114564 0.0858071 0.123581 0.0184784 0.0174617 0.0135258 0.206774 0.120103 0.0141378 0.0205494 0.011997 0.112031 0.262004 0.122819 0.12699 0.136035 0.123736 0.117824 0.104572 0.0136273 0.1482 0.122798 0.133254 0.119736 0.156108 0.14289 0.147779 0.0124681 0.0922979 0.14564 0.0139979 0.103271 0.0109897 0.141009 0.134483 0.0941301 0.0115763 0.0139556 0.0191869 0.0161377 0.0140786 0.125507 0.123311 0.157651 0.144376 0.014613 0.0132645 0.013566 0.122917 0.156689 0.0131501 0.0126333 0.140331 0.0767841 0.108788 0.120227 0.0839436 0.111012 0.0156092 0.0162694 0.0799449 0.0120107 0.0113513 0.0149872 0.0122686 0.122622 0.0828834 0.148447 0.118591 0.172075 0.0147089 
0.311761 0.304021 0.34788 0.0178413 0.775713 0.0211966 0.326902 0.0161063 0.246398 0.307824 0.364005 0.0194799 0.357165 0.0162837 0.327466 0.015632 0.0168889 0.330006 0.0166044 0.292096 0.0191476 0.305321 0.017905 0.337498 0.328893 0.322979 0.0148937 0.285046 0.353474 0.0209049 0.0173529 0.0175865 0.827816 0.297702 0.0166634 0.0198692 0.0156296 0.21744 0.981293 0.362788 0.35851 0.34928 0.365016 0.26515 0.375866 0.0150569 0.367759 0.324313 0.307882 0.304587 0.354748 0.346728 0.332109 0.015373 0.304528 0.343117 0.0175367 0.344892 0.0149036 0.360353 0.324932 0.342017 0.0146762 0.0173321 0.0227804 0.0163723 0.0171347 0.36522 0.315719 0.855995 0.35186 0.018689 0.0174234 0.0193298 0.343565 0.811659 0.0156989 0.0161348 0.316746 0.311933 0.754571 0.314176 0.296948 0.227476 0.0157103 0.0173979 0.247225 0.0150917 0.0151301 0.0186397 0.0163351 0.32603 0.312621 0.344961 0.264136 0.386509 0.0162359 
