0.00245281  -0.876307   0.481747 -0.0783093 -0.00446164 -0.481754 -0.876295  0.162226    0.999987           0 -0.00509141   0.0507316 0 0 0 1         0 -0.524398  0.785398         0 -0.524398  0.959398 -0.524398  0.785398         0 -0.785398  0.785398         0 -0.785398  0.785398 -0.785398  0.785398
0.109316
0.302681
0.00509144
100
2
98
0.0889584
0.280549
0.0195954 0.0215472 0.123346 0.210856 0.179908 0.134542 0.137628 0.0868523 0.0123502 0.144031 0.124127 0.106501 0.0640021 0.0126405 0.033787 0.093808 0.154946 0.0263197 0.103336 0.0174141 0.130895 0.0146888 0.0822056 0.104957 0.117012 0.120016 0.0759064 0.0163734 0.112801 0.112363 0.157036 0.11454 0.0719846 0.127678 0.0286177 0.0176059 0.135122 0.0797236 0.0806024 0.127445 0.136058 0.114375 0.0159275 0.087277 0.157775 0.149696 0.0134127 0.168365 0.0154363 0.12538 0.0127795 0.126116 0.117023 0.165797 0.123499 0.0172207 0.103676 0.0849026 0.0142512 0.0157254 0.122216 0.0407633 0.154003 0.0207487 0.0482115 0.018212 0.0870815 0.13781 0.0204403 0.140703 0.109147 0.120919 0.047818 0.0200992 0.114912 0.102956 0.0199897 0.261678 0.144044 0.020151 0.0207446 0.0991949 0.103445 0.0212964 0.00831529 0.137367 0.108914 0.100461 0.0924524 0.0883919 0.119508 0.10718 0.118233 0.0729857 0.106381 0.108353 0.0609241 0.0920733 
0.020315 0.0206429 0.259596 0.716696 0.962234 0.31776 0.327166 0.273887 0.291094 0.348088 0.447147 0.280854 0.243028 0.0175135 0.0295216 0.191293 0.348038 0.261137 0.367969 0.0169432 0.343617 0.0191624 0.230834 0.199341 0.237492 0.276401 0.342016 0.0162449 0.246754 0.302449 0.350099 0.236602 0.172669 0.343794 0.198254 0.284134 0.545921 0.387612 0.325026 0.342457 0.79601 0.254402 0.0162548 0.236885 0.364268 0.867367 0.0180699 0.859522 0.0157795 0.39588 0.0186026 0.342632 0.409555 0.355803 0.329696 0.0208117 0.295944 0.247865 0.0157351 0.0154562 0.226659 0.184794 0.333395 0.0216199 0.311839 0.0183204 0.373375 0.362127 0.0198338 0.796488 0.310536 0.27283 0.257447 0.219094 0.235829 0.183103 0.0214176 0.974903 0.341079 0.0199193 0.0200686 0.370422 0.209214 0.253448 0.375642 0.361961 0.223509 0.260117 0.319456 0.338804 0.221286 0.323915 0.271767 0.22457 0.325991 0.208661 0.352473 0.329564 
