0.00494773   0.24869  0.968571 -0.176445 0.00127036  -0.968583   0.248687 -0.0354643    0.999987           0 -0.00510822   0.0507338 0 0 0 1         0 -0.524398  0.785398         0 -0.524398  0.959398 -0.524398  0.785398         0 -0.785398  0.785398         0 -0.785398  0.785398 -0.785398  0.785398
0.129502
0.375841
0.00510824
100
4
96
0.0863525
0.260553
0.120053 0.122462 0.108915 0.140467 0.0833151 0.0176029 0.115942 0.139727 0.119581 0.01868 0.132843 0.142655 0.142748 0.117522 0.135843 0.118149 0.0143465 0.0724284 0.018039 0.0136234 0.0758928 0.145311 0.12345 0.0759592 0.0266314 0.019333 0.0681748 0.1046 0.0150675 0.163777 0.0138719 0.162759 0.0692782 0.0734259 0.127628 0.080218 0.0564201 0.0199672 0.0158928 0.0142547 0.163579 0.020575 0.0820805 0.0658321 0.144091 0.0241554 0.0978115 0.232652 0.0671604 0.0813084 0.126236 0.0803011 0.235968 0.166943 0.148217 0.119071 0.105786 0.0822474 0.086344 0.0413901 0.0888245 0.115791 0.116063 0.0163617 0.106288 0.0629258 0.0153749 0.103025 0.138664 0.0184866 0.0771137 0.014339 0.160778 0.0702777 0.0161812 0.103023 0.111101 0.11854 0.141199 0.091666 0.0215098 0.125602 0.167639 0.0708068 0.171925 0.00956081 0.0663969 0.0119636 0.0121385 0.0142817 0.146222 0.0169667 0.0180616 0.168618 0.0516959 0.0118212 
0.322845 0.238053 0.251244 0.357692 0.183474 0.0171917 0.358391 0.344796 0.22475 0.229831 0.351065 0.291489 0.319893 0.296102 0.334427 0.260956 0.0208472 0.232669 0.0225159 0.0135983 0.32141 0.325864 0.844344 0.232428 0.306413 0.0256629 0.224763 0.29023 0.0117227 0.581901 0.0192693 0.862229 0.356403 0.21667 0.348866 0.320294 0.268174 0.0194232 0.0150156 0.0184617 0.331662 0.0201835 0.233938 0.227954 0.695083 0.0222682 0.253687 1.15513 0.198921 0.336703 0.237856 0.192688 0.884795 0.359636 0.676076 0.220188 0.350586 0.207601 0.354213 0.324944 0.249332 0.227052 0.33383 0.0181595 0.251883 0.228409 0.0219212 0.205819 0.344892 0.0181 0.231336 0.0188248 0.386229 0.219505 0.0164337 0.204874 0.324808 0.225919 0.349672 0.362473 0.0224112 0.346231 0.341979 0.237255 0.260153 0.0164673 0.372406 0.0203505 0.0164387 0.01939 0.338154 0.0169021 0.0180959 0.830838 0.334945 0.0161381 
