1.9922e-06  0.24869 0.968583 -0.17646 5.11509e-07  -0.968583    0.24869 -0.0354682            1            0 -2.05682e-06    0.0291176 0 0 0 1         0 -0.524398  0.785398         0 -0.524398  0.785398 -0.524398  0.785398         0 -0.785398  0.785398         0 -0.785398  0.785398 -0.785398  0.785398
0.176761
0.396651
2.05682e-06
100
2
98
0.143469
0.385273
0.114853 0.152144 0.0912521 0.102603 0.125428 0.112712 0.134784 0.122173 0.121056 0.153332 0.111151 0.178105 0.124219 0.107665 0.0869825 0.107568 0.154503 0.105001 0.138648 0.267614 0.125107 0.10584 0.140515 0.237362 0.1394 0.106161 0.138464 0.24942 0.126205 0.125563 0.128653 0.144338 0.111743 0.141859 0.32032 0.119436 0.141051 0.140003 0.113732 0.253454 0.1189 0.146052 0.15602 0.132281 0.116892 0.146396 0.126522 0.121474 0.125657 0.260874 0.15631 0.181209 0.117039 0.160996 0.14157 0.172967 0.13306 0.254235 0.0707902 0.124992 0.109082 0.272416 0.113926 0.108815 0.175175 0.155588 0.150839 0.125783 0.0449299 0.0157956 0.0894693 0.106691 0.15147 0.138549 0.143444 0.103549 0.150677 0.146722 0.125667 0.256696 0.159482 0.109087 0.164299 0.288074 0.134977 0.155867 0.15715 0.112221 0.153795 0.106496 0.100294 0.138994 0.14919 0.10452 0.119155 0.13601 0.155362 0.245076 
0.220934 0.344532 0.319824 0.217253 0.345534 0.674774 0.267249 0.23552 0.272554 0.353615 0.208661 0.408289 0.251859 0.212903 0.186618 0.209616 0.366014 0.223335 0.862601 0.982391 0.32795 0.261348 0.258731 0.757209 0.360994 0.23044 0.333105 0.680713 0.337256 0.234944 0.353167 0.318033 0.229938 0.330366 1.2933 0.23061 0.317259 0.333664 0.274718 0.925684 0.22188 0.359768 0.370069 0.645223 0.229607 0.321784 0.2499 0.264083 0.233867 0.956731 0.352257 0.28526 0.315066 0.357748 0.88596 0.902753 0.267027 0.959521 0.0762911 0.253666 0.293668 0.957547 0.214484 0.223715 0.373965 0.336125 0.346458 0.266985 0.245272 0.225554 0.231021 0.214306 0.33829 0.280077 0.325414 0.213449 0.359416 0.348972 0.252176 0.861187 0.379576 0.238833 0.36307 1.15378 0.274149 0.341522 0.34423 0.286254 0.326162 0.205632 0.193603 0.305551 0.280354 0.210357 0.332558 0.23858 0.352299 0.960171 
