 0.240876 -0.876307  0.417211 -0.103303 -0.438152 -0.481754 -0.758905   0.20769  0.866026         0 -0.499998 0.0758823 0 0 0 1         0 -0.437398    1.6554         0 -0.524398  0.785398 -0.524398  0.959398         0 -0.785398  0.785398         0 -0.785398  0.785398 -0.785398  0.785398
0.0103092
0.0114969
0.523597
100
29
71
0.0163775
0.12245
0.0271086 0.00239918 0.009887 0.0163349 0.00608785 0.00690838 0.00719732 0.0100791 0.0436085 0.0159828 0.00867809 0.00324114 0.0112036 0.0131841 0.00723991 0.00265266 0.0491697 0.00473249 0.0171765 0.00632955 0.0243685 0.0160799 0.0134104 0.0174331 0.0982813 0.00963108 0.00650861 0.0122303 0.00969527 0.00993249 0.0109939 0.0238542 0.00789652 0.00753871 0.0128748 0.00142034 0.0111517 0.0453261 0.0220701 0.0103544 0.0297634 0.0135202 0.00263994 0.0117068 0.016355 0.0285297 0.0182355 0.00699401 0.00629828 0.00285917 0.0178026 0.0173529 0.0113387 0.0147764 0.0110311 0.0158055 0.0479951 0.0093223 0.107197 0.0118769 0.0146652 0.0107667 0.00927186 0.00721534 0.0127183 0.0161916 0.0135285 0.010264 0.00799336 0.0124616 0.00607438 
0.180043 0.00711937 0.194678 0.212579 0.00810308 0.00868175 0.00797071 0.00920037 0.253847 0.234281 0.011727 0.00690565 0.188011 0.0127606 0.0087238 0.00672738 0.270064 0.00846608 0.230195 0.00837533 0.239853 0.239869 0.216902 0.239191 0.265063 0.0115956 0.0089771 0.0136057 0.011474 0.010819 0.201564 0.24614 0.00941763 0.15869 0.2192 0.00759896 0.180359 0.226371 0.245197 0.183961 0.233824 0.220118 0.00711048 0.0117929 0.222485 0.242569 0.231432 0.00919663 0.00926238 0.00718868 0.177096 0.0144938 0.189427 0.20849 0.181439 0.229037 0.270794 0.00972913 0.286102 0.201822 0.256502 0.19029 0.00992807 0.00872157 0.0128367 0.0121257 0.196393 0.0119258 0.00983025 0.208388 0.00927909 
