  0.279668   0.946709  -0.159776 0.00809259  0.822017 -0.322091 -0.469623  0.049011 -0.496058         0 -0.868289  0.208917 0 0 0 1         0 -0.785398  0.785398         0 -0.698398    1.1334 -0.524398    1.1334         0 -0.785398  0.785398         0 -0.785398  0.785398 -0.785398  0.785398
0.0102771
0.0099074
0.519053
100
22
78
0.0810056
0.454317
0.0115724 0.0113326 0.0293908 0.0528044 0.164751 0.139991 0.0942268 0.119995 0.0165566 0.0467977 0.0518606 0.0697799 0.224957 0.0173532 0.0112757 0.136223 0.0103139 0.0153564 0.0807567 0.0103534 0.00962628 0.0113488 0.0477323 0.0862622 0.00895428 0.0743266 0.193802 0.190274 0.0476922 0.237013 0.0799971 0.0552146 0.0338467 0.0104079 0.00511352 0.0805952 0.0137269 0.0209684 0.0359807 0.0669108 0.0650661 0.131172 0.0107728 0.0117925 0.045622 0.0515119 0.17028 0.0438104 0.0991181 0.0130581 0.0111428 0.00853627 0.145706 0.0245746 0.0750812 0.164423 0.0841243 0.175392 0.144297 0.0638863 0.152531 0.0845733 0.0594034 0.0225099 0.0721907 0.110413 0.122187 0.0105685 0.12182 0.172669 0.192365 0.0758824 0.151678 0.029045 0.00850184 0.218723 0.241109 0.30746 
0.20187 0.210937 0.226722 0.301612 1.0797 0.803742 0.639606 0.691333 0.232672 0.205601 0.507053 0.252121 1.40712 0.25587 0.210267 0.72778 0.011651 0.162833 0.259398 0.0118773 0.0110218 0.0116993 0.540412 0.251401 0.00615811 0.258701 1.27049 0.821642 0.165576 1.3184 0.712097 0.540705 0.199445 0.0122852 0.00804679 0.624789 0.20339 0.186337 0.122493 0.263978 0.256454 0.588743 0.0116153 0.0119448 0.215191 0.254446 0.617837 0.245663 0.674837 0.170054 0.0125871 0.140744 0.682927 0.223847 0.196854 0.691272 0.269473 0.647115 0.791189 0.541146 0.615443 0.261367 0.804195 0.171737 0.214879 0.525916 0.668457 0.0112929 0.736828 1.25574 0.764814 0.544742 1.13149 0.230958 0.00995732 1.28938 1.49108 1.53569 
