0.00725047  -0.878145   0.478339 -0.0768959 -0.013309 -0.478394 -0.878044  0.161247   0.999885          0 -0.0151558  0.0686725 0 0 0 1         0 -0.524398  0.785398         0 -0.785398  0.785398 -0.524398  0.785398         0 -0.785398  0.785398         0 -0.785398  0.785398 -0.785398  0.785398
0.0173697
0.0212758
0.0151564
100
6
94
0.0428862
0.093913
0.0107258 0.0154307 0.0177224 0.0179953 0.0201941 0.14251 0.110125 0.021619 0.0142556 0.0181413 0.0228547 0.111893 0.0364689 0.0143541 0.0151874 0.0176046 0.0203064 0.0187337 0.107163 0.0146323 0.018786 0.0137607 0.0135697 0.0200817 0.0212817 0.10257 0.0134147 0.016411 0.13779 0.0204868 0.127988 0.017199 0.0171923 0.0140797 0.0154834 0.0110713 0.0200666 0.0557573 0.0169884 0.041109 0.119476 0.120099 0.0266866 0.1166 0.106305 0.0175526 0.0117576 0.0156316 0.0111413 0.0184126 0.0748451 0.0163449 0.0167726 0.0257993 0.0189107 0.114946 0.0133258 0.0139642 0.0154646 0.0460339 0.0745365 0.0278271 0.135687 0.0115199 0.0155481 0.0995552 0.0180172 0.120412 0.0142307 0.0126524 0.0142184 0.126973 0.0850805 0.119298 0.0256787 0.0166273 0.0989493 0.0149811 0.0155669 0.0148084 0.115198 0.0177946 0.115979 0.135891 0.0180293 0.0116274 0.0112219 0.0116794 0.0196277 0.0178273 0.0179252 0.0161111 0.0291191 0.0280259 
0.0159596 0.0197036 0.0179439 0.0185883 0.0198637 0.335306 0.282613 0.0214363 0.0140231 0.0176689 0.0224541 0.281017 0.0373535 0.0158833 0.0159283 0.0224156 0.0191394 0.0248167 0.25751 0.0185934 0.0238273 0.0186443 0.0172727 0.0190289 0.0218527 0.271945 0.0149035 0.016591 0.282876 0.0238571 0.272886 0.0245629 0.0216215 0.0170018 0.0191568 0.0157372 0.0195594 0.224152 0.0210397 0.196237 0.283653 0.263762 0.0243666 0.296096 0.295996 0.0215341 0.018183 0.0196643 0.0157866 0.0190724 0.351274 0.0179542 0.0163168 0.024018 0.01932 0.291417 0.0171466 0.019407 0.0160689 0.0767719 0.370088 0.0253834 0.298368 0.0148508 0.01623 0.280159 0.0189468 0.272498 0.0179446 0.0144856 0.0182641 0.31723 0.299854 0.319603 0.0241768 0.0163902 0.26788 0.0197439 0.0193925 0.0182596 0.252519 0.0217662 0.298814 0.287033 0.0176996 0.0167377 0.0135925 0.0156669 0.0186487 0.0185778 0.0214255 0.0166388 0.0267531 0.0234229 
