  0.242998  -0.876307   0.415979 -0.0697594 -0.442012 -0.481754 -0.756663  0.146674  0.863468         0 -0.504403  0.115642 0 0 0 1         0 -0.611398  0.872398         0 -0.611398    1.0464 -0.611398  0.959398         0 -0.785398  0.785398         0 -0.785398  0.785398 -0.785398  0.785398
0.120189
0.288758
0.52869
100
11
89
0.170447
0.606103
0.119427 0.313015 0.136822 0.117736 0.237805 0.129753 0.141752 0.184677 0.132403 0.140757 0.115415 0.121336 0.14696 0.33425 0.208848 0.143718 0.144081 0.221776 0.154617 0.22092 0.225982 0.136755 0.175062 0.114823 0.323497 0.319659 0.129581 0.11168 0.138155 0.119104 0.114444 0.104151 0.182549 0.112821 0.135945 0.0696305 0.126911 0.221947 0.125258 0.209213 0.135781 0.0819179 0.216208 0.190738 0.207947 0.343397 0.109093 0.140383 0.208033 0.186497 0.11913 0.235067 0.102848 0.318962 0.192251 0.232108 0.117352 0.198546 0.153795 0.130406 0.119047 0.341923 0.223846 0.169735 0.12791 0.120968 0.135311 0.13708 0.109707 0.140485 0.203603 0.27081 0.143495 0.149665 0.102735 0.21754 0.171947 0.118729 0.15054 0.178074 0.133145 0.12819 0.256439 0.125601 0.275743 0.140727 0.142071 0.127803 0.223212 
0.25593 1.94311 0.334386 0.343325 1.12869 0.265677 0.349369 0.888004 0.243948 0.321787 0.335729 0.308052 0.331515 1.85153 1.15313 0.33103 0.315041 0.98215 0.350962 0.887467 0.973644 0.344127 0.163835 0.239623 1.06982 1.89485 0.362489 0.238289 0.376139 0.310972 0.226453 0.230171 0.876748 0.284646 0.365134 0.230208 0.242717 0.942058 0.359314 0.956089 0.33602 0.232259 0.995576 0.874503 1.05193 1.7377 0.239057 0.350272 0.840851 0.848949 0.238414 1.18362 0.41768 0.998348 0.936158 1.05829 0.244964 0.810224 0.360771 0.306712 0.248432 1.92707 0.827744 0.820928 0.22562 0.267644 0.35142 0.301372 0.234993 0.343342 0.846182 0.97285 0.320979 0.331182 0.228254 0.928097 0.744749 0.307449 0.382211 0.794476 0.281655 0.270566 0.953647 0.291761 1.09131 0.297413 0.378316 0.238845 1.06424 
