-0.966696  0.246866 0.0674958 0.0323219   0.246266    0.96905 -0.0171946 -0.0175323 -0.0696516         0 -0.997571  0.208307 0 0 0 1         0 -0.785398  0.785398         0 -0.785398    1.3074 -0.437398  0.872398         0 -0.785398  0.785398         0 -0.785398  0.785398 -0.785398  0.785398
0.0504693
0.132086
0.069708
100
52
48
0.109123
0.444711
0.134876 0.0684241 0.0817758 0.153722 0.00932069 0.018778 0.0108799 0.248443 0.24272 0.276111 0.163032 0.0115359 0.248999 0.124044 0.127706 0.052876 0.13147 0.180489 0.259563 0.012397 0.120134 0.0664333 0.0938194 0.0526921 0.0816529 0.0136131 0.0116478 0.00946692 0.279211 0.271051 0.0774671 0.017514 0.127745 0.0144224 0.0485016 0.0387892 0.0121093 0.135044 0.0528794 0.188662 0.0181367 0.267525 0.0848105 0.120765 0.0108852 0.271218 0.128854 0.0657095 
0.343759 0.303925 0.269756 0.388103 0.00847608 0.0162698 0.0099553 0.901852 0.93511 1.07957 0.830353 0.00865682 1.09886 0.308546 0.339126 0.268998 0.345455 0.958377 1.199 0.00778867 0.281561 0.230192 0.355336 0.299118 0.274135 0.225588 0.010187 0.00823669 1.14171 1.18291 0.771824 0.185079 0.34402 0.0127635 0.313054 0.215768 0.00660716 1.13064 0.282343 1.04106 0.0153708 1.08755 0.284713 0.337923 0.0108832 1.06774 0.343958 0.263942 
