  -0.13127   0.989841 -0.0546106 0.00524516    0.91391   0.142177   0.380202 -0.0949994 0.384104        0 -0.92329 0.188856 0 0 0 1         0 -0.524398  0.872398         0 -0.698398    1.0464 -0.611398  0.959398         0 -0.785398  0.785398         0 -0.785398  0.785398 -0.785398  0.785398
0.114052
0.270859
0.394237
100
19
81
0.164404
0.690973
0.379796 0.263295 0.131059 0.100923 0.18256 0.097647 0.184559 0.109705 0.106311 0.0877469 0.192096 0.104081 0.0998101 0.0868799 0.194187 0.195641 0.0807966 0.151975 0.071808 0.0734789 0.0990911 0.130359 0.113117 0.0886258 0.347458 0.0901527 0.189717 0.0880603 0.208587 0.110197 0.17737 0.107503 0.0348358 0.2068 0.361177 0.327953 0.19447 0.192741 0.299249 0.0957243 0.205331 0.123049 0.146752 0.21577 0.151899 0.0889906 0.0937838 0.0167057 0.21702 0.108979 0.0805334 0.217992 0.359183 0.171386 0.111923 0.23145 0.1298 0.0947687 0.335687 0.0852796 0.177084 0.174539 0.179779 0.100085 0.0810133 0.189884 0.110379 0.101759 0.233862 0.0823357 0.382617 0.0884457 0.0755534 0.187672 0.310236 0.113961 0.375238 0.225099 0.101905 0.113545 0.367892 
1.86167 0.903403 0.230292 0.215216 1.05352 0.260933 0.866306 0.254605 0.256498 0.262243 0.923185 0.206778 0.249812 0.251224 0.930074 0.770369 0.236314 0.920285 0.230491 0.246119 0.209338 0.246633 0.256082 0.236634 2.04578 0.243077 0.897007 0.234406 1.01953 0.250366 0.865304 0.263448 0.207488 0.852338 1.97416 1.98146 0.901991 0.875306 1.9582 0.258675 0.964207 0.247 0.401066 1.05146 0.877268 0.217558 0.250342 0.0161908 0.793873 0.250472 0.232717 0.922714 1.90134 0.991636 0.232442 0.900265 0.251595 0.245005 1.96355 0.224805 0.923645 0.846071 0.800622 0.246526 0.23834 0.967924 0.252556 0.25893 0.585918 0.265091 1.95789 0.213586 0.22196 0.782892 2.06875 0.258359 1.87717 0.917351 0.255496 0.22688 1.96083 
