 0.816553  0.339914 -0.466584 0.0424505   0.29513 -0.940457 -0.168639 0.0253467 -0.496125         0 -0.868251  0.208911 0 0 0 1         0 -0.785398  0.785398         0 -0.698398    1.1334 -0.524398    1.1334         0 -0.785398  0.785398         0 -0.785398  0.785398 -0.785398  0.785398
0.00820553
0.00873664
0.519129
100
26
74
0.069483
0.415157
0.122136 0.0750277 0.0515582 0.0109437 0.0253467 0.0635097 0.0576955 0.0199905 0.0752051 0.00577593 0.0108678 0.00792637 0.0199502 0.0167971 0.0106152 0.163393 0.0646607 0.00838468 0.013341 0.0153234 0.229807 0.046947 0.0291332 0.179654 0.107978 0.00518403 0.173663 0.100006 0.0731774 0.0166155 0.00651927 0.0453669 0.00522346 0.169305 0.204865 0.105699 0.0483653 0.00940369 0.225099 0.00421982 0.0634818 0.0642214 0.0856405 0.0747208 0.068097 0.0750922 0.15638 0.132064 0.131835 0.0682232 0.0141527 0.0388927 0.0750738 0.0893411 0.115118 0.0342011 0.0909827 0.0142167 0.00969977 0.103711 0.0115 0.0719252 0.00960432 0.00666713 0.101984 0.0908559 0.112941 0.118811 0.0200424 0.0708497 0.0479151 0.0597225 0.170557 0.118544 
0.59296 0.168623 0.542051 0.207837 0.162442 0.475665 0.601553 0.227218 0.177134 0.0087169 0.0130044 0.0104631 0.223746 0.236196 0.0120061 1.18245 0.245572 0.0101545 0.0873408 0.141867 1.3527 0.118686 0.335857 0.686418 0.736573 0.00833647 0.833835 0.786298 0.273659 0.206857 0.00696903 0.237432 0.107812 0.646141 0.777255 0.575012 0.308467 0.0111159 1.39541 0.00851473 0.278494 0.481226 0.278649 0.657853 0.640092 0.155668 0.804876 0.52954 0.889827 0.604877 0.224733 0.200876 0.574112 0.573413 0.816609 0.218576 0.571308 0.179209 0.0109964 0.778601 0.0120794 0.266015 0.0101675 0.00823305 0.625577 0.589269 0.548336 0.588212 0.19639 0.614595 0.128569 0.748946 1.30596 0.869355 
