  0.417879  -0.878145    0.23289 -0.0449875 -0.767063 -0.478394 -0.427496  0.102676  0.486817         0 -0.873504  0.180258 0 0 0 1         0 -0.524398  0.785398         0 -0.611398  0.872398 -0.611398  0.872398         0 -0.785398  0.785398         0 -0.785398  0.785398 -0.785398  0.785398
-1
0.180349
0.508442
100
15
85
0.15713
0.59327
0.111304 0.103182 0.261582 0.222893 0.0915707 0.134995 0.0960281 0.176721 0.227664 0.0415172 0.0975361 0.118493 0.194718 0.227093 0.218522 0.0772991 0.250734 0.0927753 0.0991186 0.0755755 0.204749 0.0827555 0.13491 0.323654 0.105972 0.176188 0.202319 0.103203 0.113824 0.31914 0.115434 0.0710293 0.292629 0.22756 0.184488 0.258845 0.120971 0.138743 0.316884 0.0895153 0.0945163 0.0896255 0.233118 0.029103 0.0879603 0.140478 0.0799568 0.0946176 0.109605 0.109769 0.176984 0.0723986 0.0878009 0.116607 0.0903659 0.271986 0.100585 0.220033 0.316997 0.122543 0.177852 0.221646 0.243732 0.102729 0.100476 0.320715 0.106227 0.0889746 0.129161 0.170857 0.249268 0.0869705 0.0990214 0.222631 0.260878 0.0858834 0.324091 0.12081 0.202341 0.125648 0.111373 0.10559 0.0812901 0.206717 0.26397 
0.25214 0.255449 0.943123 0.800351 0.255123 0.233254 0.273892 0.904591 0.941738 0.178531 0.229016 0.241108 0.805381 1.50075 0.851568 0.219189 0.92499 0.239718 0.240564 0.223367 0.859846 0.229538 0.23486 1.88042 0.250766 0.944768 0.943338 0.247088 0.243855 1.79841 0.218486 0.203905 0.956876 0.832254 0.881463 0.867577 0.242349 0.235926 1.82411 0.241013 0.241203 0.22405 0.779147 0.259823 0.21671 0.246176 0.233766 0.231537 0.245863 0.82672 0.994156 0.234754 0.251206 0.2467 0.245381 0.997314 0.241361 0.791127 1.65502 0.203733 0.820868 0.8833 0.947029 0.250328 0.246186 1.80655 0.250217 0.246542 0.230736 0.893289 0.816563 0.237513 0.242814 0.835039 1.02408 0.244811 1.94376 0.234342 0.844076 0.797871 0.251933 0.247115 0.245745 0.982717 0.888104 
