  0.322087   0.946709 0.00146413 -0.0176765   0.946699  -0.322091 0.00430347 -0.0267311 0.00454572        0 -0.99999 0.209989 0 0 0 1         0 -0.263398  0.872398         0 -0.698398    1.0464 -0.611398    1.0464         0 -0.785398  0.785398         0 -0.785398  0.785398 -0.785398  0.785398
-1
0.134819
0.00454573
100
29
71
0.167735
0.777007
0.0194157 0.128687 0.245515 0.0142192 0.151449 0.0526729 0.231649 0.139492 0.0170148 0.331296 0.113345 0.290389 0.22152 0.022027 0.0210964 0.227097 0.151205 0.348984 0.114518 0.1351 0.130814 0.320673 0.105586 0.0686787 0.229511 0.155151 0.134289 0.203552 0.343969 0.266867 0.155776 0.262281 0.328186 0.0214097 0.31933 0.275531 0.0953637 0.113539 0.176569 0.122312 0.0948689 0.347242 0.146884 0.148959 0.139747 0.16322 0.0933731 0.107111 0.14506 0.155218 0.259583 0.116648 0.151878 0.104713 0.156478 0.140814 0.0812243 0.274351 0.14601 0.172921 0.143651 0.137113 0.141685 0.310743 0.109143 0.279265 0.170225 0.13433 0.185124 0.01391 0.331592 
0.0169985 0.23139 0.958584 0.0130246 0.771902 0.346695 1.11745 0.314259 0.0152003 1.8625 0.240254 2.03962 1.12219 0.0190552 0.0180592 0.857908 0.398473 2.05969 0.263392 0.320106 0.297522 1.91793 1.81641 0.223611 1.01917 0.419003 0.708279 1.05708 2.08184 1.11624 0.815247 1.88549 2.01685 0.0182837 1.86956 1.12123 0.231166 0.270888 0.856221 0.299033 0.237623 2.04802 0.757536 0.782943 0.770456 0.385426 0.235921 0.303406 0.386988 0.807111 1.86563 0.244804 0.412666 0.236094 0.405902 0.227461 1.05564 1.20611 0.332907 0.784844 0.735479 0.35605 0.315536 1.95733 0.234021 1.1075 0.838237 0.33283 0.811293 0.0124068 1.95149 
