-0.701647  0.701723 -0.123599 0.0381619   0.691083    0.71245   0.121738 -0.0511449  0.173485         0 -0.984836  0.197528 0 0 0 1         0 -0.350398  0.785398         0 -0.698398    1.1334 -0.611398  0.959398         0 -0.785398  0.785398         0 -0.785398  0.785398 -0.785398  0.785398
0.309669
2.08803
0.174367
100
39
61
0.157235
0.694307
0.0162736 0.0191622 0.112165 0.12807 0.181689 0.0247856 0.101996 0.217201 0.0219052 0.127462 0.151275 0.147382 0.110847 0.147972 0.177049 0.0747266 0.162079 0.372968 0.196225 0.105202 0.123723 0.210343 0.172085 0.160013 0.329599 0.0973275 0.187424 0.228977 0.0210657 0.317849 0.214493 0.151181 0.153587 0.122811 0.0823017 0.203454 0.0230478 0.171361 0.185454 0.0123489 0.344629 0.0200482 0.16154 0.106477 0.0223795 0.206509 0.191674 0.111963 0.310075 0.0826365 0.163754 0.241046 0.318607 0.16886 0.095482 0.335632 0.104172 0.338295 0.182757 0.160041 0.159884 
0.0151346 0.0159508 0.240545 0.33779 0.336335 0.0196211 0.237895 0.841721 0.017873 0.367246 0.843344 0.826748 0.332074 0.778387 0.354896 0.220234 0.468347 2.14097 0.727333 0.2222 0.224186 0.89825 0.374625 0.405714 2.23646 0.86928 0.786516 0.876743 0.0152464 2.10353 0.821669 0.474195 0.419475 0.229481 0.240493 0.810559 0.0193563 0.91356 0.944676 0.829648 1.9982 0.0172312 0.395479 0.245711 0.0186722 0.928043 1.21367 0.336893 2.18565 0.22699 0.360503 0.920232 1.91661 0.968537 0.229398 1.97816 0.343683 2.15168 0.444921 0.834579 0.799594 
