-0.619192 -0.699144 -0.357491 0.0613867 -0.605476  0.714981 -0.349572 0.0480076       0.5         0 -0.866025  0.182583 0 0 0 1         0 -0.785398    1.3074         0 -0.611398    1.3074 -0.785398    1.3944         0 -0.785398  0.785398         0 -0.785398  0.785398 -0.785398  0.785398
0.221534
0.758573
0.523599
100
69
31
0.313533
1.62889
0.289227 0.359381 0.333955 0.269695 0.198541 0.371344 0.202899 0.345217 0.263779 0.368249 0.234105 0.368628 0.271049 0.309848 0.3517 0.297283 0.332534 0.372063 0.33892 0.195586 0.351609 0.400572 0.332159 0.298476 0.349072 0.350422 0.265858 0.292922 0.348579 0.300787 0.355079 
1.75431 1.83255 1.55534 1.60479 0.628793 1.5639 0.778537 1.52884 1.8018 2.29462 1.28609 1.76892 0.918693 1.65857 1.58346 1.64431 1.57061 2.60387 1.70702 1.12356 2.3832 2.88058 2.16104 1.85184 1.5874 1.77279 0.947037 1.4373 1.50672 0.920115 1.83913 
