  0.966696  -0.246866 -0.0674958 -0.0323219 -0.246266  -0.96905 0.0171946 0.0175323 -0.0696516         0 -0.997571  0.208307 0 0 0 1         0 -0.785398  0.785398         0 -0.785398    1.3074 -0.437398  0.872398         0 -0.785398  0.785398         0 -0.785398  0.785398 -0.785398  0.785398
0.104762
0.352525
0.069708
100
47
53
0.115365
0.457714
0.00597083 0.275255 0.0769221 0.156444 0.0909626 0.0980084 0.125751 0.0144816 0.00293024 0.0787924 0.0438148 0.252774 0.135972 0.0865121 0.0773458 0.014701 0.121286 0.260908 0.0842265 0.131905 0.271061 0.0204756 0.00772963 0.217253 0.0160762 0.122966 0.127626 0.117613 0.308802 0.148618 0.0192559 0.260643 0.157805 0.0724064 0.0211018 0.0151409 0.0176167 0.0169224 0.0805719 0.169356 0.147868 0.204897 0.0216261 0.151224 0.0671769 0.140742 0.1604 0.0917627 0.265371 0.245685 0.146763 0.00970821 0.137113 
0.00690266 1.03958 0.279537 0.385391 0.26735 0.319397 0.356448 0.013047 0.202967 0.263786 0.246022 1.16739 0.991843 0.284468 0.968575 0.0132417 0.346965 1.15187 0.289226 0.35409 1.18855 0.0180545 0.00733888 1.04693 0.0150856 0.384022 0.352508 0.363611 1.7188 0.426402 0.0157048 1.0123 0.415398 0.273722 0.0178503 0.209583 0.0149511 0.0149485 0.262708 0.384337 0.353299 1.12679 0.014937 0.752553 1.08627 0.373052 0.362874 0.345922 1.04618 0.975798 0.371398 0.00929543 0.349555 
