 0.816553 -0.339914 -0.466584 0.0489293    -0.29513   -0.940457    0.168639 -0.00742155 -0.496125         0 -0.868251  0.208911 0 0 0 1         0 -0.785398  0.785398         0 -0.698398    1.1334 -0.524398    1.1334         0 -0.785398  0.785398         0 -0.785398  0.785398 -0.785398  0.785398
0.00849307
0.0088293
0.519129
100
24
76
0.0820861
0.495647
0.154497 0.0848345 0.0079695 0.028288 0.065157 0.0937799 0.154466 0.186921 0.0627503 0.28275 0.0147462 0.0114741 0.0137992 0.00812246 0.192094 0.0428649 0.194069 0.0666245 0.00699049 0.06506 0.171981 0.00691755 0.00979309 0.00574091 0.109661 0.0723194 0.0649031 0.00862203 0.0405521 0.00469348 0.136453 0.0105051 0.0943472 0.159036 0.0545058 0.00806547 0.125958 0.180406 0.132964 0.109457 0.0831801 0.170159 0.00789662 0.17823 0.0978131 0.166436 0.0801438 0.107012 0.145156 0.128069 0.0595032 0.0103593 0.00677342 0.0138081 0.131967 0.245665 0.0889847 0.0173644 0.0100894 0.147255 0.00777856 0.043216 0.0596866 0.0527491 0.0194787 0.0883526 0.162651 0.0159623 0.240813 0.0383285 0.00317226 0.118956 0.0733832 0.0160224 0.148296 0.00969536 
1.27192 0.306086 0.0101307 0.193069 0.600648 0.733728 1.23981 1.32147 0.254318 1.9194 0.239131 0.164124 0.203371 0.135074 1.24078 0.218772 1.18626 0.6214 0.143578 0.251819 1.28772 0.00899918 0.189316 0.0100228 0.776259 0.159513 0.174081 0.00915247 0.343975 0.00764754 0.793036 0.0123375 0.722453 0.740714 0.149963 0.00879768 0.751058 0.690599 0.75044 0.762151 0.296359 1.14599 0.00867465 0.715443 0.701626 0.700565 0.262637 0.763548 0.59628 0.759353 0.284432 0.0105252 0.00938364 0.0153365 0.801938 1.26882 0.260566 0.227342 0.0112605 0.73166 0.00799649 0.450069 0.568042 0.602685 0.222935 0.612733 0.711765 0.218313 1.52772 0.105228 0.00780911 0.892664 0.562367 0.199926 0.792319 0.0117483 
