  0.240877  -0.876307   0.417211 -0.0907869 -0.438153 -0.481754 -0.758904  0.184923  0.866025         0      -0.5 0.0767496 0 0 0 1         0 -0.524398  0.785398         0 -0.611398  0.872398 -0.611398  0.959398         0 -0.785398  0.785398         0 -0.785398  0.785398 -0.785398  0.785398
0.124814
0.354999
0.523599
100
21
79
0.100648
0.292339
0.10991 0.0173813 0.15008 0.178633 0.153404 0.0770299 0.142404 0.131743 0.123847 0.10031 0.0872274 0.0396598 0.134028 0.133085 0.095706 0.0928309 0.101101 0.113569 0.139096 0.174584 0.0674842 0.139829 0.059478 0.108129 0.0981144 0.0785711 0.16961 0.141194 0.0932443 0.129311 0.0921199 0.0595169 0.158121 0.0589765 0.0893502 0.190226 0.145553 0.0194792 0.129987 0.103433 0.0387658 0.0886473 0.139514 0.158068 0.142317 0.0713638 0.163586 0.17369 0.135527 0.025217 0.0631923 0.0726972 0.095809 0.0652863 0.0599736 0.114876 0.0186452 0.0254364 0.103924 0.159059 0.112297 0.10171 0.113429 0.0154171 0.131451 0.099751 0.0745402 0.0327774 0.018204 0.0726591 0.065431 0.0813877 0.15067 0.0939156 0.118257 0.0687707 0.11599 0.0590666 0.0824775 
0.262077 0.0149332 0.388978 0.392834 0.357835 0.312934 0.37325 0.37147 0.351691 0.270124 0.316964 0.254123 0.354667 0.273985 0.31987 0.240127 0.332116 0.288258 0.28544 0.372994 0.272044 0.262657 0.294349 0.344537 0.331343 0.272233 0.318317 0.347722 0.250911 0.363154 0.311777 0.288457 0.336053 0.287029 0.31042 0.346703 0.371692 0.0205746 0.350372 0.23476 0.252884 0.231341 0.349264 0.278504 0.373272 0.295128 0.282121 0.339136 0.356749 0.29154 0.280031 0.292597 0.315568 0.301312 0.293704 0.350655 0.0189024 0.0222668 0.324113 0.359957 0.33795 0.288823 0.340995 0.0186865 0.285134 0.328663 0.293877 0.246297 0.355662 0.321856 0.302715 0.293195 0.374094 0.224123 0.267473 0.259082 0.321685 0.269266 0.306351 
