0.00429882 -0.535827  0.844317 -0.146776 -0.00272812 -0.844328  -0.53582  0.104434    0.999987           0 -0.00509141   0.0507316 0 0 0 1         0 -0.524398  0.785398         0 -0.524398  0.959398 -0.524398  0.785398         0 -0.785398  0.785398         0 -0.785398  0.785398 -0.785398  0.785398
0.107853
0.319576
0.00509144
100
1
99
0.087655
0.242044
0.0136727 0.0173341 0.129495 0.0129603 0.112352 0.0175851 0.114119 0.017896 0.150704 0.0192335 0.111345 0.208354 0.0206737 0.123202 0.0158093 0.172445 0.118816 0.0142662 0.137798 0.118839 0.117798 0.0587342 0.0993555 0.0187506 0.191047 0.140878 0.0850136 0.129414 0.014959 0.0848457 0.0153906 0.0913162 0.102789 0.129387 0.137028 0.0181044 0.0943739 0.0175928 0.11046 0.0169048 0.104951 0.0187006 0.117195 0.116432 0.110955 0.0115712 0.0177206 0.0834632 0.110913 0.0171959 0.0617913 0.103294 0.144165 0.022241 0.107907 0.0739573 0.0897253 0.0164166 0.0240873 0.162195 0.0661668 0.0153382 0.108362 0.125023 0.0125717 0.115767 0.144108 0.0712996 0.0729919 0.118976 0.014581 0.112437 0.0148758 0.153279 0.138626 0.0795281 0.109499 0.129379 0.110267 0.0670986 0.250572 0.023035 0.111897 0.0822626 0.0231333 0.115015 0.101535 0.0159773 0.0120454 0.163016 0.155821 0.109376 0.11296 0.144079 0.153337 0.148303 0.101801 0.115203 0.122386 
0.0195326 0.0210889 0.258416 0.0194442 0.213943 0.329932 0.346611 0.0178733 0.282417 0.019178 0.343921 0.97674 0.0200779 0.257143 0.0166389 0.5697 0.312407 0.015004 0.324591 0.210446 0.29827 0.183951 0.239269 0.229209 0.667215 0.355836 0.258975 0.243686 0.0208786 0.363408 0.0204824 0.340816 0.326867 0.343799 0.296714 0.0179001 0.276817 0.0220806 0.327743 0.0230508 0.241147 0.0184057 0.305132 0.24334 0.245781 0.0183629 0.0174224 0.348174 0.17635 0.0213442 0.161107 0.383254 0.361187 0.0198768 0.233149 0.307192 0.248559 0.0169138 0.0251801 0.911242 0.335503 0.0163362 0.248044 0.285219 0.422087 0.304961 0.296672 0.23887 0.240401 0.280079 0.0172438 0.207121 0.0188656 0.362768 0.343581 0.34396 0.302399 0.344232 0.314741 0.264054 1.08901 0.0230508 0.314512 0.245795 0.0236519 0.2529 0.162836 0.0162615 0.0177765 0.337182 0.347148 0.193532 0.354654 0.268881 0.321034 0.340345 0.285091 0.219182 0.227158 
