 0.342272 -0.728969  0.592836 -0.151708 -0.364483 -0.684547 -0.631306  0.175475  0.866026         0 -0.499998 0.0758823 0 0 0 1         0 -0.437398    1.6554         0 -0.524398  0.785398 -0.524398  0.959398         0 -0.785398  0.785398         0 -0.785398  0.785398 -0.785398  0.785398
0.0103397
0.0117886
0.523597
100
38
62
0.0151801
0.0903852
0.031024 0.0189183 0.00616694 0.0122812 0.00257167 0.0167817 0.0175866 0.00442231 0.00492241 0.0125791 0.0152035 0.0100374 0.00938682 0.0114315 0.00509084 0.0130008 0.0168659 0.0127043 0.00689348 0.00408061 0.0129885 0.0109743 0.012457 0.0108869 0.0120303 0.0080311 0.0085042 0.0580778 0.0097376 0.00307294 0.124232 0.00389407 0.00658914 0.00487482 0.0121553 0.0113705 0.0109834 0.0111074 0.010738 0.00926165 0.0104921 0.0140815 0.00292254 0.0122875 0.0146216 0.00849138 0.00824069 0.0164757 0.016036 0.0104213 0.00260159 0.0147376 0.0133734 0.00901528 0.0758006 0.0188857 0.0125897 0.0069797 0.0048716 0.0632405 0.00858319 0.0124988 
0.225079 0.228454 0.00801807 0.208917 0.0067018 0.224147 0.0168506 0.0076555 0.00855221 0.0111846 0.221457 0.191739 0.0101635 0.012526 0.00862917 0.214703 0.237016 0.213918 0.00937213 0.00782715 0.014613 0.0108759 0.0137404 0.0125498 0.0116861 0.00995745 0.0113325 0.262329 0.168841 0.00724319 0.277195 0.00700985 0.00903552 0.00763592 0.218272 0.191678 0.010238 0.191921 0.0102469 0.0109117 0.206999 0.0128585 0.00693115 0.0115513 0.0110798 0.00942833 0.00945088 0.235543 0.231472 0.171271 0.00720366 0.0126131 0.237183 0.00989805 0.229788 0.223021 0.0126248 0.00942289 0.00793849 0.190731 0.00984343 0.216809 
