121.372 -27.602 -13.174 0.5369 0.66777 0.49286 0.15137 1 120.597 13.368 -9.765 -0.45053 0.77732 -0.39986 0.18139 2 74.486 25.922 -3.291 -0.11711 0.98825 -0.01238 -0.09741 3 
121.448 -27.454 -13.241 0.53751 0.66682 0.49487 0.14675 1 120.635 13.47 -9.746 -0.44952 0.77834 -0.39837 0.18279 2 74.486 25.92 -3.29 -0.11711 0.98825 -0.01239 -0.09742 3 
121.488 -27.318 -13.27 0.53792 0.66643 0.49603 0.14309 1 120.624 13.608 -9.747 -0.44963 0.77847 -0.39678 0.18544 2 74.488 25.92 -3.292 -0.1171 0.98825 -0.01237 -0.09744 3 
121.533 -27.18 -13.256 0.5377 0.66675 0.49686 0.13947 1 120.617 13.763 -9.722 -0.4506 0.77757 -0.39636 0.18773 2 74.487 25.921 -3.294 -0.11711 0.98825 -0.01239 -0.09745 3 
121.63 -26.981 -13.275 0.53573 0.66818 0.49777 0.13696 1 120.522 13.884 -9.727 -0.45195 0.77557 -0.39639 0.19263 2 74.489 25.92 -3.293 -0.11708 0.98825 -0.01236 -0.09746 3 
121.594 -27.019 -13.198 0.53359 0.67107 0.49496 0.14127 1 119.824 15.111 -9.286 -0.46258 0.79063 -0.32392 0.23664 2 74.486 25.922 -3.292 -0.11714 0.98824 -0.01239 -0.09745 3 
121.377 -27.122 -13.134 0.53305 0.67376 0.49144 0.14279 1 114.971 22.007 -8.808 -0.33381 0.88911 -0.29828 0.09536 2 74.487 25.92 -3.289 -0.1171 0.98825 -0.01241 -0.09741 3 
120.83 -27.313 -13.048 0.54146 0.6696 0.48308 0.1584 1 105.503 28.295 -7.499 -0.0755 0.93164 -0.34106 -0.10015 2 74.488 25.921 -3.288 -0.1171 0.98825 -0.0124 -0.09741 3 
120.176 -27.459 -12.827 0.55415 0.66207 0.47074 0.18158 1 95.413 31.804 -6.825 0.06713 0.87449 -0.46365 -0.12564 2 74.487 25.92 -3.291 -0.11709 0.98825 -0.01236 -0.09744 3 
120.03 -27.333 -12.645 0.55661 0.66039 0.46386 0.19723 1 87.363 31.79 -7.446 0.10208 0.84359 -0.52489 -0.04923 2 74.49 25.925 -3.292 -0.11711 0.98824 -0.0124 -0.09749 3 
120.687 -27.04 -12.521 0.54045 0.67015 0.46586 0.20441 1 83.106 30.568 -8.122 0.10218 0.84633 -0.52194 -0.02934 2 74.487 25.92 -3.294 -0.11722 0.98823 -0.01241 -0.09746 3 
121.888 -26.391 -12.464 0.51092 0.68891 0.47401 0.19921 1 81.565 30.354 -8.348 0.08332 0.82116 -0.55972 -0.074 2 74.486 25.922 -3.294 -0.11715 0.98834 -0.01238 -0.09647 3 
122.656 -25.839 -12.441 0.49023 0.70208 0.47961 0.19165 1 81.207 29.75 -8.324 0.07099 0.83568 -0.52671 -0.13847 2 74.267 26.053 -3.273 -0.10558 0.98981 -0.01745 -0.09396 3 
122.884 -25.45 -12.416 0.48265 0.70777 0.4811 0.18616 1 81.279 28.72 -8.159 0.0781 0.85875 -0.46173 -0.20797 2 74.466 25.736 -3.286 -0.07208 0.99282 -0.01506 -0.09431 3 
123.025 -25.174 -12.329 0.47795 0.71305 0.47915 0.18312 1 81.891 27.952 -7.68 0.03623 0.87826 -0.41463 -0.23544 2 76.053 24.195 -2.962 -0.08492 0.98782 0.02791 -0.12735 3 
123.451 -24.867 -12.325 0.46794 0.71898 0.48177 0.17886 1 84.189 26.065 -5.644 -0.07592 0.88985 -0.35647 -0.27445 2 80.555 20.209 -1.163 -0.16435 0.95871 0.13359 -0.18975 3 
123.385 -24.788 -12.408 0.47667 0.71589 0.48124 0.16943 1 87.053 23.557 -3.035 -0.18408 0.89096 -0.31326 -0.27234 2 85.152 16.222 1.006 -0.2714 0.92124 0.20179 -0.19219 3 
123.064 -24.906 -12.497 0.49016 0.71187 0.47885 0.15389 1 88.945 19.52 -1.794 -0.3026 0.90788 -0.23473 -0.17055 2 88.505 10.66 0.991 -0.41539 0.85674 0.28611 -0.10765 3 
122.968 -25.105 -12.586 0.50035 0.71111 0.47626 0.13099 1 90.956 14.203 -2.591 -0.38442 0.91356 -0.12804 -0.03509 2 91.832 4.521 -1.445 -0.5207 0.77009 0.3676 0.02652 3 
123.275 -25.248 -12.768 0.50021 0.71504 0.47716 0.10407 1 92.663 9.68 -4.246 -0.43583 0.89302 -0.05894 0.0954 2 94.91 0.087 -4.223 -0.59461 0.68507 0.39459 0.14633 3 
123.424 -25.618 -12.863 0.50671 0.71548 0.47288 0.08783 1 94.482 5.603 -5.748 -0.48452 0.8498 0.01342 0.20711 2 98.655 -3.432 -6.677 -0.65058 0.58145 0.42394 0.24278 3 
123.866 -25.822 -12.944 0.50383 0.71776 0.47529 0.0712 1 96.479 2.706 -6.739 -0.51472 0.8068 0.12012 0.26402 2 102.365 -5.304 -8.7 -0.66248 0.48027 0.49074 0.2994 3 
124.344 -25.935 -13.101 0.49939 0.71942 0.47964 0.0547 1 98.098 1.369 -7.387 -0.52978 0.76601 0.24208 0.27195 2 104.985 -5.081 -10.347 -0.63978 0.38901 0.57967 0.32147 3 
124.655 -26.067 -13.191 0.49841 0.71898 0.48236 0.04449 1 98.461 1.094 -7.468 -0.52893 0.74168 0.32537 0.25352 2 105.366 -4.281 -11.044 -0.60735 0.34144 0.64202 0.31993 3 
124.753 -26.224 -13.23 0.50001 0.71778 0.48291 0.03984 1 98.445 0.54 -7.358 -0.51885 0.7225 0.39095 0.23653 2 104.95 -3.946 -11.412 -0.5682 0.31098 0.68885 0.32546 3 
124.647 -26.388 -13.249 0.50419 0.7156 0.48194 0.03789 1 98.739 -0.297 -7.339 -0.50921 0.69808 0.45054 0.22452 2 104.755 -3.796 -11.742 -0.52687 0.27589 0.73103 0.3345 3 
124.497 -26.577 -13.277 0.50821 0.71293 0.48199 0.03374 1 99.199 -1.211 -6.981 -0.51668 0.68756 0.46965 0.19932 2 104.943 -4.493 -11.529 -0.51211 0.27066 0.7508 0.31747 3 
124.379 -26.661 -13.334 0.512 0.71091 0.4813 0.02846 1 99.249 -2.23 -6.857 -0.51569 0.6807 0.4813 0.19765 2 104.891 -5.309 -11.452 -0.50498 0.26385 0.7579 0.31775 3 
124.308 -26.803 -13.338 0.51324 0.71053 0.48071 0.02526 1 99.63 -2.784 -6.958 -0.51217 0.65926 0.51355 0.19829 2 105.038 -5.165 -11.722 -0.48275 0.23502 0.77831 0.32549 3 
124.305 -26.837 -13.392 0.51206 0.70985 0.48324 0.01981 1 99.439 -3.069 -6.685 -0.51462 0.66009 0.5098 0.19889 2 104.963 -5.552 -11.407 -0.48918 0.23727 0.7751 0.3219 3 
124.23 -26.884 -13.4 0.51357 0.70934 0.48246 0.01768 1 99.469 -3.255 -6.628 -0.51764 0.6566 0.51226 0.19626 2 105.04 -5.661 -11.338 -0.49083 0.2338 0.77726 0.3167 3 
124.172 -26.958 -13.422 0.5143 0.70882 0.48248 0.0168 1 99.516 -3.454 -6.577 -0.51852 0.65568 0.51155 0.19884 2 105.123 -5.832 -11.29 -0.49207 0.23257 0.77617 0.31832 3 
124.151 -26.98 -13.435 0.51481 0.70796 0.48323 0.01572 1 99.544 -3.607 -6.53 -0.51934 0.65628 0.50981 0.19919 2 105.198 -5.99 -11.239 -0.49432 0.23343 0.77458 0.3181 3 
124.188 -27.005 -13.45 0.5153 0.70745 0.48352 0.01376 1 99.804 -3.726 -6.612 -0.52129 0.65238 0.5118 0.20179 2 105.509 -6.022 -11.324 -0.49436 0.22827 0.7753 0.32 3 
124.217 -27.071 -13.47 0.51546 0.7073 0.4836 0.01239 1 99.939 -3.869 -6.628 -0.52394 0.65387 0.50663 0.20316 2 105.739 -6.254 -11.275 -0.49955 0.23156 0.77136 0.3191 3 
124.317 -27.137 -13.467 0.51562 0.70699 0.48385 0.01376 1 100.086 -3.895 -6.64 -0.52546 0.65242 0.50619 0.20496 2 105.934 -6.272 -11.285 -0.50104 0.22965 0.7706 0.32 3 
124.409 -27.204 -13.477 0.51579 0.70641 0.48443 0.01608 1 100.125 -3.87 -6.608 -0.52556 0.65437 0.5035 0.20514 2 106.01 -6.282 -11.217 -0.50399 0.23215 0.76849 0.31862 3 
124.453 -27.252 -13.473 0.51642 0.706 0.48431 0.01794 1 100.084 -3.895 -6.603 -0.52263 0.65593 0.50184 0.2116 2 105.979 -6.33 -11.229 -0.50313 0.23281 0.76581 0.32586 3 
124.467 -27.264 -13.479 0.51649 0.70546 0.48498 0.01891 1 100.086 -3.898 -6.537 -0.52472 0.65821 0.49658 0.21175 2 106.053 -6.448 -11.116 -0.50843 0.23659 0.7623 0.32315 3 
124.472 -27.281 -13.462 0.51697 0.70488 0.48526 0.02052 1 100.098 -3.977 -6.53 -0.52619 0.65891 0.49388 0.21222 2 106.1 -6.578 -11.117 -0.5101 0.23771 0.76073 0.32341 3 
124.496 -27.294 -13.452 0.51619 0.70499 0.48588 0.02159 1 100.091 -4.036 -6.504 -0.52927 0.66052 0.4886 0.21177 2 106.173 -6.745 -11.041 -0.51521 0.24107 0.7574 0.32061 3 
124.444 -27.297 -13.445 0.51572 0.70505 0.48623 0.02286 1 100.004 -4.107 -6.511 -0.53179 0.66158 0.48346 0.21395 2 106.177 -6.864 -11.026 -0.52005 0.24262 0.75369 0.32037 3 
124.321 -27.299 -13.454 0.5151 0.70493 0.48698 0.02439 1 99.777 -4.183 -6.45 -0.53536 0.66547 0.47397 0.21424 2 106.051 -7.155 -10.928 -0.52681 0.24922 0.74749 0.31876 3 
124.173 -27.226 -13.445 0.51341 0.70604 0.48714 0.02501 1 99.289 -4.099 -6.217 -0.54553 0.67621 0.44671 0.21349 2 105.842 -7.576 -10.539 -0.54632 0.26534 0.73085 0.31144 3 
124.12 -27.063 -13.427 0.50606 0.71029 0.48861 0.02566 1 97.828 -3.692 -5.359 -0.55846 0.71362 0.36165 0.21929 2 104.797 -8.643 -9.146 -0.5909 0.32252 0.67403 0.30414 3 
124.022 -26.806 -13.419 0.4945 0.71612 0.49164 0.03057 1 94.352 -2.493 -3.829 -0.57232 0.76722 0.18426 0.2233 2 101.278 -9.982 -6.096 -0.66005 0.43047 0.54605 0.28436 3 
123.624 -26.492 -13.361 0.48526 0.7187 0.49636 0.04014 1 88.181 0.146 -2.419 -0.54952 0.81182 -0.04794 0.1915 2 93.232 -8.999 -2.202 -0.70413 0.57026 0.36163 0.21962 3 
122.929 -26.104 -13.267 0.47821 0.71788 0.50313 0.05315 1 81.655 2.766 -1.451 -0.49595 0.82249 -0.2576 0.10577 2 84.201 -5.905 1.237 -0.6921 0.68841 0.19359 0.09803 3 
122.477 -25.479 -13.216 0.46347 0.71747 0.5158 0.06623 1 75.764 3.268 -0.366 -0.45056 0.80786 -0.37978 -0.01125 2 77.363 -3.892 4.005 -0.63977 0.75974 0.10325 -0.05307 3 
122.736 -24.607 -13.178 0.43555 0.72174 0.53305 0.07247 1 70.072 1.185 0.933 -0.43642 0.80136 -0.3897 -0.12445 2 72.366 -5.512 6.01 -0.57874 0.78915 0.11471 -0.17072 3 
123.619 -23.638 -13.102 0.39503 0.734 0.54748 0.07385 1 64.382 -2.138 2.008 -0.42972 0.81151 -0.33973 -0.20344 2 67.359 -9.466 7.108 -0.52598 0.79916 0.17348 -0.23363 3 
124.407 -22.575 -13.036 0.3533 0.7466 0.55962 0.06774 1 59.104 -5.086 2.668 -0.40794 0.82367 -0.30664 -0.24725 2 61.92 -13.066 7.812 -0.4816 0.81194 0.21116 -0.25343 3 
124.958 -21.539 -12.936 0.31799 0.75475 0.5703 0.06324 1 54.777 -7.118 2.962 -0.37326 0.83106 -0.31694 -0.26375 2 56.922 -15.146 8.543 -0.44751 0.83236 0.20284 -0.25644 3 
125.053 -21.004 -12.877 0.29792 0.75856 0.57615 0.0623 1 51.509 -8.423 2.574 -0.33251 0.84054 -0.34692 -0.25016 2 52.605 -16.113 8.584 -0.42415 0.85691 0.16952 -0.23889 3 
124.965 -20.637 -12.775 0.28183 0.7618 0.58016 0.06038 1 49.301 -9.224 1.796 -0.29423 0.84883 -0.36921 -0.23791 2 49.26 -16.667 8.029 -0.40286 0.87958 0.1437 -0.2083 3 
124.882 -20.429 -12.731 0.27069 0.7619 0.58494 0.06385 1 48.352 -9.775 1.893 -0.28204 0.85235 -0.36749 -0.2427 2 47.937 -17.441 8.189 -0.38971 0.88734 0.15049 -0.1952 3 
124.419 -20.647 -12.767 0.27296 0.75873 0.58768 0.0667 1 47.815 -10.141 1.939 -0.2698 0.862 -0.36717 -0.22215 2 47.054 -18.057 8.246 -0.38506 0.89172 0.15687 -0.17877 3 
124.035 -20.93 -12.831 0.28022 0.75535 0.58824 0.07 1 47.829 -10.109 1.903 -0.25871 0.87072 -0.37067 -0.1937 2 46.944 -18.162 8.249 -0.38521 0.89185 0.15814 -0.17669 3 
123.81 -21.309 -12.853 0.29133 0.7523 0.58614 0.07492 1 48.268 -9.673 1.85 -0.21805 0.89215 -0.36185 -0.15996 2 46.971 -18.151 8.249 -0.38557 0.89139 0.15745 -0.17877 3 
123.94 -21.629 -12.906 0.29897 0.75132 0.5835 0.07526 1 49.306 -8.645 1.959 -0.19835 0.89515 -0.37081 -0.14784 2 46.964 -18.148 8.248 -0.38559 0.8914 0.15756 -0.1786 3 
124.234 -21.812 -12.965 0.30477 0.75175 0.58036 0.07193 1 50.79 -7.24 2.115 -0.20726 0.8855 -0.3975 -0.12219 2 46.978 -18.141 8.248 -0.38571 0.89132 0.15741 -0.17888 3 
124.594 -22.25 -13.017 0.3185 0.74939 0.57611 0.07124 1 52.977 -5.693 2.057 -0.24637 0.8711 -0.41555 -0.08836 2 46.972 -18.148 8.252 -0.38572 0.89133 0.15745 -0.17878 3 
125.041 -23.117 -13.14 0.3407 0.74351 0.57004 0.07856 1 55.727 -3.695 1.682 -0.27527 0.85359 -0.43651 -0.07116 2 46.97 -18.144 8.249 -0.38569 0.89134 0.15741 -0.17883 3 
125.546 -24.233 -13.308 0.36925 0.73389 0.56258 0.09254 1 58.706 -1.482 1.038 -0.30101 0.81095 -0.49787 -0.06221 2 46.973 -18.145 8.251 -0.3857 0.89133 0.15738 -0.17885 3 
125.604 -25.81 -13.473 0.40666 0.71773 0.55336 0.11525 1 63.379 0.875 0.566 -0.31292 0.77322 -0.54532 -0.08273 2 46.973 -18.147 8.251 -0.38573 0.89132 0.15737 -0.17885 3 
125.22 -27.603 -13.623 0.45166 0.69443 0.53949 0.15074 1 71.451 4.763 0.421 -0.34058 0.72783 -0.58375 -0.11617 2 46.974 -18.142 8.249 -0.38573 0.89132 0.15734 -0.17893 3 
124.7 -29.418 -13.887 0.46792 0.68442 0.51201 0.22466 1 81.047 9.77 -0.187 -0.36678 0.74429 -0.55266 -0.07789 2 46.971 -18.147 8.252 -0.38572 0.89133 0.15734 -0.17889 3 
126.004 -29.34 -15.168 0.37849 0.69009 0.54586 0.28732 1 91.472 14.649 -1.924 -0.32454 0.78523 -0.52689 -0.02155 2 46.972 -18.147 8.251 -0.38574 0.89132 0.15731 -0.17891 3 
126.272 -28.492 -14.784 0.38019 0.69119 0.53278 0.30637 1 103.645 19.141 -4.858 -0.23363 0.8377 -0.47325 0.14038 2 46.973 -18.144 8.25 -0.38571 0.89132 0.15733 -0.17894 3 
126.098 -26.303 -14.255 0.35938 0.69125 0.51496 0.35753 1 117.681 23.036 -6.751 -0.18393 0.87258 -0.30904 0.33056 2 46.973 -18.145 8.251 -0.38573 0.89132 0.15731 -0.17893 3 
125.033 -21.788 -13.513 0.37164 0.6863 0.49391 0.3833 1 128.849 23.688 -6.906 -0.28712 0.84682 -0.19667 0.40222 2 46.973 -18.146 8.252 -0.38573 0.89132 0.1573 -0.17893 3 
121.753 -17.005 -13 0.39691 0.65902 0.42567 0.47641 1 131.552 24.579 -7.73 -0.22576 0.81744 -0.38713 0.36188 2 46.973 -18.144 8.249 -0.38571 0.89132 0.15728 -0.17899 3 
116.175 -12.288 -12.859 0.28317 0.51319 0.2899 0.75658 1 132.51 30.06 -8.481 -0.23183 0.83339 -0.39102 0.31436 2 46.972 -18.145 8.252 -0.38575 0.89131 0.15728 -0.17896 3 
111.65 -0.373 -14.266 0.25291 0.31705 0.64273 0.64994 1 133.65 39.085 -9.504 -0.01789 0.86765 -0.42174 0.26269 2 46.974 -18.145 8.25 -0.38576 0.8913 0.15729 -0.17897 3 
110.508 15.009 -15.004 0.20217 0.13637 0.81185 0.5305 1 132.449 45.021 -10.63 0.1898 0.83188 -0.47722 0.21026 2 46.972 -18.145 8.251 -0.38574 0.89131 0.1573 -0.17898 3 
109.258 25.89 -13.93 0.1962 0.28238 0.73666 0.58232 1 124.978 45.569 -10.759 0.19615 0.84862 -0.45533 0.18452 2 46.973 -18.146 8.25 -0.38574 0.89131 0.15728 -0.17898 3 
104.744 34.838 -12.189 0.28507 0.41597 0.72937 0.46231 1 118.346 48.186 -10.806 0.2498 0.79603 -0.54923 0.04773 2 46.973 -18.146 8.25 -0.38573 0.89131 0.15728 -0.179 3 
96.933 38.54 -11.421 0.31757 0.65497 0.59274 0.34471 1 111.707 51.212 -10.48 0.27365 0.7479 -0.60451 0.01812 2 46.972 -18.145 8.251 -0.38573 0.89131 0.15728 -0.17901 3 
89.17 39.886 -12.271 0.27492 0.79506 0.43233 0.32463 1 105.348 53.811 -10.422 0.25941 0.75302 -0.6026 0.05038 2 46.972 -18.146 8.251 -0.38574 0.89131 0.15727 -0.179 3 
84.846 40.53 -13.467 0.26929 0.80855 0.34648 0.39203 1 100.573 56.168 -11.01 0.25143 0.76039 -0.59244 0.08714 2 46.972 -18.146 8.252 -0.38575 0.89131 0.15725 -0.17901 3 
83.099 41.421 -14.427 0.26902 0.80019 0.30068 0.44376 1 97.185 58.335 -11.588 0.24716 0.75788 -0.59235 0.11683 2 46.971 -18.145 8.251 -0.38574 0.89131 0.15726 -0.17901 3 
82.5 41.923 -14.946 0.27753 0.79117 0.28972 0.46161 1 94.697 59.559 -12.929 0.22973 0.76205 -0.59015 0.13502 2 46.973 -18.145 8.251 -0.38576 0.8913 0.15725 -0.17902 3 
82.051 41.875 -14.864 0.2734 0.77986 0.27828 0.48952 1 92.855 60.419 -13.95 0.21675 0.74738 -0.61126 0.14424 2 46.972 -18.146 8.251 -0.38574 0.8913 0.15726 -0.17902 3 
81.527 41.851 -14.806 0.27412 0.77178 0.26268 0.51011 1 92.19 61.212 -14.08 0.226 0.74674 -0.60818 0.14637 2 46.972 -18.144 8.25 -0.38575 0.8913 0.15727 -0.17903 3 
