120.236 -28.879 -13.33 0.55092 0.65937 0.45874 0.22643 1 123.149 13.174 -10.366 -0.46489 0.78718 -0.37247 0.15967 2 79.617 -10.26 -4.22 0.11585 0.9874 0.01851 -0.10623 3 
119.947 -28.956 -13.354 0.55375 0.65804 0.45765 0.22562 1 122.936 13.106 -10.401 -0.46691 0.78664 -0.3727 0.15582 2 79.618 -10.262 -4.215 0.1159 0.98739 0.01848 -0.1062 3 
119.721 -29.036 -13.326 0.55531 0.65868 0.45532 0.22465 1 122.716 12.991 -10.44 -0.467 0.78588 -0.37522 0.15331 2 79.617 -10.264 -4.212 0.11588 0.9874 0.01853 -0.10618 3 
119.612 -29.102 -13.36 0.55321 0.66074 0.45606 0.22223 1 122.375 12.944 -10.496 -0.4693 0.7838 -0.3771 0.15238 2 79.619 -10.261 -4.217 0.11587 0.9874 0.01851 -0.10621 3 
119.537 -29.161 -13.331 0.55238 0.66156 0.45482 0.2244 1 122.088 12.888 -10.551 -0.47048 0.78171 -0.37993 0.15241 2 79.619 -10.261 -4.22 0.11586 0.98739 0.01852 -0.10625 3 
118.344 -30.5 -12.727 0.58648 0.65898 0.39373 0.2584 1 121.93 12.832 -10.518 -0.47308 0.77958 -0.37912 0.15722 2 79.617 -10.265 -4.218 0.1159 0.98739 0.01852 -0.10624 3 
115.376 -33.499 -12.027 0.57694 0.72741 0.33283 0.16504 1 121.804 12.96 -10.523 -0.47311 0.77866 -0.38016 0.15918 2 79.619 -10.259 -4.217 0.11586 0.9874 0.01853 -0.10622 3 
110.143 -34.933 -11.845 0.40863 0.82883 0.382 0.0115 1 121.535 13.141 -10.538 -0.47646 0.77554 -0.38172 0.16067 2 79.619 -10.264 -4.215 0.11591 0.98739 0.01851 -0.10618 3 
102.213 -33.264 -11.955 0.208 0.79725 0.56322 -0.06254 1 121.112 13.215 -10.524 -0.48516 0.77054 -0.37894 0.16522 2 79.619 -10.262 -4.215 0.11592 0.98739 0.01853 -0.1062 3 
92.327 -30.247 -11.856 0.15688 0.81378 0.55905 -0.02482 1 120.725 13.291 -10.511 -0.49692 0.76498 -0.3732 0.16912 2 79.618 -10.261 -4.213 0.11591 0.98739 0.01851 -0.1062 3 
84.857 -25.934 -12.381 0.19355 0.82223 0.53082 0.0686 1 120.917 13.362 -10.408 -0.49389 0.76849 -0.36914 0.17098 2 79.621 -10.26 -4.215 0.11587 0.9874 0.01847 -0.10621 3 
82.463 -23.261 -12.901 0.23043 0.81262 0.52269 0.11555 1 122.173 13.556 -10.36 -0.46181 0.78517 -0.37667 0.16841 2 79.516 -9.64 -4.167 0.08883 0.99068 0.0124 -0.10256 3 
82.332 -23.268 -13.203 0.25033 0.80747 0.50622 0.17051 1 123.453 13.649 -10.27 -0.42855 0.80262 -0.38314 0.15922 2 79.962 -9.4 -4.178 0.01169 0.99452 0.01746 -0.10238 3 
82.297 -21.837 -13.028 0.27613 0.79639 0.51357 0.16053 1 124.037 13.535 -10.201 -0.41128 0.81194 -0.38417 0.15498 2 81.191 -10.338 -4.265 0.00181 0.99217 0.03246 -0.1206 3 
82.025 -19.462 -13.152 0.30437 0.77699 0.52486 0.16781 1 124.373 13.401 -10.174 -0.40619 0.81454 -0.3828 0.1581 2 79.926 -10.3 -4.218 -0.00401 0.99424 0.03346 -0.1017 3 
82.044 -18.548 -13.44 0.27618 0.75453 0.58429 0.11409 1 124.833 13.338 -10.089 -0.40079 0.81641 -0.38372 0.16001 2 80.122 -10.061 -4.229 0.06606 0.99126 0.02345 -0.11173 3 
82.088 -17.887 -13.293 0.25928 0.73587 0.61912 0.0892 1 125.206 13.26 -10.084 -0.3949 0.81964 -0.38363 0.15833 2 79.519 -9.547 -4.166 0.04701 0.99332 0.01768 -0.10388 3 
82.555 -17.891 -13.011 0.25214 0.74334 0.6159 0.06735 1 125.373 13.315 -10.075 -0.3997 0.81887 -0.38127 0.15596 2 79.583 -9.242 -3.968 0.02189 0.99492 0.00579 -0.0981 3 
83.773 -18.714 -11.909 0.26797 0.74796 0.60722 0.00621 1 125.638 13.353 -10.088 -0.40017 0.81884 -0.38161 0.15406 2 81.629 -10.091 -2.623 -0.01396 0.99094 0.00433 -0.13347 3 
85.691 -20.794 -10.411 0.29538 0.75737 0.57794 -0.0716 1 125.831 13.5 -10.152 -0.40385 0.81835 -0.38035 0.15011 2 85.629 -12.417 -0.981 -0.05301 0.97785 0.01429 -0.20197 3 
88.633 -23.12 -8.943 0.3374 0.80921 0.46061 -0.13849 1 125.972 13.611 -10.209 -0.4043 0.81968 -0.38044 0.14118 2 91.421 -10.961 -0.754 -0.08149 0.94656 -0.10091 -0.29529 3 
92.214 -24.341 -8.202 0.37264 0.86751 0.28218 -0.17011 1 126.016 13.72 -10.228 -0.40707 0.8203 -0.37808 0.13583 2 96.396 -7.692 -2.991 -0.08807 0.88451 -0.27902 -0.36336 3 
95.54 -24.997 -8.204 0.3933 0.89462 0.13434 -0.16408 1 125.92 13.744 -10.286 -0.41299 0.81923 -0.37543 0.13172 2 100.011 -6.417 -5.874 -0.0718 0.81936 -0.41141 -0.39273 3 
97.901 -25.256 -8.453 0.39742 0.90225 0.06742 -0.15314 1 125.698 13.758 -10.311 -0.42212 0.81585 -0.37291 0.13095 2 102.203 -6.359 -7.427 -0.06384 0.78712 -0.46704 -0.3978 3 
99.563 -25.088 -8.705 0.40073 0.90291 0.02797 -0.15293 1 125.476 13.703 -10.341 -0.43274 0.81143 -0.37011 0.13166 2 104.034 -6.308 -8.516 -0.05754 0.76373 -0.49171 -0.41429 3 
100.794 -24.396 -8.689 0.40466 0.89888 -0.02159 -0.16674 1 125.335 13.722 -10.405 -0.44028 0.80849 -0.36769 0.13157 2 105.314 -5.887 -9.636 -0.05632 0.72395 -0.52486 -0.44413 3 
101.455 -23.698 -8.246 0.3983 0.89245 -0.07622 -0.19767 1 125.199 13.781 -10.434 -0.44541 0.80641 -0.36705 0.12879 2 105.236 -5.736 -10.44 -0.07104 0.66798 -0.56188 -0.48274 3 
101.886 -23.083 -7.38 0.39663 0.8777 -0.13498 -0.23263 1 125.04 13.828 -10.467 -0.44789 0.80529 -0.36757 0.12568 2 104.791 -5.999 -10.959 -0.08245 0.59971 -0.59619 -0.52735 3 
102.097 -22.675 -6.597 0.4072 0.86268 -0.15795 -0.25498 1 124.814 13.842 -10.545 -0.45183 0.8028 -0.36909 0.123 2 105.067 -5.996 -10.592 -0.08406 0.57367 -0.5948 -0.55682 3 
102.305 -22.374 -5.954 0.41183 0.85219 -0.16997 -0.27437 1 124.698 13.903 -10.575 -0.45522 0.80114 -0.36922 0.12095 2 105.355 -5.932 -10.187 -0.0882 0.55774 -0.58733 -0.57982 3 
102.534 -21.953 -5.389 0.4095 0.84108 -0.19765 -0.29297 1 124.699 13.877 -10.582 -0.45281 0.8022 -0.37118 0.1169 2 105.007 -6.091 -10.172 -0.09374 0.52514 -0.59469 -0.60148 3 
102.593 -21.942 -5.033 0.4084 0.83541 -0.20766 -0.30361 1 124.734 13.9 -10.614 -0.45286 0.80211 -0.37174 0.11551 2 104.89 -6.285 -9.962 -0.09746 0.51288 -0.59307 -0.61297 3 
102.655 -22.008 -4.91 0.40926 0.83332 -0.21091 -0.30595 1 124.797 13.863 -10.628 -0.45177 0.80238 -0.37292 0.1141 2 104.957 -6.453 -9.902 -0.0967 0.50929 -0.59211 -0.61699 3 
102.706 -22.009 -4.966 0.41189 0.83326 -0.21291 -0.30116 1 124.838 13.847 -10.63 -0.45088 0.80261 -0.37363 0.11366 2 105.206 -6.55 -10.015 -0.0892 0.51036 -0.59313 -0.61626 3 
102.702 -22.032 -5.031 0.41258 0.83553 -0.20747 -0.29771 1 124.847 13.836 -10.609 -0.4513 0.80211 -0.374 0.11431 2 105.372 -6.487 -10 -0.08719 0.51705 -0.59126 -0.61275 3 
102.631 -22.143 -5.076 0.41078 0.83871 -0.19883 -0.29716 1 124.802 13.835 -10.6 -0.45223 0.80131 -0.3741 0.11596 2 105.368 -6.352 -9.851 -0.09073 0.52563 -0.58746 -0.60858 3 
102.601 -22.19 -5.127 0.40917 0.8394 -0.19781 -0.29808 1 124.747 13.798 -10.623 -0.45218 0.8011 -0.37427 0.11704 2 105.297 -6.348 -9.841 -0.0929 0.52619 -0.58699 -0.60822 3 
102.504 -22.322 -5.19 0.40887 0.8408 -0.19627 -0.29557 1 124.644 13.808 -10.614 -0.45221 0.80084 -0.37449 0.11797 2 105.214 -6.438 -9.871 -0.0916 0.52831 -0.58777 -0.60583 3 
102.288 -22.519 -5.395 0.40969 0.8466 -0.17918 -0.28864 1 124.483 13.821 -10.617 -0.4528 0.80062 -0.37405 0.11866 2 105.303 -6.34 -9.82 -0.08977 0.54356 -0.58275 -0.59741 3 
101.726 -23.395 -5.602 0.41825 0.86123 -0.09048 -0.27417 1 124.247 13.852 -10.583 -0.45186 0.80135 -0.37311 0.12025 2 106.209 -5.637 -8.418 -0.09299 0.61311 -0.53979 -0.56928 3 
100.328 -24.213 -5.513 0.41808 0.86901 0.07771 -0.25294 1 123.878 13.859 -10.549 -0.44926 0.80116 -0.37499 0.12524 2 106.266 -5.032 -4.61 -0.11138 0.73549 -0.43348 -0.50867 3 
97.489 -24.215 -4.894 0.38951 0.84896 0.25868 -0.24623 1 123.274 13.906 -10.524 -0.45292 0.79744 -0.37591 0.13284 2 102.955 -6.259 0.145 -0.14451 0.83748 -0.29416 -0.43729 3 
92.92 -24.153 -4.234 0.33425 0.80612 0.42855 -0.23406 1 122.772 14.04 -10.506 -0.45376 0.79423 -0.37975 0.13817 2 96.399 -9.97 4.291 -0.17241 0.9071 -0.14612 -0.35511 3 
87.442 -23.965 -3.54 0.28048 0.76326 0.53513 -0.2289 1 122.569 14.361 -10.546 -0.44537 0.79436 -0.38833 0.14084 2 88.876 -13.556 6.738 -0.1954 0.93503 -0.0368 -0.29356 3 
81.738 -23.672 -2.86 0.24599 0.73663 0.58459 -0.23476 1 122.684 14.747 -10.533 -0.42574 0.79925 -0.39938 0.14298 2 82.618 -15.286 8.126 -0.21193 0.93553 0.01663 -0.28214 3 
75.736 -23.194 -2.155 0.21028 0.72436 0.60752 -0.249 1 122.995 15.03 -10.422 -0.39697 0.80604 -0.4121 0.15132 2 76.199 -16.048 9.267 -0.23923 0.92817 0.04755 -0.28107 3 
69.982 -22.638 -1.74 0.18574 0.71509 0.61955 -0.26517 1 123.276 15.076 -10.345 -0.36648 0.81154 -0.42469 0.16351 2 70.439 -16.247 10.058 -0.25992 0.91918 0.06789 -0.28801 3 
64.652 -22.102 -1.798 0.15561 0.69947 0.64028 -0.27671 1 123.504 15.007 -10.232 -0.33819 0.81437 -0.43603 0.17975 2 64.828 -17.129 10.448 -0.27995 0.91186 0.10422 -0.28157 3 
59.994 -21.705 -2.174 0.12145 0.68563 0.66005 -0.28194 1 123.696 14.75 -10.088 -0.31479 0.81598 -0.4441 0.19457 2 59.701 -18.341 10.372 -0.29993 0.9042 0.14401 -0.26783 3 
56.453 -21.299 -2.745 0.09436 0.69098 0.66009 -0.27916 1 123.888 14.393 -9.988 -0.29213 0.81783 -0.45158 0.20466 2 55.531 -18.121 9.837 -0.31545 0.90083 0.14508 -0.26067 3 
54.127 -20.872 -3.432 0.06722 0.70371 0.65641 -0.26343 1 123.849 14.056 -9.855 -0.27823 0.81976 -0.45375 0.21141 2 51.932 -17.592 9.036 -0.32808 0.90427 0.13451 -0.23785 3 
52.634 -20.659 -3.825 0.05463 0.71028 0.65604 -0.24925 1 123.936 13.763 -9.753 -0.2592 0.82438 -0.45559 0.21365 2 49.532 -17.347 8.592 -0.3289 0.90965 0.1291 -0.21837 3 
51.693 -20.47 -4.15 0.05023 0.71738 0.65219 -0.23976 1 123.799 13.503 -9.67 -0.24919 0.82587 -0.45807 0.21452 2 48.133 -16.891 8.207 -0.32659 0.91354 0.1201 -0.21063 3 
51.196 -20.415 -4.225 0.04835 0.71017 0.66148 -0.23615 1 123.52 13.269 -9.637 -0.24795 0.82436 -0.45982 0.218 2 47.456 -17.533 8.228 -0.32355 0.9146 0.1381 -0.19937 3 
51.095 -20.446 -4.263 0.04727 0.70966 0.66263 -0.23466 1 123.316 13.113 -9.665 -0.25011 0.82198 -0.46115 0.22167 2 47.233 -17.769 8.228 -0.32338 0.91502 0.14274 -0.19438 3 
51.243 -20.497 -4.316 0.05089 0.72029 0.65345 -0.22714 1 123.174 13.13 -9.637 -0.25759 0.82273 -0.45589 0.22119 2 47.37 -17.652 8.22 -0.32511 0.9141 0.14164 -0.19662 3 
53.34 -21.132 -4.081 0.05906 0.73573 0.64485 -0.19844 1 122.84 13.164 -9.6 -0.27107 0.82401 -0.44628 0.21992 2 47.202 -17.818 8.242 -0.32475 0.91468 0.14346 -0.19317 3 
62.18 -23.346 -2.62 0.18009 0.65503 0.69134 -0.24606 1 122.675 13.205 -9.59 -0.28365 0.8233 -0.44165 0.21603 2 47.025 -17.972 8.256 -0.32458 0.91518 0.1451 -0.18986 3 
78.543 -25.109 -1.224 0.37822 0.61889 0.65608 -0.20851 1 122.321 13.107 -9.693 -0.29933 0.81836 -0.44093 0.2151 2 47.053 -17.954 8.256 -0.32464 0.91508 0.14486 -0.19039 3 
91.651 -26.769 -2.465 0.44829 0.70707 0.54387 -0.05735 1 121.585 12.937 -9.777 -0.33176 0.80707 -0.43399 0.22412 2 46.961 -18.024 8.269 -0.32452 0.91536 0.14574 -0.18856 3 
101.633 -28.781 -5.556 0.44881 0.7963 0.34019 0.22079 1 121.232 12.339 -9.768 -0.36717 0.79618 -0.4172 0.23924 2 46.979 -18.01 8.259 -0.32455 0.9153 0.14558 -0.18896 3 
110.404 -32.091 -9.304 0.45185 0.72424 0.18586 0.48658 1 121.678 11.554 -9.726 -0.39249 0.78941 -0.4037 0.24458 2 46.99 -18 8.259 -0.32452 0.91527 0.14544 -0.18927 3 
116.806 -30.868 -10.783 0.48925 0.66406 0.24607 0.50903 1 122.978 10.904 -9.653 -0.40381 0.79058 -0.39036 0.24401 2 46.969 -18.018 8.261 -0.32448 0.91535 0.14566 -0.18876 3 
118.127 -30.01 -11.168 0.48613 0.67472 0.27681 0.48146 1 124.91 11.095 -9.59 -0.38981 0.8034 -0.3819 0.23821 2 47.001 -17.996 8.257 -0.32457 0.91523 0.14543 -0.18936 3 
116.796 -30.062 -11.75 0.46253 0.6059 0.28955 0.57889 1 125.805 12.264 -9.19 -0.38165 0.81853 -0.34127 0.26054 2 46.969 -18.017 8.26 -0.32451 0.91532 0.14566 -0.18882 3 
117.688 -26.813 -15.138 0.27245 0.45188 0.62021 0.58045 1 125.506 15.96 -8.999 -0.3168 0.85087 -0.27348 0.31761 2 46.975 -18.014 8.261 -0.32451 0.91532 0.14562 -0.18887 3 
120.816 -18.873 -17.326 0.10068 0.41175 0.80906 0.40712 1 125.48 24.046 -9.294 -0.10495 0.89903 -0.30725 0.29383 2 46.973 -18.016 8.261 -0.32451 0.91533 0.14563 -0.18884 3 
119.232 -7.817 -17.555 0.05312 0.3628 0.84581 0.38751 1 123.835 31.183 -9.627 0.08799 0.88582 -0.39495 0.22714 2 46.973 -18.014 8.26 -0.3245 0.91532 0.14562 -0.18889 3 
113.595 1.465 -16.34 0.17521 0.47323 0.69536 0.5117 1 120.693 37.057 -10.036 0.16998 0.85065 -0.474 0.15109 2 46.991 -18.003 8.259 -0.32454 0.91527 0.1455 -0.18915 3 
111.753 14.207 -15.297 0.30786 0.38682 0.64604 0.58157 1 117.321 41.94 -10.583 0.20527 0.82203 -0.5188 0.11391 2 46.975 -18.013 8.261 -0.3245 0.91533 0.14558 -0.18889 3 
109.024 25.208 -13.652 0.38234 0.39801 0.64656 0.52666 1 114.358 46.504 -10.607 0.26201 0.7784 -0.56425 0.08409 2 46.978 -18.011 8.258 -0.32454 0.9153 0.1456 -0.18895 3 
101.288 32.354 -12.409 0.33085 0.52073 0.68723 0.38353 1 111.138 50.869 -10.601 0.29529 0.7116 -0.63641 0.03744 2 46.976 -18.013 8.259 -0.32453 0.91531 0.1456 -0.18891 3 
92.405 35.135 -11.777 0.32532 0.70899 0.55767 0.28374 1 106.671 53.475 -10.313 0.27489 0.71555 -0.63657 0.08491 2 46.974 -18.014 8.261 -0.32452 0.91532 0.14562 -0.18887 3 
86.549 37.818 -12.436 0.3255 0.79824 0.38073 0.33453 1 102.603 54.756 -10.572 0.24829 0.71921 -0.63456 0.13572 2 46.98 -18.01 8.26 -0.32453 0.9153 0.14557 -0.18898 3 
84.074 39.799 -13.49 0.32661 0.80383 0.29818 0.39783 1 99.305 56.357 -10.996 0.24122 0.71228 -0.64081 0.15437 2 46.976 -18.014 8.261 -0.32452 0.91532 0.1456 -0.18889 3 
82.929 41.233 -14.213 0.32401 0.80052 0.27543 0.42229 1 97.484 57.738 -11.641 0.24892 0.71567 -0.63546 0.14848 2 46.978 -18.011 8.259 -0.32453 0.9153 0.14559 -0.18896 3 
82.395 41.781 -14.932 0.31503 0.78701 0.24196 0.47204 1 95.884 59.427 -11.965 0.25067 0.70998 -0.63758 0.16303 2 46.976 -18.012 8.26 -0.32453 0.91531 0.14559 -0.18893 3 
82.069 41.947 -14.771 0.3034 0.786 0.25737 0.4732 1 94.145 60.65 -13.025 0.24199 0.71221 -0.63657 0.17023 2 46.975 -18.014 8.261 -0.32453 0.91531 0.1456 -0.18889 3 
