123.381 -29.743 -12.85 0.49282 0.70708 0.42456 0.27734 1 121.236 12.181 -9.99 -0.51739 0.71914 -0.42456 0.1868 2 47.139 -48.016 5.812 -0.70651 0.68166 0.18932 -0.01821 3 
123.587 -29.525 -12.795 0.49552 0.70868 0.4212 0.27355 1 121.486 12.472 -10.044 -0.51797 0.7186 -0.42504 0.18615 2 47.14 -48.015 5.813 -0.70654 0.68164 0.1893 -0.0182 3 
123.845 -29.19 -12.789 0.4965 0.71009 0.42199 0.26678 1 121.682 12.813 -10.022 -0.51794 0.71812 -0.42547 0.18712 2 47.14 -48.016 5.81 -0.70653 0.68164 0.18935 -0.01821 3 
124.053 -28.907 -12.843 0.49985 0.71078 0.42358 0.25596 1 121.811 13.18 -10.021 -0.52011 0.71682 -0.42479 0.18763 2 47.139 -48.017 5.812 -0.70651 0.68166 0.18931 -0.01821 3 
124.054 -28.64 -12.762 0.50736 0.71005 0.41691 0.25418 1 121.996 13.591 -10.023 -0.52061 0.71576 -0.42632 0.18682 2 47.141 -48.016 5.81 -0.70653 0.68164 0.18933 -0.01822 3 
124.277 -28.362 -12.69 0.51236 0.70871 0.41135 0.25693 1 122.173 13.962 -10.102 -0.52201 0.71284 -0.42862 0.18879 2 47.139 -48.016 5.813 -0.70652 0.68166 0.18931 -0.01819 3 
124.493 -28.536 -12.504 0.51654 0.70744 0.39444 0.27771 1 122.265 14.087 -10.134 -0.52662 0.70685 -0.43068 0.19378 2 47.14 -48.015 5.812 -0.70654 0.68164 0.1893 -0.01823 3 
123.698 -30.632 -11.753 0.51012 0.74183 0.34678 0.26307 1 121.882 13.699 -10.182 -0.52976 0.70208 -0.43369 0.19584 2 47.142 -48.015 5.813 -0.70655 0.68163 0.18929 -0.01822 3 
124.061 -33.514 -11.52 0.35941 0.83943 0.39997 0.07872 1 121.62 13.118 -10.206 -0.5195 0.70429 -0.44232 0.19607 2 47.139 -48.015 5.813 -0.70653 0.68165 0.18931 -0.01822 3 
122.816 -33.884 -10.049 0.19415 0.83207 0.46752 -0.22671 1 120.999 12.311 -10.127 -0.51402 0.70391 -0.44519 0.20517 2 47.14 -48.015 5.812 -0.70653 0.68165 0.18929 -0.01821 3 
117.204 -34.844 -5.277 0.19099 0.76651 0.4501 -0.41641 1 120.249 11.327 -10.138 -0.51462 0.69837 -0.44806 0.21609 2 47.138 -48.017 5.813 -0.70651 0.68167 0.1893 -0.0182 3 
109.958 -35.495 -0.887 0.25556 0.72011 0.40164 -0.5048 1 119.564 10.194 -10.16 -0.51671 0.69344 -0.44791 0.22698 2 47.138 -48.016 5.815 -0.70652 0.68166 0.18929 -0.01819 3 
99.93 -36.648 1.054 0.23585 0.71375 0.41919 -0.50913 1 119.394 9.078 -10.154 -0.5064 0.69481 -0.45348 0.23485 2 47.142 -48.014 5.812 -0.70654 0.68164 0.18929 -0.01824 3 
88.138 -39.11 0.224 0.15707 0.70188 0.51587 -0.46538 1 119.862 8.029 -10.027 -0.47568 0.70982 -0.46195 0.23765 2 47.138 -48.018 5.813 -0.70653 0.68165 0.18931 -0.01816 3 
78.096 -41.734 -2.244 0.04432 0.72752 0.57114 -0.37755 1 120.567 6.905 -9.81 -0.42985 0.73172 -0.46857 0.24547 2 47.137 -48.018 5.813 -0.70652 0.68166 0.1893 -0.01815 3 
69.815 -44.35 -4.509 -0.02756 0.7327 0.60839 -0.30372 1 121.374 5.623 -9.585 -0.37399 0.75439 -0.47394 0.2577 2 47.136 -48.02 5.812 -0.7065 0.68168 0.18934 -0.01816 3 
63.382 -46.029 -5.999 -0.0548 0.73975 0.61377 -0.27029 1 122.072 4.288 -9.278 -0.32857 0.76861 -0.47667 0.27215 2 47.137 -48.02 5.811 -0.70649 0.68168 0.18934 -0.01816 3 
58.683 -46.702 -6.706 -0.04643 0.73163 0.62623 -0.26533 1 122.518 3.219 -9.026 -0.29293 0.77845 -0.47681 0.28436 2 47.135 -48.021 5.811 -0.70649 0.68169 0.18935 -0.01814 3 
55.88 -46.668 -7.28 -0.03719 0.72584 0.63387 -0.26454 1 122.734 2.393 -8.846 -0.26854 0.78436 -0.47815 0.2899 2 47.134 -48.022 5.813 -0.70648 0.6817 0.18932 -0.01811 3 
54.609 -46.466 -7.593 -0.03667 0.71366 0.63515 -0.29313 1 122.907 1.889 -8.682 -0.25168 0.79012 -0.47661 0.29191 2 47.131 -48.019 5.815 -0.7065 0.6817 0.18925 -0.01814 3 
54.164 -46.75 -7.785 -0.02248 0.69983 0.63723 -0.32197 1 123.041 1.67 -8.581 -0.2419 0.79508 -0.4758 0.288 2 47.109 -48.022 5.816 -0.70629 0.68193 0.18924 -0.01809 3 
54.614 -46.491 -7.444 0.00035 0.68993 0.63347 -0.35031 1 123.158 1.803 -8.525 -0.23593 0.79939 -0.47498 0.28233 2 48.666 -46.902 5.891 -0.7187 0.66773 0.18909 -0.04302 3 
57.734 -45.359 -6.632 0.07893 0.7007 0.58267 -0.40408 1 123.275 2.096 -8.505 -0.2318 0.80216 -0.47454 0.27859 2 56.015 -42.497 6.792 -0.71958 0.64489 0.20227 -0.15939 3 
63.926 -42.927 -4.63 0.19808 0.75372 0.45004 -0.43604 1 123.091 2.695 -8.597 -0.24236 0.79895 -0.47529 0.27757 2 66.536 -34.553 7.582 -0.69541 0.62222 0.17561 -0.31371 3 
71.151 -39.049 -2.984 0.27227 0.80887 0.29756 -0.42785 1 122.599 3.619 -8.826 -0.26999 0.79509 -0.47234 0.26802 2 72.666 -23.937 7.068 -0.68368 0.60196 0.02443 -0.41187 3 
78.663 -34.979 -2.784 0.33266 0.84094 0.15285 -0.39849 1 122.468 5.061 -9.161 -0.29983 0.79038 -0.47057 0.25289 2 79.439 -15.458 3.686 -0.62813 0.57451 -0.10862 -0.51341 3 
85.059 -31.712 -3.447 0.38291 0.84918 0.05888 -0.35889 1 122.533 6.729 -9.486 -0.33428 0.78066 -0.46832 0.24395 2 86.238 -10.797 0.36 -0.56059 0.56599 -0.18385 -0.57585 3 
89.867 -29.446 -4.373 0.42373 0.84971 0.01906 -0.31318 1 122.71 8.042 -9.626 -0.36695 0.7712 -0.46571 0.23175 2 92.066 -8.275 -2.116 -0.50555 0.5763 -0.2203 -0.60313 3 
93.312 -27.827 -5.328 0.45782 0.84708 -0.02404 -0.26886 1 122.992 9.183 -9.689 -0.3907 0.7669 -0.46052 0.2171 2 96.432 -6.625 -4.659 -0.44977 0.57792 -0.25923 -0.62969 3 
95.825 -26.648 -6.073 0.49043 0.83637 -0.07546 -0.23297 1 123.173 10.141 -9.83 -0.41394 0.762 -0.45561 0.20108 2 100.081 -5.87 -7.256 -0.38882 0.56151 -0.28933 -0.67068 3 
97.752 -25.559 -6.369 0.51245 0.82321 -0.12384 -0.21067 1 123.388 10.8 -9.904 -0.42985 0.75946 -0.45062 0.18813 2 102.673 -5.565 -9.146 -0.33943 0.53498 -0.31228 -0.70786 3 
98.885 -24.656 -6.35 0.53204 0.80679 -0.1602 -0.20089 1 123.48 11.352 -9.976 -0.43942 0.75876 -0.44744 0.17605 2 104.518 -5.596 -10.239 -0.29953 0.51519 -0.31765 -0.73754 3 
99.281 -23.929 -6.189 0.53986 0.79969 -0.17673 -0.19445 1 123.526 11.809 -10.059 -0.44699 0.75968 -0.44297 0.16391 2 105.169 -5.398 -10.539 -0.28091 0.5069 -0.32056 -0.74926 3 
99.743 -23.004 -5.726 0.54151 0.79057 -0.20277 -0.20163 1 123.559 12.279 -10.065 -0.45038 0.7604 -0.44158 0.15478 2 105.307 -5.04 -10.695 -0.26883 0.48366 -0.32356 -0.76754 3 
100.223 -22.188 -5.142 0.54007 0.77911 -0.23316 -0.21667 1 123.591 12.603 -10.159 -0.45215 0.76069 -0.44177 0.14748 2 105.274 -4.918 -10.738 -0.25926 0.45158 -0.32178 -0.79077 3 
100.245 -21.779 -4.76 0.53726 0.77232 -0.25384 -0.22458 1 123.586 12.832 -10.157 -0.45342 0.7611 -0.44127 0.14289 2 104.904 -5.032 -10.711 -0.25242 0.43279 -0.32045 -0.80392 3 
100.409 -21.542 -4.52 0.53965 0.76498 -0.26889 -0.22645 1 123.602 13.034 -10.197 -0.45354 0.76114 -0.44225 0.13921 2 105.026 -5.348 -10.835 -0.24158 0.42138 -0.31669 -0.81473 3 
100.648 -21.414 -4.455 0.54327 0.75953 -0.27742 -0.22584 1 123.601 13.124 -10.209 -0.45419 0.76032 -0.44327 0.13834 2 105.412 -5.599 -10.969 -0.23077 0.41576 -0.31322 -0.82206 3 
100.722 -21.459 -4.433 0.54045 0.7629 -0.27409 -0.22532 1 123.591 13.155 -10.233 -0.456 0.75924 -0.44352 0.13749 2 105.423 -5.536 -10.873 -0.23482 0.41735 -0.31414 -0.81975 3 
100.816 -21.59 -4.401 0.53573 0.76585 -0.27369 -0.22706 1 123.562 13.131 -10.243 -0.45683 0.75876 -0.44348 0.13754 2 105.271 -5.567 -10.831 -0.2397 0.41423 -0.31572 -0.81932 3 
100.9 -21.791 -4.393 0.53355 0.76648 -0.27582 -0.22748 1 123.525 13.03 -10.221 -0.45837 0.75794 -0.44299 0.13848 2 105.217 -5.807 -10.849 -0.23954 0.41138 -0.31691 -0.82033 3 
100.971 -21.943 -4.377 0.53171 0.76826 -0.27512 -0.22666 1 123.474 12.934 -10.222 -0.46002 0.75666 -0.44289 0.14032 2 105.246 -5.997 -10.862 -0.23933 0.41119 -0.31779 -0.82015 3 
100.975 -22.133 -4.377 0.53048 0.77116 -0.26992 -0.22594 1 123.414 12.825 -10.24 -0.46109 0.75597 -0.44233 0.14231 2 105.256 -6.04 -10.785 -0.24263 0.41466 -0.31863 -0.81711 3 
100.932 -22.424 -4.417 0.52968 0.77472 -0.26237 -0.22453 1 123.347 12.705 -10.218 -0.46109 0.75584 -0.4422 0.14336 2 105.249 -6.106 -10.684 -0.24648 0.41959 -0.32021 -0.81281 3 
100.692 -23.468 -4.401 0.53311 0.78677 -0.2143 -0.22551 1 123.316 12.563 -10.237 -0.45911 0.75681 -0.44222 0.14454 2 106.057 -6.154 -9.869 -0.26113 0.45223 -0.30219 -0.79748 3 
99.56 -25.353 -4.205 0.5299 0.81069 -0.10688 -0.22489 1 123.315 12.407 -10.213 -0.45185 0.75936 -0.44456 0.1469 2 106.445 -6.073 -7.456 -0.3038 0.52627 -0.26905 -0.74723 3 
97.214 -26.975 -3.782 0.50726 0.82772 0.0238 -0.23875 1 123.096 12.158 -10.181 -0.44818 0.75924 -0.44693 0.15147 2 103.921 -5.985 -3.891 -0.38121 0.58937 -0.22802 -0.67478 3 
93.564 -28.113 -3.259 0.47637 0.8196 0.17649 -0.26493 1 122.775 11.778 -10.166 -0.4462 0.75773 -0.44926 0.15786 2 99.903 -7.524 0.562 -0.45868 0.65042 -0.14659 -0.58744 3 
88.745 -28.877 -2.761 0.43848 0.78385 0.3367 -0.28275 1 122.434 11.353 -10.133 -0.44301 0.7565 -0.4522 0.1642 2 94.632 -11.428 4.948 -0.5102 0.70926 -0.03825 -0.48496 3 
83.515 -29.108 -2.508 0.38939 0.72717 0.48328 -0.29333 1 122.352 10.797 -10.112 -0.43029 0.75933 -0.4581 0.16855 2 88.339 -16.835 8.293 -0.54213 0.7495 0.07965 -0.37148 3 
78.244 -28.639 -2.342 0.34766 0.6685 0.58546 -0.29915 1 122.484 10.074 -10.062 -0.40868 0.76505 -0.46676 0.17267 2 82.118 -21.712 10.12 -0.54962 0.76634 0.1824 -0.27814 3 
73.193 -27.631 -2.376 0.31881 0.64275 0.62674 -0.30403 1 122.749 9.34 -10.015 -0.38401 0.77043 -0.47594 0.18016 2 76.444 -23.584 10.609 -0.55381 0.7642 0.23321 -0.23434 3 
68.196 -26.205 -2.559 0.30187 0.63815 0.63367 -0.31638 1 123.243 8.487 -9.841 -0.35065 0.77841 -0.48444 0.19091 2 71.584 -23.204 10.591 -0.5621 0.75162 0.25667 -0.23073 3 
63.613 -24.676 -2.749 0.28987 0.6367 0.63466 -0.32833 1 123.78 7.635 -9.69 -0.314 0.78832 -0.49101 0.19716 2 67.356 -22.496 10.528 -0.56672 0.73989 0.27829 -0.23228 3 
59.384 -23.227 -2.974 0.2709 0.63909 0.64125 -0.32706 1 124.203 6.82 -9.522 -0.27949 0.79796 -0.49554 0.19895 2 62.627 -21.781 10.54 -0.57277 0.73581 0.28783 -0.21836 3 
55.828 -22.035 -3.51 0.2358 0.65637 0.64396 -0.31448 1 124.389 6.22 -9.312 -0.25332 0.80446 -0.49891 0.1994 2 57.462 -20.598 10.215 -0.59276 0.7326 0.2707 -0.19661 3 
53.131 -21.23 -4.138 0.20093 0.67693 0.64551 -0.29105 1 124.381 5.777 -9.212 -0.23235 0.80921 -0.50178 0.19852 2 52.69 -19.475 9.634 -0.6122 0.73349 0.24113 -0.17048 3 
51.526 -20.689 -4.776 0.17267 0.69302 0.64355 -0.27523 1 124.204 5.515 -9.11 -0.21951 0.8117 -0.50374 0.19798 2 49.542 -18.669 8.88 -0.62999 0.7297 0.21781 -0.15237 3 
50.634 -20.417 -5.294 0.15432 0.70254 0.64318 -0.26258 1 123.9 5.343 -9.056 -0.21183 0.81178 -0.50611 0.19998 2 47.504 -18.285 8.227 -0.64018 0.7286 0.20167 -0.13653 3 
50.179 -20.306 -5.337 0.15197 0.70327 0.64176 -0.26544 1 123.504 5.229 -9.02 -0.20983 0.80944 -0.50885 0.20458 2 46.814 -18.321 8.285 -0.64428 0.72616 0.20112 -0.13092 3 
50.076 -20.304 -5.341 0.152 0.70531 0.64031 -0.26351 1 123.119 5.261 -9.057 -0.21338 0.80695 -0.51002 0.20777 2 46.595 -18.326 8.3 -0.64412 0.72733 0.19924 -0.12808 3 
50.118 -20.339 -5.323 0.14974 0.70836 0.64033 -0.25649 1 122.9 5.276 -9.062 -0.21879 0.80581 -0.50922 0.20855 2 46.598 -18.339 8.296 -0.64417 0.7273 0.19943 -0.12772 3 
50.732 -20.81 -5.184 0.15905 0.72019 0.63747 -0.22286 1 122.902 5.337 -9.051 -0.22469 0.8067 -0.50589 0.20693 2 46.599 -18.38 8.295 -0.64266 0.72858 0.19985 -0.12735 3 
54.837 -22.555 -4.544 0.22477 0.66517 0.66747 -0.24801 1 123.151 5.456 -9.097 -0.2311 0.80795 -0.50272 0.20268 2 46.658 -18.101 8.301 -0.6431 0.72826 0.19672 -0.13177 3 
67.114 -24.95 -2.747 0.38189 0.52565 0.71767 -0.25061 1 123.356 5.63 -9.128 -0.24024 0.80731 -0.50034 0.20048 2 46.589 -18.353 8.296 -0.64261 0.72868 0.19931 -0.12788 3 
81.953 -27.688 -2.727 0.50943 0.56898 0.62182 -0.17343 1 123.185 5.979 -9.243 -0.25894 0.80278 -0.49694 0.20382 2 46.59 -18.383 8.289 -0.64259 0.72867 0.19969 -0.12745 3 
92.873 -29.928 -5.101 0.48922 0.66365 0.56428 0.04278 1 122.592 6.403 -9.373 -0.29662 0.79131 -0.48823 0.21791 2 46.625 -18.248 8.294 -0.64284 0.72848 0.19827 -0.12952 3 
101.571 -32.717 -7.917 0.45476 0.72371 0.44202 0.27213 1 122.036 6.798 -9.57 -0.3402 0.77668 -0.47916 0.22678 2 46.621 -18.26 8.294 -0.64278 0.72852 0.1984 -0.12935 3 
107.614 -35.532 -9.566 0.4896 0.69855 0.28051 0.44004 1 121.822 7.045 -9.707 -0.37223 0.7673 -0.47051 0.22655 2 46.597 -18.358 8.289 -0.64262 0.72864 0.19942 -0.12786 3 
112.045 -34.564 -10.271 0.53225 0.64339 0.26855 0.48025 1 121.814 7.008 -9.749 -0.39767 0.76216 -0.45988 0.22244 2 46.593 -18.368 8.289 -0.6426 0.72866 0.19954 -0.12767 3 
114.151 -32.777 -10.567 0.55603 0.6061 0.28623 0.49148 1 122.306 7 -9.689 -0.41108 0.76343 -0.45034 0.21303 2 46.627 -18.235 8.294 -0.64283 0.72848 0.19812 -0.12976 3 
114.658 -32.923 -10.756 0.5629 0.59987 0.29455 0.48636 1 123.142 7.223 -9.619 -0.40964 0.77047 -0.44227 0.20728 2 46.605 -18.325 8.291 -0.64268 0.7286 0.19907 -0.12836 3 
114.044 -32.938 -10.464 0.57371 0.5979 0.25081 0.50046 1 124.413 7.69 -9.425 -0.40384 0.77687 -0.43353 0.21316 2 46.607 -18.315 8.291 -0.64271 0.72857 0.19896 -0.12853 3 
111.396 -33.316 -8.694 0.52693 0.65908 0.12249 0.52245 1 125.294 8.883 -9.105 -0.40382 0.78524 -0.40594 0.23566 2 46.609 -18.305 8.291 -0.64271 0.72857 0.19886 -0.12869 3 
110.166 -32.165 -4.915 0.43458 0.76856 -0.01998 0.46911 1 125.558 10.86 -8.864 -0.4164 0.78733 -0.36724 0.26806 2 46.617 -18.278 8.292 -0.64276 0.72853 0.19858 -0.12911 3 
112.652 -28.35 -2.304 0.48435 0.78145 -0.03741 0.39158 1 125.319 14.307 -8.978 -0.40783 0.79308 -0.34503 0.29268 2 46.601 -18.332 8.292 -0.64264 0.72863 0.19913 -0.12827 3 
115.202 -24.884 -3.717 0.48098 0.69594 0.00181 0.53322 1 125.278 20.391 -9.145 -0.36535 0.80462 -0.35502 0.30507 2 46.614 -18.286 8.293 -0.64275 0.72854 0.19864 -0.12898 3 
116.762 -21.208 -6.849 0.38746 0.62088 0.06556 0.67829 1 125.749 26.731 -9.531 -0.33758 0.80926 -0.38891 0.28264 2 46.607 -18.309 8.293 -0.64271 0.72858 0.19886 -0.12863 3 
117.068 -14.225 -9.86 0.37135 0.63523 0.33503 0.58851 1 125.958 33.185 -9.858 -0.26388 0.83135 -0.43278 0.22788 2 46.599 -18.341 8.289 -0.64264 0.72863 0.19924 -0.12813 3 
115.777 -4.455 -11.221 0.37211 0.59013 0.4903 0.52238 1 125.1 37.996 -10.484 -0.12421 0.83721 -0.50399 0.17216 2 46.622 -18.256 8.293 -0.6428 0.72851 0.19831 -0.12946 3 
112.215 6.78 -11.517 0.41622 0.51934 0.54965 0.50491 1 121.629 40.544 -10.833 -0.00392 0.79436 -0.58718 0.15553 2 46.602 -18.329 8.291 -0.64266 0.72861 0.19909 -0.12833 3 
107.949 18.328 -11.219 0.39724 0.44498 0.60473 0.52772 1 116.794 43.364 -10.828 0.0709 0.7665 -0.62447 0.13225 2 46.603 -18.327 8.291 -0.64268 0.7286 0.19906 -0.12837 3 
102.153 25.312 -10.544 0.40313 0.59127 0.5405 0.44243 1 111.953 47.023 -10.51 0.14324 0.75105 -0.63235 0.12467 2 46.619 -18.276 8.29 -0.64276 0.72853 0.19855 -0.12916 3 
96.43 31.841 -11.086 0.3307 0.65904 0.53413 0.41353 1 107.864 51.568 -10.153 0.1819 0.726 -0.65582 0.09866 2 46.609 -18.305 8.292 -0.64271 0.72857 0.19884 -0.12871 3 
90.836 36.483 -11.549 0.32444 0.76075 0.43455 0.35659 1 103.41 55.86 -10.233 0.18193 0.69269 -0.68515 0.13283 2 46.607 -18.316 8.29 -0.64269 0.72859 0.19896 -0.12855 3 
86.005 39.511 -12.767 0.29665 0.7937 0.35924 0.39114 1 99.537 58.944 -10.87 0.17666 0.68535 -0.68286 0.1811 2 46.613 -18.294 8.291 -0.64274 0.72854 0.19873 -0.1289 3 
83.387 40.709 -13.73 0.29387 0.79578 0.31303 0.42706 1 96.756 60.868 -11.889 0.17779 0.69565 -0.66112 0.21769 2 46.611 -18.3 8.291 -0.64273 0.72855 0.1988 -0.12877 3 
82.694 41.713 -14.656 0.29234 0.79326 0.24794 0.47308 1 94.939 61.61 -12.426 0.17712 0.70454 -0.65195 0.21728 2 46.615 -18.286 8.291 -0.64276 0.72853 0.19865 -0.12902 3 
82.53 42.007 -14.872 0.29502 0.78678 0.25246 0.4798 1 93.531 62.065 -13.73 0.17283 0.70223 -0.65579 0.21668 2 46.606 -18.318 8.29 -0.64269 0.72859 0.19898 -0.12852 3 
