120.695 -26.57 -13.148 0.58305 0.4434 0.45554 0.50589 1 122.033 15.101 -10.308 -0.47142 0.72008 -0.44889 0.2403 2 46.123 -29.761 7.571 -0.64247 0.73335 0.20658 -0.08219 3 
120.084 -26.943 -13.224 0.58804 0.44224 0.456 0.50069 1 121.649 14.664 -10.398 -0.46889 0.72204 -0.4531 0.23129 2 46.124 -29.76 7.571 -0.64246 0.73335 0.20658 -0.08222 3 
119.536 -27.241 -13.219 0.58725 0.45851 0.465 0.4782 1 121.574 14.361 -10.364 -0.46221 0.72727 -0.45229 0.22996 2 46.124 -29.759 7.571 -0.64248 0.73334 0.20658 -0.08221 3 
119.216 -27.31 -13.308 0.59102 0.4608 0.47173 0.46458 1 121.668 14.245 -10.345 -0.45403 0.73192 -0.45429 0.22755 2 46.125 -29.76 7.571 -0.64248 0.73334 0.20657 -0.0822 3 
119.083 -27.42 -13.342 0.5931 0.45529 0.4734 0.46565 1 121.61 14.214 -10.299 -0.45258 0.73462 -0.45161 0.22706 2 46.124 -29.76 7.572 -0.64248 0.73334 0.20657 -0.0822 3 
118.957 -28.653 -13.13 0.58519 0.45409 0.44951 0.49929 1 121.581 14.199 -10.323 -0.45167 0.73596 -0.44839 0.23087 2 46.124 -29.76 7.571 -0.64246 0.73335 0.20658 -0.08219 3 
118.41 -33.996 -12.748 0.54657 0.55611 0.45879 0.42604 1 121.656 14.287 -10.352 -0.4423 0.73789 -0.45492 0.23007 2 46.124 -29.76 7.571 -0.64248 0.73334 0.20659 -0.0822 3 
115.22 -36.109 -10.522 0.44194 0.74435 0.49673 0.06232 1 121.646 14.202 -10.463 -0.43356 0.73899 -0.46387 0.22526 2 46.124 -29.76 7.571 -0.64247 0.73334 0.20659 -0.0822 3 
108.965 -35.685 -6.624 0.38511 0.727 0.50247 -0.26586 1 121.254 13.819 -10.522 -0.43494 0.73465 -0.46689 0.23051 2 46.124 -29.76 7.57 -0.64247 0.73334 0.20659 -0.0822 3 
102.578 -35.095 -2.513 0.34797 0.69374 0.45175 -0.43996 1 120.654 13.195 -10.548 -0.44105 0.72868 -0.46531 0.24081 2 46.124 -29.76 7.572 -0.64248 0.73334 0.20658 -0.08219 3 
93.666 -34.28 -0.318 0.28173 0.70391 0.45564 -0.4664 1 120.468 12.398 -10.563 -0.43767 0.72595 -0.46803 0.24979 2 46.124 -29.76 7.571 -0.64247 0.73335 0.20658 -0.0822 3 
82.241 -33.633 -0.482 0.20917 0.7125 0.52376 -0.41745 1 120.912 11.501 -10.528 -0.41595 0.72951 -0.47541 0.26226 2 46.124 -29.76 7.571 -0.64248 0.73334 0.20658 -0.0822 3 
71.743 -33.038 -2.784 0.12006 0.72229 0.58675 -0.34585 1 121.904 10.453 -10.395 -0.37321 0.7383 -0.48642 0.28111 2 46.123 -29.761 7.572 -0.64247 0.73335 0.20657 -0.0822 3 
63.498 -32.447 -5.579 0.05772 0.71762 0.63359 -0.2833 1 123.635 9.064 -10.117 -0.31542 0.75148 -0.49389 0.30307 2 46.124 -29.76 7.572 -0.64248 0.73334 0.20657 -0.0822 3 
57.404 -31.817 -7.041 0.04695 0.73041 0.63057 -0.25823 1 125.222 7.608 -9.724 -0.24997 0.76801 -0.49958 0.31321 2 46.124 -29.76 7.572 -0.64248 0.73334 0.20656 -0.0822 3 
53.586 -30.838 -7.409 0.06953 0.73765 0.62271 -0.25154 1 125.891 6.382 -9.385 -0.2043 0.78035 -0.50162 0.31255 2 46.123 -29.762 7.572 -0.64246 0.73336 0.20657 -0.0822 3 
51.893 -30.338 -7.777 0.06396 0.71744 0.64345 -0.25914 1 126.084 5.439 -9.119 -0.18264 0.78328 -0.50325 0.316 2 46.123 -29.761 7.572 -0.64247 0.73336 0.20657 -0.0822 3 
50.881 -30.314 -8.05 0.07103 0.68433 0.67427 -0.26836 1 126.243 4.874 -9.054 -0.16673 0.7872 -0.50511 0.31207 2 46.088 -29.782 7.576 -0.6423 0.73354 0.20656 -0.08183 3 
50.678 -30.228 -8.022 0.08117 0.65945 0.69275 -0.28042 1 126.217 4.641 -9.001 -0.16085 0.79027 -0.50428 0.30871 2 46.108 -29.773 7.57 -0.64238 0.73342 0.20666 -0.08199 3 
51.976 -29.96 -7.599 0.09582 0.66162 0.67756 -0.30659 1 126.151 4.824 -8.955 -0.16586 0.79193 -0.50267 0.30441 2 48.188 -29.353 7.491 -0.67124 0.70428 0.21171 -0.0928 3 
56.427 -29.843 -7.18 0.17435 0.65716 0.64777 -0.3437 1 126.247 5.28 -8.922 -0.16679 0.7947 -0.50061 0.30004 2 56.434 -28.11 7.627 -0.65818 0.6957 0.23848 -0.16102 3 
63.139 -29.573 -6.404 0.25129 0.67802 0.59816 -0.34546 1 125.931 6.186 -9.246 -0.18592 0.79391 -0.4978 0.29551 2 65.25 -24.292 7.84 -0.62732 0.71494 0.19813 -0.2368 3 
70.84 -28.89 -5.972 0.30786 0.72493 0.52284 -0.3261 1 125.243 7.304 -9.536 -0.22462 0.78836 -0.49452 0.28892 2 73.667 -18.196 6.897 -0.60193 0.72495 0.1007 -0.31935 3 
78.317 -28.239 -6.227 0.36137 0.77473 0.42995 -0.29045 1 124.929 8.546 -9.769 -0.26252 0.78374 -0.49054 0.27605 2 81.599 -12.386 4.356 -0.56226 0.72696 -0.01036 -0.39406 3 
84.821 -27.837 -7.071 0.41073 0.81222 0.33167 -0.24817 1 124.926 9.658 -9.905 -0.29403 0.7832 -0.48245 0.25958 2 88.989 -8.199 0.785 -0.51026 0.71897 -0.10768 -0.45948 3 
89.998 -27.732 -8.163 0.44451 0.82984 0.2746 -0.19589 1 124.979 10.643 -10.039 -0.32168 0.78363 -0.47224 0.24378 2 94.805 -6.205 -2.11 -0.46123 0.72332 -0.17323 -0.4838 3 
93.798 -27.783 -9.18 0.45617 0.84159 0.24878 -0.14745 1 125.052 11.374 -10.141 -0.34174 0.78362 -0.46485 0.23037 2 98.595 -5.28 -4.064 -0.43185 0.73316 -0.21634 -0.47873 3 
96.798 -27.796 -9.677 0.47224 0.85413 0.18243 -0.11908 1 125.176 11.913 -10.153 -0.35873 0.78429 -0.45618 0.21934 2 102.21 -4.138 -6.513 -0.39349 0.71345 -0.27343 -0.51126 3 
98.448 -27.816 -9.39 0.48103 0.86292 0.10279 -0.11584 1 125.236 12.311 -10.197 -0.36935 0.78496 -0.45148 0.20877 2 104.192 -3.816 -8.573 -0.36234 0.66881 -0.32286 -0.56317 3 
99.051 -27.82 -8.588 0.49303 0.86017 0.0126 -0.12991 1 125.179 12.594 -10.231 -0.37676 0.7858 -0.44769 0.20038 2 105.233 -4.637 -10.244 -0.32276 0.60913 -0.35463 -0.63168 3 
99.404 -27.352 -7.546 0.49934 0.85117 -0.06566 -0.14786 1 125.23 12.793 -10.246 -0.37864 0.78668 -0.44723 0.19429 2 105.267 -5.488 -11.262 -0.29118 0.5475 -0.37598 -0.68855 3 
99.721 -26.535 -6.613 0.50852 0.83624 -0.12019 -0.16633 1 125.353 13.018 -10.296 -0.37894 0.78821 -0.44767 0.18632 2 105.569 -6.014 -11.62 -0.265 0.50515 -0.3744 -0.73104 3 
100.123 -25.431 -5.849 0.51959 0.81737 -0.16644 -0.18499 1 125.524 13.085 -10.328 -0.3769 0.7902 -0.44931 0.17792 2 106.113 -6.359 -12.005 -0.23709 0.46938 -0.36462 -0.76845 3 
100.168 -24.847 -5.407 0.52433 0.80786 -0.17945 -0.2006 1 125.719 13.277 -10.389 -0.37327 0.79291 -0.45086 0.16937 2 106.255 -6.195 -11.768 -0.23297 0.4565 -0.35057 -0.78386 3 
100.035 -24.481 -5.184 0.5232 0.80554 -0.1846 -0.20807 1 125.842 13.461 -10.408 -0.3702 0.79547 -0.45142 0.16247 2 105.981 -5.908 -11.604 -0.23508 0.4504 -0.34615 -0.7887 3 
99.862 -24.377 -5.155 0.5195 0.80787 -0.18366 -0.20912 1 125.858 13.641 -10.396 -0.37006 0.79588 -0.45146 0.16069 2 105.7 -5.738 -11.493 -0.23808 0.45078 -0.34693 -0.78725 3 
99.838 -24.395 -5.196 0.51544 0.81188 -0.17669 -0.20965 1 125.866 13.714 -10.389 -0.37085 0.79539 -0.45161 0.16084 2 105.592 -5.516 -11.375 -0.24472 0.45474 -0.34733 -0.78274 3 
99.932 -24.405 -5.246 0.51486 0.81255 -0.17407 -0.21068 1 125.829 13.729 -10.377 -0.37172 0.79494 -0.45144 0.16155 2 105.766 -5.434 -11.36 -0.24675 0.45675 -0.34454 -0.78217 3 
100.012 -24.457 -5.277 0.51657 0.81143 -0.17406 -0.2108 1 125.797 13.735 -10.368 -0.37314 0.79401 -0.45114 0.16366 2 106.035 -5.541 -11.375 -0.24403 0.45823 -0.34158 -0.78345 3 
99.947 -24.563 -5.343 0.51532 0.81348 -0.16933 -0.20983 1 125.815 13.707 -10.39 -0.3728 0.79443 -0.45052 0.16413 2 106.015 -5.541 -11.342 -0.24645 0.46241 -0.34145 -0.78029 3 
99.86 -24.814 -5.432 0.5139 0.81622 -0.1605 -0.20958 1 125.831 13.619 -10.376 -0.37043 0.79578 -0.45025 0.16372 2 105.954 -5.508 -11.229 -0.25258 0.46782 -0.34041 -0.77555 3 
99.656 -25.175 -5.608 0.51358 0.81917 -0.14762 -0.20834 1 125.8 13.479 -10.378 -0.36968 0.79622 -0.44996 0.16404 2 105.985 -5.591 -11.096 -0.25726 0.47774 -0.33696 -0.76944 3 
99.118 -25.909 -5.823 0.5119 0.82772 -0.10059 -0.2067 1 125.706 13.297 -10.358 -0.3691 0.79646 -0.44952 0.1654 2 105.997 -5.228 -10.339 -0.2775 0.50633 -0.32592 -0.7486 3 
97.919 -26.928 -5.93 0.50537 0.83671 -0.00616 -0.21092 1 125.528 13.021 -10.327 -0.36551 0.79675 -0.45041 0.16946 2 105.529 -4.628 -8.135 -0.32394 0.56111 -0.29242 -0.70336 3 
95.854 -27.606 -5.628 0.49289 0.83373 0.09303 -0.23085 1 125.389 12.734 -10.298 -0.36086 0.79624 -0.45186 0.17778 2 103.772 -4.56 -5.105 -0.37674 0.60857 -0.24026 -0.65573 3 
92.915 -27.891 -4.742 0.47949 0.81942 0.17211 -0.2627 1 125.318 12.501 -10.215 -0.35459 0.79657 -0.45349 0.18463 2 101.069 -5.186 -1.958 -0.41797 0.63558 -0.18356 -0.6226 3 
89.094 -28.391 -3.713 0.45611 0.80467 0.2501 -0.28621 1 125.459 12.205 -10.151 -0.34032 0.79964 -0.45808 0.18688 2 97.01 -6.682 1.397 -0.45795 0.65863 -0.13003 -0.58273 3 
84.641 -29.019 -2.997 0.42694 0.7849 0.33516 -0.29886 1 125.811 11.756 -10.127 -0.32139 0.80479 -0.46309 0.18592 2 92.148 -9.048 4.516 -0.49181 0.68535 -0.07309 -0.53204 3 
79.826 -29.404 -2.519 0.39673 0.76052 0.42082 -0.29517 1 126.182 11.194 -10.012 -0.29794 0.81047 -0.46851 0.18671 2 86.599 -11.86 7.204 -0.51465 0.71567 -0.01829 -0.47182 3 
75.007 -29.314 -2.304 0.36109 0.72827 0.50542 -0.28946 1 126.515 10.522 -9.903 -0.27378 0.81407 -0.47472 0.19231 2 80.757 -14.923 9.493 -0.53268 0.74205 0.04207 -0.40479 3 
69.743 -28.663 -2.581 0.31692 0.68533 0.59299 -0.27971 1 126.98 9.633 -9.726 -0.24545 0.81701 -0.48113 0.20187 2 74.375 -18.605 10.976 -0.54002 0.76517 0.11775 -0.33019 3 
64.342 -27.572 -3.421 0.26699 0.64059 0.66979 -0.26407 1 127.691 8.615 -9.482 -0.21007 0.82085 -0.48689 0.21218 2 67.205 -22.146 11.261 -0.54228 0.78046 0.18954 -0.24676 3 
59.387 -26.093 -4.543 0.2205 0.60752 0.71932 -0.25471 1 128.41 7.648 -9.227 -0.17685 0.82324 -0.49187 0.22148 2 60.646 -24.275 10.442 -0.54758 0.77954 0.24355 -0.18209 3 
55.633 -24.618 -5.213 0.19415 0.61098 0.72346 -0.25616 1 128.992 6.742 -9.014 -0.14822 0.82451 -0.49575 0.22901 2 56.034 -23.369 9.853 -0.56122 0.77187 0.24791 -0.16668 3 
53.241 -23.253 -5.627 0.18522 0.63036 0.71019 -0.25295 1 129.161 5.869 -8.83 -0.12455 0.8248 -0.50063 0.23145 2 53.428 -21.052 9.44 -0.56855 0.76872 0.23042 -0.18092 3 
51.714 -22.101 -6.234 0.16833 0.63939 0.71062 -0.24055 1 128.916 5.354 -8.758 -0.11731 0.82342 -0.5031 0.23475 2 50.985 -19.918 8.728 -0.57516 0.76833 0.2234 -0.17013 3 
50.71 -21.443 -6.789 0.14797 0.64826 0.71174 -0.22647 1 128.856 4.838 -8.748 -0.10349 0.82492 -0.505 0.23189 2 48.578 -19.189 8.084 -0.58391 0.76989 0.20875 -0.15082 3 
50.071 -20.988 -6.71 0.14249 0.65777 0.70306 -0.22967 1 128.803 4.647 -8.621 -0.09574 0.82542 -0.50464 0.23423 2 47.57 -18.322 8.229 -0.59389 0.76467 0.19728 -0.15379 3 
49.795 -20.658 -6.687 0.13881 0.66078 0.70235 -0.22538 1 128.768 4.725 -8.607 -0.095 0.82542 -0.50371 0.23648 2 46.689 -18.007 8.314 -0.59511 0.76742 0.19002 -0.14425 3 
49.8 -20.649 -6.685 0.1369 0.66403 0.70078 -0.22188 1 128.829 4.922 -8.622 -0.09499 0.82569 -0.50354 0.23593 2 46.629 -18.082 8.311 -0.59692 0.76613 0.19125 -0.14198 3 
50.607 -20.826 -6.743 0.14184 0.67535 0.70233 -0.1747 1 128.761 5.423 -8.606 -0.10677 0.8247 -0.50239 0.23681 2 46.581 -18.262 8.31 -0.59666 0.76636 0.19317 -0.13919 3 
56.857 -22.137 -6.763 0.19892 0.57479 0.7617 -0.2233 1 128.459 6.046 -8.742 -0.12654 0.8256 -0.49839 0.23236 2 46.629 -18.142 8.307 -0.59687 0.76616 0.19167 -0.14143 3 
69.829 -24.852 -6.054 0.35714 0.44577 0.78552 -0.23811 1 128 6.96 -8.927 -0.14955 0.82301 -0.4974 0.22997 2 46.572 -18.274 8.305 -0.59659 0.76642 0.19316 -0.13919 3 
83.853 -26.727 -5.599 0.50814 0.46949 0.71251 -0.11703 1 127.286 7.879 -9.106 -0.18337 0.81668 -0.49343 0.23651 2 46.647 -18.112 8.304 -0.59697 0.76605 0.19148 -0.14187 3 
93.564 -27.926 -6.569 0.53235 0.53207 0.65138 0.09591 1 126.306 8.786 -9.338 -0.22912 0.80692 -0.48418 0.24893 2 46.55 -18.356 8.297 -0.59653 0.76649 0.19407 -0.1378 3 
100.497 -28.285 -8.591 0.4604 0.54794 0.54832 0.43259 1 125.35 9.329 -9.406 -0.27787 0.79388 -0.46971 0.26815 2 46.584 -18.258 8.299 -0.59664 0.76636 0.19302 -0.1395 3 
106.202 -28.938 -10.268 0.37638 0.53393 0.34323 0.67487 1 124.651 9.893 -9.56 -0.31655 0.78275 -0.45839 0.27745 2 46.597 -18.236 8.296 -0.59673 0.76628 0.19282 -0.13982 3 
110.503 -27.317 -10.79 0.37367 0.52075 0.27192 0.7178 1 123.994 10.698 -9.465 -0.3481 0.77635 -0.44524 0.27906 2 46.566 -18.313 8.298 -0.59659 0.76642 0.19361 -0.13855 3 
111.615 -26.096 -10.53 0.37154 0.55321 0.26409 0.69726 1 123.713 12.075 -9.525 -0.36522 0.77238 -0.4389 0.27824 2 46.568 -18.307 8.296 -0.59657 0.76643 0.19356 -0.13863 3 
111.935 -25.122 -10.686 0.33745 0.54715 0.3087 0.70104 1 123.784 14.213 -9.282 -0.386 0.76618 -0.40756 0.31284 2 46.613 -18.202 8.299 -0.5968 0.76622 0.19244 -0.1404 3 
113.102 -23.562 -10.885 0.19254 0.63391 0.42035 0.61999 1 124.339 18.389 -8.956 -0.37531 0.77306 -0.35625 0.36688 2 46.545 -18.363 8.3 -0.59648 0.76653 0.1941 -0.13773 3 
115.31 -18.434 -11.131 0.16326 0.65275 0.47185 0.56976 1 125.611 26.997 -9.032 -0.25012 0.81742 -0.40604 0.3231 2 46.593 -18.243 8.3 -0.59671 0.76631 0.19285 -0.13972 3 
114.919 -8.093 -10.978 0.26985 0.60281 0.55484 0.50592 1 124.595 35.695 -9.414 -0.0784 0.83991 -0.49332 0.21222 2 46.585 -18.267 8.297 -0.59667 0.76634 0.19312 -0.13931 3 
112.049 4.231 -10.406 0.35808 0.51994 0.58687 0.50698 1 120.987 42.236 -10.018 0.046 0.79083 -0.59372 0.14133 2 46.542 -18.354 8.304 -0.59651 0.76653 0.19395 -0.13783 3 
109.412 15.64 -9.861 0.42241 0.46315 0.5625 0.53913 1 117.972 46.59 -10.377 0.12325 0.732 -0.66114 0.109 2 46.566 -18.313 8.298 -0.59659 0.76643 0.19358 -0.13855 3 
107.169 26.715 -10.028 0.40485 0.41851 0.60902 0.53856 1 115.502 49.467 -11.194 0.17701 0.67117 -0.71334 0.09659 2 46.552 -18.336 8.301 -0.59652 0.76649 0.1938 -0.13817 3 
102.058 33.236 -10.507 0.39569 0.38948 0.58631 0.5899 1 112.912 51.703 -11.396 0.21105 0.63697 -0.73594 0.09013 2 46.557 -18.328 8.3 -0.59655 0.76647 0.19372 -0.13828 3 
95.372 35.14 -10.695 0.34917 0.69138 0.44784 0.44667 1 109.688 53.795 -11.023 0.21376 0.63323 -0.73893 0.08552 2 46.553 -18.336 8.302 -0.59654 0.76649 0.19379 -0.13813 3 
87.987 37.869 -11.901 0.28268 0.78613 0.35195 0.42217 1 105.506 55.753 -10.627 0.19483 0.65803 -0.71657 0.12474 2 46.562 -18.314 8.301 -0.59658 0.76645 0.19356 -0.13854 3 
84.196 39.833 -13.094 0.267 0.82113 0.27604 0.42221 1 101.946 57.062 -10.834 0.1928 0.69484 -0.67238 0.16711 2 46.55 -18.345 8.3 -0.59652 0.7665 0.19388 -0.13802 3 
83.289 41.263 -13.919 0.28882 0.83166 0.20578 0.42729 1 99.587 58.416 -10.881 0.20337 0.70903 -0.65063 0.18054 2 46.561 -18.321 8.301 -0.59657 0.76646 0.19363 -0.1384 3 
82.691 41.61 -14.391 0.27834 0.8269 0.20583 0.44316 1 97.457 59.456 -11.556 0.2162 0.72008 -0.62507 0.20983 2 46.554 -18.334 8.301 -0.59654 0.76649 0.19377 -0.13816 3 
82.632 41.862 -14.489 0.27772 0.81904 0.20897 0.45648 1 95.779 60.205 -11.868 0.22923 0.72315 -0.61186 0.22389 2 46.56 -18.324 8.3 -0.59657 0.76645 0.19367 -0.13837 3 
82.251 42.06 -14.257 0.2781 0.81752 0.2109 0.45808 1 93.9 61.192 -13.066 0.23258 0.72735 -0.60219 0.23289 2 46.559 -18.322 8.301 -0.59656 0.76647 0.19363 -0.1384 3 
81.84 42.119 -14.483 0.27717 0.81573 0.21069 0.46193 1 93.073 61.852 -13.262 0.22347 0.71887 -0.6122 0.24188 2 46.554 -18.335 8.3 -0.59653 0.76648 0.19379 -0.13819 3 
