126.529 -29.595 -13.68 0.45249 0.73071 0.47451 0.19017 1 125.543 11.801 -10.331 -0.43878 0.7789 -0.4089 0.18327 2 108.737 -29.986 -6.574 -0.70631 0.70076 0.08776 -0.04861 3 
126.426 -29.513 -13.674 0.45275 0.73097 0.47396 0.18992 1 125.39 11.889 -10.358 -0.43943 0.77823 -0.40953 0.18312 2 108.745 -29.969 -6.578 -0.70638 0.70069 0.08768 -0.04879 3 
126.398 -29.385 -13.674 0.45118 0.73173 0.47439 0.18967 1 125.242 11.963 -10.361 -0.44046 0.77724 -0.41 0.18382 2 108.74 -29.971 -6.589 -0.70629 0.70077 0.0876 -0.04896 3 
126.391 -29.292 -13.633 0.44954 0.73236 0.47513 0.18924 1 125.152 11.998 -10.36 -0.44042 0.7767 -0.41054 0.18501 2 108.741 -29.983 -6.568 -0.7063 0.70078 0.08763 -0.0487 3 
126.471 -29.249 -13.635 0.44862 0.73298 0.47537 0.1884 1 125.121 12.061 -10.34 -0.44166 0.77595 -0.41036 0.1856 2 108.738 -29.982 -6.58 -0.70623 0.70084 0.08751 -0.049 3 
126.769 -29.65 -13.584 0.44805 0.73269 0.47231 0.19836 1 125.146 12.13 -10.379 -0.44408 0.7753 -0.40899 0.18555 2 108.738 -29.984 -6.579 -0.70629 0.70077 0.08771 -0.04881 3 
128.004 -32.515 -14.336 0.3914 0.77677 0.43793 0.22725 1 125.292 12.138 -10.378 -0.44064 0.77653 -0.41005 0.18629 2 108.738 -29.983 -6.579 -0.70633 0.70074 0.08765 -0.04881 3 
129.112 -33.365 -15.987 0.11402 0.86217 0.47041 0.14956 1 125.329 12.221 -10.379 -0.44239 0.77485 -0.41113 0.18674 2 108.744 -29.964 -6.569 -0.70633 0.70075 0.08751 -0.04886 3 
124.989 -33.177 -16.771 -0.02258 0.83077 0.55185 -0.06906 1 124.962 12.159 -10.362 -0.45348 0.76918 -0.40662 0.19335 2 108.74 -29.974 -6.566 -0.70633 0.70074 0.08759 -0.04877 3 
118.663 -34.351 -16.443 0.04041 0.83532 0.53806 -0.10538 1 124.677 12.066 -10.361 -0.46193 0.76436 -0.40385 0.19818 2 108.738 -29.985 -6.566 -0.70624 0.70085 0.08747 -0.04885 3 
115.614 -33.925 -16.378 0.07448 0.82388 0.54563 -0.13405 1 124.939 12.095 -10.322 -0.46061 0.76674 -0.40127 0.1973 2 108.567 -29.777 -6.547 -0.69797 0.70953 0.08263 -0.05082 3 
115.509 -33.56 -16.604 0.05931 0.799 0.56482 -0.19765 1 125.599 12.191 -10.304 -0.4495 0.7753 -0.40024 0.1915 2 108.365 -29.701 -6.514 -0.66875 0.73721 0.0777 -0.05701 3 
115.606 -32.314 -16.265 0.03769 0.7871 0.5686 -0.23609 1 126.143 12.207 -10.223 -0.43986 0.78226 -0.40026 0.18543 2 107.843 -29.181 -6.38 -0.69885 0.71022 0.06894 -0.0494 3 
115.054 -30.2 -14.251 0.07657 0.82272 0.50431 -0.25086 1 126.688 12.178 -10.21 -0.43368 0.78634 -0.39948 0.18442 2 107.026 -23.88 -4.865 -0.70109 0.7067 -0.01027 -0.09455 3 
114.039 -27.696 -11.295 0.14062 0.87968 0.38449 -0.24197 1 127.28 12.186 -10.232 -0.42523 0.79 -0.40305 0.18064 2 107.468 -16.809 -3.38 -0.67432 0.70347 -0.09703 -0.20253 3 
112.426 -25.598 -9.288 0.18527 0.91669 0.2602 -0.24009 1 127.603 12.273 -10.301 -0.43022 0.78847 -0.40396 0.1733 2 106.184 -10.856 -3.617 -0.64354 0.6669 -0.21794 -0.30595 3 
111.053 -24.691 -8.441 0.22 0.93105 0.15298 -0.24768 1 128.055 12.41 -10.389 -0.42734 0.78955 -0.40944 0.16231 2 105.743 -8.028 -4.871 -0.60281 0.61974 -0.28909 -0.41105 3 
110.063 -23.987 -7.969 0.24566 0.934 0.06331 -0.25158 1 128.56 12.669 -10.441 -0.42528 0.79036 -0.41274 0.15527 2 105.426 -6.656 -6.347 -0.55909 0.57095 -0.33999 -0.49582 3 
109.328 -23.437 -7.76 0.27132 0.92891 -0.00638 -0.25192 1 128.819 12.849 -10.484 -0.42445 0.79089 -0.41522 0.14808 2 105.211 -6.04 -7.771 -0.5135 0.52982 -0.37763 -0.55948 3 
108.629 -23.305 -7.698 0.30009 0.92 -0.05071 -0.24693 1 128.953 13.057 -10.524 -0.42653 0.78965 -0.41645 0.14523 2 105.367 -6.061 -8.836 -0.47161 0.5108 -0.39234 -0.60227 3 
107.98 -23.192 -7.701 0.32849 0.90962 -0.09273 -0.23684 1 128.966 13.236 -10.535 -0.4299 0.78768 -0.41686 0.14482 2 105.619 -6.258 -9.83 -0.42787 0.4968 -0.40525 -0.6371 3 
107.603 -22.679 -7.601 0.35157 0.89652 -0.13527 -0.23313 1 128.9 13.427 -10.57 -0.43232 0.78553 -0.41821 0.1454 2 105.777 -6.252 -10.702 -0.39035 0.47487 -0.41706 -0.66946 3 
107.345 -22.079 -7.416 0.36771 0.88631 -0.15211 -0.23689 1 128.837 13.553 -10.517 -0.4342 0.78419 -0.41857 0.14602 2 106.087 -5.911 -10.905 -0.37129 0.46764 -0.41068 -0.68906 3 
107.067 -21.588 -7.238 0.37143 0.88072 -0.16155 -0.24551 1 128.859 13.683 -10.601 -0.43568 0.78372 -0.41858 0.14408 2 105.893 -5.603 -10.815 -0.36791 0.45942 -0.40414 -0.70018 3 
106.85 -21.429 -6.977 0.36873 0.88054 -0.1561 -0.2536 1 128.956 13.837 -10.624 -0.43407 0.78474 -0.4195 0.14066 2 105.646 -5.324 -10.362 -0.37635 0.46001 -0.39584 -0.70004 3 
106.783 -21.443 -6.823 0.36213 0.88276 -0.15215 -0.25778 1 129.047 13.947 -10.615 -0.43243 0.78602 -0.41992 0.13727 2 105.326 -5.266 -10.076 -0.38549 0.45867 -0.39489 -0.69647 3 
106.812 -21.54 -6.787 0.35676 0.88542 -0.15132 -0.25663 1 129.075 14.022 -10.64 -0.43223 0.78613 -0.42018 0.13649 2 105.163 -5.377 -9.999 -0.38896 0.45858 -0.39772 -0.69299 3 
106.975 -21.563 -6.78 0.35685 0.88677 -0.1498 -0.2527 1 129.01 14.11 -10.623 -0.4347 0.78443 -0.42031 0.13798 2 105.369 -5.386 -10.014 -0.38794 0.46186 -0.39888 -0.69071 3 
107.139 -21.508 -6.793 0.35967 0.88595 -0.15269 -0.24984 1 128.873 14.142 -10.651 -0.43838 0.78199 -0.42041 0.1399 2 105.706 -5.363 -10.101 -0.38173 0.46327 -0.39999 -0.69258 3 
107.211 -21.449 -6.793 0.35893 0.887 -0.15118 -0.24808 1 128.769 14.19 -10.672 -0.4411 0.78012 -0.42057 0.1413 2 105.829 -5.294 -10.103 -0.38146 0.4658 -0.39966 -0.69123 3 
107.236 -21.466 -6.788 0.3552 0.88956 -0.14733 -0.24659 1 128.731 14.247 -10.656 -0.44157 0.7798 -0.42057 0.14159 2 105.756 -5.25 -9.994 -0.38548 0.46847 -0.40107 -0.68635 3 
107.255 -21.501 -6.806 0.3529 0.89175 -0.14495 -0.24338 1 128.699 14.378 -10.651 -0.44214 0.77942 -0.42078 0.14127 2 105.723 -5.26 -9.977 -0.3865 0.47119 -0.40305 -0.68274 3 
107.153 -21.571 -6.864 0.35032 0.89537 -0.13872 -0.23738 1 128.631 14.596 -10.672 -0.44258 0.77906 -0.42103 0.14113 2 105.648 -5.234 -9.933 -0.38709 0.47828 -0.40579 -0.67583 3 
106.865 -21.68 -6.85 0.34363 0.90142 -0.12268 -0.23306 1 128.562 14.805 -10.682 -0.44251 0.77912 -0.42151 0.13956 2 105.284 -5.123 -9.64 -0.39556 0.48971 -0.40501 -0.66309 3 
106.065 -21.843 -6.593 0.33066 0.90848 -0.08968 -0.23935 1 128.414 15.132 -10.735 -0.44161 0.77964 -0.422 0.13806 2 104.23 -4.893 -8.651 -0.42024 0.50423 -0.39231 -0.64439 3 
104.621 -22.083 -5.726 0.31484 0.91146 -0.04018 -0.26175 1 128.179 15.609 -10.677 -0.44211 0.7787 -0.42342 0.13741 2 102.626 -4.665 -6.65 -0.45836 0.52251 -0.35872 -0.62307 3 
102.669 -22.397 -4.287 0.29307 0.90604 0.03907 -0.30277 1 127.966 16.322 -10.713 -0.44109 0.77778 -0.42669 0.1358 2 100.513 -4.632 -3.297 -0.51929 0.54293 -0.2973 -0.58922 3 
100.278 -23.23 -2.511 0.2617 0.8824 0.1777 -0.34831 1 127.731 17.169 -10.771 -0.43847 0.77707 -0.43125 0.13387 2 98.22 -6.195 1.654 -0.5997 0.5822 -0.19445 -0.51341 3 
97.275 -24.847 -0.863 0.22588 0.81739 0.36777 -0.38157 1 127.395 18.283 -10.842 -0.4364 0.77573 -0.43586 0.13351 2 96.117 -11.539 7.283 -0.66272 0.63986 -0.03336 -0.38764 3 
94.124 -25.792 0.276 0.20749 0.75194 0.48683 -0.39311 1 127.181 19.265 -10.877 -0.43285 0.77271 -0.4431 0.13861 2 93.819 -16.679 10.462 -0.6713 0.67458 0.08872 -0.29397 3 
90.553 -25.437 1.186 0.21098 0.71997 0.52685 -0.39946 1 126.86 19.785 -10.928 -0.4293 0.76821 -0.45025 0.15108 2 91.304 -17.84 12 -0.65878 0.68344 0.1405 -0.2814 3 
86.075 -24.633 1.872 0.2223 0.71538 0.53422 -0.3917 1 126.55 19.622 -10.875 -0.42635 0.76182 -0.45695 0.17044 2 87.556 -17.108 12.767 -0.63834 0.69383 0.15272 -0.29631 3 
80.685 -24.301 1.987 0.21869 0.70241 0.5594 -0.38191 1 126.633 18.719 -10.765 -0.40388 0.76451 -0.46572 0.18845 2 82.189 -17.894 13.225 -0.62537 0.70745 0.17639 -0.27805 3 
74.67 -24.468 1.386 0.21219 0.67881 0.59763 -0.37018 1 126.937 17.195 -10.64 -0.36455 0.77725 -0.47362 0.19663 2 76.399 -19.937 12.945 -0.60968 0.71854 0.22065 -0.25161 3 
68.861 -24.451 0.438 0.19667 0.67114 0.61684 -0.36111 1 127.393 15.07 -10.286 -0.31 0.79728 -0.47317 0.21061 2 70.202 -21.008 12.176 -0.60851 0.72104 0.23908 -0.22947 3 
63.65 -24.286 -0.54 0.1838 0.68351 0.61628 -0.3453 1 127.859 12.631 -9.962 -0.25864 0.81171 -0.47541 0.21959 2 64.279 -20.693 11.214 -0.61002 0.72601 0.22654 -0.22239 3 
59.016 -24.074 -1.785 0.16062 0.68652 0.63061 -0.32438 1 128.322 10.326 -9.448 -0.20984 0.82304 -0.47614 0.22773 2 58.59 -20.979 9.999 -0.61278 0.73212 0.22385 -0.19596 3 
55.637 -23.692 -2.791 0.1401 0.6834 0.65047 -0.30037 1 128.461 8.378 -9.118 -0.17354 0.83249 -0.47403 0.22832 2 53.959 -21.459 9.036 -0.6117 0.74184 0.22622 -0.15595 3 
53.459 -23.078 -3.355 0.13137 0.68381 0.65693 -0.28912 1 128.273 6.94 -8.819 -0.15204 0.83674 -0.47284 0.2306 2 51.259 -21.151 8.481 -0.61172 0.74471 0.22663 -0.14085 3 
52.113 -22.299 -3.662 0.12694 0.69145 0.65669 -0.27303 1 127.959 6.026 -8.751 -0.13983 0.83837 -0.47265 0.2328 2 49.23 -20.214 8.142 -0.61008 0.75171 0.21417 -0.12986 3 
51.458 -21.423 -3.809 0.13319 0.70394 0.6432 -0.27024 1 127.565 5.678 -8.677 -0.13619 0.83855 -0.472 0.23561 2 48.303 -18.46 8.031 -0.6098 0.75658 0.18957 -0.14066 3 
51.252 -21.189 -3.799 0.13101 0.70573 0.64206 -0.26933 1 127.436 5.557 -8.662 -0.13465 0.83788 -0.4722 0.23843 2 48.009 -18.384 8.06 -0.61193 0.75512 0.19152 -0.13661 3 
51.383 -21.26 -3.855 0.13289 0.71567 0.63747 -0.25258 1 127.245 5.874 -8.697 -0.14423 0.83806 -0.46821 0.24008 2 47.959 -18.532 8.048 -0.61163 0.75533 0.1935 -0.13397 3 
54.455 -21.925 -3.54 0.18881 0.696 0.65075 -0.23762 1 126.988 6.565 -8.656 -0.16819 0.83864 -0.45518 0.24739 2 47.968 -18.569 8.051 -0.61174 0.7553 0.19329 -0.13397 3 
65.404 -23.772 -2.623 0.3319 0.60721 0.67168 -0.26454 1 127.072 7.668 -8.591 -0.18682 0.83863 -0.44278 0.2564 2 47.972 -18.611 8.049 -0.61181 0.75526 0.19336 -0.13373 3 
79.923 -27.048 -2.675 0.41454 0.59295 0.64386 -0.24901 1 126.835 9.102 -8.781 -0.20768 0.83428 -0.44051 0.25845 2 47.969 -18.611 8.048 -0.61178 0.75528 0.19339 -0.13371 3 
92.616 -29.008 -3.29 0.42188 0.65183 0.6207 -0.10895 1 126.124 11.113 -9.089 -0.24517 0.82492 -0.43221 0.26943 2 47.964 -18.617 8.053 -0.61175 0.75532 0.19333 -0.13372 3 
101.438 -27.602 -4.087 0.39005 0.66966 0.59767 0.20545 1 125.39 13.658 -9.387 -0.28385 0.81346 -0.4271 0.27442 2 47.966 -18.615 8.049 -0.61177 0.75529 0.1934 -0.13366 3 
108.255 -24.609 -6.06 0.25788 0.66527 0.5005 0.49032 1 124.852 17.424 -9.698 -0.32576 0.79896 -0.42472 0.27414 2 47.972 -18.606 8.049 -0.6118 0.75526 0.19331 -0.13382 3 
114.495 -18.715 -9.288 0.14883 0.57579 0.39593 0.69968 1 125.16 22.533 -10.085 -0.35266 0.79025 -0.41695 0.278 2 47.968 -18.615 8.051 -0.61178 0.75529 0.19335 -0.13371 3 
114.754 -12.604 -9.486 0.17882 0.53948 0.31753 0.75905 1 125.731 28.108 -9.772 -0.37784 0.78676 -0.40158 0.27745 2 47.967 -18.614 8.048 -0.61176 0.7553 0.19338 -0.13372 3 
109.845 -6.281 -7.907 0.26778 0.56418 0.39081 0.67621 1 126.082 35.727 -9.285 -0.31566 0.81636 -0.37247 0.30852 2 47.968 -18.611 8.049 -0.61176 0.7553 0.19333 -0.13379 3 
107.235 5.678 -8.988 0.28509 0.50517 0.66459 0.47101 1 126.721 44.536 -9.375 -0.07939 0.85523 -0.44394 0.25532 2 47.969 -18.616 8.049 -0.61179 0.75528 0.19338 -0.13368 3 
108.297 18.55 -11.432 0.2793 0.31907 0.74376 0.51672 1 123.409 48.669 -9.572 0.05152 0.85503 -0.48448 0.17765 2 47.97 -18.61 8.049 -0.61179 0.75527 0.19333 -0.13378 3 
107.479 27.945 -12.681 0.24835 0.34088 0.77171 0.47601 1 118.229 50.942 -9.762 0.13548 0.82686 -0.53435 0.11148 2 47.966 -18.615 8.048 -0.61175 0.7553 0.19338 -0.13373 3 
101.047 32.457 -12.407 0.27966 0.5322 0.69284 0.39817 1 112.239 53.127 -10.165 0.1954 0.76095 -0.61105 0.0969 2 47.968 -18.616 8.05 -0.61178 0.75529 0.19336 -0.1337 3 
92.436 35.207 -11.82 0.31205 0.72484 0.51256 0.33839 1 106.123 54.689 -10.524 0.18939 0.72227 -0.65518 0.11482 2 47.969 -18.612 8.049 -0.61178 0.75528 0.19335 -0.13377 3 
85.787 37.894 -12.583 0.32412 0.78454 0.35133 0.39499 1 100.963 56.455 -10.79 0.19102 0.70388 -0.66342 0.16712 2 47.967 -18.614 8.048 -0.61177 0.75529 0.19339 -0.13371 3 
82.822 40.144 -13.417 0.32825 0.79373 0.27761 0.43033 1 97.674 58.369 -11.509 0.21117 0.70315 -0.65217 0.18885 2 47.969 -18.614 8.049 -0.61179 0.75528 0.19335 -0.13375 3 
82.062 41.1 -14.385 0.32907 0.78191 0.22865 0.47755 1 96.198 59.656 -11.999 0.22948 0.70586 -0.63666 0.2092 2 47.966 -18.615 8.049 -0.61176 0.7553 0.19337 -0.13371 3 
81.999 41.418 -14.399 0.3277 0.78064 0.21952 0.48479 1 94.51 60.747 -13.176 0.22341 0.70187 -0.63845 0.22325 2 47.969 -18.612 8.048 -0.61179 0.75528 0.19335 -0.13376 3 
81.748 41.567 -14.465 0.32314 0.78179 0.22133 0.48518 1 93.161 61.413 -13.526 0.22157 0.70409 -0.63898 0.21649 2 47.969 -18.616 8.049 -0.61177 0.75529 0.19336 -0.13374 3 
