131.284 -21.523 -14.499 0.20506 0.67596 0.70464 0.06721 1 126.402 12.873 -9.737 -0.18679 0.66548 -0.67143 0.26727 2 41.969 10.636 9.519 -0.1587 0.95449 -0.01292 -0.25219 3 
130.782 -22.138 -14.585 0.21366 0.67451 0.70283 0.07363 1 126.533 12.633 -9.819 -0.18134 0.66684 -0.67462 0.25948 2 41.968 10.636 9.519 -0.15871 0.95449 -0.01292 -0.25219 3 
130.358 -22.609 -14.594 0.21978 0.6724 0.70241 0.0787 1 126.671 12.373 -9.848 -0.17705 0.66967 -0.67564 0.25238 2 41.968 10.637 9.519 -0.15871 0.95449 -0.01293 -0.25219 3 
130.043 -23.096 -14.627 0.2235 0.67073 0.70235 0.0829 1 126.798 12.059 -9.795 -0.17328 0.67279 -0.67547 0.2471 2 41.968 10.636 9.519 -0.1587 0.95448 -0.01293 -0.2522 3 
129.805 -23.676 -14.715 0.22737 0.66944 0.70217 0.0843 1 126.85 11.639 -9.862 -0.17137 0.67498 -0.67572 0.24176 2 41.969 10.636 9.519 -0.1587 0.95449 -0.01292 -0.25219 3 
129.75 -24.282 -14.777 0.22962 0.66889 0.70185 0.08526 1 126.806 11.164 -9.814 -0.17495 0.67553 -0.67408 0.2422 2 41.969 10.636 9.519 -0.1587 0.95449 -0.01293 -0.25219 3 
129.853 -24.855 -14.835 0.22581 0.66851 0.70338 0.08578 1 125.885 11.798 -9.633 -0.16232 0.69644 -0.67298 0.18902 2 41.969 10.636 9.519 -0.1587 0.95449 -0.01292 -0.25219 3 
129.963 -25.254 -14.89 0.22312 0.66738 0.70514 0.08719 1 120.815 13.655 -9.244 -0.12929 0.71862 -0.68184 0.04433 2 41.969 10.636 9.519 -0.1587 0.95449 -0.01292 -0.2522 3 
129.9 -25.287 -14.994 0.22101 0.66249 0.70955 0.09386 1 111.777 15.616 -7.408 -0.17347 0.74224 -0.6387 -0.10518 2 41.969 10.636 9.519 -0.1587 0.95449 -0.01293 -0.2522 3 
129.619 -25.084 -14.967 0.222 0.65996 0.71011 0.10442 1 102.137 16.581 -4.534 -0.21076 0.75431 -0.5895 -0.1977 2 41.968 10.636 9.52 -0.1587 0.95449 -0.01293 -0.25219 3 
129.555 -23.831 -14.955 0.20004 0.65967 0.71792 0.09699 1 92.346 16.918 -1.907 -0.19323 0.7859 -0.54321 -0.22348 2 41.969 10.636 9.519 -0.1587 0.95448 -0.01293 -0.25221 3 
129.366 -21.663 -14.761 0.16592 0.66301 0.72556 0.08031 1 82.531 16.739 -0.675 -0.15095 0.80697 -0.53596 -0.19688 2 41.968 10.636 9.519 -0.1587 0.95448 -0.01293 -0.2522 3 
129.118 -19.065 -14.381 0.12086 0.67018 0.72959 0.06285 1 73.083 16.206 -0.54 -0.1065 0.81924 -0.53639 -0.17261 2 41.968 10.636 9.52 -0.1587 0.95448 -0.01293 -0.2522 3 
128.813 -16.288 -13.836 0.06576 0.6741 0.73375 0.05363 1 64.945 15.485 -0.857 -0.06463 0.82946 -0.53345 -0.15247 2 41.969 10.636 9.518 -0.1587 0.95448 -0.01293 -0.25222 3 
128.634 -13.41 -13.277 0.00848 0.67537 0.73599 0.04616 1 57.857 14.732 -1.395 -0.03613 0.83426 -0.53433 -0.13112 2 41.969 10.636 9.519 -0.15869 0.95448 -0.01293 -0.25222 3 
128.367 -11.005 -12.68 -0.03996 0.67374 0.73671 0.04164 1 52.456 14.372 -1.922 -0.00514 0.83742 -0.53328 -0.11964 2 41.969 10.636 9.518 -0.1587 0.95448 -0.01294 -0.25223 3 
127.943 -9.429 -12.273 -0.07252 0.67188 0.73629 0.03438 1 48.701 14.131 -2.374 0.0008 0.83353 -0.54011 -0.11623 2 41.966 10.636 9.518 -0.15871 0.9545 -0.01292 -0.25215 3 
127.557 -8.27 -11.903 -0.09884 0.67002 0.73519 0.02826 1 46.186 14.005 -2.684 -0.00113 0.81819 -0.56223 -0.12024 2 41.967 10.636 9.518 -0.15862 0.95461 -0.01283 -0.25176 3 
127.253 -7.63 -11.687 -0.11287 0.66889 0.73427 0.02637 1 44.809 13.726 -2.91 -0.02195 0.80392 -0.57692 -0.14282 2 41.828 10.477 9.561 -0.15881 0.95527 -0.01004 -0.24928 3 
127.202 -7.205 -11.57 -0.1203 0.6689 0.73333 0.01803 1 44.375 13.829 -2.927 -0.03418 0.79215 -0.58634 -0.16593 2 41.653 10.463 9.588 -0.16478 0.95385 -0.01044 -0.25084 3 
127.314 -7.109 -11.503 -0.12013 0.66826 0.73412 0.00751 1 45.076 13.978 -2.749 -0.03124 0.78931 -0.57989 -0.19934 2 42.623 10.781 9.422 -0.15262 0.95365 -0.01655 -0.2588 3 
127.716 -7.044 -11.645 -0.12039 0.66648 0.73574 -0.00162 1 48.124 14.339 -2.48 -0.06055 0.78226 -0.56825 -0.24799 2 46.605 11.348 9.678 -0.16413 0.94792 -0.02083 -0.27217 3 
127.664 -7.973 -11.983 -0.09702 0.66718 0.73852 0.00623 1 53.95 14.57 -1.973 -0.14456 0.77809 -0.54016 -0.28618 2 55.636 10.336 9.641 -0.20029 0.92291 0.03066 -0.32737 3 
127.326 -9.718 -12.47 -0.05491 0.66949 0.74047 0.02151 1 61.7 13.967 -1.594 -0.23152 0.80767 -0.43803 -0.31969 2 65.736 5.536 8.282 -0.231 0.89544 0.17148 -0.33973 3 
127.361 -11.527 -12.963 -0.01136 0.67259 0.73936 0.02879 1 69.899 12.688 -1.93 -0.3013 0.8386 -0.29433 -0.34544 2 75.451 -0.073 4.982 -0.24159 0.84784 0.33333 -0.33421 3 
127.791 -13.182 -13.295 0.0299 0.67602 0.73571 0.02887 1 77.57 11.515 -2.903 -0.36511 0.84216 -0.17129 -0.35793 2 84.689 -3.286 1.257 -0.2604 0.78731 0.44185 -0.3422 3 
128.333 -15.078 -13.665 0.07142 0.6803 0.72898 0.0261 1 84.011 10.492 -4.135 -0.40783 0.83401 -0.09028 -0.3605 2 92.143 -4.883 -1.772 -0.27648 0.74259 0.49953 -0.35012 3 
129.053 -16.464 -13.921 0.09775 0.6849 0.72187 0.01615 1 89.179 9.702 -5.221 -0.44031 0.82467 -0.02331 -0.35428 2 97.969 -5.993 -4.443 -0.28884 0.69948 0.55115 -0.35147 3 
129.491 -17.578 -14.141 0.12047 0.68781 0.71578 0.00756 1 92.716 9.201 -6.033 -0.45943 0.81736 0.0425 -0.34502 2 101.738 -6.669 -6.766 -0.29306 0.65471 0.60308 -0.34896 3 
129.925 -18.466 -14.185 0.13753 0.68944 0.71114 0.00637 1 95.048 8.88 -6.607 -0.47015 0.80478 0.10162 -0.3478 2 104.114 -6.842 -8.594 -0.28923 0.61191 0.64393 -0.35675 3 
130.339 -19.015 -14.258 0.14646 0.68991 0.7089 0.00554 1 96.351 8.777 -6.84 -0.46621 0.79028 0.15465 -0.36632 2 104.893 -6.85 -9.954 -0.26132 0.56781 0.68435 -0.37545 3 
130.727 -19.311 -14.342 0.14727 0.68846 0.71016 -0.00257 1 97.022 8.73 -6.791 -0.4693 0.77137 0.19661 -0.38223 2 105.17 -6.637 -10.756 -0.24294 0.52771 0.71324 -0.39216 3 
130.994 -19.584 -14.505 0.15268 0.68833 0.70909 -0.00901 1 97.347 8.692 -6.637 -0.46894 0.77421 0.19028 -0.38012 2 105.686 -6.673 -10.394 -0.24748 0.53423 0.70614 -0.39335 3 
131.125 -19.757 -14.517 0.15537 0.68763 0.70915 -0.01179 1 97.495 8.521 -6.576 -0.4646 0.77529 0.19481 -0.38093 2 105.578 -6.919 -10.41 -0.24175 0.53276 0.71052 -0.39101 3 
131.065 -20.004 -14.567 0.15796 0.6863 0.70985 -0.01274 1 97.398 8.478 -6.479 -0.46418 0.77376 0.20243 -0.38061 2 105.417 -6.904 -10.422 -0.2424 0.52847 0.71414 -0.38984 3 
130.829 -20.26 -14.617 0.16111 0.68535 0.71005 -0.01282 1 97.289 8.485 -6.367 -0.46163 0.77456 0.20307 -0.38173 2 105.26 -6.913 -10.271 -0.24068 0.52973 0.7134 -0.39054 3 
130.504 -20.443 -14.631 0.16365 0.68416 0.71064 -0.01155 1 97.19 8.428 -6.302 -0.45849 0.77176 0.21606 -0.38404 2 104.86 -6.961 -10.421 -0.235 0.52011 0.72313 -0.38903 3 
130.176 -20.725 -14.635 0.16872 0.68383 0.70983 -0.00748 1 97.226 8.405 -6.276 -0.46028 0.76759 0.22356 -0.38597 2 104.885 -6.838 -10.525 -0.23433 0.51245 0.72674 -0.39286 3 
130.039 -20.796 -14.65 0.1708 0.68313 0.71001 -0.00749 1 97.261 8.389 -6.224 -0.46072 0.76775 0.22185 -0.38612 2 105.009 -6.825 -10.447 -0.23637 0.51356 0.72464 -0.39405 3 
129.983 -20.799 -14.673 0.1698 0.68284 0.71049 -0.00991 1 97.216 8.334 -6.239 -0.45907 0.76828 0.22166 -0.38713 2 104.865 -6.989 -10.434 -0.23377 0.51544 0.72521 -0.3921 3 
130.051 -20.723 -14.651 0.16752 0.68303 0.71081 -0.01194 1 97.134 8.32 -6.25 -0.4596 0.76871 0.22087 -0.38609 2 104.845 -6.989 -10.412 -0.236 0.51636 0.72382 -0.39211 3 
130.096 -20.676 -14.713 0.16596 0.68342 0.71081 -0.01221 1 96.982 8.352 -6.249 -0.46033 0.76842 0.22261 -0.3848 2 104.747 -6.883 -10.45 -0.23815 0.51452 0.72421 -0.39252 3 
130.189 -20.658 -14.667 0.16463 0.68421 0.71038 -0.01095 1 96.92 8.404 -6.245 -0.45927 0.76875 0.22291 -0.38523 2 104.6 -6.862 -10.439 -0.236 0.51511 0.72513 -0.39135 3 
130.272 -20.572 -14.631 0.16242 0.68437 0.71069 -0.0131 1 96.897 8.487 -6.244 -0.46026 0.76849 0.22329 -0.38437 2 104.626 -6.764 -10.448 -0.23772 0.51452 0.72485 -0.39161 3 
130.256 -20.495 -14.651 0.16205 0.68409 0.71104 -0.01356 1 96.859 8.514 -6.255 -0.46189 0.76786 0.22582 -0.38216 2 104.633 -6.624 -10.518 -0.24074 0.51184 0.72608 -0.39098 3 
130.219 -20.467 -14.643 0.16265 0.68376 0.71125 -0.0114 1 96.821 8.577 -6.314 -0.46208 0.7692 0.22628 -0.37896 2 104.613 -6.552 -10.567 -0.24304 0.51261 0.72654 -0.38768 3 
130.216 -20.337 -14.62 0.16135 0.68376 0.71156 -0.01081 1 96.768 8.647 -6.364 -0.46295 0.77174 0.22326 -0.37449 2 104.628 -6.497 -10.571 -0.24743 0.51569 0.72497 -0.38375 3 
130.194 -20.149 -14.647 0.15716 0.68347 0.71277 -0.01169 1 96.587 8.546 -6.343 -0.46564 0.78621 0.19047 -0.35886 2 104.961 -6.796 -10.067 -0.26347 0.53924 0.70719 -0.37374 3 
130.206 -19.895 -14.609 0.15106 0.68367 0.71392 -0.00979 1 95.62 8.137 -5.991 -0.46063 0.8237 0.08116 -0.32055 2 104.803 -7.633 -7.615 -0.30009 0.62145 0.63542 -0.34639 3 
130.133 -19.539 -14.59 0.14089 0.68289 0.71673 -0.01044 1 93.027 7.674 -5.255 -0.43468 0.8554 -0.09168 -0.26633 2 101.712 -7.477 -3.195 -0.34659 0.7338 0.49981 -0.30265 3 
130.14 -18.707 -14.582 0.12274 0.68068 0.722 -0.01775 1 88.138 7.384 -4.458 -0.37059 0.85882 -0.29152 -0.20029 2 93.666 -5.347 1.565 -0.37295 0.8336 0.32852 -0.24102 3 
130.253 -17.513 -14.503 0.09455 0.67662 0.7297 -0.02789 1 82.265 6.599 -3.82 -0.31079 0.8279 -0.44327 -0.14663 2 84.587 -2.987 4.641 -0.38612 0.88077 0.18517 -0.20216 3 
130.518 -15.945 -14.39 0.05884 0.67167 0.73757 -0.03731 1 76.221 4.815 -3.064 -0.28252 0.79868 -0.51332 -0.13706 2 77.453 -2.75 6.594 -0.38222 0.89324 0.1133 -0.20785 3 
130.902 -14.089 -14.15 0.02029 0.6677 0.74274 -0.04585 1 70.601 2.336 -2.169 -0.28024 0.78905 -0.52371 -0.15679 2 72.375 -4.955 8.096 -0.36881 0.89304 0.11001 -0.23314 3 
131.447 -12.091 -13.9 -0.02591 0.66246 0.74622 -0.06022 1 65.055 -0.493 -1.473 -0.28421 0.78397 -0.52175 -0.18001 2 67.724 -7.757 9.326 -0.35512 0.88943 0.11499 -0.26377 3 
131.967 -10.105 -13.584 -0.07225 0.65676 0.74691 -0.07468 1 59.94 -3.25 -1.35 -0.27606 0.78431 -0.52394 -0.18478 2 62.727 -10.437 9.898 -0.34185 0.89104 0.11278 -0.27651 3 
132.473 -8.13 -13.118 -0.11749 0.65021 0.74493 -0.09225 1 55.758 -5.608 -1.753 -0.2579 0.79156 -0.52507 -0.1767 2 57.9 -12.899 9.74 -0.32989 0.89818 0.11188 -0.2682 3 
132.6 -6.528 -12.772 -0.15518 0.64164 0.74265 -0.11261 1 52.695 -7.492 -2.171 -0.2486 0.80568 -0.51263 -0.16211 2 54.127 -15.482 9.299 -0.3279 0.90289 0.12696 -0.2473 3 
132.528 -5.537 -12.444 -0.17909 0.63695 0.73979 -0.12221 1 50.759 -8.93 -2.561 -0.23366 0.82539 -0.49146 -0.15034 2 51.325 -18.12 8.637 -0.3161 0.90922 0.15823 -0.21994 3 
132.584 -4.669 -12.143 -0.20091 0.63383 0.73566 -0.1292 1 49.339 -9.558 -3.101 -0.22231 0.83557 -0.48223 -0.1409 2 49.241 -19.241 7.925 -0.31138 0.91299 0.17026 -0.20127 3 
132.836 -4.193 -11.811 -0.22266 0.63127 0.73125 -0.13113 1 48.292 -9.601 -3.215 -0.20371 0.82914 -0.50092 -0.14184 2 47.595 -18.425 8.172 -0.29928 0.9216 0.14438 -0.2006 3 
132.997 -4.337 -11.619 -0.23189 0.63194 0.72833 -0.12811 1 47.843 -9.699 -3.224 -0.19394 0.82972 -0.50325 -0.14384 2 46.698 -18.518 8.296 -0.29255 0.926 0.14307 -0.19096 3 
132.99 -4.982 -11.63 -0.22812 0.63328 0.72928 -0.12278 1 47.819 -9.625 -3.194 -0.19282 0.83637 -0.49624 -0.13057 2 46.675 -18.429 8.29 -0.29395 0.92559 0.1413 -0.19214 3 
132.9 -5.919 -11.722 -0.21137 0.63711 0.73291 -0.11075 1 48.102 -9.504 -3.066 -0.18348 0.8482 -0.48598 -0.10354 2 46.784 -18.357 8.27 -0.29429 0.9252 0.14068 -0.19395 3 
133.141 -6.537 -11.976 -0.19994 0.63728 0.73628 -0.10863 1 48.782 -8.392 -2.881 -0.17506 0.85721 -0.4783 -0.07594 2 46.679 -18.418 8.278 -0.29401 0.92551 0.14135 -0.19237 3 
133.503 -7.091 -12.301 -0.1857 0.63777 0.73956 -0.10871 1 51.107 -6.128 -2.445 -0.18562 0.83639 -0.50921 -0.08191 2 46.648 -18.445 8.291 -0.2941 0.92556 0.1415 -0.19191 3 
133.873 -8.084 -12.607 -0.16072 0.6417 0.74235 -0.10637 1 55.831 -3.397 -1.896 -0.23818 0.80536 -0.53492 -0.09228 2 46.64 -18.446 8.299 -0.29412 0.92561 0.14157 -0.19153 3 
134.314 -9.236 -13.222 -0.13552 0.64298 0.7466 -0.10392 1 61.572 -0.389 -1.956 -0.29208 0.7675 -0.56962 -0.03419 2 46.665 -18.429 8.291 -0.29415 0.92552 0.14137 -0.19211 3 
134.42 -10.965 -13.814 -0.09374 0.64515 0.75371 -0.08321 1 68.55 3.17 -2.058 -0.32507 0.7379 -0.59146 -0.00349 2 46.651 -18.441 8.293 -0.29414 0.92556 0.14145 -0.19187 3 
134.477 -12.912 -14.284 -0.04489 0.652 0.75467 -0.05801 1 77.623 7.593 -1.511 -0.38145 0.74135 -0.55119 -0.03299 2 46.651 -18.441 8.292 -0.29408 0.92558 0.14144 -0.19188 3 
134.561 -15.077 -14.615 -0.00155 0.66028 0.74987 -0.04156 1 87.553 11.274 -1.172 -0.44464 0.82428 -0.35018 0.01509 2 46.658 -18.434 8.29 -0.29412 0.92553 0.14144 -0.19203 3 
134.18 -16.979 -14.953 0.03609 0.66397 0.74622 -0.03145 1 97.315 14.061 -2.549 -0.40926 0.86088 -0.26367 0.14792 2 46.654 -18.44 8.294 -0.29414 0.92556 0.14143 -0.1919 3 
133.497 -18.928 -15.125 0.07412 0.66734 0.74093 -0.01376 1 107.47 14.799 -4.904 -0.38911 0.86489 -0.07366 0.30844 2 46.654 -18.439 8.293 -0.29413 0.92555 0.14142 -0.19193 3 
132.748 -20.394 -15.249 0.10404 0.66645 0.73822 0.00635 1 117.327 12.694 -6.857 -0.45133 0.80249 0.00564 0.39023 2 46.652 -18.436 8.292 -0.29413 0.92555 0.14143 -0.19196 3 
132.36 -21.23 -15.303 0.12678 0.6648 0.7356 0.02932 1 123.207 8.944 -7.839 -0.48183 0.78551 -0.1517 0.35748 2 46.655 -18.438 8.293 -0.29415 0.92555 0.1414 -0.19193 3 
132.283 -21.657 -15.377 0.13413 0.66196 0.73619 0.0429 1 124.333 8.511 -8.702 -0.46265 0.78249 -0.28362 0.30533 2 46.655 -18.438 8.292 -0.29415 0.92554 0.14141 -0.19198 3 
132.435 -21.778 -15.4 0.13917 0.66092 0.73513 0.05833 1 125.126 8.617 -8.593 -0.45805 0.78405 -0.28005 0.31149 2 46.652 -18.437 8.292 -0.29412 0.92555 0.14143 -0.19195 3 
132.489 -21.762 -15.374 0.15039 0.6574 0.73456 0.07497 1 126.009 9.047 -8.617 -0.45352 0.78235 -0.29094 0.31241 2 46.655 -18.439 8.293 -0.29414 0.92555 0.14141 -0.19195 3 
131.463 -22.778 -15.244 0.19105 0.64811 0.72577 0.12923 1 126.375 10.558 -8.286 -0.45549 0.78899 -0.25664 0.32274 2 46.654 -18.438 8.292 -0.29415 0.92554 0.14141 -0.19197 3 
131.053 -22.675 -15.222 0.10741 0.66079 0.73785 0.08603 1 125.209 15.274 -7.897 -0.37808 0.84288 -0.25489 0.28571 2 46.655 -18.436 8.291 -0.29414 0.92554 0.14143 -0.19198 3 
126.752 -21.545 -14.221 0.14284 0.63945 0.74749 0.10932 1 123.746 22.903 -8.031 -0.16385 0.91451 -0.34796 0.12549 2 46.656 -18.438 8.292 -0.29415 0.92554 0.1414 -0.19199 3 
119.224 -15.85 -12.59 0.26928 0.53785 0.77899 0.17714 1 122.219 28.91 -8.496 0.07424 0.8886 -0.45233 -0.01683 2 46.653 -18.438 8.293 -0.29414 0.92555 0.14141 -0.19196 3 
112.289 -7.465 -10.312 0.40429 0.51343 0.72157 0.22865 1 119.277 33.226 -8.711 0.17169 0.83751 -0.51414 -0.06904 2 46.656 -18.435 8.292 -0.29414 0.92554 0.1414 -0.192 3 
107.574 2.837 -7.964 0.49362 0.56334 0.61658 0.24252 1 115.151 37.607 -8.782 0.18581 0.80594 -0.55789 -0.06846 2 46.653 -18.439 8.293 -0.29414 0.92554 0.14141 -0.19197 3 
102.654 11.71 -6.598 0.54725 0.68921 0.43765 0.1843 1 110.699 41.868 -9.042 0.20852 0.79037 -0.57583 -0.01592 2 46.655 -18.437 8.292 -0.29416 0.92554 0.14141 -0.19198 3 
95.097 21.442 -6.906 0.48529 0.78102 0.305 0.24794 1 106.717 46.781 -9.668 0.24727 0.73696 -0.62857 0.02537 2 46.654 -18.437 8.292 -0.29413 0.92554 0.1414 -0.192 3 
88.486 29.613 -7.829 0.44916 0.8101 0.20802 0.31422 1 103.289 50.694 -10.009 0.26805 0.7414 -0.60956 0.08306 2 46.654 -18.439 8.292 -0.29414 0.92554 0.14142 -0.19198 3 
84.727 35.782 -9.441 0.43027 0.80843 0.1254 0.38155 1 100.273 53.78 -10.582 0.27686 0.74798 -0.59066 0.12247 2 46.655 -18.438 8.292 -0.29413 0.92554 0.1414 -0.192 3 
82.928 39.153 -11.446 0.38855 0.80534 0.06854 0.44244 1 98.844 55.828 -11.033 0.28464 0.74535 -0.58753 0.13504 2 46.653 -18.438 8.292 -0.29413 0.92554 0.14141 -0.19199 3 
82.527 40.936 -12.528 0.39068 0.80448 0.04984 0.44462 1 97.915 57.17 -11.433 0.2793 0.74819 -0.58389 0.14587 2 46.655 -18.438 8.292 -0.29415 0.92553 0.1414 -0.19201 3 
82.427 42.103 -13.503 0.38418 0.80459 0.05173 0.44984 1 97.154 58.04 -11.639 0.27391 0.7504 -0.58174 0.15313 2 46.654 -18.437 8.292 -0.29416 0.92553 0.1414 -0.19202 3 
82.428 42.565 -14.158 0.37454 0.7999 0.05415 0.46578 1 96.485 58.633 -11.57 0.27149 0.75278 -0.57762 0.16113 2 46.654 -18.437 8.292 -0.29414 0.92554 0.1414 -0.192 3 
82.348 42.36 -14.336 0.3658 0.79581 0.07931 0.47602 1 95.467 59.461 -12.226 0.26213 0.75347 -0.57918 0.16769 2 46.655 -18.438 8.292 -0.29416 0.92553 0.1414 -0.19202 3 
81.739 42.319 -14.394 0.35869 0.78916 0.11357 0.48546 1 94.508 60.257 -12.497 0.23852 0.74319 -0.60356 0.16277 2 46.653 -18.438 8.292 -0.29414 0.92554 0.1414 -0.192 3 
