125.151 -18.001 -15.445 0.48508 -0.20128 0.5195 0.67402 1 121.039 13.04 -10.286 -0.43058 0.76906 -0.43268 0.18958 2 43.604 -7.33 9.366 -0.38595 0.88658 0.12921 -0.21983 3 
125.008 -18.025 -15.446 0.48618 -0.20512 0.52264 0.66963 1 120.777 12.863 -10.266 -0.42866 0.76884 -0.43398 0.19181 2 43.605 -7.329 9.365 -0.38595 0.88658 0.12918 -0.21985 3 
124.903 -18.07 -15.46 0.48668 -0.20777 0.52523 0.66641 1 120.571 12.794 -10.265 -0.42788 0.76813 -0.43473 0.19472 2 43.603 -7.331 9.366 -0.38595 0.88658 0.1292 -0.21982 3 
124.873 -18.059 -15.456 0.48621 -0.21351 0.52715 0.66342 1 120.427 12.723 -10.259 -0.42831 0.76693 -0.43518 0.19744 2 43.605 -7.329 9.365 -0.38596 0.88657 0.12919 -0.21985 3 
124.867 -17.997 -15.496 0.48725 -0.21742 0.52881 0.66005 1 120.335 12.697 -10.264 -0.42768 0.76685 -0.435 0.19953 2 43.604 -7.33 9.366 -0.38595 0.88658 0.1292 -0.21984 3 
124.767 -17.905 -15.524 0.48213 -0.22784 0.52834 0.66068 1 119.987 12.721 -9.964 -0.42429 0.76704 -0.40822 0.25491 2 43.604 -7.33 9.365 -0.38595 0.88658 0.12921 -0.21983 3 
124.439 -17.714 -15.48 0.46934 -0.24438 0.53264 0.66053 1 118.035 16.953 -8.793 -0.39295 0.81157 -0.32069 0.28999 2 43.604 -7.33 9.365 -0.38595 0.88658 0.1292 -0.21986 3 
124.265 -17.959 -15.503 0.47949 -0.23277 0.54574 0.64659 1 110.674 24.491 -7.233 -0.26329 0.91223 -0.27108 0.15824 2 43.603 -7.331 9.365 -0.38595 0.88658 0.12921 -0.21983 3 
123.774 -17.884 -15.501 0.47851 -0.23902 0.54628 0.64458 1 97.559 26.809 -5.554 -0.1648 0.92672 -0.33769 0.00209 2 43.604 -7.33 9.365 -0.38595 0.88658 0.12921 -0.21984 3 
123.375 -17.61 -15.405 0.47364 -0.24532 0.55092 0.64184 1 82.55 23.202 -3.886 -0.17554 0.86939 -0.45577 -0.07499 2 43.604 -7.33 9.365 -0.38595 0.88657 0.1292 -0.21985 3 
123.533 -17.107 -15.241 0.4707 -0.24747 0.56622 0.62975 1 68.662 15.973 -2.608 -0.21156 0.84275 -0.49182 -0.05598 2 43.603 -7.33 9.365 -0.38595 0.88657 0.12921 -0.21984 3 
124.155 -16.331 -15.096 0.46319 -0.2494 0.59149 0.61106 1 59.7 8.469 -1.488 -0.24462 0.82582 -0.50483 -0.05773 2 43.604 -7.33 9.365 -0.38595 0.88657 0.1292 -0.21986 3 
124.981 -15.611 -14.863 0.46082 -0.24331 0.62512 0.5811 1 53.679 3.18 -1.314 -0.20654 0.84362 -0.49317 -0.04923 2 43.603 -7.331 9.364 -0.38595 0.88657 0.12922 -0.21986 3 
125.464 -14.879 -14.706 0.4575 -0.24618 0.64731 0.55775 1 49.175 1.009 -1.932 -0.15552 0.86802 -0.46986 -0.03974 2 43.597 -7.335 9.365 -0.38594 0.88659 0.1293 -0.21975 3 
125.789 -14.313 -14.547 0.44955 -0.25379 0.66408 0.54082 1 46.378 0.196 -2.454 -0.14484 0.86204 -0.48313 -0.04999 2 43.679 -7.266 9.349 -0.38533 0.88677 0.12885 -0.22036 3 
125.765 -13.991 -14.515 0.44181 -0.26679 0.6714 0.53183 1 45.096 -0.182 -2.765 -0.16361 0.83746 -0.51732 -0.06539 2 43.652 -7.288 9.358 -0.3841 0.8875 0.12897 -0.2195 3 
125.614 -14.062 -14.447 0.43727 -0.2727 0.67161 0.53232 1 44.567 -0.025 -2.764 -0.15919 0.8292 -0.5289 -0.08571 2 43.552 -7.395 9.366 -0.38446 0.88769 0.13009 -0.2174 3 
125.454 -14.311 -14.356 0.43296 -0.27826 0.67008 0.53489 1 44.273 0.125 -2.613 -0.16821 0.83537 -0.51238 -0.10642 2 43.461 -7.403 9.393 -0.38474 0.88791 0.1298 -0.21622 3 
125.458 -14.557 -14.363 0.43481 -0.27738 0.66691 0.5378 1 44.323 0.101 -2.703 -0.1744 0.82426 -0.52251 -0.13103 2 43.741 -7.226 9.34 -0.38498 0.88683 0.12814 -0.22115 3 
125.837 -14.689 -14.252 0.43828 -0.27128 0.66928 0.53514 1 45.566 0.424 -2.924 -0.15757 0.79621 -0.55941 -0.16814 2 44.972 -5.73 9.282 -0.36263 0.89523 0.10244 -0.23784 3 
126.32 -14.567 -14.285 0.44205 -0.27544 0.67266 0.52561 1 49.087 1.806 -2.653 -0.1932 0.75652 -0.58903 -0.20828 2 50.216 -2.17 9.693 -0.3828 0.87552 0.04904 -0.29073 3 
125.858 -15.127 -14.359 0.45061 -0.26699 0.66173 0.53645 1 54.966 3.583 -1.71 -0.27457 0.73769 -0.56909 -0.23783 2 58.758 -0.65 10.186 -0.43331 0.83779 0.07283 -0.3241 3 
125.13 -15.841 -14.485 0.45809 -0.26136 0.64886 0.54847 1 62.241 5.099 -1.058 -0.34996 0.76665 -0.47204 -0.25875 2 68.157 -2.709 9.23 -0.47273 0.80572 0.19042 -0.3018 3 
124.563 -16.43 -14.722 0.46388 -0.26436 0.62425 0.57031 1 69.262 6.213 -1.797 -0.38583 0.80604 -0.36797 -0.25696 2 75.406 -4.96 6.273 -0.4778 0.78948 0.29789 -0.2443 3 
124.714 -16.62 -14.874 0.46153 -0.2716 0.60434 0.58991 1 75.591 7.204 -3.47 -0.40526 0.84037 -0.28124 -0.22459 2 81.551 -6.022 2.478 -0.47699 0.77056 0.37638 -0.1925 3 
125.528 -16.579 -15.005 0.45366 -0.28009 0.59104 0.60532 1 80.825 7.969 -5.008 -0.42567 0.86274 -0.1901 -0.19582 2 86.935 -6.711 -1.095 -0.4798 0.73937 0.44865 -0.14778 3 
126.477 -16.338 -15.174 0.44905 -0.292 0.58044 0.61334 1 85.141 8.348 -6.09 -0.45221 0.86716 -0.07988 -0.19276 2 92.206 -7.137 -4.4 -0.47349 0.68878 0.53253 -0.13347 3 
127.571 -16.226 -15.21 0.44508 -0.29302 0.57169 0.62387 1 89.355 8.754 -6.608 -0.47786 0.84786 0.03396 -0.22721 2 97.536 -6.932 -7.084 -0.44322 0.62808 0.61967 -0.15835 3 
128.25 -16.251 -15.268 0.44606 -0.29103 0.56543 0.62978 1 92.059 9.11 -6.442 -0.48535 0.82468 0.10241 -0.27174 2 100.526 -6.492 -8.114 -0.4039 0.58967 0.67128 -0.19633 3 
128.637 -16.439 -15.356 0.44734 -0.28672 0.5536 0.64125 1 93.417 9.355 -6.087 -0.47946 0.8008 0.16442 -0.31905 2 101.41 -6.169 -8.928 -0.35058 0.55176 0.71953 -0.2344 3 
128.793 -16.659 -15.413 0.44891 -0.28204 0.54545 0.64917 1 93.938 9.428 -5.722 -0.47746 0.76975 0.22472 -0.35921 2 101.195 -5.773 -9.738 -0.30143 0.5027 0.76444 -0.26845 3 
128.811 -16.817 -15.428 0.4519 -0.27886 0.54358 0.65004 1 94.488 9.148 -5.336 -0.48471 0.74702 0.24301 -0.38465 2 101.785 -5.811 -9.725 -0.28468 0.47988 0.77471 -0.29749 3 
128.813 -16.94 -15.471 0.45597 -0.27496 0.54153 0.65056 1 94.921 8.756 -5.076 -0.49476 0.73292 0.24338 -0.3985 2 102.611 -6.032 -9.517 -0.28293 0.47156 0.77153 -0.31988 3 
129.047 -16.889 -15.478 0.45823 -0.2712 0.54457 0.64801 1 95.078 8.573 -4.966 -0.50187 0.71996 0.25002 -0.40899 2 102.938 -6.038 -9.549 -0.27924 0.46027 0.77276 -0.33618 3 
129.178 -16.923 -15.471 0.46208 -0.26813 0.54736 0.64419 1 94.902 8.576 -4.855 -0.5042 0.71659 0.25373 -0.40976 2 102.838 -5.894 -9.486 -0.28078 0.45582 0.77358 -0.33906 3 
129.241 -16.88 -15.496 0.46344 -0.2665 0.54993 0.6417 1 94.683 8.692 -4.743 -0.50236 0.71483 0.25497 -0.4143 2 102.538 -5.812 -9.396 -0.27605 0.45542 0.77395 -0.34262 3 
129.177 -16.768 -15.478 0.46401 -0.26794 0.55034 0.64034 1 94.592 8.742 -4.641 -0.50215 0.71012 0.25824 -0.42058 2 102.387 -5.714 -9.337 -0.27083 0.45168 0.77474 -0.34989 3 
129.013 -16.732 -15.486 0.46365 -0.26924 0.55022 0.64016 1 94.544 8.778 -4.572 -0.50636 0.70438 0.2618 -0.42297 2 102.465 -5.547 -9.347 -0.27181 0.44547 0.77505 -0.35633 3 
128.798 -16.704 -15.463 0.46261 -0.27165 0.54959 0.64043 1 94.421 8.819 -4.569 -0.50615 0.70412 0.26367 -0.4225 2 102.349 -5.445 -9.372 -0.27262 0.44415 0.77548 -0.35643 3 
128.65 -16.703 -15.464 0.46175 -0.27271 0.54902 0.64109 1 94.369 8.877 -4.585 -0.50609 0.70643 0.26093 -0.42041 2 102.356 -5.422 -9.321 -0.27536 0.44773 0.77353 -0.35406 3 
128.539 -16.738 -15.447 0.46136 -0.27373 0.5488 0.64112 1 94.429 8.939 -4.627 -0.50965 0.70554 0.26011 -0.41811 2 102.575 -5.29 -9.393 -0.2797 0.44622 0.77241 -0.35502 3 
128.457 -16.706 -15.469 0.46013 -0.27539 0.54895 0.64117 1 94.425 8.971 -4.671 -0.51206 0.70427 0.26172 -0.41629 2 102.653 -5.169 -9.463 -0.28268 0.44357 0.77267 -0.35541 3 
128.45 -16.619 -15.447 0.45876 -0.27702 0.54953 0.64095 1 94.368 8.965 -4.719 -0.51177 0.70807 0.25713 -0.41305 2 102.64 -5.236 -9.419 -0.28581 0.44874 0.77042 -0.35127 3 
128.431 -16.59 -15.466 0.45888 -0.27673 0.55071 0.63998 1 94.33 8.922 -4.793 -0.51281 0.7202 0.23817 -0.40201 2 102.929 -5.452 -9.178 -0.29854 0.46434 0.76019 -0.3426 3 
128.415 -16.547 -15.443 0.45938 -0.27577 0.55367 0.63748 1 94.295 8.689 -4.938 -0.51741 0.745 0.18974 -0.37585 2 103.732 -5.934 -8.469 -0.33157 0.50008 0.73083 -0.32538 3 
128.327 -16.519 -15.453 0.45941 -0.27613 0.55761 0.63385 1 94.052 8.216 -5.012 -0.51959 0.78693 0.07734 -0.32371 2 104.516 -6.705 -6.441 -0.39241 0.57438 0.65603 -0.29278 3 
128.131 -16.475 -15.416 0.45872 -0.27832 0.56145 0.62998 1 92.727 7.663 -4.92 -0.49148 0.82968 -0.10002 -0.24511 2 102.482 -6.571 -2.696 -0.46574 0.67853 0.51398 -0.24187 3 
127.823 -16.449 -15.385 0.45738 -0.28217 0.56572 0.62541 1 89.366 7.491 -4.803 -0.41688 0.84291 -0.30289 -0.15485 2 95.012 -4.624 1.227 -0.51224 0.77502 0.32854 -0.17035 3 
127.623 -16.391 -15.347 0.45836 -0.28395 0.5746 0.61572 1 84.835 7.082 -4.626 -0.33779 0.81273 -0.46544 -0.0935 2 85.89 -1.892 3.754 -0.52502 0.82598 0.1624 -0.12548 3 
127.509 -16.395 -15.325 0.45991 -0.28516 0.58517 0.60394 1 79.783 5.919 -3.965 -0.29567 0.78159 -0.5427 -0.08477 2 79.006 -0.776 5.49 -0.51298 0.84432 0.07795 -0.1338 3 
127.431 -16.239 -15.252 0.46193 -0.28898 0.59774 0.58806 1 74.153 3.608 -2.809 -0.29439 0.77132 -0.55177 -0.11814 2 74.193 -2.57 7.328 -0.49268 0.8494 0.07701 -0.17281 3 
127.578 -15.976 -15.172 0.46013 -0.29496 0.61152 0.57212 1 68.525 0.348 -1.594 -0.31285 0.77578 -0.52329 -0.16265 2 70.576 -6.628 8.949 -0.46904 0.84642 0.12324 -0.21996 3 
128.084 -15.687 -15.004 0.46002 -0.29511 0.62954 0.55225 1 63.011 -2.918 -0.888 -0.31186 0.77939 -0.50762 -0.19395 2 66.026 -10.226 10.081 -0.44476 0.84733 0.14336 -0.25234 3 
128.999 -15.358 -14.883 0.45939 -0.29733 0.65269 0.52397 1 58.013 -5.646 -0.686 -0.28132 0.78534 -0.50938 -0.21126 2 60.524 -12.859 10.812 -0.41134 0.8625 0.13879 -0.26006 3 
129.96 -14.976 -14.77 0.45891 -0.30065 0.67423 0.4944 1 54.003 -7.677 -0.728 -0.25849 0.80342 -0.48847 -0.22157 2 55.843 -15.82 10.91 -0.38473 0.87448 0.16225 -0.24687 3 
130.57 -14.798 -14.696 0.4592 -0.30187 0.68953 0.47176 1 51.215 -8.846 -1.16 -0.23858 0.82868 -0.45616 -0.21976 2 52.296 -18.377 10.173 -0.36239 0.88218 0.20036 -0.22426 3 
130.634 -14.748 -14.698 0.45926 -0.30588 0.69535 0.46043 1 49.371 -9.178 -1.968 -0.21065 0.84089 -0.457 -0.19921 2 49.095 -18.871 9.242 -0.35189 0.89367 0.19902 -0.19474 3 
130.402 -14.834 -14.616 0.45635 -0.31223 0.69714 0.45635 1 48.305 -9.132 -2.678 -0.18304 0.83784 -0.4825 -0.1781 2 46.75 -17.829 8.705 -0.34901 0.90565 0.16382 -0.17653 3 
130.047 -14.997 -14.616 0.45315 -0.31532 0.69686 0.45784 1 47.83 -9.122 -2.973 -0.17698 0.83451 -0.49168 -0.17471 2 46.166 -17.441 8.492 -0.34867 0.90723 0.1533 -0.1785 3 
129.606 -15.261 -14.586 0.45094 -0.3203 0.69439 0.46032 1 47.625 -9.064 -3.093 -0.18317 0.83333 -0.49056 -0.17709 2 46.27 -17.27 8.427 -0.35359 0.90414 0.15111 -0.18621 3 
129.173 -15.469 -14.609 0.44869 -0.3232 0.68994 0.46712 1 47.597 -8.999 -3.109 -0.19349 0.83486 -0.48844 -0.16433 2 46.291 -17.245 8.418 -0.35361 0.90411 0.15091 -0.18648 3 
128.896 -15.687 -14.639 0.44959 -0.32093 0.68704 0.47207 1 47.828 -8.547 -2.957 -0.19955 0.84902 -0.47094 -0.13255 2 46.286 -17.245 8.419 -0.35376 0.90406 0.15091 -0.18642 3 
128.803 -15.768 -14.657 0.45063 -0.3198 0.68454 0.47545 1 48.561 -7.03 -2.75 -0.19706 0.86367 -0.44996 -0.11302 2 46.287 -17.248 8.423 -0.35398 0.90391 0.15067 -0.18694 3 
128.713 -15.907 -14.819 0.44969 -0.3205 0.67827 0.48477 1 49.966 -4.841 -2.544 -0.20423 0.86082 -0.45552 -0.09891 2 46.287 -17.243 8.422 -0.35419 0.90373 0.1505 -0.18757 3 
128.542 -15.957 -14.829 0.44641 -0.32269 0.66826 0.50002 1 52.404 -1.735 -2.287 -0.21004 0.83999 -0.49018 -0.10017 2 46.288 -17.24 8.419 -0.3544 0.90364 0.15058 -0.18748 3 
127.994 -16.045 -14.988 0.44081 -0.33099 0.64969 0.52348 1 55.634 1.245 -2.261 -0.24593 0.77246 -0.57988 -0.081 2 46.291 -17.244 8.42 -0.35444 0.90362 0.15051 -0.18761 3 
127.025 -16.276 -15.097 0.429 -0.34411 0.62341 0.5558 1 62.859 3.842 -2.045 -0.32312 0.67504 -0.64808 -0.14106 2 46.287 -17.243 8.42 -0.35445 0.90361 0.15051 -0.18762 3 
125.897 -16.177 -15.152 0.41572 -0.35772 0.59444 0.58809 1 73.099 7.564 -2.605 -0.38043 0.65071 -0.63267 -0.17768 2 46.29 -17.241 8.419 -0.35443 0.90361 0.15052 -0.18763 3 
124.695 -15.708 -15.136 0.39593 -0.37506 0.5626 0.62132 1 82.251 13.393 -4.468 -0.31359 0.73184 -0.59025 -0.13296 2 46.291 -17.244 8.421 -0.35447 0.9036 0.15048 -0.18764 3 
123.592 -14.824 -15.011 0.36269 -0.3957 0.53373 0.65346 1 91.064 20.74 -6.597 -0.14086 0.81581 -0.55315 -0.09296 2 46.291 -17.241 8.419 -0.35451 0.90358 0.1505 -0.18768 3 
122.794 -13.624 -14.824 0.32725 -0.41385 0.50956 0.6797 1 99.257 28.229 -8.195 0.09242 0.81547 -0.56123 -0.10721 2 46.291 -17.239 8.419 -0.35451 0.90357 0.15048 -0.1877 3 
121.684 -12.395 -14.472 0.26001 -0.44041 0.48586 0.70878 1 104.327 34.141 -8.926 0.20829 0.70872 -0.65544 -0.15723 2 46.29 -17.244 8.42 -0.35455 0.90356 0.1505 -0.18766 3 
120.889 -12.595 -13.79 0.10867 -0.46278 0.44943 0.75633 1 107.136 37.836 -9.268 0.21989 0.63759 -0.70848 -0.2078 2 46.291 -17.241 8.42 -0.35456 0.90355 0.15048 -0.18771 3 
120.69 -15.749 -13.935 -0.05382 -0.38329 0.50929 0.76865 1 108.534 39.871 -9.103 0.30837 0.71584 -0.61411 -0.12391 2 46.29 -17.241 8.419 -0.35453 0.90356 0.15048 -0.18772 3 
120.371 -14.056 -14.405 -0.06056 -0.42292 0.65052 0.62793 1 108.274 41.329 -9.08 0.31331 0.73849 -0.59102 -0.08467 2 46.298 -17.238 8.414 -0.35457 0.90354 0.15042 -0.18782 3 
118.964 -6.816 -13.762 0.15916 -0.46502 0.77092 0.4051 1 106.467 43.7 -9.696 0.30174 0.72839 -0.61446 -0.02878 2 46.29 -17.243 8.42 -0.35455 0.90355 0.15049 -0.18773 3 
115.696 4.908 -12.644 0.22215 -0.46394 0.73696 0.43852 1 104.081 47.006 -10.376 0.3067 0.75392 -0.58097 -0.0033 2 46.292 -17.241 8.416 -0.35456 0.90355 0.1505 -0.18773 3 
109.225 17.015 -11.75 0.22543 -0.44417 0.67437 0.54509 1 101.105 51.482 -10.993 0.30143 0.77556 -0.55274 0.04609 2 46.291 -17.244 8.418 -0.35462 0.90352 0.15052 -0.18771 3 
102.765 28.634 -10.817 0.18084 -0.49797 0.581 0.61787 1 98.889 55.396 -11.527 0.28485 0.77533 -0.55618 0.09158 2 46.295 -17.239 8.415 -0.35458 0.90353 0.15047 -0.1878 3 
95.331 36.644 -10.623 0.17845 -0.4854 0.57928 0.63006 1 97.209 58.459 -11.959 0.26684 0.77622 -0.56056 0.10983 2 46.29 -17.241 8.419 -0.35459 0.90353 0.15048 -0.18775 3 
87.732 40.266 -11.178 0.14497 -0.33425 0.63068 0.6852 1 95.723 60.263 -12.483 0.25394 0.77802 -0.55972 0.13002 2 46.293 -17.243 8.419 -0.3546 0.90353 0.15045 -0.18776 3 
82.43 43.041 -12.791 0.10331 -0.32319 0.65134 0.67869 1 95.177 61.078 -12.835 0.24541 0.76812 -0.5758 0.13496 2 46.289 -17.244 8.419 -0.35458 0.90353 0.1505 -0.18774 3 
80.328 44.343 -14.198 0.01216 -0.30683 0.65663 0.68888 1 94.849 61.613 -12.869 0.24109 0.77392 -0.56804 0.14232 2 46.293 -17.24 8.418 -0.35461 0.90352 0.15047 -0.18779 3 
79.534 44.719 -14.66 -0.00409 -0.30011 0.64396 0.70373 1 94.999 61.838 -12.571 0.2322 0.77219 -0.57467 0.13982 2 46.29 -17.244 8.419 -0.35462 0.90352 0.15049 -0.18775 3 
79.013 45.038 -14.954 -0.03348 -0.2624 0.62525 0.73423 1 94.531 61.946 -12.818 0.22101 0.78029 -0.56597 0.14829 2 46.291 -17.241 8.419 -0.35462 0.90352 0.15047 -0.18777 3 
78.841 45.284 -15.013 -0.04847 -0.24629 0.61571 0.74693 1 93.993 62.314 -13.017 0.22098 0.79259 -0.54652 0.15585 2 46.291 -17.241 8.418 -0.35463 0.90351 0.15047 -0.18778 3 
78.644 45.234 -14.852 -0.05916 -0.24261 0.62168 0.7424 1 93.374 62.362 -13.645 0.2103 0.78913 -0.55157 0.16979 2 46.29 -17.244 8.42 -0.35462 0.90352 0.15048 -0.18775 3 
