122.628 -35.254 -13.741 0.49939 0.71636 0.43481 0.21996 1 123.761 7.219 -10.586 -0.45357 0.78259 -0.37931 0.1948 2 87.007 -51.684 -6.983 0.10462 0.98733 0.0724 -0.09482 3 
122.7 -35.243 -13.76 0.49796 0.7175 0.43469 0.21972 1 123.711 7.228 -10.648 -0.45419 0.78173 -0.37983 0.19578 2 87.012 -51.675 -6.999 0.10449 0.98733 0.07248 -0.09489 3 
122.745 -35.235 -13.752 0.49634 0.71825 0.43492 0.22048 1 123.689 7.189 -10.594 -0.45462 0.78092 -0.38044 0.19683 2 87.011 -51.677 -6.995 0.10456 0.98733 0.07245 -0.09484 3 
122.725 -35.3 -13.777 0.49589 0.71837 0.43527 0.22039 1 123.659 7.155 -10.632 -0.45461 0.78057 -0.38126 0.19666 2 87.009 -51.683 -6.987 0.10462 0.98733 0.07233 -0.09487 3 
122.61 -35.973 -13.651 0.49877 0.71782 0.42528 0.23474 1 123.68 7.065 -10.637 -0.45488 0.77993 -0.38201 0.19713 2 87.016 -51.666 -6.988 0.1044 0.98735 0.07246 -0.09485 3 
122.619 -39.449 -13.708 0.4553 0.77259 0.38923 0.21048 1 123.958 7.006 -10.654 -0.44536 0.78286 -0.38742 0.19668 2 87.011 -51.677 -6.993 0.1045 0.98734 0.07241 -0.09488 3 
122.091 -42.32 -14.22 0.22668 0.88142 0.41075 0.05472 1 124.179 6.971 -10.639 -0.4374 0.78462 -0.39205 0.19838 2 87.012 -51.677 -6.988 0.10455 0.98734 0.07232 -0.09488 3 
118.617 -44.775 -14.626 0.01871 0.86635 0.47296 -0.15934 1 124.042 6.79 -10.628 -0.43943 0.78262 -0.39018 0.20532 2 87.016 -51.666 -6.99 0.10443 0.98734 0.07243 -0.09487 3 
111.776 -49.185 -15.851 -0.04724 0.81195 0.53632 -0.22555 1 123.643 6.558 -10.53 -0.44837 0.7778 -0.38222 0.21888 2 87.01 -51.681 -6.989 0.10461 0.98733 0.0724 -0.09488 3 
104.889 -51.181 -17.168 -0.0725 0.7934 0.57113 -0.19767 1 123.694 6.365 -10.425 -0.44937 0.77757 -0.37424 0.23106 2 87.009 -51.677 -7.002 0.10457 0.98733 0.07244 -0.0949 3 
100.938 -51.21 -18.056 -0.09181 0.78252 0.58786 -0.18346 1 124.476 6.159 -10.281 -0.43743 0.78449 -0.37018 0.23706 2 87.005 -51.69 -6.994 0.10468 0.98732 0.07237 -0.09489 3 
99.184 -51.4 -18.863 -0.12575 0.74942 0.61365 -0.21444 1 125.711 5.821 -10.154 -0.40985 0.80081 -0.36813 0.23496 2 87.007 -51.678 -6.995 0.10451 0.98734 0.07242 -0.09488 3 
98.019 -51.69 -19.067 -0.10859 0.72129 0.64077 -0.23952 1 126.955 5.433 -10.033 -0.38134 0.81674 -0.36837 0.22764 2 86.47 -51.867 -6.989 0.0707 0.99028 0.07793 -0.09095 3 
97.557 -51.552 -18.909 -0.10866 0.70675 0.64551 -0.26834 1 127.861 5.207 -9.902 -0.36209 0.82641 -0.37024 0.22105 2 86.225 -51.767 -6.929 0.05493 0.99128 0.0792 -0.08981 3 
98.308 -49.982 -17.82 -0.11639 0.7163 0.62003 -0.29821 1 128.477 5.133 -9.882 -0.35021 0.83293 -0.37033 0.21551 2 87.037 -50.027 -6.145 0.02709 0.99405 0.06321 -0.08449 3 
100.258 -46.545 -15.061 -0.00166 0.78126 0.53967 -0.31367 1 128.917 5.232 -9.87 -0.3338 0.83921 -0.3762 0.20681 2 91.847 -41.852 -3.797 0.07847 0.98772 -0.05211 -0.12467 3 
102.298 -41.332 -12.216 0.09872 0.85143 0.42878 -0.28544 1 128.612 5.62 -9.985 -0.34232 0.83682 -0.37879 0.19766 2 95.233 -31.109 -2.641 0.13171 0.96563 -0.20253 -0.09592 3 
103.569 -36.474 -10.885 0.17118 0.88359 0.36203 -0.2427 1 127.901 6.246 -10.18 -0.3646 0.83 -0.37885 0.18611 2 97.543 -22.68 -3.06 0.17418 0.93361 -0.30789 -0.0569 3 
104.028 -32.911 -10.552 0.23785 0.89881 0.30872 -0.20064 1 127.222 7.048 -10.381 -0.38486 0.82304 -0.38021 0.17299 2 100.115 -17.322 -4.045 0.23041 0.90043 -0.36496 -0.05418 3 
104.528 -29.442 -10.565 0.2944 0.91174 0.2278 -0.1737 1 126.611 7.903 -10.543 -0.40339 0.81662 -0.38017 0.16089 2 102.478 -12.037 -5.816 0.25943 0.85344 -0.4497 -0.04581 3 
104.723 -26.993 -10.636 0.34224 0.9146 0.142 -0.1619 1 126.155 8.765 -10.671 -0.41494 0.81181 -0.3828 0.14918 2 104.604 -8.541 -7.739 0.27542 0.7971 -0.53466 -0.05397 3 
104.482 -25.633 -10.515 0.37752 0.9087 0.06153 -0.16721 1 125.805 9.526 -10.803 -0.4236 0.80676 -0.38706 0.14101 2 105.598 -6.844 -9.472 0.2733 0.7372 -0.6143 -0.06696 3 
104.14 -25.119 -10.171 0.39707 0.90041 0.00169 -0.17774 1 125.568 10.152 -10.881 -0.42873 0.80254 -0.3914 0.13756 2 105.766 -6.52 -10.527 0.2623 0.68654 -0.67356 -0.0786 3 
103.953 -24.67 -9.558 0.39095 0.89899 -0.02373 -0.19601 1 125.382 10.612 -10.937 -0.4323 0.79926 -0.39487 0.1356 2 105.113 -6.333 -10.377 0.23683 0.67249 -0.69544 -0.08961 3 
104.085 -24.114 -8.992 0.39391 0.88914 -0.06201 -0.22452 1 125.162 10.917 -10.983 -0.43787 0.79601 -0.39588 0.1339 2 104.822 -6.142 -10.595 0.20435 0.64028 -0.7324 -0.10896 3 
104.619 -23.566 -8.572 0.4032 0.87513 -0.09711 -0.24931 1 124.935 11.085 -10.993 -0.44198 0.79311 -0.39777 0.13193 2 105.239 -5.981 -10.899 0.18021 0.60762 -0.76176 -0.13432 3 
105.044 -23.179 -8.416 0.40739 0.868 -0.11305 -0.26042 1 124.733 11.226 -11.028 -0.44631 0.79057 -0.39792 0.13212 2 105.654 -5.708 -10.949 0.1692 0.59635 -0.77042 -0.14898 3 
105.135 -22.886 -8.352 0.41007 0.86277 -0.12793 -0.26666 1 124.566 11.278 -11.05 -0.45158 0.78745 -0.39802 0.13262 2 105.732 -5.679 -11.21 0.16297 0.58172 -0.78091 -0.15882 3 
105.146 -22.698 -8.31 0.40948 0.86068 -0.13443 -0.27109 1 124.486 11.335 -11.069 -0.45474 0.78543 -0.39781 0.13437 2 105.682 -5.64 -11.276 0.15801 0.57554 -0.78522 -0.16498 3 
105.033 -22.648 -8.259 0.40428 0.86282 -0.12672 -0.27576 1 124.519 11.323 -11.064 -0.45534 0.78487 -0.39782 0.13561 2 105.426 -5.434 -10.994 0.15244 0.58425 -0.77959 -0.1663 3 
104.897 -22.686 -8.167 0.39724 0.86495 -0.12729 -0.27902 1 124.599 11.308 -11.039 -0.45532 0.78481 -0.39761 0.13663 2 104.931 -5.482 -10.895 0.14432 0.58589 -0.78045 -0.16372 3 
104.87 -22.846 -8.144 0.39456 0.86564 -0.12778 -0.28046 1 124.663 11.279 -11.03 -0.45405 0.7852 -0.398 0.13743 2 104.763 -5.646 -10.841 0.14094 0.58638 -0.78087 -0.16288 3 
104.932 -22.895 -8.126 0.39547 0.86571 -0.12601 -0.27978 1 124.719 11.235 -11.022 -0.45331 0.78572 -0.39783 0.13743 2 104.888 -5.65 -10.812 0.14195 0.58746 -0.77969 -0.16379 3 
104.915 -22.886 -8.148 0.39808 0.86481 -0.12531 -0.27916 1 124.756 11.129 -11.039 -0.45338 0.78579 -0.39756 0.13757 2 105.023 -5.643 -10.817 0.14549 0.58712 -0.77891 -0.16562 3 
104.849 -22.9 -8.134 0.40082 0.86444 -0.11971 -0.27884 1 124.794 11.044 -11.042 -0.45267 0.78631 -0.3973 0.13768 2 105.153 -5.519 -10.722 0.14893 0.59095 -0.77489 -0.16776 3 
104.826 -22.873 -8.133 0.40025 0.86527 -0.1167 -0.27836 1 124.857 11.003 -11.002 -0.45216 0.7868 -0.39652 0.1388 2 105.16 -5.461 -10.656 0.14985 0.59362 -0.77278 -0.16726 3 
104.797 -23.003 -8.145 0.40069 0.86665 -0.11518 -0.27404 1 124.933 10.967 -11.005 -0.45121 0.78753 -0.39641 0.13808 2 105.246 -5.566 -10.681 0.15487 0.59438 -0.77164 -0.16522 3 
104.802 -23.08 -8.151 0.39634 0.87255 -0.10643 -0.26502 1 124.993 10.954 -11.032 -0.45019 0.78838 -0.39639 0.13661 2 105.24 -5.577 -10.579 0.16194 0.60129 -0.76692 -0.1551 3 
104.908 -23.451 -8.055 0.38525 0.88594 -0.06244 -0.25059 1 125.065 10.983 -11.01 -0.44915 0.78875 -0.39695 0.13625 2 105.507 -5.448 -9.654 0.18012 0.63596 -0.73773 -0.13732 3 
104.859 -24.229 -7.742 0.37316 0.89488 0.0499 -0.2397 1 125.157 11.101 -11.003 -0.44729 0.78883 -0.39857 0.1372 2 105.637 -5.23 -7.255 0.20991 0.7121 -0.65968 -0.11695 3 
104.502 -24.944 -7.251 0.33279 0.88341 0.23098 -0.23558 1 125.135 11.389 -11.025 -0.44692 0.78812 -0.39986 0.13869 2 104.459 -6.83 -2.849 0.24298 0.82475 -0.49896 -0.10856 3 
104.283 -25.565 -6.999 0.25827 0.8341 0.42776 -0.23365 1 124.926 11.872 -10.953 -0.44952 0.78547 -0.40098 0.14209 2 101.482 -12.221 1.305 0.25799 0.92141 -0.27217 -0.10182 3 
105.401 -25.265 -7.007 0.21618 0.79513 0.51637 -0.23321 1 124.644 12.443 -11 -0.45184 0.78062 -0.40682 0.14479 2 101.015 -16.102 2.754 0.25894 0.95098 -0.13118 -0.10663 3 
107.332 -23.768 -7.191 0.2141 0.80661 0.50017 -0.23104 1 124.336 13.094 -11.111 -0.45613 0.77429 -0.41336 0.14681 2 103.214 -14.042 2.304 0.25039 0.94889 -0.15889 -0.10799 3 
109.367 -22.266 -7.669 0.20242 0.82661 0.4765 -0.22068 1 123.848 13.762 -11.189 -0.46507 0.7667 -0.4171 0.14803 2 104.998 -12.129 1.445 0.24353 0.94777 -0.18172 -0.09693 3 
110.335 -21.676 -8.338 0.17693 0.81997 0.50458 -0.20434 1 123.277 14.453 -11.214 -0.47948 0.75684 -0.41776 0.15091 2 104.958 -13.137 1.011 0.24809 0.95535 -0.13688 -0.08383 3 
110.212 -22.708 -8.986 0.16443 0.80219 0.53832 -0.19916 1 122.754 15.075 -11.271 -0.5015 0.74248 -0.41412 0.16037 2 104.533 -15.684 0.667 0.2523 0.95906 -0.08917 -0.09269 3 
109.487 -25.086 -9.31 0.16926 0.79054 0.55189 -0.20449 1 122.479 15.401 -11.256 -0.52171 0.72878 -0.40665 0.17701 2 104.261 -18.38 0.539 0.25434 0.95768 -0.07735 -0.11039 3 
108.714 -28.308 -9.283 0.19376 0.79676 0.53793 -0.19562 1 122.518 15.596 -11.11 -0.53144 0.72248 -0.39574 0.19744 2 104.326 -20.261 0.516 0.27183 0.94926 -0.10739 -0.11615 3 
108.491 -31.373 -9.377 0.20803 0.80952 0.51748 -0.18334 1 122.829 15.536 -10.929 -0.52723 0.7259 -0.38596 0.21478 2 104.341 -22.038 0.223 0.28355 0.94293 -0.13849 -0.10633 3 
108.604 -34.493 -9.765 0.21292 0.81292 0.51362 -0.17328 1 123.244 15.191 -10.711 -0.5161 0.73747 -0.36994 0.23006 2 104.33 -24.719 -0.147 0.29207 0.94055 -0.14382 -0.09682 3 
108.81 -37.582 -10.477 0.21835 0.8128 0.51454 -0.1641 1 123.538 14.498 -10.398 -0.50502 0.75037 -0.3453 0.25033 2 104.481 -27.655 -0.73 0.30312 0.93772 -0.14317 -0.09114 3 
109.325 -40.549 -11.004 0.22724 0.81539 0.50923 -0.15554 1 123.973 13.55 -10.129 -0.48852 0.76326 -0.32396 0.27173 2 105.143 -30.062 -1.301 0.3147 0.93293 -0.15294 -0.08494 3 
110.487 -43.544 -11.459 0.22547 0.81312 0.51251 -0.15915 1 124.293 12.199 -9.797 -0.47161 0.77439 -0.30471 0.29164 2 106.124 -33.025 -1.487 0.315 0.9334 -0.15253 -0.07919 3 
111.836 -45.611 -11.837 0.20593 0.80604 0.52595 -0.17682 1 123.409 11.88 -9.189 -0.42345 0.79945 -0.22675 0.36077 2 106.564 -35.91 -1.42 0.29483 0.94297 -0.13677 -0.07193 3 
112.229 -46.496 -12.136 0.19897 0.79382 0.53888 -0.19967 1 121.1 15.001 -9.463 -0.1295 0.79304 -0.40163 0.43932 2 107.021 -37.721 -1.414 0.27862 0.94877 -0.11763 -0.09145 3 
111.86 -46.325 -12.165 0.20602 0.77551 0.55454 -0.22054 1 117.664 9.715 -11.213 0.08048 0.61464 -0.55109 0.5586 2 107.397 -38.536 -1.046 0.27386 0.94947 -0.09135 -0.12314 3 
111.169 -45.453 -11.827 0.21771 0.76183 0.56758 -0.22377 1 114.536 -5.716 -11.67 -0.14848 0.61161 -0.38277 0.6763 2 107.382 -38.154 -0.596 0.28338 0.94575 -0.07335 -0.14098 3 
110.607 -44.506 -11.613 0.21739 0.75465 0.58097 -0.2138 1 113.531 -17.607 -12.976 -0.24684 0.74578 -0.22395 0.57682 2 106.632 -37.735 -0.404 0.29377 0.94419 -0.05382 -0.13896 3 
110.462 -44.095 -11.901 0.20716 0.74899 0.59248 -0.2123 1 113.141 -26.988 -15.249 -0.25586 0.72178 -0.34455 0.543 2 106.074 -37.953 -0.605 0.28967 0.94661 -0.03574 -0.13691 3 
110.584 -44.169 -12.178 0.19278 0.74869 0.59421 -0.22185 1 115.343 -34.772 -17.151 -0.20055 0.66221 -0.36259 0.62432 2 105.821 -38.361 -0.79 0.27482 0.9514 -0.03229 -0.13515 3 
110.904 -44.537 -12.366 0.18188 0.74894 0.5915 -0.23693 1 115.716 -39.565 -17.736 -0.14179 0.71245 -0.40912 0.5522 2 106.004 -38.82 -0.915 0.25873 0.95544 -0.03793 -0.13696 3 
111.549 -44.976 -12.53 0.1719 0.74633 0.5919 -0.25118 1 115.417 -43.25 -17.992 -0.15656 0.77411 -0.37404 0.48614 2 106.528 -39.658 -1 0.2437 0.95897 -0.03377 -0.14086 3 
112.128 -45.196 -12.851 0.16511 0.73811 0.59955 -0.26165 1 113.906 -45.673 -18.896 -0.16344 0.78822 -0.3928 0.44464 2 106.946 -40.456 -1.112 0.2356 0.96105 -0.02253 -0.14268 3 
112.306 -45.423 -13.263 0.17141 0.72979 0.60589 -0.2663 1 112.913 -48.589 -20.066 -0.27179 0.71448 -0.41131 0.49646 2 107.038 -41.028 -1.45 0.23725 0.96104 -0.01022 -0.14145 3 
112.662 -44.824 -13.632 0.15546 0.73176 0.61478 -0.2498 1 114.43 -47.646 -19.405 -0.3268 0.68 -0.31224 0.57732 2 106.723 -40.993 -1.896 0.23873 0.96236 0.00507 -0.1298 3 
113.062 -43.285 -13.106 0.149 0.74728 0.60198 -0.23872 1 116.745 -40.932 -18.429 -0.31851 0.62917 -0.28376 0.64975 2 106.58 -38.733 -1.765 0.24331 0.96363 -0.01669 -0.10927 3 
113.815 -40.861 -12.314 0.13984 0.75475 0.59471 -0.23898 1 117.247 -31.85 -17.252 -0.31959 0.56055 -0.24523 0.72354 2 106.96 -36.343 -1.14 0.2397 0.96559 -0.02143 -0.09857 3 
114.193 -38.05 -11.484 0.12985 0.7419 0.61399 -0.2361 1 115.608 -21.961 -15.757 -0.26812 0.49593 -0.23736 0.79109 2 106.97 -34.859 -0.3 0.24484 0.96462 0.01461 -0.09667 3 
113.775 -35.396 -10.637 0.13649 0.72345 0.63038 -0.24619 1 112.77 -12.591 -13.146 -0.22638 0.52564 -0.34023 0.74612 2 107.173 -33.287 0.536 0.25046 0.95981 0.04576 -0.11804 3 
112.747 -32.755 -9.723 0.1441 0.73064 0.61677 -0.25494 1 112.471 -3.562 -10.946 -0.18139 0.53899 -0.46028 0.68171 2 106.92 -29.953 1.214 0.24555 0.95999 0.02582 -0.1321 3 
111.12 -30.377 -9.04 0.13942 0.74146 0.60312 -0.25895 1 116.288 5.167 -9.323 -0.1694 0.60751 -0.55296 0.54449 2 105.225 -26.933 1.734 0.23598 0.96336 0.00775 -0.12721 3 
108.73 -28.513 -8.264 0.13134 0.74252 0.60109 -0.26477 1 123.185 12.254 -8.293 -0.12531 0.74656 -0.49678 0.42445 2 102.68 -25.102 2.364 0.22791 0.96545 0.00956 -0.12597 3 
105.638 -27.103 -7.34 0.12422 0.73948 0.59531 -0.28871 1 129.079 14.732 -7.972 -0.19997 0.81997 -0.38666 0.37171 2 99.994 -23.819 3.325 0.20635 0.96792 0.01054 -0.14294 3 
101.816 -25.746 -6.056 0.12402 0.74275 0.57347 -0.32261 1 131.707 13.457 -8.417 -0.2916 0.80926 -0.33785 0.382 2 97.097 -21.824 4.649 0.17724 0.96944 -0.01255 -0.16918 3 
97.361 -24.329 -4.683 0.13112 0.74504 0.55096 -0.35236 1 131.339 13.39 -9.12 -0.24943 0.80845 -0.4213 0.32663 2 93.813 -19.667 6.05 0.1554 0.96657 -0.0368 -0.20062 3 
91.538 -23.096 -3.25 0.13892 0.73614 0.54835 -0.37163 1 130.224 14.439 -9.776 -0.22627 0.80177 -0.48676 0.26273 2 89.034 -18.435 7.679 0.14549 0.96141 -0.03538 -0.23082 3 
84.785 -22.246 -1.929 0.14166 0.71777 0.5608 -0.38761 1 129.226 15.502 -9.716 -0.23063 0.79452 -0.49071 0.27339 2 83.325 -18.369 9.347 0.13631 0.95456 -0.01152 -0.26476 3 
77.719 -21.532 -1.042 0.13614 0.70492 0.56976 -0.39992 1 128.544 15.305 -9.862 -0.22093 0.78609 -0.50586 0.27813 2 77.138 -18.344 10.548 0.12145 0.94759 0.00469 -0.29545 3 
70.363 -21.045 -0.696 0.1313 0.70771 0.56537 -0.40282 1 128.321 14.28 -9.782 -0.1921 0.78823 -0.52209 0.26308 2 70.176 -17.605 11.148 0.10906 0.94414 -0.00333 -0.31095 3 
63.418 -20.963 -0.956 0.12366 0.71513 0.5606 -0.39878 1 128.207 12.905 -9.575 -0.15676 0.79476 -0.52398 0.2631 2 63.389 -17.183 11.058 0.09895 0.94168 -0.01365 -0.32134 3 
57.978 -21.113 -1.765 0.1124 0.71788 0.56788 -0.38667 1 128.28 11.197 -9.255 -0.1237 0.7992 -0.52737 0.26049 2 57.846 -17.443 10.341 0.097 0.94048 -0.00985 -0.32557 3 
54.079 -21.116 -2.867 0.09456 0.72098 0.58118 -0.36534 1 128.327 9.49 -9.054 -0.08957 0.80221 -0.5279 0.26414 2 53.053 -18.052 9.299 0.09988 0.94553 0.01273 -0.30957 3 
51.629 -20.89 -3.744 0.07133 0.72972 0.58685 -0.34356 1 128.149 8.111 -8.834 -0.06644 0.80476 -0.52764 0.26373 2 49.338 -18.128 8.353 0.09766 0.95372 0.02745 -0.28308 3 
50.35 -20.704 -3.828 0.06156 0.72933 0.58954 -0.34165 1 127.885 7.107 -8.778 -0.05543 0.80472 -0.52769 0.26628 2 47.429 -18.36 8.433 0.09206 0.95797 0.04155 -0.26851 3 
49.747 -20.541 -3.834 0.05592 0.73086 0.5945 -0.33058 1 127.524 6.544 -8.776 -0.05227 0.8042 -0.53019 0.26351 2 46.352 -18.487 8.437 0.09571 0.9598 0.05319 -0.25843 3 
49.52 -20.368 -3.776 0.04813 0.7354 0.59407 -0.32242 1 127.147 6.241 -8.857 -0.05687 0.8041 -0.53094 0.26135 2 45.476 -18.375 8.528 0.09466 0.96396 0.05798 -0.24177 3 
49.391 -20.435 -3.809 0.04196 0.73585 0.59667 -0.31742 1 127.019 6.096 -8.893 -0.06231 0.80511 -0.53059 0.25767 2 45.077 -18.621 8.552 0.09282 0.96514 0.06429 -0.23613 3 
49.376 -20.395 -3.835 0.03064 0.74025 0.60368 -0.29437 1 127.191 6.122 -8.918 -0.06666 0.80701 -0.52832 0.25527 2 44.75 -18.626 8.599 0.0923 0.9662 0.06553 -0.2316 3 
49.655 -20.876 -3.957 0.04172 0.7559 0.60701 -0.24168 1 127.508 6.342 -8.995 -0.07521 0.80867 -0.52622 0.25197 2 44.58 -18.592 8.628 0.09281 0.96676 0.06531 -0.22913 3 
52.572 -22.064 -3.977 0.04723 0.73256 0.62989 -0.25372 1 127.988 6.839 -9.186 -0.08718 0.80945 -0.52597 0.24604 2 44.553 -18.579 8.637 0.09276 0.96682 0.06523 -0.2289 3 
58.667 -23.376 -3.1 0.11916 0.69245 0.63828 -0.31451 1 128.592 7.729 -9.28 -0.10351 0.80774 -0.52634 0.24456 2 44.562 -18.578 8.636 0.09269 0.96682 0.0652 -0.22894 3 
68.948 -24.745 -1.585 0.24063 0.62927 0.63986 -0.36972 1 129.277 8.806 -9.409 -0.12617 0.80634 -0.52543 0.24047 2 44.557 -18.579 8.635 0.09272 0.96681 0.06523 -0.22897 3 
81.379 -26.783 -0.676 0.32986 0.60427 0.6047 -0.40048 1 129.987 10.214 -9.614 -0.1532 0.80283 -0.526 0.2352 2 44.557 -18.579 8.633 0.09273 0.9668 0.06524 -0.22901 3 
92.564 -28.815 -0.952 0.33973 0.62711 0.59104 -0.37682 1 130.531 11.966 -10.032 -0.19946 0.79697 -0.52133 0.23079 2 44.558 -18.58 8.634 0.0927 0.96679 0.06524 -0.22904 3 
102.581 -29.559 -1.947 0.29809 0.68637 0.56114 -0.35379 1 130.988 13.596 -10.194 -0.24379 0.79047 -0.51215 0.23115 2 44.558 -18.58 8.634 0.09273 0.96679 0.06526 -0.22904 3 
110.874 -28.368 -3.594 0.24688 0.73006 0.57766 -0.26902 1 131.207 15.04 -10.33 -0.28548 0.77994 -0.49903 0.24732 2 44.558 -18.579 8.634 0.09272 0.9668 0.06523 -0.22902 3 
117.33 -26.058 -5.902 0.21057 0.82294 0.52135 -0.08141 1 131.133 15.937 -10.385 -0.32842 0.76527 -0.48645 0.26433 2 44.557 -18.581 8.635 0.09272 0.9668 0.06524 -0.22902 3 
122.056 -27.996 -8.312 0.29044 0.85147 0.37369 0.22583 1 131.229 16.043 -10.484 -0.36584 0.75571 -0.46816 0.27547 2 44.557 -18.58 8.633 0.09271 0.96678 0.06525 -0.22908 3 
126.506 -31.07 -9.42 0.4247 0.78054 0.14927 0.43372 1 131.471 15.457 -10.505 -0.3847 0.7564 -0.45196 0.27494 2 44.557 -18.581 8.633 0.09272 0.96679 0.06524 -0.22906 3 
129.543 -28.853 -10.774 0.42091 0.74586 0.31366 0.41006 1 132.226 14.082 -10.66 -0.39239 0.76198 -0.45229 0.24668 2 44.56 -18.579 8.635 0.09271 0.96679 0.06521 -0.22906 3 
130.078 -30.146 -11.426 0.4327 0.73907 0.34317 0.38573 1 133.419 12.801 -10.657 -0.37962 0.7743 -0.45516 0.22178 2 44.556 -18.579 8.635 0.0927 0.9668 0.06525 -0.22902 3 
129.343 -31.815 -11.426 0.4379 0.71426 0.32903 0.43567 1 135.07 12.089 -10.463 -0.36739 0.7858 -0.4471 0.21827 2 44.557 -18.581 8.633 0.09272 0.96678 0.06526 -0.22907 3 
126.182 -32.063 -12.711 0.35733 0.6396 0.36918 0.57178 1 136.273 12.659 -9.836 -0.35511 0.80667 -0.38813 0.26932 2 44.557 -18.581 8.634 0.09271 0.96679 0.06525 -0.22906 3 
124.186 -27.516 -15.553 0.31037 0.51993 0.64829 0.46158 1 136.575 15.798 -9.267 -0.31525 0.86482 -0.30153 0.24857 2 44.559 -18.579 8.632 0.09271 0.96679 0.06525 -0.22907 3 
123.068 -18.905 -15.974 0.36017 0.31031 0.71941 0.50639 1 136.64 20.186 -8.759 -0.20038 0.92176 -0.27043 0.19252 2 44.557 -18.582 8.634 0.09273 0.96678 0.06525 -0.22907 3 
122.715 -12.429 -17.329 0.37141 0.08819 0.76383 0.52042 1 137.807 26.55 -8.438 0.01375 0.92639 -0.36442 0.0939 2 44.557 -18.582 8.634 0.09271 0.96679 0.06526 -0.22906 3 
121.988 -5.431 -19.65 0.19268 -0.02652 0.92723 0.32003 1 137.705 31.896 -8.784 0.13021 0.91349 -0.38069 0.06052 2 44.557 -18.581 8.634 0.09273 0.96678 0.06526 -0.22907 3 
116.249 4.212 -18.429 0.2096 0.13872 0.80156 0.54252 1 133.646 36.868 -10.026 0.17623 0.86561 -0.46699 0.03988 2 44.555 -18.585 8.634 0.09272 0.96679 0.0653 -0.22905 3 
111.609 17.221 -15.569 0.2864 0.27412 0.69213 0.60315 1 125.811 40.918 -10.708 0.17413 0.83208 -0.5226 0.06496 2 44.557 -18.583 8.633 0.09271 0.96678 0.06527 -0.22907 3 
105.338 27.378 -12.693 0.32091 0.47731 0.65994 0.48339 1 117.793 45.251 -10.365 0.21119 0.81325 -0.54054 0.04293 2 44.557 -18.58 8.633 0.09271 0.96678 0.06525 -0.22909 3 
96.852 33.467 -10.866 0.33769 0.649 0.59023 0.34116 1 110.07 50.304 -10.332 0.24477 0.75692 -0.60345 0.05489 2 44.556 -18.582 8.633 0.09273 0.96678 0.06525 -0.22908 3 
89.221 36.963 -11.176 0.33893 0.79738 0.4137 0.27959 1 103.912 53.735 -10.267 0.25185 0.7553 -0.59525 0.10851 2 44.558 -18.581 8.633 0.09271 0.96678 0.06525 -0.22909 3 
84.93 39.623 -12.859 0.32244 0.83463 0.29368 0.33641 1 100.72 55.676 -10.47 0.26354 0.75487 -0.58367 0.14161 2 44.556 -18.581 8.634 0.09271 0.96678 0.06526 -0.22909 3 
83.532 41.26 -13.874 0.3304 0.83329 0.23832 0.37371 1 98.691 57.014 -11.22 0.2793 0.76933 -0.54722 0.17515 2 44.557 -18.581 8.634 0.0927 0.96678 0.06526 -0.22908 3 
83.086 42.477 -14.892 0.33141 0.82822 0.20747 0.40146 1 97.439 57.989 -11.461 0.27756 0.77897 -0.53173 0.18282 2 44.557 -18.581 8.633 0.09272 0.96678 0.06525 -0.22909 3 
82.496 42.625 -14.939 0.31448 0.81737 0.23016 0.4243 1 95.475 59.045 -12.181 0.27065 0.78737 -0.51957 0.19195 2 44.556 -18.58 8.634 0.09271 0.96678 0.06524 -0.22908 3 
82.069 42.293 -14.752 0.31321 0.81025 0.24416 0.43101 1 94.013 59.71 -12.999 0.272 0.79007 -0.51168 0.19998 2 44.558 -18.58 8.634 0.0927 0.96678 0.06525 -0.22909 3 
81.658 42.146 -14.698 0.30813 0.80352 0.25756 0.4394 1 93.073 60.361 -13.41 0.25426 0.79246 -0.51871 0.1957 2 44.556 -18.581 8.634 0.09272 0.96678 0.06525 -0.22909 3 
