120.085 -32.871 -13.239 0.54724 0.6667 0.44822 0.23483 1 120.46 8.722 -9.832 -0.46837 0.7819 -0.37912 0.15982 2 51.879 17.288 -2.192 0.69312 0.71241 -0.09835 -0.0488 3 
120.102 -32.906 -13.262 0.5455 0.66761 0.4498 0.23324 1 120.32 8.663 -9.839 -0.46914 0.78097 -0.3797 0.16069 2 51.878 17.288 -2.193 0.69312 0.71241 -0.09836 -0.0488 3 
120.1 -32.918 -13.276 0.54402 0.66873 0.45063 0.23191 1 120.216 8.619 -9.838 -0.46933 0.78072 -0.3797 0.16133 2 51.879 17.291 -2.193 0.6931 0.71243 -0.09836 -0.0488 3 
120.096 -32.949 -13.288 0.54349 0.66899 0.45167 0.23037 1 120.135 8.514 -9.849 -0.46868 0.78139 -0.37919 0.16119 2 51.878 17.287 -2.193 0.6931 0.71243 -0.09836 -0.0488 3 
120.096 -32.987 -13.318 0.54364 0.66862 0.4524 0.22964 1 120.082 8.49 -9.814 -0.46913 0.78107 -0.37788 0.16446 2 51.879 17.289 -2.193 0.6931 0.71243 -0.09836 -0.04881 3 
120.065 -33.053 -13.288 0.5442 0.66835 0.45 0.2338 1 119.999 8.713 -9.505 -0.46276 0.79115 -0.34445 0.20322 2 51.878 17.288 -2.192 0.6931 0.71243 -0.09835 -0.0488 3 
120.082 -33.078 -13.27 0.54088 0.66967 0.45029 0.23712 1 118.6 11.201 -9.326 -0.3982 0.82479 -0.30891 0.25637 2 51.878 17.287 -2.193 0.6931 0.71243 -0.09836 -0.04881 3 
120.186 -32.936 -13.282 0.53664 0.67191 0.45193 0.23732 1 113.495 16.477 -9.105 -0.24656 0.88775 -0.3546 0.15928 2 51.877 17.289 -2.193 0.69309 0.71244 -0.09836 -0.04881 3 
120.028 -32.59 -13.204 0.53576 0.67257 0.44952 0.24196 1 105.174 19.272 -8.015 -0.12218 0.89296 -0.43299 -0.01437 2 51.878 17.288 -2.193 0.6931 0.71243 -0.09836 -0.04881 3 
119.87 -32.028 -13.137 0.53237 0.6737 0.44902 0.24716 1 95.565 19.54 -7.017 -0.08314 0.85983 -0.49407 -0.09837 2 51.877 17.288 -2.193 0.69308 0.71245 -0.09836 -0.04881 3 
119.917 -31.18 -12.97 0.52088 0.67831 0.45074 0.25574 1 85.07 19.103 -6.726 -0.03056 0.84848 -0.51885 -0.09971 2 51.876 17.287 -2.193 0.69311 0.71242 -0.09835 -0.04881 3 
120.436 -30.073 -12.815 0.4954 0.68861 0.45872 0.26452 1 75.965 19.026 -7.485 0.06139 0.83212 -0.54773 -0.06165 2 51.876 17.29 -2.193 0.69306 0.71246 -0.09838 -0.04879 3 
121.261 -28.777 -12.634 0.46403 0.70044 0.46649 0.27649 1 69.11 18.924 -8.653 0.11988 0.84125 -0.52718 0.00454 2 51.882 17.297 -2.193 0.69308 0.71244 -0.0984 -0.04877 3 
122.055 -27.459 -12.458 0.43138 0.70986 0.47291 0.29388 1 64.713 19.092 -9.507 0.15523 0.83638 -0.5247 0.03252 2 51.89 17.308 -2.195 0.69312 0.7124 -0.09846 -0.04873 3 
122.647 -26.238 -12.154 0.40432 0.71562 0.47851 0.30893 1 62.075 19.383 -10.085 0.1718 0.83768 -0.51714 0.03663 2 51.886 17.306 -2.195 0.69307 0.71245 -0.09847 -0.04874 3 
122.851 -25.446 -12.019 0.38767 0.72175 0.47818 0.31644 1 60.586 19.533 -10.348 0.16433 0.83272 -0.52856 0.01422 2 51.884 17.312 -2.197 0.69307 0.71245 -0.09847 -0.04867 3 
122.996 -24.864 -11.823 0.37327 0.7264 0.47634 0.32574 1 60.003 19.81 -10.461 0.15754 0.82479 -0.54246 -0.0253 2 51.759 17.383 -2.183 0.69266 0.71301 -0.09845 -0.04637 3 
123.069 -24.659 -11.744 0.36956 0.72796 0.47604 0.32692 1 59.899 19.878 -10.481 0.14762 0.82354 -0.54503 -0.05415 2 51.864 17.247 -2.19 0.69014 0.71533 -0.09748 -0.05001 3 
123.067 -24.868 -11.701 0.37302 0.72974 0.47227 0.32449 1 60.524 19.516 -10.314 0.164 0.82554 -0.53066 -0.09992 2 52.49 17.038 -2.141 0.71462 0.69171 -0.09181 -0.04914 3 
123.31 -25.078 -11.672 0.36692 0.7364 0.47148 0.3175 1 63.211 19.179 -9.657 0.11953 0.83117 -0.52 -0.15643 2 55.978 16.586 -1.15 0.71175 0.69257 -0.10132 -0.05909 3 
123.134 -25.69 -11.816 0.38018 0.73631 0.46847 0.30634 1 68.373 18.587 -8.463 0.03292 0.83959 -0.4988 -0.21262 2 63.877 14.902 0.318 0.68044 0.71157 -0.12435 -0.12332 3 
122.753 -26.751 -11.993 0.40658 0.73077 0.46342 0.2931 1 75.248 17.441 -7.426 -0.05638 0.85985 -0.43701 -0.25789 2 73.291 11.07 1.045 0.63869 0.73214 -0.09954 -0.2148 3 
122.354 -27.954 -12.267 0.43641 0.72478 0.45503 0.27784 1 82.285 15.879 -6.993 -0.10996 0.88257 -0.35788 -0.28443 2 81.039 6.526 0.61 0.62132 0.73 -0.03071 -0.28304 3 
122.292 -29.376 -12.387 0.46207 0.71908 0.44653 0.26464 1 88.55 14.406 -7.297 -0.15381 0.90816 -0.27536 -0.27527 2 87.696 2.232 -1.041 0.59746 0.72249 0.04577 -0.3449 3 
122.532 -30.532 -12.552 0.48083 0.71523 0.43983 0.25257 1 93.242 13.069 -7.848 -0.19608 0.93169 -0.16289 -0.2588 2 92.712 -1.882 -3.523 0.55828 0.70654 0.13823 -0.41232 3 
122.74 -31.84 -12.642 0.497 0.71228 0.43056 0.24549 1 96.8 11.93 -8.468 -0.2256 0.94027 -0.05194 -0.24959 2 96.78 -4.807 -6.14 0.51655 0.67558 0.21361 -0.48077 3 
123.025 -32.848 -12.644 0.50674 0.71047 0.42364 0.24286 1 99.227 11.322 -8.6 -0.23817 0.9356 0.01209 -0.26036 2 99.675 -6.192 -7.434 0.495 0.64259 0.24197 -0.53245 3 
123.307 -33.539 -12.744 0.51644 0.70653 0.4193 0.24143 1 100.865 10.913 -8.432 -0.25365 0.9212 0.06274 -0.2883 2 102.051 -7.075 -8.1 0.47586 0.60542 0.24679 -0.58832 3 
123.535 -34.044 -12.754 0.52354 0.70414 0.41586 0.23907 1 101.681 10.447 -8.21 -0.26496 0.90253 0.12053 -0.31734 2 103.146 -7.841 -9.048 0.45245 0.55419 0.26 -0.64851 3 
123.699 -34.236 -12.751 0.52602 0.7049 0.41491 0.23295 1 101.888 10.206 -7.959 -0.26368 0.88803 0.15586 -0.34289 2 103.093 -8.112 -9.494 0.44413 0.50762 0.26552 -0.6889 3 
123.877 -34.267 -12.764 0.52411 0.70833 0.41552 0.22566 1 101.926 10.259 -7.634 -0.26425 0.87434 0.17743 -0.36637 2 102.894 -8.052 -9.597 0.43917 0.47216 0.26288 -0.7177 3 
123.997 -34.194 -12.789 0.52295 0.71048 0.41633 0.22003 1 102.035 10.217 -7.321 -0.27794 0.85272 0.21205 -0.38813 2 103.113 -7.956 -9.966 0.41627 0.43865 0.26006 -0.75278 3 
123.962 -34.022 -12.803 0.52286 0.71165 0.41695 0.21523 1 102.057 10.05 -7.052 -0.29189 0.8349 0.23394 -0.40374 2 103.397 -7.952 -10.161 0.39603 0.41835 0.25298 -0.77727 3 
123.896 -33.879 -12.828 0.52485 0.71171 0.41677 0.2105 1 101.876 10.01 -6.8 -0.29719 0.83082 0.2289 -0.41113 2 103.549 -8.042 -9.82 0.39673 0.42048 0.24051 -0.77972 3 
123.873 -33.663 -12.795 0.52439 0.71259 0.41784 0.2065 1 101.676 10.037 -6.704 -0.29483 0.83085 0.22443 -0.4152 2 103.307 -8.072 -9.624 0.40204 0.41899 0.23665 -0.77898 3 
123.907 -33.486 -12.825 0.52181 0.71397 0.41949 0.2049 1 101.593 10.158 -6.669 -0.29265 0.82887 0.22837 -0.41854 2 103.071 -7.919 -9.635 0.4023 0.41266 0.23733 -0.78201 3 
123.857 -33.461 -12.84 0.52229 0.71352 0.41997 0.20427 1 101.59 10.284 -6.625 -0.2937 0.82751 0.23172 -0.41865 2 103.056 -7.744 -9.629 0.40021 0.41105 0.23808 -0.7837 3 
123.729 -33.43 -12.797 0.52366 0.71244 0.42004 0.20441 1 101.603 10.339 -6.588 -0.2931 0.82643 0.2352 -0.41927 2 102.991 -7.691 -9.655 0.39891 0.408 0.23996 -0.78538 3 
123.571 -33.411 -12.853 0.52542 0.71112 0.41991 0.20475 1 101.637 10.243 -6.585 -0.2946 0.82513 0.23683 -0.41987 2 103.066 -7.777 -9.677 0.39703 0.40767 0.23946 -0.78666 3 
123.429 -33.462 -12.83 0.52677 0.70953 0.41997 0.20663 1 101.623 10.105 -6.61 -0.29573 0.82581 0.2362 -0.41808 2 103.122 -7.896 -9.697 0.39613 0.41035 0.23908 -0.78583 3 
123.329 -33.51 -12.868 0.52667 0.7093 0.42022 0.20717 1 101.523 10.008 -6.642 -0.29316 0.83202 0.23004 -0.41096 2 103.014 -8.057 -9.665 0.39952 0.41789 0.24333 -0.77881 3 
123.255 -33.528 -12.892 0.52353 0.71011 0.42281 0.2071 1 101.332 9.905 -6.738 -0.28792 0.8558 0.19277 -0.38412 2 103.055 -8.4 -9.122 0.41614 0.45976 0.24963 -0.74373 3 
123.163 -33.383 -12.968 0.51835 0.71157 0.42734 0.20581 1 100.514 9.818 -6.876 -0.27654 0.8972 0.08161 -0.33451 2 102.632 -8.652 -7.174 0.46675 0.55224 0.22732 -0.6523 3 
123.046 -33.021 -12.967 0.50972 0.71462 0.43283 0.20532 1 98.159 9.875 -6.689 -0.23705 0.92337 -0.10205 -0.28421 2 99.339 -6.832 -3.431 0.54163 0.65844 0.15515 -0.49902 3 
122.821 -32.491 -12.998 0.50209 0.7159 0.43944 0.20564 1 93.675 10.178 -6.546 -0.16405 0.90717 -0.30384 -0.24044 2 92.064 -1.974 0.078 0.60591 0.72963 0.06039 -0.31124 3 
122.619 -31.673 -12.999 0.48835 0.71917 0.44903 0.2066 1 87.909 9.497 -6.143 -0.125 0.86475 -0.44296 -0.20093 2 84.58 1.446 2.114 0.61057 0.77092 -0.01578 -0.18066 3 
122.583 -30.637 -13.014 0.4705 0.72337 0.46099 0.207 1 81.502 7.728 -5.329 -0.15226 0.83323 -0.49675 -0.18915 2 79.298 1.169 3.671 0.57543 0.79827 -0.0673 -0.16468 3 
122.774 -29.339 -12.939 0.44447 0.72974 0.47629 0.20755 1 74.512 4.964 -4.182 -0.20918 0.8264 -0.48019 -0.20667 2 75.333 -2.549 5.051 0.53841 0.80271 -0.08406 -0.24227 3 
123.209 -27.69 -12.893 0.41224 0.73822 0.49286 0.20535 1 67.607 1.926 -3.181 -0.25786 0.82628 -0.44954 -0.22064 2 70.674 -6.763 6.099 0.50122 0.80578 -0.08083 -0.30491 3 
123.803 -25.88 -12.712 0.37399 0.74798 0.50895 0.20402 1 61.427 -0.892 -2.635 -0.26604 0.81056 -0.4765 -0.2125 2 64.902 -8.609 7.443 0.48586 0.81604 -0.11201 -0.29236 3 
124.299 -24.367 -12.527 0.33963 0.75663 0.51968 0.20518 1 56.257 -3.592 -2.636 -0.26404 0.80074 -0.50586 -0.18221 2 59.381 -10.328 8.07 0.47211 0.83018 -0.13279 -0.26509 3 
124.621 -23.051 -12.268 0.31217 0.76283 0.52735 0.20626 1 52.551 -6.04 -3.077 -0.24356 0.80715 -0.51537 -0.15356 2 54.666 -12.77 7.819 0.47814 0.83395 -0.12148 -0.24728 3 
124.875 -22.064 -12.061 0.28677 0.76865 0.53304 0.2069 1 50.467 -7.636 -3.3 -0.22921 0.81195 -0.51611 -0.14777 2 51.773 -14.653 7.779 0.49035 0.83201 -0.10306 -0.23811 3 
125.01 -21.486 -12.004 0.27311 0.76895 0.53934 0.20794 1 49.006 -8.671 -3.149 -0.22597 0.82148 -0.50381 -0.14242 2 50.016 -16.287 7.946 0.49422 0.83032 -0.08459 -0.24323 3 
124.93 -21.325 -11.933 0.27044 0.76628 0.54325 0.21108 1 47.813 -9.308 -3.023 -0.20656 0.83101 -0.49899 -0.13328 2 47.38 -17.65 8.214 0.50913 0.82913 -0.04364 -0.22678 3 
125.038 -21.251 -11.955 0.26638 0.76569 0.54624 0.21068 1 47.271 -9.373 -3.043 -0.20603 0.83189 -0.49902 -0.12843 2 46.721 -17.622 8.297 0.50987 0.82979 -0.04436 -0.2225 3 
125.128 -21.484 -11.993 0.26943 0.76534 0.54591 0.20893 1 47.225 -9.293 -3.051 -0.20976 0.83352 -0.4965 -0.12136 2 46.706 -17.56 8.305 0.50878 0.83053 -0.04494 -0.22211 3 
125.229 -22.16 -12.077 0.28177 0.76259 0.54428 0.20693 1 47.593 -9.065 -3.032 -0.1997 0.84106 -0.49581 -0.08311 2 46.716 -17.555 8.298 0.50872 0.83055 -0.04493 -0.22218 3 
125.397 -23.146 -12.25 0.29852 0.75981 0.5412 0.20168 1 50.164 -7.259 -2.78 -0.20072 0.84017 -0.49723 -0.08113 2 46.72 -17.561 8.3 0.50867 0.83059 -0.04496 -0.22216 3 
125.433 -24.915 -12.66 0.32598 0.75434 0.53513 0.19581 1 56.957 -3.975 -1.433 -0.25198 0.80454 -0.52085 -0.13397 2 46.72 -17.565 8.3 0.50869 0.83056 -0.04487 -0.22225 3 
124.984 -27.324 -13.121 0.36998 0.74193 0.52569 0.19052 1 67.515 0.175 0.413 -0.32098 0.7636 -0.52788 -0.18771 2 46.718 -17.56 8.299 0.50871 0.83056 -0.04488 -0.22219 3 
124.323 -30.13 -13.418 0.42047 0.72314 0.51298 0.1927 1 78.957 4.727 1.979 -0.35741 0.7466 -0.50955 -0.23499 2 46.719 -17.567 8.298 0.50874 0.83053 -0.04486 -0.22223 3 
123.474 -32.959 -13.62 0.47203 0.70137 0.49242 0.20687 1 90.505 9.145 2.597 -0.3531 0.77192 -0.44651 -0.28299 2 46.719 -17.565 8.299 0.50871 0.83056 -0.04485 -0.22221 3 
122.846 -35.22 -13.757 0.51172 0.68184 0.47304 0.2224 1 100.552 11.569 1.723 -0.35277 0.85685 -0.28287 -0.24768 2 46.719 -17.562 8.298 0.50872 0.83055 -0.04488 -0.22221 3 
122.054 -36.859 -13.781 0.54251 0.66374 0.45452 0.24196 1 108.37 11.427 -0.973 -0.3407 0.92521 -0.16656 -0.01273 2 46.72 -17.566 8.299 0.50872 0.83055 -0.04486 -0.22222 3 
121.411 -37.722 -13.725 0.56561 0.64455 0.44168 0.26374 1 117.212 11.727 -4.777 -0.23531 0.91071 -0.23061 0.2491 2 46.719 -17.564 8.298 0.50871 0.83056 -0.04485 -0.2222 3 
121.623 -37.347 -13.91 0.56318 0.63842 0.45292 0.26479 1 125.562 9.493 -6.901 -0.19839 0.86774 -0.1647 0.42491 2 46.72 -17.563 8.297 0.50872 0.83055 -0.04487 -0.22223 3 
121.283 -36.331 -13.794 0.56906 0.63011 0.45521 0.26815 1 128.522 6.016 -7.075 -0.24932 0.85881 -0.23782 0.37912 2 46.719 -17.566 8.298 0.50872 0.83055 -0.04485 -0.22222 3 
120.979 -35.22 -13.808 0.57516 0.62046 0.45505 0.27776 1 129.328 6.356 -7.703 -0.23466 0.84863 -0.31643 0.35304 2 46.719 -17.565 8.299 0.50872 0.83055 -0.04486 -0.2222 3 
120.778 -33.904 -13.549 0.5626 0.6101 0.44192 0.34055 1 128.86 8.336 -7.413 -0.25624 0.84017 -0.2881 0.38139 2 46.719 -17.564 8.297 0.50873 0.83054 -0.04486 -0.22224 3 
120.453 -33.104 -13.853 0.46115 0.6317 0.41768 0.46242 1 128.42 13.556 -6.925 -0.22419 0.86517 -0.22862 0.38595 2 46.719 -17.565 8.298 0.5087 0.83056 -0.04485 -0.2222 3 
124.24 -26.953 -17.389 0.09193 0.52651 0.69295 0.48389 1 128.457 23.159 -7.01 -0.06395 0.90431 -0.30757 0.28903 2 46.721 -17.564 8.298 0.5087 0.83056 -0.04486 -0.22223 3 
121.651 -18.334 -17.719 0.06208 0.48604 0.76322 0.4212 1 127.755 31.732 -7.701 0.09359 0.88861 -0.41785 0.16437 2 46.717 -17.564 8.297 0.50873 0.83054 -0.04485 -0.22222 3 
115.589 -3.385 -16.139 0.17866 0.43979 0.75552 0.45149 1 124.326 38.368 -8.531 0.15017 0.83767 -0.51731 0.09025 2 46.723 -17.563 8.296 0.50871 0.83055 -0.0449 -0.22223 3 
112.187 13.098 -14.47 0.3397 0.35219 0.69294 0.52952 1 119.35 43.746 -9.376 0.17638 0.80654 -0.56206 0.04967 2 46.719 -17.566 8.299 0.50874 0.83053 -0.04485 -0.22223 3 
108.56 26.254 -12.335 0.41233 0.39569 0.69968 0.4288 1 114.378 48.687 -9.734 0.25482 0.74797 -0.61138 0.04279 2 46.72 -17.564 8.296 0.50871 0.83055 -0.04485 -0.22223 3 
100.43 33.284 -10.662 0.38427 0.54937 0.67979 0.29734 1 109.9 53.083 -9.857 0.27531 0.71546 -0.64206 0.00865 2 46.721 -17.565 8.299 0.50869 0.83057 -0.04486 -0.22221 3 
90.817 35.614 -10.402 0.37073 0.75812 0.47673 0.24607 1 104.984 56.162 -10.174 0.26267 0.70639 -0.65461 0.05925 2 46.718 -17.564 8.297 0.50871 0.83055 -0.04486 -0.22224 3 
84.475 37.761 -11.783 0.32199 0.81887 0.33485 0.33712 1 100.748 58.145 -10.635 0.2499 0.70499 -0.65384 0.11414 2 46.721 -17.562 8.297 0.50869 0.83056 -0.04487 -0.22223 3 
82.392 39.631 -12.99 0.33568 0.81639 0.27873 0.37833 1 97.882 59.742 -11.32 0.25146 0.70179 -0.65078 0.14402 2 46.72 -17.564 8.298 0.5087 0.83056 -0.04487 -0.22222 3 
81.793 41.222 -13.618 0.33161 0.80396 0.25143 0.42482 1 96.004 60.866 -12.233 0.24777 0.70195 -0.65247 0.14198 2 46.719 -17.563 8.297 0.50872 0.83055 -0.04486 -0.22222 3 
81.469 41.657 -14.479 0.30572 0.79111 0.2388 0.47292 1 94.372 61.737 -12.532 0.23982 0.70589 -0.64868 0.15301 2 46.721 -17.562 8.297 0.50869 0.83056 -0.04488 -0.22223 3 
