121.197 -29.739 -13.604 0.52394 0.67095 0.50354 0.14753 1 122.503 11.321 -10.018 -0.44696 0.76443 -0.43169 0.17178 2 62.066 -40.938 -4.697 0.45032 0.8852 0.03398 -0.1117 3 
121.002 -29.911 -13.621 0.52661 0.6688 0.50308 0.14936 1 122.583 11.201 -10.035 -0.44306 0.76679 -0.43332 0.16721 2 62.066 -40.938 -4.697 0.45031 0.88521 0.03398 -0.1117 3 
120.835 -30.048 -13.647 0.52825 0.6677 0.50212 0.15163 1 122.594 11.073 -10.041 -0.44126 0.76775 -0.43397 0.16591 2 62.065 -40.94 -4.696 0.45032 0.8852 0.03401 -0.1117 3 
120.695 -30.1 -13.661 0.52798 0.66699 0.50331 0.15179 1 122.534 10.967 -10.032 -0.43971 0.76775 -0.43502 0.16728 2 62.065 -40.94 -4.696 0.45034 0.88519 0.03396 -0.11169 3 
120.54 -30.124 -13.684 0.52785 0.66634 0.5044 0.15146 1 122.454 10.935 -10.034 -0.43857 0.76753 -0.43572 0.1694 2 62.064 -40.941 -4.697 0.45035 0.88519 0.034 -0.11169 3 
120.428 -30.107 -13.699 0.52816 0.66563 0.50503 0.15145 1 122.42 10.909 -10.041 -0.4379 0.76782 -0.43586 0.16946 2 62.065 -40.941 -4.694 0.45034 0.88519 0.03398 -0.11167 3 
120.292 -30.039 -13.673 0.52762 0.66547 0.50571 0.15174 1 122.417 10.973 -10.027 -0.43603 0.76806 -0.43783 0.16812 2 62.066 -40.939 -4.697 0.45032 0.8852 0.03399 -0.11169 3 
119.761 -30.459 -13.541 0.53751 0.66586 0.48765 0.17296 1 122.427 10.979 -10.032 -0.43167 0.76801 -0.4415 0.17 2 62.064 -40.941 -4.695 0.45034 0.88519 0.03398 -0.11169 3 
118.789 -33.695 -12.844 0.51656 0.72507 0.42767 0.15663 1 122.358 11.005 -9.987 -0.42671 0.76725 -0.44396 0.17929 2 62.064 -40.942 -4.698 0.45038 0.88517 0.03397 -0.11171 3 
117.259 -36.984 -12.616 0.36521 0.81058 0.45644 0.03535 1 122.123 11.005 -10.004 -0.42963 0.76362 -0.44465 0.18599 2 62.063 -40.943 -4.695 0.45038 0.88517 0.03398 -0.11169 3 
112.228 -39.024 -10.848 0.24609 0.85508 0.44484 -0.10195 1 121.803 10.836 -9.975 -0.43387 0.75932 -0.44373 0.19571 2 62.064 -40.942 -4.693 0.45037 0.88518 0.03398 -0.11166 3 
105.525 -40.632 -9.011 0.14636 0.86304 0.43352 -0.214 1 121.474 10.61 -9.972 -0.43341 0.75528 -0.44509 0.20879 2 62.064 -40.941 -4.695 0.45036 0.88518 0.03398 -0.11167 3 
96.857 -42.507 -8.928 0.06761 0.8392 0.48744 -0.23144 1 121.389 10.247 -9.879 -0.42907 0.75209 -0.4464 0.22581 2 62.06 -40.943 -4.696 0.45038 0.88517 0.03402 -0.11168 3 
88.615 -44.023 -10.379 0.00773 0.82548 0.53441 -0.18145 1 121.554 9.826 -9.716 -0.4168 0.75109 -0.44799 0.24788 2 62.059 -40.943 -4.697 0.45037 0.88518 0.034 -0.11168 3 
82.192 -44.871 -12.447 -0.03903 0.82398 0.54891 -0.13503 1 121.919 9.2 -9.622 -0.39485 0.75208 -0.45241 0.27166 2 62.06 -40.945 -4.698 0.4504 0.88516 0.034 -0.11169 3 
77.999 -44.915 -14.526 -0.0749 0.79893 0.58722 -0.10612 1 122.302 8.441 -9.531 -0.3754 0.75275 -0.45457 0.29293 2 62.054 -40.949 -4.7 0.45043 0.88514 0.03405 -0.11167 3 
74.973 -44.646 -15.464 -0.08403 0.787 0.6003 -0.11496 1 122.659 7.51 -9.476 -0.36074 0.75384 -0.45576 0.3064 2 62.047 -40.954 -4.7 0.45046 0.88513 0.03412 -0.11165 3 
72.858 -44.489 -15.569 -0.06715 0.79241 0.58816 -0.14714 1 123.027 6.673 -9.371 -0.33975 0.75648 -0.45903 0.31873 2 62.054 -40.955 -4.707 0.45043 0.88514 0.03409 -0.11172 3 
71.74 -44.3 -15.771 -0.05846 0.79559 0.57742 -0.17382 1 123.416 5.952 -9.336 -0.32414 0.75717 -0.46265 0.32799 2 62.039 -40.958 -4.705 0.45055 0.88511 0.03407 -0.11143 3 
71.239 -44.223 -16.097 -0.05464 0.78188 0.58059 -0.22045 1 123.926 5.431 -9.221 -0.30886 0.76047 -0.46374 0.33353 2 61.94 -40.965 -4.709 0.44801 0.88647 0.03489 -0.11061 3 
70.937 -44.145 -16.091 -0.04776 0.76317 0.59737 -0.24175 1 124.436 5.13 -9.081 -0.2959 0.76591 -0.46313 0.33367 2 61.655 -40.917 -4.68 0.44296 0.88936 0.03733 -0.10688 3 
71.199 -43.492 -15.933 -0.05752 0.75271 0.6013 -0.26184 1 124.882 5.044 -9.02 -0.29492 0.76821 -0.46177 0.33112 2 62.062 -40.717 -4.665 0.42026 0.8999 0.03612 -0.11069 3 
73.355 -42.19 -15.13 -0.04775 0.74431 0.5967 -0.29609 1 125.514 5.184 -8.862 -0.29086 0.77409 -0.46014 0.32321 2 64.844 -39.91 -3.777 0.40414 0.90514 0.03341 -0.12762 3 
77.502 -40.029 -12.91 0.05426 0.75776 0.56605 -0.32007 1 125.838 5.668 -8.883 -0.29109 0.78085 -0.45795 0.30956 2 71.938 -35.185 -1.51 0.44469 0.88098 -0.04861 -0.15417 3 
82.326 -36.771 -10.504 0.14995 0.81291 0.48046 -0.29299 1 125.588 6.421 -9.05 -0.31351 0.78219 -0.45563 0.28687 2 78.112 -26.631 -0.197 0.49032 0.84796 -0.18084 -0.08856 3 
86.928 -33.508 -9.176 0.23376 0.86347 0.37203 -0.24772 1 125.251 7.384 -9.316 -0.3448 0.78177 -0.45058 0.25868 2 83.907 -18.703 -1.022 0.52419 0.79454 -0.30648 0.00175 3 
91.113 -30.713 -8.794 0.30365 0.89342 0.25737 -0.20824 1 125.184 8.394 -9.467 -0.37269 0.78019 -0.4439 0.23529 2 89.864 -13.005 -3.146 0.5405 0.72664 -0.41756 0.07416 3 
94.68 -28.561 -8.78 0.36144 0.90068 0.16185 -0.17872 1 125.318 9.453 -9.551 -0.39232 0.77791 -0.43927 0.21904 2 95.457 -9.514 -5.322 0.54877 0.6585 -0.50117 0.11855 3 
97.222 -26.985 -8.902 0.39614 0.89842 0.08504 -0.16936 1 125.326 10.236 -9.662 -0.40983 0.77521 -0.43473 0.20519 2 99.432 -7.604 -7.083 0.54189 0.60802 -0.56342 0.13867 3 
98.704 -25.942 -8.899 0.41692 0.89129 -0.00487 -0.1782 1 125.382 10.847 -9.778 -0.42342 0.77284 -0.43071 0.19472 2 101.749 -6.809 -8.979 0.51126 0.55514 -0.63792 0.15326 3 
99.499 -25.33 -8.533 0.42432 0.88104 -0.08099 -0.19276 1 125.577 11.294 -9.791 -0.42989 0.77133 -0.42931 0.18956 2 102.553 -6.936 -10.314 0.46906 0.5088 -0.70319 0.16316 3 
100.088 -24.795 -7.871 0.42919 0.86854 -0.12043 -0.21662 1 125.692 11.652 -9.841 -0.43246 0.77131 -0.42917 0.18405 2 103.054 -6.89 -10.455 0.43797 0.48703 -0.74019 0.15202 3 
100.57 -24.089 -7.299 0.44437 0.85071 -0.14987 -0.23741 1 125.545 11.829 -9.838 -0.4364 0.77079 -0.42822 0.17906 2 103.955 -6.668 -10.484 0.41863 0.46415 -0.7696 0.13053 3 
100.696 -23.271 -6.907 0.45736 0.83235 -0.18785 -0.25044 1 125.46 11.94 -9.862 -0.43883 0.77177 -0.42619 0.17364 2 104.196 -6.606 -10.913 0.39669 0.43199 -0.80093 0.12055 3 
100.379 -22.849 -6.675 0.46148 0.82784 -0.19131 -0.25519 1 125.553 12.061 -9.89 -0.43362 0.77561 -0.42814 0.16463 2 104.015 -6.258 -10.805 0.39363 0.42806 -0.80555 0.11365 3 
100.026 -22.539 -6.548 0.46134 0.82893 -0.18465 -0.25679 1 125.64 12.202 -9.93 -0.428 0.77885 -0.43107 0.15617 2 103.717 -5.806 -10.523 0.39555 0.43425 -0.80182 0.10979 3 
99.835 -22.228 -6.388 0.46422 0.82478 -0.1935 -0.25844 1 125.6 12.324 -9.996 -0.42639 0.7785 -0.43431 0.15332 2 103.595 -5.704 -10.555 0.39187 0.42586 -0.80849 0.10692 3 
99.683 -21.997 -6.233 0.4673 0.82178 -0.1985 -0.25866 1 125.58 12.421 -9.974 -0.42665 0.77673 -0.43672 0.1547 2 103.545 -5.612 -10.528 0.39125 0.42006 -0.81206 0.10502 3 
99.624 -21.876 -6.175 0.46838 0.8215 -0.19777 -0.25815 1 125.554 12.473 -9.992 -0.42776 0.77493 -0.43851 0.15557 2 103.567 -5.472 -10.472 0.39258 0.41979 -0.81169 0.10402 3 
99.639 -21.759 -6.205 0.46986 0.82145 -0.19704 -0.25618 1 125.591 12.509 -10.004 -0.4291 0.77352 -0.43914 0.15718 2 103.694 -5.376 -10.492 0.39553 0.41867 -0.81088 0.10362 3 
99.639 -21.712 -6.24 0.46947 0.8243 -0.18995 -0.25306 1 125.668 12.556 -10.019 -0.42928 0.77304 -0.43946 0.15814 2 103.819 -5.199 -10.387 0.40143 0.42298 -0.80564 0.1043 3 
99.592 -21.876 -6.294 0.46606 0.82909 -0.18044 -0.25067 1 125.782 12.61 -9.983 -0.42821 0.77333 -0.43974 0.1588 2 103.751 -5.151 -10.231 0.40565 0.43105 -0.799 0.10603 3 
99.56 -22.056 -6.41 0.46175 0.83517 -0.16922 -0.24626 1 125.846 12.705 -9.96 -0.4272 0.77361 -0.4399 0.15975 2 103.664 -5.138 -10.117 0.41185 0.43965 -0.79061 0.10969 3 
99.386 -22.324 -6.639 0.45663 0.84553 -0.14488 -0.23576 1 125.826 12.778 -9.97 -0.42566 0.77366 -0.44107 0.1604 2 103.59 -4.987 -9.876 0.42672 0.45449 -0.77327 0.11576 3 
98.87 -23.012 -6.877 0.44725 0.86363 -0.08773 -0.21543 1 125.654 12.97 -9.962 -0.42584 0.77252 -0.44187 0.16315 2 103.398 -4.915 -9.07 0.46089 0.48438 -0.73397 0.11938 3 
97.752 -24.01 -7.13 0.4217 0.88568 0.03153 -0.19171 1 125.328 13.307 -9.966 -0.42734 0.77025 -0.44231 0.16869 2 102.024 -4.939 -6.897 0.51186 0.55193 -0.64874 0.11182 3 
95.754 -24.917 -7.486 0.35389 0.89128 0.21575 -0.18393 1 124.79 13.912 -9.908 -0.43013 0.76549 -0.44407 0.17834 2 97.63 -6.506 -3.247 0.55173 0.66452 -0.49888 0.07164 3 
92.865 -25.475 -7.948 0.24181 0.85612 0.41252 -0.19599 1 124.174 14.495 -9.893 -0.43009 0.76056 -0.44836 0.18853 2 90.333 -11.388 0.18 0.55372 0.77587 -0.30226 0.00802 3 
89.086 -25.354 -7.952 0.17286 0.79675 0.54021 -0.20854 1 123.556 14.997 -9.911 -0.42836 0.75538 -0.45394 0.19962 2 84.612 -16.184 2.067 0.55035 0.81743 -0.15732 -0.06466 3 
84.322 -24.558 -7.253 0.15685 0.76569 0.58312 -0.22156 1 123.217 15.267 -9.919 -0.42303 0.75028 -0.46219 0.21095 2 80.03 -17.243 3.34 0.54531 0.8234 -0.11508 -0.10679 3 
78.85 -23.602 -6.1 0.16086 0.75325 0.59022 -0.24162 1 123.393 15.344 -9.873 -0.40719 0.74936 -0.47284 0.22154 2 75.653 -16.696 4.787 0.53554 0.8239 -0.12068 -0.14079 3 
73.332 -22.673 -4.995 0.15785 0.73889 0.59672 -0.27026 1 123.909 15.189 -9.829 -0.38286 0.75434 -0.48249 0.22715 2 71.226 -16.547 6.372 0.51634 0.8283 -0.1207 -0.18094 3 
67.593 -21.886 -4.099 0.13732 0.71787 0.61313 -0.29982 1 124.546 14.749 -9.755 -0.35223 0.76197 -0.49353 0.2275 2 66.333 -17.332 7.858 0.48709 0.8369 -0.10082 -0.22841 3 
62.479 -21.194 -3.567 0.1042 0.70436 0.62485 -0.32027 1 125.092 14.098 -9.662 -0.32375 0.7672 -0.50379 0.22975 2 61.195 -18.096 8.875 0.45358 0.85096 -0.07279 -0.25462 3 
58.436 -20.694 -3.553 0.07676 0.70136 0.62669 -0.33086 1 125.485 13.436 -9.597 -0.2987 0.77124 -0.51236 0.23122 2 57.108 -18.307 9.156 0.42689 0.8613 -0.06065 -0.26877 3 
55.607 -20.261 -3.811 0.05595 0.70753 0.62405 -0.32686 1 125.71 12.822 -9.501 -0.27611 0.77589 -0.51803 0.2311 2 53.771 -17.975 8.984 0.41474 0.86908 -0.05563 -0.26382 3 
53.779 -19.902 -4.3 0.03346 0.7146 0.62417 -0.31408 1 125.727 12.311 -9.415 -0.26001 0.779 -0.52143 0.23164 2 50.901 -17.785 8.456 0.40889 0.87739 -0.04132 -0.24756 3 
52.46 -19.758 -4.643 0.01815 0.71526 0.62983 -0.30232 1 125.607 11.86 -9.398 -0.24878 0.78138 -0.52281 0.23285 2 48.832 -18.157 8.086 0.40671 0.88123 -0.02066 -0.24 3 
51.548 -19.623 -4.589 0.01049 0.72135 0.62351 -0.3013 1 125.367 11.464 -9.333 -0.2424 0.78176 -0.52422 0.23514 2 47.418 -17.897 8.206 0.40198 0.88638 -0.01902 -0.22887 3 
51.27 -19.535 -4.61 0.00975 0.72314 0.62138 -0.30145 1 125.122 11.15 -9.297 -0.24054 0.77944 -0.52633 0.23997 2 47.032 -17.918 8.233 0.40089 0.88734 -0.01548 -0.22732 3 
51.276 -19.56 -4.616 0.01172 0.72871 0.61995 -0.29071 1 124.876 10.973 -9.309 -0.24524 0.77869 -0.52451 0.24164 2 47.027 -17.901 8.222 0.39937 0.88795 -0.01504 -0.22764 3 
52.572 -20.068 -4.541 0.027 0.73134 0.6257 -0.27002 1 124.614 10.973 -9.299 -0.25616 0.77849 -0.52045 0.23973 2 47.048 -17.913 8.225 0.39938 0.88788 -0.01507 -0.22787 3 
59.227 -21.94 -3.536 0.13879 0.67295 0.64486 -0.33471 1 124.569 11.031 -9.316 -0.2641 0.77907 -0.51824 0.23393 2 47.052 -17.913 8.221 0.39929 0.88788 -0.01493 -0.22806 3 
71.454 -24.875 -2.594 0.28392 0.62354 0.63535 -0.35627 1 124.415 11.185 -9.396 -0.27443 0.77773 -0.51626 0.23086 2 47.05 -17.911 8.22 0.39929 0.88788 -0.01494 -0.22807 3 
84.388 -27.435 -2.793 0.40046 0.66647 0.56943 -0.26684 1 123.928 11.36 -9.509 -0.29647 0.77189 -0.51239 0.23183 2 47.05 -17.916 8.224 0.3993 0.88787 -0.01493 -0.22809 3 
93.761 -29.12 -4.659 0.42161 0.76295 0.48975 -0.01709 1 123.574 11.406 -9.656 -0.32783 0.76301 -0.5035 0.23841 2 47.054 -17.909 8.222 0.39925 0.8879 -0.01498 -0.22804 3 
102.485 -31.048 -7.855 0.38541 0.7794 0.42474 0.25218 1 123.308 11.253 -9.722 -0.3621 0.75456 -0.48901 0.24576 2 47.051 -17.909 8.222 0.39928 0.88789 -0.01499 -0.22803 3 
111.033 -33.656 -9.742 0.44094 0.76338 0.19159 0.43141 1 123.459 11.11 -9.712 -0.38487 0.75078 -0.47647 0.24734 2 47.054 -17.911 8.222 0.39924 0.88789 -0.01496 -0.22809 3 
118.037 -32.961 -11.08 0.50558 0.68498 0.26504 0.45271 1 124.043 10.735 -9.754 -0.39969 0.75382 -0.46482 0.23655 2 47.054 -17.91 8.221 0.39924 0.88789 -0.01496 -0.22812 3 
120.856 -29.949 -12.217 0.46308 0.68378 0.42522 0.3704 1 124.9 10.249 -9.796 -0.40197 0.76219 -0.45868 0.21702 2 47.052 -17.908 8.222 0.39925 0.88789 -0.01497 -0.2281 3 
120.768 -30.656 -12.216 0.48454 0.67438 0.41421 0.37266 1 125.872 9.94 -9.723 -0.39476 0.77204 -0.45418 0.20454 2 47.055 -17.91 8.221 0.39924 0.8879 -0.01498 -0.22808 3 
120.741 -30.995 -12.526 0.49993 0.63886 0.43853 0.38681 1 126.876 9.43 -9.695 -0.38961 0.7802 -0.4487 0.19533 2 47.054 -17.911 8.222 0.39925 0.88789 -0.01496 -0.2281 3 
119.944 -31.901 -12.584 0.51431 0.62038 0.41086 0.42639 1 128.208 9.036 -9.654 -0.37065 0.79101 -0.44838 0.1894 2 47.054 -17.908 8.221 0.39925 0.88788 -0.01498 -0.22813 3 
118.493 -32.857 -12.767 0.51683 0.58811 0.37524 0.49619 1 129.463 8.884 -9.355 -0.35788 0.80024 -0.43141 0.21313 2 47.055 -17.91 8.221 0.39924 0.88789 -0.01498 -0.22811 3 
116.458 -33.606 -14.531 0.36088 0.54515 0.44251 0.61382 1 130.278 10.568 -8.818 -0.32988 0.82714 -0.37589 0.25637 2 47.054 -17.91 8.222 0.39924 0.88789 -0.01497 -0.22809 3 
117.631 -31.638 -17.21 0.21153 0.46162 0.65287 0.56207 1 131.993 15.453 -9.046 -0.13586 0.86733 -0.40365 0.25758 2 47.054 -17.908 8.221 0.39924 0.88789 -0.01497 -0.22812 3 
117.775 -26.418 -17.524 0.18894 0.42656 0.69075 0.55247 1 133.109 20.792 -9.924 0.07564 0.84295 -0.4679 0.25453 2 47.056 -17.91 8.221 0.39923 0.88789 -0.01498 -0.22812 3 
119.162 -16.759 -18.241 0.15145 0.1683 0.82908 0.51124 1 132.432 24.724 -10.694 0.18717 0.80233 -0.52364 0.21688 2 47.055 -17.909 8.221 0.39923 0.88789 -0.01497 -0.22812 3 
118.53 -7.021 -18.262 0.14538 0.0129 0.87166 0.46787 1 129.649 28.45 -11.298 0.22796 0.76156 -0.56896 0.21057 2 47.054 -17.909 8.22 0.39924 0.88789 -0.01496 -0.22813 3 
112.183 0.117 -16.484 0.24033 0.31196 0.65776 0.64208 1 124.612 33.139 -11.054 0.24746 0.76981 -0.5614 0.17602 2 47.052 -17.913 8.225 0.39923 0.8879 -0.01492 -0.22809 3 
107.564 13.607 -13.638 0.34498 0.37891 0.61397 0.60039 1 118.377 39.437 -10.292 0.24911 0.78307 -0.56171 0.09605 2 47.055 -17.908 8.22 0.39921 0.8879 -0.01497 -0.22814 3 
102.427 24.938 -11.024 0.39971 0.50752 0.60225 0.46898 1 112.985 46.17 -9.476 0.26014 0.76302 -0.59155 0.01409 2 47.055 -17.906 8.22 0.39922 0.8879 -0.01499 -0.22813 3 
95.2 31.53 -9.73 0.40677 0.73204 0.46311 0.29014 1 107.773 51.104 -9.225 0.26423 0.75345 -0.60179 0.01879 2 47.055 -17.91 8.222 0.39922 0.8879 -0.01497 -0.22811 3 
87.856 35.613 -10.586 0.35573 0.81211 0.36317 0.28642 1 103.482 54.311 -9.598 0.26704 0.76508 -0.58359 0.05257 2 47.055 -17.908 8.22 0.39922 0.88789 -0.01497 -0.22813 3 
84.338 39.068 -12.104 0.35215 0.82668 0.25048 0.36035 1 100.741 56.143 -10.508 0.28172 0.78753 -0.54201 0.08155 2 47.055 -17.907 8.22 0.3992 0.8879 -0.01498 -0.22814 3 
83.185 40.802 -13.378 0.35057 0.83221 0.19647 0.38201 1 98.91 57.248 -11.107 0.28952 0.80155 -0.51215 0.10672 2 47.055 -17.91 8.221 0.39923 0.88789 -0.01498 -0.22812 3 
82.517 41.816 -14.495 0.34376 0.82282 0.18985 0.4108 1 97.576 57.981 -11.31 0.29262 0.81184 -0.49226 0.11386 2 47.055 -17.908 8.221 0.39923 0.88789 -0.01497 -0.22812 3 
82.294 42.437 -14.776 0.33286 0.81806 0.20257 0.42303 1 96.127 58.856 -11.741 0.29113 0.81691 -0.4843 0.11559 2 47.055 -17.908 8.221 0.39923 0.88789 -0.01498 -0.22813 3 
81.837 42.675 -14.507 0.32168 0.81561 0.21633 0.42953 1 94.508 59.528 -12.648 0.28754 0.82468 -0.46738 0.13699 2 47.056 -17.908 8.221 0.3992 0.8879 -0.01497 -0.22813 3 
