 0.0861378   0.966946   0.239992 -0.0483567  0.326653 -0.254982    0.9101 -0.143767  0.941211         0 -0.337819 0.0947361 0 0 0 1         0 -0.524398  0.959398         0 -0.176398    1.0464 -0.524398    1.0464         0 -0.785398  0.785398         0 -0.785398  0.785398 -0.785398  0.785398
0.050458
0.4269
0.344599
100
5
95
0.120674
0.771694
0.0396274 0.235447 0.0787453 0.30001 0.235617 0.0107207 0.0139676 0.111286 0.102281 0.0890215 0.0652069 0.163814 0.0908956 0.135726 0.0765091 0.0943191 0.220998 0.0904997 0.0132086 0.110392 0.0935362 0.0156142 0.0114698 0.012057 0.0673166 0.0107883 0.0775369 0.0919347 0.0413535 0.185731 0.0105447 0.103125 0.28505 0.02228 0.215661 0.231196 0.0711539 0.221794 0.175648 0.0789227 0.182561 0.0165577 0.0545486 0.154935 0.09099 0.251723 0.0948711 0.210179 0.0986374 0.219994 0.0971347 0.0593025 0.12407 0.0393323 0.287289 0.195632 0.080887 0.0620104 0.117919 0.0660158 0.0145277 0.269326 0.104403 0.0969257 0.0686005 0.243507 0.0959926 0.221393 0.109337 0.160316 0.202424 0.104381 0.255108 0.142242 0.0959604 0.333281 0.0579956 0.104194 0.0703494 0.0262706 0.0789699 0.112202 0.0124611 0.0947999 0.287663 0.0900545 0.155495 0.0740446 0.197144 0.0838878 0.0774715 0.300495 0.130508 0.0711189 0.115622 
0.364584 1.46812 0.419416 2.67261 2.17506 0.0189418 0.0230283 0.452676 0.529314 0.264249 0.426133 1.09217 0.387165 0.434836 0.50051 0.564252 1.42041 0.516199 0.0212136 1.3296 0.496483 0.0261009 0.0183951 0.0193145 0.454359 0.0193864 0.471066 0.535976 0.270161 1.37755 0.0185172 0.523638 2.10821 0.397519 1.48247 1.42508 0.492133 1.4613 1.22194 0.429721 1.29008 0.0259176 0.443668 1.34639 0.501241 1.81773 0.528294 1.41256 0.492729 1.42923 0.53286 0.456288 0.410236 0.428132 2.43777 1.25719 0.485056 0.465248 0.414771 0.521098 0.0230314 2.39699 0.447082 0.510618 0.513011 1.66507 0.558471 1.35623 0.442828 0.463253 1.37915 0.309291 2.57692 0.488304 0.4929 1.51405 0.441626 0.499463 0.466853 0.442738 0.492027 0.507279 0.0202026 0.513956 2.27313 0.490296 1.25581 0.457973 1.24645 0.525667 0.472467 1.60729 0.373768 0.503965 0.556452 
