  0.250908   0.966946  0.0453983 -0.0230596   0.951496  -0.254982    0.17216 -0.0478346  0.178045         0 -0.984022  0.178742 0 0 0 1         0 -0.350398  0.872398         0 -0.524398  0.872398 -0.524398  0.785398         0 -0.785398  0.785398         0 -0.785398  0.785398 -0.785398  0.785398
0.145793
0.462798
0.179
100
3
97
0.191639
0.791268
0.273724 0.170275 0.39332 0.175459 0.173708 0.168998 0.167435 0.151844 0.157447 0.0219114 0.172521 0.169244 0.367191 0.158652 0.381085 0.18385 0.227577 0.159205 0.196669 0.142458 0.314807 0.158 0.277834 0.160373 0.151493 0.150962 0.139683 0.185258 0.162277 0.162574 0.172363 0.31736 0.172657 0.0951873 0.158157 0.151297 0.159616 0.156923 0.178813 0.0239985 0.311535 0.168478 0.172275 0.380964 0.0246009 0.172118 0.355397 0.281821 0.252355 0.168073 0.141682 0.15732 0.151095 0.301482 0.16758 0.382176 0.172882 0.264354 0.308769 0.165958 0.177101 0.250342 0.165424 0.0253062 0.182493 0.166421 0.160848 0.16376 0.363015 0.173386 0.187597 0.179526 0.166373 0.341307 0.165391 0.177938 0.182854 0.173458 0.236825 0.148644 0.362513 0.179121 0.140871 0.147421 0.148558 0.029398 0.145863 0.0850234 0.173745 0.3694 0.17056 0.168283 0.155079 0.0278938 0.170653 0.175372 0.188063 
1.8077 0.49745 2.15013 0.556081 0.476369 0.3516 0.50715 0.443369 0.458626 0.421393 0.472342 0.548972 2.15055 0.481156 2.11076 0.533239 0.88602 0.447861 0.792791 0.428864 1.81576 0.434149 1.33164 0.468625 0.523267 0.506093 0.469106 0.537868 0.423502 0.449135 0.49216 1.97059 0.48084 0.430091 0.470652 0.447418 0.508413 0.482061 0.538162 0.0333789 1.98756 0.538314 0.454631 2.05258 0.0344228 0.463186 2.13333 1.6661 1.8012 0.521896 0.516433 0.450563 0.516754 1.82985 0.501476 2.02685 0.568785 1.87668 1.92793 0.496979 0.459978 0.991802 0.442596 0.0350608 0.539222 0.519761 0.54939 0.536844 2.09364 0.453293 0.562548 0.480581 0.573023 1.94557 0.54178 0.548124 0.562396 0.477044 1.76576 0.49285 2.01029 0.568567 0.408577 0.454849 0.494929 0.0383731 0.531443 0.354778 0.486693 1.96963 0.538194 0.48662 0.564676 0.0371828 0.479968 0.487748 0.568328 
