 0.0656325   0.995507  0.0682569 -0.0253069   0.689999 -0.0946923    0.71759  -0.148579  0.720829         0 -0.693113   0.13245 0 0 0 1         0 -0.524398  0.959398         0 -0.524398  0.872398 -0.524398  0.785398         0 -0.785398  0.785398         0 -0.785398  0.785398 -0.785398  0.785398
0.15092
0.51095
0.765799
100
16
84
0.121899
0.400326
0.170917 0.0309457 0.0279035 0.150505 0.162965 0.169384 0.120186 0.129793 0.134098 0.026613 0.149208 0.141776 0.152815 0.156021 0.0306329 0.148287 0.153608 0.0307285 0.0325788 0.0810073 0.177325 0.166349 0.031657 0.0291899 0.146663 0.161207 0.15732 0.030529 0.156528 0.0291648 0.14724 0.156471 0.0283308 0.151492 0.109378 0.0283212 0.153702 0.141196 0.140992 0.164764 0.139443 0.025761 0.161828 0.159868 0.162486 0.155844 0.164509 0.0891275 0.167485 0.1615 0.149014 0.028828 0.132758 0.166826 0.0296169 0.175699 0.0296411 0.166791 0.158919 0.163525 0.0235907 0.166919 0.161839 0.0310852 0.157179 0.164244 0.164885 0.165325 0.1422 0.155364 0.14247 0.14871 0.149401 0.151153 0.160882 0.156754 0.0284533 0.154088 0.153169 0.162216 0.158538 0.183912 0.0303964 0.0294821 
0.540712 0.0408304 0.0385659 0.519713 0.523053 0.538785 0.469116 0.498261 0.475557 0.0367648 0.488332 0.455572 0.506519 0.513478 0.0394563 0.534216 0.523407 0.0422999 0.040715 0.386341 0.506262 0.516071 0.0415939 0.0383472 0.515642 0.49569 0.529065 0.0386051 0.547554 0.0377011 0.486241 0.521659 0.0389503 0.577264 0.458663 0.0402734 0.507613 0.516975 0.504625 0.541367 0.493153 0.037484 0.517941 0.522548 0.512489 0.506696 0.532683 0.509982 0.516154 0.529692 0.555859 0.0375389 0.50091 0.529946 0.0382776 0.531681 0.04112 0.528592 0.497396 0.519106 0.0359131 0.549126 0.52719 0.0413801 0.524218 0.52251 0.519641 0.538117 0.495751 0.516896 0.528953 0.515829 0.530823 0.508393 0.516004 0.523791 0.46817 0.506349 0.5314 0.508509 0.491516 0.517106 0.0393765 0.0393341 
