-0.920913  0.347515 -0.176503 0.0470931   0.341303   0.937675  0.0654143 -0.0275985  0.188235         0 -0.982124  0.178425 0 0 0 1         0 -0.350398  0.785398         0 -0.524398  0.785398 -0.524398  0.785398         0 -0.785398  0.785398         0 -0.785398  0.785398 -0.785398  0.785398
0.163807
0.497519
0.189364
100
1
99
0.169557
0.693376
0.159546 0.0250835 0.215097 0.304328 0.174864 0.149268 0.239739 0.166217 0.172466 0.175221 0.31446 0.166872 0.162706 0.186569 0.0504221 0.141517 0.163594 0.178521 0.177924 0.0239579 0.273691 0.171784 0.387435 0.129703 0.168251 0.148283 0.176237 0.148366 0.164378 0.0254616 0.169733 0.300442 0.146826 0.144531 0.160715 0.149607 0.162902 0.169487 0.027679 0.256686 0.0204012 0.309689 0.364065 0.0262927 0.0650485 0.152275 0.173872 0.169926 0.174092 0.253972 0.16576 0.160547 0.327038 0.168069 0.133674 0.156742 0.192778 0.16705 0.167379 0.149846 0.158386 0.0253811 0.159229 0.170746 0.154152 0.151386 0.1644 0.184603 0.239017 0.384283 0.0182944 0.174653 0.165207 0.0187956 0.148288 0.0212342 0.162002 0.399261 0.151392 0.0261798 0.140908 0.271721 0.163354 0.22877 0.156202 0.150928 0.0258033 0.026355 0.174795 0.366227 0.181434 0.283317 0.142039 0.175776 0.181418 0.153947 0.25909 0.139934 0.158194 
0.482453 0.0350437 0.871721 1.83972 0.543396 0.450187 0.938307 0.474697 0.458204 0.530858 1.89891 0.420498 0.533652 0.537622 0.452753 0.468702 0.522573 0.492602 0.533706 0.0343904 1.81628 0.501585 2.23575 0.378326 0.550397 0.536534 0.498802 0.495619 0.498223 0.0347116 0.484066 1.92639 0.460647 0.521793 0.524957 0.444121 0.546247 0.551749 0.0369519 1.80923 0.0296498 1.94242 1.98594 0.0356532 0.431787 0.502128 0.577785 0.551585 0.49988 1.75349 0.520888 0.501494 1.83976 0.567247 0.445071 0.492705 0.554145 0.448502 0.493656 0.441302 0.51601 0.0348417 0.450575 0.522912 0.490208 0.465653 0.452053 0.54299 1.63918 2.09586 0.027984 0.522425 0.5114 0.0280274 0.409749 0.0307826 0.503679 2.15346 0.500446 0.0356675 0.436802 1.80622 0.561126 0.91621 0.518423 0.417214 0.0351038 0.0364672 0.513979 2.18899 0.516634 1.89185 0.459206 0.549114 0.532474 0.576268 1.82444 0.434388 0.507956 
