0.0565938   0.24869  0.966928 -0.171128  0.0145308  -0.968583   0.248265 -0.0340991   0.998292          0 -0.0584295  0.0200212 0 0 0 1         0 -0.524398  0.959398         0 -0.437398  0.872398 -0.524398  0.959398         0 -0.785398  0.785398         0 -0.785398  0.785398 -0.785398  0.785398
0.135289
0.360008
0.0584628
100
1
99
0.154288
0.590321
0.101137 0.106053 0.128239 0.217687 0.0882482 0.119837 0.141333 0.135667 0.123452 0.0217663 0.134808 0.141926 0.109299 0.111945 0.317987 0.121252 0.113158 0.122555 0.0916572 0.131287 0.16098 0.120315 0.138169 0.098916 0.133366 0.13483 0.124636 0.151047 0.128202 0.140576 0.0954414 0.199408 0.134618 0.142066 0.121617 0.135875 0.116597 0.127824 0.105154 0.144892 0.143937 0.207495 0.142119 0.11617 0.318278 0.149646 0.328507 0.15305 0.138131 0.0752216 0.135514 0.0950484 0.153662 0.109828 0.161228 0.107002 0.152246 0.1235 0.284896 0.109523 0.143083 0.290505 0.157035 0.152068 0.14576 0.135119 0.31749 0.171604 0.188298 0.228521 0.104396 0.144159 0.102236 0.166464 0.310923 0.153182 0.312624 0.303003 0.141882 0.147268 0.121571 0.254342 0.0994875 0.330625 0.139423 0.0996442 0.167947 0.158693 0.0817839 0.124282 0.302455 0.00477904 0.322336 0.140402 0.134169 0.134209 0.144346 0.135173 0.124399 
0.352897 0.487726 0.456649 1.2073 0.371909 0.364739 0.430914 0.41016 1.03813 0.413634 0.414549 0.404231 0.370049 0.359755 1.37972 0.357772 0.36624 0.409971 0.457331 0.385112 0.42114 0.366007 0.41427 0.373808 0.394292 0.406054 0.377002 0.437325 0.375424 0.45923 0.327809 1.25678 0.396882 0.419704 0.363481 0.396182 0.364526 0.401253 0.329534 0.386713 0.436346 1.18663 0.417179 0.375266 1.33167 0.455333 1.38255 0.484632 0.412447 0.518012 0.418361 0.329673 0.423632 0.35153 0.451818 0.338048 0.399305 0.351433 1.24155 0.351259 0.432632 1.27092 0.432524 0.42228 0.425187 0.396539 1.26687 0.505436 1.16669 1.36028 0.493706 0.413583 0.32171 0.433175 1.87454 0.414364 1.31902 1.74134 0.46359 0.427893 0.386188 1.35094 0.354346 1.81015 0.470397 0.338525 0.508533 0.452753 0.308629 0.139158 1.27355 0.40807 1.80911 0.418367 0.388474 0.411926 0.390243 0.392286 0.484975 
