  0.920913  -0.347515   0.176503 -0.0470931  -0.341303  -0.937674 -0.0654143  0.0275985  0.188234         0 -0.982124  0.178425 0 0 0 1         0 -0.350398  0.785398         0 -0.524398  0.785398 -0.524398  0.785398         0 -0.785398  0.785398         0 -0.785398  0.785398 -0.785398  0.785398
0.163767
0.497543
0.189364
100
6
94
0.177309
0.787828
0.173159 0.159972 0.0290929 0.163634 0.164564 0.161283 0.145574 0.0294429 0.0596769 0.262303 0.167843 0.154325 0.155315 0.160333 0.186901 0.0248936 0.189192 0.15584 0.162018 0.158217 0.179283 0.255411 0.149774 0.196295 0.146352 0.0279445 0.0273098 0.18453 0.0658732 0.0282103 0.354608 0.162545 0.178449 0.157756 0.0280254 0.19213 0.159899 0.341052 0.380637 0.185028 0.307238 0.148259 0.3226 0.157301 0.268457 0.140183 0.175305 0.356247 0.159115 0.132309 0.0237281 0.406533 0.177119 0.265463 0.0291617 0.248653 0.253359 0.125696 0.303112 0.0262816 0.0535062 0.394502 0.143505 0.163876 0.264019 0.0264218 0.17981 0.295428 0.16724 0.328189 0.368453 0.169462 0.175251 0.147885 0.162702 0.0287201 0.162783 0.163533 0.278873 0.156589 0.284079 0.162522 0.172554 0.144899 0.166197 0.0275768 0.134532 0.368486 0.307382 0.150427 0.0288831 0.155936 0.165531 0.276486 
0.508461 0.465981 0.0397488 0.456556 0.517808 0.495659 0.468595 0.0392553 0.399411 1.72081 0.526751 0.473762 0.493282 0.472657 0.73454 0.0347174 0.550616 0.454943 0.496348 0.443897 0.522576 1.70828 0.50326 0.559121 0.457129 0.0395137 0.0365844 0.561696 0.402562 0.0383055 2.07504 0.450204 0.546263 0.497849 0.34216 0.565302 0.473828 2.05031 2.00784 0.535347 2.00028 0.462112 2.05101 0.403018 1.87503 0.443597 0.532282 2.10233 0.490324 0.513217 0.0334856 2.25297 0.46076 1.73248 0.0384373 0.922983 1.91121 0.420125 1.90469 0.035941 0.378696 2.22906 0.545667 0.532153 1.64164 0.0361777 0.566567 1.95885 0.463925 2.0442 2.02263 0.476557 0.572135 0.46124 0.489181 0.0382831 0.452835 0.542468 1.89753 0.444938 1.7679 0.487919 0.520928 0.413491 0.476759 0.0371305 0.428398 2.16992 1.85369 0.463512 0.0390142 0.499262 0.50988 1.84003 
