 0.614246 -0.751141 -0.241843 0.0318368   -0.69892  -0.660141    0.27518 -0.0217786  -0.36635         0 -0.930477   0.17993 0 0 0 1         0 0.0846018    1.3074         0 -0.524398  0.872398 -0.524398    1.0464         0 -0.785398  0.785398         0 -0.785398  0.785398 -0.785398  0.785398
0.0236073
0.493068
0.375083
100
6
94
0.110826
0.691449
0.0403831 0.0609166 0.246139 0.300692 0.0430626 0.0168003 0.0513316 0.251537 0.0810804 0.27507 0.21876 0.27534 0.0382417 0.25379 0.024789 0.0213949 0.00951028 0.234048 0.0445255 0.260724 0.222465 0.108244 0.259623 0.250826 0.00764567 0.025559 0.22741 0.330165 0.0590226 0.0206421 0.0332042 0.185091 0.0751702 0.0749953 0.233664 0.0975738 0.0452126 0.165304 0.022352 0.0161613 0.0289888 0.0620052 0.0176089 0.0139072 0.293496 0.182439 0.045174 0.262006 0.265639 0.0432901 0.022998 0.046837 0.0152317 0.0997933 0.128436 0.0201227 0.0711829 0.0318638 0.0401409 0.240238 0.126454 0.0162686 0.267624 0.189097 0.254542 0.0214441 0.0811024 0.254368 0.0519088 0.0915348 0.185146 0.240788 0.0153507 0.0139737 0.0141508 0.0443783 0.151353 0.122437 0.0601518 0.0197832 0.0780579 0.0589415 0.0371823 0.0956004 0.0759591 0.0225983 0.0191042 0.0145825 0.0644872 0.0812928 0.0219471 0.230696 0.231866 0.0236471 
0.584506 0.44436 1.63628 1.79666 0.446402 0.0236944 0.446168 1.45809 0.407668 1.89676 1.64214 1.78154 0.502113 1.67813 0.424092 0.030894 0.018712 1.553 0.441359 1.73484 0.808446 0.422867 1.59822 1.58463 0.0139152 0.0364895 1.41864 2.13955 0.46164 0.0301937 0.433846 0.825856 0.452212 0.395238 1.59942 0.483314 0.536611 0.731061 0.0323193 0.0234873 0.431498 0.459411 0.0257469 0.0210856 1.68457 0.858082 0.465327 1.67211 1.62017 0.443708 0.0336679 0.432239 0.0221319 0.434372 0.597895 0.0284325 0.455779 0.453487 0.424717 1.57527 0.739262 0.0233106 1.53023 0.821199 1.7336 0.0296611 0.66331 1.72426 0.452906 0.584405 0.621083 1.63496 0.021997 0.0204713 0.0216123 0.423029 0.803736 0.451157 0.429659 0.0279322 0.414288 0.452109 0.398883 0.442652 0.463453 0.0319253 0.0277287 0.0223755 0.484217 0.42458 0.52169 1.78185 1.62488 0.0327331 
