 -0.250908   0.966946 -0.0453982 0.00462957   0.951496   0.254982    0.17216 -0.0526945  0.178045         0 -0.984022  0.178743 0 0 0 1         0 -0.350398  0.785398         0 -0.524398  0.785398 -0.524398  0.872398         0 -0.785398  0.785398         0 -0.785398  0.785398 -0.785398  0.785398
0.139791
0.445671
0.178999
100
2
98
0.152678
0.601257
0.0257722 0.157265 0.1592 0.163407 0.163318 0.258498 0.155361 0.126304 0.165242 0.0267544 0.154432 0.189983 0.1806 0.0735492 0.182105 0.252536 0.0280135 0.167427 0.151939 0.0777025 0.147317 0.145293 0.18537 0.169522 0.17213 0.165062 0.161317 0.165002 0.184298 0.177844 0.174944 0.159273 0.0280747 0.167528 0.162046 0.158321 0.15314 0.181837 0.176874 0.165303 0.154966 0.152384 0.262726 0.23903 0.163192 0.0268805 0.0223647 0.184152 0.173703 0.1594 0.176095 0.197497 0.147736 0.124557 0.15401 0.160909 0.0260961 0.160006 0.354949 0.160198 0.0244741 0.0276725 0.153066 0.170567 0.167497 0.0254828 0.259434 0.17903 0.225496 0.155652 0.144671 0.181259 0.174255 0.0601416 0.164501 0.156225 0.0241887 0.263526 0.154538 0.170957 0.164495 0.159906 0.142609 0.158142 0.287766 0.0244157 0.281562 0.025629 0.254398 0.284877 0.153261 0.168638 0.152115 0.0311107 0.173871 0.159014 0.17265 0.024607 
0.0351366 0.468225 0.481703 0.452003 0.431236 1.81432 0.519968 0.49387 0.522269 0.0368345 0.42807 0.830814 0.541087 0.435713 0.469631 1.83121 0.037068 0.45793 0.494581 0.394974 0.497255 0.478884 0.565932 0.565457 0.536713 0.55591 0.471861 0.508111 0.915224 0.50117 0.53776 0.54188 0.0376172 0.492422 0.424671 0.459457 0.471057 0.544415 0.471978 0.462965 0.562273 0.474422 1.78565 1.8645 0.497695 0.0370596 0.0323174 0.543359 0.427604 0.419488 0.49097 0.841154 0.459528 0.436183 0.466798 0.487852 0.0345311 0.544215 2.09536 0.455434 0.0342473 0.0369901 0.482851 0.510483 0.542603 0.0345332 1.85443 0.564993 1.63611 0.458064 0.438944 0.552048 0.52538 0.395008 0.500232 0.536646 0.0338926 1.79749 0.46798 0.549146 0.489812 0.450962 0.434557 0.495773 1.85725 0.0346829 1.76247 0.0349912 1.92194 1.98404 0.557147 0.559618 0.570275 0.0403855 0.475263 0.54283 0.551632 0.033679 
