  0.21513 -0.204722  0.954886 -0.163814 -0.0449947  -0.97882 -0.199716 0.0440126  0.975548         0 -0.219785 0.0558015 0 0 0 1         0 -0.524398  0.959398         0 -0.437398  0.959398 -0.524398  0.959398         0 -0.785398  0.785398         0 -0.785398  0.785398 -0.785398  0.785398
0.120399
0.407281
0.221594
100
0
100
0.135216
0.549615
0.132146 0.109001 0.143796 0.118814 0.169809 0.146767 0.122817 0.127567 0.127221 0.136946 0.109436 0.150428 0.139819 0.0853472 0.0709366 0.0828732 0.144159 0.136389 0.150978 0.0556083 0.149791 0.103048 0.148498 0.132916 0.128599 0.0198177 0.135219 0.0994079 0.139162 0.126087 0.0781707 0.125326 0.144285 0.117275 0.135645 0.15429 0.141136 0.243952 0.169675 0.178022 0.114083 0.143887 0.126981 0.0902886 0.139379 0.351187 0.139023 0.109231 0.139724 0.125318 0.106989 0.14539 0.171196 0.105165 0.193933 0.321786 0.122731 0.0523481 0.0882423 0.102225 0.306547 0.151926 0.266185 0.153992 0.15457 0.0856485 0.112508 0.139162 0.130563 0.147169 0.0847075 0.13348 0.0739147 0.123649 0.137496 0.0959724 0.130077 0.109686 0.145764 0.0874174 0.118952 0.129146 0.326065 0.122275 0.127882 0.143258 0.1217 0.0827234 0.0742942 0.143703 0.277493 0.157108 0.0813432 0.114038 0.126546 0.0836046 0.0972055 0.145015 0.106265 0.152248 
0.520487 0.352819 1.1033 0.436328 0.622154 0.476525 0.473925 0.439432 0.510634 0.263473 0.486037 0.588189 0.434262 0.351917 0.431025 0.354087 0.563951 0.412066 0.448455 0.499638 0.549008 0.367849 0.521298 0.493229 0.397523 0.468042 0.438576 0.388226 0.478692 0.510067 0.158753 0.443717 0.412956 0.368875 0.3087 0.461291 0.481142 1.41359 0.527653 0.513539 0.373901 0.413389 0.48215 0.365631 0.484461 1.54513 0.483307 0.474111 0.542669 0.507741 0.48298 0.309196 0.615706 0.459513 1.13909 1.3766 0.400838 0.519228 0.448619 0.471292 1.32099 0.432123 1.60767 0.450461 0.570161 0.358497 0.36923 0.493098 0.403791 0.484743 0.366983 0.495026 0.504598 0.407192 0.493551 0.462344 1.40964 0.424938 0.449502 0.338272 0.395553 0.449273 1.40385 0.457172 0.434268 0.472914 0.373307 0.492765 0.344495 0.540386 1.74475 0.464631 0.34552 0.35381 0.432462 0.40689 0.52414 0.569427 0.399806 1.14628 
