 0.307601 -0.347515  0.885785   -0.1393 -0.114001 -0.937674 -0.328284 0.0617716  0.944662         0 -0.328046  0.093395 0 0 0 1         0 -0.524398  0.959398         0 -0.176398    1.1334 -0.437398  0.872398         0 -0.785398  0.785398         0 -0.785398  0.785398 -0.785398  0.785398
0.182157
1.23322
0.334235
100
1
99
0.10331
0.624196
0.0161238 0.0724991 0.105158 0.0438347 0.0837085 0.0865701 0.0921467 0.246108 0.0660989 0.0869458 0.0554703 0.00842118 0.0199822 0.296565 0.110094 0.258363 0.0829842 0.139487 0.219035 0.0819797 0.0145606 0.0146358 0.0101741 0.168675 0.142898 0.0151065 0.0680768 0.0846198 0.112465 0.0346413 0.109379 0.0645457 0.120411 0.0621111 0.102142 0.00646768 0.0733733 0.0665832 0.326767 0.0979744 0.140969 0.0141476 0.123468 0.12231 0.0136077 0.0119987 0.089514 0.0932481 0.160068 0.245646 0.116196 0.0872936 0.142039 0.229881 0.286584 0.0166018 0.0809136 0.142902 0.197998 0.0140368 0.147959 0.144845 0.0760854 0.16067 0.216434 0.106143 0.193739 0.0654067 0.254381 0.227151 0.0121861 0.0188322 0.11571 0.020104 0.0173562 0.0530538 0.229808 0.0956063 0.100186 0.0106958 0.0669224 0.0605582 0.0442921 0.23084 0.0874748 0.0579697 0.104509 0.136806 0.0144914 0.0813729 0.161734 0.0141863 0.0534795 0.111385 0.100612 0.066065 0.0145743 0.0845301 0.272941 
0.0251559 0.525333 0.533355 0.411277 0.484048 0.53135 0.444989 1.34693 0.487965 0.511397 0.401545 0.0158982 0.0289842 1.55451 0.509812 1.49466 0.517841 0.536474 1.51906 0.523585 0.0230322 0.0241016 0.0193756 1.40647 0.501992 0.0217604 0.513174 0.476329 1.22822 0.311064 0.519683 0.506087 0.505493 0.461642 0.555108 0.0150815 0.557175 0.469578 2.80288 0.447231 0.451844 0.02283 0.614651 0.525895 0.0218072 0.0203801 0.544493 0.494152 1.26793 1.48273 0.572753 0.524416 0.406788 1.29315 2.53629 0.0236077 0.470794 0.619472 1.28167 0.0221902 1.37568 0.3892 0.430528 1.34752 1.41222 0.585015 1.52783 0.449561 1.62665 1.34216 0.0208886 0.423182 0.555782 0.0246763 0.0263362 0.462783 1.51544 0.506301 0.502292 0.0175422 0.480603 0.433706 0.378338 1.42043 0.429558 0.482046 0.558939 0.520031 0.0217795 0.45089 1.23148 0.0219285 0.440963 0.458896 0.489574 0.399314 0.0234768 0.453179 1.59121 
