 0.663751 -0.204722  0.719391 -0.147588 -0.138825  -0.97882 -0.150462 0.0406188  0.734957         0 -0.678113  0.128946 0 0 0 1         0 -0.524398  0.872398         0 -0.524398  0.872398 -0.524398  0.785398         0 -0.785398  0.785398         0 -0.785398  0.785398 -0.785398  0.785398
0.153171
0.524591
0.745193
100
9
91
0.136553
0.447546
0.0305311 0.151738 0.16549 0.143551 0.148607 0.118916 0.163309 0.156716 0.15874 0.166579 0.193529 0.148246 0.14936 0.158285 0.158369 0.14198 0.163016 0.160181 0.172812 0.0257228 0.179631 0.129454 0.149645 0.150191 0.170557 0.16843 0.164449 0.186918 0.0280546 0.153155 0.126401 0.161224 0.170207 0.130687 0.14485 0.141622 0.166177 0.0260932 0.152353 0.146453 0.154137 0.125251 0.140314 0.184528 0.136325 0.174721 0.168447 0.025172 0.134712 0.150056 0.164547 0.124747 0.02517 0.16592 0.152828 0.181305 0.15866 0.150316 0.15831 0.172815 0.174778 0.152038 0.165628 0.184122 0.0277443 0.167107 0.0276943 0.0280645 0.0323752 0.160314 0.192094 0.0220752 0.155498 0.188583 0.194044 0.13987 0.0321686 0.157576 0.188065 0.169198 0.0307811 0.0276958 0.146971 0.136134 0.147603 0.144139 0.154722 0.167172 0.0263502 0.144962 0.170264 
0.0401965 0.518256 0.510996 0.538119 0.529138 0.498401 0.540406 0.522746 0.507869 0.557763 0.593463 0.545736 0.533685 0.522209 0.519247 0.530048 0.560112 0.519908 0.522549 0.0356387 0.515675 0.47628 0.526564 0.500268 0.545487 0.503946 0.555709 0.526336 0.0388781 0.524301 0.485223 0.52377 0.493112 0.605561 0.50105 0.494009 0.549381 0.03796 0.50475 0.532455 0.517947 0.480259 0.492759 0.531938 0.511013 0.494591 0.51938 0.036956 0.620577 0.514007 0.535798 0.600262 0.0362424 0.531674 0.494083 0.499881 0.515756 0.507889 0.465699 0.523853 0.53079 0.520052 0.527045 0.529696 0.0374363 0.515974 0.0378712 0.0373673 0.0408317 0.526246 0.520144 0.475021 0.524857 0.537843 0.574233 0.482589 0.0420248 0.502428 0.512772 0.513489 0.0403542 0.0397712 0.523286 0.484215 0.515803 0.507008 0.490692 0.540387 0.036648 0.518967 0.523103 
