  0.652874  -0.751141  0.0976814 -0.0123013 -0.742873 -0.660141 -0.111147 0.0284439   0.14797         0 -0.988992  0.187537 0 0 0 1         0 -0.524398  0.959398         0 -0.524398  0.959398 -0.524398  0.785398         0 -0.785398  0.785398         0 -0.785398  0.785398 -0.785398  0.785398
0.167979
0.582379
0.148516
100
2
98
0.183439
0.662089
0.181262 0.183553 0.16221 0.0300304 0.186632 0.177391 0.174182 0.159514 0.152352 0.158139 0.174305 0.162724 0.157757 0.197714 0.370522 0.38021 0.07127 0.161123 0.180225 0.118915 0.182869 0.159384 0.174023 0.145955 0.169214 0.148309 0.186105 0.167052 0.164033 0.141129 0.151674 0.195222 0.178285 0.14791 0.186772 0.197431 0.173397 0.146738 0.159378 0.181533 0.176335 0.145971 0.181748 0.181956 0.276831 0.167637 0.17044 0.15906 0.3908 0.179628 0.402702 0.177403 0.175736 0.399072 0.183542 0.122991 0.1662 0.0853462 0.176454 0.160105 0.383298 0.186418 0.18693 0.231013 0.182186 0.175687 0.17469 0.174554 0.169677 0.171946 0.182811 0.166983 0.176537 0.182531 0.143195 0.150295 0.177573 0.167125 0.184456 0.18378 0.149959 0.15914 0.174557 0.147049 0.172817 0.144831 0.18325 0.150537 0.163699 0.187145 0.167951 0.188256 0.169753 0.394118 0.164367 0.178913 0.177023 0.175613 
0.559003 0.526106 0.448679 0.425854 0.568147 0.566322 0.47232 0.455691 0.490323 0.532589 0.547183 0.55532 0.531429 0.562691 2.11003 2.17203 0.420526 0.511989 0.518747 0.509779 0.545113 0.538511 0.53773 0.496061 0.499167 0.45262 0.524728 0.507992 0.520168 0.476741 0.503995 0.565777 0.571434 0.547357 0.560848 0.569901 0.553007 0.506406 0.573741 0.5676 0.535215 0.449459 0.570026 0.565895 1.80945 0.581569 0.571239 0.571029 2.09835 0.545338 2.178 0.538734 0.495588 2.11005 0.568415 0.376554 0.519529 0.506684 0.562517 0.472433 2.03539 0.523868 0.591164 1.47654 0.526621 0.54299 0.557981 0.526068 0.516443 0.51824 0.562147 0.552846 0.543863 0.472165 0.484287 0.543603 0.541213 0.507803 0.539048 0.515772 0.555073 0.48739 0.545945 0.468182 0.550367 0.551187 0.543039 0.489627 0.552203 0.562721 0.538814 0.550294 0.524196 2.07053 0.537387 0.502056 0.503462 0.544467 
