  0.519247  -0.705413   0.482467 -0.0946451 -0.516769 -0.708796 -0.480164  0.107623  0.680685         0 -0.732576  0.141404 0 0 0 1         0 -0.524398  0.872398         0 -0.524398  0.872398 -0.524398  0.785398         0 -0.785398  0.785398         0 -0.785398  0.785398 -0.785398  0.785398
0.159528
0.493156
0.748697
100
5
95
0.136841
0.454685
0.171224 0.144716 0.0308542 0.0886615 0.143274 0.152143 0.157334 0.154752 0.129843 0.167065 0.157774 0.167786 0.129712 0.110725 0.146999 0.163731 0.033296 0.160549 0.139381 0.161825 0.175714 0.139048 0.17361 0.152217 0.145518 0.189105 0.143539 0.0311592 0.172117 0.0295481 0.0293026 0.167449 0.149597 0.146677 0.153466 0.144071 0.158363 0.17117 0.164973 0.172559 0.162713 0.162408 0.172207 0.174675 0.1562 0.172353 0.0253621 0.0304692 0.138462 0.159063 0.173657 0.166942 0.161835 0.13905 0.170982 0.168993 0.140254 0.17216 0.190239 0.0287871 0.164544 0.164018 0.13688 0.0294131 0.0279798 0.150216 0.155538 0.0273372 0.131838 0.151155 0.179351 0.14123 0.176618 0.0299842 0.13968 0.165455 0.146318 0.163051 0.139094 0.140732 0.142315 0.140576 0.171625 0.0241777 0.136931 0.145832 0.148321 0.15647 0.155889 0.162397 0.14928 0.149325 0.150833 0.0321465 0.185721 
0.549226 0.512866 0.0414324 0.532991 0.545561 0.538283 0.554771 0.517761 0.504337 0.544253 0.528224 0.537682 0.506848 0.533401 0.600314 0.510483 0.0420537 0.588978 0.505828 0.516747 0.524756 0.487773 0.527967 0.521886 0.503636 0.482282 0.535392 0.0422605 0.546598 0.0386535 0.0405762 0.536097 0.503386 0.546607 0.513824 0.488203 0.506282 0.53968 0.536368 0.543242 0.523733 0.515698 0.529452 0.513215 0.574099 0.486641 0.0344177 0.0402347 0.494421 0.517399 0.552844 0.519892 0.48345 0.497992 0.512237 0.52532 0.503532 0.535609 0.523119 0.0407384 0.53618 0.519712 0.5449 0.518404 0.0388579 0.490984 0.525028 0.0381942 0.495119 0.519507 0.509902 0.483063 0.569524 0.0422283 0.505153 0.514959 0.477087 0.539236 0.486597 0.48908 0.482572 0.498892 0.54456 0.0380643 0.512111 0.508644 0.513845 0.526967 0.53043 0.490166 0.544584 0.509778 0.523162 0.0451446 0.480873 
