-0.211403  0.962278 -0.171261 0.0279041 0.747708 0.272069 0.605732 -0.13168  0.629477         0 -0.777019  0.151812 0 0 0 1         0 -0.524398  0.872398         0 -0.524398  0.785398 -0.524398  0.785398         0 -0.785398  0.785398         0 -0.785398  0.785398 -0.785398  0.785398
0.155459
0.542163
0.68088
100
4
96
0.140676
0.487767
0.150381 0.146781 0.130072 0.154475 0.175857 0.150713 0.190101 0.152993 0.168098 0.156684 0.145063 0.143622 0.146948 0.149695 0.145576 0.14646 0.166118 0.148137 0.158366 0.166575 0.158407 0.168601 0.131493 0.15488 0.150191 0.139815 0.15324 0.158723 0.136053 0.0254758 0.144807 0.0269123 0.177443 0.141361 0.144149 0.161152 0.159779 0.166255 0.135826 0.148093 0.15062 0.0327686 0.166017 0.138017 0.184551 0.14192 0.138107 0.172874 0.130942 0.150408 0.142637 0.154751 0.151046 0.0296225 0.134292 0.141901 0.0319479 0.0302036 0.157108 0.17714 0.183779 0.158127 0.169344 0.150411 0.141539 0.145397 0.149757 0.138509 0.113083 0.0256864 0.16334 0.146854 0.0276978 0.12769 0.166676 0.150115 0.166784 0.14401 0.14973 0.149227 0.138518 0.1559 0.156352 0.173498 0.161029 0.129712 0.143512 0.156066 0.153077 0.160427 0.14165 0.0275658 0.165081 0.133831 0.156505 0.152158 
0.53025 0.510499 0.490187 0.526911 0.514049 0.523985 0.533087 0.528675 0.587164 0.53789 0.491489 0.540303 0.524916 0.5407 0.525793 0.518287 0.482035 0.552073 0.528012 0.525686 0.527941 0.54834 0.526134 0.534649 0.518832 0.544325 0.51879 0.564706 0.481719 0.034347 0.524337 0.0357999 0.577649 0.531788 0.51907 0.52855 0.526071 0.568495 0.524942 0.57261 0.53123 0.0415977 0.493545 0.502592 0.451586 0.532571 0.506485 0.520251 0.499474 0.539304 0.514564 0.55908 0.539147 0.0383904 0.550591 0.522522 0.0409375 0.0389733 0.532794 0.518671 0.524303 0.5344 0.436668 0.539229 0.496072 0.541924 0.536411 0.487831 0.578647 0.0361241 0.558461 0.587707 0.0383345 0.524611 0.551352 0.528677 0.557974 0.497978 0.476365 0.561855 0.525972 0.558942 0.536155 0.552148 0.552364 0.537241 0.511238 0.539148 0.526947 0.529465 0.522457 0.504288 0.546467 0.521625 0.536705 0.534142 
