 0.652874  0.751142 0.0976813 -0.026618   0.742873  -0.660141   0.111147 -0.0158616   0.14797         0 -0.988992  0.187537 0 0 0 1         0 -0.524398  0.959398         0 -0.524398  0.959398 -0.524398  0.785398         0 -0.785398  0.785398         0 -0.785398  0.785398 -0.785398  0.785398
0.15227
0.507392
0.148516
100
1
99
0.177166
0.61051
0.169323 0.274804 0.159054 0.171341 0.149824 0.171161 0.152034 0.14522 0.193512 0.141018 0.185169 0.126722 0.178032 0.169166 0.160804 0.152684 0.195146 0.180624 0.170013 0.175084 0.185853 0.171419 0.182978 0.162371 0.169297 0.165659 0.146635 0.168149 0.112227 0.166285 0.172615 0.181781 0.157852 0.160375 0.2073 0.190815 0.173971 0.186506 0.170626 0.16629 0.182592 0.167113 0.146025 0.193478 0.185068 0.165411 0.160831 0.17682 0.143007 0.164117 0.172779 0.175234 0.167302 0.181574 0.17987 0.154371 0.144642 0.142017 0.15872 0.175123 0.165159 0.387515 0.17787 0.195368 0.174824 0.393484 0.183615 0.192772 0.126218 0.3091 0.196068 0.136341 0.167534 0.193839 0.159069 0.1802 0.173801 0.174297 0.16735 0.157878 0.296058 0.160681 0.184989 0.196329 0.168826 0.181271 0.152155 0.146346 0.165491 0.173508 0.174488 0.181982 0.19306 0.16756 0.174102 0.17219 0.148394 0.183219 0.150673 
0.454021 1.79337 0.468977 0.520489 0.570655 0.556202 0.53679 0.510899 0.564011 0.458672 0.532854 0.420245 0.566393 0.525049 0.507675 0.475554 0.56643 0.55689 0.535217 0.493177 0.561334 0.542501 0.541867 0.522133 0.557408 0.449276 0.479001 0.562285 0.433063 0.513169 0.55017 0.529964 0.509194 0.517626 1.52059 0.559945 0.528591 0.54685 0.554979 0.531775 0.538142 0.566059 0.381446 0.567193 0.558143 0.556397 0.554878 0.520735 0.479268 0.570197 0.533897 0.497516 0.507152 0.560974 0.527105 0.450081 0.4367 0.567874 0.541053 0.55357 0.518715 2.11905 0.533074 0.555574 0.537875 2.17496 0.54531 0.551474 0.473102 1.87581 0.565993 0.494746 0.522926 0.559874 0.470977 0.527035 0.550498 0.529582 0.541752 0.566643 1.95224 0.533283 0.564805 0.555813 0.558347 0.587602 0.501821 0.546541 0.471066 0.525289 0.556859 0.536106 0.555569 0.498659 0.55317 0.48155 0.547361 0.551987 0.553795 
