 -0.250908  -0.966946 -0.0453982  0.0230596 -0.951496  0.254982  -0.17216 0.0478346  0.178045         0 -0.984022  0.178743 0 0 0 1         0 -0.350398  0.872398         0 -0.524398  0.872398 -0.524398  0.785398         0 -0.785398  0.785398         0 -0.785398  0.785398 -0.785398  0.785398
0.1489
0.444538
0.178999
100
3
97
0.174096
0.74718
0.169807 0.0253723 0.206138 0.0252996 0.250283 0.146628 0.176019 0.142105 0.0275861 0.315881 0.159989 0.151707 0.0250192 0.373105 0.0230714 0.12487 0.405019 0.163139 0.163997 0.178785 0.168109 0.0242219 0.148966 0.0259412 0.144775 0.173346 0.163472 0.157128 0.293659 0.176209 0.158028 0.188255 0.15822 0.17066 0.176269 0.025109 0.164757 0.1649 0.253855 0.1561 0.140599 0.292777 0.298698 0.184695 0.157031 0.178257 0.139275 0.207013 0.175416 0.152366 0.257851 0.175432 0.37588 0.309497 0.132313 0.132789 0.159047 0.145415 0.170046 0.172941 0.169027 0.285771 0.0189564 0.148696 0.151022 0.166986 0.363907 0.0229359 0.0274669 0.0241543 0.276145 0.162757 0.150313 0.167846 0.308011 0.353982 0.0261866 0.170874 0.319139 0.162318 0.153508 0.172424 0.186793 0.028687 0.379217 0.169166 0.288266 0.165505 0.160828 0.177774 0.151405 0.17928 0.168283 0.149711 0.0271799 0.159887 0.389733 
0.532888 0.033953 1.5155 0.0336937 1.69467 0.418546 0.539962 0.464005 0.0377712 2.073 0.494966 0.496986 0.0345858 2.0719 0.0323197 0.426515 2.20496 0.504626 0.447065 0.532822 0.459617 0.03389 0.472353 0.034963 0.429824 0.533957 0.456265 0.464203 1.91163 0.552508 0.451656 0.463992 0.485881 0.437468 0.487933 0.0346746 0.488011 0.542541 1.85429 0.487023 0.495464 1.91293 1.92093 0.5686 0.506883 0.478876 0.443902 0.865892 0.548325 0.465906 1.65912 0.562564 2.10319 1.98317 0.53354 0.432564 0.50318 0.414315 0.504193 0.44713 0.509457 1.93348 0.0274392 0.548288 0.466169 0.443269 2.07524 0.0325779 0.0369858 0.0339679 1.92873 0.537313 0.487879 0.498041 1.95947 2.08657 0.0361971 0.567141 1.99946 0.522632 0.537685 0.554577 0.544592 0.0374188 2.21375 0.462933 1.81977 0.501582 0.551014 0.86554 0.440477 0.541758 0.53078 0.490185 0.0372368 0.404682 2.18805 
