-0.0656324   0.995507 -0.0682569 0.00633253  0.689999 0.0946923   0.71759 -0.150383  0.720829         0 -0.693113   0.13245 0 0 0 1         0 -0.524398  0.872398         0 -0.524398  0.785398 -0.524398  0.785398         0 -0.785398  0.785398         0 -0.785398  0.785398 -0.785398  0.785398
0.161599
0.548979
0.765799
100
7
93
0.135294
0.45195
0.148623 0.163957 0.138037 0.0299337 0.167183 0.0262776 0.158289 0.126872 0.151161 0.134041 0.137193 0.139382 0.166727 0.161288 0.148125 0.157833 0.153567 0.174728 0.152641 0.153085 0.129558 0.149812 0.158453 0.142047 0.0272593 0.165923 0.11474 0.152506 0.155837 0.120079 0.157848 0.0291742 0.131127 0.171006 0.15677 0.160302 0.15619 0.190825 0.172639 0.144027 0.0296049 0.131364 0.159234 0.0315774 0.163946 0.161917 0.152452 0.156308 0.141893 0.154137 0.161468 0.144956 0.16943 0.166307 0.164763 0.153421 0.153667 0.170781 0.176522 0.160394 0.148307 0.116133 0.191045 0.0470347 0.162262 0.0299265 0.149515 0.137057 0.16761 0.158613 0.162909 0.0325175 0.130054 0.0258154 0.157516 0.134315 0.185674 0.157842 0.159539 0.169773 0.144135 0.189915 0.0272486 0.164862 0.160477 0.0303613 0.0270987 0.193909 0.0279857 0.155641 0.161881 0.166477 0.0296889 
0.536621 0.545465 0.472492 0.0401824 0.525852 0.0370863 0.525882 0.489686 0.491211 0.502411 0.50967 0.469463 0.515595 0.556173 0.529131 0.513134 0.524979 0.579824 0.521819 0.521715 0.486172 0.506509 0.522269 0.49798 0.0386234 0.548297 0.497138 0.471779 0.515088 0.479257 0.52541 0.0413361 0.500237 0.522843 0.549023 0.512658 0.497591 0.496473 0.55461 0.496918 0.545076 0.486096 0.537997 0.041627 0.547884 0.534137 0.598648 0.511685 0.475862 0.498457 0.538251 0.473521 0.546611 0.522176 0.54038 0.53794 0.512172 0.522766 0.545621 0.528136 0.512246 0.488188 0.492172 0.50354 0.510904 0.0396113 0.544881 0.587515 0.545522 0.520113 0.530213 0.0420366 0.491522 0.0373073 0.529836 0.507293 0.502138 0.510137 0.519777 0.528693 0.513501 0.470323 0.0387726 0.530036 0.511019 0.041377 0.0397166 0.535293 0.0390741 0.518273 0.536311 0.559938 0.0404682 
