 0.345276 -0.331612  0.877963 -0.148561 -0.121365 -0.943416 -0.308605 0.0623266  0.930621         0 -0.365985 0.0835572 0 0 0 1         0 -0.524398  0.872398         0 -0.350398  0.785398 -0.524398  0.959398         0 -0.785398  0.785398         0 -0.785398  0.785398 -0.785398  0.785398
0.125559
0.483501
0.374691
100
0
100
0.1335
0.593257
0.127328 0.129198 0.259923 0.279262 0.164442 0.114122 0.156709 0.0960144 0.107141 0.100025 0.141426 0.149504 0.15338 0.120071 0.11736 0.15228 0.242741 0.134199 0.105658 0.191892 0.11506 0.284264 0.143984 0.132481 0.183375 0.111269 0.0808817 0.131525 0.0809585 0.107682 0.152108 0.14584 0.0686528 0.112567 0.0936523 0.134322 0.158554 0.112939 0.0624605 0.0747595 0.119228 0.114385 0.131379 0.148938 0.0523872 0.108704 0.170659 0.118224 0.0964117 0.285372 0.133619 0.0966148 0.0821124 0.124039 0.137714 0.143261 0.0928171 0.0783842 0.124123 0.311312 0.135745 0.105989 0.0978433 0.155603 0.152655 0.12019 0.127448 0.115198 0.0975436 0.0905905 0.138932 0.138664 0.124684 0.115277 0.124478 0.194249 0.140736 0.105814 0.151261 0.0822794 0.113027 0.0562239 0.117865 0.117083 0.0339446 0.121618 0.155108 0.345178 0.155096 0.143994 0.148278 0.059742 0.121439 0.114928 0.125851 0.136009 0.20492 0.137795 0.0974186 0.129647 
0.485046 0.625356 1.53916 1.51934 0.588242 0.432365 0.621414 0.459229 0.546713 0.443868 0.58151 0.463097 0.478185 0.621467 0.53711 0.45984 1.51942 0.502159 0.468479 1.18893 0.41219 1.64981 0.430582 0.478207 1.27235 0.486701 0.524773 0.506172 0.486222 0.606076 0.524611 0.526478 0.387026 0.404604 0.388401 0.519299 0.484631 0.450204 0.228532 0.397076 0.44733 0.563019 0.604457 0.5744 0.46348 0.468667 0.613891 0.417236 0.447971 1.41861 0.445547 0.431477 0.381301 0.461284 0.534444 0.458378 0.41119 0.458902 0.564848 1.36541 0.500348 0.452942 0.391035 0.500357 0.474418 0.446925 0.396462 0.4156 0.488767 0.418396 0.438273 0.594505 0.509486 0.399615 0.447521 1.29083 0.492238 0.469277 0.618498 0.499639 0.430309 0.4484 0.447603 0.475883 0.439311 0.580085 0.470807 1.60691 0.553636 0.482757 0.549558 0.3704 0.579607 0.445095 0.532102 0.622385 1.76144 0.505778 0.526381 0.475416 
