  0.103109   0.982287   0.156462 -0.0453243  0.540518 -0.187381    0.8202 -0.180856   0.83499         0 -0.550265   0.10597 0 0 0 1         0 -0.524398  0.959398         0 -0.524398  0.785398 -0.524398  0.785398         0 -0.785398  0.785398         0 -0.785398  0.785398 -0.785398  0.785398
0.166891
0.519934
0.582682
100
14
86
0.145296
0.465424
0.032245 0.178852 0.15674 0.13509 0.167033 0.129779 0.175206 0.164758 0.193386 0.186197 0.14233 0.163015 0.152982 0.163201 0.170296 0.164253 0.163061 0.168921 0.185115 0.160366 0.173877 0.141728 0.172565 0.164013 0.17613 0.159128 0.174429 0.180479 0.158347 0.0595707 0.0288094 0.166431 0.158241 0.155369 0.159937 0.18023 0.0315583 0.0331233 0.0816388 0.128882 0.186321 0.0291721 0.170262 0.162555 0.169835 0.177153 0.166876 0.163389 0.172725 0.170592 0.149176 0.137539 0.17118 0.165337 0.0272893 0.14429 0.199359 0.178908 0.167423 0.166715 0.180305 0.169268 0.0615195 0.146428 0.143585 0.135542 0.175984 0.135433 0.179131 0.15362 0.0341259 0.166291 0.0277444 0.161676 0.183033 0.176438 0.0314809 0.140827 0.163453 0.16325 0.188938 0.15501 0.156335 0.167479 0.0313969 0.153721 
0.0466098 0.529136 0.467562 0.511644 0.516651 0.443022 0.493368 0.465209 0.537858 0.541793 0.49497 0.525419 0.507132 0.513641 0.502541 0.47185 0.537018 0.513318 0.525371 0.52936 0.539473 0.473463 0.540236 0.498061 0.525519 0.516145 0.552142 0.518971 0.521522 0.429979 0.0393634 0.482866 0.526084 0.471446 0.525654 0.51721 0.533489 0.042159 0.43655 0.485379 0.558331 0.039199 0.51087 0.509026 0.520492 0.546066 0.533057 0.534314 0.550161 0.514817 0.502582 0.483881 0.543575 0.519829 0.0383991 0.507141 0.518738 0.525958 0.5057 0.517994 0.495394 0.522483 0.506455 0.490375 0.507316 0.49218 0.529586 0.505875 0.531511 0.523088 0.0467948 0.527885 0.0383816 0.506663 0.527512 0.553742 0.0455557 0.498211 0.51263 0.50494 0.600401 0.560131 0.61183 0.508538 0.0403124 0.509397 
