-0.194593  0.966946  -0.16477 0.0201479   0.73794  0.254982  0.624843 -0.111543  0.646203         0 -0.763166  0.150031 0 0 0 1         0 -0.524398  0.785398         0 -0.437398  0.872398 -0.524398  0.872398         0 -0.785398  0.785398         0 -0.785398  0.785398 -0.785398  0.785398
0.117086
0.44641
0.702598
100
4
96
0.109179
0.527057
0.133317 0.0306036 0.143175 0.0987066 0.029013 0.112786 0.06814 0.134255 0.125771 0.15366 0.0916957 0.302429 0.0963601 0.0933207 0.128707 0.135933 0.0865735 0.0234355 0.0910218 0.123365 0.117098 0.087389 0.171074 0.133739 0.0271318 0.0754584 0.078522 0.248236 0.0848365 0.0724333 0.081813 0.0897405 0.246973 0.0468893 0.112749 0.0988767 0.114991 0.140607 0.0951371 0.133494 0.126535 0.0852718 0.05416 0.116082 0.109891 0.17206 0.0226235 0.0946525 0.0875396 0.0476168 0.117314 0.0930399 0.128582 0.258201 0.0200815 0.0416543 0.0403131 0.381872 0.269377 0.120834 0.104887 0.132741 0.142422 0.0203793 0.269832 0.0997686 0.118322 0.0644491 0.0200692 0.143397 0.0785626 0.363259 0.0521407 0.100957 0.0754836 0.111314 0.0472365 0.100497 0.0251869 0.111561 0.148875 0.112495 0.0213522 0.0914364 0.145993 0.123697 0.139493 0.156356 0.017234 0.0667494 0.0738712 0.025613 0.0138438 0.116454 0.128149 0.0699591 
0.501306 0.436259 0.523281 0.487264 0.447241 0.489555 0.435796 0.467071 0.48686 0.474035 0.532507 1.64475 0.443035 0.43299 0.508827 0.483497 0.48078 0.464355 0.4467 0.485115 0.450788 0.559058 0.424486 0.482443 0.0379922 0.456016 0.468836 1.34625 0.428442 0.417891 0.411798 0.439746 1.21363 0.501482 0.497112 0.424413 0.524071 0.477968 0.404117 0.470278 0.47789 0.495587 0.394779 0.469196 0.582825 0.710585 0.0313655 0.453817 0.464636 0.490229 0.488613 0.477208 0.47768 1.36214 0.0306441 0.457345 0.454523 1.69466 1.48836 0.502807 0.513818 0.492335 0.52551 0.0316696 1.36465 0.516868 0.517666 0.469367 0.0304911 0.527224 0.415738 1.75691 0.484434 0.447734 0.562083 0.471165 0.473548 0.513546 0.486956 0.490609 0.527561 0.484277 0.0324763 0.433795 0.492816 0.496549 0.507944 0.45637 0.0266173 0.487032 0.507593 0.431647 0.0219463 0.484653 0.486142 0.514776 
