-0.920913 -0.347515 -0.176503 0.0537167  -0.341303   0.937675 -0.0654142 0.00972646  0.188234         0 -0.982124  0.178425 0 0 0 1         0 -0.350398  0.785398         0 -0.524398  0.785398 -0.524398  0.785398         0 -0.785398  0.785398         0 -0.785398  0.785398 -0.785398  0.785398
0.16273
0.485669
0.189364
100
2
98
0.161485
0.657995
0.121789 0.170367 0.393076 0.156692 0.161318 0.145696 0.298215 0.0244755 0.282679 0.157857 0.150533 0.199991 0.0249344 0.258539 0.0279973 0.172281 0.0175202 0.171212 0.0215851 0.115558 0.153066 0.154983 0.0292827 0.382617 0.0276698 0.151091 0.157935 0.161409 0.17876 0.159635 0.184104 0.02666 0.273584 0.15547 0.0250844 0.0265347 0.333738 0.178815 0.126971 0.165705 0.0283289 0.0241812 0.167136 0.164112 0.140066 0.308052 0.148577 0.0249412 0.162539 0.157841 0.185201 0.157186 0.175048 0.0814564 0.148356 0.358151 0.160059 0.172005 0.283458 0.150973 0.272218 0.269137 0.175768 0.0395474 0.0287324 0.1802 0.166357 0.361028 0.178512 0.0272041 0.151346 0.16197 0.164879 0.384275 0.155073 0.158718 0.15733 0.157362 0.0206771 0.142378 0.265294 0.165254 0.0582457 0.302199 0.158345 0.152908 0.135357 0.312555 0.159873 0.169787 0.240228 0.174751 0.175667 0.163777 0.171757 0.156617 0.166666 0.0204346 
0.420365 0.501562 2.27467 0.499036 0.540987 0.531362 1.87765 0.034915 1.78444 0.509437 0.468273 0.813098 0.0339653 0.919662 0.0379679 0.520182 0.0255067 0.459903 0.0326787 0.4943 0.504761 0.420438 0.0382392 2.12906 0.037225 0.446456 0.513873 0.547679 0.456863 0.517942 0.543093 0.0364543 1.83073 0.466825 0.0336445 0.0359493 2.05372 0.555196 0.425844 0.467931 0.0375479 0.0340288 0.433506 0.579798 0.397403 2.00067 0.461679 0.035439 0.48131 0.410978 0.551372 0.452366 0.548183 0.394652 0.424105 1.85895 0.450779 0.501388 1.82949 0.442347 1.83047 1.83095 0.498458 0.407609 0.0395547 0.571033 0.508719 2.05638 0.54828 0.0367152 0.574892 0.482027 0.511377 2.31749 0.41312 0.473375 0.518202 0.481647 0.0321327 0.511908 1.88487 0.456514 0.378009 1.88225 0.392041 0.459772 0.426174 1.9691 0.498719 0.483649 0.914845 0.522275 0.451414 0.520836 0.493159 0.418402 0.489904 0.029328 
