 -0.652874  -0.751142 -0.0976813   0.026618 -0.742873  0.660141 -0.111147 0.0158617   0.14797         0 -0.988992  0.187537 0 0 0 1         0 -0.524398  0.959398         0 -0.524398  0.959398 -0.524398  0.785398         0 -0.785398  0.785398         0 -0.785398  0.785398 -0.785398  0.785398
0.160561
0.52436
0.148516
100
0
100
0.182286
0.687213
0.20124 0.180398 0.158456 0.0990744 0.168043 0.18981 0.186114 0.0506634 0.181314 0.192303 0.160713 0.295668 0.15072 0.160436 0.189997 0.376023 0.183566 0.193605 0.167796 0.402053 0.141062 0.187152 0.167155 0.181461 0.184376 0.18647 0.168156 0.164548 0.179141 0.198699 0.145897 0.166989 0.102191 0.177774 0.178715 0.167591 0.180326 0.170245 0.171235 0.161399 0.310587 0.171543 0.141192 0.193933 0.168385 0.166301 0.267511 0.153926 0.0266396 0.291983 0.352473 0.194952 0.165016 0.190899 0.391557 0.160861 0.132135 0.170131 0.164461 0.177217 0.175286 0.163371 0.183728 0.161128 0.102895 0.193029 0.183351 0.154141 0.183096 0.33057 0.160962 0.19739 0.169218 0.162772 0.129643 0.195258 0.183313 0.356699 0.175513 0.158383 0.18732 0.18209 0.103883 0.181972 0.182301 0.274411 0.102836 0.0654179 0.180607 0.184164 0.170686 0.149753 0.144342 0.138912 0.182038 0.186869 0.12476 0.155336 0.180509 0.170385 
0.575238 0.536031 0.446632 0.368924 0.512375 0.557129 0.584415 0.403879 0.600246 0.578789 0.510169 1.96942 0.473048 0.51096 0.558917 2.05936 0.574464 0.562791 0.489367 2.24138 0.559775 0.552572 0.559268 0.544308 0.538609 0.55022 0.478973 0.572672 0.549888 0.553287 0.457171 0.55203 0.543674 0.551164 0.547304 0.554049 0.554882 0.528723 0.571659 0.516904 1.95573 0.587906 0.549128 0.566038 0.556821 0.538081 2.03379 0.484412 0.510771 1.98412 1.84285 0.566758 0.456418 0.564907 2.17456 0.495129 0.488575 0.554945 0.547233 0.521163 0.561017 0.487509 0.557118 0.471727 0.47785 0.562577 0.581216 0.485247 0.565105 1.85667 0.538926 0.545167 0.540211 0.48843 0.454686 0.55853 0.54689 1.88156 0.537615 0.519977 0.574933 0.529133 0.498118 0.541141 0.55419 1.8699 0.384225 0.448037 0.510668 0.542091 0.534872 0.483018 0.47325 0.505799 0.550285 0.565984 0.466723 0.473826 0.532069 0.53502 
