 0.737999 -0.331612    0.5877 -0.122581 -0.259407 -0.943416 -0.206577 0.0531946  0.622949         0 -0.782262  0.153319 0 0 0 1         0 -0.524398  0.872398         0 -0.524398  0.872398 -0.524398  0.785398         0 -0.785398  0.785398         0 -0.785398  0.785398 -0.785398  0.785398
0.0948433
0.485961
0.672507
100
2
98
0.144085
0.496238
0.127294 0.167606 0.134214 0.174678 0.161234 0.165543 0.178262 0.189607 0.162225 0.166814 0.155942 0.194257 0.156428 0.163752 0.162426 0.0293585 0.0408301 0.14899 0.138093 0.155216 0.153365 0.177762 0.0876345 0.142675 0.151084 0.173589 0.157297 0.19476 0.165552 0.173617 0.161763 0.142768 0.032677 0.183563 0.158251 0.146836 0.121298 0.0278384 0.163029 0.16397 0.142032 0.158994 0.160341 0.150457 0.1604 0.0338727 0.154501 0.138012 0.154296 0.157679 0.101425 0.153277 0.173368 0.0303349 0.174382 0.0231433 0.147546 0.153626 0.161766 0.0388999 0.150033 0.141233 0.15043 0.153446 0.154909 0.0960866 0.179917 0.154047 0.166062 0.152555 0.160032 0.147109 0.163453 0.160987 0.159377 0.170634 0.172569 0.184259 0.0274893 0.149009 0.158822 0.178608 0.158402 0.0506436 0.154784 0.144612 0.176808 0.149626 0.177416 0.0501642 0.16176 0.184916 0.193175 0.162384 0.13908 0.16739 0.148614 0.149 
0.506247 0.553535 0.498045 0.537066 0.496567 0.547854 0.576551 0.525683 0.540752 0.525257 0.543534 0.539042 0.462342 0.541927 0.528517 0.0376598 0.487983 0.525167 0.527133 0.509133 0.517987 0.552394 0.476465 0.507997 0.520671 0.532921 0.51082 0.530502 0.535511 0.538564 0.521316 0.515453 0.0440831 0.52772 0.484792 0.53803 0.503499 0.0365383 0.540861 0.540455 0.556526 0.542896 0.56322 0.534911 0.543611 0.0438812 0.546714 0.552437 0.503334 0.506664 0.488127 0.532804 0.513528 0.039933 0.578141 0.423078 0.497452 0.525743 0.530864 0.522138 0.525816 0.57673 0.552516 0.529972 0.551127 0.48519 0.533013 0.513346 0.542578 0.54173 0.53066 0.519163 0.526172 0.551065 0.537946 0.566885 0.570739 0.475543 0.0363445 0.496278 0.527613 0.541266 0.521627 0.437747 0.52961 0.517654 0.631954 0.533047 0.532888 0.45927 0.503498 0.500194 0.551611 0.529569 0.497021 0.556751 0.532949 0.531626 
