 0.208448 -0.705413  0.677452 -0.110344 -0.207453 -0.708796 -0.674219  0.123247  0.955779         0 -0.294087 0.0697487 0 0 0 1         0 -0.524398  0.872398         0 -0.350398  0.785398 -0.524398  0.959398         0 -0.785398  0.785398         0 -0.785398  0.785398 -0.785398  0.785398
0.162837
0.573289
0.2985
100
2
98
0.138023
0.620278
0.137995 0.111926 0.104399 0.126873 0.0981385 0.12866 0.121913 0.141421 0.100616 0.20855 0.0779914 0.232895 0.138265 0.101338 0.129329 0.159215 0.173635 0.106889 0.0784674 0.142695 0.136775 0.152481 0.220802 0.0931247 0.138715 0.100113 0.15283 0.114936 0.0581224 0.0894007 0.173043 0.308563 0.110054 0.134096 0.142171 0.194086 0.150842 0.146337 0.145397 0.143789 0.0198301 0.0911961 0.100229 0.0955341 0.144577 0.158831 0.140074 0.0827341 0.122526 0.160411 0.177813 0.201006 0.0690879 0.28766 0.338403 0.337998 0.0793841 0.128459 0.16428 0.104199 0.092578 0.128851 0.048937 0.139938 0.116914 0.080825 0.13215 0.129791 0.145758 0.108476 0.130234 0.165612 0.114659 0.155562 0.0205966 0.280434 0.127769 0.111149 0.107978 0.113063 0.142608 0.155003 0.126533 0.107093 0.125597 0.137251 0.078233 0.190541 0.130606 0.18499 0.0819631 0.134452 0.154795 0.056281 0.32737 0.117708 0.114528 0.178325 
0.611095 0.430603 0.412413 0.452345 0.507642 0.573491 0.425571 0.528689 0.470249 1.20149 0.507856 1.27305 0.438498 0.43205 0.399278 0.548044 0.542597 0.496415 0.471726 0.433869 0.444251 0.637817 1.35854 0.521718 0.460371 0.507128 0.445175 0.547296 0.458304 0.487458 0.609861 1.83437 0.501135 0.429282 0.460519 1.22817 0.441968 0.431707 0.528439 0.457566 0.490986 0.457713 0.48739 0.479625 0.476703 0.550671 0.430872 0.370782 0.411085 1.17379 1.11102 1.40249 0.487296 1.50287 1.46926 1.54298 0.363411 0.535214 0.464229 0.44546 0.437166 0.520159 0.43976 0.693248 0.391399 0.4651 0.489098 0.406615 0.434736 0.358293 0.438838 0.539896 0.382779 0.531927 0.45794 1.55486 0.595977 0.452197 0.384469 0.747279 0.558128 0.663041 0.431832 0.409696 0.351345 0.454964 0.403776 1.27297 0.406538 1.31667 0.429457 0.422337 0.519229 0.356481 1.50931 0.376801 0.399409 1.18165 
