  0.194593   0.966946    0.16477 -0.0385779   0.73794 -0.254982  0.624843 -0.106683  0.646203         0 -0.763166  0.150031 0 0 0 1         0 -0.524398  0.872398         0 -0.437398  0.959398 -0.524398  0.785398         0 -0.785398  0.785398         0 -0.785398  0.785398 -0.785398  0.785398
0.115006
0.490699
0.702598
100
1
99
0.110101
0.539887
0.118503 0.0749068 0.108958 0.0522668 0.0371864 0.112081 0.111097 0.153074 0.108717 0.0507594 0.134507 0.0719111 0.156789 0.115631 0.102689 0.024344 0.0999964 0.0635899 0.11716 0.0978834 0.117086 0.0422823 0.116249 0.069725 0.144639 0.0254165 0.0962484 0.0686444 0.0239376 0.214857 0.0842417 0.385176 0.1135 0.0520364 0.0739419 0.110741 0.0785168 0.0960296 0.0250453 0.127126 0.130083 0.0740547 0.381719 0.0688187 0.130494 0.0989749 0.111618 0.106849 0.129326 0.134864 0.1062 0.137997 0.0982292 0.13765 0.141562 0.130844 0.128974 0.296331 0.112776 0.0684155 0.0612202 0.120143 0.016167 0.038513 0.146963 0.0439497 0.13555 0.121312 0.0273623 0.122834 0.110308 0.113906 0.101777 0.0226371 0.0908825 0.0984125 0.0747831 0.0205664 0.101975 0.100846 0.0677266 0.136563 0.0564707 0.123367 0.0744896 0.131736 0.0648672 0.333744 0.0817561 0.0347805 0.138306 0.122511 0.0709117 0.324983 0.401914 0.110266 0.0709951 0.0646168 0.116654 
0.467137 0.431312 0.459541 0.453165 0.498727 0.53403 0.475902 0.478967 0.509087 0.436854 0.492585 0.544494 0.530278 0.467944 0.479255 0.0354146 0.468161 0.42006 0.456613 0.433911 0.494108 0.405502 0.481625 0.500212 0.531971 0.0348873 0.475387 0.455004 0.0345315 1.2927 0.532596 1.89986 0.505697 0.449724 0.482431 0.462818 0.425165 0.455556 0.473775 0.468127 0.47623 0.446297 1.78626 0.530349 0.5151 0.461057 0.499601 0.42372 0.542377 0.453161 0.466517 0.476273 0.459871 0.491951 0.521097 0.481038 0.541446 1.56301 0.484744 0.404287 0.453014 0.477506 0.0276927 0.463095 0.48607 0.477838 0.468776 0.508367 0.49637 0.49838 0.495257 0.466051 0.521346 0.441997 0.486026 0.494531 0.41833 0.0318395 0.488764 0.463703 0.505978 0.539207 0.45089 0.469113 0.512348 0.449737 0.468926 1.62853 0.453717 0.463044 0.50956 0.490161 0.43984 1.59266 1.91731 0.494922 0.470609 0.506506 0.46132 
