0.0819608  0.704328  0.705127 -0.122934 0.0813203 -0.709875  0.699618 -0.108549  0.993312         0 -0.115458 0.0607838 0 0 0 1          0  -0.524398     1.0464          0 -0.0893982     1.6554  -0.437398   0.959398         0 -0.785398  0.785398         0 -0.785398  0.785398 -0.785398  0.785398
0.0745034
0.450711
0.115716
100
10
90
0.135442
0.837063
0.0557392 0.0769787 0.216199 0.230256 0.106242 0.0649765 0.231576 0.0911355 0.298177 0.0934008 0.0120873 0.100847 0.0126738 0.228203 0.0164872 0.234125 0.199154 0.0147862 0.204203 0.070291 0.0975591 0.19726 0.232397 0.231146 0.0877058 0.0674509 0.124902 0.0829557 0.0861166 0.110837 0.211727 0.0124992 0.202535 0.293223 0.191465 0.21774 0.0160316 0.0825143 0.116812 0.211892 0.014065 0.0699772 0.221541 0.162806 0.0120574 0.0992982 0.108224 0.280676 0.215134 0.0907626 0.0103377 0.0894396 0.0145089 0.224148 0.0702428 0.0706594 0.0991738 0.154061 0.0158106 0.207772 0.104647 0.225715 0.0872177 0.320814 0.272276 0.18786 0.249033 0.326547 0.226936 0.113261 0.116562 0.117641 0.255887 0.0209303 0.334241 0.131281 0.0524645 0.0143396 0.112978 0.194427 0.0789994 0.125356 0.167003 0.112097 0.0851253 0.107359 0.119638 0.169252 0.0153494 0.0815341 
0.420446 0.455009 1.35815 1.34886 0.497281 0.496707 1.26803 0.437191 2.53731 0.515599 0.0208551 0.479346 0.0227365 1.99652 0.441512 1.39583 1.32674 0.0248653 1.4097 0.424933 0.513644 1.3877 1.18572 1.25561 0.434842 0.457268 0.45075 0.458054 0.542702 0.532266 1.35496 0.0230871 1.28177 2.4461 1.32938 1.30708 0.0254837 0.438849 0.592811 1.36809 0.0239781 0.417243 1.37655 1.25415 0.0209619 0.522686 0.44344 2.34349 1.42632 0.480424 0.0185432 0.481505 0.0247388 1.47211 0.467307 0.412929 0.424906 0.422792 0.0263544 1.38928 0.488917 1.3818 0.480152 2.60648 1.78048 1.2678 1.37183 2.64266 1.27265 0.512329 0.471991 0.463232 1.62875 0.0283252 2.58857 0.519742 0.408282 0.0218691 0.474851 1.30909 0.529763 0.518454 1.19224 0.459111 0.49359 0.50866 0.471731 1.23846 0.0229001 0.467446 
