  0.423544  -0.704328   0.569678 -0.0919006 -0.420234 -0.709875 -0.565226  0.104609  0.802505         0 -0.596646  0.123338 0 0 0 1         0 -0.524398  0.872398         0 -0.350398  0.785398 -0.524398  0.872398         0 -0.785398  0.785398         0 -0.785398  0.785398 -0.785398  0.785398
0.0984969
0.496544
0.639315
100
3
97
0.109717
0.551487
0.0961626 0.0347939 0.133854 0.0067383 0.0896341 0.0996994 0.106364 0.0750051 0.12401 0.110202 0.0960693 0.126938 0.126224 0.0875904 0.0575479 0.142349 0.109743 0.0254863 0.0272263 0.0728612 0.0894623 0.127537 0.0552166 0.142471 0.100977 0.100484 0.139927 0.130048 0.148108 0.0479198 0.0901176 0.116629 0.127607 0.0891445 0.122251 0.0619936 0.267218 0.0946534 0.116017 0.105723 0.191526 0.0754685 0.092646 0.0638753 0.114808 0.0982116 0.0891253 0.120771 0.0219241 0.128203 0.104965 0.126567 0.107078 0.0880745 0.26991 0.1161 0.0233904 0.144091 0.104607 0.0963275 0.121706 0.0553855 0.333309 0.219691 0.142973 0.229627 0.11227 0.0700769 0.0263594 0.130787 0.10171 0.124655 0.143704 0.11101 0.13783 0.00586336 0.109715 0.123063 0.124821 0.120031 0.138128 0.0863202 0.0899527 0.0428262 0.137307 0.0296468 0.12959 0.08975 0.129383 0.133567 0.118401 0.25215 0.0938605 0.085056 0.115351 0.128742 0.0982233 
0.454846 0.409763 0.492531 0.447218 0.374034 0.432024 0.451924 0.484101 0.494755 0.452201 0.431815 0.489332 0.495418 0.422902 0.477268 0.496481 0.426154 0.0358448 0.460129 0.489945 0.406826 0.469007 0.55617 0.579393 0.489143 0.440673 0.486606 0.536079 0.485768 0.472393 0.509082 0.468889 0.510515 0.409973 0.544695 0.479085 1.46839 0.515376 0.472702 0.441863 1.33828 0.548822 0.572277 0.491631 0.496062 0.452016 0.51895 0.498799 0.469952 0.480686 0.479364 0.491259 0.564105 0.443604 1.97258 0.571604 0.535044 0.448916 0.453946 0.491284 0.539948 0.458619 1.70318 1.15506 0.451784 1.27961 0.454307 0.484654 0.477586 0.457162 0.557845 0.45234 0.4951 0.461521 0.477672 0.453735 0.467464 0.587846 0.472147 0.58719 0.498435 0.514877 0.517644 0.451217 0.449898 0.490659 0.458939 0.574695 0.474256 0.553859 0.470186 1.27041 0.560856 0.542235 0.451552 0.469291 0.489975 
