-0.651639  0.704328 -0.281583 0.0572642   0.646547   0.709875   0.279383 -0.0702428  0.396666         0 -0.917963  0.174289 0 0 0 1         0 -0.437398  0.785398         0 -0.524398  0.785398 -0.524398  0.785398         0 -0.785398  0.785398         0 -0.785398  0.785398 -0.785398  0.785398
0.150517
0.533923
0.407882
100
1
99
0.148447
0.501519
0.143631 0.157892 0.155006 0.145317 0.131984 0.157623 0.155746 0.169054 0.156046 0.154018 0.156086 0.152503 0.147084 0.169422 0.133361 0.14268 0.168266 0.154921 0.157212 0.157476 0.161223 0.182027 0.137717 0.142665 0.0270668 0.147904 0.169013 0.153717 0.173723 0.169329 0.160776 0.156974 0.162058 0.164863 0.183336 0.184647 0.160755 0.14417 0.134959 0.159913 0.167815 0.172314 0.169471 0.166324 0.168336 0.15835 0.148091 0.143342 0.147783 0.13722 0.144098 0.154139 0.144505 0.147841 0.174423 0.160324 0.140303 0.150659 0.143019 0.155697 0.129738 0.159941 0.159639 0.161045 0.159924 0.0323404 0.156109 0.15042 0.157835 0.129247 0.151915 0.161155 0.143453 0.161746 0.158386 0.148703 0.180173 0.145894 0.0281928 0.077894 0.154815 0.172254 0.162261 0.151589 0.159161 0.151631 0.0249012 0.161789 0.145526 0.145508 0.167136 0.168152 0.147228 0.146374 0.126695 0.0252364 0.169754 0.169005 0.157254 
0.555398 0.465024 0.5328 0.541646 0.513399 0.537023 0.528071 0.575926 0.487745 0.56119 0.463168 0.560037 0.569151 0.502441 0.53761 0.546402 0.467395 0.555752 0.557016 0.500082 0.539289 0.574382 0.573659 0.547839 0.0372687 0.544271 0.530192 0.502665 0.507166 0.531174 0.558369 0.556148 0.554387 0.559525 0.557923 0.5466 0.434823 0.541298 0.535362 0.522683 0.551419 0.461325 0.552545 0.476675 0.519265 0.497659 0.559188 0.510621 0.558714 0.559097 0.500184 0.531141 0.515551 0.518703 0.559259 0.567469 0.533319 0.558785 0.546062 0.49623 0.509524 0.517209 0.579229 0.508976 0.49534 0.0436078 0.531704 0.494663 0.482979 0.547286 0.542577 0.573607 0.472776 0.48784 0.55676 0.53633 0.53429 0.506882 0.0384489 0.427074 0.466311 0.553226 0.495905 0.547478 0.5488 0.533554 0.0346901 0.503111 0.515838 0.554381 0.475996 0.540226 0.507687 0.479357 0.517874 0.0343734 0.506344 0.52439 0.538205 
