 0.401126 -0.684547  0.608682 -0.129017 -0.376682 -0.728969  -0.57159  0.134228   0.83499         0 -0.550265   0.10597 0 0 0 1         0 -0.524398  0.959398         0 -0.524398  0.785398 -0.524398  0.785398         0 -0.785398  0.785398         0 -0.785398  0.785398 -0.785398  0.785398
0.170042
0.528738
0.582682
100
9
91
0.138678
0.43628
0.176209 0.0327241 0.152369 0.0297536 0.0231447 0.157451 0.172806 0.177714 0.166684 0.165178 0.196004 0.0347881 0.0330942 0.177908 0.153461 0.114446 0.179844 0.181025 0.144547 0.174249 0.187828 0.0320667 0.192401 0.185293 0.19532 0.152474 0.180609 0.168448 0.177656 0.17876 0.162523 0.17029 0.145009 0.17755 0.173005 0.164943 0.135514 0.157254 0.144812 0.0309042 0.172574 0.174735 0.169794 0.167629 0.171373 0.158866 0.150715 0.0312068 0.0297505 0.0332982 0.194001 0.163966 0.166377 0.175528 0.029449 0.153905 0.163265 0.0292938 0.154307 0.163591 0.168302 0.0287054 0.166436 0.170953 0.146604 0.0328055 0.135015 0.146539 0.171366 0.176712 0.176884 0.0286776 0.175551 0.182398 0.0289097 0.187057 0.190172 0.162246 0.15148 0.142601 0.176985 0.164512 0.17981 0.16391 0.178194 0.0326568 0.0311248 0.03237 0.176134 0.149869 0.155054 
0.509405 0.0439969 0.505769 0.0377294 0.468256 0.504845 0.522134 0.589451 0.516074 0.484718 0.522327 0.0466279 0.0438865 0.564773 0.541531 0.5542 0.536417 0.561985 0.482944 0.497745 0.538188 0.0448046 0.556245 0.329319 0.521831 0.496328 0.545638 0.497311 0.557658 0.573481 0.524919 0.559258 0.492426 0.483373 0.498424 0.50266 0.470388 0.511621 0.458761 0.0412193 0.528894 0.50206 0.526624 0.572735 0.506165 0.507988 0.516294 0.0392124 0.0409963 0.0412915 0.553897 0.512959 0.493328 0.579568 0.526949 0.510139 0.499276 0.0390887 0.501935 0.510352 0.593776 0.0387028 0.519002 0.5126 0.470337 0.0521347 0.488323 0.564233 0.529975 0.525432 0.538782 0.0392739 0.525066 0.523743 0.488895 0.560729 0.543059 0.503404 0.531632 0.520133 0.512261 0.50323 0.552157 0.5017 0.57255 0.0425477 0.0405476 0.0407822 0.516601 0.496917 0.604502 
