 0.614246  0.751142 -0.241843 0.0175201   0.69892 -0.660141 -0.275181 0.0343609  -0.36635         0 -0.930477   0.17993 0 0 0 1         0 0.0846018    1.3074         0 -0.524398  0.872398 -0.524398    1.0464         0 -0.785398  0.785398         0 -0.785398  0.785398 -0.785398  0.785398
0.0280766
0.508457
0.375083
100
6
94
0.127814
0.78485
0.176151 0.0800171 0.0247493 0.206784 0.237917 0.16512 0.0680794 0.258965 0.0172362 0.370474 0.0817918 0.0120509 0.301597 0.404836 0.0180578 0.0225765 0.0190705 0.175298 0.17135 0.103807 0.0190547 0.00463018 0.0646857 0.26326 0.0813252 0.148141 0.105222 0.397051 0.0242978 0.0203119 0.0321732 0.133575 0.0215546 0.349284 0.0233032 0.0144649 0.240388 0.0158697 0.0226972 0.150437 0.181954 0.0114357 0.0458797 0.244305 0.0110063 0.324349 0.0877665 0.0136467 0.299754 0.181224 0.0245331 0.0354591 0.0228395 0.38564 0.126499 0.0269514 0.0175195 0.0591541 0.016541 0.066376 0.248313 0.178553 0.0253806 0.174748 0.0200538 0.233445 0.137941 0.164133 0.0206197 0.235264 0.0328659 0.109371 0.253675 0.244501 0.146211 0.0997853 0.0735602 0.0192823 0.0154148 0.212814 0.0779178 0.0735857 0.0956658 0.0612052 0.172782 0.0156445 0.161261 0.318922 0.208833 0.262381 0.0168663 0.0671929 0.347475 0.258339 
0.648384 0.437134 0.0340229 0.785854 1.61415 0.659516 0.421843 1.55856 0.0251264 3.13203 0.457208 0.0195778 1.80979 3.28294 0.0275013 0.0340217 0.0281659 0.724091 0.715356 0.454634 0.0267057 0.0233356 0.447764 1.71717 0.471248 0.824229 0.456513 3.33045 0.411759 0.0291961 0.412505 0.652211 0.622154 3.13168 0.0331842 0.020504 1.56376 0.0249306 0.0333735 0.656438 0.793747 0.0175672 0.453409 1.67969 0.0169753 1.95357 0.450312 0.0223814 1.8361 0.772129 0.0339371 0.441551 0.0314429 3.32438 0.614792 0.464479 0.0256439 0.410951 0.289822 0.391609 1.70749 0.72614 0.0357206 0.77763 0.0318618 1.54306 0.774156 0.724712 0.0300939 1.69673 0.408266 0.466742 1.70198 1.54557 0.693839 0.473585 0.450526 0.0272991 0.0230624 1.72095 0.45196 0.434908 0.468841 0.529155 0.774262 0.0224182 0.66988 1.94575 0.869484 1.6226 0.290419 0.455435 2.04782 1.85007 
