  0.516565  -0.751141   0.411032 -0.0530368 -0.587773 -0.660141 -0.467692 0.0747949  0.622642         0 -0.782507  0.160694 0 0 0 1         0 -0.524398  0.872398         0 -0.176398  0.959398 -0.524398  0.959398         0 -0.785398  0.785398         0 -0.785398  0.785398 -0.785398  0.785398
0.0339445
0.418849
0.672115
100
2
98
0.115987
0.768201
0.0966537 0.0615621 0.0980813 0.118659 0.0138691 0.322082 0.241171 0.181878 0.102035 0.0276887 0.064397 0.0751097 0.044413 0.0244516 0.332597 0.0321861 0.0483398 0.100192 0.0618316 0.0565488 0.0651008 0.29097 0.0458339 0.21662 0.0164305 0.12591 0.0282356 0.172834 0.0892832 0.0600927 0.0247577 0.0193446 0.0117908 0.0524139 0.0832642 0.0811339 0.238363 0.0736608 0.0208648 0.0480664 0.0174041 0.0157812 0.0288512 0.0305432 0.241149 0.250408 0.0762872 0.0256184 0.35396 0.242417 0.314311 0.248897 0.334521 0.0297567 0.075395 0.082399 0.0720689 0.278755 0.0636359 0.202541 0.31386 0.0466839 0.0786065 0.0628205 0.0702437 0.0292149 0.080591 0.071925 0.0270339 0.0212106 0.0606089 0.0615334 0.0806259 0.0459712 0.0208583 0.302145 0.0558391 0.087076 0.30237 0.0959572 0.226866 0.305648 0.0417595 0.0679897 0.114236 0.243784 0.0449406 0.279091 0.0721496 0.0153132 0.113627 0.0570478 0.0919656 0.228689 0.181982 0.0451051 0.159648 0.308281 
0.523739 0.503993 0.489583 0.544452 0.430208 1.70423 1.41789 1.36598 0.479462 0.420379 0.569958 0.537893 0.477173 0.460036 1.60641 0.426878 0.531274 0.530402 0.488563 0.515172 0.526492 1.65133 0.402956 1.4406 0.0280128 1.32794 0.413461 0.522215 0.497464 0.426119 0.46749 0.407208 0.0188606 0.443646 0.479288 0.494892 1.54107 0.506552 0.417263 0.443522 0.022516 0.025415 0.441937 0.44887 1.34925 1.49225 0.521052 0.445858 1.67145 1.42571 2.77244 1.39483 1.506 0.45848 0.438152 0.458443 0.493185 1.61196 0.470148 1.3316 2.66664 0.468506 0.476088 0.475418 0.482209 0.409479 0.463217 0.491067 0.416648 0.509986 0.407339 0.468576 0.515909 0.49392 0.0317354 1.57883 0.445316 0.444085 1.76755 0.497136 1.42661 1.62898 0.439433 0.464342 0.490236 2.06374 0.430635 1.50737 0.490557 0.0242089 0.506588 0.445048 0.513119 1.3261 1.4295 0.499615 1.20935 1.61903 
