 -0.614246   0.751142   0.241842 -0.0318368   0.69892  0.660141  -0.27518 0.0217786  -0.36635         0 -0.930477   0.17993 0 0 0 1         0 0.0846018    1.3074         0 -0.524398  0.872398 -0.524398    1.0464         0 -0.785398  0.785398         0 -0.785398  0.785398 -0.785398  0.785398
0.0232524
0.494384
0.375083
100
12
88
0.0967172
0.623437
0.274488 0.0176664 0.0193654 0.0778047 0.0490851 0.251029 0.231205 0.0454564 0.183298 0.0169879 0.255218 0.244502 0.0490907 0.0787238 0.0206167 0.0606485 0.0191902 0.0375683 0.019852 0.0271274 0.118879 0.021347 0.146482 0.270379 0.249267 0.178471 0.22539 0.0497417 0.0515688 0.0808258 0.0245023 0.0219223 0.0234639 0.25822 0.245757 0.274273 0.0182708 0.0646065 0.02045 0.04501 0.221074 0.0149425 0.0238009 0.122331 0.06944 0.0187674 0.108939 0.236263 0.0199609 0.0233506 0.0259571 0.0172578 0.0891762 0.081075 0.0834099 0.0111091 0.38745 0.0537661 0.179259 0.016866 0.0205568 0.0168472 0.259769 0.0424343 0.10415 0.072263 0.172835 0.0175206 0.0622282 0.0647398 0.0139336 0.0201065 0.0565387 0.244612 0.0625772 0.0791378 0.0544309 0.0231037 0.178037 0.0735215 0.021051 0.0671707 0.068422 0.138089 0.328199 0.0391006 0.0170983 0.0206934 
1.81304 0.024922 0.0288254 0.454677 0.362188 1.72775 1.60856 0.40626 1.4854 0.0256569 1.44501 1.58192 0.458087 0.476141 0.0291735 0.486848 0.0279744 0.463875 0.0287333 0.478425 0.547874 0.0328887 0.468812 1.65006 1.45668 0.794298 1.70374 1.50161 0.42893 0.447617 0.0330536 0.508268 0.0343054 1.65841 1.5504 1.64442 0.0292967 0.404883 0.0300476 0.409092 1.48463 0.0228068 0.409591 0.437904 0.538852 0.0289389 0.552607 1.4881 0.0279908 0.0330881 0.0345359 0.0271414 0.464774 0.419667 0.437315 0.0190381 3.36129 0.468822 0.789629 0.0254467 0.02932 0.0258187 1.87375 0.428279 0.574871 0.438825 0.778014 0.0261969 0.483887 0.453575 0.0210087 0.0305743 0.474947 1.78035 0.453662 0.480769 1.38552 0.0345319 0.680975 0.478964 0.0295419 0.442765 0.470406 0.617383 2.06749 0.426433 0.0241565 0.0301418 
