  0.21513  0.204722  0.954886 -0.167716  0.0449947   -0.97882   0.199716 -0.0253563  0.975548         0 -0.219785 0.0558015 0 0 0 1         0 -0.524398  0.959398         0 -0.437398  0.959398 -0.524398  0.959398         0 -0.785398  0.785398         0 -0.785398  0.785398 -0.785398  0.785398
0.121968
0.46334
0.221594
100
1
99
0.144629
0.604076
0.0965143 0.168902 0.0850039 0.0997622 0.0819899 0.0780546 0.0963984 0.327838 0.155608 0.14565 0.0891107 0.141665 0.132217 0.274627 0.0837101 0.07473 0.163984 0.116375 0.153825 0.136722 0.180188 0.140944 0.261195 0.127097 0.154928 0.042158 0.138738 0.127159 0.151896 0.325605 0.134861 0.0768685 0.134275 0.155066 0.116337 0.124877 0.158523 0.116188 0.0996143 0.181765 0.0737042 0.105324 0.164597 0.089717 0.301511 0.143414 0.103823 0.136367 0.302359 0.142185 0.126906 0.173399 0.291108 0.148393 0.0674554 0.24231 0.155167 0.150707 0.172077 0.118503 0.142397 0.170674 0.12132 0.0700784 0.134243 0.338134 0.125509 0.141808 0.133776 0.0685199 0.11267 0.111854 0.261552 0.12275 0.0983983 0.115949 0.116888 0.13259 0.0951783 0.171708 0.168023 0.152138 0.165458 0.110527 0.126897 0.124422 0.0877361 0.130201 0.134923 0.306116 0.149034 0.145715 0.0428837 0.0654522 0.108617 0.161699 0.146255 0.190627 0.155597 
0.333283 0.514603 0.521608 0.371896 0.51005 0.382853 0.338578 1.91923 0.478113 0.51006 0.354551 0.529941 0.434052 1.8621 0.367874 0.341448 0.498154 0.461034 0.242004 0.563559 0.498459 0.507959 1.42386 0.388846 0.563815 0.420552 0.577339 0.501315 0.505184 1.57459 0.478676 0.348475 0.413402 0.534605 0.402033 0.405435 0.490665 0.393065 0.396372 0.618725 0.364987 0.472376 0.487347 0.372024 1.51033 0.48231 0.40595 0.418359 1.54063 0.42887 0.410746 1.21716 1.51702 0.43953 0.394732 1.14587 0.450491 0.441604 0.461129 0.408094 0.422402 0.497083 0.419053 0.318656 0.454562 1.61125 0.438879 0.412084 0.422844 0.364541 0.54019 0.412306 1.43592 0.445812 0.399293 0.401801 0.464341 0.509215 0.463505 0.670157 1.23298 0.56671 0.558114 0.451102 0.504996 0.416706 0.405283 0.440558 0.409242 1.46709 0.484842 1.07975 0.525456 0.434654 0.389435 0.646984 0.578167 1.28672 0.472871 
