 0.532476  -0.24869  0.809088 -0.178232 -0.136717 -0.968583 -0.207738 0.0556014  0.835331         0 -0.549747  0.105882 0 0 0 1         0 -0.524398  0.959398         0 -0.524398  0.785398 -0.524398  0.785398         0 -0.785398  0.785398         0 -0.785398  0.785398 -0.785398  0.785398
0.176447
0.523748
0.582062
100
10
90
0.135856
0.447797
0.0328504 0.133734 0.174534 0.175389 0.167735 0.0296724 0.154078 0.145281 0.153941 0.111312 0.14544 0.181503 0.0309765 0.0279852 0.174635 0.156751 0.0326135 0.0312083 0.0345362 0.167004 0.164768 0.160477 0.14453 0.164849 0.0279456 0.181704 0.167853 0.165614 0.148277 0.0301819 0.117821 0.201981 0.169943 0.144031 0.164797 0.149416 0.15195 0.0446379 0.158439 0.193496 0.156554 0.165805 0.166781 0.176328 0.185468 0.0315371 0.157583 0.190661 0.183316 0.148217 0.143375 0.182857 0.164221 0.177733 0.170249 0.0307964 0.161764 0.146663 0.156498 0.145365 0.189227 0.0136328 0.166989 0.171778 0.186609 0.0284025 0.175281 0.139296 0.143558 0.0296594 0.0306037 0.0291633 0.192627 0.160969 0.163915 0.172088 0.160076 0.100657 0.167759 0.151689 0.139032 0.136006 0.173544 0.176665 0.133458 0.174813 0.145997 0.125289 0.14562 0.147014 
0.0432379 0.484696 0.616836 0.557237 0.51121 0.506191 0.503373 0.536206 0.516257 0.485126 0.498938 0.524088 0.039321 0.0373852 0.469411 0.545717 0.0433885 0.0427208 0.0450519 0.51648 0.513003 0.59734 0.491234 0.543898 0.0367118 0.511729 0.512513 0.55038 0.475717 0.03913 0.54335 0.651834 0.505141 0.512792 0.50966 0.51174 0.493408 0.432647 0.494017 0.632379 0.50452 0.525216 0.480792 0.541341 0.479965 0.0414659 0.548942 0.58401 0.64438 0.497445 0.49291 0.523971 0.508343 0.54046 0.515261 0.0394652 0.647564 0.486666 0.504489 0.499625 0.54303 0.445561 0.534441 0.534173 0.517112 0.0379926 0.501813 0.484647 0.493673 0.0382961 0.0401286 0.0375769 0.559951 0.517194 0.568684 0.49289 0.507206 0.470312 0.504402 0.514793 0.525379 0.537981 0.51083 0.507963 0.438805 0.620006 0.505974 0.57763 0.492128 0.55279 
