 -0.652874   0.751142 -0.0976814  0.0123013  0.742873  0.660141  0.111147 -0.028444  0.147971         0 -0.988992  0.187537 0 0 0 1         0 -0.524398  0.959398         0 -0.524398  0.959398 -0.524398  0.785398         0 -0.785398  0.785398         0 -0.785398  0.785398 -0.785398  0.785398
0.166649
0.577764
0.148516
100
1
99
0.181085
0.658191
0.16749 0.164277 0.144523 0.174851 0.377426 0.179342 0.177566 0.167424 0.0914439 0.179648 0.198267 0.117813 0.194297 0.13984 0.172805 0.155923 0.151637 0.169467 0.175729 0.282116 0.178377 0.176768 0.191378 0.163687 0.192356 0.358491 0.162304 0.186317 0.193132 0.172101 0.362342 0.179197 0.162658 0.183057 0.170209 0.162739 0.151155 0.175498 0.182758 0.237803 0.166529 0.170118 0.169149 0.172009 0.188654 0.187003 0.175659 0.176419 0.180333 0.182752 0.156871 0.164704 0.139452 0.164013 0.162747 0.286427 0.177312 0.377784 0.152791 0.190641 0.122633 0.179331 0.136273 0.170427 0.164475 0.144684 0.176876 0.403181 0.170926 0.180647 0.171222 0.162136 0.159093 0.168182 0.11452 0.163397 0.166731 0.275883 0.179037 0.169507 0.166716 0.190818 0.169041 0.0902405 0.168027 0.186628 0.190079 0.168807 0.176915 0.16567 0.15789 0.170832 0.157133 0.0760473 0.153533 0.187364 0.170095 0.171976 0.164867 
0.56822 0.553226 0.496383 0.559587 2.05168 0.548205 0.610666 0.535714 0.460791 0.52639 0.58339 0.439939 0.547779 0.45577 0.562518 0.451846 0.503247 0.536627 0.540343 1.89788 0.521389 0.54845 0.552774 0.533989 0.568683 2.14689 0.554492 0.553834 0.554682 0.461158 1.97436 0.528857 0.551088 0.535073 0.565416 0.558422 0.495597 0.559257 0.570418 1.70425 0.611071 0.550394 0.530269 0.571664 0.551423 0.559621 0.559578 0.526479 0.554689 0.534101 0.515499 0.501289 0.485182 0.491825 0.484807 1.87066 0.55241 2.05543 0.480421 0.554676 0.459192 0.552913 0.464932 0.555302 0.535168 0.477723 0.527845 2.24357 0.495594 0.569316 0.569392 0.532496 0.553273 0.500758 0.38712 0.534753 0.541495 1.85253 0.489899 0.390368 0.489792 0.54303 0.53484 0.391286 0.462632 0.572487 0.556989 0.554204 0.552064 0.497928 0.544744 0.534323 0.527396 0.39658 0.571927 0.565205 0.53423 0.508909 0.577965 
