 0.0201951   0.999727   0.011719 0.00703151  0.864686 -0.023349  0.501769 -0.116451  0.501906         0 -0.864922  0.194333 0 0 0 1         0 -0.611398  0.959398         0 -0.611398  0.872398 -0.263398  0.785398         0 -0.785398  0.785398         0 -0.785398  0.785398 -0.785398  0.785398
0.192199
0.599887
0.525801
100
1
99
0.171479
0.502699
0.226518 0.24216 0.229809 0.181274 0.170936 0.227922 0.158813 0.228313 0.159444 0.0417648 0.118884 0.0199251 0.226905 0.0399981 0.0155033 0.221049 0.224598 0.221831 0.169096 0.25257 0.23757 0.178341 0.187031 0.222456 0.145773 0.0247541 0.201492 0.21927 0.13242 0.18412 0.0396626 0.172158 0.250898 0.249473 0.213411 0.0197742 0.120675 0.209457 0.222111 0.0257192 0.204249 0.249576 0.229217 0.0182077 0.205028 0.190274 0.244121 0.113541 0.198384 0.0281659 0.0988124 0.279877 0.135112 0.238771 0.240108 0.189476 0.189833 0.0367446 0.177803 0.171537 0.202162 0.225672 0.197387 0.214438 0.247702 0.23918 0.169246 0.215378 0.242403 0.221098 0.159713 0.113549 0.198353 0.190089 0.129988 0.142725 0.222804 0.161098 0.203744 0.23632 0.169438 0.177598 0.0280922 0.0810348 0.035868 0.208976 0.175674 0.230083 0.249358 0.175823 0.0175421 0.0375889 0.165665 0.211573 0.121218 0.237295 0.219221 0.187502 0.241066 
0.492152 0.713737 0.640956 0.443887 0.488464 0.774715 0.48559 0.64767 0.48789 0.612863 0.541287 0.0365538 0.574271 0.474803 0.038253 0.586557 0.542211 0.732421 0.470949 0.630781 0.566136 0.473507 0.568015 0.497395 0.436072 0.727092 0.522431 0.605835 0.701685 0.471172 0.039082 0.476707 0.662706 0.692248 0.531937 0.0485599 0.471831 0.732036 0.527055 0.501618 0.483238 0.657831 0.583697 0.0359311 0.584914 0.508914 0.59222 0.52544 0.480782 0.0357534 0.512684 0.77697 0.813904 0.55375 0.546071 0.488925 0.50501 0.0358589 0.478403 0.464463 0.499185 0.533283 0.49986 0.586543 0.650349 0.595199 0.514074 0.701869 0.617555 0.531854 0.527951 0.481445 0.489849 0.504924 0.539759 0.731961 0.499923 0.476763 0.507066 0.621208 0.403478 0.468395 0.458875 0.0712067 0.0359707 0.519181 0.478568 0.678894 0.640329 0.566666 0.0380841 0.0354727 0.503766 0.47836 0.7035 0.558955 0.599894 0.494548 0.588539 
