    -0.99754   -0.0700995 -2.40828e-05    0.0114456   -0.0700995      0.99754 -1.69236e-06  -0.00474569 2.41422e-05        0       -1 0.209999 0 0 0 1         0 -0.176398  0.785398         0 -0.437398  0.785398 -0.437398  0.959398         0 -0.785398  0.785398         0 -0.785398  0.785398 -0.785398  0.785398
0.159295
0.434633
2.41422e-05
100
1
99
0.134107
0.355984
0.040182 0.0407002 0.217132 0.0373704 0.205382 0.124172 0.0985256 0.184919 0.197343 0.218716 0.217609 0.155965 0.209625 0.0330421 0.0359368 0.208001 0.0351886 0.0397095 0.0610543 0.185617 0.0370845 0.0387239 0.194569 0.209058 0.211459 0.224695 0.0396547 0.212734 0.0510608 0.14532 0.0365655 0.209524 0.122676 0.188142 0.211698 0.192311 0.0986363 0.199751 0.0399666 0.224761 0.202017 0.0439755 0.208926 0.183328 0.184361 0.191622 0.0403225 0.0478669 0.213588 0.23337 0.033984 0.0639008 0.0394044 0.0345568 0.1963 0.19834 0.217347 0.204428 0.207241 0.221237 0.228754 0.202196 0.114018 0.0573135 0.0882045 0.217413 0.0420623 0.214548 0.0405257 0.221363 0.199553 0.0261911 0.213654 0.0394405 0.0550388 0.216347 0.124558 0.194001 0.0994533 0.0343752 0.0409999 0.0388642 0.221286 0.221781 0.0416271 0.0893285 0.189853 0.0373606 0.136732 0.220168 0.0406769 0.040322 0.0393439 0.052288 0.171915 0.0363904 0.214665 0.203601 0.209649 
0.035105 0.0358743 0.583021 0.0394078 0.584366 0.637807 0.422067 0.517048 0.498336 0.563544 0.529367 0.514387 0.439884 0.0322845 0.03417 0.427411 0.032825 0.0370186 0.478523 0.455164 0.0364448 0.0355189 0.538318 0.444618 0.567159 0.49554 0.0356927 0.574004 0.0469798 0.527216 0.0347939 0.454993 0.433976 0.476159 0.567679 0.635209 0.524281 0.571922 0.037009 0.555299 0.565952 0.0369501 0.453887 0.518276 0.570522 0.515693 0.0367171 0.0466792 0.588932 0.583971 0.0325229 0.648335 0.0384674 0.0330696 0.493142 0.441505 0.670722 0.443631 0.485061 0.418295 0.541713 0.488354 0.452915 0.0494749 0.661642 0.493124 0.0374515 0.545127 0.0391918 0.482166 0.477711 0.0288863 0.417405 0.0354471 0.68693 0.47551 0.426736 0.450389 0.410911 0.0360561 0.0397285 0.0380005 0.55411 0.531128 0.0360661 0.435417 0.475361 0.0337975 0.884335 0.483831 0.0352019 0.0377609 0.0376796 0.426188 0.42047 0.0332586 0.493637 0.450125 0.446412 
