-0.0201951   0.999727  -0.011719 -0.0260863  0.864686  0.023349  0.501769 -0.116896  0.501906         0 -0.864922  0.194333 0 0 0 1         0 -0.263398  0.785398         0 -0.263398  0.785398 -0.611398  0.872398         0 -0.785398  0.785398         0 -0.785398  0.785398 -0.785398  0.785398
0.172842
0.523792
0.525801
100
4
96
0.138579
0.378256
0.100485 0.0709699 0.0215231 0.121925 0.208876 0.229891 0.224047 0.0383812 0.194657 0.20619 0.169621 0.185891 0.144555 0.215868 0.203492 0.186686 0.231933 0.152116 0.218177 0.183616 0.0417421 0.225625 0.0266132 0.229938 0.187525 0.161488 0.0170719 0.0399543 0.197186 0.187793 0.147178 0.215275 0.0437761 0.106225 0.224691 0.177558 0.231992 0.0370057 0.03618 0.145425 0.220097 0.0575383 0.040008 0.214425 0.133297 0.0136444 0.0348807 0.204565 0.0433184 0.155063 0.20239 0.221742 0.0453559 0.0336373 0.224766 0.0284912 0.235422 0.167682 0.0189876 0.0162274 0.0257015 0.232774 0.155321 0.246582 0.168357 0.205228 0.044386 0.212356 0.154181 0.219824 0.0472887 0.0721966 0.235278 0.165988 0.0467733 0.0499865 0.206725 0.172515 0.172922 0.218235 0.134132 0.0633742 0.186056 0.219358 0.0219392 0.0530437 0.0619784 0.0347681 0.175726 0.0367018 0.0346087 0.180729 0.159106 0.258427 0.195592 0.134706 
0.411739 0.393581 0.0406146 0.391584 0.477865 0.510481 0.647364 0.0242946 0.430576 0.509578 0.482915 0.432445 0.444824 0.51595 0.524049 0.606761 0.549131 0.578984 0.553937 0.473103 0.0430668 0.58772 0.0365084 0.529826 0.590966 0.732328 0.044871 0.0366896 0.437926 0.676505 0.70325 0.48258 0.0392924 0.0862074 0.621389 0.491741 0.499604 0.035479 0.0363611 0.457644 0.714136 0.0531063 0.0386253 0.49306 0.468753 0.0443046 0.0346369 0.524027 0.0406592 0.44052 0.474424 0.483142 0.0486666 0.0343014 0.676662 0.0414984 0.547673 0.433632 0.0448292 0.0471918 0.0278199 0.565724 0.615743 0.631008 0.448393 0.705661 0.040209 0.474465 0.474197 0.640551 0.0443709 0.463945 0.537739 0.494881 0.0438364 0.0467298 0.527114 0.404562 0.438799 0.530821 0.42541 0.514288 0.79895 0.528278 0.0357823 0.0471801 0.434568 0.0362873 0.515558 0.0343779 0.489983 0.516284 0.4783 0.576695 0.447773 0.422699 
