    0.99754  -0.0700995 2.40828e-05  -0.0101095   -0.0700995     -0.99754 -1.69236e-06    0.0142674 2.41422e-05        0       -1 0.209999 0 0 0 1         0 -0.350398  0.785398         0 -0.437398  0.872398 -0.437398  0.785398         0 -0.785398  0.785398         0 -0.785398  0.785398 -0.785398  0.785398
0.102602
0.709149
2.41422e-05
100
5
95
0.107306
0.341317
0.0174385 0.0156347 0.0161453 0.0177894 0.217317 0.181477 0.225056 0.207262 0.206683 0.20623 0.232031 0.0189694 0.0161863 0.0181552 0.0335944 0.220825 0.216308 0.203115 0.0145514 0.015176 0.208803 0.200464 0.175128 0.0181169 0.172323 0.193532 0.0288486 0.0649788 0.0152895 0.0151599 0.0174619 0.0155736 0.224048 0.0947149 0.0171898 0.075023 0.0157224 0.015713 0.223072 0.0166155 0.0152936 0.0179871 0.0210378 0.20725 0.0159012 0.217005 0.0153047 0.195856 0.201655 0.0201561 0.0165332 0.069799 0.166602 0.0261359 0.213766 0.017202 0.107315 0.17142 0.184082 0.0190767 0.209082 0.0111198 0.016466 0.253805 0.222442 0.0149057 0.194712 0.0176593 0.0262382 0.0973903 0.214165 0.216423 0.220133 0.0141265 0.0171885 0.203416 0.231436 0.168453 0.208098 0.0954701 0.0171939 0.225041 0.0157729 0.0208337 0.0599787 0.0211461 0.0718018 0.23033 0.210524 0.087135 0.110593 0.216975 0.0175446 0.0171905 0.192159 
0.0426904 0.0401058 0.0414419 0.0411088 0.582975 0.639547 0.608564 0.543345 0.609343 0.482973 0.569722 0.0390196 0.0402219 0.0313264 0.657505 0.531033 0.607082 0.500122 0.043619 0.0378872 0.456206 0.63571 0.625658 0.0381539 0.566917 0.61872 0.0473877 0.702531 0.0425669 0.0435204 0.0414452 0.0354851 0.62677 0.656833 0.040979 0.553893 0.040314 0.0398618 0.637657 0.0396912 0.0413634 0.0463979 0.0393408 0.656264 0.0356606 0.48345 0.0403755 0.444407 0.543961 0.0402881 0.0425018 0.48928 0.64188 0.040316 0.491729 0.042439 0.65903 0.623904 0.514945 0.040889 0.622739 0.0380623 0.03865 0.533438 0.618119 0.0416912 0.61932 0.0353824 0.0477088 0.534441 0.536082 0.635364 0.579946 0.040139 0.0400535 0.498521 0.585761 0.534578 0.617379 0.61589 0.0398786 0.601338 0.0381707 0.0405208 0.714056 0.0489808 0.595773 0.62828 0.476286 0.558471 0.632985 0.439206 0.0383959 0.0437959 0.577402 
