    0.99754   0.0700997 2.40828e-05  -0.0114456   0.0700997    -0.99754 1.69236e-06  0.00474569 2.41422e-05        0       -1 0.209999 0 0 0 1         0 -0.176398  0.785398         0 -0.437398  0.785398 -0.437398  0.959398         0 -0.785398  0.785398         0 -0.785398  0.785398 -0.785398  0.785398
0.211535
0.451966
2.41422e-05
100
4
96
0.119452
0.295812
0.175687 0.0890899 0.0351358 0.18994 0.163327 0.184222 0.239164 0.202244 0.0439682 0.0387777 0.0377472 0.227905 0.204585 0.163644 0.0371516 0.22741 0.144504 0.204416 0.207529 0.0317075 0.0356172 0.0393158 0.0378038 0.0407382 0.0373147 0.213119 0.166894 0.0361879 0.0408628 0.0368332 0.236917 0.218972 0.108743 0.206707 0.0281108 0.215713 0.215705 0.0372543 0.033186 0.0374711 0.0324451 0.167711 0.0370357 0.0345219 0.19656 0.173863 0.0369146 0.239013 0.171999 0.0364758 0.035212 0.0406318 0.19039 0.195779 0.0415413 0.0394521 0.178456 0.0400699 0.221956 0.176617 0.113404 0.0784088 0.0470059 0.233243 0.224927 0.0389682 0.0833357 0.0289261 0.0388986 0.192141 0.0540354 0.0500575 0.0364563 0.21096 0.0862741 0.211435 0.228051 0.0402885 0.0375707 0.0447879 0.162162 0.206981 0.195011 0.183731 0.0373813 0.0372511 0.231045 0.0414571 0.0376468 0.0443539 0.20621 0.211597 0.187294 0.203009 0.0479254 0.196939 
0.406797 0.529294 0.031419 0.471212 0.500555 0.539789 0.54778 0.500715 0.0386089 0.0331624 0.0342446 0.43582 0.51804 0.560456 0.0365161 0.533288 0.442809 0.529255 0.502895 0.0303205 0.0328207 0.0358407 0.0341231 0.0361169 0.0349906 0.482098 0.436799 0.0318572 0.0365848 0.033838 0.46642 0.52036 0.442837 0.569442 0.0294635 0.58105 0.486747 0.0362783 0.0316256 0.0349736 0.0309089 0.512807 0.0331975 0.0326938 0.438449 0.394628 0.0330603 0.427848 0.483305 0.0331194 0.0324869 0.0358717 0.527047 0.552537 0.037561 0.0350472 0.624739 0.0360255 0.585703 0.551128 0.668496 0.394603 0.0427894 0.509896 0.489693 0.0363878 0.464438 0.0288267 0.0354901 0.519467 0.545518 0.0424768 0.0341491 0.493221 0.554218 0.577132 0.44501 0.0375091 0.0331814 0.0387245 0.411177 0.547116 0.49887 0.586194 0.0336004 0.0341829 0.572095 0.0372569 0.0340867 0.0393646 0.509575 0.446964 0.479731 0.564548 0.0422473 0.514347 
