 0.608298 -0.386497  0.693249 -0.160797 -0.254915  -0.92229 -0.290515 0.0907642   0.75166         0 -0.659551  0.160869 0 0 0 1         0 -0.263398  0.785398         0 -0.350398  0.785398 -0.611398  0.872398         0 -0.785398  0.785398         0 -0.785398  0.785398 -0.785398  0.785398
0.0111757
0.493334
0.720222
100
34
66
0.0426334
0.245225
0.0748865 0.0177256 0.079445 0.0194968 0.0166606 0.0199215 0.0241714 0.0225614 0.0204159 0.0294976 0.0866808 0.0269643 0.133794 0.0936326 0.0216077 0.0579653 0.0280591 0.0844852 0.0396793 0.0217972 0.105146 0.0281491 0.0218627 0.0216984 0.0213163 0.0811759 0.0916417 0.0358874 0.0209483 0.0232824 0.0207968 0.0655533 0.0200933 0.0872065 0.0204973 0.0217195 0.0237849 0.0285403 0.0788672 0.0155861 0.0253497 0.0258108 0.0375143 0.0399834 0.0251083 0.0221887 0.0238394 0.0273617 0.0455083 0.0231154 0.102439 0.0670376 0.0236219 0.026021 0.048933 0.0940482 0.0271464 0.0841877 0.0853392 0.0889381 0.0280198 0.0164693 0.0296839 0.0138859 0.0266996 0.0023557 
0.431704 0.0245555 0.404207 0.0316492 0.0237368 0.0289872 0.520013 0.0282658 0.0272383 0.552577 0.438181 0.030285 0.527991 0.502751 0.500459 0.574317 0.0320969 0.413055 0.439694 0.0351076 0.527445 0.0378211 0.031372 0.0345015 0.0312323 0.493858 0.422669 0.434244 0.0325208 0.0291914 0.0311605 0.488368 0.0287486 0.37657 0.506494 0.0296206 0.0309015 0.508961 0.458154 0.0243012 0.0323182 0.0328676 0.487089 0.462689 0.0326216 0.551474 0.029426 0.0328863 0.422769 0.0289508 0.479848 0.427323 0.0301588 0.0308145 0.588934 0.51333 0.0327388 0.466846 0.436301 0.429233 0.0348636 0.0242451 0.0335937 0.0232992 0.0335972 0.361621 
