      0      -1       0 0.00953   -1    0    0 0.05       -0        0       -1 0.223614 0 0 0 1         0 -0.350398  0.785398         0 -0.437398  0.785398 -0.437398  0.785398         0 -0.785398  0.785398         0 -0.785398  0.785398 -0.785398  0.785398
0.110852
0.0426972
0
100
32
68
0.0950369
0.165717
0.10035 0.11802 0.10164 0.0797173 0.0952916 0.172334 0.0136283 0.153708 0.0952419 0.0890175 0.0102531 0.00784367 0.112015 0.0106882 0.109125 0.0907866 0.0538102 0.105899 0.11553 0.0828539 0.112682 0.0885898 0.12153 0.0885303 0.0368891 0.114449 0.153688 0.105449 0.103304 0.0816562 0.0969494 0.138682 0.0689127 0.150562 0.142716 0.0890319 0.0533749 0.151297 0.0871162 0.0826761 0.127607 0.166436 0.0770308 0.143362 0.0448419 0.134327 0.06687 0.0907465 0.090158 0.121258 0.0863441 0.0761781 0.145655 0.0308187 0.127812 0.103998 0.136363 0.0695567 0.0709282 0.0820191 0.0851041 0.0876678 0.0618023 0.0885365 0.131561 0.0911428 0.0228295 0.115714 
0.0450927 0.439989 0.240989 0.0250067 0.0295494 0.26106 0.00171419 0.407038 0.0434457 0.0273023 0.00192381 0.00228028 0.232425 0.00205167 0.0690651 0.24989 0.0894174 0.0395344 0.191793 0.174858 0.0746308 0.239898 0.219526 0.025587 0.03619 0.0812286 0.185647 0.198271 0.0423861 0.0294614 0.0655783 0.186043 0.269263 0.183812 0.314272 0.0245645 0.0792227 0.242513 0.0222519 0.168289 0.498742 0.4683 0.0284068 0.180225 0.204749 0.51219 0.0378649 0.0396338 0.21873 0.238678 0.075622 0.0439459 0.305431 0.0397832 0.311811 0.241805 0.237782 0.269826 0.0261262 0.169127 0.312095 0.0252561 0.506355 0.0272495 0.188341 0.0865826 0.0660326 0.644992 
