       0        1        0 -0.00953       0       0      -1 0.19479   -1    0    0 0.06 0 0 0 1         0 -0.437398  0.785398         0 -0.437398  0.785398 -0.437398  0.785398         0 -0.785398  0.785398         0 -0.785398  0.785398 -0.785398  0.785398
0.113474
0.042151
0
100
18
82
0.112151
0.231854
0.128047 0.0356076 0.0685374 0.124593 0.105231 0.0814929 0.0901548 0.153345 0.131136 0.0772005 0.118986 0.135827 0.172406 0.143855 0.127583 0.107641 0.0767238 0.14235 0.08355 0.0820859 0.113076 0.0891347 0.109755 0.115279 0.140523 0.0792098 0.074343 0.139702 0.128437 0.133994 0.0707508 0.111521 0.0961911 0.142511 0.118349 0.0885172 0.120289 0.159301 0.0776458 0.13671 0.135345 0.0860917 0.0904998 0.105786 0.0576619 0.12888 0.121586 0.0787734 0.145336 0.0775594 0.126947 0.126826 0.148953 0.213287 0.101197 0.136156 0.125767 0.147453 0.148433 0.0785845 0.00648107 0.0971708 0.083474 0.124389 0.147693 0.104815 0.113051 0.0872714 0.0855549 0.0749724 0.0894758 0.133483 0.109853 0.0839496 0.119476 0.156304 0.0638418 0.113037 0.131291 0.137608 0.168055 0.152421 
0.239457 0.26979 0.0241464 0.297382 0.28901 0.030346 0.0428288 0.375151 0.493574 0.024243 0.198057 0.418961 0.304573 0.270219 0.305481 0.275096 0.0359425 0.608019 0.0313033 0.197292 0.48064 0.0263047 0.0461797 0.389299 0.600055 0.030547 0.0244157 0.203994 0.390359 0.296795 0.0120762 0.0405885 0.0352751 0.417796 0.291461 0.0440858 0.311687 0.248521 0.0248401 0.596981 0.302988 0.0251082 0.0208809 0.26571 0.0392637 0.585079 0.237982 0.0270401 0.467552 0.255491 0.233226 0.312202 0.354153 0.791126 0.241532 0.273862 0.327954 0.391668 0.599862 0.0244702 0.0419935 0.0318209 0.352267 0.379346 0.195932 0.0383624 0.0378034 0.0335382 0.0293135 0.0247019 0.0411406 0.51846 0.309565 0.0270999 0.0431697 0.197322 0.0244802 0.251239 0.421855 0.379815 0.344499 0.268356 
