     -0      -1       0 0.00953      -0       0      -1 0.19479    1   -0   -0 0.08 0 0 0 1         0 -0.437398  0.785398         0 -0.437398  0.785398 -0.437398  0.785398         0 -0.785398  0.785398         0 -0.785398  0.785398 -0.785398  0.785398
0.0920248
0.0436381
0
100
24
76
0.0722337
0.123437
0.0658988 0.154599 0.00949582 0.09414 0.104384 0.0857492 0.0346817 0.0785043 0.0134324 0.139153 0.145647 0.096902 0.0140351 0.0730431 0.0900409 0.0512484 0.118791 0.0998265 0.0928898 0.0745391 0.0748166 0.153034 0.0735653 0.0917762 0.124826 0.0829024 0.0681637 0.064691 0.0740332 0.0827661 0.0860469 0.0284191 0.0314785 0.0128684 0.018724 0.103329 0.143092 0.116219 0.115442 0.0878545 0.072273 0.0429145 0.0130644 0.00647233 0.0902181 0.078651 0.10617 0.0801178 0.0814004 0.0424979 0.0231687 0.0737759 0.0310393 0.0126539 0.133085 0.012007 0.0781021 0.0202079 0.150805 0.00835537 0.075368 0.0299461 0.0807379 0.0513658 0.0422356 0.0858672 0.0485325 0.10429 0.103428 0.00424224 0.134416 0.148777 0.0476247 0.0139319 0.0207912 0.0701797 
0.0281798 0.283359 0.0372104 0.267945 0.134421 0.255343 0.0109622 0.0260643 0.00195341 0.186122 0.2978 0.0370005 0.0500157 0.0701626 0.0419767 0.0410268 0.21517 0.0394834 0.0694205 0.193879 0.025161 0.246944 0.0226641 0.0326931 0.24096 0.277141 0.0425599 0.0244072 0.0423156 0.026047 0.0421401 0.0327154 0.304809 0.208833 0.00600169 0.196461 0.343848 0.250805 0.207215 0.281333 0.23954 0.0253913 0.0841055 0.00193281 0.0412303 0.0251681 0.506455 0.280519 0.0246458 0.235242 0.0257041 0.0250799 0.0589203 0.0320346 0.512098 0.0230894 0.0206388 0.0058692 0.252205 0.0466881 0.0228701 0.0569639 0.0227383 0.0785796 0.0447447 0.0370327 0.0272201 0.167507 0.564994 0.0914546 0.260806 0.238727 0.0808153 0.00201239 0.0333811 0.0422479 
