      0      -1       0 0.00953    -1     0     0 -0.04       -0        0       -1 0.223614 0 0 0 1         0 -0.437398  0.785398         0 -0.437398  0.785398 -0.437398  0.785398         0 -0.785398  0.785398         0 -0.785398  0.785398 -0.785398  0.785398
0.12797
0.041103
0
100
25
75
0.11849
0.259485
0.149446 0.0891438 0.118204 0.0714423 0.109835 0.105659 0.126739 0.10966 0.166359 0.123524 0.164772 0.111066 0.0901667 0.104178 0.0988474 0.213649 0.0829888 0.198325 0.0846279 0.0690492 0.116411 0.094089 0.144344 0.11189 0.137925 0.12702 0.144861 0.148703 0.132143 0.0305159 0.121798 0.154432 0.10122 0.135926 0.142671 0.0386857 0.2152 0.0739294 0.0927317 0.139369 0.151264 0.102425 0.13528 0.125879 0.130936 0.00734209 0.00358043 0.133905 0.10906 0.101733 0.138549 0.0832524 0.121273 0.151608 0.0142222 0.0675107 0.189047 0.0838161 0.140453 0.14014 0.10701 0.110562 0.142475 0.129166 0.120347 0.123412 0.104922 0.25528 0.0755754 0.0671466 0.215328 0.159929 0.149155 0.0982876 0.105344 
0.458994 0.0434827 0.276023 0.0299898 0.0332298 0.0400698 0.605894 0.246084 0.338124 0.21353 0.231062 0.376943 0.0261832 0.0420456 0.0392674 0.692419 0.0254808 0.859869 0.0261037 0.16138 0.258436 0.0265721 0.432464 0.178411 0.409481 0.2162 0.322454 0.208456 0.313828 0.203366 0.28023 0.268425 0.0424095 0.220012 0.315732 0.19022 0.589487 0.032949 0.0260729 0.270463 0.392521 0.0430295 0.614341 0.20577 0.295026 0.214311 0.232727 0.297979 0.444467 0.037463 0.171956 0.0287405 0.347124 0.275973 0.246849 0.179616 0.585902 0.0427989 0.635022 0.288919 0.175438 0.215656 0.503671 0.488062 0.25306 0.213064 0.0414583 0.706373 0.0262798 0.044741 0.914623 0.286485 0.354623 0.0426686 0.0428145 
