      0      -1       0 0.00953    -1     0     0 -0.05       -0        0       -1 0.223614 0 0 0 1         0 -0.437398  0.785398         0 -0.350398  0.785398 -0.437398  0.785398         0 -0.785398  0.785398         0 -0.785398  0.785398 -0.785398  0.785398
0.103103
0.0424295
0
100
33
67
0.0978317
0.182466
0.029407 0.0154842 0.027279 0.0341866 0.0950934 0.137349 0.0678837 0.0971461 0.146735 0.103097 0.155166 0.0852702 0.212003 0.0891599 0.0810028 0.091091 0.115414 0.137115 0.119154 0.0146493 0.153285 0.131576 0.145714 0.0864877 0.174755 0.140598 0.10679 0.114202 0.0699157 0.118832 0.148598 0.176769 0.0224087 0.161985 0.00880011 0.117679 0.0778564 0.0716302 0.117658 0.16793 0.0161232 0.00656106 0.141865 0.119801 0.0163747 0.0943574 0.144972 0.101477 0.123871 0.0364304 0.0877859 0.121995 0.18983 0.0984622 0.0820302 0.0683435 0.0151363 0.139275 0.114368 0.119094 0.0279717 0.116454 0.0241098 0.0977733 0.0077609 0.171586 0.103761 
0.078255 0.00182042 0.00651617 0.0693415 0.0376558 0.265517 0.216139 0.0423622 0.380279 0.206826 0.293577 0.0251095 0.708177 0.191584 0.0260491 0.040505 0.28036 0.241553 0.247616 0.0347105 0.189656 0.360194 0.211239 0.0247711 0.308781 0.184548 0.0353578 0.0426855 0.0233853 0.301687 0.212081 0.241926 0.0371623 0.193561 0.00186005 0.262014 0.217591 0.0374875 0.177526 0.563926 0.0420754 0.00184229 0.218232 0.246978 0.0269341 0.173141 0.260367 0.246155 0.474816 0.0457337 0.0256449 0.252647 0.871705 0.194427 0.257536 0.0415799 0.00190661 0.315049 0.0437106 0.324761 0.216495 0.271897 0.038046 0.204015 0.00184813 0.362797 0.043494 
