      0      -1       0 0.00953   -1    0    0 0.01       -0        0       -1 0.223614 0 0 0 1         0 -0.437398  0.785398         0 -0.437398  0.785398 -0.437398  0.785398         0 -0.785398  0.785398         0 -0.785398  0.785398 -0.785398  0.785398
0.140623
0.0508537
0
100
27
73
0.135608
0.286173
0.132566 0.135058 0.0965599 0.102386 0.11427 0.1841 0.152389 0.114106 0.119124 0.112368 0.150399 0.142744 0.172179 0.132581 0.185598 0.0978827 0.106815 0.113672 0.155732 0.151275 0.106143 0.121525 0.209244 0.159285 0.114178 0.114737 0.189969 0.171961 0.180218 0.142302 0.0625486 0.153609 0.148016 0.17281 0.131761 0.105874 0.147104 0.132959 0.243114 0.127557 0.128226 0.103091 0.0947587 0.148722 0.0994544 0.107542 0.127624 0.0477326 0.145846 0.1471 0.125113 0.0521301 0.112189 0.168158 0.231897 0.1531 0.122809 0.218845 0.109002 0.147586 0.0989289 0.119724 0.150384 0.132685 0.151595 0.104718 0.163388 0.19192 0.122573 0.153794 0.109043 0.12529 0.0776613 
0.509423 0.27752 0.0315798 0.037509 0.0443523 0.795266 0.0617572 0.291615 0.301465 0.0429393 0.252355 0.299204 0.290304 0.302584 0.515709 0.041663 0.041146 0.044867 0.402137 0.391302 0.0430616 0.0427659 0.641164 0.396065 0.0421374 0.0444925 0.650709 0.531122 0.48398 0.501112 0.480928 0.337361 0.282521 0.503205 0.0476651 0.0379066 0.253583 0.488726 0.777418 0.554552 0.293754 0.0436068 0.0295475 0.249402 0.0318984 0.0425842 0.0443021 0.279432 0.30494 0.491009 0.311997 0.227794 0.0457346 0.266036 0.967681 0.217541 0.165061 1.01769 0.0424308 0.296411 0.0422473 0.283587 0.619185 0.140611 0.227136 0.0389649 0.509174 0.491311 0.0469154 0.285881 0.0426711 0.438401 0.240502 
