       0        1        0 -0.00953       0       0      -1 0.19479   -1    0    0 0.05 0 0 0 1         0 -0.437398  0.785398         0 -0.437398  0.785398 -0.437398  0.785398         0 -0.785398  0.785398         0 -0.785398  0.785398 -0.785398  0.785398
0.0827396
0.0251507
0
100
15
85
0.11318
0.215226
0.143949 0.160494 0.146351 0.148757 0.121995 0.104346 0.147153 0.165687 0.122367 0.111805 0.0133589 0.0947231 0.138262 0.0889457 0.157185 0.112938 0.159356 0.162233 0.167753 0.13818 0.0862943 0.117877 0.129597 0.0865022 0.136822 0.115213 0.0873383 0.0867691 0.0875254 0.136969 0.0974321 0.10474 0.0960022 0.0944906 0.0725493 0.121349 0.120843 0.0840915 0.173991 0.166374 0.0778097 0.0977501 0.117666 0.0744124 0.0739806 0.163792 0.144298 0.0951084 0.110425 0.128606 0.0912822 0.125845 0.144079 0.0947234 0.0918827 0.12302 0.0968661 0.115235 0.129505 0.073714 0.0999967 0.102382 0.0833175 0.0764053 0.103581 0.108365 0.0863329 0.0148918 0.113211 0.0869745 0.175826 0.0948427 0.179923 0.103794 0.086081 0.108974 0.121216 0.0827747 0.157808 0.108642 0.0836076 0.122329 0.100153 0.0862349 0.154025 
0.257158 0.261139 0.678634 0.446209 0.28963 0.0437662 0.445935 0.28119 0.0460236 0.487496 0.323736 0.027217 0.682074 0.0423867 0.242608 0.0585625 0.283408 0.383812 0.733445 0.265724 0.0439874 0.284729 0.307965 0.0440648 0.273884 0.267085 0.0422126 0.0343101 0.0439062 0.391794 0.0403548 0.041726 0.0445717 0.0294917 0.0431564 0.482352 0.250568 0.0439706 0.674664 0.508171 0.0251418 0.0370481 0.373359 0.0252318 0.0421488 0.576608 0.288358 0.0363701 0.246342 0.269416 0.0432104 0.366387 0.286955 0.0340491 0.0434434 0.316617 0.0355328 0.222078 0.294067 0.394339 0.041472 0.0424161 0.0366157 0.0284402 0.0429665 0.0459552 0.0335356 0.27696 0.240119 0.030377 0.35724 0.0442008 0.628645 0.261876 0.28551 0.0471924 0.360088 0.0408806 0.314669 0.0408317 0.0432705 0.266091 0.277569 0.0295468 0.347889 
