      0      -1       0 0.00953   -1    0    0 0.02       -0        0       -1 0.223614 0 0 0 1         0 -0.437398  0.785398         0 -0.437398  0.785398 -0.437398  0.785398         0 -0.785398  0.785398         0 -0.785398  0.785398 -0.785398  0.785398
0.139891
0.0454146
0
100
33
67
0.125038
0.220758
0.0961912 0.176195 0.11629 0.10154 0.134443 0.109473 0.105286 0.150889 0.106515 0.115258 0.134099 0.109586 0.098868 0.118256 0.139787 0.0913157 0.108157 0.131942 0.14139 0.11707 0.122302 0.115883 0.244974 0.168436 0.182878 0.104267 0.133012 0.164342 0.144779 0.120116 0.118084 0.101332 0.219659 0.115824 0.0802201 0.141192 0.149856 0.134304 0.140411 0.111282 0.17892 0.115621 0.096687 0.150028 0.110363 0.120156 0.0940929 0.128438 0.0892749 0.150449 0.0822039 0.0601241 0.0960712 0.13736 0.16061 0.0921936 0.105953 0.0868333 0.133122 0.0945596 0.141379 0.126102 0.168741 0.124694 0.180518 0.00147841 0.135836 
0.0311508 0.525952 0.0491816 0.0362211 0.251753 0.0441637 0.0357962 0.415098 0.0464736 0.0425142 0.333736 0.043365 0.0413588 0.448033 0.327762 0.0299812 0.0410069 0.204227 0.410372 0.263228 0.380601 0.0439541 0.722741 0.43856 0.28339 0.0410193 0.0487255 0.501906 0.272079 0.268504 0.0433766 0.0430074 0.598571 0.0407033 0.506334 0.267578 0.574748 0.26811 0.659784 0.0419458 0.35044 0.044093 0.0339077 0.255273 0.0429165 0.0457377 0.0302042 0.0448725 0.0429236 0.25886 0.25885 0.27896 0.035677 0.281017 0.324537 0.0276863 0.248431 0.027242 0.311814 0.0419283 0.245304 0.286569 0.224059 0.249229 0.674773 0.233657 0.224804 
