       0        1        0 -0.00953       0       0      -1 0.19479   -1    0    0 0.08 0 0 0 1         0 -0.437398  0.785398         0 -0.437398  0.785398 -0.437398  0.785398         0 -0.785398  0.785398         0 -0.785398  0.785398 -0.785398  0.785398
0.0784898
0.0262744
0
100
22
78
0.0682022
0.12752
0.085185 0.00717212 0.0149035 0.0214175 0.132375 0.102976 0.117381 0.0370909 0.00830042 0.0127976 0.0128924 0.0359286 0.0144459 0.0483038 0.094305 0.012536 0.0599364 0.114711 0.0723484 0.0848737 0.080441 0.160437 0.0108294 0.0289093 0.052793 0.122569 0.103067 0.0806815 0.0482693 0.00688898 0.044475 0.0378623 0.0188214 0.0765361 0.0132293 0.0978069 0.108376 0.0746991 0.0725683 0.140404 0.0943565 0.00251414 0.0908086 0.11662 0.120758 0.00207057 0.136234 0.00880391 0.093051 0.0109986 0.0813225 0.0932103 0.0912844 0.0672087 0.124213 0.0139961 0.0876873 0.104228 0.0821157 0.0174602 0.133873 0.125445 0.0500291 0.074009 0.0160724 0.0892995 0.0871577 0.116103 0.040945 0.112437 0.0150662 0.154885 0.0110913 0.0840874 0.0957529 0.0142166 0.139223 0.0515927 
0.0285892 0.0433106 0.23501 0.257239 0.263546 0.341764 0.462694 0.0408433 0.00197243 0.0286969 0.00179903 0.0415903 0.0567866 0.0312466 0.0305974 0.00216217 0.025986 0.276998 0.0219409 0.0304781 0.0399535 0.314889 0.00207247 0.0266015 0.0885527 0.454605 0.21359 0.0245176 0.0223132 0.00224155 0.183613 0.0387688 0.0760258 0.0245154 0.0395141 0.0895334 0.206585 0.0233703 0.0458399 0.203804 0.439696 0.0872121 0.04323 0.288631 0.18375 0.0653949 0.284412 0.0020378 0.0798499 0.0021174 0.0433544 0.112386 0.0421114 0.0281364 0.0537665 0.06129 0.21534 0.0826392 0.0206725 0.0619731 0.48593 0.289666 0.040697 0.0248206 0.227641 0.081098 0.0406624 0.304675 0.0416944 0.0733268 0.210854 0.504716 0.262972 0.0303809 0.249176 0.040125 0.221639 0.274328 
