     -0      -1       0 0.00953      -0       0      -1 0.19479    1   -0   -0 0.05 0 0 0 1         0 -0.437398  0.785398         0 -0.437398  0.785398 -0.437398  0.785398         0 -0.785398  0.785398         0 -0.785398  0.785398 -0.785398  0.785398
0.101724
0.0251086
0
100
18
82
0.116462
0.212569
0.122047 0.156003 0.106549 0.0866342 0.114084 0.151902 0.087833 0.0866729 0.089295 0.135689 0.167983 0.0755372 0.101247 0.0839421 0.123438 0.0903755 0.122118 0.142573 0.111214 0.142513 0.0390515 0.0961538 0.163099 0.106463 0.10903 0.170481 0.117434 0.171598 0.108344 0.0813677 0.0916571 0.107985 0.154876 0.0720935 0.101661 0.109719 0.10306 0.180743 0.0867007 0.107644 0.0928733 0.107972 0.143353 0.111545 0.100357 0.113799 0.0857465 0.139814 0.116576 0.0818408 0.141669 0.104246 0.0831278 0.134017 0.117129 0.132966 0.141015 0.0879175 0.132903 0.11185 0.099836 0.0977715 0.0853631 0.113188 0.141311 0.110633 0.113714 0.0951344 0.0875056 0.149323 0.0985513 0.112615 0.147191 0.142451 0.133893 0.081367 0.132468 0.156576 0.103027 0.157925 0.142436 0.190044 
0.238547 0.280362 0.0372204 0.0252907 0.212913 0.212201 0.0416276 0.0432248 0.0430549 0.0613111 0.311709 0.0257966 0.230686 0.0386936 0.482709 0.261354 0.285949 0.218541 0.0402844 0.290949 0.252474 0.0336962 0.434574 0.0460967 0.0441217 0.283747 0.287908 0.388988 0.460637 0.0393492 0.222787 0.256424 0.700348 0.0433031 0.0337716 0.0402813 0.0433424 0.692225 0.0376785 0.0407321 0.290185 0.279354 0.288856 0.0604356 0.288759 0.0471876 0.038721 0.477732 0.259282 0.194086 0.379712 0.0417743 0.0252182 0.254451 0.281306 0.286248 0.310778 0.0416991 0.431851 0.278404 0.46275 0.0405168 0.0424838 0.259017 0.447467 0.26467 0.0424564 0.0428525 0.0274152 0.35753 0.041484 0.0406167 0.222601 0.40526 0.301567 0.0285144 0.267666 0.239745 0.280107 0.407838 0.234269 0.652893 
