       0        1        0 -0.00953     1     0     0 -0.03        0        0       -1 0.223614 0 0 0 1         0 -0.437398  0.785398         0 -0.437398  0.785398 -0.437398  0.785398         0 -0.785398  0.785398         0 -0.785398  0.785398 -0.785398  0.785398
0.0949623
0.026217
0
100
28
72
0.130066
0.255311
0.11051 0.138815 0.0658727 0.0970902 0.168066 0.111812 0.1473 0.106085 0.137127 0.100761 0.174906 0.22176 0.165969 0.117216 0.156248 0.08334 0.102814 0.129643 0.0976106 0.0909622 0.146052 0.184014 0.129496 0.0937602 0.1846 0.177738 0.15044 0.0850954 0.0981991 0.0483347 0.11007 0.110908 0.127776 0.118713 0.144734 0.154774 0.0843516 0.0903191 0.0852129 0.284224 0.0887465 0.148338 0.114208 0.135881 0.115076 0.146252 0.121484 0.159536 0.0875708 0.13272 0.104325 0.196363 0.142006 0.0911123 0.202504 0.157091 0.135759 0.110291 0.180977 0.0524484 0.112645 0.174765 0.132359 0.129015 0.135752 0.157471 0.144807 0.146134 0.0826755 0.104823 0.149624 0.139246 
0.0401585 0.288978 0.194391 0.0285769 0.485591 0.278262 0.280447 0.0489683 0.204515 0.284873 0.233527 0.91025 0.292407 0.0480418 0.198905 0.0243319 0.0393725 0.315826 0.298554 0.0286794 0.281951 0.445882 0.0575955 0.0433298 0.42969 0.459975 0.265053 0.0252338 0.0378855 0.2703 0.336111 0.0435531 0.310984 0.486006 0.323492 0.306447 0.299798 0.043487 0.0249537 0.870038 0.0251306 0.31336 0.0436299 0.0508092 0.0439777 0.176477 0.319452 0.302239 0.0394312 0.216724 0.225563 0.918032 0.20479 0.0425548 0.916816 0.651367 0.416888 0.0392621 0.326429 0.0425628 0.331345 0.218812 0.438231 0.292576 0.493742 0.270805 0.319263 0.282099 0.0238831 0.0416546 0.41159 0.0564845 
