     -0      -1       0 0.00953      -0       0      -1 0.19479    1   -0   -0 0.01 0 0 0 1         0 -0.437398  0.785398         0 -0.437398  0.785398 -0.437398  0.785398         0 -0.785398  0.785398         0 -0.785398  0.785398 -0.785398  0.785398
0.121156
0.0435552
0
100
10
90
0.12322
0.198118
0.108654 0.105657 0.0997112 0.105406 0.0947747 0.124123 0.141022 0.137674 0.0925878 0.137143 0.127854 0.106295 0.152811 0.186704 0.130803 0.111545 0.166318 0.208004 0.107328 0.0927931 0.0964867 0.0953804 0.145673 0.141671 0.0977089 0.159629 0.114443 0.166281 0.113543 0.0941541 0.0955766 0.108567 0.0467968 0.108618 0.120537 0.111816 0.113427 0.171842 0.17128 0.106374 0.120595 0.107797 0.0992466 0.106885 0.165885 0.139233 0.0996616 0.158781 0.12804 0.108038 0.098986 0.0996507 0.176105 0.125129 0.131373 0.225209 0.162286 0.10227 0.107635 0.111513 0.111392 0.137008 0.124983 0.14067 0.0876707 0.106992 0.0999797 0.0180835 0.103718 0.150323 0.10275 0.155803 0.149734 0.10659 0.0181872 0.158603 0.147878 0.134912 0.163324 0.098843 0.100218 0.102095 0.108081 0.133687 0.152982 0.105046 0.165296 0.162957 0.136421 0.114239 
0.0439433 0.435079 0.0421528 0.0371004 0.0383882 0.313996 0.4858 0.0465533 0.0431148 0.547781 0.306168 0.306003 0.237231 0.519262 0.282941 0.0437735 0.245614 0.306928 0.0437891 0.0418036 0.288137 0.0441906 0.297825 0.282678 0.0431245 0.310299 0.28601 0.267723 0.0403879 0.0423427 0.0433129 0.0435242 0.041479 0.0419691 0.289394 0.0443882 0.0460146 0.307288 0.286294 0.0430727 0.0433361 0.0371647 0.0422094 0.0434666 0.460902 0.476123 0.0416484 0.501218 0.295798 0.0426075 0.109558 0.0292531 0.495105 0.0371693 0.292216 1.00156 0.302487 0.0432404 0.0430442 0.0430852 0.0439862 0.285884 0.0473231 0.312505 0.0434246 0.0411639 0.0437311 0.028204 0.285143 0.3088 0.0428606 0.250287 0.49012 0.0433754 0.0409352 0.644835 0.310274 0.276027 0.322204 0.0431121 0.0435388 0.0426164 0.290518 0.287032 0.280371 0.0405558 0.507149 0.273375 0.279841 0.0433507 
