       0        1        0 -0.00953       0       0      -1 0.19479    -1     0     0 -0.02 0 0 0 1         0 -0.437398  0.785398         0 -0.437398  0.785398 -0.437398  0.785398         0 -0.785398  0.785398         0 -0.785398  0.785398 -0.785398  0.785398
0.140161
0.0538367
0
100
15
85
0.119052
0.2296
0.141799 0.111472 0.0898709 0.14933 0.138445 0.0893538 0.151291 0.226928 0.144447 0.104491 0.102858 0.127126 0.0976212 0.119766 0.180627 0.0914808 0.128341 0.104944 0.104846 0.125911 0.101988 0.139195 0.128589 0.150825 0.117913 0.089234 0.145219 0.0524084 0.0922137 0.053621 0.0931653 0.115798 0.180824 0.108883 0.163957 0.024741 0.0950996 0.101692 0.137677 0.184936 0.103996 0.10818 0.0966067 0.155926 0.105749 0.126074 0.117391 0.127388 0.0990904 0.136688 0.110265 0.0947787 0.0180021 0.154969 0.106198 0.105769 0.105667 0.175864 0.118452 0.117667 0.120923 0.143448 0.094339 0.0922297 0.0970139 0.116074 0.14316 0.130288 0.0989437 0.137706 0.0938706 0.122117 0.132618 0.10662 0.126925 0.146948 0.12958 0.111314 0.126705 0.143027 0.161594 0.0830564 0.0987158 0.152842 0.115754 
0.472396 0.0440968 0.305186 0.494071 0.0456988 0.0312434 0.307232 0.949249 0.264469 0.0421857 0.0443883 0.284331 0.0376826 0.0475313 0.692827 0.0400917 0.311905 0.043775 0.0409342 0.289045 0.0417152 0.263662 0.530069 0.322227 0.297598 0.0435249 0.489574 0.0569729 0.0408567 0.255653 0.043145 0.283495 0.28732 0.0444522 0.485802 0.036879 0.0444169 0.0430489 0.243698 0.458195 0.0437968 0.0460112 0.0432278 0.687572 0.0434018 0.302337 0.294302 0.400991 0.0445385 0.498073 0.0459259 0.0424232 0.0387823 0.535543 0.0437632 0.0397381 0.0424889 0.755652 0.0468124 0.239315 0.252926 0.525537 0.0436316 0.0428021 0.044023 0.284382 0.57114 0.538927 0.0432201 0.528673 0.0394205 0.560029 0.0563839 0.0425326 0.268999 0.500984 0.300682 0.044466 0.292118 0.295524 0.308787 0.0393507 0.0403732 0.471873 0.0438891 
