       0        1        0 -0.00953    1    0    0 0.01        0        0       -1 0.223614 0 0 0 1         0 -0.437398  0.785398         0 -0.437398  0.785398 -0.437398  0.785398         0 -0.785398  0.785398         0 -0.785398  0.785398 -0.785398  0.785398
0.126863
0.0434878
0
100
20
80
0.12988
0.287974
0.110753 0.113666 0.134637 0.118605 0.237953 0.0931349 0.0984125 0.142158 0.165556 0.128632 0.0983163 0.122728 0.127189 0.136303 0.166091 0.141653 0.150764 0.0983596 0.229223 0.0414624 0.127601 0.130726 0.149995 0.161548 0.104991 0.168479 0.135535 0.183684 0.102913 0.171394 0.130638 0.0945297 0.126521 0.156482 0.148176 0.137574 0.00687567 0.12016 0.143165 0.160279 0.107661 0.137441 0.0930126 0.0777319 0.157343 0.147804 0.145397 0.179689 0.0990145 0.110947 0.0977633 0.174243 0.110304 0.0818613 0.113118 0.133746 0.151817 0.0933422 0.0670124 0.0942261 0.135394 0.168975 0.203589 0.0958559 0.121035 0.125954 0.112561 0.128035 0.14112 0.109371 0.107205 0.119189 0.106326 0.177178 0.126161 0.171356 0.138072 0.1589 0.113641 0.140161 
0.0410468 0.0411609 0.261425 0.0407306 0.966271 0.0253736 0.0435711 0.440431 0.688981 0.22928 0.0326351 0.0390675 0.286598 0.479307 0.318614 0.253765 0.267279 0.280749 0.969722 0.516338 0.498536 0.0544347 0.469098 0.274988 0.232006 0.442059 0.270593 0.521788 0.0423595 0.265621 0.0469802 0.0414765 0.291819 0.498309 0.0618291 0.266345 0.0427402 0.520831 0.244505 0.605094 0.335317 0.299316 0.0254176 0.265826 0.614847 0.506622 0.498034 0.583744 0.0424707 0.0425002 0.0423545 0.29317 0.21247 0.212025 0.501836 0.246252 0.0660068 0.0374866 0.261446 0.270263 0.265042 0.493768 0.842047 0.0318204 0.278135 0.0422303 0.0474066 0.496655 0.491345 0.0376837 0.0382362 0.0476745 0.0417331 0.493307 0.472957 0.0665726 0.284772 0.992117 0.0448688 0.258398 
