       0        1        0 -0.00953     1     0     0 -0.05        0        0       -1 0.223614 0 0 0 1         0 -0.350398  0.785398         0 -0.437398  0.785398 -0.437398  0.785398         0 -0.785398  0.785398         0 -0.785398  0.785398 -0.785398  0.785398
0.110295
0.0413437
0
100
26
74
0.106549
0.201056
0.136216 0.137879 0.0807107 0.00983521 0.211612 0.108179 0.0868674 0.0645776 0.111354 0.157241 0.106652 0.148633 0.137344 0.09611 0.0692295 0.144593 0.0584789 0.0299113 0.108772 0.240297 0.128167 0.113033 0.106144 0.0975068 0.0839186 0.0678471 0.0918608 0.11509 0.0639447 0.0790495 0.0901162 0.0114532 0.105579 0.158456 0.0308443 0.0872244 0.0291123 0.135917 0.224341 0.094878 0.143027 0.0330642 0.101954 0.151082 0.121578 0.0807529 0.148955 0.10479 0.176916 0.0910795 0.0864933 0.150986 0.107282 0.0906326 0.104492 0.0886698 0.0914393 0.0769529 0.151905 0.165867 0.0756098 0.136137 0.0868196 0.0892612 0.124158 0.143215 0.113996 0.122008 0.0700967 0.0577576 0.075589 0.120008 0.123005 0.120068 
0.281753 0.265662 0.0403169 0.00204685 1.03102 0.0790509 0.0249364 0.0993927 0.190318 0.490241 0.0379068 0.341757 0.326749 0.0428825 0.0900224 0.193044 0.213053 0.0766245 0.0767584 0.758093 0.256647 0.373152 0.625271 0.321672 0.0418376 0.172301 0.0424506 0.0485612 0.236134 0.0281797 0.0419059 0.00186258 0.201916 0.340232 0.0669357 0.0253198 0.00761429 0.309596 0.856784 0.0323678 0.278409 0.0395921 0.171469 0.201822 0.276874 0.255578 0.339441 0.0779828 0.278991 0.0264806 0.0262582 0.341672 0.0437083 0.0216213 0.189437 0.0249603 0.220277 0.0404833 0.195741 0.414458 0.0408867 0.267561 0.0419737 0.192685 0.252427 0.18109 0.253617 0.056667 0.101806 0.268009 0.566799 0.246937 0.176153 0.0739241 
