       0        1        0 -0.00953    1    0    0 0.04        0        0       -1 0.223614 0 0 0 1         0 -0.437398  0.785398         0 -0.437398  0.785398 -0.437398  0.785398         0 -0.785398  0.785398         0 -0.785398  0.785398 -0.785398  0.785398
0.123002
0.0391258
0
100
27
73
0.120672
0.236346
0.111048 0.176445 0.0901172 0.194095 0.0487265 0.067842 0.101308 0.122524 0.0805862 0.150407 0.100542 0.14704 0.140997 0.144987 0.167827 0.0258846 0.0841442 0.0943068 0.11013 0.159448 0.118239 0.0958902 0.0725731 0.115256 0.0900922 0.136922 0.143966 0.15362 0.152022 0.0955395 0.202183 0.123581 0.150397 0.132283 0.265077 0.113237 0.116936 0.0885757 0.0880562 0.103071 0.0951914 0.155493 0.135817 0.103822 0.111352 0.102819 0.149285 0.0881413 0.0865318 0.127578 0.22751 0.137574 0.0938712 0.123098 0.175254 0.118489 0.0992829 0.078357 0.136383 0.201321 0.0980493 0.118104 0.106239 0.0868514 0.157622 0.072359 0.100727 0.143604 0.0143726 0.0942881 0.135782 0.131948 0.126005 
0.334526 0.292034 0.0430641 0.629281 0.406332 0.225218 0.0337694 0.335983 0.0243703 0.312669 0.0427322 0.378884 0.487598 0.213598 0.227694 0.235914 0.0255207 0.0428042 0.0428449 0.281848 0.258777 0.039179 0.0404879 0.200676 0.0249571 0.302666 0.277559 0.350831 0.367808 0.0395506 0.661599 0.329063 0.661721 0.0574299 0.836498 0.199854 0.256304 0.0242356 0.0251172 0.27375 0.041601 0.229387 0.29089 0.176775 0.214843 0.0399419 0.227034 0.183426 0.0204362 0.362084 0.71428 0.179336 0.0272673 0.274369 0.603332 0.303273 0.228112 0.122591 0.299022 0.457023 0.0402293 0.341509 0.215403 0.0242423 0.263908 0.257659 0.0418349 0.257578 0.0018572 0.041203 0.359939 0.274511 0.293627 
