      0      -1       0 0.00953    -1     0     0 -0.06       -0        0       -1 0.223614 0 0 0 1         0 -0.437398  0.785398         0 -0.785398  0.785398 -0.437398  0.785398         0 -0.785398  0.785398         0 -0.785398  0.785398 -0.785398  0.785398
-1
0
0
100
24
76
0.0592334
0.098961
0.0379433 0.0425543 0.0758651 0.021035 0.0421496 0.105418 0.0433871 0.0115588 0.091048 0.00706434 0.102074 0.102228 0.0413967 0.117282 0.0467839 0.13576 0.014498 0.00767972 0.0124883 0.00693694 0.0610516 0.00830762 0.140448 0.0120163 0.0147089 0.0373069 0.0634581 0.0671574 0.0998591 0.113707 0.0150437 0.0899829 0.103959 0.0538466 0.0955558 0.0948698 0.127578 0.0151127 0.0293482 0.00696749 0.12077 0.115726 0.0159263 0.0333514 0.0092648 0.0366544 0.0884981 0.0903561 0.0869974 0.0395879 0.0326711 0.0566031 0.0933791 0.0253592 0.0152837 0.061762 0.00857233 0.0383138 0.00690825 0.143367 0.0558742 0.0774414 0.109869 0.0896331 0.0321753 0.115869 0.0509665 0.103665 0.0363857 0.0161401 0.0551236 0.0978582 0.0236016 0.0562306 0.0431148 0.103001 
0.0704897 0.0779142 0.0704936 0.0031179 0.211222 0.187271 0.251864 0.0846095 0.075753 0.00181119 0.0436368 0.249538 0.0786477 0.26386 0.0755914 0.231837 0.00193632 0.00118318 0.00180878 0.0022641 0.259038 0.0162401 0.250334 0.00160393 0.00180408 0.0681389 0.0177419 0.0461146 0.242484 0.0406418 0.00180353 0.0342509 0.0785283 0.0778189 0.231507 0.040001 0.25575 0.00193488 0.472032 0.00187754 0.138934 0.19327 0.00196568 0.00978393 0.00217054 0.0835087 0.026391 0.0671648 0.234774 0.0374713 0.0812673 0.0379665 0.041815 0.00689724 0.0018644 0.272303 0.00188175 0.0585555 0.00159393 0.183955 0.080824 0.0224076 0.0411429 0.0412832 0.192464 0.198904 0.21552 0.203062 0.227151 0.00231801 0.235937 0.0825004 0.213278 0.0403101 0.0739366 0.0419704 
