     -0      -1       0 0.00953      -0       0      -1 0.19479    1   -0   -0 0.03 0 0 0 1         0 -0.437398  0.785398         0 -0.437398  0.785398 -0.437398  0.785398         0 -0.785398  0.785398         0 -0.785398  0.785398 -0.785398  0.785398
0.142996
0.0673025
0
100
19
81
0.120378
0.224297
0.0449848 0.12664 0.0970262 0.112443 0.163115 0.155999 0.10749 0.0926799 0.126503 0.154412 0.135742 0.158485 0.089922 0.132498 0.134201 0.164094 0.0993771 0.149533 0.120124 0.100078 0.102625 0.144315 0.144213 0.144782 0.136978 0.100083 0.0955364 0.101025 0.108925 0.17072 0.145877 0.0986758 0.0486771 0.155436 0.134375 0.0846552 0.112686 0.144027 0.115521 0.101065 0.153554 0.130723 0.0956062 0.126405 0.108371 0.0895401 0.106308 0.107917 0.0879446 0.111693 0.158952 0.127202 0.0978542 0.0985704 0.0951528 0.140897 0.100376 0.143659 0.109818 0.0913709 0.174341 0.102698 0.0965649 0.0986768 0.0941543 0.143314 0.113493 0.178632 0.0965333 0.158392 0.0991202 0.13311 0.147982 0.10002 0.166927 0.114305 0.0864823 0.0952161 0.156534 0.161162 0.095516 
0.0403072 0.245979 0.0426268 0.247954 0.252859 0.2764 0.0419202 0.0419229 0.278187 0.2416 0.469342 0.565847 0.0435178 0.248683 0.48335 0.237335 0.0412027 0.224102 0.265165 0.0426625 0.0423071 0.317697 0.515764 0.295825 0.268831 0.0379608 0.0433714 0.0400781 0.278588 0.43108 0.488339 0.0458244 0.0387503 0.259571 0.268623 0.0380812 0.0454182 0.27598 0.523303 0.0433974 0.256868 0.696002 0.0434167 0.29419 0.0409019 0.289494 0.0403001 0.293413 0.0432688 0.52449 0.611383 0.26615 0.0402791 0.0427699 0.0438034 0.326301 0.0421905 0.0684147 0.310787 0.030551 0.448395 0.122016 0.0426151 0.0440421 0.0447784 0.262401 0.271833 0.317284 0.0412801 0.496614 0.0405642 0.540356 0.479389 0.0433543 0.475375 0.447854 0.0431052 0.0420824 0.262654 0.727653 0.0397091 
