       0        1        0 -0.00953    1    0    0 0.05        0        0       -1 0.223614 0 0 0 1         0 -0.437398  0.785398         0 -0.350398  0.785398 -0.437398  0.785398         0 -0.785398  0.785398         0 -0.785398  0.785398 -0.785398  0.785398
0.103316
0.0424616
0
100
19
81
0.0939588
0.20665
0.227622 0.114502 0.121831 0.0816191 0.0910478 0.0860749 0.0889425 0.0804111 0.115984 0.0701172 0.0143035 0.253791 0.120336 0.113385 0.0901101 0.129568 0.205636 0.088499 0.0931573 0.181946 0.00969614 0.182129 0.0905869 0.0829557 0.00940059 0.061619 0.0820988 0.0791126 0.0802389 0.0891262 0.106793 0.159995 0.0780062 0.148045 0.0921216 0.115652 0.0752758 0.038513 0.0539668 0.0634954 0.0143471 0.0185496 0.0119506 0.148174 0.107723 0.0470646 0.0807916 0.150403 0.157369 0.0842481 0.0613511 0.0733593 0.0822596 0.0903743 0.0236206 0.0799755 0.0906448 0.0827336 0.0868427 0.0705329 0.0768731 0.143226 0.109088 0.154683 0.00566549 0.044423 0.0587977 0.0928757 0.012087 0.101797 0.115808 0.0867364 0.121329 0.12189 0.0624181 0.0582894 0.155326 0.0769926 0.105956 0.163949 0.112428 
0.888229 0.0414048 0.266749 0.193765 0.0257248 0.0248135 0.0270096 0.0264017 0.334875 0.259908 0.0407135 0.729596 0.270099 0.359787 0.0260207 0.354943 0.675263 0.0424567 0.0262198 0.230609 0.00174956 0.923093 0.0347137 0.0247566 0.0446957 0.107902 0.0416106 0.2019 0.195511 0.0426971 0.263167 0.327094 0.0254002 0.385064 0.026735 0.272461 0.0253801 0.0842052 0.16389 0.222106 0.00197634 0.168571 0.00157932 0.215369 0.279506 0.476791 0.251478 0.432009 0.386098 0.0269149 0.473277 0.140248 0.246424 0.0266549 0.0395995 0.25949 0.0260482 0.251652 0.0247535 0.219801 0.0257588 0.276469 0.62462 0.451583 0.0457957 0.0816834 0.0408248 0.237883 0.00164683 0.59168 0.168866 0.0428656 0.0432395 0.211104 0.173713 0.295673 0.263123 0.22916 0.177463 0.259975 0.288593 
