       0        1        0 -0.00953       0       0      -1 0.19479 -1  0  0  0 0 0 0 1         0 -0.437398  0.785398         0 -0.437398  0.785398 -0.437398  0.785398         0 -0.785398  0.785398         0 -0.785398  0.785398 -0.785398  0.785398
0.111442
0.0438028
0
100
13
87
0.122733
0.216651
0.101994 0.111769 0.0991104 0.107893 0.125389 0.099587 0.126267 0.184241 0.126374 0.123709 0.102191 0.178753 0.108009 0.100711 0.135596 0.0607637 0.105982 0.162607 0.267649 0.104939 0.150232 0.0952172 0.0967554 0.158972 0.106905 0.158038 0.127442 0.113261 0.113194 0.11375 0.0976624 0.170015 0.111864 0.134665 0.102087 0.148252 0.113766 0.130752 0.132004 0.15233 0.165068 0.149747 0.124733 0.101057 0.102544 0.112083 0.0990064 0.00227687 0.106787 0.131254 0.158809 0.152787 0.179815 0.0991785 0.0996378 0.107176 0.103694 0.107092 0.109733 0.107674 0.102683 0.108774 0.111275 0.114874 0.0958777 0.112102 0.117157 0.0942345 0.18463 0.122878 0.160539 0.120721 0.16221 0.129982 0.10624 0.137978 0.105597 0.0986836 0.186229 0.136103 0.0935779 0.105261 0.0971797 0.125235 0.156755 0.0986619 0.111441 
0.0433537 0.0336224 0.0428905 0.0438666 0.280963 0.492633 0.474349 0.741494 0.246816 0.304581 0.0425973 0.426996 0.0427489 0.043256 0.274139 0.278394 0.0390303 0.501267 1.11853 0.0395472 0.261967 0.256735 0.0421298 0.490799 0.0428069 0.560314 0.256663 0.0445815 0.0436861 0.315694 0.0432387 0.263459 0.0376547 0.306237 0.0435578 0.294655 0.299524 0.256633 0.304542 0.530319 0.292442 0.272594 0.266306 0.434763 0.0399204 0.0389878 0.0394105 0.213468 0.0426091 0.0514355 0.286864 0.276719 0.505848 0.0448648 0.0430445 0.0430701 0.442468 0.0410279 0.0443646 0.0430804 0.0424764 0.0426446 0.039983 0.0465726 0.0393741 0.0451188 0.299096 0.0309448 0.372353 0.303008 0.221236 0.310752 0.513785 0.28397 0.03011 0.455051 0.0441623 0.266828 0.47589 0.31559 0.0429131 0.0452715 0.0309197 0.262477 0.527826 0.0432451 0.0475199 
