       0        1        0 -0.00953    1    0    0 0.03        0        0       -1 0.223614 0 0 0 1         0 -0.437398  0.785398         0 -0.437398  0.785398 -0.437398  0.785398         0 -0.785398  0.785398         0 -0.785398  0.785398 -0.785398  0.785398
0.130259
0.0425304
0
100
28
72
0.129282
0.285198
0.13579 0.152119 0.1505 0.0680769 0.0998095 0.103177 0.12701 0.140646 0.106424 0.146379 0.0604352 0.107986 0.104167 0.0886749 0.139732 0.130214 0.0864506 0.0838812 0.237274 0.12691 0.0863254 0.146057 0.102971 0.100868 0.142929 0.2033 0.186753 0.101627 0.142592 0.276759 0.16003 0.0998197 0.0886646 0.152024 0.171432 0.0936865 0.121253 0.110927 0.124292 0.134951 0.0818495 0.0936669 0.15866 0.16181 0.0912277 0.0893684 0.208413 0.104792 0.127558 0.222078 0.172842 0.00773096 0.159116 0.2084 0.147371 0.102356 0.167198 0.106739 0.123824 0.193974 0.0866263 0.0938549 0.156492 0.0425108 0.21862 0.126775 0.15221 0.0994548 0.0826501 0.0981878 0.170243 0.108754 
0.0514986 0.445259 0.455677 0.0395207 0.0419079 0.0432593 0.496366 0.271021 0.041392 0.222719 0.570652 0.212424 0.22787 0.0269862 0.21596 0.316011 0.0246667 0.0321579 0.656614 0.262558 0.450006 0.429566 0.0401658 0.0430051 0.058367 0.50495 0.247607 0.0362508 0.464731 0.900041 0.434048 0.0407104 0.266654 0.181398 0.472994 0.0451313 0.47468 0.0431865 0.261146 0.251273 0.183426 0.267221 0.656105 0.288415 0.19063 0.0250867 0.828271 0.0434878 0.359692 0.833327 0.290016 0.034272 0.621424 0.800604 0.261444 0.04378 0.311379 0.0429573 0.19983 0.904039 0.0254823 0.118484 0.324209 0.0415355 0.893967 0.287247 0.220806 0.187231 0.243965 0.0274173 0.455479 0.222603 
