      0      -1       0 0.00953 -1  0  0  0       -0        0       -1 0.223614 0 0 0 1         0 -0.437398  0.785398         0 -0.437398  0.785398 -0.437398  0.785398         0 -0.785398  0.785398         0 -0.785398  0.785398 -0.785398  0.785398
0.146944
0.0438207
0
100
34
66
0.124146
0.232184
0.138224 0.127331 0.119325 0.0889918 0.104084 0.178004 0.110286 0.138948 0.15045 0.130141 0.106212 0.120907 0.118272 0.110162 0.00107914 0.108379 0.152787 0.101138 0.119137 0.113828 0.117104 0.126103 0.121545 0.111816 0.104072 0.109992 0.123663 0.111587 0.13852 0.0719293 0.0149805 0.177522 0.172078 0.182322 0.142861 0.0973323 0.115348 0.156408 0.137078 0.108509 0.162481 0.143751 0.00515179 0.178926 0.151747 0.11767 0.106288 0.135338 0.214702 0.113825 0.114211 0.144868 0.119059 0.107712 0.112462 0.130473 0.265465 0.149568 0.151406 0.101354 0.126661 0.125777 0.112847 0.118004 0.105803 0.0996113 
0.289929 0.370798 0.0436698 0.278582 0.0438551 0.272527 0.0449981 0.0543179 0.286208 0.30538 0.0411266 0.0386385 0.299728 0.0426806 0.0427948 0.0432793 0.292936 0.0310585 0.527033 0.0409912 0.033397 0.277768 0.295393 0.0359679 0.0414767 0.0462086 0.455927 0.0421224 0.292931 0.617633 0.243948 0.43798 0.520941 0.683365 0.477872 0.0424414 0.301188 0.495261 0.0512869 0.0428364 0.269245 0.295657 0.240719 0.315994 0.51331 0.0446587 0.0431983 0.284841 0.92449 0.0389492 0.0461492 0.253042 0.614933 0.279304 0.0443995 0.274664 0.957221 0.296914 0.0047803 0.0386654 0.300174 0.0478492 0.246525 0.0437229 0.0414422 0.0368408 
