       0        1        0 -0.00953       0       0      -1 0.19479   -1    0    0 0.01 0 0 0 1         0 -0.437398  0.785398         0 -0.437398  0.785398 -0.437398  0.785398         0 -0.785398  0.785398         0 -0.785398  0.785398 -0.785398  0.785398
0.130655
0.0435157
0
100
14
86
0.124142
0.222926
0.213413 0.157489 0.133753 0.115141 0.154572 0.137489 0.111232 0.118145 0.119763 0.129663 0.11527 0.102798 0.166537 0.118924 0.0921984 0.128314 0.127885 0.100451 0.135763 0.102303 0.105818 0.0977448 0.107611 0.15891 0.14801 0.148872 0.148523 0.103334 0.0989978 0.134021 0.149687 0.0973034 0.146672 0.112127 0.131001 0.101256 0.149574 0.101162 0.13128 0.111997 0.110035 0.134625 0.117446 0.140863 0.100026 0.167646 0.0980748 0.120622 0.102505 0.101123 0.110001 0.149161 0.154248 0.117717 0.142158 0.0845421 0.104698 0.0967691 0.120493 0.150545 0.0904558 0.105569 0.106657 0.107109 0.0918643 0.108828 0.100814 0.175353 0.11073 0.163628 0.00868258 0.100535 0.152935 0.16264 0.107177 0.103725 0.160179 0.0985425 0.172227 0.111684 0.119336 0.151251 0.110841 0.180006 0.135994 0.151152 
0.319953 0.323928 0.512198 0.28722 0.638053 0.312372 0.0449195 0.0453831 0.261494 0.256564 0.284173 0.0435822 0.536496 0.044705 0.041962 0.495367 0.262744 0.0430444 0.341153 0.0403189 0.287877 0.0436179 0.0423861 0.250807 0.300129 0.244533 0.501467 0.0462163 0.0417287 0.309765 0.529742 0.0387478 0.509604 0.0503074 0.295568 0.0450476 0.278259 0.300131 0.0424386 0.0453381 0.0435002 0.28027 0.0459315 0.465532 0.0432083 0.248205 0.0437836 0.293242 0.0427988 0.0437334 0.0387837 0.537895 0.493563 0.0435485 0.462334 0.0412653 0.0437886 0.0420458 0.236474 0.485041 0.0422751 0.0370229 0.041881 0.0410671 0.0427191 0.0436954 0.0444321 0.498609 0.044204 0.288019 0.0293678 0.042988 0.47476 0.662824 0.292993 0.0431955 0.242544 0.0427687 0.74588 0.281123 0.263553 0.30083 0.0446999 0.494503 0.496793 0.274629 
