      0      -1       0 0.00953    -1     0     0 -0.02       -0        0       -1 0.223614 0 0 0 1         0 -0.437398  0.785398         0 -0.437398  0.785398 -0.437398  0.785398         0 -0.785398  0.785398         0 -0.785398  0.785398 -0.785398  0.785398
0.148195
0.0556188
0
100
29
71
0.127476
0.257134
0.158206 0.0939148 0.125794 0.130448 0.107755 0.220847 0.0870664 0.141285 0.0929964 0.184405 0.0918848 0.124442 0.133797 0.178386 0.216638 0.221748 0.149225 0.136781 0.149057 0.0969477 0.154409 0.0843998 0.0837765 0.103705 0.160724 0.0957441 0.195938 0.150631 0.128082 0.105466 0.146805 0.116569 0.100094 0.132285 0.214136 0.179464 0.12463 0.110754 0.101668 0.104288 0.167661 0.0831264 0.134078 0.169709 0.0879284 0.0864942 0.0956777 0.0644065 0.101137 0.107605 0.11134 0.142306 0.113225 0.0955186 0.107813 0.102577 0.0609814 0.0900789 0.113808 0.127659 0.153986 0.168245 0.150604 0.177985 0.132835 0.12399 0.160023 0.0959242 0.0948029 0.15615 0.0379005 
0.493859 0.0315525 0.279628 0.335233 0.255817 0.670192 0.025295 0.0468913 0.0252641 0.232161 0.265867 0.219469 0.48192 0.440714 0.655634 0.673037 0.256616 0.474538 0.233095 0.0282023 0.490742 0.25493 0.251506 0.0417226 0.230911 0.0344335 0.629048 0.457978 0.335385 0.286351 0.423182 0.0428687 0.0339129 0.276392 0.750698 0.434208 0.0415682 0.338515 0.0336705 0.464057 0.495131 0.0274425 0.24485 0.261186 0.0251297 0.0255305 0.0264507 0.289356 0.0441249 0.0433303 0.0417465 0.0649182 0.0420806 0.282025 0.0410287 0.0426167 0.458372 0.0290809 0.0402135 0.0473355 0.601751 0.456828 0.472434 0.466027 0.471841 0.296522 0.247705 0.0418357 0.257007 0.341217 0.0543199 
