     -0      -1       0 0.00953      -0       0      -1 0.19479     1    -0    -0 -0.03 0 0 0 1         0 -0.437398  0.785398         0 -0.437398  0.785398 -0.437398  0.785398         0 -0.785398  0.785398         0 -0.785398  0.785398 -0.785398  0.785398
0.110987
0.0433912
0
100
15
85
0.123159
0.223127
0.120521 0.162459 0.128404 0.100327 0.100809 0.0895537 0.124874 0.159272 0.103054 0.0955 0.15638 0.108994 0.129442 0.154751 0.0998712 0.0888262 0.179689 0.128777 0.118016 0.0971841 0.147012 0.15686 0.102047 0.118558 0.153797 0.141493 0.135947 0.0989834 0.0874772 0.0904127 0.178702 0.126244 0.120587 0.160208 0.117301 0.0199219 0.155044 0.0935621 0.0996241 0.106345 0.0804516 0.131754 0.0947445 0.188283 0.123571 0.114815 0.161505 0.125513 0.147671 0.147398 0.122691 0.118105 0.202182 0.0896414 0.0935356 0.161949 0.112966 0.16426 0.101306 0.0994643 0.158552 0.149213 0.145806 0.10371 0.0927643 0.096875 0.0895019 0.164883 0.161696 0.1441 0.123371 0.0969198 0.0976733 0.100977 0.174939 0.0426776 0.152841 0.157555 0.101753 0.109224 0.156607 0.104281 0.103857 0.101405 0.0987158 
0.290297 0.453171 0.231745 0.0414381 0.0427538 0.0408736 0.297713 0.23868 0.0403057 0.264391 0.407493 0.0237803 0.286066 0.501245 0.0403944 0.0424944 0.459831 0.271623 0.0464632 0.0382486 0.276993 0.309649 0.0403894 0.29878 0.48802 0.506225 0.263868 0.0431888 0.0370052 0.0284099 0.737269 0.277292 0.304437 0.521389 0.0476422 0.0392359 0.292404 0.0430464 0.0423967 0.0435142 0.042915 0.274106 0.0446853 0.463076 0.261928 0.261554 0.470727 0.465028 0.295393 0.297198 0.298714 0.0406461 0.555058 0.0384969 0.0432143 0.410378 0.0436031 0.29257 0.0416474 0.0430412 0.640981 0.499699 0.458942 0.0414133 0.0432627 0.0414429 0.0410009 0.461999 0.299878 0.318739 0.290671 0.0415289 0.0430022 0.0423724 0.456899 0.25738 0.470186 0.282727 0.288014 0.0434862 0.347569 0.0415554 0.0438757 0.0432025 0.0418454 
