       0        1        0 -0.00953    1    0    0 0.06        0        0       -1 0.223614 0 0 0 1         0 -0.437398  0.785398         0 -0.785398  0.785398 -0.437398  0.785398         0 -0.785398  0.785398         0 -0.785398  0.785398 -0.785398  0.785398
-1
0
0
100
30
70
0.0684059
0.116683
0.0640776 0.0239256 0.114037 0.00588708 0.0190752 0.0151795 0.0652769 0.131187 0.111368 0.0371083 0.110623 0.0309861 0.0266334 0.0350234 0.0923122 0.105462 0.00735855 0.0850293 0.12444 0.0506596 0.00597205 0.133287 0.0665801 0.107505 0.0778992 0.0768756 0.00787609 0.0516821 0.154214 0.0393916 0.0276001 0.0148899 0.0288019 0.120783 0.0703957 0.0717341 0.154676 0.0913971 0.0438511 0.104995 0.0750301 0.09934 0.0165886 0.00844537 0.162128 0.056808 0.013206 0.0915827 0.137312 0.0788341 0.138479 0.113802 0.0452646 0.00626998 0.0989554 0.0767472 0.128497 0.0490613 0.0331992 0.014872 0.00646164 0.121018 0.0851012 0.0603448 0.04415 0.0255152 0.081882 0.090251 0.0569142 0.0662958 
0.235534 0.0760547 0.248577 0.00148303 0.00292116 0.00188823 0.260346 0.195486 0.193267 0.0744418 0.190373 0.0509534 0.0636773 0.0382546 0.075669 0.259137 0.00191418 0.0756306 0.203393 0.255867 0.00178461 0.182922 0.0660573 0.152297 0.0297222 0.239797 0.00184341 0.0873935 0.190459 0.0697879 0.0070688 0.00186023 0.0353511 0.220282 0.0732981 0.0459034 0.220157 0.0694502 0.0388462 0.233537 0.192113 0.0652345 0.0337243 0.0423095 0.193223 0.150876 0.0369709 0.181171 0.187811 0.0879739 0.19731 0.196278 0.246211 0.0021424 0.503196 0.0234883 0.223112 0.233758 0.0807013 0.0702393 0.00185997 0.212739 0.11298 0.0625779 0.0931193 0.00385088 0.0272801 0.02569 0.182683 0.0245332 
