       0        1        0 -0.00953       0       0      -1 0.19479    -1     0     0 -0.01 0 0 0 1         0 -0.437398  0.785398         0 -0.437398  0.785398 -0.437398  0.785398         0 -0.785398  0.785398         0 -0.785398  0.785398 -0.785398  0.785398
0.125654
0.0507752
0
100
9
91
0.121753
0.201401
0.187202 0.122904 0.0981657 0.101439 0.107217 0.113098 0.114155 0.174535 0.158143 0.108993 0.110868 0.14619 0.140669 0.101596 0.102748 0.106228 0.0976578 0.112689 0.106994 0.137407 0.0948273 0.174952 0.0908869 0.110118 0.130046 0.1044 0.185952 0.154916 0.125504 0.0944425 0.178317 0.141004 0.098533 0.159587 0.103092 0.0954101 0.152257 0.107282 0.120826 0.113045 0.09989 0.120403 0.172675 0.175 0.139121 0.170257 0.15204 0.112583 0.168428 0.108936 0.12434 0.124747 0.141871 0.121052 0.163272 0.135037 0.101245 0.101904 0.107804 0.12086 0.0962647 0.123556 0.0642174 0.126623 0.131729 0.115975 0.141943 0.140799 0.104755 0.110025 0.108892 0.111744 0.151868 0.122555 0.102256 0.114314 0.187253 0.132401 0.0355463 0.112552 0.0302505 0.12392 0.105738 0.0950136 0.147516 0.104085 0.0866955 0.0947319 0.108767 0.0931445 0.108604 
0.563275 0.239312 0.258248 0.0431836 0.0433332 0.0447535 0.0436507 0.499909 0.273879 0.0435889 0.0433341 0.289399 0.39506 0.0428133 0.0388789 0.0429722 0.0445228 0.0443851 0.0438913 0.304614 0.0418797 0.485771 0.0437315 0.0365816 0.37768 0.0435663 0.431437 0.466998 0.0475936 0.0397135 0.434233 0.273603 0.0435689 0.261637 0.0424955 0.043028 0.315345 0.0420943 0.280624 0.296604 0.0433313 0.28377 0.503832 0.517881 0.311132 0.7127 0.309403 0.517612 0.501861 0.0428753 0.0495083 0.0435183 0.558164 0.286197 0.325975 0.28623 0.0433731 0.043342 0.0429183 0.284105 0.0424082 0.0439897 0.265509 0.429322 0.287286 0.0434742 0.052225 0.263237 0.0358017 0.263777 0.037066 0.0409209 0.293088 0.561098 0.0425928 0.0407552 0.451672 0.494165 0.0391883 0.516618 0.0718187 0.291581 0.0370785 0.0442543 0.28848 0.0435118 0.0400242 0.0441736 0.0369493 0.0425844 0.0438998 
