       0        1        0 -0.00953     1     0     0 -0.06        0        0       -1 0.223614 0 0 0 1         0 -0.785398  0.785398         0 -0.437398  0.785398 -0.437398  0.785398         0 -0.785398  0.785398         0 -0.785398  0.785398 -0.785398  0.785398
-1
0
0
100
32
68
0.0666778
0.109856
0.0755383 0.0805941 0.108606 0.0482084 0.0103288 0.0807004 0.158838 0.00959174 0.046523 0.0985573 0.0124749 0.0145047 0.0289654 0.106459 0.0809084 0.0735901 0.0627077 0.0155644 0.107326 0.0156885 0.0515448 0.107949 0.0505813 0.0719225 0.119576 0.0648565 0.0964797 0.116938 0.163842 0.0277104 0.0863487 0.0843664 0.141342 0.0233032 0.0542287 0.063862 0.093512 0.0221339 0.044486 0.0284323 0.101775 0.0078986 0.0932243 0.124846 0.0836501 0.00665885 0.0690141 0.0995844 0.121769 0.0344768 0.100542 0.053664 0.0149434 0.0929754 0.157959 0.0773872 0.0365587 0.129265 0.142755 0.0137956 0.0566328 0.0101367 0.0605201 0.0063742 0.04981 0.0135222 0.0139047 0.0113576 
0.0997203 0.0201053 0.218787 0.0788978 0.00212349 0.0236435 0.318023 0.00196446 0.094946 0.221613 0.00172271 0.00342595 0.00757456 0.248172 0.0230801 0.0714069 0.0718198 0.00187334 0.217039 0.00191639 0.238702 0.262816 0.0586382 0.0738651 0.263909 0.038715 0.193948 0.0409312 0.334324 0.0706692 0.0258295 0.0815674 0.226888 0.0059336 0.218633 0.0373691 0.070974 0.0845244 0.0872644 0.0770434 0.0427344 0.00287934 0.262304 0.255471 0.073772 0.00184244 0.257984 0.281333 0.0659431 0.0808713 0.20169 0.0747402 0.00187873 0.0767055 0.00580862 0.227906 0.00965628 0.204414 0.346179 0.00161344 0.246698 0.00157076 0.262028 0.00204042 0.256489 0.00168222 0.00172661 0.0018735 
