     -0      -1       0 0.00953      -0       0      -1 0.19479    1   -0   -0 0.04 0 0 0 1         0 -0.437398  0.785398         0 -0.437398  0.785398 -0.437398  0.785398         0 -0.785398  0.785398         0 -0.785398  0.785398 -0.785398  0.785398
0.115977
0.0400907
0
100
11
89
0.11875
0.212124
0.147623 0.0972066 0.103774 0.160928 0.0997691 0.103396 0.109312 0.115453 0.112041 0.149889 0.101478 0.137909 0.115176 0.102235 0.0937274 0.115977 0.098809 0.0834004 0.156657 0.0823386 0.144288 0.107221 0.106598 0.1133 0.05631 0.133699 0.156953 0.100318 0.124811 0.115578 0.109726 0.167266 0.138511 0.113865 0.080589 0.107558 0.113977 0.106564 0.105873 0.128306 0.106166 0.0942971 0.13429 0.107989 0.0863055 0.107197 0.103406 0.159077 0.167006 0.0771489 0.0984477 0.0990779 0.146033 0.115113 0.151279 0.100665 0.139755 0.138683 0.0970345 0.0951248 0.119 0.10632 0.142453 0.109828 0.0877295 0.167987 0.0963241 0.0854371 0.156304 0.0833924 0.149865 0.163609 0.1012 0.156411 0.134063 0.100936 0.120906 0.150553 0.120582 0.145663 0.099875 0.155836 0.0877194 0.0907717 0.171346 0.169178 0.0954434 0.153561 0.103943 
0.593501 0.0420841 0.274084 0.306844 0.0437234 0.0450302 0.351974 0.04494 0.0439273 0.284691 0.0432942 0.512591 0.0478523 0.043182 0.0371388 0.302009 0.0436211 0.0422573 0.410309 0.02488 0.497303 0.0428218 0.0438287 0.284207 0.0401105 0.24073 0.452689 0.0423108 0.278331 0.300808 0.0497873 0.492966 0.48005 0.0372603 0.032305 0.0325923 0.278582 0.0453339 0.0399427 0.47743 0.0330757 0.0309728 0.536955 0.0429453 0.0424026 0.04373 0.0471102 0.303424 0.277391 0.0413838 0.035889 0.213323 0.519821 0.295715 0.272125 0.276295 0.322086 0.453899 0.0432351 0.266586 0.0493525 0.0426511 0.26814 0.288341 0.263142 0.51263 0.0425943 0.0438767 0.234552 0.0246028 0.67996 0.433448 0.276058 0.234309 0.0470016 0.0400305 0.0469566 0.490063 0.299807 0.285246 0.0433094 0.255879 0.0431986 0.0426422 0.724421 0.617191 0.0431171 0.401314 0.27953 
