      0      -1       0 0.00953   -1    0    0 0.03       -0        0       -1 0.223614 0 0 0 1         0 -0.437398  0.785398         0 -0.437398  0.785398 -0.437398  0.785398         0 -0.785398  0.785398         0 -0.785398  0.785398 -0.785398  0.785398
0.0921155
0.024643
0
100
30
70
0.120432
0.230293
0.101045 0.0688575 0.144755 0.1328 0.130243 0.194897 0.00300869 0.103071 0.0561274 0.0993683 0.139011 0.0881437 0.113687 0.157057 0.119853 0.14874 0.096685 0.10694 0.102666 0.0871458 0.141178 0.203152 0.121638 0.205759 0.144347 0.0911238 0.043818 0.155732 0.230909 0.116851 0.10439 0.0933907 0.177161 0.084809 0.0115373 0.0977396 0.213716 0.11943 0.170829 0.128037 0.0841358 0.212104 0.144184 0.0987932 0.158796 0.108332 0.157003 0.0911498 0.0919991 0.21781 0.123862 0.0848845 0.0431191 0.0738436 0.0843838 0.0959829 0.141769 0.236366 0.0921014 0.157668 0.00849675 0.139247 0.145416 0.109525 0.138623 0.126245 0.106657 0.116378 0.0971359 0.0945466 
0.0467639 0.260501 0.290946 0.236991 0.203898 0.437705 0.210971 0.0430924 0.29005 0.0414881 0.287559 0.0321885 0.0413332 0.474657 0.0461407 0.468166 0.0416716 0.0449656 0.0406031 0.0144395 0.0666914 0.526339 0.293389 0.643673 0.496514 0.0264443 0.218674 0.181114 0.973084 0.39615 0.042869 0.188265 0.332719 0.0271902 0.0426501 0.0421438 0.667782 0.252319 0.460366 0.245552 0.0245832 0.670009 0.337241 0.0430168 0.263159 0.0435144 0.434767 0.0332399 0.026071 0.834808 0.286144 0.0245735 0.288014 0.271905 0.0249091 0.0332464 0.2323 0.674312 0.0266001 0.228754 0.218825 0.213078 0.514195 0.0424682 0.293084 0.216004 0.0400195 0.0393543 0.0355282 0.0286988 
