       0        1        0 -0.00953       0       0      -1 0.19479   -1    0    0 0.04 0 0 0 1         0 -0.437398  0.785398         0 -0.437398  0.785398 -0.437398  0.785398         0 -0.785398  0.785398         0 -0.785398  0.785398 -0.785398  0.785398
0.0928878
0.0279776
0
100
20
80
0.118378
0.196834
0.1288 0.0901189 0.139565 0.109191 0.155474 0.114429 0.161514 0.0979077 0.174132 0.0921498 0.137267 0.141912 0.120512 0.143117 0.085086 0.085953 0.135701 0.0925729 0.120217 0.0985484 0.110962 0.0798387 0.238465 0.08519 0.103233 0.214192 0.116414 0.123989 0.0907787 0.0953178 0.150124 0.110211 0.115934 0.0875026 0.105263 0.16364 0.176778 0.127986 0.0822572 0.104556 0.12529 0.140827 0.100483 0.17617 0.139332 0.12138 0.136338 0.109314 0.100238 0.0984162 0.126251 0.105048 0.127219 0.096678 0.0860138 0.0986881 0.161644 0.0993327 0.133867 0.0715059 0.098249 0.0998767 0.0958777 0.111255 0.0477591 0.109771 0.102787 0.103083 0.150467 0.119646 0.105676 0.150359 0.0743302 0.103179 0.0892168 0.145555 0.100236 0.111528 0.112656 0.17791 
0.293317 0.0435011 0.302687 0.0405197 0.266199 0.312868 0.524406 0.0452735 0.291927 0.0406959 0.257575 0.439375 0.0485558 0.290269 0.0410011 0.0319909 0.444836 0.0399531 0.145127 0.044858 0.0441198 0.033868 1.09439 0.0402522 0.0407108 1.09355 0.324032 0.293528 0.0425935 0.0429872 0.322181 0.334875 0.27212 0.295515 0.0389032 0.517823 0.521542 0.226468 0.0440273 0.0453259 0.0441431 0.280464 0.0402443 0.467848 0.296811 0.245713 0.486725 0.0431818 0.0437363 0.0433033 0.263825 0.0384896 0.279362 0.0459875 0.0431657 0.043546 0.260112 0.0400387 0.282002 0.0445353 0.042688 0.0415217 0.0446004 0.221139 0.0412213 0.254792 0.0417754 0.0415248 0.247418 0.312272 0.0473075 0.262269 0.04254 0.0439557 0.0306576 0.479537 0.0447117 0.0466518 0.0488768 0.464285 
