      0      -1       0 0.00953    -1     0     0 -0.01       -0        0       -1 0.223614 0 0 0 1         0 -0.437398  0.785398         0 -0.437398  0.785398 -0.437398  0.785398         0 -0.785398  0.785398         0 -0.785398  0.785398 -0.785398  0.785398
0.0924499
0.0256088
0
100
24
76
0.130536
0.232156
0.107476 0.0894752 0.104904 0.129507 0.192801 0.105404 0.109358 0.123459 0.176055 0.252303 0.0995767 0.167516 0.151341 0.1581 0.121839 0.17669 0.106853 0.167015 0.114619 0.095175 0.108733 0.0884687 0.136207 0.106201 0.108588 0.051104 0.104811 0.271204 0.101238 0.118126 0.122864 0.0849255 0.141919 0.146008 0.1684 0.129945 0.138251 0.121947 0.108691 0.174461 0.140337 0.143797 0.111715 0.0936871 0.167205 0.168293 0.13802 0.182133 0.100814 0.134554 0.114935 0.134547 0.238949 0.0971826 0.0988783 0.118534 0.0971068 0.126416 0.0724151 0.12639 0.131492 0.135459 0.168036 0.122034 0.103829 0.0983608 0.113935 0.106172 0.111188 0.106451 0.103191 0.114886 0.16867 0.108024 0.108711 0.232843 
0.0351415 0.0302396 0.0412103 0.0427496 0.584142 0.0339463 0.0406516 0.0469552 0.25993 1.02008 0.0345462 0.248548 0.0567492 0.286397 0.26426 0.477939 0.0410479 0.278772 0.0442772 0.213124 0.0406171 0.0252262 0.519343 0.0414109 0.0404809 0.302232 0.0421932 0.871583 0.0419062 0.198917 0.0409225 0.225487 0.241485 0.264442 0.268041 0.22409 0.057657 0.42065 0.287526 0.282601 0.281634 0.632483 0.0427252 0.0415092 0.489162 0.458119 0.250554 0.43049 0.509696 0.287606 0.0418398 0.500235 0.966017 0.20986 0.043009 0.3342 0.0314492 0.246746 0.0414192 0.282725 0.051367 0.245947 0.524935 0.414455 0.0431212 0.0349937 0.0400339 0.0412637 0.0439178 0.273113 0.0413384 0.0437418 0.286275 0.0425302 0.0410994 0.83671 
