       0        1        0 -0.00953    1    0    0 0.02        0        0       -1 0.223614 0 0 0 1         0 -0.437398  0.785398         0 -0.437398  0.785398 -0.437398  0.785398         0 -0.785398  0.785398         0 -0.785398  0.785398 -0.785398  0.785398
0.125346
0.0368489
0
100
35
65
0.121023
0.216198
0.092129 0.0973395 0.107499 0.105618 0.0572246 0.100403 0.0862252 0.115719 0.133249 0.11364 0.0939917 0.137513 0.0979118 0.113472 0.112965 0.115472 0.0952225 0.103575 0.100937 0.131237 0.153154 0.163484 0.104708 0.139215 0.103217 0.131967 0.136579 0.102407 0.172685 0.12129 0.180049 0.180294 0.12714 0.0470567 0.0723732 0.225572 0.104616 0.0912005 0.113939 0.0896846 0.097886 0.219099 0.103643 0.127126 0.0965811 0.10321 0.146507 0.126244 0.111188 0.223897 0.102075 0.111276 0.159203 0.129953 0.104476 0.103596 0.102651 0.113589 0.12977 0.10589 0.177065 0.138369 0.161 0.104895 0.0953514 
0.0416582 0.037014 0.0412478 0.243961 0.0353451 0.0267148 0.0257614 0.256328 0.284963 0.0441806 0.0248935 0.292207 0.0416919 0.198424 0.0420366 0.04362 0.0290068 0.0414689 0.24673 0.197589 0.264717 0.5147 0.0403728 0.203752 0.0412661 0.285111 0.483343 0.264334 0.252613 0.449297 0.441847 0.541817 0.275886 0.041738 0.583864 0.654171 0.0418853 0.271267 0.279266 0.0244762 0.0322283 0.816035 0.333189 0.461221 0.0285748 0.042064 0.242375 0.0548615 0.0389582 0.718443 0.0278112 0.0436677 0.435588 0.044561 0.0420928 0.283826 0.0428768 0.362662 0.320894 0.0379484 0.518716 0.410959 0.274773 0.245181 0.0428257 
