      0      -1       0 0.00953   -1    0    0 0.06       -0        0       -1 0.223614 0 0 0 1         0 -0.785398  0.785398         0 -0.437398  0.785398 -0.437398  0.785398         0 -0.785398  0.785398         0 -0.785398  0.785398 -0.785398  0.785398
0.0344886
0.00852257
0
100
21
79
0.0664714
0.106434
0.0456733 0.137211 0.0958391 0.0547184 0.0100016 0.0564343 0.0561196 0.0730275 0.0644357 0.0896418 0.0278291 0.0723524 0.135023 0.0872606 0.00986945 0.153021 0.132445 0.0568228 0.117034 0.120962 0.0914927 0.0707336 0.0961152 0.0775845 0.0930074 0.137394 0.0413675 0.0383174 0.07684 0.0778405 0.134188 0.013871 0.0482448 0.0862346 0.105351 0.0847771 0.135106 0.0138635 0.0568094 0.00994765 0.122926 0.0141112 0.0145331 0.0329582 0.0599618 0.00831555 0.103965 0.11191 0.120844 0.112052 0.0783251 0.0480009 0.0122486 0.019519 0.0153291 0.0834 0.0145524 0.0973586 0.0727999 0.00914117 0.0111301 0.0858024 0.0119059 0.012958 0.0835319 0.0876764 0.00546414 0.128842 0.0820855 0.0672175 0.015438 0.0251597 0.0668644 0.055212 0.089207 0.00971002 0.0928709 0.0269992 0.0561035 
0.263362 0.198974 0.0806752 0.0778254 0.00204674 0.0935239 0.0780703 0.230341 0.244518 0.0739799 0.063471 0.0261638 0.197552 0.112174 0.0715193 0.331163 0.269536 0.246753 0.042779 0.0782619 0.0665478 0.25068 0.175726 0.0697413 0.28398 0.180165 0.0729143 0.0797235 0.0744054 0.0241082 0.568774 0.00170562 0.0780808 0.0246764 0.17857 0.0735273 0.246546 0.00181459 0.0867961 0.00210067 0.677285 0.00169358 0.0018352 0.00260776 0.040097 0.00181275 0.0779702 0.0391221 0.182749 0.0725748 0.0229584 0.0799793 0.00162948 0.0809417 0.0018848 0.18288 0.00172964 0.236542 0.0253553 0.00198729 0.001502 0.0793966 0.00208843 0.00153116 0.037395 0.0247367 0.00183784 0.226513 0.120858 0.0767333 0.00204655 0.00747128 0.279794 0.0593922 0.077631 0.00229775 0.04141 0.229201 0.0795282 
