       0        1        0 -0.00953       0       0      -1 0.19479   -1    0    0 0.03 0 0 0 1         0 -0.437398  0.785398         0 -0.437398  0.785398 -0.437398  0.785398         0 -0.785398  0.785398         0 -0.785398  0.785398 -0.785398  0.785398
0.10263
0.0368665
0
100
12
88
0.119998
0.204331
0.0655538 0.108329 0.0855184 0.0946028 0.171453 0.123082 0.11455 0.136373 0.119115 0.103761 0.0981928 0.0593879 0.0985875 0.0982715 0.102645 0.107339 0.175806 0.091913 0.12061 0.167289 0.0735725 0.144891 0.0814125 0.0951195 0.105985 0.0981795 0.130004 0.14911 0.0343591 0.116905 0.109883 0.0811086 0.115305 0.172469 0.152229 0.15166 0.0922233 0.0942492 0.0914268 0.105837 0.12722 0.113009 0.0947533 0.148611 0.135239 0.0819157 0.173802 0.121882 0.131426 0.0915909 0.137111 0.111113 0.174736 0.168457 0.117132 0.0952003 0.159862 0.167985 0.140566 0.100541 0.152037 0.171752 0.14365 0.114222 0.096052 0.0943923 0.113305 0.139314 0.0956533 0.0994002 0.0911185 0.140338 0.0865291 0.107398 0.103003 0.158711 0.107584 0.0994124 0.163042 0.16649 0.1073 0.0881224 0.136944 0.139053 0.158645 0.132415 0.163999 0.159498 
0.0436102 0.0417446 0.0430196 0.0415625 0.462265 0.28334 0.273953 0.476166 0.275131 0.0438275 0.0451556 0.0427115 0.0449819 0.040188 0.0439595 0.0378936 0.546615 0.0436589 0.0500015 0.725461 0.0428169 0.346655 0.0446433 0.0420208 0.0438679 0.493963 0.580529 0.284394 0.0394321 0.0437989 0.244926 0.0452049 0.0422928 0.338705 0.492016 0.270126 0.0442861 0.0314773 0.0187926 0.0432463 0.27368 0.449289 0.0440809 0.304434 0.318434 0.0433613 0.385212 0.275661 0.267592 0.042065 0.317013 0.0435427 0.510669 0.497869 0.377677 0.0417839 0.263227 0.497873 0.287525 0.0351203 0.509514 0.546329 0.251014 0.0550705 0.0427308 0.0360494 0.296767 0.294862 0.0432872 0.0444916 0.0392339 0.0564493 0.0255199 0.0441606 0.0434991 0.2677 0.0412948 0.0456732 0.289965 0.26594 0.0433296 0.0431579 0.332212 0.313062 0.536785 0.472777 0.260245 0.325487 
