     -0      -1       0 0.00953      -0       0      -1 0.19479    1   -0   -0 0.02 0 0 0 1         0 -0.437398  0.785398         0 -0.437398  0.785398 -0.437398  0.785398         0 -0.785398  0.785398         0 -0.785398  0.785398 -0.785398  0.785398
0.148387
0.0671035
0
100
10
90
0.124751
0.237795
0.104917 0.146277 0.147767 0.157291 0.104612 0.132424 0.13119 0.0831574 0.145834 0.131612 0.136513 0.10567 0.0465957 0.11102 0.123575 0.103565 0.10911 0.103135 0.115292 0.150874 0.180979 0.135158 0.127532 0.0919419 0.108921 0.160596 0.156475 0.0950537 0.11227 0.105822 0.118955 0.108816 0.172689 0.161398 0.136168 0.0948952 0.0858045 0.119175 0.0915225 0.114917 0.186516 0.102306 0.165207 0.139433 0.113404 0.132334 0.101949 0.152938 0.104351 0.15309 0.164421 0.107651 0.133282 0.101078 0.150242 0.107841 0.102368 0.105334 0.219802 0.108618 0.103471 0.0233449 0.108502 0.099532 0.18906 0.119845 0.162055 0.175144 0.11058 0.151004 0.102851 0.177874 0.120888 0.114751 0.16724 0.108702 0.131599 0.170771 0.129078 0.100041 0.190756 0.100006 0.0999201 0.149176 0.105791 0.092617 0.137337 0.0489662 0.117846 0.0971214 
0.0408648 0.295212 0.28261 0.302832 0.0388539 0.241861 0.554356 0.5186 0.262948 0.279619 0.287642 0.0438704 0.0386029 0.0450614 0.504737 0.044433 0.0396899 0.0430151 0.295163 0.0638629 0.471506 0.578543 0.564381 0.042588 0.0457045 0.4897 0.286823 0.0405858 0.296757 0.0447217 0.304253 0.0460256 0.276818 0.631135 0.28085 0.0425396 0.0252557 0.307594 0.0313627 0.0420825 0.611184 0.043067 0.528016 0.301737 0.0653236 0.565681 0.0428602 0.520211 0.0434105 0.263416 0.258124 0.0408789 0.282446 0.0410072 0.515779 0.0416077 0.0425328 0.0436645 0.899042 0.0438893 0.0411168 0.0412463 0.0414172 0.0418545 0.450241 0.294209 0.490588 0.4406 0.488374 0.302804 0.0449619 0.484302 0.0470274 0.267801 0.4471 0.0470382 0.30962 0.511853 0.49177 0.0426159 0.408397 0.0365547 0.0444245 0.538431 0.0788936 0.0426517 0.312739 0.040869 0.261948 0.0431779 
