       0        1        0 -0.00953     1     0     0 -0.02        0        0       -1 0.223614 0 0 0 1         0 -0.437398  0.785398         0 -0.437398  0.785398 -0.437398  0.785398         0 -0.785398  0.785398         0 -0.785398  0.785398 -0.785398  0.785398
0.120224
0.0447876
0
100
27
73
0.132189
0.271423
0.143085 0.147167 0.145642 0.136665 0.103753 0.0840495 0.0992336 0.156283 0.140017 0.154907 0.140946 0.113055 0.10453 0.103101 0.172241 0.172955 0.122062 0.161894 0.178066 0.0847559 0.130036 0.0822893 0.0634912 0.145189 0.123603 0.144418 0.0893086 0.163814 0.129228 0.210203 0.109855 0.157488 0.264716 0.108652 0.121547 0.106291 0.161814 0.161235 0.156268 0.0983995 0.121804 0.112322 0.141903 0.0966528 0.19781 0.147522 0.125659 0.0996284 0.120818 0.189706 0.179495 0.167536 0.106288 0.10686 0.150103 0.0755555 0.174764 0.0634449 0.150382 0.0967417 0.0848589 0.1271 0.113812 0.170623 0.110816 0.111361 0.0997841 0.168089 0.116426 0.158683 0.143992 0.0826982 0.14433 
0.0586553 0.39154 0.0750312 0.390479 0.0412418 0.0371725 0.0331243 0.267115 0.27876 0.633721 0.228215 0.0426816 0.037106 0.0370233 0.584082 0.283164 0.343706 0.274033 0.441195 0.0245282 0.478176 0.023978 0.0690926 0.439389 0.363773 0.299154 0.177626 0.280892 0.0465009 0.796298 0.237783 0.520743 0.939393 0.0440961 0.262431 0.305989 0.21821 0.281043 0.334378 0.0429575 0.308497 0.262561 0.435512 0.0353439 0.959934 0.304128 0.0447977 0.0302851 0.290364 0.602857 0.686393 0.547558 0.0387925 0.0420331 0.289436 0.284587 0.436268 0.568487 0.467768 0.202935 0.0240536 0.271963 0.0436928 0.277572 0.0396828 0.263952 0.0327563 0.210035 0.0511339 0.267297 0.30527 0.222571 0.300858 
