       0        1        0 -0.00953     1     0     0 -0.01        0        0       -1 0.223614 0 0 0 1         0 -0.437398  0.785398         0 -0.437398  0.785398 -0.437398  0.785398         0 -0.785398  0.785398         0 -0.785398  0.785398 -0.785398  0.785398
-1
0
0
100
28
72
0.129934
0.324123
0.134718 0.103884 0.153264 0.173439 0.13722 0.134036 0.173601 0.131239 0.115097 0.171577 0.14447 0.142753 0.103601 0.00398828 0.14113 0.152581 0.143415 0.126085 0.164194 0.157677 0.218861 0.16101 0.148775 0.150697 0.220337 0.0222888 0.122997 0.156447 0.176598 0.152557 0.138513 0.18156 0.132889 0.0909563 0.125781 0.128947 0.149357 0.110681 0.131648 0.147926 0.148148 0.0940072 0.105672 0.105932 0.145354 0.161296 0.119058 0.128588 0.0927164 0.0848918 0.0776263 0.0421191 0.12118 0.138039 0.144318 0.132066 0.121347 0.12249 0.123633 0.174078 0.00676809 0.144251 0.111638 0.175285 0.140149 0.145514 0.093415 0.134464 0.13015 0.089176 0.115536 0.109538 
0.302171 0.0427574 0.26951 0.234604 0.288004 0.255478 0.316556 0.428828 0.281803 0.486937 0.494886 0.285707 0.307784 0.0419159 0.385999 0.270639 0.0040195 0.281532 0.291322 0.616493 0.948755 0.672359 0.310413 0.67462 0.675945 0.207342 0.394654 0.443225 0.463586 0.279518 0.521744 0.460991 0.292445 0.0413405 0.228999 0.56949 0.301856 0.0382212 0.269967 0.36443 0.317139 0.0315894 0.245573 0.0431008 0.294459 0.232643 0.410009 0.24685 0.40893 0.0229449 0.259554 0.244916 0.488707 0.0581307 0.368661 0.286744 0.472408 0.27436 0.410517 0.520258 0.552696 0.494862 0.0394507 0.463852 0.508959 0.281435 0.148142 0.0613774 0.451057 0.0253389 0.364059 0.261278 
