      0      -1       0 0.00953    -1     0     0 -0.03       -0        0       -1 0.223614 0 0 0 1         0 -0.437398  0.785398         0 -0.437398  0.785398 -0.437398  0.785398         0 -0.785398  0.785398         0 -0.785398  0.785398 -0.785398  0.785398
0.143637
0.0582105
0
100
34
66
0.129889
0.274238
0.110574 0.131412 0.136007 0.10445 0.124786 0.286883 0.13848 0.143467 0.0904608 0.094328 0.0823487 0.133863 0.121922 0.15162 0.105319 0.166422 0.127962 0.157335 0.133383 0.0578766 0.0660214 0.231759 0.127119 0.152847 0.10281 0.127128 0.143034 0.124599 0.0947839 0.0927648 0.10554 0.132352 0.175312 0.200738 0.170217 0.106924 0.134328 0.207786 0.0907014 0.0883588 0.0900909 0.137694 0.112055 0.137907 0.166352 0.0174008 0.154068 0.0934904 0.0479765 0.195172 0.161259 0.15082 0.216601 0.106262 0.130797 0.0821383 0.0880908 0.154261 0.104344 0.134446 0.190749 0.150967 0.0806272 0.150464 0.102663 0.14197 
0.280953 0.217347 0.610056 0.0429765 0.3733 0.894165 0.259957 0.273795 0.0290857 0.035342 0.329328 0.0441549 0.0277047 0.402706 0.0417577 0.498388 0.498209 0.199118 0.205457 0.0425112 0.040362 0.718842 0.165835 0.479989 0.212316 0.274716 0.280578 0.257994 0.0319102 0.304205 0.18779 0.195556 0.410427 0.960035 0.642089 0.165176 0.221291 0.306778 0.0265588 0.0247263 0.0259195 0.272428 0.251822 0.222431 0.203348 0.262234 0.205412 0.0427048 0.0654227 0.907078 0.278933 0.352478 0.440653 0.0412654 0.221554 0.300915 0.167631 0.282469 0.0431537 0.29043 0.657901 0.384408 0.224267 0.274543 0.0374671 0.429339 
