     -0      -1       0 0.00953      -0       0      -1 0.19479    1   -0   -0 0.06 0 0 0 1         0 -0.437398  0.785398         0 -0.437398  0.785398 -0.437398  0.785398         0 -0.785398  0.785398         0 -0.785398  0.785398 -0.785398  0.785398
0.136195
0.0656953
0
100
12
88
0.105693
0.179059
0.0882912 0.0887665 0.092858 0.139774 0.0608807 0.0805572 0.0802773 0.140699 0.110954 0.120317 0.180876 0.0891765 0.123704 0.0916399 0.132046 0.0915092 0.103225 0.0932095 0.0218076 0.0878419 0.0757613 0.0900505 0.0317757 0.119369 0.1042 0.120584 0.070945 0.118202 0.118892 0.0949532 0.0949402 0.085334 0.0953992 0.0856166 0.127007 0.149465 0.116714 0.0801103 0.131852 0.145418 0.152197 0.161519 0.143842 0.106089 0.15414 0.114092 0.150665 0.0859143 0.0837104 0.150736 0.118364 0.12946 0.0817702 0.130465 0.101456 0.0987385 0.125652 0.106398 0.114743 0.103856 0.14377 0.0183015 0.103415 0.100065 0.0852276 0.110542 0.0831741 0.0837053 0.0797957 0.12899 0.123485 0.0879145 0.084557 0.0419523 0.0959905 0.138488 0.173027 0.0791994 0.0963634 0.0896886 0.0896749 0.166803 0.103091 0.115254 0.0767854 0.14933 0.0472129 0.11636 
0.0426943 0.0432748 0.0377671 0.330565 0.0428224 0.028587 0.0304917 0.410679 0.269866 0.483281 0.442062 0.0434131 0.391371 0.0311525 0.276328 0.264989 0.0291245 0.0426532 0.0385766 0.0357928 0.0420499 0.042213 0.0623403 0.471016 0.0323944 0.29186 0.0414652 0.269159 0.232985 0.03181 0.0330495 0.0426088 0.040274 0.264069 0.31491 0.331386 0.304724 0.0276514 0.482221 0.479192 0.219747 0.506413 0.395759 0.0397384 0.27846 0.207789 0.258444 0.0436443 0.023644 0.266943 0.231772 0.322633 0.0261176 0.288571 0.0401023 0.0372341 0.375133 0.280297 0.284393 0.287588 0.2815 0.0389894 0.203191 0.0460641 0.0323358 0.279319 0.0248982 0.0432116 0.02852 0.300475 0.298118 0.0285255 0.0421058 0.0448088 0.0420501 0.30502 0.462952 0.0274781 0.0436855 0.0427696 0.043071 0.409378 0.0425572 0.271781 0.0243676 0.691962 0.0430276 0.0477085 
