     -0      -1       0 0.00953      -0       0      -1 0.19479  1 -0 -0  0 0 0 0 1         0 -0.437398  0.785398         0 -0.437398  0.785398 -0.437398  0.785398         0 -0.785398  0.785398         0 -0.785398  0.785398 -0.785398  0.785398
0.110677
0.0434211
0
100
15
85
0.119885
0.19343
0.151443 0.0909266 0.148061 0.108725 0.113887 0.150458 0.142125 0.0998773 0.128972 0.0908167 0.187185 0.0835147 0.104613 0.166969 0.162831 0.108391 0.10226 0.0994369 0.123903 0.0956352 0.176215 0.129615 0.1122 0.106692 0.0813694 0.121486 0.147068 0.0965113 0.105901 0.11383 0.151185 0.0943298 0.107571 0.162797 0.19115 0.146844 0.0993795 0.119265 0.116115 0.106849 0.172067 0.120937 0.0970967 0.0955505 0.150826 0.0913696 0.0592825 0.105666 0.122857 0.105439 0.116007 0.170987 0.11106 0.0983528 0.110692 0.160548 0.138209 0.130515 0.119012 0.10997 0.0956702 0.141657 0.101997 0.105726 0.109734 0.115944 0.116682 0.101751 0.128589 0.107244 0.12359 0.123839 0.100053 0.118837 0.108935 0.101752 0.16779 0.10139 0.101367 0.11043 0.144102 0.0690598 0.149269 0.109713 0.102244 
0.525692 0.0434128 0.334235 0.0427473 0.0467895 0.515033 0.286983 0.0440846 0.528861 0.0428927 0.31054 0.0439424 0.0420543 0.463588 0.506341 0.0432852 0.0433052 0.0438161 0.293491 0.043808 0.307234 0.481129 0.397596 0.0427569 0.0417603 0.299248 0.227418 0.0429847 0.0366275 0.0419793 0.490332 0.0439753 0.292947 0.407045 0.426398 0.260038 0.242962 0.312578 0.293486 0.0421494 0.476867 0.279236 0.0416197 0.0419709 0.281906 0.043179 0.0420898 0.0425075 0.263097 0.0426652 0.28587 0.29307 0.255731 0.0426489 0.0358077 0.271827 0.286976 0.302336 0.296193 0.0422103 0.286387 0.661764 0.0436105 0.0434001 0.0461136 0.274549 0.0418108 0.0398841 0.279769 0.0403821 0.261664 0.320052 0.039569 0.277188 0.043843 0.0406685 0.273396 0.0428983 0.236417 0.0403134 0.0618951 0.0204009 0.295908 0.0467256 0.0396104 
