     -0      -1       0 0.00953      -0       0      -1 0.19479     1    -0    -0 -0.01 0 0 0 1         0 -0.437398  0.785398         0 -0.437398  0.785398 -0.437398  0.785398         0 -0.785398  0.785398         0 -0.785398  0.785398 -0.785398  0.785398
0.118111
0.0427419
0
100
23
77
0.12216
0.219513
0.137427 0.117904 0.156996 0.109657 0.102453 0.130688 0.139471 0.118791 0.136502 0.161225 0.105749 0.0957777 0.187738 0.186894 0.129003 0.106377 0.117664 0.113553 0.15023 0.130858 0.177307 0.115759 0.143814 0.136769 0.142307 0.139589 0.100929 0.178909 0.136027 0.155658 0.145834 0.110475 0.110531 0.112252 0.104366 0.12204 0.0893846 0.0950239 0.107458 0.0936835 0.0151548 0.119085 0.110639 0.079464 0.179954 0.125376 0.12499 0.139669 0.0932994 0.145662 0.162624 0.117644 0.122567 0.158012 0.140541 0.129446 0.125198 0.129398 0.106787 0.113645 0.125171 0.0141145 0.113652 0.0955744 0.128248 0.107001 0.0986765 0.134065 0.0956942 0.101438 0.12217 0.105427 0.101368 0.115726 0.136042 0.105464 0.114273 
0.0525478 0.0338847 0.537355 0.0426923 0.0429438 0.277096 0.055587 0.314636 0.561849 0.525741 0.0429261 0.0418813 0.464502 0.477023 0.277874 0.0405985 0.266253 0.0407559 0.319585 0.296977 0.73511 0.262424 0.288345 0.037476 0.506612 0.290527 0.0425316 0.487609 0.472754 0.274506 0.296133 0.0404029 0.280862 0.034087 0.472147 0.220407 0.0353628 0.0425294 0.0434032 0.0399056 0.0342005 0.489511 0.0411122 0.0413432 0.272982 0.499104 0.289889 0.302635 0.0399918 0.273662 0.294395 0.0437357 0.311183 0.304085 0.058905 0.30199 0.281703 0.441973 0.283234 0.0477957 0.290584 0.0380581 0.0437093 0.0419429 0.495103 0.0444417 0.042248 0.49906 0.0371809 0.0426609 0.0503409 0.0435835 0.04348 0.277871 0.317616 0.0448759 0.280476 
