     -0      -1       0 0.00953      -0       0      -1 0.19479     1    -0    -0 -0.02 0 0 0 1         0 -0.437398  0.785398         0 -0.437398  0.785398 -0.437398  0.785398         0 -0.785398  0.785398         0 -0.785398  0.785398 -0.785398  0.785398
0.139338
0.0527871
0
100
12
88
0.11418
0.167571
0.103206 0.0984624 0.0948398 0.126741 0.107481 0.0179264 0.0790674 0.179468 0.090878 0.102786 0.129762 0.0997543 0.127089 0.106101 0.120169 0.144096 0.117883 0.102174 0.0904867 0.144923 0.10339 0.0960377 0.119703 0.12321 0.0980412 0.162092 0.0993536 0.110891 0.155246 0.0982284 0.104043 0.0907908 0.116825 0.0933871 0.160307 0.106901 0.129402 0.108671 0.101521 0.16371 0.145757 0.110956 0.157502 0.104462 0.179712 0.141368 0.098827 0.102879 0.123321 0.102553 0.121298 0.10527 0.102468 0.0920859 0.0891065 0.112304 0.125993 0.050714 0.0880321 0.142096 0.108198 0.0978951 0.10117 0.140836 0.15916 0.153161 0.0990507 0.102447 0.0831853 0.107861 0.109197 0.108818 0.101838 0.103291 0.105909 0.157863 0.0925764 0.151571 0.0266757 0.108689 0.0917709 0.102411 0.177659 0.134996 0.143196 0.121777 0.111297 0.123593 
0.0429023 0.0386004 0.0407797 0.554853 0.0424696 0.0343775 0.0427461 0.496109 0.0400212 0.0417798 0.0425273 0.0423771 0.279939 0.0465803 0.263656 0.304191 0.0463658 0.0388755 0.0433441 0.496867 0.0422843 0.0352188 0.0443939 0.271825 0.0435579 0.26426 0.0427329 0.293639 0.48722 0.0429097 0.0425926 0.0378709 0.286822 0.0428545 0.680063 0.0430255 0.268414 0.264002 0.0432043 0.39677 0.310362 0.258414 0.259503 0.042619 0.391959 0.283139 0.0412772 0.0422184 0.199657 0.0428093 0.28825 0.0388272 0.0473794 0.0435179 0.225268 0.29959 0.528622 0.154786 0.0302375 0.0535677 0.0416439 0.0403891 0.0438423 0.291279 0.468707 0.259466 0.041271 0.0431669 0.281895 0.0432721 0.043021 0.330021 0.0431633 0.0411961 0.0414919 0.536512 0.0435974 0.293559 0.0410516 0.0438855 0.0429781 0.0424311 0.284463 0.0527803 0.282964 0.283571 0.0419483 0.467632 
