   0.173648    0.984808           0 -0.00938522     0.984808    -0.173648 -1.22465e-16   0.00165487 -1.20604e-16 2.12658e-17          -1    0.185378 0 0 0 1         0 -0.611398    1.1334         0 -0.611398    1.1334 -0.698398    1.2204         0 -0.785398  0.785398         0 -0.785398  0.785398 -0.785398  0.785398
0.527967
4.8623
0
100
49
51
0.33279
2.14042
0.361092 0.483967 0.35117 0.256592 0.348536 0.297266 0.394148 0.255229 0.330883 0.321126 0.377116 0.298887 0.314184 0.354512 0.446315 0.368466 0.24255 0.331578 0.341808 0.477213 0.256078 0.449575 0.278876 0.360596 0.18128 0.542426 0.28592 0.255285 0.167906 0.383322 0.446943 0.313355 0.312536 0.435409 0.531204 0.296179 0.359712 0.170084 0.332994 0.343305 0.346631 0.343867 0.0490146 0.325158 0.17468 0.381559 0.175656 0.337273 0.459365 0.321379 0.4021 
1.85453 4.69018 1.66425 1.55347 1.5841 2.1491 3.29429 1.43179 1.55485 1.59484 2.53968 1.60907 1.60798 3.1065 3.03249 2.53538 1.40799 1.66226 1.7704 5.157 1.16997 3.64834 1.47422 2.20778 0.391621 4.98805 1.62047 2.56387 0.349547 2.47628 3.61317 1.62054 1.51658 3.85379 4.88175 1.53388 2.25049 0.365122 1.55579 2.11675 1.61244 1.69219 1.44967 1.63908 0.339398 1.80927 0.363475 1.56346 3.47896 1.54155 3.67399 
