 -0.984808  -0.173648          0 0.00165487    -0.173648     0.984808 -1.22465e-16  -0.00938522  2.12658e-17 -1.20604e-16           -1     0.185378 0 0 0 1         0 -0.611398    1.1334         0 -0.611398    1.1334 -0.698398    1.2204         0 -0.785398  0.785398         0 -0.785398  0.785398 -0.785398  0.785398
0.546905
4.91147
0
100
53
47
0.34967
2.41647
0.312198 0.406035 0.461935 0.432532 0.39193 0.25366 0.296542 0.167274 0.510443 0.395842 0.369176 0.331856 0.378083 0.463408 0.319595 0.243859 0.442016 0.41321 0.372805 0.289464 0.313172 0.396126 0.517891 0.34779 0.229105 0.320406 0.1807 0.322275 0.327835 0.389103 0.275143 0.240241 0.252589 0.360384 0.321717 0.410246 0.334122 0.313865 0.517219 0.447785 0.356456 0.248634 0.279847 0.444547 0.44226 0.243598 0.349591 
1.63387 2.58504 3.7516 3.77395 2.63109 1.4629 1.77083 0.385066 5.13406 3.85065 1.82149 1.68489 2.52927 3.64678 1.66451 1.56819 3.71093 3.4923 2.66887 1.64166 1.64788 3.10244 4.81885 1.93486 1.51651 1.62202 0.380676 1.72008 1.71735 2.67183 1.54869 3.47457 1.49198 1.69771 1.71349 2.55293 1.76464 1.58751 4.9006 3.30455 2.39076 1.58616 1.56406 3.66226 3.85488 1.49169 2.44717 
