           1  2.77556e-17            0 -2.64511e-19  2.77556e-17           -1 -1.22465e-16      0.00953 -7.4988e-33 1.22465e-16          -1    0.185378 0 0 0 1         0 -0.611398    1.1334         0 -0.611398    1.1334 -0.698398    1.2204         0 -0.785398  0.785398         0 -0.785398  0.785398 -0.785398  0.785398
0.567675
5.30764
0
100
58
42
0.359998
2.56157
0.284462 0.498221 0.424674 0.331165 0.554069 0.266122 0.364334 0.444019 0.452658 0.29061 0.457232 0.366044 0.45717 0.286254 0.289119 0.286309 0.331954 0.31323 0.334647 0.387074 0.474741 0.326823 0.39116 0.303406 0.564155 0.329782 0.320218 0.352969 0.236251 0.210298 0.284527 0.307909 0.451945 0.285018 0.321557 0.326698 0.302247 0.382976 0.391187 0.557275 0.265303 0.314121 
1.59425 4.93978 3.7032 1.69095 4.93059 1.74049 1.90212 3.77319 3.74139 1.50529 3.47696 3.3189 3.47801 1.69973 1.37363 3.46118 1.6829 1.67517 1.72801 2.73345 3.7996 1.68858 2.57501 1.47208 5.35357 1.74331 1.75336 1.75275 2.10272 2.23004 1.57804 1.63002 3.50237 1.5204 2.37592 1.39774 1.68663 3.22185 3.54355 5.2864 1.58337 1.63939 
