      -0.5  -0.866025          0 0.00825322    -0.866025          0.5 -1.22465e-16    -0.004765  1.06058e-16 -6.12323e-17           -1     0.185378 0 0 0 1         0 -0.611398    1.1334         0 -0.611398    1.1334 -0.698398    1.2204         0 -0.785398  0.785398         0 -0.785398  0.785398 -0.785398  0.785398
0.539692
5.11612
0
100
50
50
0.353001
2.40136
0.408951 0.285522 0.327662 0.32025 0.17645 0.262316 0.321964 0.444263 0.400834 0.543538 0.419805 0.330863 0.320057 0.527903 0.171798 0.392099 0.332921 0.294374 0.242265 0.539218 0.405552 0.245731 0.321264 0.4127 0.268375 0.341192 0.328425 0.322075 0.436952 0.32568 0.254212 0.306033 0.368194 0.320345 0.292574 0.204957 0.530804 0.519846 0.293133 0.258647 0.281155 0.54175 0.326958 0.380491 0.393004 0.449438 0.328003 0.256106 0.336209 0.537177 
2.66137 1.63667 1.74626 1.39921 3.5464 1.51141 1.59351 3.70782 3.58613 5.16038 2.77982 1.69256 1.6086 4.10894 0.371244 3.24977 1.68166 1.65844 1.48592 5.00231 3.67987 1.51295 1.60875 2.61815 1.5005 1.69308 1.56191 1.6303 3.32278 1.56943 1.50727 1.77682 1.73848 1.64883 2.18923 1.32584 4.88437 5.11872 1.55687 1.40324 1.54033 4.75639 1.70411 2.48373 2.52863 3.52862 1.65515 1.39097 1.65812 4.78601 
