 0.866025       0.5         0 -0.004765          0.5    -0.866025 -1.22465e-16   0.00825322 -6.12323e-17 1.06058e-16          -1    0.185378 0 0 0 1         0 -0.611398    1.1334         0 -0.611398    1.1334 -0.698398    1.2204         0 -0.785398  0.785398         0 -0.785398  0.785398 -0.785398  0.785398
0.563399
5.01003
0
100
48
52
0.355906
2.61131
0.381402 0.351702 0.355607 0.444938 0.513268 0.233611 0.324096 0.320199 0.25892 0.234192 0.306209 0.341053 0.271716 0.428368 0.39759 0.284223 0.405902 0.422004 0.335907 0.269203 0.268676 0.327282 0.336961 0.262892 0.322649 0.263593 0.374894 0.383202 0.506627 0.29789 0.523257 0.212069 0.273292 0.485254 0.375564 0.386541 0.270154 0.254157 0.317695 0.529671 0.359443 0.397899 0.478635 0.301388 0.539506 0.320856 0.265289 0.378682 0.451863 0.410547 0.438793 0.311803 
3.23684 1.75122 1.71038 3.73861 5.30677 1.58771 1.61856 1.91266 3.6276 1.42594 1.63671 1.78089 1.68091 3.43692 2.77013 1.63318 2.50289 3.4869 1.73104 3.73841 1.50696 1.71626 1.71577 1.65295 1.72103 1.52134 4.04046 3.5562 4.7232 1.55057 5.36518 1.42516 1.59888 3.02931 2.68328 3.45313 1.63643 1.45109 1.73102 4.86904 3.34828 2.51595 5.14938 1.69881 5.00801 1.75932 1.61985 1.86636 3.7656 2.58296 3.51636 1.69552 
