 -0.939693   -0.34202          0 0.00325945     -0.34202     0.939693 -1.22465e-16  -0.00895527  4.18854e-17 -1.15079e-16           -1     0.185378 0 0 0 1         0 -0.611398    1.1334         0 -0.611398    1.1334 -0.698398    1.2204         0 -0.785398  0.785398         0 -0.785398  0.785398 -0.785398  0.785398
0.561072
5.44911
0
100
52
48
0.326479
2.237
0.236051 0.466922 0.23546 0.395188 0.451979 0.323913 0.409602 0.267397 0.330211 0.408801 0.150276 0.377562 0.306546 0.17575 0.222992 0.441009 0.28194 0.347848 0.385158 0.246799 0.360174 0.401446 0.306084 0.324084 0.405873 0.439578 0.171207 0.424587 0.264796 0.347847 0.264553 0.173081 0.26511 0.444151 0.241801 0.492802 0.38458 0.268512 0.255943 0.177503 0.467629 0.295118 0.384726 0.318826 0.432293 0.280813 0.358896 0.257596 
1.26863 3.63189 1.49727 2.41266 3.88572 1.76386 3.48979 1.59524 1.67836 3.55491 1.20723 2.46714 1.66226 0.380739 1.504 3.65452 1.64583 1.72914 2.5507 1.4374 1.76482 2.54467 1.69209 1.77965 2.68338 3.38523 0.390576 3.81784 1.64966 3.31717 1.52009 1.62601 1.52648 3.8524 1.44037 4.84495 3.50985 1.66385 1.54826 0.388859 3.55875 1.63084 3.17384 1.76013 3.662 1.65986 2.45907 1.50812 
