 0.642788 -0.766044         0 0.0073004    -0.766044    -0.642788 -1.22465e-16   0.00612577 9.38134e-17 7.87188e-17          -1    0.185378 0 0 0 1         0 -0.611398    1.1334         0 -0.611398    1.1334 -0.698398    1.2204         0 -0.785398  0.785398         0 -0.785398  0.785398 -0.785398  0.785398
0.533663
5.01551
0
100
49
51
0.374144
2.82639
0.494268 0.564991 0.264405 0.22405 0.42966 0.536699 0.389509 0.29397 0.302098 0.260451 0.437369 0.421163 0.348101 0.332367 0.405903 0.280832 0.285781 0.326867 0.324733 0.294802 0.359553 0.536061 0.288322 0.381023 0.442849 0.438384 0.270414 0.208962 0.432524 0.321791 0.310474 0.152954 0.440254 0.433625 0.442924 0.466235 0.387013 0.265748 0.56323 0.410352 0.273105 0.406798 0.245776 0.512544 0.335105 0.328917 0.271687 0.336585 0.526931 0.520405 0.552801 
5.31529 5.23768 1.47037 1.49004 3.62898 5.15399 2.65798 2.49578 1.53372 1.50885 3.83189 3.73415 1.70829 1.64264 2.88369 2.7671 1.58396 1.65938 1.67718 1.59452 1.66329 5.15724 1.17719 2.58437 3.59855 3.46113 1.47093 2.23964 3.54842 1.6521 1.52716 0.342874 3.68396 3.6523 3.69892 5.58624 2.49108 1.55836 5.49327 2.4863 1.5053 2.62678 1.50839 5.02908 1.78495 2.94686 1.48238 1.63526 4.9621 4.76363 5.2524 
