   -0.34202    0.939693           0 -0.00895527     0.939693      0.34202 -1.22465e-16  -0.00325945 -1.15079e-16 -4.18854e-17           -1     0.185378 0 0 0 1         0 -0.611398    1.1334         0 -0.611398    1.1334 -0.698398    1.2204         0 -0.785398  0.785398         0 -0.785398  0.785398 -0.785398  0.785398
0.467392
5.01959
0
100
52
48
0.343628
2.28412
0.332209 0.450368 0.259682 0.173175 0.453675 0.400644 0.320282 0.374177 0.382458 0.348905 0.302329 0.2662 0.335333 0.171434 0.386959 0.530656 0.455901 0.222355 0.422567 0.256398 0.321694 0.450208 0.282511 0.309842 0.364357 0.510165 0.411194 0.16808 0.463159 0.551241 0.315334 0.32684 0.365608 0.252133 0.158899 0.376949 0.504366 0.276609 0.276666 0.270252 0.428737 0.364689 0.242957 0.235135 0.525072 0.248299 0.279196 0.368233 
1.65475 3.76623 1.39013 0.36483 3.82307 2.544 1.6922 2.48615 2.6982 1.70221 1.60629 1.20427 1.68138 0.353801 2.6556 4.81314 3.40035 1.41136 3.36579 1.49889 1.62048 3.41821 1.4893 1.62676 1.69233 4.89705 2.52151 0.356473 4.57919 5.23471 1.62341 1.71384 2.33539 1.39415 0.366908 2.73619 4.44604 1.57099 1.33737 1.52883 3.5838 2.52136 1.39114 1.41329 4.77968 1.5227 1.48585 2.33816 
