       0.5  -0.866025          0 0.00825322    -0.866025         -0.5 -1.22465e-16     0.004765 1.06058e-16 6.12323e-17          -1    0.185378 0 0 0 1         0 -0.611398    1.1334         0 -0.611398    1.1334 -0.698398    1.2204         0 -0.785398  0.785398         0 -0.785398  0.785398 -0.785398  0.785398
0.559813
5.17037
0
100
48
52
0.351926
2.47599
0.404903 0.387331 0.310351 0.368486 0.4597 0.508984 0.301842 0.316475 0.274221 0.258069 0.529035 0.360286 0.448597 0.457145 0.230416 0.455163 0.314219 0.315292 0.502621 0.408373 0.38771 0.431264 0.360621 0.250483 0.273065 0.323619 0.281361 0.285329 0.3839 0.429933 0.271352 0.192789 0.346249 0.250261 0.445978 0.336544 0.420232 0.3406 0.392385 0.173813 0.52356 0.383457 0.227529 0.354147 0.455588 0.171717 0.350244 0.312068 0.159394 0.447196 0.308247 0.418 
2.27974 2.63669 1.6535 3.61542 3.7789 4.79905 1.4433 1.81227 1.58068 1.44247 5.12596 2.64435 3.79974 3.77366 1.46185 3.54294 1.5675 1.61524 4.54303 2.72964 3.58148 3.63862 2.62338 1.47502 1.4748 1.73321 1.68114 1.58888 2.5392 3.87184 1.5235 1.63734 1.68544 1.43886 3.7928 1.50339 3.68633 1.73893 2.71735 0.384411 4.68379 2.40849 1.37782 3.14956 3.79077 0.358632 2.3723 1.55784 0.337713 3.23067 1.59012 3.73217 
