  0.173648  -0.984808          0 0.00938522    -0.984808    -0.173648 -1.22465e-16   0.00165487 1.20604e-16 2.12658e-17          -1    0.185378 0 0 0 1         0 -0.611398    1.1334         0 -0.611398    1.1334 -0.698398    1.2204         0 -0.785398  0.785398         0 -0.785398  0.785398 -0.785398  0.785398
0.545253
4.91778
0
100
43
57
0.353123
2.47105
0.33252 0.269237 0.335961 0.433367 0.402503 0.457041 0.355439 0.519666 0.324896 0.261345 0.52211 0.285266 0.452185 0.504178 0.414289 0.381837 0.249927 0.325969 0.315382 0.534902 0.48927 0.272429 0.40901 0.346188 0.352336 0.287583 0.46499 0.277375 0.147853 0.257656 0.269173 0.335356 0.267114 0.366066 0.262369 0.488694 0.172893 0.164162 0.548928 0.284602 0.308834 0.531804 0.195157 0.313544 0.288663 0.464781 0.412777 0.46231 0.301184 0.55717 0.168705 0.461337 0.494349 0.272853 0.260866 0.323405 0.16818 
1.61388 1.54079 1.6382 3.4326 3.52111 3.34544 1.68803 3.5273 2.03802 1.57311 5.15448 1.57558 3.50857 4.99379 3.23518 3.28088 1.34759 1.61423 1.61835 5.05834 4.63971 1.4045 3.2121 1.65699 3.15017 1.5797 3.47967 1.51517 0.302749 1.40473 1.55576 1.63727 1.44482 1.70484 1.46257 4.67032 0.36512 0.343021 5.39287 1.46621 2.03556 5.23587 1.33237 1.60428 1.62897 3.77454 3.62918 3.47917 1.62199 4.79712 0.361972 5.24543 3.43009 1.45114 1.50311 1.6766 0.348853 
