 -0.766044  -0.642788          0 0.00612577    -0.642788     0.766044 -1.22465e-16   -0.0073004  7.87188e-17 -9.38134e-17           -1     0.185378 0 0 0 1         0 -0.611398    1.1334         0 -0.611398    1.1334 -0.698398    1.2204         0 -0.785398  0.785398         0 -0.785398  0.785398 -0.785398  0.785398
0.579839
5.2626
0
100
50
50
0.332317
2.25946
0.339726 0.116048 0.418706 0.34377 0.441701 0.395668 0.314226 0.33823 0.174084 0.242136 0.33583 0.228116 0.311082 0.12903 0.0364127 0.168021 0.395565 0.326573 0.323415 0.465747 0.418333 0.33011 0.30567 0.309024 0.34352 0.368506 0.446837 0.333733 0.526757 0.413837 0.298569 0.321027 0.390314 0.369227 0.326486 0.341664 0.174739 0.310016 0.33872 0.237703 0.323625 0.359331 0.441051 0.347514 0.416454 0.295576 0.35068 0.473332 0.453179 0.406228 
1.69817 3.53655 3.62076 1.70784 3.87184 2.43205 1.71257 1.70086 0.382018 1.48229 1.667 1.41427 1.75471 1.24856 1.38169 0.391127 2.79798 1.69833 1.64701 3.58424 3.83435 1.66637 1.66407 1.68883 2.74168 1.76332 3.33857 2.34529 5.16302 3.73195 1.39596 1.8541 2.75604 2.44158 1.76226 3.38791 0.388497 1.73522 1.66961 1.33975 1.77078 2.48632 3.48286 1.72822 2.68621 1.75196 2.77696 3.48373 3.80957 2.59836 
