8.32667e-17      -1       0 0.00953           -1 -8.32667e-17 -1.22465e-16  1.54893e-17 1.22465e-16 1.49976e-32          -1    0.185378 0 0 0 1         0 -0.611398    1.1334         0 -0.611398    1.1334 -0.698398    1.2204         0 -0.785398  0.785398         0 -0.785398  0.785398 -0.785398  0.785398
0.481024
5.29188
0
100
48
52
0.332557
2.25191
0.316463 0.269062 0.175459 0.222804 0.506291 0.459775 0.308565 0.355898 0.164574 0.493872 0.421006 0.307957 0.336405 0.364275 0.341469 0.422838 0.264423 0.436269 0.333333 0.336655 0.490045 0.271124 0.451703 0.16909 0.174294 0.32674 0.317171 0.262939 0.256354 0.296192 0.388453 0.259759 0.515186 0.269896 0.453141 0.319173 0.265821 0.332635 0.349947 0.447292 0.326596 0.303443 0.396875 0.289561 0.331277 0.166015 0.511682 0.285891 0.328302 0.155085 0.32539 0.418523 
1.64222 1.52757 0.358533 1.43942 5.10341 3.65917 1.58902 2.43315 1.64333 4.65604 3.32022 1.47786 1.65311 2.72091 2.26495 3.76536 1.35846 3.77253 1.54682 1.68189 3.65093 1.44044 3.67738 0.356581 0.375641 1.45344 3.53691 1.37105 1.44719 2.73154 2.40295 1.52003 4.94864 1.44897 3.69627 1.63046 1.5189 2.24078 1.70373 3.61358 1.54655 1.51494 3.47482 2.02627 2.18963 0.351748 3.53997 1.61362 1.45905 1.50022 1.73753 3.76562 
