-0.866025       0.5         0 -0.004765          0.5     0.866025 -1.22465e-16  -0.00825322 -6.12323e-17 -1.06058e-16           -1     0.185378 0 0 0 1         0 -0.611398    1.1334         0 -0.611398    1.1334 -0.698398    1.2204         0 -0.785398  0.785398         0 -0.785398  0.785398 -0.785398  0.785398
0.563809
5.31602
0
100
58
42
0.373179
2.79304
0.203925 0.485825 0.440014 0.399831 0.316716 0.406445 0.250237 0.305073 0.452886 0.536313 0.569802 0.243508 0.355416 0.294203 0.445706 0.340774 0.455149 0.41744 0.329335 0.548441 0.251644 0.257728 0.344572 0.336106 0.36104 0.376352 0.491427 0.544734 0.175824 0.291498 0.457434 0.316945 0.515303 0.360134 0.388888 0.290401 0.4268 0.30399 0.268165 0.378279 0.465842 0.273371 
1.34486 3.77722 3.45721 2.44201 1.69231 2.70712 1.59365 1.63524 3.45332 4.99187 5.08479 1.53347 2.99617 1.5774 3.78866 1.6717 4.74364 3.55296 1.56425 5.14363 1.5758 1.40698 1.67123 1.71686 2.70315 4.36952 5.31741 5.39295 0.391799 1.63452 3.59992 1.78881 4.87647 2.50297 2.4909 1.60134 2.99126 3.25479 1.62591 2.52985 3.57063 1.54316 
