    0.34202    0.939693           0 -0.00895527     0.939693     -0.34202 -1.22465e-16   0.00325945 -1.15079e-16 4.18854e-17          -1    0.185378 0 0 0 1         0 -0.611398    1.1334         0 -0.611398    1.1334 -0.698398    1.2204         0 -0.785398  0.785398         0 -0.785398  0.785398 -0.785398  0.785398
0.544807
4.97179
0
100
60
40
0.334029
2.14043
0.310134 0.234677 0.303581 0.267621 0.350478 0.373232 0.16472 0.521568 0.333136 0.270901 0.518228 0.250025 0.333046 0.403185 0.340214 0.425398 0.354323 0.423053 0.447358 0.436707 0.318438 0.2828 0.41469 0.175957 0.239761 0.273304 0.277353 0.27815 0.174096 0.329407 0.52679 0.381105 0.330618 0.339976 0.329138 0.324696 0.338988 0.25672 0.253917 0.453671 
1.63035 1.44361 1.55373 1.52259 1.68333 2.57047 0.37155 4.79214 3.40851 1.51725 5.20865 1.30055 1.75588 2.65176 2.24349 3.55477 1.69887 3.66689 3.64978 3.7395 1.4039 1.53205 2.6495 0.37029 1.48027 1.51824 1.49621 0.841616 0.371012 1.72997 4.93818 2.36261 1.77573 1.73316 1.58785 1.67962 1.65494 1.40585 1.53984 3.58277 
