          -1 -1.38778e-16            0  1.32255e-18 -1.38778e-16            1 -1.22465e-16     -0.00953  2.24964e-32 -1.22465e-16           -1     0.185378 0 0 0 1         0 -0.611398    1.1334         0 -0.611398    1.1334 -0.698398    1.2204         0 -0.785398  0.785398         0 -0.785398  0.785398 -0.785398  0.785398
0.564228
5.39581
0
100
53
47
0.377457
2.79833
0.500839 0.179048 0.514394 0.530032 0.522194 0.390214 0.357648 0.334624 0.322334 0.274343 0.339399 0.307922 0.476686 0.253777 0.32615 0.421185 0.379119 0.325481 0.0921247 0.370961 0.33633 0.314293 0.429675 0.449206 0.314338 0.38531 0.310407 0.336105 0.407381 0.370161 0.404374 0.446829 0.560368 0.364682 0.398049 0.513883 0.465321 0.533322 0.288348 0.263972 0.262853 0.240308 0.466718 0.547797 0.384583 0.380891 0.346492 
5.18274 0.391225 5.01539 5.06666 5.00393 2.50436 2.58551 1.52079 1.59378 1.57997 1.70878 1.70947 3.53492 1.53098 1.65657 3.5141 2.46383 1.59146 1.35698 2.50799 1.7156 1.54836 2.86011 3.70773 1.72816 2.45259 1.58948 1.71915 3.78474 2.31963 2.4526 3.56412 5.59925 2.93825 2.56365 4.78729 3.70566 5.24527 2.34814 1.7518 1.46899 3.52716 3.3123 5.14594 2.70463 3.25752 1.70405 
