   0.34202  -0.939693          0 0.00895527    -0.939693     -0.34202 -1.22465e-16   0.00325945 1.15079e-16 4.18854e-17          -1    0.185378 0 0 0 1         0 -0.611398    1.1334         0 -0.611398    1.1334 -0.698398    1.2204         0 -0.785398  0.785398         0 -0.785398  0.785398 -0.785398  0.785398
0.456319
5.05252
0
100
41
59
0.317588
2.09798
0.319346 0.328628 0.248311 0.40712 0.0247805 0.325178 0.273946 0.246244 0.315735 0.348778 0.249911 0.21683 0.357901 0.209285 0.335626 0.320569 0.173585 0.264639 0.425556 0.321086 0.4449 0.31188 0.177588 0.173036 0.451329 0.439916 0.500439 0.302435 0.35755 0.169715 0.308514 0.44206 0.384338 0.327148 0.198025 0.275642 0.317555 0.499152 0.478787 0.527755 0.259371 0.386336 0.305968 0.519712 0.253373 0.222989 0.259662 0.281555 0.174158 0.173668 0.401619 0.380975 0.245485 0.48732 0.362834 0.261759 0.173551 0.417404 0.369144 
1.63506 1.64768 1.50975 2.71724 1.51251 1.58839 1.54737 1.44822 1.64657 1.62169 1.37502 1.35125 2.71552 1.32905 2.11761 1.74184 0.367963 1.54483 3.5866 1.68192 3.77117 1.57835 0.367448 0.353969 3.79197 3.46285 4.55514 1.59895 1.79125 0.359725 1.60068 3.38852 2.62718 1.67289 1.47987 1.50973 1.7087 4.65473 4.56327 4.82576 1.47542 2.47084 1.85625 5.05865 1.61542 1.34428 2.22637 1.6142 0.368281 0.368648 2.85135 2.38931 1.51241 4.69293 2.63414 1.50925 0.371797 2.53974 2.53358 
