   0.766044    0.642788           0 -0.00612577     0.642788    -0.766044 -1.22465e-16    0.0073004 -7.87188e-17 9.38134e-17          -1    0.185378 0 0 0 1         0 -0.611398    1.1334         0 -0.611398    1.1334 -0.698398    1.2204         0 -0.785398  0.785398         0 -0.785398  0.785398 -0.785398  0.785398
0.585543
5.32071
0
100
55
45
0.336832
2.35326
0.354185 0.307073 0.420865 0.283042 0.332147 0.445636 0.262686 0.415909 0.401854 0.176104 0.0515632 0.122723 0.248302 0.454099 0.379817 0.192359 0.408923 0.408287 0.301291 0.435283 0.262077 0.33096 0.449276 0.436067 0.277867 0.29949 0.34151 0.427668 0.381998 0.316475 0.308104 0.386703 0.369362 0.403621 0.354251 0.248299 0.444704 0.297463 0.447875 0.367426 0.327489 0.400482 0.32367 0.275917 0.276536 
1.58848 1.57235 3.95086 1.63527 1.74995 3.49862 1.58092 2.531 2.49374 0.392071 1.24449 1.35714 1.57931 3.48634 2.55947 3.49002 2.62045 2.57753 1.75586 3.36537 1.42618 1.5968 2.79647 3.38527 3.42711 1.59969 1.71165 5.01937 2.54559 1.61279 1.60608 2.53467 2.4899 3.72752 2.69342 1.51859 3.48092 1.63584 3.7217 3.51944 1.6345 2.55999 1.689 1.48069 1.45449 
