        0.5    0.866025           0 -0.00825322     0.866025         -0.5 -1.22465e-16     0.004765 -1.06058e-16 6.12323e-17          -1    0.185378 0 0 0 1         0 -0.611398    1.1334         0 -0.611398    1.1334 -0.698398    1.2204         0 -0.785398  0.785398         0 -0.785398  0.785398 -0.785398  0.785398
0.540356
5.09664
0
100
41
59
0.338961
2.23609
0.234861 0.307938 0.435236 0.343903 0.429022 0.367557 0.391681 0.483212 0.339376 0.301407 0.310812 0.397433 0.371137 0.425667 0.319539 0.535355 0.23487 0.222281 0.35005 0.270855 0.447857 0.331595 0.34829 0.367575 0.355174 0.339706 0.360348 0.245811 0.174455 0.315401 0.345076 0.34617 0.337662 0.36099 0.42665 0.424041 0.548857 0.26192 0.248639 0.500713 0.335465 0.298997 0.362801 0.357708 0.234123 0.43892 0.48813 0.25036 0.327827 0.172138 0.153889 0.373796 0.179453 0.245367 0.261295 0.260835 0.450362 0.296203 0.351908 
1.33148 1.92073 3.46223 1.7543 3.72495 3.34873 2.42592 3.55182 1.76544 1.46165 1.49691 2.57656 4.33648 3.64259 1.66121 5.26559 1.585 1.33556 1.64367 1.60476 3.54129 1.6367 1.63338 5.01615 1.54705 1.67687 2.57439 1.33537 0.384601 1.50739 1.69824 1.79953 1.74901 1.73368 3.57496 2.6905 4.99408 1.47941 1.55192 4.58901 1.7329 1.49008 2.27134 2.48118 1.34747 3.3892 4.62025 1.05898 1.80567 0.370004 0.342811 2.32953 0.385126 1.43867 1.43793 1.55938 3.42562 1.41465 2.41964 
