   -0.642788    -0.766044 -3.08149e-33    0.0073004    -0.766044     0.642788 -1.22465e-16  -0.00612577  9.38134e-17 -7.87188e-17           -1     0.185378 0 0 0 1         0 -0.611398    1.1334         0 -0.611398    1.1334 -0.698398    1.2204         0 -0.785398  0.785398         0 -0.785398  0.785398 -0.785398  0.785398
0.511707
4.94932
1.49012e-08
100
43
57
0.340599
2.28547
0.434062 0.306333 0.437552 0.338201 0.409892 0.230581 0.401286 0.284572 0.303856 0.251785 0.248426 0.244013 0.38065 0.417264 0.174725 0.366137 0.173571 0.459194 0.249298 0.302594 0.39777 0.462547 0.415263 0.349329 0.265348 0.311018 0.524557 0.34881 0.283565 0.281651 0.177804 0.445365 0.30479 0.405207 0.311394 0.32442 0.390909 0.326038 0.259886 0.352793 0.315108 0.360288 0.455529 0.41207 0.44163 0.343644 0.176201 0.162986 0.167134 0.38698 0.568806 0.238749 0.445068 0.465095 0.431656 0.436563 0.254162 
3.8701 1.54621 2.78924 1.73282 2.70069 1.49926 2.48495 1.56592 1.73288 1.64528 1.41429 1.5847 3.72629 3.60898 0.384599 2.55756 0.376489 3.6886 1.39157 1.69928 2.73983 3.71 3.50103 1.68388 1.54425 1.69266 5.76707 1.71467 1.62939 1.52023 0.374341 3.61412 1.72668 2.52157 1.79629 1.62929 2.58035 1.83042 1.59435 1.78776 1.55907 1.70895 3.84427 2.64949 4.0098 3.37194 0.388119 0.368399 0.366747 2.56301 5.33614 1.49058 3.76191 3.39751 3.62025 3.4999 1.37805 
