  0.939693   -0.34202          0 0.00325945     -0.34202    -0.939693 -1.22465e-16   0.00895527 4.18854e-17 1.15079e-16          -1    0.185378 0 0 0 1         0 -0.611398    1.1334         0 -0.611398    1.1334 -0.698398    1.2204         0 -0.785398  0.785398         0 -0.785398  0.785398 -0.785398  0.785398
0.577454
5.38004
0
100
48
52
0.335516
2.29808
0.377554 0.270283 0.408752 0.162164 0.397473 0.290781 0.322778 0.249356 0.214984 0.251303 0.407932 0.304912 0.334947 0.390339 0.428958 0.51885 0.287624 0.296732 0.310439 0.330569 0.392162 0.50862 0.479668 0.410039 0.472915 0.251549 0.174881 0.326047 0.171506 0.358661 0.171148 0.173912 0.396698 0.29989 0.371406 0.16245 0.431592 0.395433 0.352811 0.299777 0.402303 0.270882 0.431644 0.299399 0.491811 0.549806 0.171596 0.447107 0.342744 0.384296 0.249686 0.247665 
2.31632 1.60593 3.73528 0.357884 2.84387 3.4369 1.68281 1.36023 1.33185 1.51388 2.70653 1.57769 1.71708 3.32562 3.6319 5.38679 1.43837 1.60385 1.52794 1.73498 2.73936 3.37087 5.38534 3.58918 3.89724 1.59169 0.391025 1.73415 1.58506 2.42527 0.391281 0.394189 2.66154 1.47525 1.77079 1.52841 3.81659 2.49952 1.8125 1.60471 2.62854 1.54053 2.75996 1.67297 4.98082 5.15034 0.392739 3.55198 1.71081 2.6913 1.41723 1.50322 
