 -0.642788   0.766044          0 -0.0073004     0.766044     0.642788 -1.22465e-16  -0.00612577 -9.38134e-17 -7.87188e-17           -1     0.185378 0 0 0 1         0 -0.611398    1.1334         0 -0.611398    1.1334 -0.698398    1.2204         0 -0.785398  0.785398         0 -0.785398  0.785398 -0.785398  0.785398
0.535074
4.98497
0
100
53
47
0.338114
2.34854
0.393875 0.52716 0.427 0.257609 0.458202 0.326168 0.330323 0.308091 0.294244 0.333834 0.174852 0.350567 0.445412 0.317109 0.296525 0.319816 0.339578 0.238703 0.166895 0.242445 0.249131 0.206574 0.30143 0.259322 0.46266 0.520517 0.174244 0.368095 0.34858 0.267299 0.396112 0.264074 0.336957 0.297461 0.548082 0.438598 0.312809 0.52181 0.323553 0.175592 0.44576 0.1792 0.428652 0.413764 0.245372 0.571624 0.2857 
3.76984 5.15302 3.85301 1.47425 3.5723 1.71244 1.80851 1.66609 1.63073 1.89543 0.372034 1.63535 3.4529 1.73913 1.79312 1.63015 1.75948 1.4366 0.374041 1.37513 1.50644 1.29722 3.01901 1.59454 3.59221 4.75965 0.37672 2.53176 2.32176 1.51109 2.86727 1.49621 1.72653 1.48893 5.53133 3.75811 1.49732 4.82232 1.75687 0.376848 3.68819 0.385439 3.91066 3.60751 1.554 5.6125 1.68757 
