       -0.5    0.866025           0 -0.00825322     0.866025          0.5 -1.22465e-16    -0.004765 -1.06058e-16 -6.12323e-17           -1     0.185378 0 0 0 1         0 -0.611398    1.1334         0 -0.611398    1.1334 -0.698398    1.2204         0 -0.785398  0.785398         0 -0.785398  0.785398 -0.785398  0.785398
0.559606
5.16869
0
100
50
50
0.338595
2.31883
0.304773 0.181709 0.218654 0.342357 0.3222 0.390101 0.376534 0.151471 0.385721 0.339167 0.37723 0.432363 0.234055 0.261414 0.436149 0.371738 0.346862 0.146235 0.247435 0.350537 0.167163 0.253095 0.442717 0.271136 0.318684 0.329414 0.300067 0.438401 0.419037 0.356752 0.243719 0.461609 0.395149 0.296168 0.537198 0.433891 0.262152 0.531636 0.326934 0.399313 0.426586 0.461355 0.366901 0.319105 0.303819 0.425309 0.320351 0.350524 0.169458 0.385377 
1.54486 0.386698 1.47499 1.69195 1.83854 2.41566 2.44404 0.309917 2.51596 1.67572 1.72888 3.81696 1.4822 1.4741 3.63202 1.79571 1.45192 0.3185 1.42321 1.63603 0.37283 1.44449 3.44583 1.51692 1.66082 1.63954 1.72116 3.76195 3.48851 4.53783 1.52227 3.8199 3.55337 1.7032 5.30773 3.70007 2.3274 5.3659 1.74966 2.41726 3.87402 3.60468 2.27976 1.60666 2.68842 3.54671 1.71528 1.66111 0.370868 4.47941 
