  -0.939693     0.34202           0 -0.00325945      0.34202     0.939693 -1.22465e-16  -0.00895527 -4.18854e-17 -1.15079e-16           -1     0.185378 0 0 0 1         0 -0.611398    1.1334         0 -0.611398    1.1334 -0.698398    1.2204         0 -0.785398  0.785398         0 -0.785398  0.785398 -0.785398  0.785398
0.559979
5.38996
0
100
59
41
0.358504
2.57158
0.455178 0.332557 0.380674 0.430521 0.345173 0.161205 0.419928 0.23824 0.44412 0.489979 0.531314 0.341136 0.460766 0.43813 0.550991 0.0695532 0.333281 0.428784 0.259954 0.318661 0.297072 0.156005 0.443594 0.328101 0.294778 0.171436 0.323586 0.417535 0.545921 0.406807 0.2559 0.433396 0.308976 0.370782 0.363451 0.327345 0.308379 0.312268 0.454535 0.317646 0.431006 
3.52991 1.74589 3.14735 3.8623 1.78674 0.357622 3.58481 1.44103 3.66994 5.03918 5.08212 1.71692 3.78605 3.56137 5.29305 0.0885166 1.72023 3.53475 1.59978 1.67897 1.55155 1.36114 3.31033 1.79711 1.60982 0.379749 1.74207 3.6364 5.04451 3.67597 1.5242 3.70484 1.65604 2.2902 1.81363 1.71877 1.60898 1.77875 3.41608 1.72179 3.86635 
