  -0.173648    0.984808           0 -0.00938522     0.984808     0.173648 -1.22465e-16  -0.00165487 -1.20604e-16 -2.12658e-17           -1     0.185378 0 0 0 1         0 -0.611398    1.1334         0 -0.611398    1.1334 -0.698398    1.2204         0 -0.785398  0.785398         0 -0.785398  0.785398 -0.785398  0.785398
0.539933
4.84289
0
100
49
51
0.336477
2.32092
0.174161 0.170114 0.348064 0.439915 0.326885 0.305242 0.363663 0.452733 0.396514 0.214231 0.173527 0.2048 0.30081 0.323461 0.252178 0.507901 0.172468 0.307951 0.371885 0.205245 0.548461 0.248686 0.321259 0.405136 0.32506 0.457824 0.435926 0.313422 0.325149 0.373436 0.545789 0.368603 0.145345 0.37013 0.323376 0.168177 0.370792 0.445669 0.488807 0.329445 0.281997 0.525751 0.257315 0.171029 0.513015 0.324058 0.442368 0.338154 0.257592 0.26493 0.461886 
0.364482 0.349072 1.59029 3.5164 1.6121 1.56628 2.26858 3.46404 2.58541 1.56228 0.363985 1.56754 1.6119 1.66189 1.49592 5.05898 0.364165 1.79904 2.6182 1.54703 4.85015 2.0356 1.61687 4.69656 1.40268 3.7424 3.65297 1.46455 1.58548 1.77354 4.91533 2.54285 0.369242 2.34008 1.47608 0.368148 2.35238 3.57327 4.5978 2.33345 1.67985 4.6435 1.42748 0.350356 4.81577 1.57738 3.69346 4.83277 1.3941 1.51941 3.77558 
