-0.866025     -0.5        0 0.004765         -0.5     0.866025 -1.22465e-16  -0.00825322  6.12323e-17 -1.06058e-16           -1     0.185378 0 0 0 1         0 -0.611398    1.1334         0 -0.611398    1.1334 -0.698398    1.2204         0 -0.785398  0.785398         0 -0.785398  0.785398 -0.785398  0.785398
0.562215
5.27887
0
100
65
35
0.346433
2.49274
0.389707 0.513497 0.440551 0.55087 0.267545 0.347757 0.296134 0.403993 0.453736 0.284046 0.273529 0.252826 0.362323 0.315678 0.332689 0.216624 0.171994 0.386897 0.442922 0.532043 0.451128 0.27342 0.177593 0.379206 0.282506 0.232549 0.451769 0.365304 0.330296 0.312856 0.451671 0.404216 0.217333 0.352775 0.207163 
2.73064 4.78358 3.85805 5.40929 1.65482 1.57358 1.58636 3.33493 3.83462 1.74466 1.57584 1.47617 3.48375 1.69016 1.70424 1.41525 0.380117 4.59713 3.57306 4.8739 3.66415 1.61562 0.387148 2.463 1.48838 1.38801 3.54151 1.75673 1.68909 1.7334 3.8563 3.71093 1.4795 1.74368 1.44844 
