  -0.984808    0.173648           0 -0.00165487     0.173648     0.984808 -1.22465e-16  -0.00938522 -2.12658e-17 -1.20604e-16           -1     0.185378 0 0 0 1         0 -0.611398    1.1334         0 -0.611398    1.1334 -0.698398    1.2204         0 -0.785398  0.785398         0 -0.785398  0.785398 -0.785398  0.785398
0.548275
5.11238
0
100
47
53
0.341671
2.4209
0.154196 0.278587 0.306239 0.259096 0.322828 0.402849 0.369207 0.242887 0.297182 0.337527 0.417726 0.253702 0.243006 0.271548 0.509952 0.404798 0.297984 0.339019 0.223737 0.53763 0.289013 0.330823 0.253943 0.374435 0.457384 0.234559 0.525303 0.442557 0.504558 0.246366 0.284706 0.439213 0.305345 0.259805 0.27329 0.328834 0.255367 0.471202 0.539468 0.342935 0.426582 0.219655 0.280231 0.17136 0.404549 0.549916 0.541263 0.424225 0.318004 0.171742 0.266704 0.328625 0.376887 
1.35199 1.56427 1.70172 1.56849 1.78762 2.74279 1.72958 1.52172 1.50344 1.67273 3.72929 1.50243 1.502 1.60593 4.74176 2.63133 1.6926 1.66036 1.45797 5.38974 1.5478 1.75046 1.38764 2.6368 3.60931 1.51693 5.13394 3.74969 4.68463 1.58969 1.69941 3.5425 1.62835 4.7476 1.64121 1.56935 1.57944 4.16214 5.12952 1.77323 3.57642 1.48043 1.5892 0.376854 2.57255 5.08301 4.98906 3.6063 1.54273 0.390297 1.45419 1.65981 1.84971 
