0.866025     -0.5        0 0.004765         -0.5    -0.866025 -1.22465e-16   0.00825322 6.12323e-17 1.06058e-16          -1    0.185378 0 0 0 1         0 -0.611398    1.1334         0 -0.611398    1.1334 -0.698398    1.2204         0 -0.785398  0.785398         0 -0.785398  0.785398 -0.785398  0.785398
0.554149
5.18952
0
100
61
39
0.357298
2.4672
0.337549 0.238262 0.168623 0.404054 0.173746 0.267523 0.422747 0.355566 0.249955 0.363101 0.452644 0.549039 0.454573 0.173798 0.438225 0.371215 0.363016 0.391395 0.454179 0.342909 0.176248 0.342263 0.522805 0.429393 0.369129 0.43922 0.441017 0.415676 0.338938 0.43649 0.23029 0.236402 0.443689 0.384035 0.435569 0.365681 0.339129 0.272317 0.344228 
1.63524 1.49594 0.378402 2.63078 0.388709 1.60435 3.46891 1.76422 1.49752 1.79878 3.45919 5.4467 3.70728 0.380631 3.64014 2.41555 1.7334 2.69162 3.72146 1.64131 0.39037 1.75022 4.99804 3.55331 4.72815 2.89016 3.46256 2.64959 2.37248 3.6787 1.51041 1.48025 3.5187 2.50184 3.70073 2.56708 1.69558 1.5341 1.73854 
