   0.984808    0.173648           0 -0.00165487     0.173648    -0.984808 -1.22465e-16   0.00938522 -2.12658e-17 1.20604e-16          -1    0.185378 0 0 0 1         0 -0.611398    1.1334         0 -0.611398    1.1334 -0.698398    1.2204         0 -0.785398  0.785398         0 -0.785398  0.785398 -0.785398  0.785398
0.545531
5.14028
0
100
51
49
0.328472
2.29168
0.306431 0.318895 0.153876 0.342262 0.344163 0.215006 0.315431 0.334632 0.513153 0.178307 0.449212 0.266806 0.273134 0.382301 0.309197 0.356033 0.312247 0.26705 0.459652 0.413858 0.382316 0.262067 0.533335 0.258278 0.176392 0.324001 0.312332 0.305263 0.265992 0.334408 0.450658 0.296881 0.31292 0.322022 0.337905 0.285173 0.396722 0.275643 0.339294 0.538511 0.325901 0.448465 0.246664 0.420633 0.253585 0.429932 0.421331 0.172381 0.154494 
1.63193 1.74684 2.13849 1.72483 1.7269 1.64245 1.71599 1.88126 4.89267 0.391438 3.54607 1.61228 1.53328 2.54457 1.63066 1.76113 1.7031 1.57557 3.84779 3.89942 3.98709 3.23916 5.13093 1.50049 0.392818 1.35367 3.58617 1.72936 1.60469 1.69757 3.5066 1.39684 1.59146 1.75134 1.68297 1.51245 2.66759 1.48937 1.57073 5.30913 1.76294 3.81988 2.34323 3.85788 1.48473 3.51233 3.68195 0.383622 1.59888 
