 0.342274 -0.728969  0.592835 -0.110915 -0.364484 -0.684547 -0.631305  0.132034  0.866025         0      -0.5 0.0978035 0 0 0 1         0 -0.437398  0.959398         0 -0.350398  0.872398 -0.350398  0.785398         0 -0.785398  0.785398         0 -0.785398  0.785398 -0.785398  0.785398
0.107553
0.268267
0.523599
100
15
85
0.0800521
0.206768
0.112532 0.0940501 0.10575 0.115278 0.0675959 0.0989222 0.0758157 0.0928531 0.129199 0.0829271 0.0984299 0.0940369 0.0323759 0.0310286 0.0921767 0.0955702 0.0792489 0.084912 0.0868522 0.100211 0.0396749 0.0802366 0.113202 0.0867362 0.0819883 0.0629648 0.0503385 0.0126627 0.0648306 0.0789342 0.0857553 0.026573 0.0350443 0.0576501 0.0646235 0.0736339 0.0560426 0.0723473 0.12661 0.0128201 0.191902 0.0727725 0.112383 0.0706174 0.104931 0.144953 0.0747358 0.0857771 0.0740936 0.0831956 0.102975 0.132887 0.101314 0.0872757 0.0220586 0.0680254 0.06577 0.0684975 0.0741283 0.0416036 0.0690579 0.0850189 0.0740548 0.0899953 0.0484051 0.0760501 0.0854503 0.0132494 0.0986457 0.0915998 0.0990403 0.102685 0.0860243 0.0853603 0.0512848 0.0845552 0.0891906 0.139939 0.0524247 0.109029 0.117169 0.0976955 0.0451598 0.0688573 0.0121522 
0.19281 0.157006 0.24008 0.169648 0.239739 0.23438 0.168071 0.20082 0.250918 0.158885 0.162344 0.200207 0.244142 0.236037 0.203853 0.211706 0.213471 0.247787 0.181427 0.194488 0.169891 0.224895 0.172582 0.174709 0.234686 0.176929 0.254005 0.245877 0.236715 0.161019 0.155556 0.23853 0.217094 0.184913 0.153784 0.236006 0.196591 0.260424 0.164307 0.0112265 0.206222 0.247158 0.177481 0.159526 0.23273 0.228723 0.153869 0.162404 0.257269 0.154385 0.211825 0.221558 0.215443 0.21468 0.0106745 0.169438 0.264554 0.256236 0.258163 0.228921 0.175696 0.234015 0.199567 0.154755 0.239558 0.221671 0.236122 0.216259 0.18529 0.231505 0.175363 0.27097 0.226626 0.240969 0.23953 0.205843 0.257922 0.221116 0.269925 0.257533 0.246531 0.207866 0.242903 0.154716 0.254225 
