2.76964e-11  0.368125  0.929776 -0.147258 1.09658e-11  -0.929776   0.368125 -0.0480539            1            0 -2.97883e-11    0.0128035 0 0 0 1         0 -0.263398    1.3944         0 -0.263398    1.3944 -0.263398    1.3944         0 -0.785398  0.785398         0 -0.785398  0.785398 -0.785398  0.785398
-1
0.0504253
2.97884e-11
100
42
58
0.144
0.60692
0.33327 0.231605 0.110441 0.150231 0.128759 0.153816 0.148839 0.133855 0.128328 0.0955301 0.11847 0.0222565 0.136058 0.0991807 0.158098 0.137155 0.139334 0.354494 0.127596 0.191159 0.117743 0.0890765 0.10264 0.335873 0.00551288 0.283934 0.127282 0.123208 0.0907898 0.173826 0.241886 0.147049 0.104703 0.149459 0.107255 0.109817 0.0998022 0.13457 0.0880002 0.0949356 0.331282 0.11584 0.143898 0.0749535 0.120761 0.0701093 0.104849 0.260395 0.122431 0.0934986 0.147021 0.100939 0.280431 0.128322 0.104072 0.116959 0.101021 0.109399 
1.64777 0.687194 0.434419 0.725329 0.302085 0.374689 0.260382 0.748093 0.732773 0.213303 0.693571 0.39401 0.361725 0.426008 0.834483 0.270368 0.814876 1.89041 0.342365 1.04661 0.953482 0.78654 0.309804 1.32446 0.533949 0.716918 0.405517 0.620642 0.209449 0.818588 1.24158 0.712806 0.401977 0.80766 0.216496 0.693758 0.178502 0.346721 0.182796 0.310836 1.37744 0.918393 0.457155 0.206472 0.284057 0.182251 0.692973 1.12448 0.284858 0.151067 0.254824 0.295895 0.686616 0.803799 0.307197 0.630899 0.890322 0.679692 
