 0.464888 -0.368125   0.80521 -0.156256 -0.184062 -0.929776 -0.318805 0.0721161  0.866025         0      -0.5 0.0978035 0 0 0 1         0 -0.437398  0.959398         0 -0.350398  0.959398 -0.350398  0.785398         0 -0.785398  0.785398         0 -0.785398  0.785398 -0.785398  0.785398
0.0796665
0.263537
0.523599
100
20
80
0.0765165
0.19529
0.194963 0.0782839 0.0890855 0.170892 0.0519371 0.0886676 0.0979962 0.0727498 0.1237 0.0996072 0.10288 0.0838872 0.108571 0.0364476 0.112731 0.0456872 0.0647502 0.0141685 0.0665295 0.0620452 0.0830129 0.0829166 0.0854884 0.0716605 0.114009 0.0862607 0.042298 0.00910751 0.0653558 0.141685 0.0546599 0.0967729 0.0651845 0.124419 0.0442739 0.0874638 0.0667716 0.0111317 0.072288 0.084616 0.00332956 0.074958 0.0578188 0.124346 0.0615263 0.074323 0.0921393 0.103309 0.109147 0.123171 0.103953 0.0965513 0.0780382 0.042816 0.0993143 0.0267168 0.0824212 0.0154307 0.0892664 0.0117078 0.0108108 0.0994844 0.108727 0.0220407 0.126392 0.0534182 0.108758 0.063089 0.0629584 0.0857455 0.0746766 0.0713524 0.113086 0.0588622 0.0412798 0.0255531 0.108062 0.0297485 0.0346042 0.0974306 
0.220791 0.219116 0.170107 0.164571 0.237434 0.252938 0.156023 0.254817 0.218903 0.157176 0.155971 0.233045 0.218477 0.238562 0.171164 0.239129 0.222169 0.0100568 0.225725 0.215669 0.210123 0.160428 0.182547 0.242788 0.263149 0.160171 0.249522 0.0073743 0.248502 0.168604 0.248041 0.283232 0.242857 0.191345 0.233527 0.148856 0.245863 0.221627 0.173009 0.204209 0.00717457 0.258596 0.196779 0.259214 0.248319 0.236821 0.222516 0.197774 0.172884 0.170223 0.181051 0.188238 0.137674 0.22711 0.178505 0.236353 0.188914 0.00957237 0.206042 0.0113135 0.0109688 0.196228 0.217814 0.22792 0.259437 0.256694 0.16729 0.232044 0.215019 0.181954 0.151868 0.185037 0.169606 0.206005 0.225062 0.163741 0.209534 0.240642 0.240974 0.262684 
