  0.124348   0.968583    0.21537 -0.0438269  0.484305  -0.24869   0.83881 -0.130336  0.866017         0 -0.500014 0.0944133 0 0 0 1         0 -0.350398  0.959398         0 -0.263398    1.4814 -0.263398    1.0464         0 -0.785398  0.785398         0 -0.785398  0.785398 -0.785398  0.785398
0.0825331
0.667136
0.523615
100
52
48
0.0675749
0.594354
0.0687935 0.043645 0.0562631 0.0644116 0.0647534 0.084769 0.0713259 0.0700963 0.0866615 0.0280497 0.0798841 0.113144 0.0171818 0.103787 0.0845145 0.130146 0.123623 0.110645 0.023536 0.00791511 0.0239419 0.0175791 0.0459533 0.0634387 0.0892419 0.209374 0.0742098 0.106891 0.016586 0.0808799 0.0605819 0.00399659 0.0984831 0.0167162 0.0847933 0.0750768 0.0530445 0.0432946 0.0678964 0.0199918 0.117971 0.0293218 0.0352603 0.045778 0.107924 0.0485949 0.0522929 0.121334 
0.558498 0.279528 0.662854 0.247193 0.500977 0.739221 0.612245 0.47776 0.729154 0.293359 0.927752 0.575837 0.695066 0.549726 0.689192 1.45039 0.583556 0.873562 0.553101 0.295748 0.339768 0.104835 0.858081 0.566189 0.463426 1.07285 0.322462 0.763053 0.411885 0.668813 0.80633 0.252213 1.00756 0.24245 0.546117 0.853061 0.400052 0.507521 0.374302 0.122386 0.888651 0.733927 0.57326 0.856764 0.528866 0.689459 0.601633 0.678344 
