 -0.219198   0.973914 -0.0586777  0.0033957   0.940789   0.226916   0.251843 -0.0572293  0.258588         0 -0.965988  0.181988 0 0 0 1         0 -0.350398  0.872398         0 -0.350398  0.959398 -0.437398  0.959398         0 -0.785398  0.785398         0 -0.785398  0.785398 -0.785398  0.785398
0.0665441
0.141731
0.26156
100
1
99
0.083766
0.244095
0.021845 0.0205428 0.0425495 0.166602 0.0688289 0.0923855 0.0703723 0.0197667 0.0180603 0.288898 0.0221738 0.110515 0.270086 0.307239 0.117499 0.0180738 0.0247217 0.123144 0.172656 0.161777 0.0257421 0.0183041 0.0536615 0.141267 0.0278667 0.0181668 0.13307 0.0939629 0.06098 0.0205226 0.0166439 0.0222442 0.158218 0.0166028 0.0235085 0.0985187 0.0928356 0.266789 0.0707524 0.129017 0.0668199 0.0922091 0.0208586 0.125922 0.0204414 0.130263 0.0972968 0.137458 0.023431 0.0239583 0.0762656 0.221146 0.0801699 0.145699 0.0910521 0.0216133 0.0588065 0.193137 0.0230567 0.237035 0.165464 0.138876 0.0233775 0.0182833 0.022643 0.0252999 0.0811459 0.0395342 0.0240931 0.0244887 0.0221079 0.103864 0.029748 0.10186 0.0350329 0.0763209 0.032294 0.024226 0.0268367 0.0243208 0.142804 0.0192 0.165736 0.0635847 0.0803627 0.121187 0.0217445 0.0749935 0.141346 0.127371 0.102099 0.135159 0.0229921 0.150221 0.104454 0.116198 0.0197991 0.0562121 0.074505 
0.00888953 0.0089799 0.140594 0.921407 0.150208 0.135534 0.148335 0.00895992 0.00836285 1.24637 0.0091963 0.133396 1.10936 1.23449 0.143288 0.00891772 0.187726 0.137049 1.19021 1.03107 0.1796 0.00848979 0.146637 0.140789 0.150282 0.00890064 0.137023 0.706842 0.136688 0.392366 0.00909401 0.00964448 0.124284 0.0074985 0.00949265 0.135934 0.143606 1.08664 0.106914 0.139587 0.1201 0.134598 0.156985 0.147989 0.00869105 1.02926 0.13634 0.135312 0.00947486 0.174694 0.141926 0.985676 0.145465 0.420279 0.13741 0.00905475 0.145817 1.03106 0.172565 1.12338 0.136325 0.140173 0.00930241 0.00847867 0.00970318 0.0100369 0.135518 0.148407 0.0116629 0.00983205 0.00917488 0.142188 0.50581 0.142857 0.151768 0.14659 0.154196 0.0100694 0.179549 0.00919005 0.144551 0.00852214 1.06551 0.147853 0.146052 0.136136 0.00877245 0.138872 0.140299 0.138898 0.12626 0.137847 0.00942171 0.140446 0.135072 0.139322 0.155425 0.706125 0.360418 
