 0.616972 -0.325766  0.716395 -0.112098 -0.212585  -0.94545 -0.246843 0.0480092  0.757729         0 -0.652569  0.140683 0 0 0 1         0 -0.350398  0.785398         0 -0.263398    1.4814 -0.263398  0.872398         0 -0.785398  0.785398         0 -0.785398  0.785398 -0.785398  0.785398
-1
0.165884
0.71097
100
48
52
0.0485724
0.381834
0.0665339 0.00741375 0.0550833 0.0206182 0.00246955 0.104586 0.148853 0.0491541 0.0790667 0.0357673 0.0977461 0.032516 0.0860469 0.0110496 0.0896615 0.0449272 0.00924543 0.0141947 0.00338573 0.0569761 0.00649052 0.130945 0.154763 0.069881 0.0426666 0.00811036 0.0765773 0.0091414 0.125827 0.0102435 0.00342584 0.00448038 0.0473953 0.0588427 0.00922333 0.0672767 0.0792079 0.0108737 0.0286613 0.0395849 0.0272599 0.169003 0.0767676 0.0461684 0.00696084 0.00979902 0.0461338 0.0739668 0.0192012 0.00310692 0.00845208 0.0400321 
0.447427 0.203571 0.349944 0.189348 0.211584 0.892196 0.728997 0.241068 0.40676 0.13679 0.412391 0.321839 0.669691 0.214591 0.720593 0.341898 0.233369 0.401084 0.228747 0.368352 0.20017 0.642503 0.80866 0.698638 0.290958 0.207484 0.549689 0.233003 1.05949 0.213136 0.182423 0.209066 0.244161 0.371045 0.203782 0.436524 0.417229 0.238151 0.317786 0.549456 0.277729 0.920531 0.336664 0.468275 0.191091 0.210117 0.347504 0.336789 0.272804 0.171965 0.21843 0.309851 
