  0.160492   0.973914   0.160415 -0.0351844  0.688826 -0.226916  0.688497 -0.109669  0.706938         0 -0.707276  0.148356 0 0 0 1         0 -0.350398  0.785398         0 -0.263398    1.4814 -0.263398  0.785398         0 -0.785398  0.785398         0 -0.785398  0.785398 -0.785398  0.785398
0.00605437
0.213831
0.785159
100
34
66
0.066709
0.413702
0.177888 0.00707467 0.0255143 0.0999901 0.00608554 0.22188 0.0118436 0.0101104 0.0673889 0.0485809 0.142854 0.0399095 0.00429347 0.023223 0.120522 0.136856 0.0199054 0.00770178 0.0184619 0.00762901 0.155018 0.00912236 0.0974397 0.0681722 0.244104 0.00944562 0.202611 0.0182901 0.0445352 0.0488034 0.100822 0.171512 0.0711017 0.00797322 0.0866923 0.0686239 0.131502 0.0193367 0.00853666 0.114178 0.0776204 0.104777 0.0102287 0.176115 0.0144032 0.11254 0.14392 0.00542998 0.002904 0.0431719 0.0202018 0.157283 0.181502 0.0146787 0.00415581 0.00791853 0.129319 0.00922239 0.00782336 0.0493731 0.160375 0.0393915 0.0319797 0.00771038 0.00778156 0.00743788 
0.846971 0.222723 0.280363 0.615085 0.208431 0.802051 0.204426 0.205147 0.498399 0.291383 0.649348 0.280715 0.202426 0.181692 0.465099 0.894685 0.184947 0.686354 0.284232 0.209321 0.703902 0.207431 0.723715 0.373856 0.844598 0.208821 1.02034 0.243203 0.717813 0.0121764 0.361805 0.908704 0.330536 0.20188 0.763273 0.578436 0.743508 0.189446 0.210477 0.534285 0.289129 0.381235 0.230344 1.00434 0.211831 0.723676 0.217884 0.193118 0.180317 0.310025 0.175204 0.882989 0.844055 0.203424 0.19694 0.187352 0.429593 0.205956 0.227784 0.295113 0.720883 0.319977 0.199085 0.191095 0.197336 0.193669 
