  0.124345   0.968583   0.215372 -0.0632107 0.484292 -0.24869 0.838818 -0.20583  0.866025         0      -0.5 0.0971965 0 0 0 1         0 -0.263398    1.6554         0 -0.350398  0.785398 -0.350398  0.785398         0 -0.785398  0.785398         0 -0.785398  0.785398 -0.785398  0.785398
0.0146571
0.00928862
0.523599
100
62
38
0.0198976
0.0370876
0.0169415 0.014511 0.0251866 0.0156129 0.0111183 0.0126147 0.0168516 0.0245445 0.0172121 0.0126755 0.0158025 0.0141062 0.0219787 0.0116933 0.0130788 0.0308249 0.0189783 0.0956331 0.00989779 0.0190973 0.0824195 0.0236555 0.00260351 0.0374907 0.0129501 0.0191075 0.00490836 0.0127062 0.0187337 0.011155 0.0119731 0.0121526 0.0147493 0.0140386 0.0151231 0.0118162 0.0119268 0.0202386 
0.00814591 0.00861625 0.152065 0.0102516 0.0107925 0.0101809 0.0104412 0.0116349 0.0104127 0.0090461 0.00781043 0.00875166 0.125281 0.00697251 0.00864976 0.109569 0.0111974 0.129398 0.00734599 0.0117889 0.12975 0.0124425 0.0101808 0.201994 0.00881006 0.00913847 0.00795085 0.0110185 0.128998 0.00769864 0.0077108 0.00952136 0.0072624 0.00831904 0.0100354 0.00797951 0.00924706 0.152921 
