-0.552025  0.770513 -0.318712 0.0383467   0.667284   0.637424   0.385257 -0.0612181       0.5         0 -0.866025  0.172583 0 0 0 1          0  -0.437398   0.959398          0 -0.0893982     1.6554  -0.263398   0.785398         0 -0.785398  0.785398         0 -0.785398  0.785398 -0.785398  0.785398
0.137626
1.15926
0.523599
100
32
68
0.0647758
0.517845
0.0590449 0.0471411 0.0141206 0.0165225 0.0564118 0.0154641 0.0864523 0.12621 0.0210904 0.138447 0.106328 0.0179382 0.17447 0.00956284 0.0132482 0.0233161 0.202871 0.129811 0.00644593 0.177036 0.134892 0.0144236 0.193233 0.0517526 0.0144609 0.0227494 0.0438978 0.0100568 0.164506 0.076722 0.179522 0.0171488 0.00806684 0.0166138 0.159661 0.0128429 0.0648261 0.0205583 0.0121345 0.00813943 0.0141127 0.0165843 0.0383813 0.00566243 0.0823233 0.0179261 0.232069 0.0740374 0.0115632 0.174763 0.0569742 0.010667 0.0754973 0.199576 0.00854569 0.0348294 0.00979207 0.020947 0.0275877 0.15184 0.107321 0.00965413 0.115477 0.0587048 0.0606602 0.10975 0.00269886 0.00866776 
0.379409 0.452534 0.181404 0.17734 0.452658 0.181753 0.509726 0.901573 0.18454 0.717256 0.810261 0.182281 0.849799 0.187904 0.184023 0.158711 1.37468 0.794047 0.254859 0.543441 0.797658 0.187271 0.754293 0.391061 0.165753 0.163581 0.451435 0.268141 0.872138 0.980463 1.11512 0.183316 0.285014 0.685083 1.16913 0.167283 0.73966 0.18263 0.182208 0.274685 0.18824 0.186744 0.491384 0.279443 0.73992 0.186298 0.605894 0.536436 0.39705 1.30447 0.316026 0.384144 0.483802 1.28667 0.330026 0.646376 0.378365 0.177001 0.371342 1.31827 1.15095 0.357692 0.692968 0.551289 0.472456 1.10361 0.409005 0.373437 
