 -0.552026  -0.770513   0.318712 -0.0298325  -0.667284   0.637424   0.385256 -0.0510979      -0.5         0 -0.866026  0.172583 0 0 0 1         0 -0.785398  0.785398         0 -0.350398  0.785398 -0.350398    1.3944         0 -0.785398  0.785398         0 -0.785398  0.785398 -0.785398  0.785398
-1
0.00255369
0.523598
100
78
22
0.0427172
0.537787
0.0344784 0.0351893 0.00680712 0.0224735 0.0468247 0.105922 0.131287 0.0212554 0.0893232 0.0111964 0.125429 0.013881 0.0490878 0.0142224 0.00131141 0.0130504 0.0134429 0.00331693 0.00483171 0.17081 0.0146901 0.0109478 
0.386489 0.534144 0.386941 0.250956 0.975141 1.07304 1.30385 0.281244 0.93983 0.270194 1.21975 0.311243 0.335018 0.454578 0.329289 0.404376 0.00732059 0.362377 0.37952 1.24522 0.373665 0.00713383 
