 0.0587825   0.973914    0.21917 -0.0428225  0.252293 -0.226916  0.940669 -0.142452  0.965864         0  -0.25905 0.0900863 0 0 0 1         0 -0.263398    1.0464         0 -0.785398  0.785398 -0.263398    1.3074         0 -0.785398  0.785398         0 -0.785398  0.785398 -0.785398  0.785398
-1
0.00123507
0.262039
100
77
23
0.041949
0.267194
0.0159579 0.00957769 0.0581494 0.057234 0.0212958 0.0621699 0.0134632 0.0651267 0.023803 0.0206916 0.0344485 0.0191887 0.0282673 0.0713994 0.124463 0.0116945 0.0533935 0.0158976 0.0810989 0.0187786 0.00408753 0.0669311 0.0877095 
0.0789968 0.337181 0.435068 0.344225 0.315052 0.226021 0.0767481 0.298871 0.151425 0.102299 0.234806 0.0924098 0.270434 0.369708 0.483389 0.280481 0.303736 0.078379 0.419868 0.107218 0.386979 0.322166 0.430009 
