 -0.635979   -0.71096   0.300111 -0.0215195  -0.642967   0.703233   0.303409 -0.0340223  -0.42676         0 -0.904365   0.17726 0 0 0 1         0 -0.785398  0.785398         0 -0.437398    1.0464 -0.350398    1.5684         0 -0.785398  0.785398         0 -0.785398  0.785398 -0.785398  0.785398
-1
0.00176815
0.440907
100
78
22
0.0197858
0.399862
0.0141546 0.0153589 0.0185921 0.00904689 0.0115617 0.0270202 0.0786562 0.0129988 0.0118602 0.0481867 0.00174851 0.0109508 0.0155936 0.0154292 0.0170235 0.0181191 0.0177318 0.0096372 0.0113726 0.0215191 0.0376362 0.01109 
0.352856 0.352611 0.277391 0.433197 0.509771 0.437942 1.22969 0.455822 0.302709 0.504523 0.00640563 0.00759368 0.513897 0.446997 0.363908 0.468058 0.315057 0.320865 0.343191 0.441176 0.297768 0.415538 
