 0.176115 -0.325766  0.928902 -0.139724 -0.0606827  -0.94545 -0.320064 0.0575281  0.982497         0 -0.186277 0.0800651 0 0 0 1         0 -0.263398    1.1334         0 -0.785398  0.785398 -0.263398    1.3074         0 -0.785398  0.785398         0 -0.785398  0.785398 -0.785398  0.785398
-1
0.000759426
0.187371
100
63
37
0.0374024
0.177777
0.0183661 0.0462216 0.0870456 0.0205763 0.00830779 0.0222793 0.0226757 0.0190788 0.0165474 0.0961089 0.017799 0.0851906 0.0169184 0.141729 0.0169876 0.0191884 0.0716627 0.0150365 0.0466869 0.0182932 0.0156589 0.0162136 0.019465 0.0192573 0.0170813 0.0108862 0.0195351 0.046825 0.117197 0.0931491 0.018717 0.0456503 0.0207801 0.0142685 0.06711 0.00839329 0.0269996 
0.0919917 0.273726 0.290178 0.0972352 0.32436 0.0856482 0.108005 0.0091246 0.0776276 0.329287 0.0967872 0.267243 0.0844234 0.508901 0.0812959 0.0846959 0.313649 0.353058 0.227388 0.0882198 0.0794991 0.0914473 0.0850519 0.0922647 0.0952327 0.279393 0.0765064 0.209643 0.287479 0.328349 0.0993512 0.453631 0.0849237 0.00630256 0.216234 0.077538 0.222071 
