1.46553e-05  0.368124  0.929777 -0.147258 5.80246e-06  -0.929777   0.368124 -0.0480538            1            0 -1.57622e-05    0.0294135 0 0 0 1         0 -0.263398    1.3944         0 -0.263398    1.3944 -0.263398    1.3944         0 -0.785398  0.785398         0 -0.785398  0.785398 -0.785398  0.785398
-1
0.0352534
1.57622e-05
100
32
68
0.127873
0.497978
0.10571 0.114753 0.0962379 0.138449 0.108808 0.25486 0.311523 0.0417118 0.121103 0.0894417 0.157245 0.148479 0.113602 0.0623846 0.0891732 0.17315 0.0805887 0.117444 0.0161931 0.0969663 0.0808016 0.119644 0.124734 0.137919 0.134561 0.335225 0.109554 0.144893 0.176523 0.123101 0.138507 0.291126 0.0885225 0.247913 0.313653 0.0355825 0.245852 0.123748 0.0165862 0.107937 0.229567 0.0600836 0.33258 0.11511 0.128551 0.0264297 0.104205 0.109397 0.212824 0.129074 0.108854 0.0865647 0.111613 0.108044 0.108272 0.124229 0.121064 0.0639635 0.0738067 0.126008 0.0330773 0.121682 0.109473 0.076234 0.0886423 0.0438802 0.103958 0.103937 
0.623021 0.388444 0.31753 0.44389 0.874706 1.18561 1.53623 0.122951 0.701797 0.328587 0.4235 0.260808 0.225441 0.764721 0.68802 0.497242 0.195688 0.758116 0.0605459 0.236325 0.835796 0.736524 0.24364 0.166326 0.582714 1.27036 0.422319 0.451844 0.404671 0.80922 0.264185 1.53094 0.134681 0.926145 0.955431 0.208713 1.55651 0.579188 0.0547273 0.181373 0.851932 0.205007 1.27612 0.47501 0.638903 0.156912 0.333957 0.369729 0.441688 0.402396 0.279935 0.132071 0.159778 0.404705 0.217731 0.388193 0.679904 0.268714 0.521527 0.445525 0.144063 0.489067 0.259562 0.188314 0.131233 0.590405 0.168992 0.292636 
