  0.124345   0.968583   0.215372 -0.0524421 0.484292 -0.24869 0.838818 -0.16389  0.866025         0      -0.5 0.0978035 0 0 0 1         0 -0.350398  0.785398         0 -0.350398  0.959398 -0.350398  0.785398         0 -0.785398  0.785398         0 -0.785398  0.785398 -0.785398  0.785398
0.0804434
0.223465
0.523599
100
18
82
0.0809899
0.215778
0.0683713 0.107115 0.1479 0.0792576 0.0584498 0.0397965 0.112538 0.101054 0.0885532 0.0620463 0.0667725 0.113318 0.0551102 0.0944746 0.13052 0.050911 0.0862806 0.0644824 0.0651428 0.114064 0.0966808 0.100124 0.0892757 0.0312304 0.08454 0.0750877 0.0576913 0.0928215 0.0840721 0.0949807 0.0490851 0.0310394 0.106304 0.105614 0.116876 0.0954395 0.0650318 0.112956 0.0888506 0.0936538 0.135784 0.0486902 0.107935 0.0542697 0.111754 0.0580614 0.0896354 0.0764357 0.0874438 0.0678677 0.0401765 0.119047 0.0852729 0.091075 0.0790497 0.0532757 0.092512 0.0985295 0.0312993 0.0557565 0.0524676 0.0969003 0.100438 0.142712 0.0347601 0.0799605 0.10255 0.0625871 0.0975276 0.0833426 0.0160264 0.0803017 0.0505361 0.099937 0.0413711 0.0929932 0.0835016 0.0820039 0.096088 0.036272 0.0997407 0.0477686 
0.19271 0.254912 0.280264 0.239233 0.227736 0.234613 0.164258 0.150303 0.244078 0.246535 0.205776 0.230411 0.230818 0.227817 0.276994 0.229534 0.152851 0.229662 0.230485 0.191542 0.246676 0.162951 0.194613 0.24981 0.199783 0.244638 0.250845 0.16003 0.161981 0.255078 0.204321 0.232527 0.162294 0.261479 0.213547 0.243973 0.26375 0.221474 0.24496 0.179568 0.278178 0.23454 0.251135 0.222793 0.161247 0.256675 0.180187 0.172875 0.158003 0.255437 0.23653 0.175565 0.172629 0.156067 0.254275 0.23509 0.173235 0.221996 0.234096 0.206397 0.247554 0.217522 0.26848 0.224845 0.239451 0.158328 0.157881 0.248306 0.147591 0.226482 0.209099 0.152955 0.232529 0.169787 0.2688 0.268741 0.252179 0.158799 0.163676 0.235695 0.165494 0.247858 
