 -0.552025   0.770513   0.318712 -0.0445184  0.667284  0.637424 -0.385256 0.0389486      -0.5         0 -0.866026  0.172583 0 0 0 1         0 -0.785398  0.785398         0 -0.350398  0.785398 -0.350398    1.3944         0 -0.785398  0.785398         0 -0.785398  0.785398 -0.785398  0.785398
-1
0.0024224
0.523598
100
80
20
0.0494156
0.648891
0.0128323 0.00745356 0.00932788 0.0847742 0.00881509 0.0167606 0.0111265 0.00955298 0.0142637 0.174597 0.0187809 0.200581 0.0166175 0.028909 0.01524 0.0263576 0.016288 0.0963728 0.211711 0.0079511 
0.906153 0.397653 0.326844 1.27615 0.357058 0.384018 0.42311 0.28929 0.424012 1.29493 0.418779 1.35902 0.422018 0.505465 0.68126 0.484037 0.00849513 1.15054 1.48748 0.381504 
