  0.577894   -0.71096   0.400719 -0.0560375 -0.584243 -0.703233 -0.405121 0.0714902  0.569823         0 -0.821767  0.166522 0 0 0 1         0 -0.350398  0.785398         0 -0.176398    1.4814 -0.350398  0.959398         0 -0.785398  0.785398         0 -0.785398  0.785398 -0.785398  0.785398
-1
0.180727
0.606291
100
16
84
0.0490456
0.382918
0.174228 0.0194059 0.00510285 0.0163436 0.0887755 0.00347455 0.016808 0.0139831 0.0117684 0.0337717 0.062603 0.134756 0.0914773 0.0143537 0.195534 0.0298857 0.0213924 0.00844602 0.157187 0.0069657 0.0167816 0.0236204 0.0470126 0.057975 0.216772 0.0107417 0.00688641 0.157015 0.00284588 0.00709612 0.215364 0.0252471 0.0721824 0.0135211 0.0215168 0.16555 0.0116948 0.00755055 0.0522304 0.0147605 0.0130126 0.0079024 0.0148092 0.0978291 0.0185147 0.0442975 0.0461414 0.0608104 0.0229283 0.0127476 0.0149238 0.0178368 0.0136963 0.172666 0.0213839 0.0885585 0.0041822 0.00886812 0.0166328 0.0147172 0.0624006 0.0101828 0.00890954 0.0871083 0.0277035 0.0136765 0.0622808 0.108989 0.0256217 0.010554 0.0302935 0.0211372 0.0135857 0.122446 0.00244806 0.112909 0.149973 0.00123419 0.0452405 0.0159869 0.127561 0.0270666 0.0226298 0.044805 
0.50513 0.16684 0.198199 0.167659 0.837687 0.185876 0.175634 0.172726 0.450517 0.43695 0.351313 0.856417 0.730833 0.249658 0.590721 0.345851 0.144678 0.159831 0.634102 0.170817 0.187653 0.155295 0.500694 0.745104 0.990099 0.191556 0.191079 0.809091 0.274586 0.246508 0.841118 0.175381 0.758267 0.185526 0.585378 0.614172 0.182037 0.195473 0.36139 0.186451 0.19352 0.336297 0.175793 0.860937 0.154239 0.773082 0.602731 0.622708 0.171423 0.175628 0.387881 0.177517 0.183084 0.649289 0.176349 0.475087 0.171795 0.199151 0.183276 0.182576 0.3534 0.271546 0.180965 0.319752 0.600847 0.175411 0.744886 0.49707 0.18296 0.201004 0.193272 0.14434 0.266159 0.771276 0.318581 0.495573 0.754665 0.168194 0.898374 0.18098 0.667831 0.313063 0.166443 0.537895 
