  -0.70083   -0.71096 -0.0580856  0.0250461   -0.70853   0.703233 -0.0587238  0.0130549 0.0825979         0 -0.996583  0.189248 0 0 0 1         0 -0.785398  0.785398         0 -0.350398  0.785398 -0.350398  0.785398         0 -0.785398  0.785398         0 -0.785398  0.785398 -0.785398  0.785398
-1
0.00434248
0.0826922
100
5
95
0.0882673
0.169431
0.0230634 0.0215987 0.0215564 0.219766 0.0229964 0.165392 0.020594 0.137199 0.0226999 0.14559 0.0181749 0.0191089 0.22381 0.0218224 0.0205274 0.0163655 0.0210796 0.148491 0.0230099 0.0248459 0.0186963 0.0215311 0.0180459 0.0237753 0.255051 0.0272767 0.132375 0.142283 0.217123 0.163254 0.0220717 0.138423 0.172642 0.0236265 0.0198869 0.0219405 0.019785 0.0203097 0.0200441 0.023587 0.182579 0.0225011 0.307811 0.016834 0.137587 0.0232953 0.0214895 0.238674 0.025632 0.0192935 0.159001 0.127685 0.0578063 0.0197571 0.10974 0.0205411 0.113518 0.1099 0.0230124 0.16392 0.021438 0.0885063 0.198584 0.235701 0.1354 0.0852462 0.163388 0.16025 0.169811 0.0259074 0.0211379 0.312662 0.0230421 0.136598 0.0138321 0.0243522 0.0181837 0.242996 0.0204586 0.143883 0.180567 0.0202525 0.0235276 0.0636484 0.14413 0.0194287 0.0227852 0.16264 0.180724 0.182654 0.0242807 0.168753 0.0192728 0.0254341 0.16592 
0.00968955 0.00887026 0.00908681 0.4479 0.00938202 0.135629 0.0085739 0.138418 0.00920863 0.13712 0.00815983 0.00765312 0.541416 0.00914908 0.00852612 0.00676858 0.00847141 0.132809 0.00940241 0.0105869 0.00864683 0.00903191 0.00769312 0.0104295 1.19278 0.233739 0.132375 0.136503 0.510884 0.137008 0.00959237 0.142799 0.134727 0.00934676 0.00872635 0.00938362 0.00883427 0.00862984 0.00864374 0.00994262 0.135507 0.00918398 0.978142 0.00756756 0.453996 0.00961097 0.00908609 1.26296 0.221978 0.00805177 0.139902 0.960557 0.14953 0.00907555 0.144645 0.00863518 0.122631 0.133362 0.00927533 0.135425 0.00787304 0.102494 0.135331 0.433274 0.458676 0.115779 0.135771 0.132796 0.134798 0.00952026 0.0085301 1.05413 0.00944993 0.142252 0.0071247 0.00946719 0.0991735 1.22656 0.00857594 0.485356 0.134944 0.00854255 0.26728 0.155954 0.139896 0.00840438 0.0103426 0.136298 0.448576 0.479419 0.00998392 0.131667 0.00780376 0.00963727 0.13465 
