 0.342274 -0.728969  0.592835 -0.140557 -0.364484 -0.684547 -0.631305  0.163599  0.866025         0      -0.5 0.0971965 0 0 0 1         0 -0.263398    1.6554         0 -0.437398  0.959398 -0.350398  0.785398         0 -0.785398  0.785398         0 -0.785398  0.785398 -0.785398  0.785398
0.0138067
0.0108549
0.523599
100
51
49
0.0163719
0.0233841
0.0159441 0.014407 0.0184036 0.0192093 0.0116119 0.0196726 0.0216454 0.00877056 0.0122105 0.0123081 0.0296752 0.00597125 0.0156289 0.0172982 0.0119627 0.0144296 0.0171821 0.024049 0.00723541 0.0134403 0.00983719 0.0177818 0.0101726 0.0137077 0.0173786 0.0122033 0.0156499 0.0135773 0.0140643 0.0168904 0.0216996 0.0183334 0.0284936 0.0223333 0.019306 0.0191712 0.0137874 0.0206533 0.018286 0.0179699 0.0186114 0.0143695 0.0150755 0.0193561 0.0181359 0.0219044 0.017067 0.0107493 0.0145996 
0.0107298 0.00872286 0.00995397 0.00938859 0.00804836 0.0103823 0.010258 0.00792699 0.0104702 0.00824704 0.126146 0.00635743 0.010303 0.0095156 0.0101568 0.00890741 0.00991535 0.0109836 0.00829639 0.0112267 0.00738387 0.00959706 0.00682863 0.00993044 0.00976695 0.00735664 0.00902682 0.00952438 0.00964789 0.007975 0.00966139 0.0101125 0.119625 0.134384 0.00862601 0.128149 0.00855648 0.00976495 0.0109683 0.00853746 0.0103251 0.0105658 0.0103075 0.0102105 0.12842 0.108655 0.00930814 0.00734868 0.00932171 
