  0.892511  -0.325766   0.311931 -0.0595175 -0.307525  -0.94545 -0.107479  0.029892  0.329928         0 -0.944006   0.17857 0 0 0 1         0 -0.350398  0.785398         0 -0.350398    1.0464 -0.350398  0.785398         0 -0.785398  0.785398         0 -0.785398  0.785398 -0.785398  0.785398
0.0328964
0.157723
0.336228
100
3
97
0.0815439
0.300077
0.0782639 0.134989 0.0689028 0.0248366 0.0637413 0.0832013 0.0255602 0.0520062 0.0825619 0.0735803 0.0256869 0.267111 0.235062 0.0448473 0.0416458 0.0229405 0.0233681 0.0759404 0.209522 0.0217022 0.107105 0.202293 0.0673519 0.0201001 0.164382 0.179475 0.0449694 0.022117 0.0176619 0.0757014 0.0208026 0.0684223 0.0568408 0.0723629 0.0217291 0.0254012 0.0381964 0.105021 0.0400404 0.0265662 0.060797 0.133392 0.272591 0.0617589 0.159615 0.086831 0.0448523 0.0698885 0.021912 0.0244245 0.0976882 0.101545 0.26077 0.209361 0.0513764 0.0445762 0.021199 0.0684898 0.255599 0.0181663 0.0735537 0.0715831 0.0236908 0.0929021 0.0361401 0.100247 0.287216 0.0228072 0.0258078 0.0882677 0.0879448 0.0885971 0.026093 0.0235139 0.170929 0.231563 0.0710721 0.0226124 0.0220021 0.0735628 0.0438569 0.188559 0.0209956 0.0219009 0.0910821 0.0213447 0.084474 0.0218572 0.0341883 0.0957384 0.0667799 0.0231933 0.0800398 0.0227956 0.267702 0.0683858 0.0199183 
0.141442 0.412687 0.143395 0.155267 0.152425 0.139559 0.158064 0.146195 0.149701 0.134818 0.15796 1.16033 1.19693 0.111222 0.142406 0.1594 0.154819 0.140121 0.909688 0.00994286 0.63433 1.05691 0.142409 0.00826861 0.977771 0.809111 0.142016 0.1548 0.196342 0.134901 0.00909845 0.145119 0.147849 0.146029 0.00876262 0.162462 0.145718 0.139715 0.141504 0.150494 0.138216 0.143132 1.3026 0.137159 1.04034 0.146734 0.15536 0.141582 0.00929877 0.00940885 0.143146 0.127616 1.20678 0.759905 0.15208 0.146833 0.00920088 0.14945 1.10233 0.00909478 0.136967 0.130863 0.0100335 0.140976 0.157864 0.130131 1.04162 0.00870864 0.190769 0.120255 0.143127 0.149802 0.69224 0.00947261 0.861158 0.931006 0.0906059 0.154497 0.149608 0.139694 0.15169 1.06458 0.00914692 0.00891378 0.130325 0.149791 0.10822 0.164394 0.137167 1.05361 0.152195 0.175605 0.140772 0.155609 1.23876 0.136973 0.380073 
