 0.342283  0.728969   0.59283 -0.101095   0.364494  -0.684547     0.6313 -0.0937335  0.866018         0 -0.500013 0.0944132 0 0 0 1         0 -0.350398  0.959398         0 -0.263398    1.4814 -0.263398    1.0464         0 -0.785398  0.785398         0 -0.785398  0.785398 -0.785398  0.785398
0.0304385
0.621229
0.523614
100
68
32
0.0666414
0.54929
0.0627215 0.0284915 0.0980145 0.10625 0.121142 0.00602183 0.0664005 0.0429996 0.0878662 0.0762602 0.122051 0.0437856 0.0770161 0.0779584 0.0533062 0.0468297 0.141097 0.106224 0.0603702 0.109968 0.0626147 0.0571225 0.0416126 0.0161647 0.00718998 0.0372935 0.0538457 0.0948138 0.0665653 0.0153883 0.126719 0.0184211 
0.585549 0.72776 0.60045 0.537025 0.662982 0.240289 0.526338 0.679166 0.692319 0.458864 0.681083 0.669875 0.532903 0.369844 0.571405 0.404146 0.790344 0.563971 0.87457 0.739386 0.409826 0.352222 0.683728 0.222132 0.418658 0.366282 0.419634 0.776891 0.949858 0.385696 0.562318 0.121751 
