 0.176116  0.325766  0.928902 -0.145933  0.0606827   -0.94545   0.320064 -0.0395078  0.982497         0 -0.186277 0.0800651 0 0 0 1         0 -0.176398  0.959398         0 -0.785398  0.785398 -0.263398    1.3074         0 -0.785398  0.785398         0 -0.785398  0.785398 -0.785398  0.785398
0.0133057
0.0700375
0.187371
100
70
30
0.0479192
0.231478
0.00837994 0.0188867 0.0373013 0.0773142 0.0737188 0.0291288 0.0517927 0.00634986 0.0108023 0.0177998 0.115949 0.0201072 0.0156504 0.0844573 0.0182712 0.0402453 0.0187054 0.115968 0.0183145 0.096524 0.0167595 0.136571 0.0642098 0.0148302 0.0386185 0.0661886 0.111667 0.0881735 0.00642002 0.0184725 
0.00991845 0.0820856 0.1477 0.327339 0.33736 0.271633 0.200644 0.281367 0.0737364 0.0764618 0.920469 0.08542 0.0802831 0.371909 0.0860211 0.266591 0.0818654 0.34535 0.0733128 0.38148 0.170021 0.31596 0.367033 0.0746573 0.336336 0.295848 0.37664 0.349451 0.0634643 0.0939764 
