  0.552025  -0.770513   0.318712 -0.0383467 -0.667284 -0.637424 -0.385257 0.0612181       0.5         0 -0.866025  0.172583 0 0 0 1          0  -0.437398   0.959398          0 -0.0893982     1.6554  -0.263398   0.785398         0 -0.785398  0.785398         0 -0.785398  0.785398 -0.785398  0.785398
0.137693
1.15603
0.523599
100
48
52
0.0692502
0.55833
0.169509 0.0112537 0.15152 0.0617207 0.0728943 0.0126222 0.00833818 0.0116577 0.00322965 0.0567339 0.0137316 0.208764 0.0112222 0.193772 0.0648542 0.160062 0.0550696 0.105436 0.151449 0.0792181 0.0846672 0.0274969 0.16575 0.147222 0.103796 0.0120069 0.0823324 0.0152752 0.0149197 0.138088 0.0410189 0.0623805 0.0129195 0.0163919 0.00344909 0.114381 0.00676934 0.164799 0.0448529 0.0993272 0.0032592 0.178075 0.0330877 0.0304321 0.0143678 0.0855176 0.0133243 0.0194092 0.0959157 0.0117479 0.0549313 0.100042 
0.808857 0.183915 1.28047 0.320481 0.515587 0.187523 0.339794 0.178049 0.406702 0.359066 0.367118 1.61834 0.173889 0.558898 0.731288 1.21571 0.384382 1.07806 1.28485 0.916102 0.45091 0.458354 0.87854 0.494387 0.504502 0.182252 0.768673 1.03698 0.18364 1.03943 0.913583 0.473802 0.179066 0.186027 0.38324 0.450745 0.178826 0.83776 0.604021 0.461539 0.309505 0.500659 0.15605 0.486837 0.152361 1.28074 0.310207 0.410653 0.364562 0.297795 0.56705 0.621406 
