 0.552026 -0.770513 -0.318712 0.0445185  -0.667284  -0.637424   0.385256 -0.0389486      -0.5         0 -0.866026  0.172583 0 0 0 1         0 -0.785398  0.785398         0 -0.350398  0.785398 -0.350398    1.3944         0 -0.785398  0.785398         0 -0.785398  0.785398 -0.785398  0.785398
-1
0.00250574
0.523598
100
71
29
0.0483136
0.564086
0.0431809 0.0138253 0.0991086 0.00846375 0.0124896 0.0127329 0.0152846 0.0106482 0.0598341 0.143278 0.143289 0.00809255 0.0109169 0.182025 0.0121372 0.164377 0.0552744 0.0216888 0.0104021 0.0141543 0.0169929 0.0107379 0.0108174 0.0161006 0.0729201 0.106622 0.0132247 0.0888989 0.0235765 
0.389919 0.469939 1.00553 0.393484 0.193888 0.353461 0.400063 0.263839 0.807886 1.15873 1.36552 0.315473 0.20881 1.25946 0.356089 1.10309 0.706832 0.382489 0.328279 0.379011 0.0087619 0.354834 0.304892 0.187885 1.22105 0.495385 0.317201 1.15246 0.474222 
