1.46553e-05 -0.368125  0.929776 -0.140242 -5.80246e-06 -0.929776 -0.368125 0.0657754            1            0 -1.57622e-05    0.0294135 0 0 0 1         0 -0.263398    1.3944         0 -0.263398    1.3944 -0.263398    1.3944         0 -0.785398  0.785398         0 -0.785398  0.785398 -0.785398  0.785398
-1
0.0443734
1.57622e-05
100
40
60
0.130993
0.450293
0.107538 0.0612696 0.133168 0.0763658 0.102643 0.0644858 0.122385 0.0950058 0.0796246 0.102489 0.0530647 0.097816 0.0816676 0.116898 0.0709096 0.139159 0.154999 0.343513 0.120194 0.114165 0.137701 0.1299 0.115101 0.103603 0.100967 0.131828 0.167685 0.183502 0.155743 0.19918 0.136593 0.109716 0.224317 0.135573 0.32638 0.126116 0.0577516 0.16767 0.120858 0.137521 0.0190727 0.0982852 0.232995 0.218255 0.248516 0.333283 0.141762 0.16911 0.115093 0.09753 0.0715847 0.115613 0.0832686 0.143038 0.140493 0.0948984 0.0118685 0.127154 0.0889318 0.103734 
0.556641 0.332168 0.15076 0.18527 0.361369 0.592958 0.176974 0.324446 0.175503 0.337165 0.454557 0.218281 0.57244 0.222932 0.21198 0.255505 0.751291 0.986704 0.405919 0.25159 0.260421 0.729749 0.241519 0.19982 0.196066 0.239821 0.803577 0.524591 0.402881 0.93604 0.25375 0.239812 0.50414 0.286473 1.07469 0.464608 0.220961 0.623354 0.76318 0.981413 0.201163 0.136205 0.634129 0.841101 0.463698 1.08664 0.392827 0.410664 0.41396 0.346231 0.189572 0.921292 0.128956 0.223757 0.778781 0.182649 0.442272 0.480179 0.177498 1.09467 
