  0.342283  -0.728969    0.59283 -0.0872007 -0.364494 -0.684547   -0.6313  0.106781  0.866018         0 -0.500013 0.0944132 0 0 0 1         0 -0.350398  0.959398         0 -0.263398    1.4814 -0.263398    1.0464         0 -0.785398  0.785398         0 -0.785398  0.785398 -0.785398  0.785398
0.0192834
0.617175
0.523614
100
77
23
0.055122
0.520635
0.00132164 0.0930625 0.0026566 0.053352 0.142357 0.0439592 0.0694366 0.137337 0.0827537 0.109124 0.00160071 0.0693695 0.00452001 0.0405193 0.0343115 0.00722615 0.118472 0.0510323 0.0249424 0.106582 0.0173272 0.0487301 0.00781239 
0.397344 0.671144 0.207842 0.663177 0.651966 0.647792 0.968663 0.976079 0.661819 0.755223 0.353271 0.488996 0.190468 0.382379 0.570786 0.203779 0.684684 0.596301 0.314692 0.424812 0.238267 0.48496 0.440161 
