 0.464901 -0.368125  0.805203 -0.124047 -0.184067 -0.929776 -0.318802 0.0593635  0.866018         0 -0.500014 0.0944133 0 0 0 1         0 -0.350398  0.959398         0 -0.263398    1.4814 -0.263398    1.0464         0 -0.785398  0.785398         0 -0.785398  0.785398 -0.785398  0.785398
0.0621603
0.599748
0.523615
100
58
42
0.0612912
0.604905
0.0777032 0.0341284 0.0758132 0.0756452 0.0988047 0.0861604 0.074953 0.1005 0.0797047 0.0881404 0.00733435 0.124386 0.0664695 0.0386282 0.0445898 0.0203562 0.126409 0.0680925 0.103318 0.063121 0.00837394 0.0358248 0.0850633 0.0422159 0.0524227 0.0794919 0.110523 0.0637597 0.0437758 0.0012908 0.0224445 0.0640448 0.00270744 0.0877784 0.057067 0.00432062 0.0976575 0.0520454 0.109897 0.0221865 0.0646491 0.0124313 
0.419523 0.771801 0.481859 0.543142 0.554402 0.800955 0.58084 1.50554 0.833143 0.699995 0.337191 0.584088 0.259494 0.634863 0.530217 0.545049 0.560098 0.928898 0.728235 0.277825 0.366116 0.735255 0.51785 0.611212 0.727763 0.412898 0.77218 0.669799 0.588254 0.414821 0.793585 0.821098 0.187859 0.523302 0.638457 0.18822 0.759556 0.681456 0.696134 0.646904 0.688835 0.387286 
