   0.70083    0.71096  0.0580856 -0.0250461    0.70853  -0.703233  0.0587239 -0.0130549  0.082598         0 -0.996583  0.189248 0 0 0 1         0 -0.785398  0.785398         0 -0.350398  0.785398 -0.350398  0.785398         0 -0.785398  0.785398         0 -0.785398  0.785398 -0.785398  0.785398
0.0203934
0.00878478
0.0826922
100
10
90
0.0771414
0.194006
0.0218052 0.157098 0.229844 0.166584 0.127035 0.137135 0.0178753 0.0190653 0.0212195 0.125603 0.0206023 0.191237 0.0177681 0.0220978 0.0227701 0.223351 0.156674 0.161716 0.024301 0.0888137 0.169552 0.0219481 0.0198806 0.150977 0.0238124 0.126612 0.201771 0.0215158 0.0210141 0.0263309 0.221561 0.0945222 0.201817 0.17502 0.0211703 0.025392 0.0229184 0.0206896 0.0213998 0.0233216 0.021071 0.174133 0.020896 0.0474232 0.178914 0.0642581 0.0203265 0.168244 0.0929723 0.0206067 0.0208942 0.165174 0.0198609 0.019886 0.0245618 0.020541 0.0218114 0.0218893 0.0229082 0.0223361 0.242551 0.0212027 0.0225397 0.163159 0.228901 0.206548 0.00110712 0.0218947 0.0173951 0.0231599 0.0211753 0.0191604 0.022938 0.198475 0.0252385 0.0218989 0.0226135 0.0233674 0.14638 0.167421 0.0859739 0.0184187 0.131589 0.0260621 0.0727828 0.016992 0.0912741 0.0192982 0.103365 0.0273138 
0.00944555 0.135448 1.20655 0.135605 0.136857 0.116924 0.00807672 0.00887415 0.00939891 0.135183 0.00841476 1.10974 0.00737696 0.00938164 0.00940467 1.22001 0.134121 0.134869 0.0105938 0.120578 0.139902 0.00917182 0.00822937 0.413512 0.00941968 0.41532 1.29469 0.1366 0.00886374 0.200405 0.487892 0.149339 1.29834 0.135013 0.00901658 0.00957569 0.00941417 0.00821248 0.00894545 0.20673 0.0091115 1.00963 0.00936701 0.469473 0.142662 0.401474 0.00897916 0.470005 0.114536 0.0082315 0.00915327 0.136365 0.00837013 0.00877053 0.00917152 0.00788011 0.00873533 0.00855992 0.00889206 0.00925742 1.22674 0.00871705 0.00941278 0.13855 1.15712 0.42385 0.0138311 0.00911598 0.00785522 0.00892112 0.00937193 0.00853316 0.00965606 0.129926 0.00957667 0.0088515 0.00988938 0.00984627 0.133435 0.343922 0.1416 0.00846057 0.397333 0.0101175 0.148154 0.00802538 0.147785 0.00908688 0.417202 0.0116256 
