 0.635979  -0.71096 -0.300111 0.0350704  -0.642967  -0.703233   0.303409 -0.0206187 -0.426759         0 -0.904365   0.17726 0 0 0 1         0 -0.785398  0.785398         0 -0.350398  0.872398 -0.350398    1.5684         0 -0.785398  0.785398         0 -0.785398  0.785398 -0.785398  0.785398
-1
0.0151937
0.440907
100
76
24
0.0248841
0.33413
0.012951 0.0116773 0.0155902 0.0115058 0.00898003 0.0141247 0.0292189 0.0117136 0.00606231 0.0380173 0.0149587 0.00445731 0.00153481 0.037274 0.0151956 0.0326465 0.011884 0.0131693 0.0144957 0.0177983 0.0540642 0.181003 0.010822 0.0280731 
0.330959 0.00649726 0.00790381 0.243756 0.188189 0.351845 0.82022 0.460988 0.00472137 0.306241 0.400181 0.34472 0.00711463 0.33948 0.00791662 0.531771 0.229676 0.00697606 0.668039 0.27914 0.452382 1.31569 0.409734 0.304983 
