-0.160492  0.973914 -0.160415 0.0166216  0.688826  0.226916  0.688497 -0.113994  0.706938         0 -0.707276  0.148356 0 0 0 1         0 -0.350398  0.785398         0 -0.176398    1.3074 -0.263398  0.785398         0 -0.785398  0.785398         0 -0.785398  0.785398 -0.785398  0.785398
0.147955
0.575112
0.785159
100
33
67
0.0664179
0.428321
0.0348313 0.0756921 0.105806 0.145916 0.0935251 0.0900944 0.0601894 0.0996991 0.146962 0.0316272 0.209353 0.034752 0.0104942 0.0473239 0.0154207 0.130377 0.00801351 0.0204996 0.0799592 0.0962561 0.0130942 0.0149034 0.0140359 0.111414 0.171886 0.00868728 0.0146898 0.021366 0.0050473 0.011642 0.133207 0.0802377 0.220662 0.00784716 0.0111629 0.0593625 0.023743 0.091897 0.0783371 0.00999934 0.0391271 0.0132375 0.0630768 0.0994145 0.0646854 0.0801464 0.0166365 0.0073712 0.0517361 0.0106247 0.00909992 0.0737019 0.0119871 0.0114179 0.133773 0.103321 0.0630429 0.137726 0.200972 0.0989627 0.032227 0.082884 0.0129514 0.189579 0.0314249 0.0127151 0.158144 
0.227584 0.351644 0.967274 0.93547 0.46714 0.612875 0.352623 0.431577 0.976892 0.28635 1.07331 0.504972 0.213392 0.756586 0.418916 0.511444 0.219102 0.182643 0.371991 0.374373 0.194092 0.220412 0.205208 0.526784 0.769672 0.218554 0.204385 0.155584 0.211554 0.198489 0.689536 0.289179 0.824766 0.192781 0.198949 0.380861 0.18612 0.728461 0.332998 0.207354 0.570557 0.226497 0.327595 0.785083 0.304623 0.626891 0.187428 0.211276 0.409379 0.210152 0.210306 0.262733 0.188901 0.204382 0.480603 0.535416 0.403388 0.558315 0.940675 0.387016 0.228143 0.451812 0.20444 1.01325 0.504274 0.205281 0.887175 
