  0.892511   0.325766   0.311931 -0.0657266   0.307525   -0.94545   0.107479 -0.0118717  0.329928         0 -0.944006   0.17857 0 0 0 1         0 -0.350398  0.785398         0 -0.263398  0.872398 -0.437398  0.959398         0 -0.785398  0.785398         0 -0.785398  0.785398 -0.785398  0.785398
0.0384139
0.165653
0.336227
100
1
99
0.0888783
0.311012
0.12188 0.0641285 0.0420164 0.0203992 0.101491 0.0630441 0.145748 0.113653 0.0629915 0.023154 0.0686574 0.0582357 0.0241506 0.0160252 0.0200287 0.307103 0.0635601 0.0684304 0.108435 0.237161 0.0817998 0.0570951 0.167301 0.0608567 0.0229419 0.0213674 0.067337 0.0199089 0.0187108 0.039044 0.0566562 0.0236763 0.14697 0.026164 0.0914135 0.0170073 0.113684 0.0190493 0.243198 0.220042 0.0601669 0.274759 0.0712765 0.0234661 0.0144713 0.025321 0.0225779 0.100645 0.234572 0.302343 0.179235 0.0222734 0.0228977 0.0876584 0.0224977 0.0337459 0.16872 0.118183 0.048992 0.021976 0.0956544 0.111244 0.0290426 0.122619 0.0202599 0.125235 0.236102 0.122518 0.18701 0.0972709 0.0919364 0.200832 0.278859 0.0814835 0.017862 0.0197161 0.0599578 0.212657 0.0739413 0.0833307 0.0101679 0.0725658 0.0179054 0.0575278 0.139347 0.0833181 0.143992 0.0204002 0.070831 0.0406938 0.0592988 0.0741621 0.0236296 0.283279 0.0231879 0.0907244 0.0815125 0.103007 0.0355748 
0.140559 0.120494 0.133372 0.00873098 0.14788 0.147837 0.15243 0.147145 0.148905 0.154273 0.128862 0.153597 0.176735 0.443573 0.00902699 1.18287 0.14596 0.133868 0.142733 0.966069 0.155036 0.152147 0.826932 0.144036 0.155999 0.175738 0.142798 0.00819316 0.00884759 0.144662 0.140391 0.165595 0.450348 0.161924 0.124695 0.00873848 0.145134 0.161279 1.01582 1.27411 0.150499 1.26061 0.134763 0.174858 0.116421 0.153989 0.00990742 0.131827 1.05575 0.979012 1.01785 0.158365 0.404372 0.136126 0.0105376 0.148063 1.09136 0.139763 0.144691 0.00892852 0.148492 0.131429 0.144289 0.802667 0.00876681 0.142417 1.09092 0.148605 1.11131 0.151931 0.145569 1.03107 1.33333 0.143705 0.00891204 0.00863439 0.138951 1.18317 0.143859 0.142159 0.303094 0.136446 0.00819309 0.125139 0.766498 0.127182 0.736915 0.160818 0.148338 0.147358 0.137746 0.12517 0.186455 1.02081 0.141166 0.147411 0.143573 0.147359 0.145262 
