106.955 -49.413 -17.532 0.56659 0.71233 0.38707 0.14747 1 111.474 -9.189 -14.752 -0.44464 0.82393 -0.33557 0.10402 2 62.577 -13.088 14.441 -0.94953 -0.07719 0.26971 -0.14032 3 
106.86 -49.425 -17.546 0.56616 0.7123 0.38755 0.148 1 111.508 -9.191 -14.762 -0.4435 0.82421 -0.33644 0.10388 2 62.596 -12.92 14.401 -0.94896 -0.07926 0.26961 -0.14319 3 
106.8 -49.44 -17.502 0.56591 0.71347 0.38607 0.14717 1 111.476 -9.211 -14.773 -0.44417 0.82378 -0.33672 0.10352 2 62.589 -12.918 14.439 -0.94898 -0.07911 0.26965 -0.14305 3 
106.786 -49.455 -17.52 0.56303 0.71584 0.38566 0.14781 1 111.33 -9.231 -14.824 -0.44532 0.82217 -0.33903 0.10389 2 62.6 -12.977 14.391 -0.94906 -0.07874 0.26984 -0.14238 3 
106.708 -49.612 -17.461 0.56665 0.7144 0.38182 0.15086 1 111.107 -9.224 -14.819 -0.44863 0.82034 -0.33928 0.10327 2 62.61 -12.9 14.373 -0.94865 -0.07905 0.27049 -0.14371 3 
106.777 -49.533 -17.542 0.56554 0.71252 0.38721 0.15017 1 110.969 -9.12 -14.809 -0.44778 0.82127 -0.33659 0.10821 2 62.572 -12.907 14.492 -0.94935 -0.07989 0.26825 -0.14282 3 
106.768 -49.287 -17.568 0.56004 0.71305 0.3941 0.15031 1 110.7 -8.905 -14.697 -0.44635 0.8206 -0.33476 0.12379 2 62.578 -12.876 14.468 -0.94917 -0.08015 0.26848 -0.14341 3 
106.812 -49.156 -17.609 0.55275 0.71515 0.39946 0.15317 1 110.158 -7.439 -13.914 -0.44013 0.83858 -0.28763 0.14259 2 62.58 -12.786 14.491 -0.94912 -0.08105 0.26783 -0.14447 3 
106.729 -49.066 -17.691 0.54007 0.71983 0.40837 0.15298 1 107.822 -1.909 -12.205 -0.30194 0.90604 -0.29225 0.05008 2 62.597 -12.91 14.412 -0.94901 -0.07956 0.26937 -0.14314 3 
106.291 -48.97 -17.773 0.53276 0.72152 0.41504 0.15271 1 102.409 4.534 -9.239 -0.1561 0.9236 -0.32586 -0.1281 2 62.581 -12.898 14.468 -0.94931 -0.07994 0.2683 -0.14293 3 
105.616 -48.992 -17.762 0.53217 0.7201 0.41608 0.15854 1 94.549 7.795 -4.956 -0.12665 0.88196 -0.35557 -0.28227 2 62.603 -12.872 14.411 -0.94891 -0.07984 0.26928 -0.14383 3 
104.125 -48.725 -17.937 0.50639 0.72314 0.43709 0.17205 1 68.704 1.407 5.293 -0.17401 0.83064 -0.35989 -0.3876 2 62.588 -12.929 14.425 -0.94907 -0.07929 0.26932 -0.14301 3 
103.547 -48.61 -17.956 0.4989 0.72297 0.44246 0.18066 1 59.103 -2.214 4.816 -0.17124 0.83145 -0.43403 -0.30165 2 62.597 -12.901 14.394 -0.94889 -0.0793 0.26959 -0.14367 3 
103.066 -48.487 -18.048 0.4892 0.72332 0.4494 0.18851 1 51.39 -5.566 2.641 -0.13561 0.85388 -0.4438 -0.23569 2 62.574 -12.83 14.493 -0.94921 -0.08064 0.2679 -0.14399 3 
102.589 -48.348 -18.047 0.47847 0.72476 0.45494 0.19702 1 46.237 -8.27 -0.042 -0.10249 0.87826 -0.42626 -0.19095 2 62.598 -12.79 14.412 -0.94884 -0.08108 0.26838 -0.14526 3 
102.093 -48.216 -18.079 0.46909 0.72588 0.45862 0.20669 1 43.168 -9.811 -1.984 -0.08742 0.8917 -0.40947 -0.17193 2 62.598 -12.85 14.422 -0.9489 -0.08021 0.26891 -0.14433 3 
101.54 -47.992 -18.105 0.46216 0.72329 0.46455 0.21783 1 41.122 -10.567 -3.056 -0.07828 0.90028 -0.39402 -0.1677 2 62.568 -12.814 14.512 -0.94934 -0.08037 0.26767 -0.14368 3 
100.94 -47.823 -18.113 0.46081 0.71743 0.4696 0.22898 1 39.75 -10.551 -3.632 -0.07046 0.88423 -0.41849 -0.19502 2 61.883 -13.353 14.686 -0.95179 -0.0763 0.26429 -0.13575 3 
100.457 -47.77 -18.106 0.46129 0.71252 0.47181 0.23859 1 39.003 -10.649 -3.663 -0.07929 0.87226 -0.42257 -0.23304 2 60.947 -14.444 14.997 -0.95405 -0.07416 0.26368 -0.12145 3 
100.093 -47.753 -18.146 0.46327 0.70926 0.47265 0.24277 1 38.51 -10.833 -3.577 -0.08111 0.86522 -0.4202 -0.26124 2 60.065 -15.219 15.347 -0.95539 -0.06043 0.2635 -0.11894 3 
99.977 -47.803 -18.161 0.46395 0.70792 0.47334 0.24402 1 38.358 -10.989 -3.539 -0.08547 0.86124 -0.42025 -0.27267 2 59.979 -15.274 15.362 -0.95518 -0.05772 0.26399 -0.12083 3 
100.056 -47.985 -18.153 0.46317 0.71016 0.47199 0.24159 1 38.339 -11.135 -3.538 -0.08763 0.85548 -0.4207 -0.28895 2 60.086 -15.177 15.376 -0.95528 -0.05676 0.26379 -0.12098 3 
100.275 -48.132 -18.205 0.46088 0.71336 0.47258 0.23533 1 38.353 -11.316 -3.588 -0.08958 0.84707 -0.42869 -0.30112 2 60.301 -14.917 15.308 -0.95471 -0.05625 0.26369 -0.12584 3 
100.436 -48.29 -18.196 0.4614 0.71634 0.47081 0.2287 1 38.387 -11.35 -3.569 -0.08792 0.8451 -0.42941 -0.30609 2 60.386 -14.863 15.216 -0.95413 -0.05296 0.26559 -0.12763 3 
100.536 -48.39 -18.186 0.45628 0.7227 0.47169 0.21683 1 38.553 -11.431 -3.366 -0.07917 0.84725 -0.43006 -0.30158 2 59.929 -15.154 15.421 -0.95799 -0.04921 0.25531 -0.12101 3 
100.663 -48.394 -18.239 0.45084 0.72415 0.47737 0.21088 1 39.047 -11.447 -2.494 -0.08362 0.84237 -0.4347 -0.30733 2 60.663 -13.997 17.135 -0.95632 -0.05761 0.25022 -0.1397 3 
100.638 -48.372 -18.272 0.45098 0.7235 0.4793 0.20844 1 40.091 -11.609 -0.447 -0.10516 0.83299 -0.42419 -0.33931 2 64.092 -11.5 21.57 -0.94197 -0.05748 0.26581 -0.19683 3 
100.519 -48.31 -18.29 0.45374 0.72316 0.47934 0.20344 1 41.961 -11.798 2.446 -0.13515 0.8212 -0.40284 -0.38091 2 68.796 -6.57 27.516 -0.91623 -0.06136 0.28144 -0.27847 3 
100.493 -48.342 -18.245 0.45889 0.723 0.47595 0.20042 1 44.459 -11.932 5.587 -0.16099 0.79686 -0.40173 -0.42156 2 72.984 16.988 28.408 -0.78686 -0.22555 0.24908 -0.51762 3 
100.589 -48.428 -18.222 0.46524 0.72259 0.47199 0.19657 1 47.203 -12.204 8.713 -0.18116 0.77244 -0.40398 -0.45532 2 54.068 65.4 5.015 -0.29661 -0.56869 0.06476 -0.76447 3 
100.917 -48.533 -18.246 0.46772 0.72363 0.4698 0.19206 1 49.618 -12.626 11.169 -0.19822 0.75483 -0.39376 -0.48569 2 42.434 77.455 -7.933 -0.0943 -0.61124 -0.01478 -0.78567 3 
101.262 -48.58 -18.221 0.46846 0.72649 0.46738 0.18523 1 51.369 -13.235 12.855 -0.20421 0.75102 -0.38023 -0.49969 2 40.263 80.228 -12.215 -0.03915 -0.61068 -0.03797 -0.79 3 
101.508 -48.56 -18.206 0.46867 0.72912 0.46642 0.17659 1 52.351 -13.656 13.548 -0.20949 0.74686 -0.38438 -0.50057 2 41.09 80.736 -12.959 -0.03408 -0.60548 -0.04155 -0.79404 3 
101.787 -48.477 -18.193 0.46647 0.73268 0.46586 0.16899 1 52.6 -13.775 13.651 -0.20342 0.74708 -0.39321 -0.49585 2 41.99 80.204 -13.711 -0.03801 -0.60705 -0.03392 -0.79303 3 
102.055 -48.386 -18.185 0.4616 0.73647 0.46764 0.16076 1 52.55 -13.791 13.516 -0.19515 0.75236 -0.38701 -0.49608 2 41.475 80.44 -13.382 -0.04052 -0.61217 -0.03613 -0.78886 3 
102.223 -48.246 -18.179 0.45934 0.73829 0.46833 0.15682 1 52.385 -13.761 13.315 -0.19061 0.75753 -0.38223 -0.49368 2 41.131 80.444 -13.168 -0.0446 -0.61746 -0.03511 -0.78456 3 
102.305 -48.118 -18.2 0.4572 0.7397 0.46927 0.15362 1 52.208 -13.798 13.123 -0.1912 0.75933 -0.38331 -0.48983 2 41.123 80.15 -12.325 -0.05034 -0.61897 -0.03631 -0.78296 3 
102.3 -48.035 -18.158 0.4561 0.74028 0.46996 0.15199 1 52.091 -13.873 13.081 -0.19127 0.76065 -0.38218 -0.48863 2 41.964 79.931 -12.16 -0.05382 -0.61948 -0.02898 -0.78263 3 
102.281 -47.993 -18.164 0.4556 0.74047 0.47039 0.15121 1 52.044 -14.025 13.093 -0.19319 0.76208 -0.37592 -0.49051 2 41.1 80.243 -12.697 -0.04502 -0.62106 -0.03459 -0.7817 3 
102.267 -47.991 -18.17 0.45513 0.74061 0.47098 0.1501 1 51.958 -14.056 13.07 -0.19362 0.76062 -0.37747 -0.49141 2 40.933 80.451 -12.592 -0.04359 -0.61989 -0.03417 -0.78274 3 
102.232 -48.024 -18.174 0.45503 0.74067 0.47109 0.14972 1 51.867 -14.096 13.017 -0.19282 0.76199 -0.37512 -0.4914 2 40.873 80.336 -12.728 -0.0443 -0.62022 -0.03335 -0.78247 3 
102.192 -48.011 -18.189 0.455 0.74043 0.47172 0.14902 1 51.797 -14.062 12.94 -0.19232 0.76258 -0.37299 -0.4923 2 40.877 80.226 -12.196 -0.04718 -0.62059 -0.03593 -0.78189 3 
102.146 -48.03 -18.202 0.45558 0.73952 0.47275 0.14853 1 51.731 -13.973 12.838 -0.18937 0.7626 -0.37451 -0.49226 2 40.853 80.22 -12.016 -0.04973 -0.62134 -0.0341 -0.78122 3 
102.115 -48.045 -18.225 0.45557 0.73943 0.47325 0.14744 1 51.693 -13.942 12.701 -0.18981 0.76426 -0.36982 -0.49306 2 40.56 80.35 -11.852 -0.04935 -0.62349 -0.03616 -0.77943 3 
102.101 -48.048 -18.216 0.45608 0.73895 0.47353 0.14734 1 51.626 -13.908 12.574 -0.18771 0.7655 -0.36977 -0.49198 2 40.559 80.185 -11.578 -0.05449 -0.62441 -0.03445 -0.77843 3 
102.133 -48.071 -18.221 0.45585 0.73896 0.47385 0.14698 1 51.591 -13.849 12.472 -0.18627 0.7642 -0.37308 -0.49204 2 40.869 79.838 -11.531 -0.05833 -0.62502 -0.0331 -0.77772 3 
102.155 -48.088 -18.193 0.45565 0.73994 0.47215 0.14813 1 51.577 -13.805 12.452 -0.1859 0.7625 -0.37822 -0.4909 2 41.901 79.363 -11.074 -0.06945 -0.62241 -0.02758 -0.77912 3 
102.144 -48.127 -18.161 0.45628 0.74038 0.47039 0.14963 1 51.572 -13.787 12.435 -0.18692 0.76218 -0.37696 -0.49198 2 41.124 79.687 -11.307 -0.06024 -0.6235 -0.03278 -0.77881 3 
102.137 -48.083 -18.175 0.4559 0.74069 0.47113 0.1469 1 51.593 -13.694 12.327 -0.18452 0.7624 -0.37577 -0.49345 2 41.394 79.513 -11.537 -0.06566 -0.62422 -0.02862 -0.77796 3 
102.131 -48.122 -18.174 0.45634 0.74059 0.47102 0.14635 1 51.566 -13.568 12.242 -0.18157 0.76302 -0.37721 -0.49248 2 41.179 79.444 -11.05 -0.06981 -0.62531 -0.03121 -0.77662 3 
102.136 -48.111 -18.21 0.45683 0.73984 0.47207 0.14526 1 51.583 -13.607 12.156 -0.18219 0.76483 -0.37334 -0.4924 2 41.321 79.361 -11.024 -0.07212 -0.62654 -0.02965 -0.77548 3 
102.163 -48.137 -18.211 0.45753 0.73944 0.47206 0.14508 1 51.585 -13.682 12.047 -0.18163 0.76504 -0.37382 -0.49191 2 41.375 79.424 -11.453 -0.06858 -0.6298 -0.02777 -0.77322 3 
102.231 -48.191 -18.222 0.45617 0.74013 0.47273 0.14369 1 51.571 -13.742 11.995 -0.1817 0.7651 -0.37439 -0.49137 2 41.357 79.422 -10.768 -0.07433 -0.62834 -0.03012 -0.77379 3 
102.25 -48.216 -18.231 0.45566 0.7406 0.4727 0.14295 1 51.529 -13.814 11.926 -0.18165 0.76546 -0.37405 -0.49108 2 41.561 79.252 -10.854 -0.07372 -0.62926 -0.02895 -0.77314 3 
102.186 -48.233 -18.243 0.4565 0.74006 0.47288 0.14253 1 51.458 -13.924 11.842 -0.18365 0.76664 -0.37286 -0.4894 2 41.23 79.412 -10.792 -0.07101 -0.63072 -0.03069 -0.77214 3 
102.198 -48.211 -18.244 0.45543 0.74019 0.4737 0.14251 1 51.331 -13.967 11.761 -0.1832 0.76626 -0.3739 -0.48937 2 42.511 78.798 -10.317 -0.08268 -0.62803 -0.02208 -0.77347 3 
102.217 -48.151 -18.254 0.45398 0.74031 0.47514 0.14174 1 51.136 -13.947 11.668 -0.18221 0.76679 -0.37444 -0.4885 2 41.65 78.836 -10.795 -0.07386 -0.63101 -0.02576 -0.77182 3 
102.182 -48.112 -18.258 0.45344 0.74012 0.4758 0.14223 1 50.918 -13.893 11.529 -0.18142 0.76753 -0.37484 -0.48732 2 41.465 78.955 -9.696 -0.07976 -0.63 -0.0262 -0.77205 3 
102.093 -48.102 -18.246 0.45396 0.73948 0.47575 0.14408 1 50.672 -13.788 11.401 -0.17914 0.76752 -0.37816 -0.48561 2 42.465 78.046 -9.08 -0.09367 -0.62763 -0.01965 -0.77261 3 
102.002 -48.091 -18.23 0.45393 0.73893 0.47619 0.14548 1 50.478 -13.71 11.314 -0.17814 0.76808 -0.37857 -0.48478 2 42.632 77.858 -8.168 -0.10169 -0.62584 -0.01899 -0.77306 3 
101.95 -48.043 -18.239 0.45341 0.739 0.47645 0.14594 1 50.327 -13.68 11.257 -0.17833 0.76822 -0.37823 -0.48475 2 41.862 78.093 -8.779 -0.09152 -0.62871 -0.02027 -0.77197 3 
101.934 -48.027 -18.247 0.45309 0.73889 0.47677 0.14645 1 50.16 -13.708 11.175 -0.17843 0.76843 -0.37918 -0.48363 2 42.924 77.365 -8.493 -0.1023 -0.62572 -0.01303 -0.7732 3 
101.983 -48.032 -18.263 0.45237 0.73833 0.47792 0.14772 1 49.82 -13.763 10.863 -0.17885 0.77046 -0.37666 -0.48222 2 41.606 77.878 -8.342 -0.09129 -0.63067 -0.01869 -0.77043 3 
102.064 -48.068 -18.258 0.45311 0.73816 0.47579 0.15308 1 48.801 -13.627 9.8 -0.17173 0.77638 -0.37855 -0.47376 2 43.919 75.306 -6.107 -0.13527 -0.62913 0.00422 -0.76543 3 
102.058 -48.11 -18.29 0.45062 0.73791 0.47704 0.15768 1 47.141 -13.234 7.882 -0.15478 0.7858 -0.3866 -0.45728 2 53.269 65.137 5.632 -0.33588 -0.57512 0.06476 -0.74312 3 
101.889 -48.097 -18.305 0.44828 0.73794 0.47823 0.16056 1 45.288 -12.628 5.455 -0.13658 0.79502 -0.40174 -0.43348 2 70.615 31.948 22.045 -0.71429 -0.31803 0.21508 -0.58514 3 
101.59 -48.089 -18.279 0.44718 0.73721 0.47873 0.16545 1 43.55 -12.085 2.939 -0.11768 0.80963 -0.41145 -0.40169 2 71.371 4.046 26.282 -0.87698 -0.1256 0.26427 -0.38116 3 
101.387 -48.029 -18.25 0.44486 0.73717 0.47922 0.17039 1 42.061 -11.673 0.679 -0.09889 0.82586 -0.41413 -0.36968 2 67.859 -6.101 23.359 -0.9249 -0.06918 0.2642 -0.26453 3 
101.256 -47.932 -18.255 0.4418 0.73706 0.48042 0.17537 1 40.936 -11.278 -1.458 -0.07901 0.8362 -0.42403 -0.33872 2 64.534 -10.375 18.897 -0.94545 -0.05366 0.25672 -0.19323 3 
101.09 -47.858 -18.252 0.43815 0.73665 0.48193 0.18196 1 40.254 -11.024 -2.984 -0.05735 0.84318 -0.43139 -0.3157 2 61.797 -11.746 15.815 -0.9575 -0.05177 0.23823 -0.15412 3 
100.913 -47.701 -18.229 0.43428 0.73587 0.48373 0.18947 1 39.983 -10.892 -3.494 -0.06458 0.84347 -0.42993 -0.31552 2 61.764 -12.026 14.841 -0.95651 -0.053 0.24602 -0.14747 3 
100.562 -47.476 -18.219 0.43533 0.7315 0.48692 0.19574 1 39.718 -10.921 -3.634 -0.06516 0.84419 -0.42509 -0.31999 2 61.725 -12.228 14.795 -0.95526 -0.0523 0.25082 -0.14778 3 
100.383 -47.383 -18.234 0.43498 0.72972 0.48733 0.20201 1 39.66 -10.877 -3.766 -0.07208 0.84092 -0.42597 -0.3259 2 62.155 -11.923 14.565 -0.95189 -0.05553 0.25814 -0.15552 3 
100.306 -47.338 -18.239 0.43586 0.72865 0.48801 0.20234 1 39.645 -10.854 -3.795 -0.07472 0.84088 -0.42618 -0.32513 2 62.156 -12.003 14.532 -0.95175 -0.05538 0.25929 -0.15451 3 
100.287 -47.313 -18.184 0.4388 0.72882 0.48598 0.20024 1 39.837 -10.884 -3.814 -0.07429 0.84571 -0.42815 -0.30975 2 62.476 -11.616 14.512 -0.95053 -0.05958 0.25979 -0.15953 3 
100.361 -47.403 -18.166 0.44288 0.72972 0.48321 0.1946 1 40.536 -10.55 -3.929 -0.06543 0.86683 -0.43294 -0.2385 2 62.683 -11.684 14.422 -0.95 -0.05938 0.26155 -0.15992 3 
100.669 -47.545 -18.194 0.44728 0.73003 0.48238 0.18523 1 43.84 -9.364 -4.032 -0.08073 0.86448 -0.45015 -0.20861 2 62.743 -11.712 14.412 -0.94972 -0.05816 0.26308 -0.15946 3 
101.096 -47.766 -18.175 0.45417 0.72941 0.4801 0.17663 1 50.179 -7.391 -3.519 -0.1571 0.82344 -0.50522 -0.20497 2 62.763 -11.624 14.392 -0.94951 -0.05931 0.2628 -0.16078 3 
101.702 -48.025 -18.181 0.46299 0.72933 0.47503 0.16754 1 58.73 -2.63 -2.201 -0.19784 0.77315 -0.52861 -0.28925 2 62.83 -11.602 14.36 -0.9495 -0.05887 0.26297 -0.1607 3 
102.605 -48.351 -18.18 0.46816 0.73159 0.46907 0.15991 1 67.38 2.952 -1.892 -0.18981 0.82902 -0.42218 -0.31379 2 62.827 -11.615 14.33 -0.94941 -0.05857 0.26338 -0.16069 3 
103.207 -48.486 -18.153 0.47898 0.7302 0.46189 0.15504 1 76.284 5.974 -3.666 -0.17643 0.93172 -0.24695 -0.19944 2 62.825 -11.614 14.354 -0.9496 -0.05882 0.2628 -0.16041 3 
103.694 -48.445 -18.008 0.49566 0.7251 0.45181 0.15628 1 86.369 6.12 -7.079 -0.20418 0.97478 -0.08989 -0.00538 2 62.824 -11.65 14.351 -0.94956 -0.05832 0.2633 -0.16004 3 
104.048 -48.405 -17.868 0.51136 0.72213 0.43728 0.16067 1 96.714 3.705 -10.226 -0.25688 0.94801 -0.09561 0.16169 2 62.827 -11.696 14.351 -0.94962 -0.05737 0.26383 -0.15912 3 
104.415 -48.145 -17.65 0.52243 0.72009 0.42688 0.16223 1 105.104 -1.758 -12.006 -0.35401 0.89383 -0.14571 0.23346 2 62.822 -11.596 14.385 -0.94975 -0.05918 0.26222 -0.16035 3 
104.779 -47.899 -17.529 0.52946 0.71949 0.41953 0.16124 1 109.006 -6.393 -12.593 -0.42178 0.85926 -0.20237 0.20693 2 62.821 -11.635 14.367 -0.94974 -0.05896 0.26249 -0.16003 3 
105.08 -47.719 -17.456 0.53762 0.7165 0.41493 0.15942 1 110.228 -8.929 -13.392 -0.4482 0.82974 -0.27099 0.1929 2 62.807 -11.681 14.423 -0.9499 -0.05832 0.26253 -0.15929 3 
105.237 -47.741 -17.431 0.5403 0.71568 0.41387 0.15682 1 110.17 -9.075 -13.726 -0.46808 0.81045 -0.29874 0.1866 2 62.823 -11.588 14.374 -0.9496 -0.05939 0.2625 -0.1607 3 
105.252 -47.846 -17.416 0.54644 0.71262 0.41114 0.15666 1 110.156 -9.217 -13.867 -0.47683 0.79971 -0.3136 0.18642 2 62.82 -11.507 14.405 -0.94953 -0.06035 0.26198 -0.1616 3 
105.415 -48.145 -17.449 0.54527 0.71345 0.41056 0.15846 1 109.973 -9.439 -13.905 -0.47919 0.79857 -0.31484 0.18311 2 62.813 -11.803 14.383 -0.9501 -0.05667 0.26314 -0.15768 3 
105.45 -48.471 -17.458 0.54534 0.71248 0.41099 0.16142 1 110.04 -9.739 -13.861 -0.47691 0.79915 -0.31725 0.18239 2 62.824 -11.564 14.369 -0.94955 -0.05973 0.26234 -0.16113 3 
105.486 -48.959 -17.524 0.54888 0.70913 0.40929 0.16836 1 110.22 -10.182 -13.823 -0.47602 0.79917 -0.31677 0.18546 2 62.813 -11.645 14.406 -0.94985 -0.05847 0.26257 -0.15944 3 
105.577 -49.433 -17.726 0.55064 0.70375 0.41327 0.17534 1 110.634 -10.628 -13.822 -0.47251 0.7994 -0.31878 0.18994 2 62.811 -11.657 14.406 -0.94984 -0.05854 0.26251 -0.1596 3 
105.7 -49.738 -17.97 0.55233 0.69461 0.41807 0.19407 1 111.49 -10.941 -13.915 -0.46774 0.79982 -0.31616 0.20385 2 62.816 -11.742 14.39 -0.94989 -0.05701 0.2634 -0.15838 3 
106.236 -49.504 -18.385 0.55808 0.67867 0.42683 0.21396 1 112.804 -10.636 -13.797 -0.45543 0.80882 -0.29711 0.22389 2 62.815 -11.589 14.411 -0.94977 -0.05937 0.26217 -0.16026 3 
106.647 -48.691 -18.413 0.5604 0.67489 0.43133 0.21078 1 113.366 -9.804 -13.276 -0.44971 0.82183 -0.27885 0.2112 2 62.827 -11.649 14.356 -0.94959 -0.05838 0.26311 -0.16014 3 
106.593 -46.804 -18.448 0.55803 0.67346 0.44286 0.19729 1 113.876 -8.269 -12.857 -0.44031 0.83486 -0.26371 0.19899 2 62.798 -11.74 14.437 -0.95008 -0.05764 0.26258 -0.15838 3 
106.324 -44.447 -18.39 0.56857 0.6668 0.43407 0.20899 1 114.719 -5.821 -12.558 -0.4322 0.84633 -0.24298 0.19464 2 62.795 -11.637 14.441 -0.94989 -0.05895 0.26208 -0.15983 3 
105.979 -41.406 -18.207 0.59465 0.65871 0.39173 0.24298 1 115.533 -1.559 -12.404 -0.41142 0.86389 -0.22292 0.18639 2 62.817 -11.67 14.392 -0.94991 -0.05862 0.26233 -0.15943 3 
105.479 -36.559 -18.578 0.59 0.66605 0.35295 0.28931 1 116.503 6.238 -12.634 -0.32254 0.90711 -0.21585 0.16286 2 62.809 -11.612 14.416 -0.9498 -0.05896 0.26236 -0.15991 3 
104.62 -29.752 -19.496 0.48634 0.72236 0.3834 0.30769 1 117.604 15.533 -13.09 -0.19109 0.93676 -0.27506 0.10147 2 62.819 -11.575 14.399 -0.94961 -0.05936 0.26236 -0.16087 3 
102.646 -20.67 -17.978 0.49453 0.74646 0.37144 0.24549 1 117.325 23.253 -13.224 -0.06814 0.93241 -0.35197 0.04564 2 62.835 -11.708 14.327 -0.94958 -0.0578 0.26359 -0.15963 3 
99.46 -12.055 -15.465 0.64511 0.72102 0.17631 0.18132 1 115.39 28.713 -13.041 0.07319 0.87932 -0.46765 0.05247 2 62.83 -11.661 14.345 -0.94967 -0.05818 0.26323 -0.15955 3 
96.166 -4.924 -14.143 0.67697 0.7094 0.07959 0.17926 1 112.042 32.335 -13.135 0.12665 0.82092 -0.54362 0.12055 2 62.842 -11.569 14.315 -0.94932 -0.05966 0.26303 -0.16138 3 
92.69 1.16 -13.486 0.68962 0.70254 -0.05362 0.16729 1 109.38 33.97 -13.32 0.16924 0.80996 -0.53884 0.15803 2 62.824 -11.677 14.364 -0.94971 -0.05811 0.26313 -0.15946 3 
87.243 8.967 -13.465 0.56194 0.79588 -0.04183 0.22148 1 107.521 35.476 -13.388 0.2138 0.8027 -0.53222 0.1634 2 62.82 -11.707 14.375 -0.94977 -0.05777 0.2631 -0.15929 3 
84.519 15.413 -13.639 0.54266 0.81058 -0.01888 0.21937 1 106.149 36.587 -13.554 0.23828 0.77646 -0.54424 0.21009 2 62.833 -11.654 14.338 -0.9495 -0.05852 0.26328 -0.16031 3 
83.3 19.72 -14.434 0.52241 0.79839 -0.024 0.29847 1 105.382 37.356 -13.716 0.24655 0.77484 -0.53971 0.21804 2 62.825 -11.654 14.365 -0.94959 -0.05826 0.26323 -0.16001 3 
83.244 21.923 -15.097 0.51843 0.78527 -0.0333 0.33685 1 104.573 38.195 -13.839 0.2466 0.78084 -0.53357 0.21161 2 62.815 -11.611 14.404 -0.94978 -0.05889 0.26247 -0.15988 3 
83.336 23.358 -15.552 0.51315 0.78399 -0.04874 0.34592 1 103.608 38.659 -14.131 0.24199 0.78532 -0.52822 0.21375 2 62.826 -11.649 14.362 -0.94974 -0.05886 0.2626 -0.15992 3 
83.371 24.416 -16.029 0.49859 0.78583 -0.07714 0.35768 1 102.673 39.116 -14.203 0.2342 0.7868 -0.52538 0.22378 2 62.826 -11.686 14.36 -0.94971 -0.05802 0.26318 -0.15942 3 
83.069 24.898 -16.277 0.48193 0.78413 -0.08103 0.38252 1 101.967 39.421 -14.642 0.2319 0.78764 -0.52309 0.22854 2 62.834 -11.721 14.329 -0.94967 -0.05747 0.26354 -0.15931 3 
82.779 25.123 -16.332 0.46758 0.78547 -0.08264 0.39695 1 101.173 39.735 -15.047 0.23441 0.78803 -0.52078 0.22987 2 62.827 -11.62 14.366 -0.94958 -0.05859 0.2631 -0.16015 3 
82.772 25.203 -16.392 0.46364 0.78396 -0.08397 0.40421 1 100.22 39.715 -15.437 0.23332 0.79296 -0.50895 0.2403 2 62.832 -11.487 14.358 -0.94941 -0.06032 0.26234 -0.16173 3 
82.796 25.129 -16.508 0.46192 0.78316 -0.08245 0.40804 1 99.24 39.833 -15.921 0.23048 0.79816 -0.49639 0.25183 2 62.808 -11.701 14.405 -0.94987 -0.05805 0.2627 -0.15927 3 
82.805 25.131 -16.518 0.46113 0.78305 -0.08073 0.40947 1 98.494 39.802 -16.142 0.23362 0.80421 -0.48927 0.24349 2 62.836 -11.742 14.307 -0.94942 -0.05692 0.26457 -0.15924 3 
