117.405 -47.931 -18.801 0.54941 0.72397 0.40306 0.1075 1 122.172 -5.242 -15.362 -0.4874 0.79424 -0.3433 0.11737 2 65.899 67.755 -34.628 0.49369 0.78529 0.04343 0.37109 3 
117.461 -47.9 -18.783 0.54814 0.72472 0.40355 0.10708 1 122.092 -5.225 -15.357 -0.48876 0.79301 -0.34375 0.11873 2 65.964 67.564 -34.763 0.49441 0.78473 0.04244 0.37142 3 
117.507 -47.939 -18.798 0.54807 0.72481 0.40352 0.10699 1 122.093 -5.213 -15.339 -0.48965 0.7921 -0.34384 0.12078 2 65.578 67.939 -34.599 0.49195 0.78623 0.04441 0.3713 3 
117.641 -47.895 -18.8 0.54749 0.72475 0.40441 0.10698 1 122.18 -5.219 -15.346 -0.48944 0.79199 -0.34412 0.12156 2 65.878 67.665 -34.909 0.49326 0.78562 0.04129 0.37119 3 
117.794 -47.923 -18.826 0.5469 0.7249 0.40503 0.10665 1 122.28 -5.198 -15.34 -0.4897 0.79152 -0.34397 0.124 2 65.751 67.589 -35.033 0.49332 0.78614 0.04178 0.36997 3 
117.903 -48.101 -18.82 0.54568 0.72765 0.40124 0.10847 1 122.437 -5.201 -15.303 -0.48971 0.79139 -0.34349 0.12607 2 66.298 67.459 -34.512 0.49653 0.78363 0.04287 0.37087 3 
118.072 -48.824 -18.79 0.53331 0.74609 0.38236 0.11286 1 122.645 -5.204 -15.319 -0.48724 0.79253 -0.34407 0.12692 2 65.733 67.867 -34.323 0.49289 0.78606 0.04524 0.37029 3 
119.405 -50.243 -19.497 0.45239 0.79888 0.38193 0.10612 1 122.748 -5.192 -15.261 -0.48749 0.79238 -0.34269 0.13055 2 65.642 67.811 -34.753 0.49268 0.7865 0.04379 0.36981 3 
121.792 -50.729 -21.6 0.26381 0.86694 0.41775 0.06565 1 122.774 -5.315 -15.303 -0.48942 0.79058 -0.34359 0.13193 2 66.175 67.693 -34.135 0.4959 0.7836 0.04512 0.37152 3 
123.545 -49.068 -23.832 0.03009 0.86574 0.49788 -0.04137 1 122.788 -5.426 -15.329 -0.4918 0.78951 -0.34242 0.1325 2 65.518 67.77 -34.866 0.49238 0.78645 0.04293 0.37043 3 
121.451 -48.937 -23.886 -0.08532 0.81394 0.55321 -0.15551 1 122.853 -5.549 -15.276 -0.49327 0.78902 -0.34079 0.13414 2 65.893 67.843 -34.314 0.49389 0.78512 0.04521 0.37096 3 
116.82 -50.052 -22.091 -0.07893 0.7837 0.56951 -0.23505 1 122.992 -5.675 -15.261 -0.49343 0.79009 -0.33789 0.13458 2 66.127 67.769 -34.029 0.49527 0.78407 0.04649 0.37117 3 
112.343 -50.425 -20.515 -0.04091 0.77713 0.57204 -0.25914 1 123.123 -5.823 -15.299 -0.49356 0.79078 -0.33724 0.13169 2 65.968 67.725 -34.258 0.49471 0.78474 0.04584 0.3706 3 
109.187 -49.895 -19.514 -0.02306 0.77888 0.56484 -0.2716 1 123.361 -6.026 -15.307 -0.49243 0.79208 -0.33718 0.12816 2 66.169 67.643 -34.527 0.49547 0.78426 0.0428 0.37096 3 
107.696 -49.217 -19.153 -0.04106 0.7647 0.56862 -0.30037 1 123.783 -6.214 -15.326 -0.48745 0.79533 -0.33781 0.12538 2 66.056 67.768 -34.244 0.49508 0.78483 0.04576 0.36993 3 
107.453 -49.027 -19.07 -0.08179 0.74983 0.56291 -0.33792 1 124.305 -6.376 -15.325 -0.47965 0.79998 -0.33901 0.12266 2 66.136 67.471 -34.458 0.50165 0.78404 0.04398 0.36291 3 
107.186 -49.21 -19.131 -0.07799 0.74428 0.55596 -0.36176 1 124.733 -6.451 -15.29 -0.47346 0.80355 -0.33965 0.12158 2 66.003 67.607 -34.184 0.50743 0.78427 0.04638 0.35394 3 
106.702 -49.25 -19.018 -0.06194 0.76107 0.52985 -0.36904 1 124.926 -6.484 -15.277 -0.47157 0.80459 -0.3393 0.123 2 66.023 67.875 -33.936 0.50801 0.78518 0.04863 0.3508 3 
106.455 -49.091 -18.944 -0.05973 0.77234 0.51295 -0.36987 1 124.995 -6.53 -15.261 -0.47168 0.80446 -0.33907 0.12406 2 66.304 67.555 -34.054 0.51483 0.78299 0.04659 0.346 3 
106.489 -49.08 -18.897 -0.05626 0.77452 0.50858 -0.37188 1 125.032 -6.524 -15.249 -0.47125 0.80472 -0.33926 0.12352 2 65.695 67.785 -34.219 0.5143 0.78562 0.04764 0.34064 3 
106.503 -49.243 -18.868 -0.048 0.77553 0.5098 -0.36926 1 125.081 -6.559 -15.265 -0.47082 0.80482 -0.33992 0.12266 2 65.351 68.028 -34.394 0.51411 0.78753 0.04848 0.33637 3 
106.51 -49.255 -18.481 -0.04637 0.77685 0.51245 -0.36297 1 125.213 -6.571 -15.267 -0.46963 0.80457 -0.34229 0.12227 2 65.823 67.679 -34.285 0.5234 0.7841 0.04647 0.33027 3 
106.815 -49.512 -17.318 -0.03541 0.76543 0.52312 -0.3731 1 125.354 -6.609 -15.365 -0.46817 0.80441 -0.34576 0.11913 2 65.436 68.002 -33.83 0.52414 0.78484 0.05111 0.32662 3 
106.969 -50.212 -15.608 -0.02123 0.7518 0.53315 -0.38742 1 125.412 -6.621 -15.377 -0.47018 0.80301 -0.34704 0.11693 2 65.262 68.754 -33.809 0.51347 0.78633 0.05214 0.33958 3 
107.057 -50.688 -13.364 0.00156 0.75098 0.52188 -0.40455 1 125.45 -6.572 -15.421 -0.47228 0.80147 -0.34855 0.11447 2 64.781 69.399 -33.252 0.50136 0.78711 0.05565 0.35495 3 
107.231 -51.067 -11.379 0.01796 0.74842 0.50619 -0.42815 1 125.435 -6.497 -15.457 -0.4758 0.79886 -0.3507 0.11153 2 64.351 69.894 -33.099 0.48637 0.78838 0.0582 0.37216 3 
107.39 -51.583 -10.02 0.02705 0.7376 0.50362 -0.44898 1 125.444 -6.404 -15.54 -0.47872 0.79744 -0.35098 0.10829 2 64.378 70.298 -32.836 0.46731 0.786 0.05967 0.40034 3 
107.534 -51.896 -9.124 0.03788 0.72572 0.50796 -0.46246 1 125.513 -6.272 -15.546 -0.47977 0.79668 -0.35182 0.10655 2 63.164 70.996 -33.115 0.44446 0.78806 0.06092 0.42154 3 
107.651 -51.762 -8.309 0.04809 0.72165 0.50904 -0.46668 1 125.597 -6.181 -15.573 -0.4799 0.79628 -0.3527 0.10598 2 63.648 71.032 -32.519 0.44054 0.78382 0.06216 0.43323 3 
107.535 -51.7 -7.672 0.05912 0.72021 0.51231 -0.46406 1 125.676 -6.069 -15.585 -0.47961 0.79614 -0.35352 0.10566 2 63.133 71.203 -32.717 0.43907 0.78478 0.06178 0.43304 3 
107.474 -51.601 -7.306 0.06879 0.71642 0.51391 -0.46681 1 125.753 -5.979 -15.612 -0.47869 0.79614 -0.35491 0.10516 2 62.476 71.824 -32.374 0.43627 0.78738 0.06649 0.43044 3 
107.414 -51.482 -6.975 0.0746 0.71486 0.51226 -0.47012 1 125.825 -5.86 -15.623 -0.47763 0.79648 -0.35578 0.1044 2 63.589 70.957 -32.391 0.44037 0.78278 0.06124 0.43541 3 
107.503 -51.428 -6.728 0.07954 0.71317 0.50989 -0.47441 1 125.872 -5.804 -15.652 -0.4765 0.79702 -0.35665 0.10251 2 62.667 71.645 -32.328 0.43413 0.78527 0.06487 0.43667 3 
107.541 -51.512 -6.63 0.07988 0.71141 0.51151 -0.47526 1 125.919 -5.783 -15.64 -0.47512 0.7978 -0.35714 0.10111 2 62.719 71.868 -32.305 0.43292 0.78456 0.06597 0.43897 3 
107.596 -51.507 -6.629 0.07797 0.71303 0.5112 -0.47349 1 125.94 -5.791 -15.68 -0.47484 0.79802 -0.35735 0.09997 2 63.059 71.53 -32.135 0.43497 0.78271 0.06516 0.44036 3 
107.652 -51.563 -6.679 0.07766 0.71241 0.51057 -0.47514 1 125.912 -5.772 -15.66 -0.4753 0.79769 -0.35734 0.10044 2 62.726 71.942 -31.579 0.43356 0.78376 0.07006 0.43913 3 
107.671 -51.594 -6.714 0.07691 0.71228 0.50936 -0.47675 1 125.871 -5.785 -15.665 -0.47597 0.79739 -0.35714 0.1004 2 62.698 71.841 -32.173 0.43175 0.78405 0.06672 0.44092 3 
107.657 -51.596 -6.793 0.07583 0.713 0.50976 -0.47542 1 125.852 -5.769 -15.674 -0.47623 0.79756 -0.35643 0.10028 2 62.678 71.621 -32.385 0.43133 0.78465 0.06507 0.44051 3 
107.656 -51.65 -6.869 0.07659 0.71259 0.51206 -0.47345 1 125.882 -5.819 -15.65 -0.47478 0.79856 -0.3562 0.10002 2 62.711 71.924 -32.187 0.43274 0.78463 0.06693 0.43887 3 
107.653 -51.735 -6.921 0.07703 0.71087 0.51391 -0.47394 1 125.924 -5.87 -15.65 -0.47436 0.799 -0.35585 0.09971 2 62.656 71.96 -32.399 0.43255 0.78575 0.06584 0.43722 3 
107.676 -51.768 -6.998 0.07804 0.71099 0.51299 -0.4746 1 125.982 -5.858 -15.654 -0.47438 0.79925 -0.35538 0.09938 2 62.169 72.222 -32.068 0.43096 0.78671 0.06924 0.43654 3 
107.743 -51.832 -7.045 0.07782 0.70975 0.51447 -0.47489 1 126.011 -5.93 -15.675 -0.47388 0.79978 -0.35514 0.09828 2 62.853 71.379 -32.755 0.43511 0.78415 0.06225 0.43807 3 
107.783 -51.901 -7.056 0.07885 0.70955 0.51422 -0.47528 1 126.051 -5.983 -15.649 -0.47405 0.79968 -0.3551 0.09843 2 62.353 72.188 -32.473 0.43081 0.78674 0.0663 0.4371 3 
107.848 -51.879 -7.062 0.07856 0.709 0.51485 -0.47547 1 126.085 -6.011 -15.658 -0.47497 0.79905 -0.3552 0.09875 2 62.651 71.473 -32.617 0.43352 0.78452 0.06393 0.43875 3 
107.905 -51.922 -7.128 0.07861 0.70821 0.51617 -0.47522 1 126.15 -6.035 -15.673 -0.47474 0.79919 -0.35539 0.09804 2 62.639 71.73 -32.538 0.43294 0.78515 0.06496 0.43804 3 
107.96 -51.907 -7.153 0.07868 0.70876 0.51558 -0.47503 1 126.214 -6.069 -15.667 -0.47383 0.79987 -0.35527 0.09729 2 62.447 71.943 -32.39 0.43316 0.78606 0.06616 0.436 3 
107.94 -51.954 -7.176 0.07908 0.7079 0.5167 -0.47502 1 126.266 -6.054 -15.653 -0.47355 0.80012 -0.35514 0.09715 2 62.007 72.09 -32.96 0.4302 0.78853 0.06512 0.43464 3 
107.995 -51.954 -7.212 0.07991 0.70651 0.51774 -0.47582 1 126.3 -6.042 -15.669 -0.47303 0.80059 -0.35486 0.09684 2 62.651 72.001 -32.201 0.43455 0.78495 0.06735 0.43644 3 
108.049 -51.963 -7.19 0.08052 0.70568 0.51854 -0.47607 1 126.341 -6.026 -15.656 -0.47301 0.80076 -0.35448 0.09684 2 62.682 71.706 -32.093 0.43639 0.78376 0.06697 0.43679 3 
108.08 -51.94 -7.207 0.08047 0.70618 0.51796 -0.47598 1 126.386 -5.998 -15.656 -0.47289 0.80078 -0.35458 0.09698 2 61.893 72.194 -32.401 0.43233 0.78719 0.0678 0.43454 3 
108.126 -51.901 -7.267 0.07912 0.70642 0.51846 -0.47531 1 126.417 -5.95 -15.654 -0.47264 0.80071 -0.35496 0.09739 2 62.359 72.283 -31.992 0.43386 0.78626 0.06994 0.43436 3 
108.158 -51.907 -7.302 0.07838 0.70648 0.51912 -0.47462 1 126.445 -5.964 -15.671 -0.47231 0.801 -0.35472 0.09747 2 62.204 71.879 -32.888 0.43394 0.7881 0.065 0.43171 3 
108.21 -51.874 -7.321 0.07825 0.70616 0.5188 -0.47546 1 126.454 -5.947 -15.661 -0.47235 0.80105 -0.35451 0.09764 2 62.683 71.969 -32.239 0.43686 0.78573 0.06713 0.43275 3 
108.239 -51.891 -7.365 0.07785 0.70592 0.5193 -0.47534 1 126.476 -5.905 -15.642 -0.47248 0.801 -0.3542 0.09848 2 62.474 71.98 -32.544 0.4358 0.78657 0.06654 0.43238 3 
108.259 -51.979 -7.439 0.07642 0.70545 0.52004 -0.47546 1 126.494 -5.917 -15.614 -0.47188 0.80124 -0.35439 0.0987 2 62.764 71.724 -32.688 0.43689 0.78574 0.06464 0.43308 3 
108.205 -51.991 -7.611 0.07453 0.70612 0.51912 -0.47576 1 126.496 -5.94 -15.613 -0.47201 0.8014 -0.35383 0.09886 2 62.216 71.912 -32.67 0.43416 0.78732 0.0656 0.43282 3 
107.911 -51.96 -8.352 0.07322 0.70677 0.52088 -0.47309 1 126.505 -5.995 -15.629 -0.47227 0.80179 -0.35246 0.09932 2 62.913 71.548 -32.592 0.43809 0.78534 0.06415 0.43267 3 
107.383 -51.802 -9.921 0.07167 0.71133 0.52388 -0.46306 1 126.604 -6.055 -15.628 -0.47041 0.80335 -0.35125 0.09981 2 62.691 71.187 -33.067 0.44193 0.78622 0.06069 0.42764 3 
106.799 -51.384 -11.723 0.06295 0.72452 0.52364 -0.44375 1 126.776 -6.194 -15.573 -0.46818 0.80508 -0.34973 0.10169 2 62.819 71.013 -33.439 0.4518 0.78995 0.05837 0.41043 3 
106.526 -50.916 -13.549 0.05441 0.73762 0.51794 -0.42976 1 126.974 -6.328 -15.505 -0.46638 0.80682 -0.3474 0.10413 2 63.842 69.896 -33.358 0.47538 0.78579 0.05522 0.39179 3 
106.491 -50.83 -15.157 0.03806 0.74366 0.51958 -0.41899 1 127.179 -6.509 -15.501 -0.46322 0.80908 -0.34625 0.10455 2 64.147 69.636 -33.363 0.48788 0.78753 0.05529 0.37243 3 
106.511 -50.848 -16.584 0.02037 0.7507 0.52015 -0.40678 1 127.427 -6.72 -15.427 -0.46034 0.81139 -0.34465 0.10463 2 64.735 69.01 -33.864 0.50015 0.78607 0.05152 0.35957 3 
106.527 -50.745 -17.611 0.01193 0.76097 0.51424 -0.39541 1 127.54 -6.875 -15.464 -0.45875 0.81327 -0.34257 0.10389 2 64.811 68.681 -34.118 0.50988 0.78681 0.05077 0.34406 3 
106.541 -50.718 -18.326 0.00515 0.76622 0.51351 -0.38623 1 127.632 -7.066 -15.404 -0.45608 0.81518 -0.34129 0.10486 2 64.99 68.791 -33.426 0.52036 0.78583 0.05543 0.32958 3 
106.507 -50.578 -18.764 0.00026 0.76707 0.51797 -0.37856 1 127.637 -7.198 -15.434 -0.45565 0.81566 -0.34024 0.10645 2 65.032 67.931 -34.77 0.52942 0.78539 0.04689 0.31729 3 
106.543 -50.297 -18.931 4e-05 0.76766 0.5171 -0.37855 1 127.648 -7.271 -15.368 -0.45533 0.81554 -0.3402 0.10877 2 65.004 68.005 -34.163 0.53395 0.78523 0.05149 0.30929 3 
106.586 -50.252 -18.944 -0.00309 0.76594 0.51888 -0.37959 1 127.629 -7.3 -15.378 -0.45462 0.81596 -0.34022 0.10851 2 64.786 68.593 -34.182 0.53311 0.78686 0.05269 0.30638 3 
106.717 -50.368 -19.101 -0.0163 0.76107 0.52546 -0.37999 1 127.534 -7.353 -15.395 -0.45476 0.81628 -0.33955 0.10762 2 64.947 68.267 -34.301 0.53119 0.78687 0.05087 0.30997 3 
106.661 -50.434 -19.103 -0.02334 0.76129 0.52873 -0.37462 1 127.363 -7.271 -15.365 -0.45749 0.81494 -0.33805 0.11093 2 65.375 68.066 -34.086 0.5345 0.7842 0.05074 0.31106 3 
107.481 -50.531 -19.361 -0.04027 0.7697 0.5396 -0.33877 1 127.111 -7.214 -15.337 -0.46383 0.81106 -0.33666 0.11707 2 65.756 67.904 -33.984 0.53666 0.78356 0.05124 0.30887 3 
112.006 -51.257 -20.692 -0.06942 0.78839 0.54769 -0.2714 1 127.116 -7.156 -15.35 -0.46563 0.80997 -0.3346 0.12317 2 65.276 68.383 -33.503 0.53347 0.78495 0.05536 0.31015 3 
118.591 -52.087 -22.206 -0.02187 0.84355 0.52193 -0.12467 1 127.431 -7.219 -15.333 -0.45398 0.81392 -0.34119 0.12258 2 64.993 68.404 -33.929 0.53124 0.78667 0.0532 0.31001 3 
122.205 -53.673 -21.492 0.18606 0.86115 0.47056 0.04865 1 127.206 -7.325 -15.281 -0.4568 0.81167 -0.34184 0.12518 2 66.023 67.848 -33.754 0.53637 0.78192 0.05122 0.31352 3 
123.525 -53.791 -20.205 0.37985 0.79912 0.44374 0.14221 1 126.699 -7.558 -15.381 -0.46727 0.80478 -0.34259 0.12892 2 65.39 68.282 -33.978 0.53281 0.78548 0.05177 0.31057 3 
124.222 -51.726 -20.334 0.4341 0.74579 0.47552 0.17095 1 126.438 -7.754 -15.418 -0.47875 0.79765 -0.34161 0.13361 2 64.953 68.383 -34.313 0.53023 0.78719 0.05115 0.31076 3 
124.644 -50.544 -20.952 0.42659 0.73415 0.50343 0.16001 1 126.64 -8.039 -15.452 -0.47828 0.79792 -0.34274 0.13077 2 65.298 67.702 -34.622 0.53316 0.78517 0.04764 0.31142 3 
124.631 -50.838 -20.951 0.43273 0.73296 0.50006 0.15953 1 127.186 -8.377 -15.589 -0.47196 0.80157 -0.34555 0.12384 2 65.678 68.049 -34.195 0.53375 0.78407 0.04929 0.31292 3 
123.98 -51.611 -20.674 0.44684 0.73283 0.48346 0.17194 1 127.572 -8.709 -15.677 -0.4643 0.80441 -0.35105 0.11882 2 65.299 68.167 -34.28 0.53203 0.78602 0.05062 0.31074 3 
123.508 -52.123 -20.454 0.45369 0.73351 0.47138 0.18422 1 127.681 -8.927 -15.755 -0.46285 0.80384 -0.35597 0.11356 2 65.362 68.039 -34.284 0.53325 0.78503 0.04967 0.31131 3 
122.839 -52.86 -20.211 0.46392 0.73528 0.45461 0.1936 1 128.08 -9.049 -15.921 -0.45817 0.80403 -0.36063 0.11645 2 65.011 68.435 -34.455 0.53068 0.78704 0.04992 0.31056 3 
120.427 -53.938 -19.991 0.45942 0.76637 0.42002 0.15875 1 128.741 -8.393 -15.812 -0.44491 0.8237 -0.32779 0.12699 2 64.96 68.168 -34.682 0.53073 0.78704 0.04864 0.31071 3 
116.773 -51.816 -20.112 0.39336 0.79982 0.44683 0.07681 1 128.985 -5.687 -16.065 -0.34428 0.88088 -0.30527 0.11103 2 65.391 67.807 -34.788 0.53327 0.78495 0.04636 0.31196 3 
111.981 -44.554 -16.336 0.45438 0.78338 0.42283 -0.03277 1 127.939 -2.074 -15.426 -0.15672 0.93578 -0.31581 0.0044 2 65.205 68.413 -33.743 0.53123 0.78578 0.0543 0.31209 3 
107.97 -34.591 -13.119 0.48041 0.74745 0.45366 -0.06869 1 125.002 2.722 -14.496 0.07067 0.93544 -0.32928 -0.10741 2 65.113 68.29 -34.078 0.53172 0.78543 0.05195 0.31253 3 
103.27 -23.847 -11.626 0.50975 0.75013 0.4144 -0.07569 1 121.474 9.429 -13.652 0.2015 0.89793 -0.3407 -0.19247 2 65.182 68.404 -34.221 0.53061 0.78671 0.05159 0.31125 3 
97.428 -11.34 -11.238 0.51576 0.79014 0.32707 -0.05191 1 116.201 18.202 -12.914 0.25005 0.88845 -0.36274 -0.12863 2 65.568 68.076 -34.006 0.53376 0.78406 0.05202 0.31249 3 
90.517 1.712 -11.702 0.52761 0.83129 0.17371 0.02027 1 111.384 25.58 -12.65 0.2725 0.89669 -0.34145 -0.07138 2 64.982 68.248 -34.636 0.53031 0.78725 0.04865 0.31088 3 
85.104 12.364 -13.061 0.5335 0.82316 0.07574 0.17902 1 107.241 30.873 -12.083 0.27436 0.90091 -0.33447 0.03485 2 65.08 68.355 -34.391 0.53107 0.78666 0.05068 0.31073 3 
82.667 17.708 -13.492 0.50422 0.80896 0.07879 0.29177 1 104.493 34.549 -12.437 0.25649 0.87908 -0.38506 0.11475 2 64.888 68.703 -33.665 0.52992 0.78712 0.05546 0.31074 3 
81.424 20.078 -13.827 0.47962 0.7998 0.09444 0.34838 1 102.073 36.631 -13.2 0.25165 0.87291 -0.37519 0.18422 2 65.392 68.078 -34.388 0.5329 0.78541 0.04895 0.31105 3 
80.989 21.256 -14.531 0.47297 0.7869 0.09644 0.38443 1 99.761 37.692 -13.994 0.23274 0.87091 -0.38611 0.19563 2 65.213 68.55 -34.198 0.53069 0.78707 0.05164 0.31019 3 
80.951 22.431 -14.882 0.47302 0.7864 0.0763 0.38988 1 98.507 38.314 -14.46 0.23568 0.87042 -0.38397 0.19845 2 65.065 68.593 -33.62 0.53095 0.78627 0.05503 0.31119 3 
81.104 23.439 -15.278 0.47665 0.77694 0.06657 0.40588 1 97.831 38.954 -14.468 0.23266 0.86915 -0.38841 0.19899 2 65.297 68.6 -34.259 0.53062 0.78673 0.05073 0.31133 3 
81.435 24.315 -15.687 0.47763 0.77695 0.04235 0.40795 1 97.527 39.18 -14.847 0.23738 0.86913 -0.38023 0.20905 2 65.716 68.196 -34.404 0.53352 0.7841 0.04941 0.31321 3 
81.694 24.918 -15.811 0.48328 0.77502 0.02906 0.40612 1 97.425 39.233 -14.979 0.24501 0.86963 -0.36627 0.22261 2 65.219 68.258 -34.272 0.53195 0.78564 0.04958 0.31201 3 
81.924 25.268 -16.168 0.48225 0.77238 0.01146 0.4132 1 97.247 39.553 -15.117 0.24882 0.87052 -0.3528 0.23626 2 65.214 68.144 -34.431 0.53148 0.78631 0.05001 0.31103 3 
82.16 25.257 -16.435 0.46992 0.77297 0.01106 0.4261 1 96.881 39.772 -15.507 0.25453 0.87306 -0.33789 0.2425 2 65.253 68.511 -33.682 0.53168 0.78558 0.05481 0.31173 3 
82.291 25.147 -16.736 0.45431 0.7739 0.01674 0.4409 1 96.646 39.538 -15.812 0.26051 0.87554 -0.3221 0.24862 2 65.405 68.25 -34.133 0.53245 0.78544 0.05095 0.31144 3 
82.263 24.899 -16.841 0.44597 0.77347 0.02715 0.44958 1 96.062 39.755 -16.008 0.25511 0.88151 -0.30966 0.24892 2 64.711 68.331 -34.661 0.53075 0.78704 0.04947 0.31052 3 
