108.533 -47.059 -16.984 0.5993 0.70782 0.33767 0.16065 1 115.563 -6.713 -14.658 -0.45626 0.8162 -0.3344 0.11757 2 73.451 -35.209 4.055 -0.87591 -0.15905 0.43531 -0.1341 3 
108.559 -47.197 -16.999 0.59843 0.70894 0.33822 0.15776 1 115.6 -6.868 -14.663 -0.45665 0.81625 -0.33383 0.11729 2 73.415 -35.35 4.039 -0.87538 -0.15632 0.43803 -0.13192 3 
108.534 -47.378 -17.059 0.59926 0.70833 0.33793 0.15801 1 115.567 -7.029 -14.665 -0.4565 0.81668 -0.33329 0.11642 2 73.419 -35.295 3.987 -0.87593 -0.15799 0.4359 -0.13336 3 
108.478 -47.476 -17.076 0.59971 0.70786 0.33798 0.15828 1 115.539 -7.154 -14.661 -0.45579 0.81703 -0.33354 0.116 2 73.402 -35.363 4.016 -0.87595 -0.1571 0.43654 -0.13217 3 
108.438 -47.528 -17.102 0.59986 0.70745 0.33934 0.15666 1 115.558 -7.23 -14.648 -0.4548 0.81731 -0.33419 0.11607 2 73.376 -35.496 3.863 -0.87552 -0.15522 0.43851 -0.1307 3 
108.42 -47.625 -17.126 0.59994 0.70757 0.3394 0.15562 1 115.524 -7.302 -14.662 -0.45498 0.81732 -0.33402 0.11582 2 73.447 -35.277 3.82 -0.87516 -0.15795 0.43735 -0.13368 3 
108.296 -48.062 -16.968 0.59755 0.71591 0.32421 0.15907 1 115.475 -7.338 -14.668 -0.45611 0.8161 -0.33516 0.11663 2 73.4 -35.395 3.924 -0.87589 -0.15705 0.43681 -0.13174 3 
108.425 -49.922 -16.431 0.56964 0.75502 0.29327 0.13947 1 115.545 -7.385 -14.652 -0.44768 0.81758 -0.34098 0.12196 2 73.413 -35.344 3.942 -0.87572 -0.15719 0.43686 -0.13251 3 
108.438 -52.98 -15.957 0.47387 0.82855 0.28744 0.07957 1 115.229 -7.307 -14.623 -0.4519 0.81404 -0.34108 0.1296 2 73.421 -35.32 3.999 -0.87537 -0.15769 0.43734 -0.13261 3 
107.351 -55.306 -14.635 0.35289 0.89186 0.28045 -0.03736 1 114.626 -7.258 -14.57 -0.46339 0.80727 -0.33884 0.13699 2 73.388 -35.378 4.116 -0.87634 -0.15719 0.43571 -0.13219 3 
105.378 -56.238 -12.664 0.21335 0.88041 0.3661 -0.2129 1 113.949 -7.322 -14.607 -0.47602 0.79939 -0.33861 0.14042 2 73.376 -35.432 3.964 -0.8763 -0.15684 0.43603 -0.13182 3 
101.816 -56.437 -8.412 0.2114 0.81396 0.39382 -0.37105 1 113.347 -7.487 -14.662 -0.48597 0.7933 -0.33837 0.1415 2 73.502 -35.107 3.901 -0.87403 -0.15902 0.43865 -0.13554 3 
97.266 -55.136 -4.285 0.24967 0.76957 0.37637 -0.45141 1 113.029 -7.651 -14.709 -0.48986 0.78953 -0.3432 0.13748 2 73.33 -35.572 4.011 -0.87694 -0.15384 0.4368 -0.12849 3 
91.316 -52.589 -1.3 0.25967 0.76267 0.36677 -0.46518 1 113.162 -7.89 -14.789 -0.483 0.79184 -0.3497 0.13194 2 73.399 -35.348 4.049 -0.8765 -0.15798 0.43501 -0.13247 3 
84 -50.368 0.548 0.23852 0.75347 0.42367 -0.4426 1 113.625 -8.164 -14.855 -0.467 0.79847 -0.35804 0.12714 2 73.426 -35.292 4.005 -0.87542 -0.15719 0.43731 -0.13299 3 
76.489 -48.538 1.798 0.19302 0.74425 0.48956 -0.4113 1 114.242 -8.537 -14.857 -0.44475 0.80608 -0.36923 0.12688 2 73.249 -35.805 4.021 -0.87789 -0.151 0.43682 -0.1253 3 
68.728 -46.59 2.16 0.12636 0.76821 0.4889 -0.39352 1 114.902 -9.052 -14.907 -0.41746 0.81407 -0.38193 0.13095 2 73.397 -35.338 4.094 -0.87594 -0.15739 0.43639 -0.13234 3 
61.071 -44.718 0.799 0.06544 0.79187 0.50685 -0.33431 1 115.556 -9.771 -14.893 -0.3853 0.82263 -0.39433 0.13903 2 73.385 -35.425 3.906 -0.87606 -0.15665 0.43662 -0.13172 3 
54.693 -43.223 -1.564 0.00284 0.80917 0.51899 -0.27548 1 116.175 -10.635 -14.836 -0.34613 0.83033 -0.40923 0.15259 2 73.449 -35.18 4.076 -0.87568 -0.15884 0.43583 -0.13416 3 
49.816 -42.223 -3.919 -0.05494 0.81845 0.5263 -0.22391 1 116.564 -11.56 -14.798 -0.31372 0.83403 -0.42202 0.16694 2 73.45 -35.227 3.903 -0.87505 -0.15786 0.43752 -0.13397 3 
46.439 -41.387 -5.258 -0.08614 0.81009 0.54353 -0.20228 1 116.696 -12.506 -14.8 -0.28495 0.83664 -0.43375 0.17519 2 73.42 -35.304 4.048 -0.87593 -0.157 0.43656 -0.13235 3 
44.161 -40.292 -6.054 -0.08029 0.80639 0.55412 -0.19036 1 116.633 -13.236 -14.738 -0.26661 0.83743 -0.44064 0.18293 2 73.415 -35.273 4.141 -0.87592 -0.15804 0.43601 -0.13298 3 
42.667 -39.403 -7.134 -0.0928 0.7868 0.58433 -0.17575 1 116.529 -13.825 -14.736 -0.25524 0.8375 -0.44401 0.19052 2 73.515 -35.056 3.864 -0.8743 -0.1601 0.43754 -0.13612 3 
41.737 -39.309 -7.892 -0.10491 0.76732 0.6057 -0.1826 1 116.542 -14.332 -14.685 -0.23963 0.83974 -0.44664 0.19473 2 73.23 -35.446 3.996 -0.87719 -0.15722 0.43443 -0.13072 3 
41.225 -39.199 -7.975 -0.10191 0.75259 0.61568 -0.21013 1 116.589 -14.669 -14.599 -0.22847 0.84077 -0.44867 0.19899 2 72.493 -36.441 4.097 -0.88136 -0.15071 0.43207 -0.11747 3 
41.073 -39.038 -7.968 -0.10139 0.74169 0.62473 -0.22208 1 116.554 -14.931 -14.62 -0.22733 0.84082 -0.44902 0.19929 2 72.2 -36.787 4.43 -0.88115 -0.15138 0.43299 -0.11481 3 
41.082 -39.128 -7.825 -0.09584 0.74394 0.62377 -0.21973 1 116.793 -15.124 -14.611 -0.22721 0.84117 -0.44858 0.19897 2 72.53 -36.391 4.305 -0.87937 -0.15431 0.43407 -0.12031 3 
41.171 -39.08 -7.803 -0.09412 0.73858 0.6288 -0.22418 1 117.199 -15.333 -14.627 -0.22392 0.84369 -0.44646 0.19678 2 73.079 -35.817 4.435 -0.87595 -0.15838 0.43716 -0.12855 3 
41.236 -39.077 -7.788 -0.09959 0.73492 0.62875 -0.23376 1 117.874 -15.665 -14.557 -0.21062 0.84856 -0.44513 0.19348 2 73.011 -36.436 4.266 -0.87529 -0.15977 0.43931 -0.12387 3 
41.63 -39.387 -7.747 -0.10612 0.71857 0.64586 -0.23506 1 118.545 -16.011 -14.488 -0.19553 0.85225 -0.44571 0.19177 2 73.303 -38.967 4.389 -0.87634 -0.14017 0.44905 -0.10358 3 
42.228 -40.052 -7.193 -0.10082 0.70508 0.6583 -0.24358 1 118.797 -16.175 -14.492 -0.19619 0.85276 -0.44559 0.18907 2 75.196 -39.729 5.65 -0.8667 -0.12707 0.46618 -0.12396 3 
43.017 -40.994 -5.805 -0.07186 0.71377 0.64288 -0.26846 1 118.777 -16.15 -14.524 -0.2008 0.85316 -0.44496 0.18388 2 80.32 -30.246 7.977 -0.83561 -0.18074 0.46249 -0.23492 3 
44.13 -41.874 -3.905 -0.03017 0.71514 0.63047 -0.30029 1 118.354 -15.988 -14.605 -0.21374 0.85057 -0.44562 0.17961 2 86.804 -8.911 9.691 -0.74277 -0.31759 0.41187 -0.42165 3 
45.237 -42.621 -1.722 -0.00138 0.69641 0.64001 -0.32465 1 117.949 -15.698 -14.57 -0.22922 0.84914 -0.44167 0.17704 2 83.304 35.139 4.578 -0.45334 -0.57256 0.22353 -0.64552 3 
46.261 -43.378 0.345 0.01482 0.67274 0.6548 -0.34414 1 117.793 -15.491 -14.609 -0.2342 0.8508 -0.43892 0.16922 2 62.67 67.944 -4.899 -0.14442 -0.69016 0.02119 -0.70879 3 
47.021 -43.951 1.933 0.02515 0.65745 0.66364 -0.35595 1 117.822 -15.232 -14.638 -0.24051 0.84898 -0.4399 0.16694 2 55.748 74.937 -8.476 -0.06432 -0.68986 -0.03015 -0.72045 3 
47.773 -44.188 3.167 0.03118 0.65315 0.66254 -0.36532 1 117.946 -15.075 -14.648 -0.24254 0.84883 -0.44052 0.16308 2 54.311 76.615 -10.155 -0.0432 -0.68067 -0.03858 -0.7303 3 
48.469 -44.221 4.04 0.03869 0.64514 0.66467 -0.37486 1 118.154 -14.965 -14.667 -0.24168 0.84895 -0.44247 0.15842 2 52.627 78.363 -12.061 -0.0222 -0.67234 -0.04896 -0.73829 3 
49.049 -44.154 4.644 0.04384 0.63603 0.67088 -0.37878 1 118.417 -14.8 -14.704 -0.24267 0.84843 -0.44349 0.15683 2 51.401 79.301 -13.757 -0.00739 -0.66987 -0.05685 -0.74026 3 
49.431 -43.974 4.903 0.04693 0.63922 0.66588 -0.38184 1 118.682 -14.655 -14.711 -0.24189 0.84899 -0.44392 0.15377 2 52.467 78.527 -14.027 -0.02152 -0.66505 -0.04593 -0.74507 3 
49.544 -43.81 4.916 0.04552 0.64146 0.66497 -0.37984 1 118.954 -14.577 -14.685 -0.23804 0.85038 -0.44401 0.15183 2 52.576 78.454 -13.544 -0.02209 -0.66762 -0.04722 -0.74268 3 
49.566 -43.789 4.872 0.04283 0.63605 0.6709 -0.3788 1 119.076 -14.49 -14.71 -0.23762 0.85019 -0.44464 0.15168 2 52.07 79.11 -12.995 -0.01957 -0.66645 -0.05454 -0.74329 3 
49.581 -43.861 4.848 0.04301 0.63921 0.66708 -0.38021 1 119.054 -14.481 -14.704 -0.23825 0.84988 -0.44511 0.15104 2 53.076 78.528 -13.034 -0.02653 -0.66539 -0.04663 -0.74456 3 
49.584 -43.967 4.776 0.0439 0.64105 0.66569 -0.37944 1 118.929 -14.517 -14.756 -0.2399 0.84983 -0.44476 0.14977 2 52.433 78.688 -13.652 -0.02027 -0.66884 -0.05067 -0.7414 3 
49.507 -44.083 4.692 0.04324 0.641 0.66666 -0.37789 1 118.917 -14.571 -14.725 -0.24091 0.84961 -0.44429 0.15081 2 52.3 78.631 -14.404 -0.01564 -0.67232 -0.05034 -0.73838 3 
49.465 -44.158 4.57 0.04457 0.64253 0.66563 -0.37696 1 118.937 -14.666 -14.75 -0.24016 0.85005 -0.44426 0.14959 2 53.085 78.16 -13.56 -0.02833 -0.67016 -0.04664 -0.74021 3 
49.465 -44.184 4.481 0.0451 0.64258 0.6661 -0.376 1 118.95 -14.762 -14.767 -0.24052 0.85001 -0.44421 0.14935 2 53.677 77.802 -13.019 -0.03458 -0.67086 -0.04563 -0.73937 3 
49.454 -44.213 4.455 0.04775 0.64282 0.66563 -0.37607 1 119.014 -14.878 -14.813 -0.24015 0.85043 -0.44389 0.14853 2 53.17 78.319 -12.959 -0.03307 -0.67157 -0.04812 -0.73864 3 
49.463 -44.294 4.451 0.04814 0.64474 0.66252 -0.37824 1 119.074 -14.99 -14.798 -0.23866 0.85185 -0.44241 0.14718 2 52.825 78.448 -13.075 -0.02959 -0.67166 -0.05051 -0.73854 3 
49.349 -44.312 4.357 0.04758 0.64248 0.66548 -0.37695 1 119.095 -15.021 -14.798 -0.23801 0.85231 -0.44207 0.14664 2 52.669 78.546 -13.371 -0.02588 -0.67244 -0.05254 -0.73783 3 
49.215 -44.251 4.167 0.04494 0.64074 0.66887 -0.37423 1 119.041 -15.059 -14.82 -0.23835 0.85177 -0.44279 0.14699 2 52.908 78.373 -13.677 -0.02589 -0.67535 -0.04972 -0.73537 3 
49.089 -44.21 3.982 0.04194 0.64416 0.6674 -0.37131 1 119.087 -14.986 -14.836 -0.2369 0.85196 -0.44323 0.14694 2 53.542 77.943 -12.403 -0.03819 -0.67464 -0.04701 -0.73566 3 
49.032 -44.129 3.908 0.03969 0.64462 0.667 -0.37148 1 119.016 -14.921 -14.821 -0.23597 0.8521 -0.44383 0.14576 2 54.054 77.6 -12.313 -0.04068 -0.67551 -0.04243 -0.735 3 
49.025 -44.034 3.922 0.04244 0.64397 0.66708 -0.37217 1 118.847 -14.7 -14.843 -0.23999 0.85067 -0.44388 0.14741 2 53.246 77.959 -12.161 -0.03678 -0.67514 -0.04852 -0.73517 3 
48.997 -43.903 3.955 0.04345 0.64706 0.66275 -0.37442 1 118.731 -14.513 -14.851 -0.24045 0.85025 -0.44451 0.14725 2 54.047 77.252 -12.272 -0.04338 -0.67452 -0.04104 -0.73584 3 
48.869 -43.708 3.912 0.04255 0.64674 0.66352 -0.3737 1 118.668 -14.264 -14.825 -0.23972 0.85045 -0.44463 0.14687 2 54.03 77.28 -11.718 -0.04508 -0.67332 -0.03993 -0.73689 3 
48.716 -43.444 3.867 0.0423 0.64685 0.66437 -0.37204 1 118.591 -14.088 -14.813 -0.23911 0.85031 -0.44506 0.14737 2 52.879 77.91 -12.1 -0.0333 -0.67719 -0.04574 -0.73363 3 
48.583 -43.246 3.859 0.04341 0.65072 0.66023 -0.37252 1 118.505 -13.923 -14.825 -0.23868 0.84933 -0.44701 0.14782 2 53.74 76.983 -11.541 -0.0456 -0.67502 -0.03827 -0.7354 3 
48.495 -43.117 3.865 0.04409 0.65329 0.65797 -0.37195 1 118.42 -13.766 -14.802 -0.23859 0.84889 -0.44787 0.14792 2 53.737 76.722 -11.171 -0.04588 -0.67556 -0.03835 -0.73488 3 
48.402 -43.078 3.855 0.04418 0.65281 0.65847 -0.37189 1 118.331 -13.679 -14.805 -0.23797 0.84918 -0.4479 0.14715 2 54.048 76.581 -10.934 -0.05204 -0.67371 -0.03446 -0.73636 3 
48.318 -43.087 3.811 0.04289 0.65444 0.65746 -0.37096 1 118.225 -13.576 -14.807 -0.23881 0.84886 -0.44795 0.14748 2 54.152 76.527 -10.291 -0.05235 -0.674 -0.03504 -0.73604 3 
48.235 -43.179 3.739 0.04092 0.65522 0.65723 -0.37022 1 118.143 -13.58 -14.783 -0.23879 0.84873 -0.44814 0.14766 2 53.764 76.616 -10.896 -0.04475 -0.67672 -0.03752 -0.73392 3 
48.178 -43.287 3.657 0.03867 0.65465 0.65935 -0.36769 1 118.047 -13.566 -14.79 -0.23999 0.84856 -0.44772 0.14796 2 54.171 76.357 -10.723 -0.04912 -0.67692 -0.03411 -0.73363 3 
48.181 -43.381 3.628 0.03903 0.65525 0.6594 -0.36648 1 117.956 -13.58 -14.767 -0.24179 0.84777 -0.44796 0.14884 2 55.081 75.919 -10.038 -0.06396 -0.67465 -0.02692 -0.73487 3 
48.231 -43.458 3.647 0.04043 0.65679 0.65704 -0.36782 1 117.932 -13.602 -14.788 -0.24243 0.84754 -0.44804 0.14889 2 54.046 76.471 -11.16 -0.04662 -0.67914 -0.03622 -0.73164 3 
48.283 -43.475 3.67 0.04037 0.65679 0.65741 -0.36717 1 117.986 -13.638 -14.796 -0.24147 0.84799 -0.44799 0.14806 2 54.385 76.345 -10.763 -0.05227 -0.67814 -0.03371 -0.7323 3 
48.336 -43.414 3.663 0.04009 0.65538 0.65884 -0.36716 1 118.058 -13.674 -14.8 -0.24097 0.84816 -0.44817 0.1473 2 54.099 76.463 -11.065 -0.04705 -0.67907 -0.03767 -0.7316 3 
48.41 -43.346 3.664 0.04083 0.65611 0.65832 -0.36669 1 118.116 -13.683 -14.799 -0.24087 0.84802 -0.44847 0.14738 2 54.27 76.476 -11.272 -0.04654 -0.68087 -0.03697 -0.72999 3 
48.493 -43.313 3.674 0.04193 0.65614 0.65783 -0.36739 1 118.171 -13.666 -14.816 -0.24141 0.84749 -0.44916 0.14746 2 54.527 76.34 -10.494 -0.05763 -0.67722 -0.03302 -0.73277 3 
48.532 -43.308 3.653 0.04232 0.65723 0.65657 -0.36766 1 118.241 -13.635 -14.829 -0.24127 0.84728 -0.44954 0.1477 2 55.358 75.609 -10.831 -0.06332 -0.67746 -0.02754 -0.73231 3 
48.531 -43.282 3.589 0.04118 0.65769 0.65608 -0.36785 1 118.286 -13.621 -14.841 -0.24083 0.84737 -0.4497 0.14743 2 55.237 75.611 -10.272 -0.06649 -0.67571 -0.02999 -0.73355 3 
48.403 -43.17 3.392 0.04215 0.6581 0.65597 -0.36719 1 118.324 -13.526 -14.84 -0.2408 0.84715 -0.44984 0.14829 2 55.443 75.436 -10.238 -0.06829 -0.67742 -0.02704 -0.73192 3 
47.987 -42.988 2.933 0.04059 0.66271 0.6523 -0.3656 1 118.348 -13.502 -14.816 -0.23926 0.84714 -0.44982 0.15088 2 54.886 75.511 -10.145 -0.06569 -0.68023 -0.02891 -0.72948 3 
47.174 -42.664 2.09 0.03701 0.67049 0.6483 -0.35887 1 118.345 -13.539 -14.819 -0.23706 0.84729 -0.44997 0.15305 2 57.271 72.83 -8.145 -0.09702 -0.67992 -0.01032 -0.72677 3 
45.935 -42.169 0.736 0.03105 0.67803 0.64383 -0.35325 1 118.352 -13.618 -14.765 -0.23513 0.84779 -0.44842 0.15777 2 59.028 70.28 -6.115 -0.13068 -0.6806 0.01083 -0.72083 3 
44.594 -41.568 -0.861 0.01674 0.68465 0.64374 -0.34142 1 118.35 -13.922 -14.772 -0.22692 0.84819 -0.45051 0.16162 2 65.471 62.723 -2.424 -0.21626 -0.66834 0.06969 -0.70831 3 
43.431 -40.967 -2.641 -0.0042 0.69324 0.64674 -0.31801 1 118.379 -14.192 -14.713 -0.21863 0.84825 -0.45185 0.16884 2 83.424 29.632 6.674 -0.57369 -0.47274 0.30712 -0.5942 3 
42.695 -40.529 -4.281 -0.02216 0.70976 0.63614 -0.30178 1 118.338 -14.532 -14.659 -0.21032 0.84874 -0.45299 0.17381 2 84.983 -13.256 11.825 -0.7807 -0.23262 0.44248 -0.37498 3 
42.238 -40.283 -5.659 -0.03226 0.73447 0.61255 -0.29034 1 118.22 -14.825 -14.609 -0.20435 0.84863 -0.45391 0.17899 2 80.843 -23.109 8.235 -0.81985 -0.20129 0.44997 -0.2913 3 
41.895 -40.232 -6.827 -0.04107 0.74488 0.60673 -0.27449 1 118.059 -15.023 -14.607 -0.20395 0.84768 -0.45302 0.18607 2 78.772 -25.773 5.096 -0.8372 -0.20311 0.44269 -0.24873 3 
41.796 -40.302 -7.739 -0.05496 0.746 0.60747 -0.26727 1 118.007 -15.244 -14.537 -0.19751 0.84869 -0.45253 0.18955 2 77.596 -28.642 3.876 -0.84845 -0.19925 0.44163 -0.21306 3 
41.68 -40.606 -8.047 -0.06039 0.74343 0.6115 -0.26407 1 117.861 -15.365 -14.496 -0.19702 0.84864 -0.4511 0.19363 2 77.152 -30.848 3.031 -0.85205 -0.19211 0.44749 -0.19199 3 
41.554 -40.755 -8.013 -0.05678 0.74845 0.60696 -0.26115 1 117.595 -15.325 -14.495 -0.20108 0.84681 -0.45074 0.19825 2 77.103 -30.027 2.682 -0.85031 -0.20033 0.44439 -0.19839 3 
41.581 -40.563 -8.051 -0.06072 0.74456 0.61392 -0.25504 1 117.352 -15.275 -14.499 -0.20426 0.8456 -0.45022 0.20132 2 76.163 -32.533 2.788 -0.86222 -0.17864 0.44308 -0.16834 3 
41.724 -40.206 -8.033 -0.06945 0.74473 0.61199 -0.25693 1 117.204 -15.143 -14.524 -0.21041 0.84362 -0.44979 0.20426 2 75.603 -33.529 3.327 -0.86537 -0.17768 0.44135 -0.15742 3 
41.912 -40.209 -8.103 -0.0694 0.74696 0.61464 -0.24384 1 117.29 -14.968 -14.502 -0.21331 0.84352 -0.44856 0.20437 2 75.92 -32.975 3.081 -0.86283 -0.18324 0.44159 -0.16413 3 
43.622 -40.809 -7.911 -0.04412 0.76591 0.59929 -0.22866 1 117.342 -14.613 -14.454 -0.21988 0.84452 -0.44493 0.20116 2 75.882 -33.219 3.052 -0.86352 -0.18044 0.44272 -0.16053 3 
48.672 -43.632 -6.968 0.033 0.75205 0.59648 -0.27847 1 117.218 -13.84 -14.516 -0.23695 0.84544 -0.43842 0.19202 2 75.89 -33.274 3.143 -0.86309 -0.18045 0.44348 -0.16074 3 
57.721 -47.79 -5.852 0.16041 0.74065 0.5833 -0.29237 1 117.083 -12.809 -14.531 -0.25501 0.84602 -0.43299 0.17816 2 75.917 -33.247 3.084 -0.86307 -0.18082 0.44317 -0.16129 3 
69.886 -50.08 -6.375 0.2945 0.799 0.4667 -0.23889 1 116.831 -11.547 -14.495 -0.28201 0.84269 -0.42469 0.17315 2 75.888 -33.338 2.958 -0.86268 -0.18027 0.44437 -0.16072 3 
82.116 -50.589 -9.034 0.39743 0.84836 0.3424 -0.07135 1 116.418 -10.235 -14.524 -0.31999 0.83548 -0.40977 0.17795 2 75.892 -33.318 2.926 -0.8626 -0.18113 0.44397 -0.16126 3 
93.956 -51.751 -12.174 0.47479 0.8317 0.26239 0.11831 1 115.702 -9.088 -14.517 -0.36261 0.82538 -0.3912 0.185 2 75.873 -33.392 3.021 -0.86311 -0.18012 0.44368 -0.16043 3 
103.915 -52.667 -14.261 0.54976 0.7808 0.20808 0.21171 1 114.969 -8.295 -14.482 -0.40261 0.81312 -0.37502 0.19 2 75.993 -33.049 3.026 -0.86244 -0.1807 0.44416 -0.16206 3 
111.057 -50.119 -15.453 0.55599 0.756 0.28722 0.19197 1 114.701 -7.804 -14.532 -0.42979 0.8031 -0.36488 0.19281 2 75.926 -33.229 3.016 -0.86262 -0.1814 0.4436 -0.16184 3 
114.143 -47.929 -16.947 0.49397 0.76619 0.39017 0.12928 1 114.41 -7.601 -14.736 -0.46297 0.78891 -0.35916 0.18516 2 76.002 -32.937 3.045 -0.86172 -0.18393 0.44315 -0.16497 3 
115.363 -47.892 -17.286 0.49693 0.76506 0.38897 0.12824 1 114.358 -7.379 -14.932 -0.48896 0.77757 -0.35589 0.17217 2 75.876 -33.308 3.093 -0.86319 -0.18123 0.44289 -0.16097 3 
116.153 -47.742 -17.465 0.5011 0.76218 0.39093 0.12307 1 114.465 -7.236 -15.031 -0.50239 0.77476 -0.3474 0.16329 2 75.803 -33.568 3.067 -0.86449 -0.17914 0.44222 -0.15812 3 
115.994 -47.749 -17.339 0.50613 0.762 0.38686 0.11628 1 114.689 -7.141 -15.052 -0.49619 0.77913 -0.35007 0.15556 2 75.914 -33.252 2.997 -0.86163 -0.18096 0.44578 -0.1616 3 
115.381 -47.844 -17.126 0.51136 0.76084 0.38206 0.1169 1 114.735 -7.202 -15.049 -0.48817 0.78268 -0.35736 0.1463 2 75.87 -33.412 2.917 -0.86227 -0.17981 0.4454 -0.16057 3 
114.661 -47.96 -17.035 0.52001 0.75589 0.37948 0.11922 1 114.832 -7.302 -15.09 -0.47989 0.78737 -0.36116 0.13897 2 75.904 -33.269 2.816 -0.86178 -0.18279 0.44422 -0.16306 3 
114.166 -48.135 -16.992 0.53138 0.74919 0.37577 0.12305 1 115.036 -7.44 -15.16 -0.47568 0.79074 -0.36235 0.13102 2 75.937 -33.149 3.154 -0.86306 -0.18191 0.44242 -0.16221 3 
113.924 -48.366 -16.976 0.5372 0.74617 0.37261 0.12575 1 115.216 -7.598 -15.197 -0.47442 0.79197 -0.36282 0.12676 2 75.882 -33.309 3.076 -0.86324 -0.18099 0.44297 -0.16074 3 
113.692 -48.392 -16.916 0.53777 0.74607 0.37191 0.12592 1 115.312 -7.69 -15.156 -0.46878 0.79428 -0.36509 0.12678 2 75.894 -33.342 2.914 -0.86237 -0.18041 0.44497 -0.16052 3 
113.617 -48.51 -16.921 0.5404 0.74328 0.37263 0.129 1 115.463 -7.79 -15.143 -0.46638 0.79506 -0.36646 0.12677 2 75.859 -33.448 2.894 -0.86265 -0.17987 0.44488 -0.15987 3 
113.67 -48.668 -16.936 0.54253 0.74096 0.37303 0.13226 1 115.643 -7.91 -15.127 -0.4651 0.79536 -0.36695 0.12818 2 75.916 -33.253 2.999 -0.86266 -0.18099 0.44386 -0.16138 3 
113.845 -48.894 -17.029 0.54398 0.73857 0.37452 0.13541 1 115.839 -8.036 -15.158 -0.46665 0.7946 -0.36616 0.12952 2 75.878 -33.371 2.926 -0.86276 -0.18039 0.44408 -0.1609 3 
114.034 -49.28 -17.143 0.54628 0.73642 0.37367 0.14012 1 116.142 -8.351 -15.217 -0.46678 0.79542 -0.36453 0.12862 2 75.834 -33.48 3.069 -0.86433 -0.17948 0.44218 -0.15871 3 
113.844 -49.651 -17.144 0.54464 0.73454 0.37574 0.15047 1 116.276 -8.642 -15.152 -0.45954 0.79793 -0.3664 0.13374 2 75.814 -33.595 2.803 -0.86348 -0.17875 0.44444 -0.15789 3 
113.036 -50.095 -17.04 0.54928 0.72993 0.37003 0.16904 1 116.454 -9.046 -15.029 -0.4479 0.80139 -0.37038 0.14137 2 75.866 -33.423 2.981 -0.86344 -0.18003 0.44347 -0.15936 3 
111.508 -50.817 -16.78 0.57402 0.71655 0.34886 0.18802 1 117.641 -9.388 -14.951 -0.42918 0.81085 -0.36888 0.14919 2 75.904 -33.263 3.116 -0.86326 -0.1817 0.44243 -0.16131 3 
108.306 -51.935 -16.784 0.61189 0.71779 0.29304 0.15653 1 119.177 -8.391 -14.814 -0.39271 0.84484 -0.33058 0.15082 2 75.867 -33.394 2.98 -0.86291 -0.18062 0.44397 -0.16016 3 
103.53 -52.096 -18.456 0.5141 0.78284 0.31831 0.14676 1 120.93 -3.681 -15.083 -0.1706 0.92218 -0.33314 0.09742 2 75.79 -33.627 3.096 -0.86488 -0.17739 0.44265 -0.15677 3 
99.591 -45.446 -16.564 0.47733 0.79153 0.37611 0.06459 1 122.011 1.158 -14.46 0.12741 0.91222 -0.38676 -0.04522 2 75.868 -33.367 3.021 -0.86353 -0.18091 0.44251 -0.16056 3 
97.843 -35.793 -12.204 0.54084 0.74779 0.3851 -0.00047 1 122.479 5.298 -13.271 0.25207 0.84167 -0.45165 -0.15514 2 75.908 -33.217 3.109 -0.86279 -0.18233 0.44268 -0.16245 3 
97.311 -25.847 -9.547 0.60986 0.68855 0.39198 0.01782 1 122.339 9.356 -12.544 0.29914 0.81902 -0.46628 -0.14937 2 76.054 -32.822 2.853 -0.86064 -0.18694 0.44301 -0.16762 3 
96.614 -14.547 -8.941 0.64788 0.68975 0.32175 0.03102 1 120.08 14.58 -12.105 0.31545 0.8296 -0.4604 -0.01698 2 75.895 -33.3 2.877 -0.86235 -0.18267 0.44346 -0.16227 3 
94.484 -2.67 -9.979 0.62585 0.72655 0.27898 0.05112 1 116.835 21.026 -12.038 0.28548 0.85051 -0.43937 0.04559 2 75.765 -33.73 2.852 -0.86306 -0.17791 0.44565 -0.15768 3 
90.519 8.336 -11.385 0.56371 0.79026 0.22864 0.07381 1 112.803 27.974 -11.963 0.26659 0.84932 -0.45253 0.05299 2 75.951 -33.168 2.892 -0.86188 -0.18175 0.44467 -0.16248 3 
84.774 16.094 -12.862 0.46106 0.82039 0.26204 0.21383 1 108.468 33.33 -11.835 0.24289 0.84939 -0.4507 0.12809 2 75.921 -33.257 2.906 -0.86266 -0.18109 0.44382 -0.1614 3 
81.807 20.006 -14.297 0.41054 0.80183 0.26281 0.34562 1 105.618 36.663 -12.66 0.22754 0.825 -0.47905 0.19522 2 75.947 -33.167 3.062 -0.86251 -0.18028 0.44444 -0.16139 3 
81.534 21.597 -15.279 0.4129 0.78629 0.22714 0.39958 1 103.81 38.428 -13.217 0.20398 0.79949 -0.50352 0.25628 2 75.719 -33.892 3.003 -0.86388 -0.1757 0.44591 -0.15495 3 
81.642 22.476 -15.813 0.40564 0.79185 0.21424 0.40315 1 102.928 39.359 -13.577 0.22191 0.79883 -0.50469 0.24065 2 75.893 -33.326 3.03 -0.86324 -0.1803 0.44346 -0.16013 3 
81.672 23.008 -16.118 0.39334 0.80454 0.18364 0.4053 1 101.925 39.75 -14.178 0.21118 0.79129 -0.51404 0.25499 2 75.833 -33.491 2.989 -0.86322 -0.17886 0.44449 -0.15905 3 
81.608 23.343 -16.294 0.38391 0.80909 0.17039 0.41103 1 100.822 39.973 -14.526 0.21012 0.79436 -0.50343 0.26723 2 75.913 -33.265 2.934 -0.86196 -0.18218 0.44424 -0.16274 3 
81.629 23.805 -16.357 0.37904 0.81612 0.14966 0.40972 1 99.81 40.106 -14.975 0.21597 0.79828 -0.49068 0.27448 2 75.877 -33.359 2.988 -0.86328 -0.18056 0.44314 -0.16054 3 
81.807 24.047 -16.518 0.37016 0.81673 0.14397 0.41858 1 98.761 39.94 -15.724 0.21578 0.79925 -0.48163 0.28752 2 75.983 -33.072 2.987 -0.86159 -0.18412 0.44357 -0.16432 3 
81.972 23.997 -16.765 0.35405 0.81241 0.15469 0.4367 1 98.036 39.831 -15.985 0.22655 0.80932 -0.45827 0.28924 2 75.911 -33.274 2.915 -0.86217 -0.1816 0.44434 -0.16203 3 
