121.444 -47.654 -19.478 0.51756 0.73217 0.43655 0.07399 1 126.931 -5.736 -16.273 -0.43561 0.78766 -0.43228 0.05447 2 59.335 71.643 -30.595 0.64423 0.7487 0.0626 0.14313 3 
121.432 -47.691 -19.473 0.51663 0.73298 0.43651 0.07271 1 126.8 -5.748 -16.287 -0.43685 0.78715 -0.43207 0.05353 2 59.337 71.374 -30.36 0.64574 0.74742 0.06278 0.14299 3 
121.368 -47.691 -19.483 0.51585 0.73338 0.43694 0.07165 1 126.705 -5.822 -16.302 -0.43589 0.78752 -0.43249 0.05253 2 59.709 71.177 -29.948 0.64851 0.7447 0.06517 0.14358 3 
121.218 -47.722 -19.52 0.51646 0.73285 0.43706 0.07194 1 126.649 -5.862 -16.275 -0.43457 0.78831 -0.43242 0.05225 2 59.325 71.246 -30.745 0.64562 0.74769 0.06041 0.14313 3 
121.058 -47.805 -19.533 0.51829 0.73163 0.4368 0.07279 1 126.633 -5.957 -16.267 -0.43289 0.78951 -0.43203 0.05126 2 59.376 71.438 -30.109 0.64604 0.74719 0.06433 0.14217 3 
120.915 -47.858 -19.531 0.51955 0.73039 0.43744 0.07247 1 126.676 -6.008 -16.251 -0.42994 0.79248 -0.42948 0.05164 2 59.117 71.547 -30.901 0.64404 0.74909 0.05979 0.14319 3 
120.826 -47.91 -19.513 0.52055 0.72912 0.43828 0.07298 1 126.807 -6.004 -16.023 -0.41706 0.80221 -0.42119 0.07149 2 59.425 71.49 -30.23 0.64649 0.74644 0.06386 0.1442 3 
120.786 -47.912 -19.5 0.5214 0.72803 0.43857 0.07598 1 127.125 -5.393 -15.677 -0.39509 0.8219 -0.39923 0.09485 2 58.793 71.875 -30.285 0.64249 0.75054 0.06332 0.14103 3 
120.511 -48.102 -19.468 0.52753 0.72529 0.43457 0.08255 1 127.088 -2.078 -15.3 -0.29715 0.86465 -0.4 0.06391 2 59.443 71.529 -30.552 0.64604 0.74712 0.06163 0.14368 3 
120.373 -48.164 -19.412 0.53151 0.7222 0.43391 0.08746 1 125.963 3.294 -14.82 -0.0918 0.89272 -0.43828 -0.05038 2 59.451 71.522 -30.623 0.64601 0.74723 0.0609 0.14357 3 
120.155 -48.223 -19.39 0.53858 0.71698 0.4329 0.09202 1 122.503 7.378 -14.101 -0.00255 0.88336 -0.44043 -0.16029 2 59.312 71.444 -30.019 0.64565 0.74735 0.06463 0.14296 3 
119.943 -48.195 -19.331 0.54577 0.71246 0.43065 0.09525 1 117.398 8.838 -13.612 0.00651 0.85543 -0.4834 -0.18578 2 59.532 71.357 -30.587 0.64673 0.74657 0.06083 0.14377 3 
120.002 -48.15 -19.327 0.54556 0.71301 0.43003 0.0952 1 112.778 8.332 -13.709 0.006 0.84415 -0.50609 -0.17675 2 59.12 71.417 -30.828 0.64539 0.74777 0.06025 0.14383 3 
120.389 -48.065 -19.365 0.53853 0.71796 0.43162 0.09068 1 109.749 7.558 -13.589 0.02638 0.83666 -0.51872 -0.1739 2 59.564 71.391 -30.065 0.64679 0.74628 0.06406 0.14361 3 
120.836 -47.984 -19.442 0.52861 0.72493 0.43366 0.08361 1 107.553 7.122 -13.261 0.04981 0.84825 -0.49565 -0.17978 2 59.01 71.696 -30.118 0.64366 0.7492 0.06475 0.1422 3 
121.166 -47.89 -19.465 0.52093 0.73051 0.43465 0.07786 1 106.048 7 -13.213 0.05905 0.84235 -0.49717 -0.19943 2 59.379 71.534 -30.245 0.64589 0.74712 0.06401 0.14335 3 
121.372 -47.805 -19.504 0.51556 0.73399 0.43569 0.07501 1 105.361 7.083 -13.342 0.08304 0.8175 -0.51493 -0.24422 2 59.292 71.282 -30.236 0.647 0.74668 0.0627 0.14118 3 
121.432 -47.695 -19.533 0.51228 0.73604 0.43617 0.07461 1 105.221 6.962 -13.458 0.0878 0.80691 -0.50999 -0.2848 2 59.805 70.952 -30.03 0.64868 0.74527 0.06277 0.14088 3 
121.251 -47.602 -19.528 0.51419 0.7346 0.43602 0.07654 1 105.239 6.73 -13.578 0.09102 0.81082 -0.48216 -0.31908 2 60.143 70.903 -29.944 0.65028 0.74317 0.06342 0.14423 3 
120.943 -47.478 -19.445 0.51906 0.73105 0.43566 0.07958 1 105.157 6.387 -13.478 0.10196 0.82099 -0.45342 -0.33165 2 59.698 71.179 -30.084 0.6471 0.74614 0.06259 0.14361 3 
120.613 -47.358 -19.419 0.52387 0.72712 0.43599 0.08228 1 105.199 6.23 -13.371 0.10831 0.8297 -0.43612 -0.33115 2 59.333 71.401 -30.137 0.644 0.74894 0.06291 0.14282 3 
120.361 -47.251 -19.363 0.52957 0.72306 0.43564 0.08341 1 105.191 6.132 -13.313 0.11287 0.83159 -0.4296 -0.33341 2 60.037 70.935 -29.841 0.64865 0.74426 0.06434 0.14557 3 
120.22 -47.26 -19.325 0.53396 0.72014 0.43499 0.08413 1 105.155 6.065 -13.275 0.11656 0.83184 -0.42604 -0.33608 2 59.512 71.207 -30.468 0.64562 0.74734 0.06067 0.14482 3 
120.205 -47.343 -19.333 0.53673 0.71883 0.43382 0.08372 1 105.259 6.025 -13.26 0.11715 0.83203 -0.42409 -0.33786 2 59.432 71.12 -30.553 0.64532 0.74756 0.05991 0.14535 3 
120.33 -47.471 -19.351 0.53513 0.71945 0.43492 0.08297 1 105.202 5.966 -13.163 0.12508 0.83155 -0.42185 -0.33901 2 59.705 71.303 -30.28 0.64711 0.74574 0.06207 0.14583 3 
120.486 -47.561 -19.37 0.53176 0.72097 0.43687 0.08114 1 105.05 6.059 -12.473 0.12193 0.8252 -0.43509 -0.33893 2 59.503 71.296 -29.964 0.6435 0.74771 0.06416 0.1507 3 
120.512 -47.631 -19.414 0.53249 0.72072 0.43713 0.07701 1 104.779 6.086 -11.029 0.10017 0.82159 -0.44146 -0.34651 2 59.931 71.071 -29.866 0.63125 0.75221 0.06232 0.17835 3 
120.519 -47.73 -19.476 0.53328 0.71995 0.4382 0.07255 1 104.719 6.255 -9.258 0.08051 0.8157 -0.43872 -0.36834 2 59.263 72.283 -29.3 0.60779 0.76326 0.06499 0.20929 3 
120.575 -47.734 -19.553 0.53179 0.71951 0.44174 0.06614 1 104.958 6.44 -7.408 0.06276 0.80973 -0.42794 -0.39657 2 59.504 72.405 -29.842 0.59072 0.7656 0.05836 0.24797 3 
120.59 -47.74 -19.631 0.5299 0.71981 0.44448 0.05926 1 105.34 6.801 -5.878 0.05809 0.8009 -0.42397 -0.41886 2 59.168 73.005 -28.961 0.57526 0.76861 0.06539 0.2721 3 
120.543 -47.725 -19.663 0.52819 0.71981 0.44731 0.05291 1 105.802 7.113 -4.748 0.05719 0.79247 -0.42268 -0.43596 2 58.121 73.597 -30.114 0.5549 0.7747 0.06331 0.2965 3 
120.423 -47.707 -19.665 0.52904 0.71871 0.44835 0.05061 1 106.148 7.221 -3.919 0.05589 0.7892 -0.41519 -0.44905 2 58.268 74.367 -29.354 0.54706 0.7742 0.06847 0.31088 3 
120.253 -47.742 -19.686 0.53179 0.71705 0.44788 0.04941 1 106.276 7.294 -3.421 0.05177 0.78819 -0.4092 -0.45675 2 58.458 73.971 -29.86 0.54285 0.7737 0.06444 0.32024 3 
120.151 -47.804 -19.699 0.53266 0.71636 0.44785 0.05032 1 106.305 7.411 -3.237 0.05233 0.78549 -0.41232 -0.45855 2 58.766 74.281 -28.692 0.54303 0.7704 0.07131 0.32637 3 
120.15 -47.844 -19.686 0.53228 0.71639 0.448 0.05254 1 106.283 7.552 -3.251 0.05342 0.78342 -0.41905 -0.45585 2 58.25 74.402 -29.296 0.53617 0.77391 0.06928 0.32982 3 
120.169 -47.914 -19.702 0.53165 0.71703 0.44762 0.05336 1 106.147 7.497 -3.22 0.05413 0.78543 -0.41911 -0.45224 2 58.648 73.963 -29.535 0.5392 0.77176 0.06627 0.33055 3 
120.207 -47.984 -19.686 0.52986 0.71859 0.44715 0.0542 1 106.124 7.498 -3.086 0.05045 0.78544 -0.41895 -0.45278 2 58.55 74.154 -28.848 0.53872 0.77228 0.07053 0.32922 3 
120.264 -47.975 -19.685 0.5289 0.71919 0.44728 0.05447 1 106.168 7.384 -2.844 0.04722 0.78523 -0.41692 -0.45536 2 58.724 74.14 -28.978 0.53724 0.77221 0.06899 0.33211 3 
120.265 -47.963 -19.69 0.52908 0.71892 0.44762 0.0535 1 106.119 7.361 -2.746 0.04221 0.78358 -0.4179 -0.4578 2 58.224 74.242 -29.464 0.53016 0.77589 0.06732 0.33526 3 
120.315 -47.885 -19.715 0.52859 0.71891 0.44844 0.05151 1 105.985 7.312 -2.722 0.04295 0.78532 -0.41739 -0.4552 2 58.283 74.144 -29.158 0.53125 0.77367 0.069 0.33828 3 
120.423 -47.787 -19.74 0.5273 0.71927 0.44952 0.05045 1 105.912 7.232 -2.747 0.04173 0.78685 -0.41709 -0.45295 2 58.823 73.939 -28.9 0.53529 0.77184 0.06789 0.33633 3 
120.539 -47.739 -19.714 0.52668 0.71958 0.44984 0.04965 1 105.893 7.268 -2.779 0.04154 0.78675 -0.41801 -0.45228 2 58.859 74.106 -28.86 0.53506 0.77224 0.06876 0.33561 3 
120.6 -47.722 -19.706 0.52636 0.7201 0.44944 0.04913 1 105.847 7.256 -2.8 0.04149 0.78818 -0.41662 -0.45108 2 58.629 74.02 -28.608 0.53524 0.77283 0.07031 0.33363 3 
120.66 -47.701 -19.754 0.52586 0.72045 0.44944 0.04932 1 105.852 7.331 -2.838 0.04353 0.78819 -0.41661 -0.45088 2 58.494 74.136 -29.027 0.53543 0.77362 0.06823 0.33193 3 
120.697 -47.642 -19.738 0.52536 0.72069 0.44962 0.0494 1 105.815 7.384 -2.842 0.04404 0.78917 -0.41572 -0.44995 2 58.811 74.152 -28.946 0.53895 0.7717 0.06766 0.33082 3 
120.681 -47.576 -19.725 0.52512 0.72069 0.44994 0.04909 1 105.773 7.404 -2.839 0.04397 0.78966 -0.41517 -0.4496 2 59.001 73.943 -28.929 0.54106 0.77076 0.06669 0.32975 3 
120.64 -47.521 -19.731 0.52522 0.7205 0.45009 0.04942 1 105.72 7.451 -2.87 0.04369 0.78889 -0.4165 -0.44975 2 58.583 74.026 -29.021 0.53721 0.77364 0.06815 0.32899 3 
120.608 -47.467 -19.729 0.52539 0.72026 0.45028 0.04941 1 105.63 7.419 -2.89 0.04433 0.79029 -0.4148 -0.44879 2 58.911 74.165 -28.836 0.54029 0.77192 0.06794 0.32803 3 
120.587 -47.463 -19.728 0.5252 0.72032 0.45046 0.04879 1 105.598 7.412 -2.933 0.04527 0.79077 -0.41418 -0.44842 2 59.316 73.708 -28.828 0.54432 0.76963 0.06683 0.32698 3 
120.583 -47.442 -19.732 0.52498 0.72054 0.45041 0.04851 1 105.538 7.431 -2.967 0.04584 0.79128 -0.41549 -0.44625 2 59.168 73.867 -28.222 0.54492 0.76935 0.07085 0.32579 3 
120.593 -47.383 -19.74 0.52435 0.72079 0.45077 0.04824 1 105.455 7.435 -3.005 0.04631 0.79172 -0.41519 -0.44571 2 58.692 73.887 -28.783 0.54265 0.7723 0.06804 0.3232 3 
120.58 -47.352 -19.719 0.52362 0.72115 0.45103 0.04831 1 105.347 7.404 -3.014 0.04598 0.79217 -0.41496 -0.44516 2 59.028 73.594 -29.05 0.54476 0.77139 0.06558 0.32233 3 
120.549 -47.301 -19.735 0.5231 0.72135 0.45132 0.04838 1 105.288 7.443 -2.991 0.0453 0.79155 -0.41644 -0.44495 2 59.163 73.861 -28.431 0.54515 0.77047 0.06949 0.32304 3 
120.495 -47.301 -19.725 0.52307 0.72124 0.45148 0.04869 1 105.194 7.419 -3.002 0.04458 0.79206 -0.41562 -0.44487 2 59.118 73.519 -28.8 0.54569 0.76955 0.06667 0.32492 3 
120.422 -47.267 -19.747 0.52305 0.721 0.45198 0.04795 1 105.044 7.432 -3.044 0.04585 0.79256 -0.41631 -0.4432 2 58.844 73.697 -29.073 0.54419 0.77126 0.06575 0.32357 3 
120.369 -47.247 -19.749 0.52268 0.72086 0.45266 0.04765 1 104.96 7.437 -3.036 0.04628 0.79265 -0.41705 -0.44231 2 58.875 73.453 -29.076 0.54484 0.77145 0.06533 0.3221 3 
120.351 -47.182 -19.75 0.52232 0.72074 0.45332 0.0471 1 104.876 7.314 -3.019 0.04472 0.79464 -0.41457 -0.44123 2 58.926 73.639 -28.581 0.54599 0.77069 0.06738 0.32155 3 
120.316 -47.202 -19.744 0.52185 0.721 0.45347 0.04683 1 104.828 7.306 -3.02 0.04421 0.7936 -0.41639 -0.44143 2 58.957 73.301 -29.101 0.54592 0.77107 0.06413 0.32142 3 
120.307 -47.234 -19.73 0.52178 0.72119 0.45318 0.04751 1 104.761 7.302 -3.05 0.04401 0.79365 -0.4174 -0.4404 2 59.095 73.692 -28.84 0.54554 0.77093 0.06592 0.32204 3 
120.299 -47.248 -19.756 0.5211 0.72164 0.45325 0.04752 1 104.697 7.237 -3.11 0.0438 0.79431 -0.41637 -0.44022 2 58.73 73.761 -28.91 0.54426 0.77213 0.06543 0.32143 3 
120.284 -47.298 -19.761 0.52098 0.72199 0.45288 0.04704 1 104.463 7.205 -3.384 0.04314 0.7967 -0.41667 -0.43566 2 59.658 73.245 -28.093 0.55275 0.76656 0.06828 0.31967 3 
120.271 -47.363 -19.716 0.52101 0.72274 0.45154 0.04799 1 104.042 7.102 -4.067 0.04194 0.8023 -0.41516 -0.42685 2 59.195 73.288 -28.917 0.55364 0.76999 0.06315 0.31082 3 
120.301 -47.415 -19.71 0.52036 0.72404 0.45007 0.04935 1 103.586 6.943 -5.22 0.04666 0.80709 -0.41405 -0.41832 2 60.313 72.226 -28.754 0.57067 0.76298 0.05982 0.29768 3 
120.329 -47.445 -19.699 0.51932 0.72555 0.44864 0.05106 1 103.225 6.714 -6.554 0.057 0.81424 -0.41061 -0.40642 2 59.909 72.174 -28.733 0.58101 0.76457 0.06167 0.27215 3 
120.34 -47.448 -19.671 0.51856 0.72673 0.44739 0.05289 1 102.949 6.433 -8.005 0.07044 0.82233 -0.40796 -0.39036 2 60.151 71.544 -28.684 0.6025 0.75825 0.06083 0.24155 3 
120.291 -47.435 -19.64 0.51884 0.72745 0.44565 0.05493 1 102.827 6.301 -9.394 0.08546 0.82705 -0.40906 -0.37597 2 60.481 70.973 -29.371 0.61904 0.75278 0.05715 0.21644 3 
120.269 -47.4 -19.57 0.51799 0.72968 0.4425 0.05876 1 102.895 6.116 -10.625 0.09354 0.8349 -0.40359 -0.36237 2 60.654 70.545 -29.169 0.63375 0.74759 0.05911 0.18967 3 
120.374 -47.31 -19.558 0.51456 0.73246 0.44133 0.06295 1 103.221 5.972 -11.515 0.10014 0.84268 -0.39467 -0.35229 2 60.332 70.494 -29.727 0.644 0.74605 0.05614 0.15975 3 
120.473 -47.187 -19.495 0.51157 0.73498 0.43999 0.06715 1 103.724 5.777 -12.131 0.10643 0.84652 -0.39055 -0.34575 2 60.488 70.13 -29.802 0.65334 0.74217 0.05675 0.13824 3 
120.444 -47.031 -19.467 0.51144 0.73596 0.438 0.07031 1 104.209 5.676 -12.569 0.11328 0.8436 -0.39713 -0.34321 2 60.318 70.753 -29.248 0.65518 0.74182 0.06302 0.12834 3 
120.342 -46.936 -19.402 0.51336 0.73562 0.4356 0.0747 1 104.674 5.472 -12.969 0.11726 0.83922 -0.40252 -0.34632 2 60.368 70.524 -30.173 0.65657 0.74076 0.05857 0.12949 3 
120.323 -46.791 -19.376 0.51351 0.73597 0.43427 0.07797 1 105.01 5.582 -13.083 0.11864 0.83596 -0.40484 -0.35099 2 59.711 71.079 -30.112 0.65025 0.74569 0.06079 0.13201 3 
120.306 -46.685 -19.346 0.51509 0.73529 0.43321 0.07978 1 105.545 5.924 -13.264 0.12892 0.8262 -0.41419 -0.35947 2 59.813 71.213 -29.965 0.64997 0.74451 0.06323 0.13873 3 
120.32 -46.542 -19.35 0.51366 0.73621 0.43327 0.08016 1 105.855 6.042 -13.328 0.12395 0.82558 -0.41776 -0.35852 2 58.99 71.89 -30.279 0.64082 0.75137 0.06356 0.14404 3 
120.226 -46.478 -19.291 0.51786 0.73362 0.43214 0.08294 1 105.722 6.134 -13.341 0.12296 0.82314 -0.42326 -0.35801 2 59.677 71.231 -30.361 0.64575 0.74666 0.06124 0.14749 3 
120.221 -46.414 -19.289 0.5196 0.7321 0.43248 0.08377 1 105.827 6.284 -13.378 0.11574 0.82515 -0.43472 -0.34169 2 59.535 71.165 -30.426 0.64371 0.74871 0.06166 0.14585 3 
120.335 -46.392 -19.272 0.52137 0.73041 0.43318 0.08379 1 107.191 6.4 -13.731 0.11728 0.83959 -0.43072 -0.30954 2 59.7 71.464 -30.155 0.64459 0.74746 0.06415 0.14727 3 
120.564 -46.431 -19.345 0.52023 0.73039 0.43526 0.08019 1 109.87 6.68 -14.334 0.13197 0.8392 -0.44508 -0.28326 2 59.49 71.453 -30.145 0.6433 0.74874 0.06366 0.14667 3 
120.736 -46.454 -19.365 0.51947 0.73055 0.4363 0.07798 1 112.448 7.124 -14.994 0.1365 0.83266 -0.47693 -0.24613 2 59.833 71.298 -29.92 0.64571 0.74639 0.06475 0.14754 3 
120.721 -46.675 -19.364 0.52452 0.72753 0.43486 0.08049 1 114.814 7.423 -15.56 0.10687 0.82489 -0.5106 -0.21779 2 59.491 71.453 -30.35 0.64329 0.74894 0.06255 0.14614 3 
120.979 -46.862 -19.406 0.52159 0.72928 0.43548 0.08033 1 118.124 8.149 -15.666 0.08316 0.84701 -0.4986 -0.16452 2 59.59 71.633 -30.188 0.64392 0.74818 0.06365 0.14676 3 
121.294 -47.07 -19.462 0.5166 0.73271 0.43647 0.0759 1 121.366 7.805 -15.355 0.02841 0.88434 -0.46351 -0.04794 2 59.216 71.687 -30.169 0.64202 0.74989 0.06397 0.14619 3 
121.459 -47.154 -19.467 0.51314 0.73573 0.43602 0.07266 1 123.38 5.207 -14.459 -0.13017 0.90506 -0.39654 0.08177 2 59.674 71.399 -30.147 0.64481 0.74723 0.0638 0.14767 3 
121.457 -47.201 -19.499 0.51307 0.73611 0.43557 0.07199 1 124.859 2.176 -13.483 -0.31323 0.89089 -0.292 0.15145 2 59.832 71.037 -30.478 0.6462 0.74613 0.06114 0.14825 3 
121.374 -47.26 -19.504 0.51563 0.73421 0.43581 0.07161 1 125.872 -0.618 -13.092 -0.42298 0.85797 -0.22977 0.17935 2 59.83 70.993 -30.675 0.64639 0.74623 0.05934 0.14766 3 
121.336 -47.242 -19.511 0.51656 0.73293 0.43724 0.06939 1 126.024 -3.449 -13.472 -0.46967 0.83039 -0.24259 0.17613 2 59.219 71.569 -30.009 0.64196 0.74991 0.06481 0.14604 3 
121.438 -47.098 -19.607 0.51361 0.73305 0.44093 0.06649 1 125.555 -5.238 -14.352 -0.47837 0.81659 -0.29134 0.1395 2 59.704 70.831 -30.807 0.64653 0.74603 0.05878 0.14828 3 
121.403 -47.096 -19.614 0.51402 0.73246 0.44151 0.06602 1 124.973 -5.32 -14.933 -0.505 0.78641 -0.34092 0.10152 2 59.44 71.216 -30.776 0.64393 0.74834 0.05984 0.14753 3 
121.271 -47.115 -19.594 0.51614 0.73148 0.44049 0.06709 1 124.702 -5.321 -14.956 -0.51524 0.77897 -0.34363 0.0983 2 59.629 71.159 -30.455 0.64445 0.74798 0.06116 0.1465 3 
121.165 -47.068 -19.587 0.51767 0.73018 0.44082 0.06733 1 124.623 -5.298 -15.113 -0.51838 0.77362 -0.35385 0.08708 2 58.918 71.644 -30.329 0.63928 0.75249 0.06401 0.14487 3 
121.166 -46.991 -19.582 0.51638 0.73046 0.44187 0.06737 1 124.636 -5.255 -15.137 -0.51694 0.77403 -0.3551 0.08692 2 59.711 71.364 -30.322 0.64505 0.74713 0.06262 0.14757 3 
121.133 -46.908 -19.563 0.51762 0.72941 0.44194 0.06866 1 124.761 -5.162 -15.107 -0.51494 0.77454 -0.35729 0.08526 2 59.916 71.268 -30.047 0.64648 0.74576 0.06382 0.14776 3 
121.049 -46.914 -19.54 0.52014 0.72775 0.44131 0.07128 1 124.885 -5.145 -15.144 -0.51238 0.77593 -0.35837 0.08345 2 59.765 71.215 -29.875 0.64541 0.74673 0.06451 0.14722 3 
120.983 -46.903 -19.559 0.52167 0.72692 0.44064 0.0727 1 124.978 -5.131 -15.169 -0.5102 0.77703 -0.35951 0.08167 2 59.657 71.142 -30.606 0.64505 0.74752 0.06065 0.14647 3 
120.936 -46.904 -19.525 0.52249 0.72627 0.44062 0.07348 1 125.008 -5.124 -15.163 -0.50903 0.77741 -0.36054 0.08082 2 59.841 71.275 -30.062 0.64652 0.74597 0.0635 0.14666 3 
120.915 -46.942 -19.491 0.52263 0.72528 0.44173 0.07545 1 125.138 -5.147 -15.161 -0.50724 0.77785 -0.36202 0.08123 2 59.699 70.965 -30.858 0.64566 0.74691 0.05875 0.14763 3 
120.852 -47.143 -19.509 0.52696 0.72192 0.44114 0.08081 1 125.58 -5.293 -15.163 -0.50133 0.78154 -0.36121 0.08593 2 59.611 71.358 -30.215 0.64408 0.74817 0.06296 0.14644 3 
120.575 -47.758 -19.369 0.53702 0.71792 0.43023 0.10538 1 126.447 -5.238 -14.836 -0.48682 0.79875 -0.33641 0.10874 2 59.72 71.262 -30.256 0.64588 0.74639 0.06252 0.1478 3 
119.619 -49.123 -18.843 0.55303 0.72009 0.38127 0.17394 1 127.51 -3.573 -14.343 -0.41601 0.84843 -0.30671 0.11413 2 60.001 71.066 -29.873 0.64747 0.74494 0.06487 0.14709 3 
117.623 -50.531 -19.29 0.53752 0.73699 0.34419 0.22237 1 128.699 -0.03 -14.344 -0.22703 0.91587 -0.3189 0.08917 2 59.444 71.101 -30.699 0.64429 0.74827 0.06012 0.14618 3 
114.722 -47.943 -20.969 0.40311 0.79007 0.37839 0.26477 1 129.189 4.344 -14.84 0.05111 0.91722 -0.39504 0.00636 2 60.005 71.238 -29.938 0.64677 0.74562 0.064 0.14714 3 
110.856 -41.666 -20.088 0.44665 0.78185 0.34929 0.25926 1 127.896 9.157 -14.983 0.23783 0.85376 -0.46131 -0.04165 2 59.489 71.541 -29.947 0.64393 0.74821 0.06523 0.14589 3 
108.344 -35.432 -18.739 0.59507 0.69671 0.26288 0.3023 1 125.865 13.885 -14.696 0.2914 0.80292 -0.51848 -0.03986 2 59.673 71.136 -30.592 0.64573 0.7468 0.06019 0.14733 3 
105.914 -30.362 -18.575 0.60696 0.70383 0.20335 0.30801 1 123.244 18.965 -14.357 0.28563 0.7877 -0.54489 -0.03218 2 59.573 71.273 -30.535 0.64447 0.74793 0.06116 0.1467 3 
104.171 -25.68 -18.9 0.56725 0.72435 0.12973 0.36976 1 120.292 24.479 -14.451 0.26594 0.75668 -0.59597 -0.03914 2 59.709 71.204 -30.586 0.64508 0.74731 0.06036 0.14751 3 
102.857 -19.043 -19.955 0.41363 0.75758 0.24908 0.43925 1 117.083 29.295 -14.139 0.25413 0.74787 -0.61324 -0.0064 2 59.567 71.354 -30.213 0.64435 0.74802 0.06274 0.14608 3 
103.457 -10.035 -19.835 0.35149 0.76097 0.32199 0.44012 1 114.168 32.634 -13.818 0.25221 0.74515 -0.61649 0.03289 2 59.577 71.513 -29.866 0.64419 0.74797 0.06531 0.14594 3 
105.066 0.945 -18.06 0.39536 0.72576 0.34374 0.44588 1 110.523 34.748 -13.707 0.2374 0.75927 -0.59832 0.09571 2 59.628 71.452 -30.068 0.64456 0.74778 0.06392 0.14587 3 
101.509 10.085 -15.371 0.39692 0.80064 0.3299 0.30431 1 107.229 36.095 -13.463 0.23405 0.77486 -0.57501 0.11902 2 58.775 71.523 -30.531 0.64036 0.75169 0.06166 0.14527 3 
94.853 15.96 -13.815 0.31926 0.89551 0.25548 0.1757 1 104.484 36.924 -13.977 0.23533 0.78386 -0.55719 0.14042 2 59.465 71.391 -30.338 0.64366 0.74871 0.06156 0.14609 3 
89.129 19.435 -14.226 0.28482 0.90861 0.1779 0.24829 1 102.852 37.228 -14.575 0.24965 0.79422 -0.53418 0.14677 2 60.11 70.973 -30.173 0.6479 0.74472 0.06321 0.14705 3 
86.857 21.63 -14.945 0.30555 0.8927 0.15764 0.29134 1 102.237 37.603 -14.798 0.26491 0.80118 -0.51726 0.14275 2 59.843 71.092 -30.696 0.64673 0.74599 0.05999 0.14708 3 
85.69 22.566 -15.499 0.29656 0.87994 0.16752 0.33121 1 102.081 37.875 -14.891 0.2706 0.80164 -0.51265 0.14608 2 59.424 71.235 -30.288 0.64389 0.74862 0.06281 0.14504 3 
85.02 23.135 -16.247 0.29309 0.86022 0.18322 0.3749 1 101.993 38.441 -14.657 0.27558 0.80129 -0.50861 0.15266 2 59.384 71.425 -30.246 0.64341 0.74889 0.06313 0.14557 3 
84.514 23.572 -16.482 0.28534 0.85519 0.19416 0.38669 1 101.595 38.614 -14.997 0.2748 0.79836 -0.51451 0.1496 2 59.266 71.251 -30.731 0.64269 0.7496 0.05984 0.14653 3 
84.184 23.999 -16.512 0.27528 0.85358 0.18585 0.40135 1 100.803 38.959 -15.278 0.27019 0.80005 -0.51335 0.15295 2 59.803 71.157 -30.336 0.64614 0.74613 0.06198 0.14813 3 
84.057 24.583 -16.717 0.27006 0.8522 0.17738 0.41153 1 99.85 38.978 -15.611 0.27009 0.8041 -0.50686 0.15353 2 59.747 71.227 -30.062 0.6455 0.74682 0.06389 0.14664 3 
83.963 25.136 -16.845 0.26453 0.85497 0.16755 0.41348 1 99.114 39.205 -15.904 0.28258 0.81527 -0.4803 0.15748 2 59.476 71.59 -30.214 0.64366 0.74878 0.06321 0.145 3 
