115.577 -48.849 -18.857 0.58903 0.6815 0.39431 0.18198 1 123.61 -5.961 -15.629 -0.41327 0.83608 -0.34659 0.10029 2 72.668 53.6 -26.324 0.66828 0.70352 -0.01915 0.24103 3 
115.632 -48.873 -18.863 0.58756 0.68298 0.39509 0.17947 1 123.436 -5.925 -15.631 -0.41572 0.83507 -0.34628 0.09957 2 72.566 54.082 -26.017 0.66609 0.70546 -0.01691 0.24158 3 
115.64 -48.84 -18.873 0.58698 0.68387 0.39496 0.17826 1 123.36 -5.875 -15.671 -0.41692 0.83449 -0.34665 0.09817 2 72.657 53.856 -25.846 0.66775 0.70399 -0.01607 0.24134 3 
115.609 -48.829 -18.836 0.58734 0.68394 0.39425 0.17838 1 123.351 -5.853 -15.693 -0.41685 0.83458 -0.34695 0.09665 2 72.782 53.729 -25.804 0.66847 0.70347 -0.01595 0.24089 3 
115.607 -48.804 -18.866 0.58772 0.68374 0.39402 0.1784 1 123.386 -5.803 -15.709 -0.41622 0.83492 -0.34717 0.0956 2 72.76 53.666 -25.965 0.66875 0.70309 -0.01733 0.24112 3 
115.556 -48.814 -18.799 0.59065 0.68347 0.38859 0.18165 1 123.456 -5.743 -15.715 -0.41552 0.83509 -0.34731 0.09667 2 72.61 53.998 -25.846 0.66649 0.70521 -0.01539 0.24134 3 
114.903 -49.657 -18.347 0.59956 0.68662 0.35558 0.20653 1 123.585 -5.684 -15.657 -0.41258 0.83609 -0.34733 0.10051 2 72.818 53.74 -25.945 0.6684 0.70325 -0.01766 0.24162 3 
112.906 -52.11 -18.762 0.54438 0.7387 0.32952 0.22223 1 123.651 -5.493 -15.632 -0.40957 0.83708 -0.34777 0.103 2 72.656 53.687 -26.24 0.66777 0.70401 -0.01871 0.24104 3 
108.605 -53.962 -19.662 0.38783 0.83026 0.35717 0.18078 1 123.597 -5.412 -15.595 -0.408 0.83729 -0.34853 0.1049 2 72.687 53.611 -25.956 0.66917 0.70247 -0.01737 0.24174 3 
102.404 -53.453 -19.447 0.28386 0.86019 0.41664 0.07691 1 123.511 -5.372 -15.581 -0.40549 0.8376 -0.35046 0.10575 2 72.511 53.835 -25.339 0.66769 0.70393 -0.01181 0.24194 3 
94.896 -50.639 -18.026 0.2602 0.85142 0.45536 0.00541 1 123.42 -5.317 -15.556 -0.40526 0.83779 -0.35003 0.10653 2 72.648 53.619 -26.031 0.66863 0.70307 -0.01736 0.24151 3 
87.678 -45.369 -16.332 0.27836 0.84933 0.44849 0.00214 1 123.565 -5.261 -15.502 -0.40091 0.84022 -0.3489 0.10759 2 72.625 53.723 -26.085 0.66819 0.70365 -0.0176 0.24101 3 
82.613 -39.948 -15.573 0.29169 0.83504 0.46618 0.01702 1 124.2 -5.351 -15.458 -0.38226 0.84816 -0.35062 0.10757 2 72.642 53.51 -26.049 0.66882 0.70278 -0.01746 0.24183 3 
79.664 -36.2 -15.459 0.29071 0.82396 0.48556 0.02855 1 124.949 -5.485 -15.343 -0.3601 0.85666 -0.35364 0.10677 2 72.398 53.968 -25.752 0.66652 0.70509 -0.01458 0.24165 3 
78.095 -33.977 -15.399 0.29352 0.80812 0.50984 0.02936 1 125.597 -5.618 -15.3 -0.33898 0.86413 -0.35684 0.10504 2 72.623 53.872 -25.92 0.66712 0.70461 -0.01639 0.24124 3 
77.273 -32.321 -15.314 0.31279 0.80185 0.50781 0.03639 1 125.942 -5.662 -15.279 -0.32569 0.86808 -0.35958 0.10519 2 73.089 53.295 -25.766 0.6716 0.70001 -0.01752 0.24213 3 
76.749 -31.492 -15.52 0.30516 0.79001 0.53153 0.01543 1 126.016 -5.665 -15.172 -0.31965 0.86923 -0.36112 0.10885 2 72.877 53.338 -26.049 0.67161 0.70094 -0.01981 0.23924 3 
76.599 -31.166 -15.644 0.29718 0.78294 0.54615 -0.02035 1 126.064 -5.568 -15.132 -0.31337 0.87005 -0.36343 0.11284 2 72.824 53.063 -26.349 0.67333 0.70055 -0.02073 0.23543 3 
76.501 -30.869 -15.718 0.28122 0.77625 0.56116 -0.05874 1 125.945 -5.45 -15.082 -0.31105 0.86997 -0.36433 0.11694 2 72.988 53.197 -25.836 0.67431 0.70025 -0.01714 0.2338 3 
76.482 -30.595 -15.717 0.27443 0.76868 0.5734 -0.07096 1 125.683 -5.337 -15.097 -0.31267 0.86848 -0.36559 0.11964 2 72.827 52.935 -25.736 0.67436 0.69998 -0.0172 0.23445 3 
76.559 -30.462 -15.675 0.27376 0.7715 0.5682 -0.08356 1 125.343 -5.177 -15.071 -0.31799 0.86599 -0.36587 0.1228 2 72.692 53.364 -25.931 0.66972 0.70385 -0.01768 0.23614 3 
76.602 -30.342 -15.629 0.27348 0.77466 0.56262 -0.09257 1 125.085 -5.061 -15.096 -0.32201 0.86419 -0.36612 0.12428 2 72.89 53.13 -25.936 0.66981 0.70275 -0.01901 0.23902 3 
76.722 -30.261 -15.608 0.27116 0.77766 0.55813 -0.10104 1 125.041 -4.992 -15.054 -0.32151 0.86452 -0.36569 0.12452 2 73.084 52.85 -26.136 0.66841 0.70291 -0.02203 0.2422 3 
76.728 -30.257 -15.585 0.27163 0.77894 0.55537 -0.10509 1 125.155 -4.975 -15.03 -0.31855 0.86621 -0.36452 0.12383 2 72.905 52.762 -26.331 0.66679 0.7038 -0.0227 0.24402 3 
76.758 -30.204 -15.571 0.26506 0.78005 0.55658 -0.10713 1 125.291 -4.979 -15.011 -0.3167 0.86695 -0.36448 0.12349 2 73.62 52.208 -25.894 0.67068 0.69999 -0.02352 0.24423 3 
76.8 -30.197 -15.465 0.25516 0.78159 0.55865 -0.10918 1 125.436 -4.963 -15.023 -0.31491 0.86744 -0.36504 0.12299 2 73.961 51.681 -25.66 0.67175 0.69911 -0.02419 0.24373 3 
76.914 -30.287 -14.845 0.25812 0.78129 0.55605 -0.11732 1 125.557 -4.956 -15.051 -0.31171 0.86855 -0.36596 0.12052 2 73.837 51.979 -25.736 0.66615 0.70219 -0.02498 0.25011 3 
76.945 -30.574 -13.691 0.27467 0.77701 0.55114 -0.13059 1 125.524 -4.899 -15.056 -0.31231 0.86861 -0.36652 0.11678 2 73.514 53.573 -24.771 0.64907 0.70834 -0.02071 0.27665 3 
77.014 -31.018 -11.97 0.29702 0.76826 0.54722 -0.14868 1 125.34 -4.758 -15.117 -0.31519 0.86775 -0.36731 0.11286 2 72.919 55.172 -24.133 0.62798 0.71116 -0.01969 0.31545 3 
77.21 -31.652 -9.905 0.31676 0.7545 0.54836 -0.1723 1 125.084 -4.65 -15.169 -0.32079 0.86558 -0.36842 0.11011 2 72.008 58.027 -23.07 0.59324 0.72084 -0.01138 0.35822 3 
77.613 -32.416 -7.668 0.33289 0.73889 0.55115 -0.19866 1 124.816 -4.543 -15.215 -0.32791 0.8629 -0.36879 0.10898 2 70.938 60.564 -22.83 0.55652 0.72651 -0.00733 0.40301 3 
78.286 -33.253 -5.59 0.35122 0.72317 0.54829 -0.23032 1 124.614 -4.444 -15.252 -0.33454 0.85982 -0.37037 0.1078 2 69.309 63.907 -22.721 0.50735 0.73616 0.00343 0.44794 3 
79.007 -33.757 -4.09 0.36637 0.71439 0.5378 -0.2573 1 124.44 -4.374 -15.322 -0.34058 0.85758 -0.3707 0.10557 2 67.476 66.31 -23.489 0.46167 0.739 0.0099 0.49055 3 
79.36 -33.94 -3.401 0.37344 0.70858 0.53781 -0.2631 1 124.327 -4.353 -15.356 -0.3454 0.85581 -0.37054 0.1048 2 66.258 67.698 -24.066 0.44015 0.74148 0.01418 0.50623 3 
79.389 -33.879 -3.365 0.37469 0.70452 0.5465 -0.25415 1 124.354 -4.321 -15.385 -0.34746 0.85494 -0.3708 0.10418 2 66.437 68.07 -23.298 0.44564 0.74133 0.01801 0.5015 3 
79.361 -33.603 -3.421 0.37721 0.70785 0.54353 -0.24747 1 124.478 -4.339 -15.375 -0.34749 0.85506 -0.37091 0.10273 2 66.118 67.669 -23.636 0.45241 0.74322 0.01804 0.49257 3 
79.361 -33.421 -3.431 0.37983 0.7078 0.54279 -0.24522 1 124.666 -4.344 -15.399 -0.34498 0.85633 -0.37075 0.10117 2 66.343 67.53 -23.307 0.45843 0.74149 0.01849 0.48959 3 
79.303 -33.313 -3.381 0.3805 0.70597 0.5447 -0.2452 1 124.847 -4.388 -15.384 -0.34262 0.85715 -0.37151 0.09938 2 65.704 68.02 -23.859 0.4546 0.74601 0.0188 0.48626 3 
79.189 -33.154 -3.329 0.38156 0.70784 0.54104 -0.24628 1 124.958 -4.37 -15.391 -0.34103 0.8579 -0.37162 0.09799 2 66.882 67.207 -23.486 0.46266 0.73881 0.01454 0.4898 3 
79.02 -33.057 -3.368 0.3801 0.70829 0.54235 -0.24437 1 125.022 -4.376 -15.391 -0.33947 0.85838 -0.37208 0.09748 2 66.593 67.379 -23.122 0.46187 0.73994 0.01671 0.48875 3 
78.877 -33.008 -3.398 0.37844 0.70853 0.54403 -0.24249 1 125.049 -4.326 -15.383 -0.33846 0.8586 -0.37229 0.09828 2 66.688 67.005 -23.264 0.46502 0.73965 0.01439 0.48628 3 
78.822 -32.966 -3.418 0.378 0.70979 0.54259 -0.24274 1 124.994 -4.266 -15.391 -0.33854 0.85832 -0.37274 0.09865 2 66.717 67.162 -23.015 0.46542 0.73894 0.01515 0.48696 3 
78.757 -32.964 -3.419 0.37562 0.71017 0.54437 -0.2413 1 124.907 -4.22 -15.387 -0.339 0.85805 -0.3729 0.09887 2 67.177 66.751 -22.407 0.47054 0.73668 0.0162 0.48542 3 
78.708 -32.947 -3.425 0.37513 0.71187 0.54275 -0.2407 1 124.8 -4.139 -15.349 -0.33952 0.85761 -0.37333 0.0993 2 66.999 66.642 -22.928 0.46969 0.73751 0.01325 0.48508 3 
78.648 -32.939 -3.448 0.37295 0.71302 0.54267 -0.24087 1 124.689 -4.081 -15.383 -0.33999 0.85721 -0.3738 0.09938 2 66.773 66.729 -23.065 0.46726 0.73922 0.013 0.48482 3 
78.576 -32.943 -3.49 0.37102 0.71362 0.54358 -0.24005 1 124.598 -3.989 -15.394 -0.34078 0.85666 -0.37414 0.10013 2 67.213 66.38 -23 0.46936 0.73844 0.01036 0.48404 3 
78.51 -32.937 -3.495 0.37018 0.71484 0.54275 -0.23956 1 124.49 -3.954 -15.394 -0.34146 0.85614 -0.37451 0.10085 2 67.332 66.156 -22.586 0.47269 0.73668 0.0123 0.48343 3 
78.423 -32.937 -3.533 0.36931 0.7151 0.54314 -0.23924 1 124.394 -3.936 -15.375 -0.34191 0.85562 -0.37511 0.10149 2 67.222 66.276 -22.643 0.47136 0.73775 0.01184 0.48311 3 
78.325 -32.947 -3.567 0.36775 0.71554 0.54422 -0.23789 1 124.309 -3.907 -15.394 -0.34232 0.85532 -0.37544 0.10145 2 67.746 65.935 -22.254 0.47592 0.73489 0.01125 0.48302 3 
78.228 -32.952 -3.609 0.36568 0.71606 0.5452 -0.23725 1 124.223 -3.975 -15.393 -0.34219 0.85548 -0.37523 0.10131 2 67.572 65.962 -22.118 0.47564 0.73581 0.01265 0.48186 3 
78.145 -32.979 -3.629 0.36509 0.71619 0.54562 -0.23682 1 124.162 -3.976 -15.358 -0.34244 0.85529 -0.37524 0.10208 2 67.57 65.76 -22.659 0.47543 0.73634 0.00898 0.48134 3 
78.094 -32.998 -3.645 0.36489 0.71581 0.54603 -0.23733 1 124.091 -3.99 -15.374 -0.34244 0.85535 -0.3751 0.10205 2 67.669 65.908 -22.459 0.47511 0.7364 0.00905 0.48156 3 
78.038 -33.013 -3.671 0.36463 0.71632 0.54612 -0.23596 1 124.039 -3.993 -15.386 -0.34212 0.85557 -0.3748 0.10236 2 67.499 65.683 -22.966 0.47798 0.73592 0.01009 0.47944 3 
77.956 -33.057 -3.727 0.36276 0.71651 0.54773 -0.23455 1 123.995 -4.038 -15.363 -0.34163 0.85566 -0.37504 0.10238 2 67.803 65.351 -22.616 0.47931 0.73507 0.00666 0.47946 3 
77.893 -33.084 -3.748 0.36268 0.71722 0.5472 -0.23373 1 123.918 -4.031 -15.368 -0.34227 0.85537 -0.37494 0.10303 2 68.151 65.408 -21.969 0.48165 0.73464 0.00919 0.47773 3 
77.861 -33.105 -3.763 0.36213 0.71776 0.54676 -0.23394 1 123.827 -4.021 -15.359 -0.34266 0.85515 -0.3751 0.10299 2 68.178 65.318 -22.544 0.48131 0.73407 0.00508 0.47902 3 
77.817 -33.114 -3.849 0.36006 0.71762 0.54861 -0.23323 1 123.725 -4.02 -15.367 -0.34319 0.85509 -0.37479 0.10279 2 68.42 65.11 -21.862 0.48468 0.73237 0.00712 0.47819 3 
77.767 -33.087 -3.935 0.35921 0.71818 0.54913 -0.23159 1 123.647 -3.997 -15.371 -0.34346 0.85495 -0.3748 0.10301 2 68.731 64.708 -22.191 0.48838 0.7316 0.00351 0.47564 3 
77.719 -33.043 -3.987 0.35852 0.71861 0.54943 -0.23062 1 123.586 -3.986 -15.355 -0.34339 0.85498 -0.37469 0.10348 2 68.46 64.872 -22.141 0.4871 0.73337 0.00532 0.47422 3 
77.686 -32.999 -4.022 0.35834 0.71858 0.54974 -0.23025 1 123.556 -3.976 -15.362 -0.34344 0.85498 -0.3747 0.1032 2 68.455 64.886 -22.001 0.48815 0.73291 0.0057 0.47383 3 
77.638 -32.969 -4.123 0.35809 0.71885 0.54979 -0.22969 1 123.562 -3.95 -15.37 -0.3429 0.85518 -0.37486 0.10279 2 68.431 64.936 -22.261 0.4885 0.73343 0.00394 0.47269 3 
77.507 -32.873 -4.492 0.35565 0.72102 0.54923 -0.228 1 123.581 -3.964 -15.385 -0.34196 0.8555 -0.37503 0.10268 2 69.058 63.762 -22.311 0.49771 0.72843 -0.00022 0.47082 3 
77.303 -32.654 -5.371 0.35232 0.72358 0.54914 -0.22529 1 123.626 -3.935 -15.349 -0.34114 0.85567 -0.37525 0.1031 2 69.039 63.629 -22.529 0.50045 0.73096 -0.00233 0.46394 3 
76.962 -32.257 -6.705 0.35357 0.72718 0.54819 -0.21373 1 123.669 -3.957 -15.351 -0.34027 0.85617 -0.37473 0.10379 2 69.091 63.478 -22.444 0.51242 0.73228 -0.00091 0.44855 3 
76.667 -31.662 -8.248 0.35002 0.73566 0.54562 -0.19646 1 123.79 -4.001 -15.33 -0.33773 0.85719 -0.37434 0.10502 2 69.911 62.058 -22.485 0.53875 0.72864 -0.00469 0.42286 3 
76.262 -31.137 -9.822 0.33945 0.74204 0.55177 -0.17234 1 124.007 -4.05 -15.277 -0.33521 0.85823 -0.37389 0.10624 2 70.82 59.491 -23.183 0.57545 0.72166 -0.01191 0.38462 3 
76.169 -30.665 -11.48 0.31889 0.75177 0.55595 -0.15518 1 124.184 -4.131 -15.294 -0.33118 0.86014 -0.37299 0.10653 2 71.7 57.423 -23.564 0.605 0.71556 -0.01775 0.34876 3 
76.121 -30.247 -12.894 0.29352 0.7635 0.55888 -0.13622 1 124.342 -4.175 -15.196 -0.3281 0.86216 -0.37031 0.10909 2 72.581 54.854 -24.655 0.63164 0.70882 -0.02733 0.31281 3 
76.152 -30.096 -13.941 0.27346 0.77149 0.5627 -0.11573 1 124.465 -4.225 -15.174 -0.32404 0.86397 -0.36821 0.11391 2 73.413 52.919 -24.586 0.65897 0.70005 -0.02374 0.27408 3 
76.172 -30.132 -14.755 0.25666 0.77723 0.56476 -0.10527 1 124.556 -4.217 -15.111 -0.32148 0.86494 -0.3666 0.11887 2 73.884 51.647 -24.859 0.67208 0.69717 -0.02372 0.2484 3 
76.211 -30.097 -15.307 0.24649 0.78671 0.55732 -0.09858 1 124.548 -4.262 -15.045 -0.31862 0.86609 -0.36556 0.12136 2 73.95 50.823 -25.882 0.67775 0.69586 -0.02855 0.23586 3 
76.206 -30.132 -15.36 0.24584 0.7867 0.55766 -0.09843 1 124.469 -4.294 -15.033 -0.31628 0.8665 -0.3663 0.12236 2 74.076 50.786 -25.766 0.67784 0.69586 -0.02729 0.23573 3 
76.365 -29.973 -15.303 0.25017 0.79204 0.54802 -0.09883 1 124.2 -4.298 -15.06 -0.32076 0.86481 -0.36634 0.12252 2 73.623 51.366 -26.075 0.67299 0.69962 -0.02718 0.23849 3 
76.634 -30.088 -15.442 0.24154 0.79181 0.55115 -0.10451 1 123.921 -4.292 -15.074 -0.32362 0.86423 -0.36603 0.11999 2 73.862 51.536 -26.134 0.66908 0.70099 -0.0294 0.2451 3 
76.965 -30.26 -15.522 0.23804 0.79729 0.5465 -0.09491 1 123.531 -4.246 -15.102 -0.33107 0.86232 -0.36436 0.11853 2 74.044 51.789 -26.032 0.66313 0.70331 -0.02891 0.25451 3 
77.024 -30.797 -15.415 0.23689 0.807 0.53882 -0.048 1 123.062 -4.19 -15.14 -0.34496 0.8576 -0.36181 0.12094 2 73.88 51.964 -25.897 0.66234 0.70371 -0.02817 0.25554 3 
79.25 -33.411 -15.625 0.22437 0.81774 0.52991 -0.01231 1 122.722 -4.152 -15.182 -0.35731 0.85267 -0.36063 0.12339 2 74.046 51.67 -26.532 0.66293 0.70188 -0.03302 0.25845 3 
84.148 -38.939 -16.339 0.22763 0.82085 0.52377 0.00766 1 122.681 -4.176 -15.268 -0.3607 0.85069 -0.36214 0.12277 2 73.959 51.907 -26.06 0.66173 0.70272 -0.02911 0.25972 3 
90.467 -45.081 -16.731 0.26339 0.84333 0.46589 0.04861 1 122.478 -4.255 -15.297 -0.36736 0.84769 -0.36178 0.12483 2 73.743 51.921 -26.542 0.66026 0.70396 -0.03148 0.25981 3 
97.321 -49.614 -16.8 0.36775 0.86403 0.31289 0.14253 1 121.949 -4.506 -15.31 -0.38215 0.84161 -0.35857 0.13073 2 73.765 52.214 -26.032 0.65933 0.70479 -0.02829 0.26032 3 
104.353 -52.32 -17.048 0.46356 0.81863 0.24025 0.23925 1 121.215 -4.84 -15.342 -0.40253 0.83462 -0.35117 0.1344 2 73.785 52.07 -26.339 0.65982 0.70443 -0.03009 0.25983 3 
110.269 -51.824 -16.96 0.55358 0.74536 0.2648 0.26052 1 120.712 -5.337 -15.414 -0.41305 0.83051 -0.34932 0.13269 2 74.016 52.35 -25.43 0.66037 0.70369 -0.02552 0.26092 3 
113.664 -47.696 -17.438 0.57901 0.69115 0.36737 0.22825 1 120.437 -5.898 -15.422 -0.41933 0.82757 -0.35003 0.12951 2 73.78 52.285 -26.341 0.65892 0.70522 -0.03018 0.25994 3 
113.684 -47.824 -17.999 0.59125 0.6747 0.398 0.19186 1 120.464 -6.203 -15.51 -0.41943 0.8276 -0.35083 0.1268 2 74.117 51.832 -26.216 0.66248 0.70134 -0.03107 0.26129 3 
113.753 -48.43 -17.996 0.59646 0.67178 0.38965 0.20278 1 120.594 -6.621 -15.438 -0.42741 0.82621 -0.34397 0.12797 2 74.147 52.187 -25.446 0.6615 0.70294 -0.02505 0.26013 3 
113.705 -48.859 -18.097 0.60457 0.66385 0.39116 0.20196 1 121.491 -7.122 -15.491 -0.41545 0.83251 -0.34491 0.12391 2 73.994 52.054 -25.965 0.66136 0.70242 -0.02956 0.2614 3 
113.494 -49.29 -18.024 0.6119 0.65532 0.38479 0.21926 1 122.788 -7.513 -15.32 -0.39523 0.84072 -0.34876 0.12391 2 73.819 52.208 -26.182 0.65958 0.70445 -0.02956 0.26044 3 
112.438 -49.429 -17.644 0.64234 0.64222 0.34265 0.23988 1 124.484 -7.248 -14.977 -0.37161 0.85497 -0.33308 0.14141 2 73.951 51.947 -26.173 0.6614 0.70267 -0.03043 0.26055 3 
111.469 -49.19 -17.315 0.66465 0.63582 0.30924 0.24154 1 125.954 -5.987 -14.45 -0.35338 0.87144 -0.30462 0.15143 2 73.76 52.029 -26.071 0.66018 0.70383 -0.02862 0.26069 3 
110.176 -47.836 -17.222 0.66172 0.65328 0.30291 0.20881 1 127.4 -3.576 -14.009 -0.33851 0.89036 -0.2757 0.12904 2 73.845 51.977 -26.321 0.66024 0.70405 -0.03058 0.25973 3 
106.757 -44.012 -17.372 0.60555 0.72059 0.31259 0.12787 1 128.058 1.134 -13.723 -0.24246 0.92971 -0.26774 0.0719 2 73.755 52.227 -26.117 0.65909 0.70513 -0.02832 0.25997 3 
102.047 -35.432 -16.993 0.52273 0.76727 0.368 0.05122 1 126.829 8.061 -13.639 -0.08484 0.95651 -0.27855 -0.01713 2 73.86 52.01 -26.295 0.66056 0.70348 -0.03094 0.26042 3 
97.289 -22.771 -15.259 0.50488 0.77723 0.37548 0.00479 1 122.046 15.8 -12.983 0.06044 0.9499 -0.299 -0.0681 2 73.934 51.883 -26.36 0.66125 0.7029 -0.03095 0.26022 3 
93.72 -9.057 -13.063 0.54458 0.7833 0.29977 -0.00341 1 115.489 23.044 -12.092 0.17343 0.93165 -0.31816 -0.02676 2 74.077 51.96 -25.993 0.66177 0.70252 -0.02926 0.26011 3 
89.858 3.051 -12.318 0.56466 0.79459 0.2166 0.05355 1 110.722 28.781 -11.974 0.22481 0.91153 -0.33965 -0.05667 2 73.866 52.109 -26.099 0.66016 0.70385 -0.02931 0.26062 3 
86.419 12.257 -12.542 0.56266 0.80926 0.13803 0.09729 1 106.216 32.488 -11.928 0.26098 0.91364 -0.3103 0.02955 2 73.659 52.161 -26.438 0.65916 0.705 -0.03027 0.25992 3 
84.476 18.243 -13.722 0.55265 0.80999 0.05082 0.18949 1 103.449 35.326 -12.566 0.26196 0.91098 -0.30862 0.07906 2 74.009 51.818 -26.215 0.66215 0.70216 -0.0303 0.26001 3 
83.034 20.835 -14.515 0.53508 0.79989 0.06766 0.26323 1 102.249 37.246 -13.114 0.27206 0.89757 -0.32241 0.12804 2 73.77 52.246 -26.119 0.65951 0.70463 -0.02899 0.2602 3 
82.586 22.823 -14.881 0.52695 0.79033 0.07274 0.30399 1 101.629 38.558 -13.578 0.27748 0.88555 -0.342 0.14779 2 73.653 52.183 -26.415 0.65903 0.70492 -0.03006 0.2605 3 
82.185 24.409 -15.374 0.51121 0.79267 0.05056 0.32829 1 101.01 39.407 -13.895 0.27203 0.87791 -0.35971 0.1609 2 73.967 52.308 -25.776 0.66058 0.70352 -0.0268 0.26073 3 
82.179 25.217 -15.783 0.50011 0.79402 0.02338 0.34478 1 100.396 39.891 -14.207 0.26257 0.87552 -0.36801 0.17058 2 73.931 51.974 -25.969 0.66099 0.70337 -0.02806 0.25994 3 
82.318 25.68 -15.914 0.495 0.79356 0.0108 0.35372 1 99.68 40.146 -14.501 0.25253 0.87637 -0.37032 0.17629 2 73.713 52.469 -26.052 0.65703 0.70727 -0.0266 0.25956 3 
82.457 26.15 -16.194 0.48346 0.79148 -0.00852 0.37385 1 98.53 39.99 -14.79 0.23836 0.88234 -0.3627 0.18193 2 73.65 52.364 -26.383 0.65799 0.70602 -0.0293 0.26024 3 
82.626 26.096 -16.234 0.47993 0.79213 -0.00606 0.37705 1 97.241 39.774 -15.426 0.23688 0.89382 -0.32876 0.19209 2 73.86 52.087 -26.24 0.66004 0.7041 -0.03002 0.26017 3 
82.623 25.924 -16.295 0.47828 0.79313 -0.00277 0.37707 1 96.634 39.675 -15.797 0.24776 0.89686 -0.29873 0.21217 2 73.949 51.814 -26.176 0.66186 0.70247 -0.02979 0.25997 3 
82.631 25.921 -16.26 0.47724 0.79411 -0.00069 0.37633 1 96.3 39.711 -16.084 0.24851 0.89762 -0.29272 0.21642 2 73.784 52.18 -26.035 0.66001 0.70407 -0.02836 0.26052 3 
