119.272 -44.835 -21.023 0.32412 0.68454 0.63384 0.15682 1 124.298 -7.838 -16.291 -0.27941 0.82033 -0.49546 0.05923 2 63.459 36.216 -8.946 0.91889 0.36083 -0.04785 0.1522 3 
119.197 -44.831 -20.994 0.32442 0.68395 0.63391 0.15849 1 124.206 -7.855 -16.25 -0.27951 0.82069 -0.49469 0.06017 2 63.473 36.22 -8.835 0.91908 0.36082 -0.04707 0.15129 3 
119.094 -44.741 -21.006 0.32258 0.6838 0.63481 0.15929 1 124.039 -7.821 -16.266 -0.27891 0.82048 -0.49537 0.06023 2 63.416 36.307 -8.923 0.91863 0.36151 -0.04759 0.15223 3 
118.988 -44.649 -21 0.32148 0.68364 0.63546 0.15959 1 123.865 -7.751 -16.249 -0.27876 0.81979 -0.49656 0.06061 2 63.579 36.127 -8.772 0.92002 0.35842 -0.04729 0.15122 3 
118.905 -44.594 -21.001 0.3221 0.68391 0.63521 0.1582 1 123.62 -7.625 -16.289 -0.28165 0.81891 -0.49644 0.06006 2 63.405 36.316 -9.031 0.91834 0.36173 -0.04855 0.15314 3 
118.884 -44.478 -20.984 0.31968 0.68419 0.63668 0.15594 1 123.424 -7.501 -16.297 -0.28296 0.81878 -0.49587 0.06041 2 63.404 36.265 -8.978 0.91835 0.36213 -0.04773 0.15241 3 
119 -44.211 -21.013 0.31086 0.68529 0.64006 0.15515 1 122.897 -7.18 -16.074 -0.28113 0.82248 -0.48813 0.07888 2 63.425 36.275 -8.916 0.91865 0.36148 -0.04744 0.15219 3 
119.062 -44.018 -20.96 0.2984 0.68649 0.64416 0.15731 1 121.718 -5.134 -15.574 -0.25254 0.85362 -0.44967 0.07318 2 63.458 36.254 -8.89 0.91888 0.36065 -0.04763 0.15273 3 
119.076 -43.818 -20.931 0.28843 0.68813 0.6466 0.15872 1 118.082 -0.962 -14.982 -0.14166 0.88162 -0.44974 0.02037 2 63.483 36.204 -9.023 0.91901 0.36013 -0.04857 0.15288 3 
119.261 -43.255 -20.958 0.27125 0.68913 0.65313 0.15794 1 110.353 4.515 -14.278 -0.00471 0.86316 -0.50116 -0.06139 2 63.346 36.389 -8.945 0.91783 0.36332 -0.04748 0.15272 3 
119.498 -42.638 -20.945 0.2534 0.6906 0.65854 0.15868 1 100.524 8.588 -13.306 0.03274 0.85347 -0.50782 -0.11244 2 63.504 36.184 -9.011 0.91919 0.35973 -0.04881 0.15267 3 
119.971 -41.746 -20.877 0.22882 0.69387 0.66461 0.15643 1 90.111 10.543 -12.605 0.06233 0.85055 -0.5098 -0.11306 2 63.398 36.318 -8.981 0.91826 0.36222 -0.04797 0.15261 3 
120.522 -40.567 -20.832 0.19625 0.69782 0.67086 0.15644 1 80.717 10.476 -12.37 0.10848 0.85309 -0.5004 -0.10029 2 63.401 36.295 -9.013 0.91811 0.36249 -0.04813 0.15284 3 
121.162 -39.435 -20.66 0.16246 0.70072 0.67586 0.16064 1 73.326 9.709 -12.609 0.16407 0.84128 -0.50738 -0.08884 2 63.533 36.196 -8.914 0.91935 0.35955 -0.04825 0.15232 3 
121.727 -38.358 -20.467 0.12957 0.70164 0.68104 0.16459 1 68.124 9.11 -12.923 0.21086 0.8315 -0.50993 -0.06419 2 63.389 36.317 -8.94 0.9182 0.36269 -0.04722 0.15209 3 
122.049 -37.519 -20.398 0.10514 0.70271 0.68274 0.17029 1 64.398 8.669 -13.084 0.23348 0.82024 -0.51789 -0.06701 2 63.43 36.322 -8.908 0.91848 0.36179 -0.04768 0.1524 3 
122.214 -36.906 -20.242 0.08187 0.70189 0.68313 0.18435 1 61.718 8.613 -13.43 0.24577 0.81789 -0.51662 -0.0613 2 63.474 36.225 -8.939 0.91875 0.36094 -0.0479 0.15274 3 
122.07 -36.447 -20.09 0.06363 0.70015 0.68305 0.19795 1 59.81 8.571 -13.747 0.24584 0.82324 -0.50811 -0.06057 2 63.49 36.246 -8.968 0.91899 0.36049 -0.04826 0.15221 3 
121.637 -36.277 -19.935 0.05714 0.69823 0.68095 0.21335 1 58.568 8.285 -13.984 0.23526 0.8272 -0.50368 -0.0818 2 63.429 36.109 -8.876 0.92038 0.35739 -0.04753 0.15138 3 
121.213 -36.119 -19.796 0.05078 0.69837 0.67823 0.22292 1 57.771 8.002 -14.155 0.2233 0.82682 -0.50193 -0.12071 2 63.178 35.36 -8.818 0.9238 0.35012 -0.04617 0.14793 3 
121.029 -35.916 -19.637 0.04102 0.69888 0.67695 0.2272 1 57.079 7.845 -14.158 0.2133 0.8289 -0.49127 -0.1615 2 63.013 34.995 -8.261 0.93062 0.33254 -0.04229 0.14686 3 
120.821 -35.739 -19.583 0.03423 0.69905 0.67621 0.22999 1 56.473 7.873 -14.089 0.21238 0.8321 -0.47733 -0.18619 2 62.73 34.293 -7.948 0.9368 0.31553 -0.04128 0.14539 3 
120.667 -35.671 -19.453 0.02883 0.69908 0.67516 0.23371 1 55.935 8.098 -14.014 0.19961 0.83576 -0.47375 -0.19293 2 62.519 33.478 -7.834 0.93777 0.3135 -0.04496 0.14244 3 
120.56 -35.633 -19.35 0.02532 0.69999 0.6738 0.2353 1 55.811 8.045 -14.032 0.20066 0.8344 -0.46959 -0.20738 2 62.431 33.557 -7.822 0.93718 0.31498 -0.0455 0.1429 3 
120.544 -35.639 -19.274 0.02359 0.70118 0.67251 0.23565 1 55.843 7.97 -14.091 0.20375 0.82858 -0.47304 -0.2195 2 62.584 33.837 -7.856 0.93625 0.31701 -0.04526 0.14458 3 
120.748 -35.578 -19.252 0.02031 0.70166 0.67294 0.23329 1 55.948 7.908 -14.128 0.20841 0.82621 -0.47146 -0.22731 2 62.639 34.199 -7.993 0.93514 0.31865 -0.04588 0.14786 3 
121.09 -35.477 -19.257 0.01488 0.70166 0.67413 0.23023 1 56.07 7.904 -14.139 0.20942 0.82555 -0.47083 -0.23007 2 62.698 34.54 -7.968 0.9337 0.32243 -0.04551 0.14892 3 
121.446 -35.331 -19.258 0.009 0.70035 0.67682 0.22658 1 56.385 7.989 -14.07 0.21341 0.82381 -0.47275 -0.22871 2 62.569 34.474 -8.095 0.93428 0.32178 -0.04023 0.14819 3 
121.522 -35.359 -19.269 0.0115 0.69995 0.67824 0.22345 1 57.102 8.175 -13.899 0.21524 0.81586 -0.48319 -0.2336 2 62.08 36.627 -8.443 0.92375 0.34392 -0.0288 0.16604 3 
121.429 -35.554 -19.323 0.01674 0.69974 0.67912 0.22109 1 57.475 8.595 -13.179 0.20217 0.81656 -0.48036 -0.24822 2 62.595 38.069 -7.579 0.91592 0.3585 -0.03016 0.17794 3 
121.297 -35.844 -19.448 0.02575 0.69994 0.67981 0.21743 1 57.41 9.207 -11.966 0.18536 0.81293 -0.47828 -0.27574 2 62.729 40.873 -5.382 0.90012 0.38416 -0.0305 0.20315 3 
121.169 -36.173 -19.526 0.03345 0.70119 0.68034 0.21061 1 57.296 9.686 -10.525 0.16475 0.80229 -0.48297 -0.30972 2 62.298 45.221 -3.484 0.86972 0.42183 -0.03067 0.25438 3 
121.042 -36.463 -19.568 0.04148 0.70151 0.68145 0.20444 1 57.214 9.922 -8.935 0.13987 0.79341 -0.48209 -0.34427 2 62.012 49.216 -1.695 0.83624 0.45563 -0.03177 0.30349 3 
120.889 -36.659 -19.682 0.04939 0.70175 0.68331 0.19542 1 57.204 9.938 -7.486 0.11589 0.78148 -0.48708 -0.37231 2 60.855 53.525 -0.735 0.78998 0.49621 -0.02805 0.35905 3 
120.838 -36.811 -19.782 0.0551 0.70133 0.68521 0.18865 1 57.241 9.776 -6.454 0.09883 0.77013 -0.49454 -0.3906 2 60.027 56.642 -0.671 0.75338 0.5162 -0.02809 0.40641 3 
121.067 -36.793 -19.879 0.05514 0.70115 0.68753 0.18071 1 57.257 9.525 -5.941 0.08975 0.76888 -0.49384 -0.39609 2 60.139 57.147 -0.203 0.7424 0.5206 -0.02725 0.4208 3 
121.453 -36.651 -19.897 0.05169 0.70073 0.68986 0.17435 1 57.207 9.252 -5.812 0.08657 0.77361 -0.48917 -0.39337 2 61.187 55.669 0.77 0.75276 0.51212 -0.03114 0.41245 3 
121.718 -36.592 -19.978 0.05054 0.70017 0.69085 0.17302 1 57.227 8.936 -5.932 0.08576 0.77613 -0.48949 -0.38817 2 61.143 55.147 0.684 0.75335 0.51293 -0.0326 0.41025 3 
121.888 -36.635 -19.997 0.05104 0.69973 0.69131 0.17281 1 57.176 8.586 -6.059 0.08423 0.78332 -0.48438 -0.38039 2 61.962 53.328 0.953 0.76631 0.50417 -0.03809 0.39639 3 
122.093 -36.612 -20.029 0.04989 0.6993 0.69219 0.17134 1 57.145 8.327 -6.095 0.0817 0.78819 -0.47886 -0.37784 2 63.049 51.544 1.471 0.77996 0.49341 -0.04396 0.38245 3 
122.222 -36.675 -20.049 0.04948 0.69905 0.69257 0.17098 1 57.149 8.222 -6.096 0.08103 0.78625 -0.4828 -0.37702 2 62.9 51.687 1.525 0.7767 0.49628 -0.04335 0.38543 3 
122.295 -36.689 -20.062 0.04927 0.69882 0.69312 0.16972 1 57.174 8.194 -6.017 0.08059 0.78855 -0.4785 -0.37781 2 63.344 51.204 1.797 0.78169 0.49068 -0.04534 0.38227 3 
122.268 -36.714 -20.076 0.05051 0.69865 0.69302 0.17045 1 57.255 8.236 -5.918 0.07876 0.7902 -0.47442 -0.37988 2 63.256 51.492 1.787 0.78008 0.49369 -0.04481 0.38176 3 
122.224 -36.731 -20.084 0.05215 0.69837 0.69283 0.17186 1 57.368 8.352 -5.915 0.08161 0.78841 -0.47705 -0.3797 2 62.931 52.084 1.422 0.77557 0.49837 -0.04296 0.38506 3 
122.251 -36.673 -20.045 0.05221 0.69839 0.69294 0.17138 1 57.485 8.479 -5.915 0.08246 0.7901 -0.47434 -0.3794 2 62.925 52.157 1.517 0.77647 0.4994 -0.04002 0.38222 3 
122.323 -36.634 -20.037 0.05284 0.69857 0.69271 0.17135 1 57.594 8.557 -5.888 0.08152 0.79051 -0.47429 -0.37881 2 63.015 52.181 1.643 0.77759 0.49965 -0.03957 0.37966 3 
122.426 -36.552 -20.057 0.05298 0.69883 0.69249 0.17114 1 57.711 8.597 -5.851 0.08048 0.78866 -0.47604 -0.38069 2 62.905 52.71 1.242 0.77153 0.50441 -0.03971 0.38566 3 
122.608 -36.436 -20.063 0.05181 0.69923 0.69269 0.16904 1 57.802 8.613 -5.788 0.07853 0.78865 -0.47482 -0.38263 2 62.641 53.202 1.284 0.76797 0.50916 -0.03701 0.38681 3 
122.748 -36.405 -20.103 0.05202 0.69965 0.69265 0.16738 1 57.913 8.614 -5.777 0.07914 0.78676 -0.47736 -0.38325 2 62.769 53.392 0.992 0.76641 0.50867 -0.03829 0.3904 3 
122.855 -36.364 -20.123 0.05225 0.70008 0.69251 0.16611 1 58.009 8.628 -5.778 0.08029 0.78485 -0.4809 -0.38249 2 62.483 53.883 0.601 0.76161 0.51233 -0.03685 0.3951 3 
122.972 -36.34 -20.105 0.05235 0.70008 0.69275 0.16508 1 58.099 8.639 -5.746 0.07855 0.78771 -0.47634 -0.38269 2 62.728 53.641 1.134 0.7659 0.5105 -0.03529 0.3893 3 
123.063 -36.229 -20.115 0.05208 0.70047 0.69275 0.16346 1 58.229 8.657 -5.735 0.07797 0.78783 -0.47605 -0.38291 2 62.584 53.887 0.59 0.76077 0.51624 -0.03618 0.39168 3 
123.117 -36.214 -20.169 0.05285 0.70062 0.6927 0.16278 1 58.304 8.693 -5.705 0.07769 0.78798 -0.47572 -0.38308 2 62.972 53.694 0.482 0.76403 0.51157 -0.03859 0.39124 3 
123.233 -36.152 -20.129 0.05233 0.70066 0.69274 0.16263 1 58.373 8.737 -5.647 0.07578 0.78819 -0.47402 -0.38513 2 62.743 54.185 0.615 0.76039 0.5167 -0.03623 0.39181 3 
123.32 -36.094 -20.147 0.05172 0.7008 0.69284 0.1618 1 58.407 8.757 -5.625 0.07671 0.78698 -0.47523 -0.38593 2 62.745 54.344 0.556 0.759 0.5173 -0.03578 0.39375 3 
123.397 -36.104 -20.144 0.05117 0.70073 0.69304 0.16142 1 58.428 8.714 -5.621 0.07564 0.7875 -0.47428 -0.38623 2 62.329 54.764 -0.018 0.75277 0.52268 -0.03725 0.39844 3 
123.446 -36.15 -20.158 0.05099 0.70054 0.6932 0.16158 1 58.442 8.633 -5.619 0.07493 0.78838 -0.47289 -0.3863 2 62.589 54.474 0.519 0.75665 0.52045 -0.03535 0.39416 3 
123.451 -36.219 -20.171 0.05097 0.70052 0.69346 0.16061 1 58.424 8.525 -5.649 0.0755 0.78791 -0.47421 -0.38552 2 62.731 54.204 0.883 0.75989 0.51742 -0.03458 0.39198 3 
123.444 -36.294 -20.167 0.05074 0.70033 0.6938 0.16001 1 58.382 8.409 -5.656 0.07464 0.78859 -0.47358 -0.38506 2 62.906 53.877 1.045 0.76159 0.51623 -0.03558 0.39015 3 
123.435 -36.381 -20.218 0.05044 0.70013 0.69414 0.15951 1 58.337 8.331 -5.662 0.0745 0.789 -0.47288 -0.38511 2 62.969 53.71 0.711 0.76089 0.51558 -0.03863 0.39208 3 
123.463 -36.369 -20.184 0.04941 0.70017 0.69425 0.15917 1 58.301 8.313 -5.669 0.07541 0.78809 -0.47407 -0.38533 2 62.972 53.622 0.654 0.76044 0.5156 -0.03882 0.39291 3 
123.449 -36.384 -20.203 0.04882 0.7001 0.69438 0.15909 1 58.292 8.319 -5.669 0.07525 0.78761 -0.47412 -0.38628 2 62.866 53.851 0.912 0.76054 0.51542 -0.03683 0.39314 3 
123.372 -36.392 -20.182 0.04951 0.69984 0.69424 0.16064 1 58.246 8.323 -5.694 0.07493 0.78899 -0.47328 -0.38455 2 63.007 53.474 0.963 0.7619 0.51519 -0.03739 0.39076 3 
123.291 -36.38 -20.157 0.04969 0.69968 0.69416 0.16161 1 58.171 8.32 -5.77 0.07722 0.7893 -0.47355 -0.38314 2 63.111 53.219 0.88 0.76575 0.51069 -0.03958 0.38891 3 
123.286 -36.253 -20.163 0.04793 0.69963 0.69439 0.16135 1 58.034 8.258 -5.92 0.07753 0.79009 -0.47403 -0.38085 2 63.268 52.633 1.026 0.76997 0.50768 -0.0401 0.38444 3 
123.291 -36.172 -20.138 0.0461 0.6994 0.69382 0.16533 1 57.745 8.171 -6.28 0.08302 0.79139 -0.47415 -0.37683 2 63.599 51.473 1.069 0.78184 0.49644 -0.04328 0.3747 3 
123.479 -35.994 -20.09 0.03962 0.69948 0.69238 0.17255 1 57.328 8.119 -7.042 0.09122 0.79445 -0.47552 -0.36663 2 63.696 49.757 0.515 0.79811 0.48212 -0.04855 0.35809 3 
123.746 -35.745 -19.986 0.02866 0.69944 0.6909 0.18059 1 56.974 8.011 -8.294 0.11395 0.8007 -0.47199 -0.35088 2 63.995 46.622 -0.101 0.83249 0.4524 -0.05067 0.31579 3 
123.922 -35.506 -19.934 0.01713 0.69918 0.69028 0.1854 1 56.807 7.903 -9.852 0.13658 0.81086 -0.46724 -0.32488 2 64.339 42.759 -2.057 0.86548 0.42066 -0.05435 0.26652 3 
124.084 -35.262 -19.813 0.00477 0.69818 0.68958 0.19237 1 56.68 7.835 -11.271 0.15853 0.82652 -0.45319 -0.29385 2 64.771 37.589 -3.72 0.90389 0.37315 -0.05622 0.20144 3 
124.172 -35.027 -19.741 -0.00664 0.6971 0.6882 0.20099 1 56.758 7.722 -12.61 0.17692 0.83455 -0.44773 -0.26788 2 64.328 35.049 -5.723 0.92228 0.34822 -0.05347 0.15902 3 
124.2 -34.643 -19.598 -0.01967 0.69663 0.687 0.20578 1 56.826 7.614 -13.703 0.1894 0.83524 -0.45522 -0.24348 2 63.731 33.641 -7.751 0.92972 0.33649 -0.04971 0.14119 3 
124.054 -34.333 -19.451 -0.0285 0.6959 0.68622 0.20982 1 56.725 7.679 -14.16 0.19372 0.83136 -0.46096 -0.24256 2 63.458 33.712 -8.325 0.93212 0.33158 -0.04831 0.13737 3 
123.715 -34.129 -19.31 -0.03038 0.69622 0.68445 0.21421 1 56.458 7.843 -14.179 0.20311 0.82742 -0.46331 -0.24385 2 62.799 34.444 -8.267 0.93145 0.32994 -0.04434 0.14684 3 
123.316 -33.988 -19.195 -0.0283 0.6969 0.68357 0.21508 1 56.387 7.897 -14.205 0.20237 0.82832 -0.46139 -0.24506 2 62.918 34.395 -8.087 0.93256 0.3272 -0.04463 0.1459 3 
123.198 -33.83 -19.113 -0.02881 0.69827 0.68233 0.21451 1 56.343 7.931 -14.221 0.2006 0.82853 -0.46186 -0.24491 2 62.802 34.451 -8.12 0.93104 0.33105 -0.04545 0.14662 3 
123.128 -33.806 -19.092 -0.02557 0.70024 0.68046 0.21444 1 56.391 7.944 -14.227 0.19548 0.82967 -0.46639 -0.23645 2 62.94 34.575 -8.226 0.93069 0.33129 -0.04696 0.14787 3 
123.091 -34.041 -19.135 -0.01698 0.70243 0.67879 0.21342 1 56.675 8.071 -14.203 0.18744 0.83173 -0.48359 -0.19806 2 63.034 34.896 -8.281 0.92784 0.33842 -0.04844 0.14912 3 
122.957 -34.555 -19.254 -0.00176 0.70372 0.67869 0.21011 1 58.504 8.601 -13.975 0.17128 0.83166 -0.49866 -0.1742 2 63.016 34.933 -8.383 0.92709 0.34005 -0.0491 0.14986 3 
122.75 -35.35 -19.499 0.02046 0.70348 0.68081 0.20297 1 62.201 10.573 -13.438 0.15269 0.82707 -0.50859 -0.18433 2 63.102 34.835 -8.385 0.92805 0.33723 -0.04955 0.15015 3 
122.739 -36.294 -19.846 0.04151 0.70071 0.68612 0.19112 1 68.354 13.569 -11.99 0.07041 0.83939 -0.49815 -0.2057 2 63 34.955 -8.401 0.92715 0.33966 -0.04924 0.1503 3 
122.907 -37.306 -20.193 0.05995 0.69718 0.69111 0.18086 1 77.24 14.714 -10.495 -0.04107 0.89473 -0.42391 -0.13443 2 63.042 34.92 -8.325 0.92755 0.33876 -0.04911 0.14993 3 
122.715 -38.556 -20.592 0.08654 0.69441 0.69228 0.17621 1 87.907 12.399 -10.359 -0.11875 0.9287 -0.3509 0.01695 2 63.063 34.854 -8.419 0.92761 0.33829 -0.04959 0.15043 3 
122.343 -39.866 -20.841 0.11634 0.69111 0.6912 0.17627 1 99.214 8.006 -11.376 -0.18665 0.91694 -0.30893 0.17011 2 63.034 34.878 -8.261 0.92771 0.33886 -0.04841 0.14895 3 
122.293 -41.139 -21.028 0.14073 0.6863 0.69139 0.17652 1 110.492 2.532 -12.544 -0.2457 0.86489 -0.35672 0.25368 2 63.071 34.838 -8.433 0.92776 0.33788 -0.04993 0.15036 3 
122.488 -42.248 -21.4 0.16126 0.68247 0.69054 0.17716 1 117.587 -3.747 -13.61 -0.22745 0.80968 -0.48209 0.24549 2 63.071 34.86 -8.332 0.92786 0.33785 -0.04958 0.14994 3 
122.611 -43.492 -21.65 0.18023 0.67836 0.68898 0.1807 1 121.146 -8.307 -14.418 -0.19918 0.78381 -0.55663 0.1901 2 63.187 34.657 -8.259 0.92896 0.33546 -0.04907 0.14865 3 
122.436 -44.712 -21.883 0.19914 0.67469 0.68522 0.18871 1 123.046 -10.176 -14.896 -0.18039 0.77626 -0.5889 0.13446 2 63.066 34.793 -8.375 0.92797 0.33753 -0.04958 0.14993 3 
121.843 -45.614 -21.919 0.21829 0.66545 0.6808 0.21457 1 125.119 -11.05 -14.851 -0.16749 0.78339 -0.58604 0.12166 2 63.059 34.816 -8.319 0.92784 0.33816 -0.04923 0.14947 3 
121.585 -45.862 -21.975 0.23824 0.65601 0.67424 0.24145 1 126.645 -11.32 -14.781 -0.14883 0.79326 -0.58148 0.10235 2 63.068 34.807 -8.361 0.92826 0.3368 -0.04985 0.14974 3 
121.413 -45.549 -21.873 0.25633 0.64465 0.67319 0.256 1 127.546 -10.831 -14.495 -0.13629 0.80534 -0.56933 0.09337 2 63.162 34.666 -8.301 0.92889 0.33545 -0.04957 0.1489 3 
120.381 -45.528 -21.573 0.30087 0.63809 0.65273 0.27614 1 128.071 -9.111 -14.062 -0.11903 0.82338 -0.54977 0.07506 2 63.162 34.694 -8.292 0.92879 0.33569 -0.04967 0.14897 3 
118.051 -44.59 -21.543 0.29694 0.65944 0.64729 0.24079 1 128.225 -5.919 -13.85 -0.0281 0.84379 -0.53594 0.00224 2 63.077 34.767 -8.461 0.92796 0.33718 -0.0506 0.15044 3 
113.888 -40.387 -20.831 0.32333 0.66851 0.64158 0.19218 1 126.886 -1.203 -13.995 0.06998 0.84953 -0.51296 -0.10137 2 63.054 34.877 -8.244 0.92807 0.33755 -0.04915 0.14941 3 
109 -33.313 -18.555 0.44316 0.65401 0.59553 0.1457 1 124.321 4.576 -13.608 0.12529 0.85812 -0.46208 -0.18549 2 63.178 34.683 -8.32 0.92896 0.33482 -0.0503 0.14966 3 
104.951 -23.386 -16.242 0.53246 0.65014 0.53383 0.09399 1 120.646 11.51 -12.883 0.16355 0.87504 -0.41115 -0.19623 2 63.157 34.664 -8.404 0.92851 0.336 -0.05043 0.14974 3 
100.934 -11.052 -14.302 0.5398 0.73879 0.40211 0.03335 1 116.262 18.785 -12.485 0.24808 0.89199 -0.34005 -0.16489 2 63.093 34.782 -8.335 0.9281 0.33747 -0.04965 0.14928 3 
96.251 1.245 -13.447 0.48246 0.82442 0.29592 0.00054 1 111.845 24.315 -12.291 0.28436 0.92272 -0.23432 -0.1132 2 63.158 34.761 -8.271 0.92873 0.33581 -0.04956 0.1491 3 
91.85 10.48 -13.944 0.43425 0.87126 0.22609 0.03492 1 108.535 28.454 -12.553 0.29906 0.92635 -0.21632 -0.0751 2 62.877 35.114 -8.492 0.92627 0.34128 -0.05019 0.15178 3 
89.38 16.067 -14.888 0.43514 0.87922 0.15815 0.11226 1 106.262 32.106 -12.973 0.30175 0.91595 -0.25611 -0.06624 2 63.14 34.746 -8.442 0.9283 0.33626 -0.05064 0.15042 3 
88.406 18.296 -15.313 0.44399 0.87816 0.12563 0.12619 1 104.686 34.406 -13.693 0.3089 0.91072 -0.27093 -0.04193 2 63.014 34.946 -8.19 0.92773 0.33895 -0.0479 0.14881 3 
87.921 20.096 -15.887 0.44869 0.8789 0.0763 0.14279 1 103.523 35.247 -13.993 0.30959 0.92014 -0.23903 -0.01874 2 63.009 34.908 -8.474 0.92712 0.33944 -0.04984 0.15085 3 
87.644 21.409 -16.302 0.44755 0.8783 0.0449 0.16207 1 102.986 35.778 -14.249 0.30751 0.92406 -0.22628 -0.01866 2 63.038 34.964 -8.332 0.92752 0.33867 -0.04937 0.15023 3 
87.277 22.276 -16.401 0.44841 0.87698 0.04505 0.16675 1 102.419 36.349 -14.436 0.30765 0.92454 -0.2245 -0.01346 2 63.056 34.866 -8.374 0.92778 0.33811 -0.04938 0.14992 3 
87.185 22.805 -16.731 0.4487 0.8728 0.03947 0.18799 1 101.553 37.06 -14.65 0.3078 0.92611 -0.21809 0.00343 2 63.186 34.755 -8.275 0.92835 0.33663 -0.04962 0.14964 3 
87.134 23.196 -16.857 0.44351 0.8713 0.04319 0.2056 1 100.859 37.201 -15.04 0.30166 0.92898 -0.21394 0.01503 2 63.021 34.95 -8.473 0.92738 0.33841 -0.0504 0.15133 3 
87.043 23.395 -17.007 0.4373 0.87013 0.04999 0.22169 1 99.8 37.321 -15.326 0.28828 0.93628 -0.19843 0.03014 2 63.031 34.913 -8.249 0.92763 0.33892 -0.04839 0.14933 3 
87.068 23.44 -17.048 0.43527 0.86992 0.05562 0.22512 1 98.836 37.39 -15.838 0.2829 0.9423 -0.17392 0.04224 2 62.995 34.968 -8.388 0.92717 0.33954 -0.04944 0.15041 3 
87.024 23.404 -17.024 0.43557 0.86938 0.05754 0.22615 1 98.273 37.504 -16.533 0.27586 0.94481 -0.1662 0.06012 2 63.152 34.796 -8.23 0.92857 0.33629 -0.049 0.14921 3 
