112.62 -41.375 -19.519 0.23051 0.68883 0.66674 0.16683 1 113.059 -5.663 -14.716 -0.15983 0.7669 -0.60856 0.1264 2 78.352 9.715 -17.017 0.84854 0.4577 -0.20469 0.1691 3 
112.578 -41.359 -19.506 0.23022 0.68817 0.66729 0.16778 1 113.087 -5.673 -14.712 -0.15873 0.76727 -0.60809 0.12778 2 78.443 9.593 -16.735 0.84961 0.45654 -0.20322 0.16866 3 
112.514 -41.411 -19.501 0.23045 0.68768 0.66726 0.16959 1 113.144 -5.705 -14.716 -0.15649 0.76737 -0.6086 0.12752 2 78.53 9.355 -16.658 0.85092 0.45448 -0.20334 0.16744 3 
112.451 -41.468 -19.502 0.23086 0.687 0.66722 0.17188 1 113.16 -5.767 -14.711 -0.15447 0.76748 -0.60902 0.1273 2 78.517 9.628 -16.565 0.84982 0.45673 -0.20237 0.1681 3 
112.374 -41.546 -19.511 0.23143 0.68634 0.66705 0.17444 1 113.124 -5.814 -14.694 -0.15329 0.76743 -0.60909 0.12869 2 78.382 10.067 -16.836 0.84708 0.4603 -0.20381 0.17038 3 
111.891 -42.2 -19.36 0.23186 0.69328 0.65711 0.18389 1 113.038 -5.78 -14.686 -0.15079 0.76638 -0.61071 0.13023 2 78.477 9.537 -16.68 0.84964 0.45702 -0.20274 0.16773 3 
110.522 -44.729 -19.531 0.164 0.72693 0.65461 0.12714 1 112.932 -5.684 -14.67 -0.14645 0.76487 -0.61364 0.13027 2 78.441 9.753 -16.822 0.84866 0.45806 -0.20371 0.16872 3 
105.42 -49.131 -19.059 0.08543 0.76809 0.63456 -0.00835 1 112.762 -5.533 -14.65 -0.14303 0.76217 -0.61733 0.13241 2 78.384 9.783 -16.989 0.84787 0.45919 -0.20378 0.16953 3 
97.826 -51.436 -16.803 0.06731 0.77844 0.60822 -0.13988 1 112.603 -5.371 -14.683 -0.14096 0.76064 -0.61842 0.13828 2 78.427 9.813 -16.856 0.84842 0.45809 -0.20428 0.16913 3 
89.574 -50.367 -14.359 0.08181 0.77801 0.58986 -0.20021 1 112.519 -5.185 -14.707 -0.13519 0.75924 -0.62069 0.14149 2 78.441 9.787 -16.608 0.84872 0.45857 -0.20189 0.16922 3 
81.645 -46.635 -12.906 0.09549 0.79765 0.56486 -0.1886 1 112.535 -5.036 -14.72 -0.12703 0.75834 -0.62372 0.14058 2 78.439 9.692 -16.914 0.84883 0.45728 -0.20479 0.16866 3 
74.256 -41.558 -12.525 0.0922 0.81461 0.55398 -0.14498 1 112.596 -4.873 -14.708 -0.11532 0.75694 -0.62824 0.13803 2 78.487 9.647 -16.66 0.84919 0.45749 -0.20293 0.16853 3 
68.339 -36.382 -12.994 0.07114 0.82918 0.5455 -0.09914 1 112.783 -4.665 -14.705 -0.09724 0.7546 -0.63412 0.13793 2 78.424 9.862 -16.611 0.84817 0.45981 -0.20132 0.16927 3 
63.866 -31.944 -13.826 0.0419 0.83813 0.5399 -0.06554 1 113.175 -4.505 -14.676 -0.07238 0.75169 -0.63968 0.14329 2 78.415 9.698 -16.85 0.84868 0.45806 -0.20376 0.16856 3 
60.572 -29.305 -14.622 -0.00979 0.82709 0.55839 -0.0634 1 113.59 -4.341 -14.627 -0.04651 0.74723 -0.64442 0.15557 2 78.392 9.993 -16.583 0.84769 0.46073 -0.20065 0.16995 3 
58.403 -28.04 -15.108 -0.03566 0.81721 0.56848 -0.08792 1 113.841 -4.236 -14.621 -0.02118 0.74156 -0.64924 0.1677 2 78.373 9.66 -16.634 0.84937 0.45763 -0.20139 0.16908 3 
57.265 -27.627 -15.326 -0.04786 0.80395 0.57639 -0.13838 1 113.824 -4.165 -14.629 -0.00329 0.73586 -0.65328 0.17812 2 78.175 9.18 -16.427 0.85229 0.45499 -0.20081 0.16203 3 
56.67 -27.593 -15.462 -0.05276 0.79103 0.58057 -0.18556 1 113.434 -4.021 -14.657 0.00299 0.7311 -0.65606 0.18727 2 78.019 8.521 -16.877 0.85911 0.44233 -0.20557 0.15495 3 
56.212 -27.541 -15.406 -0.05333 0.78413 0.58147 -0.21022 1 112.989 -4.014 -14.666 0.00174 0.72849 -0.65665 0.19522 2 77.711 7.336 -16.54 0.86319 0.43807 -0.20326 0.14726 3 
55.849 -27.629 -15.286 -0.05146 0.78327 0.5802 -0.2173 1 112.745 -4.052 -14.692 0.0025 0.72715 -0.65751 0.19731 2 77.461 7.144 -16.562 0.86477 0.43619 -0.20236 0.14476 3 
55.779 -27.701 -15.252 -0.0458 0.78678 0.5746 -0.22071 1 112.634 -4.206 -14.694 0.00346 0.72649 -0.65873 0.19562 2 77.665 8.002 -16.349 0.8627 0.43916 -0.19956 0.15189 3 
55.759 -27.662 -15.207 -0.04288 0.79072 0.57031 -0.21832 1 112.677 -4.358 -14.723 0.00171 0.72684 -0.65871 0.19443 2 77.692 8.323 -16.643 0.861 0.44061 -0.2016 0.15459 3 
55.772 -27.705 -15.169 -0.04075 0.79304 0.56786 -0.2167 1 112.903 -4.512 -14.735 0.00165 0.72741 -0.65939 0.18993 2 77.74 8.037 -16.667 0.86331 0.43625 -0.20187 0.15371 3 
55.715 -27.78 -15.074 -0.04133 0.79462 0.56688 -0.21337 1 113.229 -4.627 -14.758 0.00111 0.72765 -0.65993 0.18713 2 77.622 8.068 -16.298 0.86472 0.43634 -0.19764 0.151 3 
55.682 -27.941 -14.633 -0.02414 0.7957 0.56334 -0.22118 1 113.636 -4.741 -14.771 0.00113 0.72702 -0.66071 0.18681 2 77.662 8.878 -15.817 0.86314 0.43634 -0.19516 0.16284 3 
55.621 -28.215 -13.41 -0.00414 0.78857 0.56176 -0.25015 1 113.99 -4.834 -14.848 -0.00033 0.72695 -0.66165 0.18377 2 78.746 11.161 -13.578 0.84269 0.44786 -0.20382 0.21851 3 
55.765 -28.806 -11.619 0.01756 0.76646 0.57579 -0.28406 1 114.188 -4.898 -14.888 -0.00618 0.72767 -0.66166 0.18073 2 80.9 15.077 -10.585 0.80795 0.46366 -0.21968 0.28979 3 
56.111 -29.42 -9.662 0.04445 0.74791 0.58074 -0.31842 1 114.228 -4.892 -14.968 -0.01423 0.72812 -0.66135 0.17962 2 81.798 21.044 -7.936 0.7604 0.49199 -0.21194 0.36718 3 
56.695 -29.992 -7.798 0.06589 0.72678 0.58741 -0.34986 1 114.216 -4.824 -14.985 -0.02262 0.72827 -0.6606 0.18089 2 81.349 30.192 -6.446 0.69207 0.53359 -0.1926 0.44635 3 
57.285 -30.493 -6.417 0.07718 0.703 0.60562 -0.36478 1 114.18 -4.741 -15.021 -0.03185 0.72923 -0.65868 0.18262 2 80.694 37.173 -5.641 0.63978 0.56463 -0.17079 0.49265 3 
57.832 -30.765 -5.613 0.08761 0.6939 0.60882 -0.37439 1 114.249 -4.698 -15.034 -0.03759 0.73017 -0.65764 0.18148 2 78.84 42.873 -6.136 0.59469 0.59199 -0.14762 0.52355 3 
58.138 -30.779 -5.276 0.09649 0.69793 0.60385 -0.37276 1 114.382 -4.69 -15.035 -0.04102 0.72996 -0.65775 0.1812 2 77.606 45.023 -6.963 0.57766 0.60501 -0.13699 0.53057 3 
58.236 -30.676 -5.257 0.09865 0.70102 0.60393 -0.36621 1 114.626 -4.691 -15.061 -0.04377 0.73042 -0.65678 0.18222 2 77.618 44.459 -6.464 0.58975 0.6004 -0.13342 0.52337 3 
58.297 -30.592 -5.25 0.09853 0.70347 0.60202 -0.36468 1 114.942 -4.717 -15.081 -0.04148 0.72971 -0.65833 0.18002 2 77.632 44.119 -6.406 0.59419 0.60074 -0.13196 0.5183 3 
58.305 -30.538 -5.2 0.098 0.70567 0.59892 -0.36568 1 115.185 -4.725 -15.119 -0.03959 0.72946 -0.65921 0.17821 2 78.454 42.858 -5.647 0.60713 0.58799 -0.13946 0.51596 3 
58.267 -30.434 -5.219 0.09582 0.70683 0.59909 -0.36373 1 115.266 -4.706 -15.108 -0.03967 0.72933 -0.65959 0.17731 2 77.71 43.568 -6.364 0.59631 0.5986 -0.13536 0.51746 3 
58.269 -30.304 -5.263 0.09667 0.70873 0.59821 -0.36125 1 115.268 -4.651 -15.118 -0.04 0.72895 -0.6599 0.17767 2 78.104 42.861 -5.682 0.60667 0.59225 -0.13839 0.5119 3 
58.194 -30.245 -5.294 0.09602 0.7095 0.5984 -0.3596 1 115.245 -4.619 -15.116 -0.04014 0.7288 -0.65979 0.17868 2 78.24 42.227 -6.079 0.6134 0.58717 -0.14253 0.50858 3 
58.184 -30.242 -5.289 0.09625 0.70976 0.59781 -0.36 1 115.19 -4.562 -15.109 -0.03985 0.72867 -0.66005 0.17828 2 78.282 42.004 -5.962 0.61313 0.58813 -0.14042 0.50839 3 
58.139 -30.253 -5.304 0.09548 0.71054 0.59792 -0.35848 1 115.091 -4.566 -15.151 -0.04125 0.7288 -0.65961 0.17903 2 78.193 42.014 -6.168 0.61271 0.58862 -0.14178 0.50795 3 
58.108 -30.25 -5.345 0.09611 0.7116 0.59748 -0.35694 1 115.034 -4.579 -15.115 -0.04159 0.72845 -0.65962 0.18036 2 78.148 41.731 -6.111 0.61516 0.58898 -0.13998 0.50507 3 
58.06 -30.264 -5.412 0.09388 0.71042 0.60061 -0.35462 1 115.015 -4.573 -15.12 -0.04156 0.72841 -0.65949 0.18099 2 78.856 40.426 -5.714 0.62574 0.58023 -0.14563 0.50058 3 
58.044 -30.295 -5.447 0.09349 0.71109 0.59989 -0.3546 1 115.017 -4.555 -15.116 -0.04171 0.72831 -0.65938 0.18174 2 78.848 40.55 -5.58 0.62704 0.58009 -0.14523 0.49923 3 
58.003 -30.356 -5.476 0.09361 0.71267 0.59815 -0.35435 1 115.025 -4.569 -15.125 -0.04029 0.72798 -0.65986 0.18167 2 78.723 40.379 -6.531 0.62424 0.58196 -0.14893 0.49947 3 
57.975 -30.399 -5.546 0.09209 0.71242 0.59899 -0.35381 1 114.963 -4.573 -15.121 -0.0411 0.72804 -0.65942 0.18283 2 78.807 40.289 -6.107 0.62622 0.58082 -0.14916 0.49824 3 
57.97 -30.375 -5.609 0.09257 0.71349 0.59877 -0.3519 1 114.913 -4.585 -15.115 -0.04128 0.72785 -0.65958 0.18297 2 78.803 39.974 -6.385 0.62904 0.58006 -0.14903 0.49561 3 
57.923 -30.294 -5.622 0.09328 0.71448 0.59808 -0.35089 1 114.876 -4.572 -15.118 -0.04119 0.72767 -0.65967 0.18338 2 78.837 39.863 -6.287 0.63034 0.57981 -0.15049 0.4938 3 
57.862 -30.184 -5.636 0.09367 0.71353 0.59984 -0.34969 1 114.853 -4.566 -15.11 -0.04081 0.72753 -0.65988 0.18329 2 78.982 39.421 -5.773 0.63744 0.57473 -0.14929 0.49099 3 
57.825 -30.101 -5.625 0.09376 0.71282 0.60125 -0.34871 1 114.856 -4.567 -15.134 -0.0403 0.72742 -0.66029 0.18235 2 78.994 39.425 -5.429 0.63815 0.57524 -0.14848 0.48971 3 
57.798 -30.01 -5.593 0.095 0.71341 0.60013 -0.34908 1 114.877 -4.543 -15.119 -0.03961 0.72733 -0.66052 0.18204 2 78.919 39.292 -5.793 0.63803 0.57491 -0.14923 0.49003 3 
57.763 -29.952 -5.596 0.09509 0.71274 0.60144 -0.34816 1 114.885 -4.524 -15.122 -0.03952 0.72722 -0.66061 0.18216 2 78.587 39.732 -5.639 0.63567 0.57737 -0.1465 0.49102 3 
57.769 -29.93 -5.631 0.09555 0.71264 0.60231 -0.34675 1 114.891 -4.529 -15.121 -0.03915 0.72715 -0.66069 0.18225 2 78.838 39.267 -5.012 0.64178 0.57327 -0.14535 0.48822 3 
57.737 -29.967 -5.67 0.09523 0.71315 0.60213 -0.34609 1 114.889 -4.522 -15.122 -0.03893 0.72708 -0.66078 0.18221 2 79.018 38.819 -5.899 0.64386 0.57051 -0.15203 0.48667 3 
57.709 -30.048 -5.704 0.09399 0.71288 0.60209 -0.34708 1 114.87 -4.493 -15.118 -0.03889 0.72689 -0.66077 0.18304 2 79.18 38.673 -5.678 0.64462 0.56959 -0.15337 0.48633 3 
57.656 -30.128 -5.779 0.09252 0.71327 0.60272 -0.34556 1 114.816 -4.487 -15.108 -0.03897 0.72672 -0.66062 0.18421 2 79.272 38.248 -6.161 0.64395 0.57053 -0.15545 0.48545 3 
57.544 -30.175 -5.96 0.09074 0.7147 0.603 -0.34257 1 114.767 -4.463 -15.113 -0.03828 0.72647 -0.66057 0.18554 2 79.538 37.479 -5.253 0.65519 0.56302 -0.15507 0.47926 3 
57.358 -30.144 -6.35 0.08747 0.71694 0.6037 -0.33748 1 114.75 -4.442 -15.103 -0.03636 0.72586 -0.66074 0.1877 2 79.85 35.888 -6.166 0.66309 0.55918 -0.16334 0.47005 3 
57.076 -29.948 -7.074 0.0835 0.72214 0.60411 -0.32648 1 114.756 -4.428 -15.105 -0.03355 0.72517 -0.66071 0.19093 2 80.551 32.615 -5.855 0.69396 0.53897 -0.17199 0.44536 3 
56.677 -29.603 -8.178 0.07708 0.73097 0.60193 -0.31213 1 114.8 -4.417 -15.098 -0.0289 0.72404 -0.66136 0.1937 2 81.045 28.416 -7.317 0.72622 0.51791 -0.18835 0.41097 3 
56.272 -29.134 -9.608 0.06303 0.74419 0.59834 -0.29018 1 114.852 -4.432 -15.113 -0.02329 0.72277 -0.66242 0.1956 2 81.216 22.539 -7.887 0.77248 0.48649 -0.19739 0.35728 3 
56.134 -28.739 -11.112 0.04117 0.75596 0.59702 -0.26531 1 114.925 -4.467 -15.111 -0.01629 0.72138 -0.66373 0.19697 2 80.675 17.614 -9.807 0.80892 0.46496 -0.20179 0.29787 3 
55.963 -28.576 -12.47 0.02798 0.7653 0.5959 -0.24172 1 115.01 -4.516 -15.074 -0.00839 0.72035 -0.66445 0.19882 2 80.02 14.646 -11.704 0.83189 0.45165 -0.19999 0.25292 3 
55.968 -28.415 -13.597 0.0078 0.77257 0.595 -0.22148 1 114.915 -4.581 -15.087 -0.00494 0.71926 -0.66514 0.20057 2 79.442 12.037 -13.351 0.85155 0.43565 -0.20088 0.21144 3 
55.994 -28.29 -14.409 -0.00682 0.77922 0.5918 -0.20626 1 114.788 -4.587 -15.076 -0.00323 0.71877 -0.66496 0.20294 2 78.737 10.662 -14.801 0.86152 0.43279 -0.19566 0.17942 3 
55.838 -28.247 -14.856 -0.01242 0.78872 0.58121 -0.1999 1 114.769 -4.66 -15.075 -4e-05 0.71854 -0.66509 0.20335 2 78.124 10.661 -15.49 0.86187 0.43624 -0.19229 0.1729 3 
55.713 -28.315 -15.18 -0.01967 0.79388 0.57538 -0.19572 1 114.85 -4.746 -15.051 0.0038 0.71868 -0.66503 0.20301 2 77.678 9.783 -16.019 0.86523 0.43381 -0.19022 0.16434 3 
55.625 -28.317 -15.181 -0.02162 0.79399 0.57446 -0.19774 1 114.864 -4.868 -15.038 0.00519 0.71844 -0.66526 0.2031 2 77.787 9.771 -16.08 0.86329 0.43597 -0.19409 0.16428 3 
55.617 -28.192 -15.125 -0.02729 0.79651 0.57135 -0.19592 1 114.869 -4.993 -15.073 0.00445 0.71894 -0.6646 0.20351 2 77.557 9.141 -16.386 0.86426 0.43466 -0.1959 0.16049 3 
55.702 -28.215 -15.161 -0.02784 0.79802 0.56892 -0.19679 1 115.003 -5.201 -15.091 0.0054 0.71973 -0.66466 0.20046 2 77.705 9.321 -16.389 0.86307 0.43601 -0.19615 0.16286 3 
55.816 -28.169 -15.175 -0.03216 0.7984 0.56855 -0.19563 1 115.228 -5.386 -15.068 0.0055 0.7209 -0.66397 0.19854 2 77.849 9.654 -16.294 0.86043 0.43974 -0.19659 0.16623 3 
55.934 -28.117 -15.182 -0.03635 0.79863 0.56828 -0.19473 1 115.503 -5.567 -15.09 0.00399 0.72186 -0.66354 0.19653 2 77.905 9.619 -16.305 0.8591 0.44182 -0.19735 0.16673 3 
55.97 -28.121 -15.173 -0.03654 0.7984 0.57343 -0.18001 1 115.873 -5.744 -15.088 0.00421 0.72294 -0.66323 0.19355 2 77.855 9.577 -16.307 0.8593 0.44171 -0.19742 0.1659 3 
56.416 -28.672 -15.098 -0.02249 0.80336 0.57432 -0.15577 1 116.198 -5.853 -15.111 0.00211 0.72461 -0.66261 0.18944 2 77.944 9.173 -16.197 0.86137 0.43821 -0.19763 0.16418 3 
58.179 -30.403 -15.052 -0.01415 0.80465 0.57473 -0.14843 1 116.341 -5.878 -15.116 -0.00402 0.72631 -0.66223 0.18417 2 77.907 9.101 -16.525 0.8611 0.43778 -0.19962 0.16437 3 
62.009 -33.904 -14.89 0.01747 0.80564 0.57171 -0.15424 1 116.452 -5.881 -15.083 -0.01219 0.72829 -0.66054 0.18202 2 77.891 9.522 -16.354 0.8594 0.44132 -0.1978 0.16597 3 
68.391 -38.169 -14.304 0.09665 0.80038 0.56861 -0.16348 1 116.487 -5.812 -15.088 -0.02511 0.73192 -0.65666 0.18016 2 77.882 9.229 -16.506 0.86037 0.43928 -0.19899 0.16495 3 
76.745 -41.947 -14.213 0.1877 0.81273 0.53935 -0.11553 1 116.399 -5.812 -15.069 -0.03717 0.73604 -0.65235 0.17693 2 77.943 9.304 -16.447 0.86016 0.439 -0.20005 0.16549 3 
86.319 -44.87 -15.07 0.25861 0.82597 0.50044 -0.0211 1 116.197 -5.883 -14.976 -0.05061 0.741 -0.64635 0.17487 2 77.837 9.468 -16.441 0.8594 0.44113 -0.19811 0.16611 3 
96.281 -47.007 -16.308 0.32378 0.81234 0.47052 0.11782 1 116.021 -5.974 -14.904 -0.06559 0.74648 -0.63876 0.1745 2 77.968 9.432 -16.327 0.8597 0.44037 -0.19896 0.16556 3 
104.221 -48.98 -17.32 0.3791 0.77659 0.45392 0.21715 1 116.176 -6.176 -14.798 -0.07664 0.75185 -0.63246 0.16982 2 77.934 9.192 -16.491 0.86032 0.43896 -0.19996 0.16485 3 
109.746 -46.919 -17.954 0.41534 0.70817 0.50517 0.26607 1 116.537 -6.536 -14.784 -0.07956 0.75509 -0.63111 0.15878 2 77.886 9.244 -16.452 0.86033 0.43941 -0.19873 0.16508 3 
112.561 -43.997 -19.034 0.35318 0.69692 0.58454 0.21882 1 117.125 -6.916 -14.843 -0.07775 0.75693 -0.63108 0.15083 2 77.922 8.98 -16.684 0.8614 0.43632 -0.20187 0.1639 3 
112.243 -44.626 -18.892 0.36927 0.69476 0.57295 0.22952 1 118.18 -7.34 -14.872 -0.06783 0.75957 -0.63158 0.13984 2 77.937 9.13 -16.483 0.86073 0.43814 -0.20025 0.16454 3 
111.646 -45.061 -18.913 0.38531 0.68952 0.56166 0.24625 1 119.081 -7.784 -15.007 -0.05646 0.76017 -0.635 0.12543 2 77.941 9.142 -16.488 0.86083 0.43782 -0.20042 0.16467 3 
110.932 -45.539 -18.713 0.40409 0.68284 0.54859 0.26361 1 119.92 -8.145 -14.998 -0.04349 0.76066 -0.63793 0.11201 2 77.944 9.244 -16.629 0.85999 0.43893 -0.20161 0.16463 3 
110.381 -45.816 -18.542 0.41818 0.67975 0.53634 0.2746 1 120.077 -8.291 -15.029 -0.03952 0.75986 -0.64085 0.10176 2 77.882 9.343 -16.439 0.86017 0.43941 -0.19922 0.16534 3 
110.136 -45.915 -18.438 0.42728 0.67939 0.52596 0.28148 1 119.494 -8.031 -15.152 -0.04641 0.75869 -0.64195 0.10064 2 77.885 9.271 -16.475 0.85982 0.44024 -0.19905 0.16517 3 
110.098 -46.022 -18.246 0.43001 0.68246 0.51773 0.28513 1 118.837 -7.633 -15.019 -0.06124 0.75905 -0.63822 0.11299 2 77.933 9.298 -16.359 0.86038 0.43924 -0.19877 0.16521 3 
109.466 -46.904 -17.921 0.44575 0.69155 0.49114 0.28609 1 118.801 -7.661 -15.079 -0.06469 0.75914 -0.63806 0.11138 2 77.974 9.38 -16.297 0.85978 0.44015 -0.19904 0.16559 3 
109.626 -47.266 -17.867 0.44909 0.68866 0.48458 0.29875 1 119.732 -7.941 -14.986 -0.05974 0.76076 -0.63712 0.10841 2 77.897 9.279 -16.575 0.85981 0.43963 -0.20054 0.16503 3 
109.258 -47.121 -17.84 0.45935 0.69218 0.47609 0.28848 1 121.307 -7.51 -14.866 -0.04484 0.76269 -0.63787 0.09703 2 77.873 9.08 -16.872 0.86011 0.43841 -0.20277 0.16401 3 
108.198 -45.404 -17.824 0.44428 0.7153 0.4868 0.23235 1 122.301 -5.822 -14.743 -0.00665 0.76195 -0.64671 0.03396 2 77.979 8.81 -16.579 0.86197 0.43553 -0.20167 0.16324 3 
106.691 -41.417 -17.247 0.43253 0.73621 0.49695 0.15477 1 122.186 -3.078 -14.543 0.04003 0.75297 -0.65633 -0.02557 2 77.878 9.246 -16.632 0.86021 0.43873 -0.20109 0.1647 3 
104.707 -34.546 -16.809 0.40319 0.73633 0.53419 0.09945 1 121.938 1.126 -14.401 0.0932 0.75841 -0.64165 -0.06647 2 77.917 9.462 -16.493 0.85898 0.44153 -0.19973 0.16527 3 
102.017 -23.864 -15.534 0.46716 0.72219 0.49506 0.12297 1 120.542 7.344 -13.606 0.16929 0.83446 -0.5244 -0.00424 2 77.9 9.425 -16.505 0.85921 0.44081 -0.20001 0.16563 3 
99.881 -10.518 -14.206 0.48732 0.74807 0.42761 0.14167 1 117.828 15.166 -13.149 0.22409 0.88533 -0.40729 -0.00968 2 77.82 9.484 -16.48 0.85886 0.44195 -0.19867 0.16605 3 
97.287 1.464 -13.542 0.47619 0.81184 0.32532 0.09121 1 113.545 22.391 -12.369 0.24354 0.92403 -0.28446 -0.07713 2 77.912 9.178 -16.602 0.86032 0.43863 -0.20095 0.16453 3 
93.566 11.57 -13.852 0.43738 0.86916 0.2304 0.01358 1 109.055 29.036 -11.952 0.24533 0.93154 -0.23473 -0.13016 2 77.921 9.169 -16.379 0.86077 0.43844 -0.19935 0.16461 3 
90.099 18.285 -15.079 0.39333 0.9051 0.15774 0.0348 1 106.042 33.219 -12.062 0.2816 0.93808 -0.16801 -0.11166 2 77.891 9.121 -16.784 0.86021 0.4383 -0.20245 0.16413 3 
88.359 21.248 -16.526 0.37104 0.91614 0.11613 0.09762 1 104.949 35.757 -12.954 0.29622 0.93977 -0.15359 -0.07416 2 77.885 9.476 -16.524 0.85887 0.44158 -0.19995 0.16542 3 
88.408 22.458 -17.408 0.37739 0.91491 0.08183 0.1176 1 105.205 36.855 -13.5 0.27046 0.93741 -0.19568 -0.09911 2 77.969 8.965 -16.407 0.86178 0.4363 -0.20028 0.16393 3 
88.603 22.912 -17.754 0.38441 0.91099 0.07134 0.1313 1 104.115 37.488 -14.218 0.23866 0.94368 -0.22294 -0.053 2 77.894 9.194 -16.51 0.86029 0.43906 -0.19989 0.16481 3 
88.593 23.186 -17.911 0.39447 0.90896 0.06268 0.11937 1 102.774 37.864 -14.548 0.22012 0.94611 -0.23616 -0.02562 2 77.892 9.203 -16.533 0.86025 0.43911 -0.20004 0.16477 3 
88.4 23.522 -17.801 0.39977 0.90732 0.06018 0.11543 1 101.594 38.366 -15.305 0.20774 0.94311 -0.25905 -0.01675 2 77.903 9.15 -16.441 0.86077 0.43837 -0.19951 0.16462 3 
88.2 23.815 -17.936 0.40423 0.90528 0.06141 0.11532 1 100.418 38.487 -15.636 0.19911 0.95024 -0.23828 0.02507 2 77.966 9.036 -16.638 0.86088 0.43739 -0.20193 0.16369 3 
88.071 23.797 -17.887 0.40608 0.90375 0.06864 0.1167 1 99.038 38.375 -16.302 0.20172 0.96251 -0.1753 0.04641 2 77.864 9.185 -16.741 0.85991 0.43936 -0.20113 0.1645 3 
