119.662 -49.46 -18.512 0.60442 0.69106 0.37034 0.14129 1 127.59 -5.815 -15.563 -0.48412 0.79624 -0.34236 0.12008 2 64.627 67.409 -31.285 0.60013 0.76549 0.04982 0.22666 3 
119.76 -49.463 -18.584 0.60317 0.69129 0.37283 0.13894 1 127.599 -5.803 -15.563 -0.48579 0.79506 -0.34234 0.12119 2 64.528 67.515 -31.211 0.5997 0.76604 0.05052 0.22581 3 
119.879 -49.623 -18.595 0.60122 0.69408 0.37128 0.13761 1 127.503 -5.815 -15.585 -0.4916 0.79138 -0.34278 0.12063 2 64.935 67.107 -31.263 0.6029 0.76331 0.04861 0.22695 3 
119.956 -49.724 -18.594 0.59839 0.69811 0.37011 0.13265 1 127.425 -5.927 -15.621 -0.49475 0.78967 -0.3431 0.11801 2 64.751 67.159 -32.043 0.60153 0.76466 0.04449 0.22689 3 
120.003 -49.874 -18.638 0.59673 0.70066 0.36935 0.12871 1 127.406 -6.037 -15.694 -0.49494 0.78981 -0.34376 0.11435 2 64.445 67.149 -32.152 0.60002 0.76598 0.04504 0.22631 3 
119.938 -49.982 -18.593 0.59693 0.70218 0.36694 0.12637 1 127.464 -6.126 -15.755 -0.49441 0.78985 -0.34567 0.11052 2 64.565 67.249 -32.009 0.60004 0.76615 0.04571 0.22558 3 
119.826 -50.065 -18.601 0.59728 0.70267 0.36548 0.12626 1 127.532 -6.175 -15.822 -0.49299 0.79041 -0.34757 0.10682 2 64.884 66.779 -31.919 0.60334 0.76348 0.04559 0.22582 3 
119.639 -50.21 -18.524 0.6002 0.70248 0.35919 0.13139 1 127.54 -6.297 -15.832 -0.49103 0.79146 -0.3492 0.10264 2 64.846 67.566 -31.05 0.60129 0.76428 0.05112 0.22738 3 
119.493 -50.409 -18.369 0.60086 0.70541 0.3482 0.14187 1 127.503 -6.265 -15.869 -0.48998 0.79181 -0.35045 0.10071 2 64.858 67.161 -31.298 0.60191 0.76381 0.04937 0.22771 3 
119.321 -50.369 -18.31 0.6012 0.70444 0.34756 0.1467 1 127.537 -6.203 -15.86 -0.48876 0.792 -0.35242 0.09822 2 64.604 67.093 -31.813 0.60059 0.7655 0.04656 0.22611 3 
118.98 -50.421 -18.296 0.60683 0.70193 0.33811 0.15731 1 127.775 -6.152 -15.911 -0.48167 0.79602 -0.35434 0.09382 2 64.463 67.797 -31.458 0.60006 0.7658 0.04953 0.22589 3 
118.595 -50.542 -18.078 0.6134 0.69902 0.32711 0.16767 1 127.915 -6.041 -15.909 -0.47839 0.79793 -0.35525 0.09084 2 65.034 66.806 -31.751 0.6038 0.76269 0.04616 0.22716 3 
116.56 -51.922 -17.798 0.61354 0.72 0.28367 0.15714 1 128.198 -5.941 -15.85 -0.46877 0.80407 -0.35416 0.09105 2 65.029 67.001 -31.364 0.60302 0.76316 0.04902 0.22705 3 
112.174 -51.996 -18.862 0.45582 0.82173 0.31287 0.1382 1 128.114 -5.755 -15.836 -0.47036 0.80469 -0.35107 0.08932 2 64.782 67.243 -31.773 0.60185 0.76427 0.04613 0.22703 3 
106.875 -47.285 -18.451 0.33228 0.83918 0.42033 0.09315 1 127.794 -5.696 -15.855 -0.4764 0.80179 -0.34877 0.09236 2 64.726 67.171 -31.356 0.60178 0.76427 0.04939 0.22651 3 
102.204 -41.921 -16.983 0.33676 0.82231 0.45233 0.07616 1 127.541 -5.785 -15.794 -0.48235 0.79843 -0.34783 0.09413 2 64.35 67.191 -31.989 0.59973 0.76638 0.04546 0.22565 3 
99.161 -37.126 -15.922 0.37117 0.80864 0.45045 0.07374 1 127.549 -5.867 -15.842 -0.48038 0.80028 -0.34714 0.09094 2 64.933 67.428 -30.536 0.60178 0.7639 0.0537 0.22678 3 
97.714 -33.642 -15.408 0.38999 0.78757 0.47267 0.06491 1 127.932 -5.97 -15.869 -0.47034 0.80598 -0.3494 0.08428 2 64.764 67.024 -31.467 0.60238 0.76368 0.04831 0.22713 3 
97.329 -31.502 -15.114 0.39126 0.77352 0.4972 0.03699 1 128.364 -5.993 -15.92 -0.45798 0.8128 -0.35157 0.07753 2 64.539 67.339 -31.548 0.6001 0.76597 0.04835 0.22545 3 
97.141 -31.033 -15.255 0.37376 0.76541 0.52387 0.00216 1 128.604 -6.103 -15.922 -0.44831 0.81787 -0.35332 0.0726 2 64.779 66.96 -31.704 0.60339 0.76358 0.0465 0.22516 3 
97.474 -30.904 -15.176 0.38542 0.76264 0.51902 -0.02107 1 128.594 -6.098 -15.897 -0.44609 0.81868 -0.35433 0.07222 2 64.941 67.188 -31.347 0.60126 0.76447 0.04845 0.22743 3 
97.664 -30.76 -15.108 0.38752 0.76223 0.51738 -0.03371 1 128.428 -6.045 -15.905 -0.45015 0.81654 -0.35375 0.07414 2 65.157 66.945 -31.509 0.59945 0.76453 0.04698 0.23226 3 
97.816 -30.738 -15.06 0.38149 0.76385 0.51868 -0.04438 1 128.322 -5.977 -15.915 -0.45039 0.81653 -0.35374 0.0728 2 65.131 66.902 -31.446 0.59549 0.76574 0.04702 0.23839 3 
97.711 -30.889 -14.591 0.37475 0.76219 0.52492 -0.05556 1 128.32 -5.985 -15.929 -0.44899 0.81772 -0.35335 0.06997 2 64.777 67.412 -31.356 0.58671 0.77025 0.04732 0.24544 3 
97.776 -31.111 -12.679 0.37774 0.75898 0.523 -0.0879 1 128.399 -5.987 -15.919 -0.44708 0.81857 -0.354 0.06886 2 65.394 67.283 -31.076 0.57537 0.77036 0.04513 0.27101 3 
97.934 -31.598 -10.076 0.38015 0.7563 0.51853 -0.12093 1 128.366 -5.902 -15.922 -0.45099 0.81665 -0.35339 0.06937 2 65.141 68.292 -30.413 0.53784 0.77672 0.04863 0.32414 3 
98.43 -32.454 -7.88 0.39363 0.74295 0.51751 -0.15897 1 128.293 -5.888 -15.993 -0.45346 0.81583 -0.35228 0.06853 2 64.85 68.459 -30.912 0.50971 0.77596 0.04363 0.36902 3 
98.809 -33.173 -6.334 0.40257 0.72892 0.52144 -0.18632 1 128.137 -5.888 -15.926 -0.45749 0.81348 -0.35253 0.06835 2 64.259 69.758 -30.654 0.48001 0.77472 0.04696 0.40889 3 
98.913 -33.495 -5.62 0.40915 0.72117 0.52151 -0.20135 1 127.95 -5.883 -15.947 -0.46195 0.81101 -0.35207 0.07004 2 64.078 70.318 -30.252 0.46343 0.77178 0.04835 0.43273 3 
98.899 -33.384 -5.445 0.40961 0.72147 0.51916 -0.20538 1 127.86 -5.862 -15.962 -0.4647 0.80897 -0.35278 0.07189 2 63.544 70.749 -29.928 0.45203 0.77255 0.05028 0.44307 3 
98.824 -33.194 -5.467 0.40917 0.72254 0.52088 -0.19799 1 127.821 -5.892 -15.938 -0.46471 0.80877 -0.35304 0.07271 2 64.113 70.075 -30.336 0.45671 0.76974 0.04601 0.44362 3 
98.814 -33.128 -5.477 0.41009 0.71998 0.52723 -0.18837 1 127.814 -5.846 -15.935 -0.46383 0.80919 -0.35329 0.07253 2 63.94 70.189 -30.629 0.46223 0.77194 0.04603 0.43399 3 
98.908 -33.049 -5.345 0.41293 0.71773 0.52951 -0.18431 1 127.775 -5.786 -15.94 -0.46303 0.80996 -0.3526 0.07239 2 64.083 69.885 -30.54 0.47035 0.77128 0.04585 0.42637 3 
99.039 -33.018 -5.084 0.41723 0.71612 0.52719 -0.18753 1 127.704 -5.782 -15.919 -0.46282 0.81004 -0.35276 0.07202 2 63.462 70.729 -30.051 0.46772 0.7745 0.05268 0.42263 3 
99.064 -32.967 -4.806 0.42062 0.71471 0.52488 -0.19173 1 127.63 -5.744 -15.96 -0.46366 0.8094 -0.35326 0.07142 2 63.203 71.142 -29.81 0.46349 0.77538 0.05516 0.42535 3 
99.001 -32.909 -4.696 0.4211 0.71435 0.52439 -0.19338 1 127.554 -5.742 -15.979 -0.46312 0.80968 -0.35346 0.07072 2 63.558 70.541 -30.057 0.46406 0.77236 0.0515 0.43065 3 
98.973 -32.926 -4.613 0.42202 0.71377 0.5243 -0.19375 1 127.511 -5.739 -15.923 -0.46221 0.80993 -0.35405 0.07091 2 63.382 70.895 -30.417 0.46179 0.77255 0.04944 0.43299 3 
98.951 -32.947 -4.565 0.42358 0.71335 0.52385 -0.19311 1 127.438 -5.72 -15.949 -0.46259 0.80971 -0.35395 0.07145 2 63.554 70.692 -30.255 0.46235 0.77249 0.04925 0.4325 3 
98.924 -32.934 -4.549 0.42282 0.71323 0.5249 -0.19236 1 127.362 -5.736 -15.935 -0.46316 0.80937 -0.35394 0.07164 2 64.139 70.259 -30.311 0.46729 0.76911 0.04661 0.43352 3 
98.937 -32.949 -4.544 0.42369 0.71337 0.52417 -0.19191 1 127.305 -5.77 -15.939 -0.46302 0.80946 -0.35394 0.07149 2 63.701 70.411 -30.174 0.46489 0.77185 0.04977 0.43087 3 
98.949 -32.972 -4.577 0.42333 0.71384 0.52413 -0.1911 1 127.3 -5.761 -15.94 -0.46319 0.80935 -0.35389 0.07186 2 63.587 70.705 -29.983 0.46433 0.77262 0.05195 0.42984 3 
99.002 -33.016 -4.606 0.42287 0.71363 0.52458 -0.19166 1 127.345 -5.794 -15.922 -0.46295 0.80958 -0.35365 0.07203 2 63.636 70.584 -30.281 0.46409 0.77253 0.0497 0.43053 3 
99.06 -33.093 -4.623 0.42419 0.7123 0.52544 -0.19135 1 127.41 -5.809 -15.91 -0.46321 0.80945 -0.35347 0.07273 2 62.952 71.465 -29.787 0.45964 0.77569 0.05642 0.42878 3 
99.126 -33.16 -4.623 0.42472 0.71107 0.52694 -0.19057 1 127.478 -5.851 -15.896 -0.46344 0.80929 -0.35334 0.07366 2 63.981 70.191 -30.08 0.46861 0.77017 0.05066 0.42974 3 
99.247 -33.219 -4.64 0.42553 0.71056 0.52654 -0.19177 1 127.543 -5.902 -15.901 -0.46421 0.80903 -0.35283 0.07418 2 62.882 71.244 -29.733 0.46103 0.7749 0.05754 0.42857 3 
99.339 -33.272 -4.643 0.42529 0.71028 0.5272 -0.19154 1 127.602 -5.961 -15.904 -0.46439 0.8092 -0.35236 0.0733 2 63.619 70.656 -30.515 0.46453 0.7727 0.05033 0.42966 3 
99.429 -33.351 -4.633 0.42582 0.70994 0.52675 -0.19288 1 127.657 -5.956 -15.923 -0.4652 0.80919 -0.35131 0.07335 2 63.409 71.064 -29.385 0.46411 0.77302 0.05707 0.42871 3 
99.532 -33.414 -4.586 0.42622 0.70983 0.52583 -0.19489 1 127.732 -5.986 -15.883 -0.46548 0.80899 -0.35128 0.07393 2 63.592 70.397 -30.532 0.46316 0.77244 0.04981 0.43167 3 
99.589 -33.473 -4.558 0.42735 0.70913 0.52567 -0.19541 1 127.773 -6.034 -15.907 -0.46515 0.80927 -0.35131 0.07281 2 63.168 70.901 -30.376 0.45935 0.77457 0.05283 0.43157 3 
99.618 -33.424 -4.522 0.42714 0.70928 0.52577 -0.19502 1 127.836 -5.951 -15.921 -0.46517 0.80941 -0.35103 0.07252 2 63.221 71.27 -29.941 0.45921 0.77378 0.05529 0.43282 3 
99.647 -33.373 -4.537 0.42727 0.70967 0.52507 -0.19522 1 127.866 -5.939 -15.936 -0.46513 0.80914 -0.35175 0.07217 2 63.388 70.997 -30.119 0.46022 0.77367 0.05376 0.43213 3 
99.654 -33.354 -4.543 0.42687 0.71008 0.52492 -0.19504 1 127.881 -5.907 -15.919 -0.46547 0.80908 -0.3515 0.07199 2 63.244 71.1 -30.23 0.45937 0.77398 0.05332 0.43253 3 
99.679 -33.338 -4.556 0.42636 0.71044 0.52482 -0.19509 1 127.886 -5.87 -15.931 -0.46538 0.80917 -0.35151 0.07138 2 63.173 71.079 -30.259 0.45857 0.77472 0.05426 0.43194 3 
99.721 -33.322 -4.53 0.42679 0.71029 0.52441 -0.19579 1 127.896 -5.807 -15.934 -0.4661 0.80882 -0.35124 0.07207 2 63.221 71.152 -30.349 0.4599 0.77298 0.05261 0.43384 3 
99.774 -33.332 -4.501 0.42785 0.70911 0.52487 -0.1965 1 127.905 -5.819 -15.931 -0.46588 0.80883 -0.35154 0.07187 2 63.048 71.273 -30.203 0.45738 0.77516 0.05479 0.43235 3 
99.821 -33.286 -4.467 0.42831 0.70901 0.52447 -0.19692 1 127.932 -5.772 -15.927 -0.4657 0.80888 -0.35168 0.07174 2 63.183 71.264 -30.021 0.45822 0.77443 0.05605 0.43261 3 
99.837 -33.22 -4.48 0.42859 0.70935 0.52392 -0.19656 1 127.963 -5.773 -15.923 -0.4655 0.80911 -0.3515 0.07146 2 63.417 71.232 -29.723 0.46033 0.77233 0.05596 0.43413 3 
99.843 -33.195 -4.492 0.42847 0.70891 0.52498 -0.19559 1 128.017 -5.766 -15.939 -0.46491 0.80951 -0.35137 0.07137 2 63.306 71.005 -30.169 0.46037 0.77362 0.05379 0.43206 3 
99.851 -33.177 -4.526 0.42846 0.7089 0.52531 -0.19474 1 128.073 -5.724 -15.926 -0.46512 0.8094 -0.3513 0.07161 2 63.04 70.795 -30.772 0.46015 0.77452 0.05128 0.43098 3 
99.891 -33.168 -4.56 0.4279 0.70968 0.52494 -0.19415 1 128.108 -5.763 -15.943 -0.46485 0.80971 -0.35101 0.07124 2 63.482 71.203 -29.816 0.46311 0.77231 0.05507 0.43131 3 
99.847 -33.155 -4.716 0.42543 0.70997 0.5273 -0.19211 1 128.162 -5.764 -15.925 -0.46492 0.80973 -0.3509 0.07113 2 63.288 71.172 -30.345 0.46215 0.77449 0.0534 0.42864 3 
99.727 -33.019 -5.025 0.4211 0.71372 0.52763 -0.18679 1 128.206 -5.775 -15.931 -0.46494 0.80987 -0.35065 0.07065 2 63.438 70.934 -30.296 0.46603 0.77408 0.05255 0.42526 3 
99.56 -32.846 -5.457 0.41444 0.71895 0.52917 -0.17701 1 128.299 -5.769 -15.92 -0.46374 0.81063 -0.35043 0.07085 2 63.571 70.543 -30.385 0.47301 0.77428 0.05068 0.41736 3 
99.472 -32.736 -5.831 0.41059 0.72208 0.53049 -0.1691 1 128.378 -5.798 -15.925 -0.46249 0.81128 -0.35059 0.07078 2 64.05 69.755 -30.476 0.48433 0.77328 0.04787 0.40641 3 
99.393 -32.663 -6.262 0.41206 0.72274 0.53009 -0.16385 1 128.431 -5.789 -15.906 -0.46256 0.81135 -0.35015 0.07172 2 64.06 69.755 -30.463 0.48987 0.77368 0.04896 0.3988 3 
99.124 -32.512 -7.101 0.41278 0.72402 0.52985 -0.15706 1 128.481 -5.831 -15.927 -0.46249 0.81184 -0.34935 0.07058 2 64.254 69.522 -30.736 0.49578 0.77383 0.04716 0.39136 3 
98.555 -32.341 -8.21 0.41993 0.7248 0.52663 -0.14487 1 128.568 -5.858 -15.937 -0.46023 0.81317 -0.34953 0.06904 2 64.796 69.077 -30.519 0.5086 0.77122 0.0464 0.38 3 
97.957 -31.926 -9.538 0.42054 0.73146 0.52049 -0.13111 1 128.64 -5.907 -15.952 -0.459 0.81409 -0.34905 0.06883 2 64.336 69.161 -30.611 0.51586 0.77326 0.04726 0.36568 3 
97.493 -31.595 -10.771 0.41185 0.74073 0.51779 -0.11655 1 128.745 -6.013 -15.92 -0.45559 0.81639 -0.34803 0.0694 2 64.535 68.698 -31.024 0.52681 0.7731 0.04408 0.35049 3 
97.149 -31.569 -11.753 0.40171 0.74359 0.52472 -0.10184 1 128.871 -6.024 -15.888 -0.45179 0.8183 -0.34835 0.0702 2 64.894 68.195 -30.548 0.54255 0.77252 0.04612 0.32669 3 
96.948 -31.57 -12.587 0.39709 0.74614 0.52715 -0.08782 1 128.93 -6.103 -15.864 -0.45005 0.81911 -0.3483 0.07205 2 65.275 67.383 -30.956 0.55778 0.76896 0.04269 0.30945 3 
96.848 -31.535 -13.347 0.3955 0.75128 0.52291 -0.07565 1 128.914 -6.152 -15.836 -0.44945 0.81925 -0.34824 0.07446 2 65.104 67.59 -30.9 0.56418 0.77095 0.04596 0.29194 3 
96.735 -31.489 -14.155 0.38709 0.75546 0.52495 -0.0622 1 128.882 -6.242 -15.814 -0.44842 0.81928 -0.34895 0.07703 2 65.195 67.164 -30.705 0.57524 0.76875 0.04749 0.27545 3 
96.685 -31.526 -14.793 0.37624 0.75591 0.53351 -0.04906 1 128.841 -6.281 -15.788 -0.44672 0.82005 -0.34879 0.07941 2 65.56 66.442 -31.386 0.58891 0.76661 0.04382 0.25215 3 
96.83 -31.496 -14.997 0.37785 0.75527 0.53335 -0.04827 1 128.771 -6.292 -15.762 -0.44585 0.82029 -0.34866 0.08231 2 65.614 66.513 -31.24 0.59583 0.76499 0.04535 0.24025 3 
96.919 -31.351 -14.951 0.38563 0.75652 0.5262 -0.04559 1 128.662 -6.343 -15.731 -0.4468 0.81894 -0.35003 0.08473 2 65.424 66.408 -31.965 0.59708 0.76502 0.04184 0.2377 3 
97.025 -31.363 -14.988 0.38209 0.76057 0.52326 -0.04178 1 128.534 -6.37 -15.721 -0.44858 0.81791 -0.35007 0.08517 2 65.589 66.575 -31.231 0.59724 0.76361 0.04667 0.24089 3 
97.433 -32.003 -15.3 0.36005 0.77597 0.5179 -0.00296 1 128.435 -6.388 -15.736 -0.45102 0.81727 -0.34812 0.0864 2 64.906 66.578 -32.095 0.59303 0.76728 0.04202 0.24048 3 
99.982 -36.044 -16.744 0.31611 0.78964 0.52174 0.0658 1 128.678 -6.35 -15.707 -0.44355 0.81954 -0.35174 0.08891 2 65.013 66.673 -31.878 0.59303 0.76717 0.04338 0.24058 3 
105.143 -43.109 -18.579 0.29566 0.79721 0.50444 0.15026 1 129.12 -6.32 -15.704 -0.43132 0.82387 -0.35605 0.09181 2 65.227 66.46 -31.763 0.59519 0.76505 0.04333 0.242 3 
111.709 -49.488 -19.634 0.32003 0.78421 0.47754 0.23358 1 129.214 -6.286 -15.647 -0.42939 0.82378 -0.35741 0.09633 2 65.298 66.951 -31.312 0.59378 0.76607 0.04681 0.24162 3 
118.971 -50.963 -20.395 0.34199 0.73739 0.50463 0.29094 1 128.896 -6.401 -15.632 -0.43875 0.81883 -0.3558 0.10215 2 65.13 66.905 -31.438 0.59282 0.76716 0.04587 0.24068 3 
124.258 -47.343 -21.127 0.34468 0.69402 0.56327 0.28682 1 128.657 -6.563 -15.645 -0.44989 0.81226 -0.35561 0.10665 2 65.114 66.706 -31.841 0.59333 0.76666 0.04353 0.24144 3 
127.703 -43.823 -22.459 0.27278 0.68628 0.64023 0.21146 1 128.882 -6.85 -15.747 -0.45274 0.80972 -0.35745 0.10776 2 65.564 66.471 -31.762 0.59592 0.76465 0.04274 0.2416 3 
128.623 -43.464 -22.558 0.26196 0.68916 0.64733 0.19336 1 129.138 -6.93 -15.767 -0.45436 0.808 -0.359 0.10866 2 65.108 66.774 -31.513 0.5936 0.7663 0.04609 0.24146 3 
128.357 -44.055 -22.463 0.27467 0.68845 0.63494 0.21781 1 129.51 -6.778 -15.764 -0.45326 0.80786 -0.35788 0.11766 2 65.409 66.663 -31.813 0.5946 0.7656 0.04273 0.24182 3 
124.768 -46.75 -21.442 0.31863 0.72174 0.56782 0.23483 1 129.629 -5.745 -15.251 -0.43926 0.83157 -0.30705 0.14582 2 65.253 66.586 -31.589 0.5945 0.76559 0.04462 0.24177 3 
120.093 -44.839 -20.556 0.29179 0.7475 0.56462 0.19316 1 129.002 -2.815 -14.534 -0.38284 0.87365 -0.27105 0.12928 2 64.91 66.862 -32.145 0.59225 0.76777 0.0422 0.24079 3 
113.95 -38.364 -18.61 0.36249 0.72252 0.56945 0.14934 1 127.79 1.859 -14.838 -0.2189 0.92941 -0.28919 0.06816 2 65.573 66.487 -31.735 0.59612 0.76442 0.04293 0.24177 3 
108.601 -27.89 -16.644 0.44653 0.68776 0.55392 0.14414 1 125.324 7.856 -14.729 0.0089 0.93199 -0.36072 -0.03452 2 65.337 66.601 -31.827 0.59476 0.76535 0.04318 0.24215 3 
104.175 -15.333 -14.803 0.48486 0.7084 0.48285 0.17303 1 121.618 14.809 -13.873 0.13466 0.89576 -0.41617 -0.07928 2 65.449 66.895 -31.304 0.59463 0.76534 0.04667 0.24185 3 
99.329 -3.637 -13.537 0.50852 0.76522 0.36245 0.15647 1 117.077 21.425 -12.85 0.20789 0.87533 -0.43323 -0.05368 2 65.262 66.485 -31.49 0.5955 0.76476 0.04519 0.24183 3 
93.962 6.16 -13.458 0.49301 0.814 0.26518 0.15503 1 112.887 26.921 -12.682 0.23475 0.86568 -0.44168 0.02014 2 65.236 66.423 -32.078 0.59459 0.76594 0.04197 0.24091 3 
88.46 13.409 -14.159 0.45133 0.82134 0.24848 0.24485 1 109.855 31.288 -12.698 0.24717 0.84684 -0.46596 0.06819 2 65.009 66.812 -31.885 0.59286 0.76746 0.04353 0.24006 3 
85.558 18.269 -14.747 0.44392 0.81893 0.1851 0.31311 1 106.663 34.446 -13.133 0.24408 0.83507 -0.47795 0.12102 2 65.504 66.422 -31.997 0.59616 0.76454 0.0415 0.24155 3 
84.234 20.962 -15.813 0.42403 0.81704 0.12731 0.36937 1 104.144 37.142 -13.592 0.24717 0.78167 -0.54337 0.18068 2 65.358 66.643 -31.64 0.59521 0.76517 0.04405 0.24145 3 
83.943 22.425 -16.157 0.42872 0.8163 0.10754 0.37187 1 102.424 38.457 -14.064 0.24997 0.77804 -0.5466 0.18273 2 65.117 66.736 -31.798 0.59346 0.76669 0.04423 0.24089 3 
84.026 23.666 -16.342 0.43503 0.81884 0.07261 0.36738 1 101.214 39.234 -14.696 0.25003 0.78402 -0.53336 0.19575 2 64.985 67.099 -31.827 0.59183 0.768 0.04467 0.24066 3 
83.839 24.653 -16.562 0.42381 0.81786 0.0699 0.38289 1 100.371 39.776 -14.89 0.2517 0.78475 -0.52748 0.20637 2 65.177 66.913 -31.741 0.59323 0.76711 0.04392 0.24021 3 
83.781 24.877 -16.679 0.41166 0.81554 0.08016 0.39876 1 99.562 40.004 -15.376 0.24207 0.78469 -0.52569 0.22206 2 64.858 66.449 -32.349 0.5938 0.76671 0.04025 0.2407 3 
83.62 24.814 -16.65 0.40538 0.81584 0.0859 0.40334 1 98.917 40.13 -15.912 0.24133 0.78373 -0.51859 0.24205 2 65.258 66.935 -31.308 0.59389 0.76609 0.04683 0.24124 3 
