107.72 -46.712 -17.383 0.57213 0.685 0.44121 0.09371 1 111.334 -6.846 -14.61 -0.48383 0.79961 -0.34685 0.07894 2 92.611 32.506 -13.477 -0.4807 0.52425 -0.50365 -0.49033 3 
107.533 -46.599 -17.375 0.57298 0.68471 0.44076 0.09269 1 111.243 -6.751 -14.612 -0.48263 0.80026 -0.34732 0.07756 2 92.115 33.568 -14.028 -0.48074 0.52461 -0.5036 -0.48996 3 
107.386 -46.506 -17.368 0.5738 0.68406 0.44076 0.09238 1 111.154 -6.682 -14.628 -0.48173 0.80054 -0.34796 0.07744 2 92.274 33.426 -13.53 -0.48086 0.52497 -0.50361 -0.48945 3 
107.335 -46.415 -17.362 0.57434 0.68351 0.44084 0.09279 1 111.09 -6.608 -14.617 -0.48225 0.80009 -0.34798 0.07874 2 92.318 33.357 -13.829 -0.48092 0.5246 -0.50355 -0.48985 3 
107.355 -46.334 -17.372 0.57317 0.68413 0.44154 0.0921 1 111.018 -6.555 -14.61 -0.48288 0.79922 -0.34881 0.0801 2 92.884 32.041 -13.312 -0.48074 0.52542 -0.50358 -0.48912 3 
107.409 -46.319 -17.361 0.57111 0.68516 0.44261 0.09211 1 110.935 -6.534 -14.619 -0.48356 0.79831 -0.34972 0.081 2 92.344 33.276 -13.395 -0.48056 0.52414 -0.50407 -0.49016 3 
107.393 -46.232 -17.325 0.57035 0.6861 0.44156 0.09482 1 110.941 -6.472 -14.677 -0.48104 0.79811 -0.35385 0.08011 2 92.835 31.609 -14.601 -0.48065 0.52349 -0.50407 -0.49077 3 
107.28 -46.238 -17.274 0.57135 0.68843 0.437 0.09306 1 110.89 -6.379 -14.698 -0.47581 0.79833 -0.35942 0.08414 2 91.254 35.307 -15.146 -0.48133 0.52378 -0.50353 -0.49034 3 
107.275 -46.809 -17.056 0.57303 0.70321 0.41192 0.08634 1 110.566 -6.266 -14.649 -0.48033 0.79396 -0.35984 0.09713 2 92.36 33.701 -13.404 -0.48182 0.52534 -0.50305 -0.48868 3 
107.209 -48.309 -16.95 0.5487 0.74188 0.37885 0.07075 1 110.013 -6.249 -14.557 -0.48952 0.78707 -0.35737 0.11482 2 92.333 32.863 -14.552 -0.48061 0.52339 -0.50471 -0.49024 3 
106.545 -50.971 -16.938 0.44475 0.81835 0.36395 -0.00609 1 109.493 -6.306 -14.535 -0.49578 0.78093 -0.35796 0.1273 2 92.244 33.044 -14.439 -0.48161 0.52386 -0.50326 -0.49025 3 
105.671 -53.656 -16.236 0.28481 0.8733 0.37096 -0.13642 1 109.038 -6.408 -14.569 -0.49745 0.77639 -0.36296 0.13426 2 92.403 32.59 -15.218 -0.48098 0.5226 -0.50444 -0.49101 3 
104.304 -55.922 -14.838 0.14465 0.85928 0.41545 -0.26097 1 108.677 -6.49 -14.552 -0.50151 0.77098 -0.36615 0.14147 2 92.831 31.557 -14.508 -0.48036 0.52302 -0.50478 -0.49082 3 
101.474 -57.305 -12.444 0.09545 0.83393 0.4205 -0.34443 1 108.393 -6.549 -14.654 -0.50384 0.7665 -0.37104 0.14473 2 91.813 33.993 -14.007 -0.48163 0.52459 -0.5029 -0.48982 3 
97.272 -58.278 -9.792 0.07633 0.80284 0.4374 -0.39788 1 108.207 -6.541 -14.706 -0.50026 0.76492 -0.37839 0.14645 2 92.482 32.932 -13.199 -0.48107 0.52557 -0.50314 -0.48907 3 
91.351 -58.878 -7.343 0.06782 0.77339 0.47119 -0.41862 1 107.974 -6.571 -14.779 -0.49809 0.76341 -0.38365 0.14804 2 92.821 30.597 -15.398 -0.47925 0.52379 -0.50501 -0.49083 3 
84.269 -59.166 -5.468 0.05096 0.7676 0.48943 -0.41068 1 107.685 -6.651 -14.812 -0.49694 0.76166 -0.38778 0.15017 2 91.896 34.13 -13.256 -0.48116 0.52563 -0.50258 -0.48949 3 
77.226 -59.037 -4.424 0.00698 0.77782 0.48448 -0.40028 1 107.549 -6.729 -14.817 -0.49059 0.763 -0.39183 0.15371 2 92.116 33.67 -14.035 -0.48073 0.52506 -0.50337 -0.48972 3 
70.538 -58.216 -4.518 -0.0273 0.78972 0.49099 -0.36676 1 107.409 -6.887 -14.815 -0.47881 0.76615 -0.39713 0.16139 2 92.168 33.585 -14.419 -0.48077 0.52442 -0.50359 -0.49014 3 
64.769 -57.553 -5.159 -0.07544 0.80074 0.49473 -0.3292 1 107.361 -7.001 -14.738 -0.46221 0.77077 -0.401 0.17743 2 91.917 33.869 -13.574 -0.48092 0.52498 -0.50335 -0.48964 3 
59.822 -57.07 -6.045 -0.1202 0.80708 0.50388 -0.28333 1 107.341 -7.17 -14.741 -0.44856 0.77302 -0.40554 0.19176 2 92.28 33.214 -13.54 -0.48073 0.52573 -0.50329 -0.48909 3 
55.352 -57.518 -6.782 -0.16761 0.76715 0.5711 -0.23924 1 107.528 -7.377 -14.687 -0.43133 0.77663 -0.40884 0.20891 2 91.363 35.325 -14 -0.48083 0.52572 -0.50361 -0.48867 3 
51.294 -58.248 -6.701 -0.19374 0.75951 0.57801 -0.22697 1 108.02 -7.64 -14.658 -0.40943 0.78021 -0.41531 0.22617 2 91.292 35.526 -13.659 -0.48108 0.52584 -0.50327 -0.48864 3 
47.961 -58.743 -7.157 -0.18729 0.76706 0.57604 -0.21146 1 108.545 -8.03 -14.631 -0.38396 0.78476 -0.42187 0.24241 2 92.074 33.6 -13.449 -0.48092 0.52459 -0.50347 -0.48993 3 
45.533 -59.059 -7.841 -0.17898 0.76453 0.58367 -0.20687 1 108.72 -8.455 -14.549 -0.36445 0.78668 -0.4267 0.25736 2 91.785 34.762 -13.161 -0.48126 0.52512 -0.50311 -0.4894 3 
44.028 -58.918 -8.618 -0.17199 0.75531 0.59622 -0.21085 1 108.465 -8.86 -14.534 -0.35663 0.78472 -0.43097 0.26702 2 92.821 32.185 -13.605 -0.4803 0.52482 -0.5039 -0.48986 3 
42.924 -58.567 -9.107 -0.15981 0.76279 0.58735 -0.21825 1 108.091 -9.236 -14.577 -0.35375 0.78185 -0.43314 0.27562 2 91.903 33.718 -13.956 -0.48015 0.52484 -0.50411 -0.48977 3 
42.151 -58.496 -9.621 -0.16566 0.73866 0.61077 -0.23216 1 107.865 -9.548 -14.585 -0.35019 0.77989 -0.4356 0.28175 2 91.9 33.674 -14.523 -0.48072 0.52445 -0.50365 -0.4901 3 
41.614 -58.516 -9.799 -0.16669 0.72523 0.617 -0.25604 1 107.753 -9.852 -14.605 -0.34697 0.77926 -0.43712 0.28512 2 93.485 29.804 -14.104 -0.4821 0.52475 -0.5012 -0.49093 3 
41.282 -58.579 -9.803 -0.16681 0.71972 0.61624 -0.27283 1 107.71 -10.112 -14.616 -0.34359 0.77959 -0.43826 0.28654 2 94.856 26.146 -13.016 -0.48094 0.52515 -0.50166 -0.49118 3 
41.055 -58.548 -9.777 -0.16396 0.71781 0.61635 -0.27926 1 107.674 -10.358 -14.613 -0.34346 0.77933 -0.43851 0.28706 2 92.942 30.762 -13.834 -0.48124 0.52585 -0.50057 -0.49124 3 
40.931 -58.462 -9.769 -0.16303 0.71895 0.61317 -0.28383 1 107.707 -10.537 -14.605 -0.34189 0.77989 -0.43904 0.28658 2 93.264 30.61 -13.832 -0.48149 0.52549 -0.50035 -0.49161 3 
40.949 -58.485 -9.796 -0.15898 0.72038 0.60949 -0.29034 1 107.834 -10.628 -14.587 -0.33921 0.78101 -0.43948 0.28602 2 92.4 32.605 -14.002 -0.48084 0.52576 -0.50118 -0.4911 3 
40.989 -58.468 -9.762 -0.16132 0.72196 0.60556 -0.29335 1 107.983 -10.678 -14.565 -0.33723 0.78199 -0.43978 0.28522 2 91.218 36.115 -13.598 -0.48382 0.52739 -0.49787 -0.4898 3 
41.118 -58.382 -9.74 -0.16611 0.72263 0.60044 -0.29947 1 108.238 -10.634 -14.52 -0.33378 0.78333 -0.44047 0.28456 2 91.834 33.878 -14.812 -0.48485 0.52699 -0.49624 -0.49086 3 
41.369 -58.369 -9.492 -0.16906 0.7231 0.59846 -0.30066 1 108.44 -10.52 -14.515 -0.3315 0.78468 -0.44134 0.28214 2 92.189 33.686 -13.468 -0.48544 0.52979 -0.49408 -0.48945 3 
41.699 -58.468 -8.596 -0.15447 0.72664 0.59179 -0.31292 1 108.5 -10.422 -14.534 -0.33123 0.78515 -0.44193 0.28021 2 90.063 39.924 -11.162 -0.48014 0.52849 -0.5015 -0.48853 3 
42.032 -58.728 -7.146 -0.1333 0.72375 0.59362 -0.32562 1 108.398 -10.35 -14.573 -0.33648 0.78318 -0.44324 0.27739 2 85.22 48.538 -12.013 -0.46651 0.50667 -0.51752 -0.50777 3 
42.615 -59.081 -5.496 -0.11609 0.70008 0.61381 -0.3459 1 108.234 -10.289 -14.609 -0.34263 0.78168 -0.44402 0.27281 2 70.59 68.518 -13.821 -0.06936 -0.69414 -0.02809 -0.71594 3 
43.207 -59.483 -3.7 -0.09535 0.69374 0.61472 -0.36297 1 108.185 -10.24 -14.601 -0.34625 0.78234 -0.44365 0.26688 2 65.827 72.926 -14.395 -0.03354 -0.693 -0.05083 -0.71836 3 
43.938 -59.582 -2.133 -0.06632 0.69297 0.60903 -0.38009 1 108.242 -10.169 -14.599 -0.34798 0.78351 -0.44351 0.26138 2 66.451 72.253 -14.023 -0.04214 -0.68593 -0.03914 -0.72539 3 
44.597 -59.401 -1.262 -0.05387 0.66546 0.63575 -0.3874 1 108.31 -10.085 -14.618 -0.3516 0.78271 -0.44389 0.25826 2 62.208 75.827 -16.579 -0.00737 -0.68371 -0.0717 -0.72619 3 
45.158 -59.48 -0.693 -0.05841 0.62962 0.66851 -0.39148 1 108.564 -9.976 -14.628 -0.35182 0.784 -0.44379 0.25419 2 57.16 79.939 -19.015 0.03015 -0.67348 -0.09999 -0.73179 3 
45.796 -60.094 -0.126 -0.07096 0.5944 0.69314 -0.40152 1 108.935 -9.806 -14.549 -0.34892 0.78615 -0.44446 0.25033 2 54.357 81.976 -22.294 0.06216 -0.66226 -0.11638 -0.73757 3 
46.615 -60.769 0.39 -0.07497 0.58578 0.69365 -0.41243 1 109.126 -9.658 -14.546 -0.35047 0.7863 -0.44497 0.24678 2 53.988 82.139 -23.317 0.06788 -0.65073 -0.11511 -0.74746 3 
47.365 -61.177 0.69 -0.07608 0.59721 0.68292 -0.41373 1 109.113 -9.505 -14.575 -0.35606 0.78397 -0.44494 0.24624 2 55.113 81.481 -23.409 0.06193 -0.64908 -0.10641 -0.75069 3 
47.771 -61.364 0.901 -0.07267 0.60779 0.6746 -0.41259 1 109.043 -9.41 -14.605 -0.35983 0.7823 -0.44483 0.24627 2 57.419 80.104 -22.491 0.04165 -0.65027 -0.09297 -0.75284 3 
48.11 -61.517 1.185 -0.06863 0.6108 0.67009 -0.41616 1 109.012 -9.378 -14.593 -0.36132 0.78239 -0.44352 0.24616 2 57.026 80.237 -22.936 0.04448 -0.65099 -0.09436 -0.75188 3 
48.389 -61.697 1.462 -0.06591 0.61421 0.6662 -0.41783 1 108.98 -9.388 -14.573 -0.36283 0.78295 -0.44257 0.24387 2 57.009 80.421 -22.536 0.04307 -0.6496 -0.09488 -0.7531 3 
48.58 -61.792 1.647 -0.06384 0.61476 0.66582 -0.41794 1 108.941 -9.464 -14.569 -0.36424 0.78274 -0.44257 0.24245 2 57.848 79.975 -22.652 0.03936 -0.64994 -0.09085 -0.75351 3 
48.724 -61.834 1.766 -0.06113 0.61646 0.66426 -0.41834 1 108.951 -9.526 -14.595 -0.36572 0.78201 -0.44281 0.24216 2 57.616 79.772 -23.121 0.03762 -0.64978 -0.08744 -0.75414 3 
48.837 -61.82 1.882 -0.05714 0.62269 0.65913 -0.41777 1 108.993 -9.584 -14.607 -0.36614 0.78204 -0.4432 0.24068 2 57.932 79.49 -22.416 0.033 -0.65123 -0.08772 -0.75307 3 
48.899 -61.832 1.925 -0.05537 0.62201 0.66087 -0.41628 1 109.082 -9.657 -14.592 -0.36594 0.78245 -0.44334 0.23938 2 58.362 79.534 -22.002 0.02794 -0.65118 -0.08602 -0.75351 3 
48.933 -61.854 1.919 -0.05555 0.62556 0.65822 -0.41513 1 109.204 -9.753 -14.604 -0.36458 0.78324 -0.44383 0.23796 2 58.736 79.005 -22.293 0.0245 -0.65294 -0.08266 -0.75249 3 
48.927 -61.852 1.866 -0.0552 0.62619 0.65918 -0.41269 1 109.298 -9.812 -14.625 -0.36447 0.78341 -0.44392 0.2374 2 59.102 78.925 -22.276 0.02086 -0.65486 -0.07966 -0.75125 3 
48.935 -61.854 1.875 -0.05394 0.62729 0.65834 -0.41253 1 109.372 -9.879 -14.625 -0.36471 0.78332 -0.44395 0.23728 2 59.064 78.964 -21.798 0.01767 -0.65327 -0.07951 -0.75273 3 
48.959 -61.814 1.94 -0.05126 0.63011 0.65577 -0.41267 1 109.444 -9.944 -14.625 -0.3643 0.78341 -0.44423 0.23712 2 58.987 78.81 -21.959 0.01894 -0.65506 -0.0806 -0.75103 3 
48.917 -61.712 1.902 -0.05048 0.63137 0.65602 -0.41044 1 109.5 -9.986 -14.64 -0.36459 0.78314 -0.4446 0.23686 2 59.11 78.499 -22.444 0.0161 -0.6578 -0.07646 -0.74912 3 
48.86 -61.628 1.875 -0.04932 0.63495 0.65354 -0.40902 1 109.606 -9.973 -14.643 -0.36321 0.78385 -0.44467 0.23651 2 59.979 78.069 -21.996 0.01044 -0.6602 -0.07062 -0.74769 3 
48.798 -61.554 1.888 -0.04998 0.63669 0.65151 -0.40947 1 109.682 -9.937 -14.629 -0.36095 0.78489 -0.44513 0.23562 2 59.516 78.363 -21.644 0.01286 -0.65907 -0.07658 -0.74806 3 
48.732 -61.433 1.901 -0.04912 0.63748 0.65106 -0.40906 1 109.639 -9.882 -14.624 -0.36124 0.78456 -0.44546 0.23564 2 59.066 78.767 -21.273 0.01728 -0.65876 -0.0822 -0.74765 3 
48.649 -61.329 1.911 -0.04904 0.63874 0.65027 -0.40836 1 109.536 -9.816 -14.65 -0.36156 0.78408 -0.44595 0.23585 2 59.939 78.112 -21.262 0.01102 -0.65942 -0.07441 -0.748 3 
48.567 -61.276 1.857 -0.04968 0.63731 0.65221 -0.40742 1 109.454 -9.739 -14.616 -0.36176 0.78367 -0.44623 0.23638 2 59.604 78.162 -21.422 0.01161 -0.65935 -0.0747 -0.74803 3 
48.484 -61.229 1.798 -0.05118 0.63805 0.6523 -0.40593 1 109.371 -9.646 -14.608 -0.36156 0.78375 -0.44618 0.23652 2 59.648 78.358 -20.551 0.01053 -0.65747 -0.07634 -0.74953 3 
48.444 -61.179 1.717 -0.0517 0.63916 0.65158 -0.40527 1 109.257 -9.526 -14.632 -0.36243 0.78322 -0.44622 0.23687 2 59.452 78.372 -20.853 0.01393 -0.66056 -0.08074 -0.74629 3 
48.417 -61.143 1.7 -0.05235 0.63989 0.65085 -0.4052 1 109.152 -9.479 -14.637 -0.36328 0.78216 -0.44692 0.23772 2 59.599 78.042 -21.742 0.0129 -0.66236 -0.0746 -0.74535 3 
48.394 -61.124 1.685 -0.05226 0.63964 0.65094 -0.40547 1 109.094 -9.461 -14.636 -0.36308 0.78184 -0.4476 0.23782 2 59.37 78.641 -20.976 0.01487 -0.66049 -0.07929 -0.74649 3 
48.357 -61.105 1.663 -0.05277 0.63871 0.65223 -0.40479 1 109.076 -9.435 -14.631 -0.36312 0.78182 -0.44751 0.238 2 59.212 78.366 -21.859 0.01606 -0.66136 -0.07633 -0.746 3 
48.32 -61.082 1.6 -0.05353 0.63969 0.65143 -0.40444 1 109.06 -9.453 -14.619 -0.36271 0.7821 -0.44743 0.23784 2 59.341 78.581 -20.464 0.01248 -0.65895 -0.07962 -0.74786 3 
48.252 -61.109 1.587 -0.05348 0.64036 0.65086 -0.40431 1 109.031 -9.468 -14.631 -0.36256 0.78186 -0.44773 0.23828 2 59.735 78.148 -21.113 0.01195 -0.66059 -0.07476 -0.74692 3 
48.18 -61.074 1.559 -0.05343 0.63754 0.65325 -0.40491 1 108.933 -9.494 -14.632 -0.36406 0.78089 -0.44747 0.23967 2 59.228 78.68 -21.199 0.01764 -0.66058 -0.07923 -0.74635 3 
48.082 -61.041 1.501 -0.05345 0.63897 0.65294 -0.40315 1 108.845 -9.512 -14.636 -0.36459 0.78057 -0.44756 0.23976 2 59.401 78.484 -20.84 0.01448 -0.65993 -0.07755 -0.74717 3 
47.951 -61.036 1.366 -0.05422 0.64199 0.65168 -0.40029 1 108.827 -9.526 -14.629 -0.36362 0.78106 -0.44742 0.23986 2 59.725 78.256 -20.974 0.01253 -0.66239 -0.07501 -0.74529 3 
47.773 -61.009 1.172 -0.05651 0.6413 0.65347 -0.39814 1 108.798 -9.53 -14.627 -0.36307 0.78106 -0.44792 0.23978 2 59.639 78.631 -20.257 0.01439 -0.66218 -0.08138 -0.74478 3 
47.559 -60.992 0.977 -0.05678 0.64467 0.65194 -0.39516 1 108.736 -9.61 -14.628 -0.36272 0.78085 -0.44838 0.24013 2 59.624 78.111 -20.519 0.01176 -0.66449 -0.07847 -0.74307 3 
47.226 -60.975 0.623 -0.05938 0.64832 0.65081 -0.39064 1 108.676 -9.686 -14.636 -0.36206 0.78069 -0.44885 0.24077 2 59.93 78.029 -20.349 0.01074 -0.66711 -0.07782 -0.74081 3 
46.685 -60.914 -0.081 -0.06745 0.65075 0.65181 -0.38356 1 108.705 -9.753 -14.656 -0.35913 0.78059 -0.44981 0.24369 2 60.847 77.774 -19.652 0.0062 -0.66837 -0.07643 -0.73987 3 
45.994 -60.801 -1.158 -0.07989 0.65675 0.6503 -0.37337 1 108.782 -9.817 -14.648 -0.35414 0.78171 -0.44955 0.24785 2 61.233 77.269 -19.625 0.00566 -0.67479 -0.07432 -0.73423 3 
45.188 -60.603 -2.567 -0.09343 0.66356 0.65036 -0.35777 1 108.806 -9.937 -14.636 -0.3499 0.78153 -0.44946 0.25449 2 61.953 76.842 -18.604 -0.00192 -0.6821 -0.0768 -0.72721 3 
44.411 -60.364 -4.025 -0.1084 0.67254 0.64654 -0.34341 1 108.819 -10.02 -14.613 -0.34598 0.7806 -0.44938 0.2627 2 64.399 74.786 -18.546 -0.01953 -0.6901 -0.06171 -0.72082 3 
43.711 -60.201 -5.489 -0.12748 0.68217 0.64162 -0.32668 1 108.837 -10.147 -14.6 -0.34078 0.78007 -0.45077 0.26863 2 66.218 73.395 -17.256 -0.03703 -0.69725 -0.05116 -0.71404 3 
43.164 -60.11 -6.81 -0.14361 0.68838 0.63799 -0.31381 1 108.818 -10.275 -14.599 -0.33745 0.77856 -0.45154 0.27583 2 68.43 71.562 -17.033 -0.05635 -0.70191 -0.03391 -0.70922 3 
42.704 -60.023 -7.864 -0.15388 0.69688 0.63096 -0.30425 1 108.815 -10.403 -14.585 -0.33228 0.77798 -0.45236 0.28233 2 71.481 68.126 -16.969 -0.08278 -0.70317 -0.00849 -0.70613 3 
42.304 -59.803 -8.784 -0.15928 0.70473 0.62507 -0.29543 1 108.694 -10.544 -14.603 -0.33032 0.77668 -0.45257 0.28783 2 75.916 63.37 -15.511 -0.12553 -0.6992 0.03892 -0.70274 3 
42.059 -59.505 -9.47 -0.16204 0.71473 0.61376 -0.29362 1 108.542 -10.718 -14.59 -0.32789 0.77552 -0.45329 0.29255 2 83.411 52.803 -14.98 -0.18758 -0.68687 0.10944 -0.69358 3 
41.78 -59.425 -9.855 -0.1587 0.72569 0.60222 -0.29244 1 108.399 -10.894 -14.605 -0.32535 0.77509 -0.45427 0.295 2 87.614 43.342 -15.718 -0.24275 -0.67074 0.17321 -0.6791 3 
41.475 -59.503 -9.841 -0.15701 0.72437 0.60593 -0.28894 1 108.198 -11.018 -14.608 -0.32621 0.77259 -0.45595 0.29798 2 87.159 45.154 -15.055 -0.24311 -0.67551 0.16777 -0.6756 3 
41.225 -59.499 -9.805 -0.15538 0.7266 0.60687 -0.28216 1 107.887 -11.094 -14.619 -0.33004 0.77077 -0.45603 0.29837 2 89.712 39.375 -15.536 -0.28241 -0.65257 0.21798 -0.6685 3 
41.084 -59.471 -9.778 -0.16006 0.72658 0.60894 -0.27505 1 107.735 -11.127 -14.603 -0.33127 0.7719 -0.4545 0.29643 2 89.889 39.67 -14.759 -0.27387 -0.64585 0.2065 -0.68208 3 
41.08 -59.533 -9.734 -0.15782 0.72811 0.61485 -0.25866 1 107.736 -11.1 -14.553 -0.3337 0.77235 -0.45234 0.29583 2 89.811 39.898 -15.392 -0.30025 -0.48044 0.16504 -0.80734 3 
42.032 -60.005 -9.621 -0.14166 0.74009 0.61844 -0.223 1 107.82 -11.001 -14.54 -0.33902 0.77227 -0.45031 0.29306 2 89.494 40.754 -14.46 -0.36055 0.36296 -0.26724 -0.8166 3 
45.044 -61.981 -9.152 -0.1327 0.73085 0.62619 -0.23692 1 108.081 -10.756 -14.578 -0.34423 0.77298 -0.44947 0.28634 2 89.932 39.95 -14.867 -0.40759 0.56387 -0.4361 -0.57072 3 
50.884 -65.073 -8.472 -0.10607 0.7182 0.6299 -0.27597 1 108.404 -10.39 -14.589 -0.3514 0.77436 -0.44816 0.27575 2 89.284 41.346 -15.135 -0.44905 0.5481 -0.47422 -0.52255 3 
59.575 -67.493 -8.315 -0.05613 0.74625 0.60129 -0.28002 1 108.814 -9.923 -14.589 -0.35813 0.77661 -0.44626 0.26357 2 90.206 39.672 -14.788 -0.46337 0.54108 -0.48148 -0.51058 3 
69.501 -68.306 -9.188 -0.01187 0.81423 0.53275 -0.23038 1 109.058 -9.447 -14.661 -0.37322 0.77556 -0.44164 0.25331 2 89.708 40.503 -14.542 -0.46855 0.53739 -0.48731 -0.50418 3 
79.115 -66.966 -11.319 0.02439 0.8709 0.47611 -0.11943 1 109.275 -9.06 -14.645 -0.38892 0.77432 -0.43583 0.24336 2 90.433 39.081 -15.092 -0.47332 0.53421 -0.48957 -0.50092 3 
88.528 -64.224 -14.223 0.10841 0.91727 0.37648 0.07161 1 109.411 -8.671 -14.613 -0.40977 0.77242 -0.42529 0.23364 2 90.518 38.763 -15.257 -0.47594 0.53206 -0.49166 -0.49866 3 
96.883 -61.838 -16.206 0.23021 0.90159 0.29318 0.21951 1 109.556 -8.297 -14.555 -0.42497 0.77242 -0.41559 0.22372 2 89.402 40.902 -15.756 -0.47857 0.52974 -0.49269 -0.4976 3 
102.864 -58.775 -16.716 0.3656 0.85821 0.24675 0.26254 1 109.817 -7.978 -14.512 -0.43364 0.77251 -0.40885 0.21915 2 90.205 39.509 -15.095 -0.48007 0.5289 -0.49357 -0.49617 3 
106.799 -54.496 -17.078 0.43181 0.81899 0.29687 0.2338 1 110.069 -7.652 -14.522 -0.44275 0.77208 -0.40229 0.21454 2 90.221 39.597 -14.152 -0.48151 0.52991 -0.49346 -0.4938 3 
108.811 -49.816 -17.112 0.47807 0.78016 0.35982 0.18257 1 110.291 -7.381 -14.537 -0.44732 0.77376 -0.39863 0.20566 2 89.061 41.611 -14.933 -0.48237 0.53005 -0.49347 -0.4928 3 
109.296 -47.033 -17.655 0.49286 0.7452 0.42216 0.15347 1 110.39 -7.185 -14.566 -0.45137 0.7759 -0.39662 0.19221 2 89.642 40.614 -15.113 -0.48229 0.52823 -0.49498 -0.49332 3 
108.835 -46.387 -17.606 0.51089 0.72632 0.43338 0.15374 1 110.367 -7.024 -14.58 -0.45588 0.77633 -0.39586 0.18107 2 89.899 39.795 -15.338 -0.48242 0.52753 -0.49582 -0.4931 3 
108.464 -46.028 -17.727 0.52271 0.71219 0.44179 0.15616 1 110.201 -6.926 -14.626 -0.46303 0.77366 -0.39574 0.17448 2 89.505 41.278 -14.774 -0.48416 0.52834 -0.49417 -0.49217 3 
108.217 -45.994 -17.689 0.52529 0.71273 0.43798 0.15576 1 110.205 -6.822 -14.631 -0.45927 0.7756 -0.39715 0.17259 2 90.154 39.361 -14.799 -0.48323 0.52799 -0.49584 -0.49179 3 
108.188 -46.122 -17.668 0.52662 0.71251 0.43687 0.15542 1 110.209 -6.916 -14.672 -0.4602 0.77517 -0.39756 0.1711 2 89.141 41.268 -15.692 -0.48408 0.52698 -0.49551 -0.49237 3 
108.261 -46.499 -17.703 0.53133 0.70993 0.43358 0.16028 1 110.491 -7.154 -14.639 -0.45971 0.77645 -0.39656 0.16893 2 89.44 41.174 -14.796 -0.48428 0.52714 -0.49564 -0.49187 3 
108.513 -47.088 -17.731 0.54129 0.70339 0.4259 0.17565 1 111.533 -7.366 -14.496 -0.45447 0.78089 -0.39242 0.17226 2 89.168 41.496 -15.736 -0.48452 0.52705 -0.49551 -0.49187 3 
108.549 -48.156 -17.697 0.56215 0.69629 0.39856 0.20082 1 113.96 -7.28 -14.069 -0.43262 0.79292 -0.37384 0.21061 2 89.677 40.503 -15.226 -0.48449 0.52733 -0.49562 -0.49147 3 
107.813 -50.845 -18.316 0.56264 0.71275 0.35016 0.2298 1 116.775 -5.433 -13.4 -0.36746 0.8268 -0.3518 0.24002 2 89.113 41.276 -15.721 -0.48476 0.52717 -0.49544 -0.49157 3 
105.991 -52.832 -19.218 0.42898 0.79936 0.35719 0.22231 1 118.834 -1.166 -12.937 -0.22193 0.88793 -0.35217 0.19571 2 89.671 40.583 -15.214 -0.48436 0.52716 -0.49592 -0.49149 3 
104.266 -47.955 -18.253 0.29654 0.81872 0.4652 0.15923 1 119.859 4.171 -13.058 0.00892 0.9135 -0.40182 0.06312 2 89.242 41.229 -15.744 -0.48504 0.52679 -0.4954 -0.49174 3 
101.049 -39.073 -15.37 0.34557 0.80062 0.47811 0.10487 1 120.141 9.466 -13.48 0.16778 0.8549 -0.47942 -0.10564 2 88.808 42.239 -15.104 -0.48537 0.52724 -0.49535 -0.49098 3 
98.102 -27.263 -13.086 0.43744 0.76436 0.46539 0.08837 1 117.92 14.695 -12.869 0.22429 0.85767 -0.45751 -0.06918 2 89.84 40.153 -15.61 -0.48496 0.52652 -0.49584 -0.49166 3 
95.926 -13.751 -11.665 0.53489 0.72883 0.4198 0.08046 1 114.701 21.22 -12.429 0.27902 0.86287 -0.4204 -0.02938 2 89.17 41.415 -15.294 -0.48536 0.52681 -0.49552 -0.49128 3 
94.196 -0.463 -11.194 0.57997 0.77205 0.25942 0.01672 1 111.971 28.672 -12.497 0.28865 0.84141 -0.45617 -0.02479 2 89.942 39.72 -15.562 -0.48425 0.52598 -0.49689 -0.49188 3 
89.613 10.49 -11.61 0.54774 0.81355 0.17177 0.09278 1 109.012 33.285 -12.505 0.31057 0.841 -0.43623 0.07726 2 89.864 40.151 -15.097 -0.48452 0.52683 -0.4963 -0.4913 3 
85.181 18.148 -13.219 0.5013 0.83066 0.09248 0.22396 1 106.796 35.467 -12.69 0.27775 0.84307 -0.43934 0.13809 2 89.429 40.965 -15.472 -0.48514 0.52663 -0.49578 -0.49143 3 
83.093 21.734 -15.107 0.47924 0.81342 0.09693 0.3151 1 104.524 36.804 -13.485 0.19667 0.83902 -0.4378 0.25633 2 88.268 43.535 -13.917 -0.48628 0.52692 -0.49436 -0.49142 3 
81.835 22.644 -15.906 0.45808 0.81466 0.12591 0.33261 1 103.722 37.458 -13.757 0.21763 0.85108 -0.41521 0.23644 2 89.242 41.689 -14.351 -0.48583 0.52781 -0.49483 -0.49044 3 
81.39 22.93 -16.138 0.46301 0.80114 0.1537 0.34665 1 102.802 38.38 -14.034 0.22412 0.84624 -0.43388 0.21305 2 89.607 40.462 -15.733 -0.48459 0.52703 -0.4964 -0.49092 3 
81.49 23.365 -16.391 0.46715 0.7897 0.14632 0.36977 1 101.183 39.148 -14.645 0.22215 0.84567 -0.43804 0.20885 2 90.071 40.116 -15.017 -0.48501 0.52663 -0.4958 -0.49154 3 
81.959 23.993 -16.765 0.46714 0.79087 0.10766 0.38041 1 99.944 39.65 -14.896 0.22367 0.84293 -0.44182 0.21032 2 89.58 40.943 -14.697 -0.48491 0.52747 -0.49586 -0.49068 3 
82.38 24.32 -17.104 0.45329 0.78963 0.09785 0.40179 1 98.876 39.695 -15.102 0.2239 0.84643 -0.42922 0.22182 2 88.934 41.904 -15.152 -0.48536 0.52806 -0.49514 -0.49033 3 
82.116 24.221 -17.112 0.43299 0.78727 0.11913 0.42254 1 98.086 39.828 -15.373 0.24458 0.85228 -0.40227 0.228 2 90.737 38.583 -15.012 -0.48404 0.52757 -0.49663 -0.49066 3 
81.996 24.304 -17.154 0.42707 0.78564 0.12408 0.43009 1 97.537 39.858 -15.792 0.25763 0.85035 -0.38468 0.2501 2 89.562 40.853 -15.465 -0.48522 0.52709 -0.49518 -0.49147 3 
82.033 24.395 -17.111 0.42419 0.78772 0.12558 0.4287 1 97.153 39.774 -16.219 0.25887 0.85424 -0.3748 0.25058 2 89.187 41.386 -15.245 -0.48461 0.52678 -0.49615 -0.49142 3 
