110.615 -47.747 -18.33 0.53189 0.69962 0.46539 0.10508 1 112.205 -6.94 -14.217 -0.45938 0.82572 -0.3191 0.07303 2 86.947 32.412 -30.634 0.5652 0.68997 -0.18398 0.41309 3 
110.66 -47.718 -18.363 0.53228 0.6993 0.46555 0.10454 1 112.251 -6.938 -14.217 -0.45937 0.82579 -0.31895 0.07298 2 86.891 32.792 -30.419 0.5641 0.69134 -0.18134 0.41347 3 
110.686 -47.718 -18.385 0.53213 0.69925 0.46599 0.10363 1 112.274 -6.926 -14.215 -0.45969 0.82559 -0.31873 0.07412 2 87.162 32.279 -30.169 0.56704 0.68893 -0.1824 0.413 3 
110.713 -47.737 -18.374 0.53175 0.69911 0.46667 0.10343 1 112.261 -6.923 -14.21 -0.4602 0.82528 -0.31855 0.07521 2 87.054 32.792 -30.231 0.56365 0.69135 -0.18127 0.41409 3 
110.741 -47.717 -18.388 0.53133 0.69907 0.46733 0.10292 1 112.241 -6.914 -14.213 -0.46068 0.82506 -0.31819 0.0762 2 87.033 32.45 -30.295 0.56543 0.69001 -0.18193 0.41363 3 
110.683 -47.888 -18.384 0.53299 0.69783 0.46629 0.10736 1 112.244 -6.911 -14.198 -0.46014 0.82503 -0.31864 0.07781 2 87.034 32.168 -30.518 0.56651 0.68965 -0.18265 0.41242 3 
110.38 -48.725 -18.328 0.53629 0.70081 0.45672 0.11255 1 112.335 -6.917 -14.188 -0.45702 0.82597 -0.31998 0.08075 2 86.911 32.593 -30.466 0.56435 0.69066 -0.18218 0.41389 3 
110.255 -50.162 -18.698 0.50298 0.72518 0.45856 0.10413 1 112.346 -6.898 -14.173 -0.45406 0.82636 -0.32183 0.08593 2 87.077 32.229 -30.477 0.56665 0.68937 -0.18359 0.41227 3 
109.698 -52.172 -19.33 0.43487 0.76575 0.46976 0.06198 1 112.099 -6.855 -14.076 -0.45908 0.82323 -0.31989 0.09595 2 86.915 32.815 -30.25 0.56361 0.69175 -0.18011 0.41398 3 
108.557 -53.812 -20.656 0.28858 0.79793 0.52808 -0.03414 1 111.73 -6.861 -14.047 -0.46702 0.81839 -0.3176 0.1061 2 86.984 32.328 -30.441 0.56632 0.68969 -0.18252 0.41267 3 
105.509 -55.766 -21.256 0.1631 0.78316 0.58776 -0.12079 1 111.428 -6.808 -13.964 -0.47405 0.81377 -0.31483 0.11801 2 86.766 32.744 -30.788 0.56328 0.69287 -0.18102 0.41216 3 
100.993 -57.382 -21.096 0.09269 0.75122 0.63446 -0.15663 1 111.28 -6.78 -13.907 -0.47609 0.81195 -0.31345 0.12579 2 87.039 32.895 -30.13 0.56406 0.69076 -0.18113 0.41459 3 
95.095 -58.338 -20.249 0.05945 0.73399 0.65065 -0.18542 1 111.351 -6.788 -13.853 -0.47422 0.81245 -0.31265 0.13147 2 86.917 33.049 -29.884 0.56319 0.69179 -0.1779 0.41544 3 
88.908 -58.208 -19.269 0.03437 0.72611 0.65672 -0.20077 1 111.577 -6.859 -13.796 -0.46513 0.8156 -0.3154 0.13776 2 87.152 32.049 -30.648 0.56811 0.68719 -0.18755 0.41212 3 
83.157 -57.148 -18.632 0.00675 0.73249 0.653 -0.19238 1 111.848 -6.965 -13.735 -0.45253 0.8197 -0.31896 0.14688 2 87.236 32.73 -29.9 0.56481 0.69082 -0.17993 0.41399 3 
78.065 -55.78 -18.61 -0.0306 0.74666 0.64168 -0.17267 1 112.013 -7.186 -13.676 -0.43841 0.82409 -0.32283 0.15638 2 87.193 32.669 -29.694 0.56558 0.69055 -0.17861 0.41395 3 
73.878 -54.279 -18.852 -0.07393 0.75983 0.62675 -0.1561 1 112.005 -7.451 -13.634 -0.42595 0.82719 -0.32748 0.16455 2 87.178 32.447 -29.918 0.56626 0.68968 -0.18031 0.41374 3 
70.396 -52.945 -18.73 -0.10752 0.76905 0.61007 -0.15753 1 111.765 -7.731 -13.599 -0.41942 0.82824 -0.33035 0.17019 2 86.981 32.644 -30.32 0.56432 0.69115 -0.18103 0.41363 3 
67.045 -52.277 -17.913 -0.12695 0.76651 0.60576 -0.17147 1 111.475 -7.941 -13.58 -0.41426 0.82918 -0.33214 0.17474 2 86.789 33.135 -30.151 0.56176 0.6935 -0.17749 0.4147 3 
64.022 -52.254 -16.848 -0.12716 0.76707 0.60051 -0.18663 1 111.185 -8.113 -13.565 -0.41178 0.82905 -0.33293 0.17961 2 87.018 32.792 -29.881 0.56499 0.69008 -0.17981 0.41501 3 
61.935 -52.59 -16.248 -0.11845 0.76763 0.59712 -0.2004 1 110.981 -8.26 -13.564 -0.40782 0.82928 -0.33457 0.1845 2 86.875 32.817 -30.231 0.56372 0.69157 -0.17989 0.41425 3 
60.767 -52.831 -15.885 -0.1057 0.76349 0.59418 -0.22991 1 110.721 -8.424 -13.509 -0.40242 0.82964 -0.33722 0.18986 2 87.068 32.586 -30.121 0.56514 0.69094 -0.18022 0.4132 3 
60.016 -52.892 -15.812 -0.10768 0.75944 0.59566 -0.23841 1 110.376 -8.554 -13.511 -0.40133 0.82768 -0.33954 0.19645 2 86.771 32.824 -30.395 0.56442 0.69052 -0.18271 0.41381 3 
59.561 -53.053 -15.778 -0.10694 0.75228 0.59644 -0.25865 1 110.004 -8.701 -13.486 -0.40345 0.82523 -0.33938 0.2026 2 87.064 32.264 -30.106 0.56718 0.6894 -0.18267 0.4119 3 
59.522 -53.244 -15.792 -0.11448 0.7433 0.59216 -0.28938 1 109.831 -8.822 -13.493 -0.40142 0.82459 -0.34046 0.20735 2 87.146 31.64 -30.81 0.56908 0.68964 -0.18562 0.40755 3 
59.365 -53.368 -15.746 -0.11353 0.73449 0.59683 -0.30239 1 109.693 -8.968 -13.473 -0.39928 0.82464 -0.34071 0.21085 2 86.911 31.876 -30.576 0.56914 0.6882 -0.18522 0.41006 3 
59.083 -53.36 -15.618 -0.10773 0.72127 0.60807 -0.31371 1 109.595 -9.052 -13.452 -0.39806 0.82426 -0.34113 0.21396 2 87.412 31.973 -29.796 0.57159 0.68604 -0.18415 0.41075 3 
58.913 -53.22 -15.529 -0.1103 0.71457 0.61006 -0.3241 1 109.545 -9.109 -13.427 -0.39709 0.82428 -0.34049 0.21666 2 87.323 32.743 -29.261 0.56656 0.69082 -0.17668 0.41299 3 
58.835 -53.12 -15.384 -0.11405 0.71599 0.60594 -0.32739 1 109.605 -9.12 -13.408 -0.39397 0.82532 -0.34086 0.21783 2 86.839 32.676 -30.319 0.56467 0.69232 -0.17996 0.41165 3 
58.917 -53.031 -15.232 -0.11678 0.72133 0.59716 -0.33083 1 109.7 -9.129 -13.38 -0.39283 0.82565 -0.3407 0.21887 2 87.152 32.305 -30.32 0.56327 0.68951 -0.18593 0.41561 3 
59.029 -52.971 -15.11 -0.11643 0.7241 0.59408 -0.33046 1 109.862 -9.098 -13.387 -0.39116 0.82695 -0.34009 0.21793 2 87.097 32.793 -29.917 0.55938 0.69184 -0.18029 0.41946 3 
59.09 -52.892 -15.01 -0.11996 0.72713 0.58979 -0.3302 1 110.091 -9.083 -13.397 -0.38867 0.8283 -0.34015 0.21713 2 86.833 33.15 -30.325 0.55477 0.69402 -0.1807 0.42179 3 
59.073 -52.918 -14.926 -0.12383 0.72695 0.58978 -0.32921 1 110.389 -9.044 -13.406 -0.38503 0.83014 -0.34055 0.21598 2 87.183 32.828 -30.149 0.55714 0.69098 -0.18432 0.42209 3 
59.162 -52.928 -14.904 -0.12417 0.72549 0.59043 -0.33111 1 110.655 -9.075 -13.382 -0.37989 0.83256 -0.34129 0.21459 2 87.201 32.833 -30.133 0.55894 0.69041 -0.18331 0.42109 3 
59.311 -52.974 -14.813 -0.12259 0.72821 0.59033 -0.32588 1 110.813 -9.031 -13.366 -0.37632 0.83377 -0.34221 0.21469 2 86.859 33.066 -30.001 0.56491 0.69275 -0.1744 0.41299 3 
59.691 -53.039 -14.416 -0.1141 0.73189 0.58562 -0.3292 1 110.849 -8.946 -13.341 -0.37644 0.83306 -0.34361 0.21503 2 86.488 32.853 -30.393 0.57886 0.69164 -0.17139 0.39646 3 
59.968 -53.467 -13.584 -0.104 0.72118 0.59194 -0.34451 1 110.687 -8.812 -13.373 -0.38316 0.83059 -0.34185 0.21552 2 86.245 36.522 -28.325 0.55214 0.70062 -0.15165 0.42576 3 
60.061 -53.954 -12.3 -0.09006 0.7108 0.598 -0.35925 1 110.553 -8.667 -13.403 -0.39158 0.82724 -0.34099 0.21462 2 85.022 40.185 -28 0.51423 0.70878 -0.14308 0.46123 3 
60.192 -54.176 -10.593 -0.07359 0.70564 0.59622 -0.37574 1 110.487 -8.532 -13.437 -0.39619 0.82558 -0.34177 0.21127 2 84.465 42.975 -25.647 0.48908 0.70938 -0.12616 0.49159 3 
60.35 -54.385 -8.762 -0.0565 0.69574 0.5999 -0.391 1 110.52 -8.394 -13.509 -0.40078 0.82446 -0.3424 0.20594 2 83.077 46.436 -23.964 0.45902 0.7114 -0.10717 0.52127 3 
60.743 -54.374 -7.003 -0.03866 0.68641 0.60181 -0.40641 1 110.632 -8.29 -13.569 -0.4034 0.82468 -0.34329 0.19832 2 81.168 50.022 -23.587 0.42953 0.71578 -0.09439 0.54245 3 
61.109 -54.101 -5.561 -0.0193 0.68399 0.59776 -0.41768 1 110.863 -8.212 -13.637 -0.4052 0.82503 -0.3451 0.18988 2 79.712 52.936 -22.46 0.40988 0.71943 -0.07799 0.55528 3 
61.289 -53.652 -4.714 -0.00807 0.68364 0.59547 -0.42189 1 111.27 -8.151 -13.716 -0.40549 0.82614 -0.34636 0.18197 2 78.336 54.648 -21.311 0.39856 0.72128 -0.06355 0.56291 3 
61.418 -53.171 -4.513 -0.00583 0.67827 0.60297 -0.41994 1 111.842 -8.07 -13.742 -0.4005 0.82901 -0.34758 0.17756 2 78.405 54.988 -20.377 0.40294 0.71868 -0.06225 0.56326 3 
61.457 -52.754 -4.568 -0.00708 0.6742 0.61074 -0.41521 1 112.352 -7.931 -13.754 -0.3972 0.83099 -0.34767 0.17555 2 78.299 54.867 -20.754 0.4086 0.71756 -0.06629 0.56015 3 
61.547 -52.457 -4.584 -0.00712 0.67395 0.61056 -0.41587 1 112.775 -7.807 -13.731 -0.39339 0.83294 -0.34751 0.17519 2 78.155 54.993 -20.34 0.40937 0.71897 -0.06253 0.5582 3 
61.588 -52.462 -4.59 -0.00957 0.67298 0.61132 -0.4163 1 113.041 -7.673 -13.728 -0.39171 0.83365 -0.3476 0.17539 2 78.111 54.974 -20.393 0.4083 0.71856 -0.06309 0.55945 3 
61.684 -52.529 -4.596 -0.01078 0.67468 0.60855 -0.41756 1 113.142 -7.607 -13.722 -0.39124 0.83381 -0.34774 0.17541 2 78.398 54.253 -20.781 0.41241 0.71541 -0.06762 0.55994 3 
61.746 -52.698 -4.612 -0.01255 0.67642 0.60687 -0.41714 1 113.123 -7.64 -13.731 -0.39234 0.83302 -0.34815 0.17593 2 78.192 54.932 -20.729 0.40583 0.71969 -0.0636 0.55974 3 
61.804 -52.886 -4.651 -0.01428 0.67656 0.60609 -0.418 1 113.096 -7.675 -13.729 -0.39351 0.83227 -0.34813 0.17686 2 78.119 55.315 -20.787 0.4026 0.72052 -0.06201 0.56118 3 
61.804 -53.021 -4.679 -0.01459 0.67841 0.60445 -0.41735 1 113.05 -7.718 -13.723 -0.3941 0.83202 -0.34748 0.17799 2 78.425 54.497 -21.17 0.40644 0.71925 -0.0662 0.55956 3 
61.781 -53.141 -4.751 -0.01631 0.67706 0.60596 -0.4173 1 113.035 -7.759 -13.694 -0.39374 0.83221 -0.34713 0.1786 2 78.769 53.877 -21.928 0.41013 0.71672 -0.07351 0.5592 3 
61.687 -53.193 -4.838 -0.01751 0.6771 0.60724 -0.41533 1 113.017 -7.837 -13.694 -0.39309 0.83269 -0.34641 0.17919 2 78.944 54.127 -20.896 0.41111 0.71606 -0.06886 0.55992 3 
61.595 -53.226 -4.891 -0.01811 0.67682 0.6085 -0.4139 1 112.992 -7.886 -13.678 -0.39292 0.83263 -0.34664 0.1794 2 78.786 54.114 -21.579 0.41009 0.71808 -0.07136 0.55775 3 
61.529 -53.265 -4.934 -0.01843 0.67554 0.61077 -0.41264 1 112.977 -7.971 -13.666 -0.39246 0.83279 -0.34666 0.17961 2 78.881 54.055 -21.48 0.41077 0.71797 -0.07053 0.5575 3 
61.453 -53.285 -4.954 -0.01903 0.67541 0.61116 -0.41224 1 112.992 -8.041 -13.681 -0.39147 0.83331 -0.34661 0.17949 2 78.856 54.09 -21.591 0.4098 0.71897 -0.07077 0.55689 3 
61.41 -53.297 -4.974 -0.0186 0.6754 0.61174 -0.41141 1 113.024 -8.074 -13.671 -0.39057 0.83348 -0.34683 0.18022 2 79.063 53.776 -21.356 0.41337 0.71702 -0.07186 0.55664 3 
61.426 -53.35 -4.989 -0.01843 0.67452 0.6129 -0.41115 1 113.052 -8.063 -13.653 -0.39038 0.83345 -0.34683 0.18077 2 78.646 54.513 -21.667 0.40802 0.72007 -0.07005 0.55688 3 
61.485 -53.359 -4.962 -0.01726 0.6758 0.61097 -0.41197 1 113.068 -8.068 -13.664 -0.39043 0.83346 -0.34662 0.18099 2 78.691 54.461 -21.247 0.4085 0.72012 -0.06689 0.55684 3 
61.51 -53.389 -4.963 -0.01722 0.67552 0.61091 -0.41251 1 113.071 -8.046 -13.67 -0.39101 0.83326 -0.3462 0.18145 2 78.964 54.022 -21.375 0.41199 0.71801 -0.07066 0.55654 3 
61.515 -53.403 -4.987 -0.01749 0.67508 0.61147 -0.41239 1 113.114 -8.02 -13.651 -0.39036 0.83345 -0.34612 0.18213 2 78.901 54.014 -21.541 0.41051 0.71869 -0.06971 0.55688 3 
61.52 -53.386 -5.001 -0.01745 0.67495 0.61157 -0.41245 1 113.153 -8.012 -13.632 -0.38911 0.83405 -0.34598 0.18232 2 78.503 54.591 -21.66 0.40664 0.72156 -0.06649 0.5564 3 
61.54 -53.398 -4.993 -0.01758 0.67426 0.61211 -0.41277 1 113.159 -7.967 -13.63 -0.38921 0.83406 -0.34588 0.18228 2 78.429 54.55 -21.456 0.40641 0.72151 -0.0647 0.55683 3 
61.559 -53.386 -4.977 -0.01706 0.67531 0.61096 -0.41279 1 113.157 -7.959 -13.629 -0.39007 0.83363 -0.34566 0.18284 2 79.093 54.024 -20.694 0.41429 0.71644 -0.06796 0.55719 3 
61.573 -53.425 -5.026 -0.01821 0.67438 0.61219 -0.41245 1 113.164 -7.966 -13.639 -0.39014 0.83365 -0.34566 0.18257 2 78.739 54.348 -21.537 0.4096 0.7193 -0.06903 0.55684 3 
61.552 -53.432 -5.095 -0.01911 0.67486 0.61262 -0.41097 1 113.192 -7.991 -13.618 -0.3894 0.83383 -0.34603 0.18264 2 78.937 54.195 -20.936 0.41243 0.7185 -0.06628 0.55611 3 
61.466 -53.489 -5.252 -0.0208 0.67373 0.6148 -0.40949 1 113.216 -8.01 -13.63 -0.38855 0.83424 -0.34576 0.18311 2 78.939 53.935 -21.477 0.41397 0.71895 -0.06959 0.55398 3 
61.339 -53.608 -5.449 -0.02377 0.6731 0.61646 -0.40786 1 113.185 -8.05 -13.595 -0.38719 0.8346 -0.34584 0.18418 2 79.046 53.986 -21.942 0.41265 0.71958 -0.0725 0.55378 3 
61.21 -53.691 -5.73 -0.02706 0.67528 0.61543 -0.4056 1 113.083 -8.084 -13.601 -0.38722 0.83413 -0.34596 0.18602 2 79.595 53.226 -21.719 0.41949 0.71718 -0.07626 0.55123 3 
60.98 -53.787 -6.273 -0.03005 0.67731 0.61629 -0.40068 1 112.916 -8.144 -13.614 -0.38746 0.83348 -0.34611 0.18814 2 79.902 52.359 -21.942 0.42615 0.7165 -0.07962 0.54652 3 
60.636 -53.783 -7.315 -0.0377 0.68263 0.61717 -0.38949 1 112.738 -8.174 -13.588 -0.3879 0.83285 -0.34548 0.19115 2 81.405 49.703 -23.034 0.44413 0.71324 -0.09613 0.53367 3 
60.257 -53.763 -8.697 -0.05129 0.68935 0.6176 -0.37514 1 112.602 -8.245 -13.548 -0.38584 0.83279 -0.34587 0.19483 2 82.426 47.457 -23.023 0.46568 0.70911 -0.10544 0.51883 3 
59.806 -53.751 -10.225 -0.06734 0.69517 0.61595 -0.36445 1 112.449 -8.307 -13.516 -0.38376 0.83279 -0.34518 0.20007 2 84.215 43.529 -24.983 0.49179 0.70231 -0.13173 0.49753 3 
59.373 -53.566 -11.639 -0.07584 0.70871 0.60758 -0.35046 1 112.276 -8.408 -13.478 -0.38249 0.83249 -0.34436 0.20512 2 85.086 40.735 -25.385 0.51495 0.69986 -0.13965 0.47489 3 
59.193 -53.461 -12.887 -0.09352 0.71636 0.60279 -0.3387 1 112.234 -8.479 -13.395 -0.37583 0.83407 -0.34519 0.20956 2 86.164 37.213 -26.831 0.53913 0.69449 -0.15521 0.45048 3 
59.071 -53.473 -13.827 -0.10621 0.72077 0.60224 -0.32636 1 112.175 -8.549 -13.329 -0.36738 0.83628 -0.34633 0.21385 2 86.295 34.575 -29.821 0.55722 0.6927 -0.17324 0.42387 3 
58.892 -53.459 -14.374 -0.11197 0.72551 0.59899 -0.31986 1 111.972 -8.616 -13.266 -0.36436 0.83669 -0.34564 0.21849 2 86.884 33.636 -29.501 0.56746 0.69116 -0.17318 0.41267 3 
58.691 -53.458 -14.646 -0.11355 0.72879 0.59729 -0.31499 1 111.701 -8.712 -13.241 -0.36331 0.8359 -0.34661 0.22167 2 86.716 32.394 -30.597 0.5777 0.68877 -0.18166 0.39857 3 
58.602 -53.635 -14.705 -0.11351 0.72687 0.59932 -0.31558 1 111.482 -8.774 -13.25 -0.36447 0.83438 -0.34693 0.22497 2 86.569 32.35 -30.65 0.57661 0.69088 -0.17564 0.3992 3 
58.706 -53.886 -14.824 -0.11801 0.72366 0.60229 -0.31566 1 111.289 -8.896 -13.262 -0.36674 0.83297 -0.34709 0.22625 2 86.855 33.69 -29.587 0.56518 0.69432 -0.16904 0.41221 3 
58.643 -53.942 -14.852 -0.1179 0.72368 0.60432 -0.31175 1 111.253 -9.055 -13.252 -0.36818 0.83362 -0.34556 0.22384 2 86.721 33.562 -30.63 0.56251 0.69445 -0.17659 0.41248 3 
58.653 -54.104 -14.918 -0.11054 0.72669 0.60781 -0.30043 1 111.545 -9.183 -13.248 -0.36544 0.8359 -0.34617 0.21886 2 87.084 32.97 -29.979 0.56608 0.69186 -0.1749 0.41266 3 
59.097 -54.168 -15.004 -0.09594 0.72935 0.61666 -0.28031 1 112.006 -9.306 -13.277 -0.36409 0.83813 -0.34658 0.21179 2 86.664 33.527 -30.206 0.56094 0.69699 -0.16932 0.41338 3 
61.095 -54.018 -15.131 -0.07796 0.7313 0.62396 -0.2642 1 112.65 -9.359 -13.28 -0.3629 0.84067 -0.34735 0.20232 2 86.605 33.472 -30.492 0.56151 0.69508 -0.17408 0.41384 3 
65.796 -53.764 -15.594 -0.04124 0.72498 0.63665 -0.25957 1 113.243 -9.266 -13.327 -0.36804 0.84099 -0.34562 0.19448 2 87.04 33.083 -30.33 0.56555 0.69164 -0.17831 0.4123 3 
73.628 -52.674 -15.526 0.0598 0.70597 0.6512 -0.27195 1 113.958 -8.972 -13.301 -0.37555 0.84153 -0.34276 0.18248 2 86.522 33.938 -30.412 0.55977 0.69655 -0.17244 0.41441 3 
82.691 -50.298 -15.685 0.26119 0.73501 0.61288 -0.12614 1 114.975 -8.462 -13.292 -0.37805 0.84467 -0.34088 0.16555 2 86.649 33.744 -30.301 0.56087 0.69537 -0.17339 0.41451 3 
93.212 -50.445 -16.929 0.41691 0.75723 0.48952 0.11474 1 115.945 -7.654 -13.523 -0.37371 0.84979 -0.34131 0.14732 2 86.675 33.469 -30.649 0.56225 0.69411 -0.17666 0.41338 3 
101.498 -53.129 -17.29 0.51333 0.74206 0.35388 0.24619 1 116.939 -6.867 -13.845 -0.37701 0.85046 -0.34485 0.12517 2 87.044 33.205 -29.868 0.56495 0.69303 -0.17213 0.41341 3 
107.551 -50.646 -16.858 0.56949 0.67667 0.36887 0.28588 1 117.769 -6.064 -14.011 -0.38113 0.85166 -0.34169 0.11254 2 86.644 33.371 -30.578 0.56272 0.69322 -0.17677 0.41416 3 
111.196 -46.036 -17.382 0.56059 0.64328 0.44588 0.27042 1 118.504 -5.237 -14.272 -0.38194 0.85126 -0.34809 0.09118 2 86.794 33.225 -30.252 0.56435 0.6924 -0.17541 0.41391 3 
111.584 -43.997 -17.681 0.55857 0.6533 0.46802 0.20535 1 119.55 -4.222 -14.499 -0.37178 0.85221 -0.36043 0.07489 2 86.648 33.799 -30.373 0.55911 0.69702 -0.17215 0.41464 3 
111.519 -42.87 -17.373 0.56573 0.65301 0.45131 0.22328 1 120.272 -3.068 -14.596 -0.36885 0.85311 -0.36227 0.07011 2 86.87 33.028 -30.153 0.56577 0.69175 -0.17551 0.41302 3 
111.374 -41.68 -17.027 0.56546 0.65786 0.43662 0.2384 1 120.867 -0.832 -14.475 -0.3659 0.85619 -0.35529 0.08268 2 86.937 32.963 -30.433 0.56613 0.69148 -0.17708 0.4123 3 
111.135 -40.788 -16.668 0.56144 0.66616 0.41858 0.25653 1 120.671 6.141 -14.864 -0.20652 0.90421 -0.36948 0.05693 2 86.895 32.976 -30.453 0.56547 0.69178 -0.17762 0.41249 3 
110.815 -39.994 -16.166 0.5544 0.67127 0.39825 0.28885 1 118.866 18.422 -14.705 0.11267 0.91586 -0.38346 -0.03835 2 86.759 33.49 -30.446 0.56243 0.69432 -0.17566 0.41319 3 
110.102 -39.273 -15.559 0.5555 0.66896 0.36975 0.3274 1 116.403 30.685 -13.324 0.32807 0.84616 -0.41056 -0.08848 2 86.823 32.865 -30.804 0.56507 0.69221 -0.17895 0.41172 3 
109.629 -38.441 -15.096 0.54674 0.66912 0.35645 0.35539 1 114.122 36.804 -12.448 0.43025 0.82665 -0.35997 -0.04427 2 86.731 33.574 -30.729 0.56184 0.69461 -0.17723 0.41286 3 
109.329 -37.519 -14.805 0.53429 0.67246 0.35083 0.37316 1 112.251 39.691 -12.138 0.48222 0.80366 -0.34747 0.02915 2 86.852 33.424 -30.206 0.56311 0.69364 -0.17479 0.41379 3 
109.107 -36.93 -14.566 0.52526 0.67538 0.34646 0.38462 1 111.087 40.613 -12.341 0.50382 0.79121 -0.33759 0.07866 2 86.991 33.23 -29.92 0.56466 0.69245 -0.17392 0.41403 3 
108.848 -36.373 -14.484 0.51912 0.67738 0.34614 0.38969 1 109.863 40.874 -12.645 0.50886 0.79429 -0.31178 0.11382 2 87.101 32.842 -30.166 0.56659 0.69127 -0.17667 0.41222 3 
108.68 -35.989 -14.413 0.51487 0.67899 0.347 0.39176 1 109.547 40.987 -12.553 0.51849 0.79424 -0.28868 0.13043 2 87.073 33.586 -29.501 0.56406 0.69328 -0.17149 0.41447 3 
108.501 -35.824 -14.377 0.51136 0.68048 0.34664 0.39408 1 109.488 40.914 -12.704 0.51908 0.79616 -0.28025 0.13469 2 86.786 33.515 -30.576 0.56216 0.69393 -0.17744 0.41346 3 
108.271 -35.698 -14.363 0.51307 0.678 0.34482 0.39771 1 109.185 40.981 -12.888 0.51445 0.79961 -0.27651 0.13965 2 86.559 33.735 -30.817 0.56029 0.69542 -0.17683 0.41376 3 
108.218 -35.731 -14.34 0.51379 0.67675 0.34362 0.39995 1 109.295 40.957 -12.711 0.51639 0.79679 -0.28264 0.13629 2 86.858 33.621 -30.159 0.56202 0.69426 -0.17407 0.41453 3 
108.42 -35.874 -14.377 0.51321 0.67792 0.34556 0.39703 1 109.896 40.761 -12.357 0.5164 0.80202 -0.28389 0.09751 2 86.778 33.056 -30.835 0.56479 0.69266 -0.17875 0.41144 3 
108.73 -36.159 -14.518 0.51323 0.67962 0.34993 0.39022 1 110.827 40.126 -12.422 0.50113 0.80917 -0.30654 0.01204 2 86.371 33.517 -31.172 0.56045 0.69526 -0.17795 0.41333 3 
109.022 -36.566 -14.668 0.51564 0.67895 0.35483 0.38372 1 112.142 38.448 -12.324 0.47529 0.81514 -0.31528 -0.10117 2 87.205 32.816 -30.382 0.5669 0.69031 -0.17989 0.41199 3 
109.14 -37.077 -14.903 0.52265 0.67467 0.35821 0.37861 1 113.718 35.994 -12.676 0.44112 0.79556 -0.34076 -0.23744 2 87.083 33.177 -30.128 0.56498 0.69222 -0.17612 0.41306 3 
109.138 -37.596 -15.135 0.53018 0.66899 0.36276 0.37386 1 114.145 33.428 -13.555 0.42595 0.80166 -0.3459 -0.2372 2 86.87 33.501 -30.047 0.56239 0.69409 -0.17381 0.41443 3 
108.081 -37.882 -15.012 0.55443 0.64989 0.34016 0.39311 1 114.849 32.467 -13.742 0.45642 0.79517 -0.33507 -0.21705 2 86.894 32.844 -30.49 0.56621 0.69134 -0.17743 0.41228 3 
101.419 -36.394 -12.971 0.67838 0.6223 0.23326 0.31327 1 116.371 31.526 -14.101 0.48201 0.76747 -0.3448 -0.24449 2 86.681 33.599 -30.473 0.56185 0.69497 -0.17448 0.41341 3 
97.164 -29.723 -13.259 0.78119 0.53058 0.19576 0.26438 1 115.896 28.348 -14.735 0.47042 0.79655 -0.31328 -0.21463 2 87.102 33.63 -29.822 0.56271 0.69393 -0.17367 0.41431 3 
87.238 -19.43 -14.588 0.58434 0.69556 0.41041 0.07938 1 111.996 26.474 -15.21 0.42595 0.86229 -0.25387 -0.10284 2 86.779 33.171 -30.283 0.56424 0.69243 -0.17567 0.41391 3 
87.633 -3.142 -13.113 0.56293 0.73021 0.37864 0.08089 1 107.04 27.477 -15.277 0.40904 0.88092 -0.23367 -0.0454 2 86.587 33.662 -30.487 0.56115 0.69501 -0.17508 0.41402 3 
88.313 11.552 -14.022 0.53585 0.81456 0.19429 0.10774 1 102.744 29.64 -15.403 0.39241 0.89252 -0.22161 -0.01782 2 87.118 33.131 -30.232 0.56476 0.69238 -0.17672 0.41283 3 
87.216 19.229 -16.273 0.47501 0.83597 0.16525 0.21959 1 100.662 32.279 -15.415 0.40611 0.89487 -0.18512 -0.0024 2 87.172 32.556 -30.104 0.56898 0.689 -0.17855 0.41189 3 
87.506 20.801 -17.131 0.45762 0.84605 0.14569 0.23141 1 100.89 34.423 -15.61 0.38061 0.90677 -0.18026 -0.02046 2 86.968 32.98 -30.263 0.56559 0.69176 -0.17671 0.41274 3 
87.976 21.254 -17.746 0.44802 0.8404 0.15768 0.26103 1 100.677 35.44 -15.885 0.33959 0.92201 -0.18421 -0.02512 2 86.93 33.026 -30.692 0.56506 0.69173 -0.17987 0.41214 3 
88.006 21.712 -17.85 0.4447 0.84511 0.16559 0.24618 1 99.78 36.863 -16.569 0.31294 0.92825 -0.19852 -0.0317 2 86.76 33.514 -30.415 0.56199 0.69432 -0.17482 0.41416 3 
