0 29.92 98.675 51.119 -0.23115 -0.16693 -0.39795 -0.87198
1 32.854 116.57 74.022 0.67853 -0.14068 0.51344 0.50614
2 22.705 150.173 106.409 0.94801 0.31771 0.01572 0.00892
0 27.666 109.128 58.834 -0.37404 -0.29674 -0.23935 -0.84543
1 32.875 116.577 73.987 0.6785 -0.14069 0.51361 0.50601
2 22.577 150.291 106.293 0.94807 0.31753 0.01597 0.00958
0 28.836 114.893 64.618 -0.43467 -0.3719 -0.10931 -0.8129
1 32.913 116.537 74.023 0.67874 -0.14026 0.51352 0.50589
2 22.549 150.251 106.378 0.94809 0.31749 0.01546 0.00976
0 29.385 116.309 67.151 -0.43253 -0.3728 -0.11452 -0.81291
1 33.051 116.792 74.02 0.67106 -0.16672 0.49608 0.52515
2 22.601 150.246 106.288 0.94817 0.31725 0.01559 0.00931
0 29.701 115.052 64.021 -0.40925 -0.26228 -0.13864 -0.86285
1 31.764 116.375 70.264 0.63036 -0.26602 0.43014 0.58895
2 22.914 150.149 106.392 0.94799 0.31781 0.01617 0.00689
0 23.394 113.061 55.088 -0.33987 -0.11886 -0.09006 -0.92857
1 22.274 114.425 62.113 0.62554 -0.37945 0.28085 0.62116
2 22.582 150.276 106.288 0.94813 0.31734 0.0161 0.00921
0 18.356 114.528 52.026 -0.34397 0.0054 0.12324 -0.93084
1 13.837 113.749 60.87 0.72804 -0.3707 0.05545 0.57399
2 22.686 150.178 106.407 0.94804 0.31764 0.01579 0.00915
0 17.712 117.234 53.905 -0.39168 0.08816 0.30923 -0.86208
1 11.181 114.881 63.239 0.81907 -0.30545 -0.09613 0.476
2 22.614 150.278 106.309 0.94809 0.31746 0.01615 0.00913
0 18.104 119.812 55.743 -0.45198 0.24457 0.48434 -0.70804
1 9.978 117.938 63.055 0.88611 -0.26863 -0.27126 0.26278
2 22.37 150.303 106.32 0.9481 0.31741 0.0156 0.01074
0 17.593 120.277 56.2 -0.46092 0.28027 0.5299 -0.65437
1 9.698 118.826 62.5 0.8937 -0.24683 -0.32289 0.19002
2 22.723 150.24 106.296 0.94813 0.31735 0.01624 0.00851
0 17.27 120.218 56.116 -0.45811 0.27911 0.53661 -0.65136
1 9.393 118.769 62.28 0.89313 -0.24045 -0.3315 0.18604
2 22.545 150.304 106.265 0.94819 0.31719 0.0156 0.00964
