0 41.221 88.309 46.459 -0.1764 -0.09086 -0.59476 -0.77903
1 10.361 108.812 62.272 0.46074 -0.46705 0.32781 0.6798
2 22.709 150.195 106.364 0.94814 0.31731 0.01652 0.00849
0 38.173 87.642 45.617 -0.16462 -0.08958 -0.57775 -0.7944
1 10.361 108.809 62.284 0.46075 -0.46696 0.32784 0.67983
2 22.783 150.203 106.339 0.94814 0.31733 0.01632 0.00805
0 23.296 90.357 43.757 -0.18296 -0.10376 -0.46435 -0.86031
1 10.352 108.812 62.276 0.4608 -0.46698 0.32781 0.6798
2 22.489 150.243 106.323 0.94818 0.31718 0.01592 0.00964
0 14.275 97.808 48.344 -0.194 -0.18369 -0.35578 -0.89557
1 10.363 108.786 62.321 0.46097 -0.46685 0.32766 0.67985
2 22.704 150.205 106.298 0.94819 0.31721 0.01609 0.00798
0 10.6 103.412 53.574 -0.18604 -0.23598 -0.28887 -0.90899
1 10.376 108.812 62.265 0.46078 -0.4669 0.32796 0.6798
2 22.607 150.234 106.325 0.94814 0.3173 0.01624 0.00917
0 9.633 105.305 56.19 -0.17879 -0.23182 -0.25081 -0.92271
1 10.392 108.8 62.272 0.46092 -0.4669 0.32804 0.67967
2 22.792 150.238 106.313 0.94815 0.31729 0.01647 0.00807
0 9.265 106.014 58.021 -0.18033 -0.21065 -0.29487 -0.91442
1 10.523 109.23 62.311 0.4546 -0.47437 0.30236 0.69057
2 22.704 150.294 106.325 0.94817 0.31723 0.01657 0.00827
0 10.369 106.684 57.557 -0.19835 -0.16789 -0.27133 -0.92674
1 10.906 109.388 62.022 0.46484 -0.47963 0.25838 0.69794
2 22.644 150.336 106.176 0.94813 0.3173 0.0164 0.00977
0 12.244 111.341 53.196 -0.31994 -0.05663 -0.01132 -0.94568
1 9.725 111.156 60.3 0.66286 -0.45013 0.05561 0.59574
2 22.565 150.234 106.357 0.94805 0.3176 0.0159 0.00892
0 14.529 115.804 52.625 -0.4107 0.081 0.24834 -0.87355
1 8.754 113.515 60.45 0.80113 -0.39233 -0.15479 0.42463
2 22.574 150.245 106.364 0.94806 0.31753 0.01643 0.00913
0 16.039 117.831 55.215 -0.45348 0.15603 0.38624 -0.78793
1 8.901 115.036 62.448 0.85086 -0.34487 -0.26083 0.29844
2 22.752 150.248 106.334 0.94814 0.3173 0.01664 0.00821
0 16.418 119.265 57.655 -0.47223 0.2345 0.5012 -0.68616
1 8.525 116.703 63.39 0.86601 -0.3011 -0.36738 0.1562
2 22.594 150.238 106.38 0.94807 0.31753 0.01583 0.0093
