0 38.788 97.184 56.791 -0.25161 -0.32129 -0.43059 -0.80502
1 52.143 112.773 71.43 0.63028 -0.33984 0.39507 0.57548
2 22.651 150.143 106.4 0.94804 0.31763 0.01505 0.00993
0 40.365 106.589 63.033 -0.42939 -0.39369 -0.18863 -0.7906
1 52.161 112.774 71.424 0.63018 -0.33977 0.39516 0.57557
2 22.461 150.272 106.322 0.94806 0.31756 0.01486 0.01069
0 42.023 111.265 67.341 -0.48842 -0.43737 -0.13233 -0.74339
1 52.181 112.78 71.385 0.6302 -0.33973 0.39532 0.57546
2 22.767 150.224 106.306 0.94809 0.31753 0.01515 0.00862
0 42.65 112.344 68.63 -0.52149 -0.41975 -0.11706 -0.73359
1 52.353 112.902 71.334 0.6249 -0.34974 0.3878 0.58034
2 22.523 150.186 106.425 0.94801 0.31774 0.01497 0.0102
0 43.273 112.054 68.926 -0.50518 -0.38026 -0.17189 -0.75542
1 52.761 113.477 70.485 0.59378 -0.37354 0.34969 0.62098
2 22.615 150.29 106.27 0.94809 0.31748 0.01532 0.00953
0 37.732 110.862 61.067 -0.44313 -0.26277 -0.21818 -0.82885
1 44.667 114.664 62.746 0.50163 -0.49189 0.28403 0.65249
2 22.493 150.257 106.349 0.94804 0.31761 0.01508 0.01028
0 27.85 111.778 53.078 -0.37286 -0.1159 -0.08732 -0.91647
1 30.106 115.158 58.823 0.51422 -0.59003 0.06288 0.61927
2 22.606 150.25 106.32 0.94809 0.31751 0.01496 0.0099
0 21.969 115.582 50.941 -0.35244 -0.0069 0.10833 -0.92952
1 20.365 116.342 60.307 0.58657 -0.60569 -0.12623 0.52263
2 22.608 150.182 106.37 0.948 0.31773 0.01539 0.01018
0 19.931 119.289 53.596 -0.36332 0.143 0.39716 -0.83055
1 13.149 116.186 64.649 0.69826 -0.55213 -0.34432 0.29839
2 22.606 150.195 106.4 0.94802 0.31768 0.01527 0.01028
0 19.67 119.585 55.315 -0.39026 0.22071 0.50666 -0.7364
1 11.159 116.075 64.842 0.7383 -0.51708 -0.40792 0.14542
2 22.688 150.237 106.322 0.94807 0.31754 0.01563 0.00927
0 19.015 119.866 55.334 -0.39222 0.24889 0.53896 -0.70266
1 10.133 116.443 64.01 0.74508 -0.49925 -0.43479 0.08103
2 22.718 150.229 106.344 0.94799 0.3178 0.01552 0.00905
0 19.14 119.913 55.415 -0.39387 0.24711 0.5397 -0.7018
1 10.285 116.475 64.099 0.74716 -0.49826 -0.43222 0.08178
2 22.607 150.193 106.4 0.94805 0.3176 0.01531 0.00985
