0 39.772 88.779 44.389 -0.06631 -0.04694 -0.52713 -0.84589
1 2.766 92.718 52.025 0.42148 -0.48676 0.40836 0.64704
2 22.68 150.246 106.317 0.94811 0.31743 0.01591 0.00863
0 35.233 84.845 42.009 -0.02697 -0.00277 -0.46426 -0.88528
1 2.75 92.734 52.009 0.42128 -0.48684 0.40836 0.64711
2 22.599 150.319 106.265 0.94819 0.31718 0.01593 0.00904
0 23.459 81.451 40.437 -0.02133 -0.0058 -0.39122 -0.92003
1 2.762 92.721 52.02 0.42142 -0.48675 0.40836 0.64708
2 22.678 150.204 106.36 0.94812 0.3174 0.01574 0.00888
0 8.941 86.78 44.6 -0.0567 -0.12262 -0.32513 -0.93597
1 2.746 92.719 52.021 0.42136 -0.4869 0.40827 0.64707
2 22.529 150.214 106.402 0.94801 0.3177 0.01589 0.00969
0 6.129 89.384 47.476 -0.04929 -0.15427 -0.33823 -0.92702
1 2.792 92.706 52.024 0.42149 -0.48663 0.40853 0.64703
2 22.732 150.279 106.266 0.94815 0.31731 0.01625 0.00822
0 5.609 89.715 48.045 -0.0147 -0.10102 -0.34443 -0.93325
1 2.6 92.675 52.034 0.42388 -0.4784 0.4147 0.64768
2 22.6 150.214 106.312 0.94803 0.31764 0.01623 0.00928
0 5.356 90.385 47.84 -0.01169 -0.07777 -0.33457 -0.93908
1 2.373 92.919 51.916 0.41151 -0.4715 0.39874 0.67034
2 22.67 150.222 106.322 0.94812 0.3174 0.01596 0.00864
0 7.352 103.06 45.633 -0.22562 0.01402 0.00192 -0.97411
1 2.507 102.857 51.927 0.67911 -0.32035 0.17644 0.63644
2 22.681 150.234 106.306 0.94814 0.31732 0.01637 0.00843
0 11.789 113.345 50.426 -0.35092 0.05625 0.20288 -0.91243
1 5.383 111.51 58.212 0.80178 -0.1905 0.03239 0.56552
2 22.791 150.189 106.334 0.94814 0.31735 0.01626 0.00732
0 16.369 118.407 57.193 -0.44603 0.13261 0.40032 -0.78944
1 8.315 115.972 64.666 0.88838 -0.08299 -0.14198 0.42864
2 22.549 150.222 106.358 0.94811 0.31742 0.01574 0.00935
0 17.599 119.226 60.701 -0.48995 0.23508 0.52676 -0.65361
1 9.532 118.049 65.889 0.91634 -0.04611 -0.29336 0.26856
2 22.55 150.212 106.404 0.94803 0.31763 0.01599 0.00931
0 17.006 119.773 60.152 -0.49472 0.27844 0.5512 -0.61147
1 9.439 119.33 64.37 0.91399 -0.05227 -0.34341 0.20968
2 22.598 150.264 106.309 0.94811 0.31741 0.01589 0.0095
