0 45.611 92.134 53.918 -0.22789 -0.17075 -0.33637 -0.89765
1 47.681 101.623 57.812 0.33956 -0.61955 0.19653 0.67988
2 22.633 150.166 106.374 0.94802 0.31768 0.01469 0.01067
0 42.91 95.885 57.667 -0.31357 -0.2155 -0.30661 -0.87248
1 47.717 101.752 57.805 0.33354 -0.6229 0.18903 0.68192
2 22.547 150.256 106.274 0.94808 0.31752 0.01435 0.01132
0 42.875 96.196 57.691 -0.31677 -0.17577 -0.32357 -0.87411
1 47.513 102.04 57.865 0.33655 -0.61998 0.18652 0.68379
2 22.656 150.249 106.29 0.94814 0.31737 0.01458 0.00982
0 43.105 96.509 56.352 -0.30164 -0.13405 -0.33288 -0.88331
1 46.723 102.476 56.588 0.32001 -0.63352 0.14142 0.6901
2 22.644 150.229 106.329 0.94811 0.31745 0.01452 0.01018
0 37.841 97.516 49.512 -0.28782 -0.03074 -0.28587 -0.91351
1 39.429 103.68 51.072 0.30891 -0.69238 0.05104 0.65007
2 22.603 150.228 106.322 0.94801 0.31771 0.01499 0.01056
0 25.234 105.979 48.069 -0.29526 0.00303 -0.12545 -0.94714
1 25.405 111.02 52.701 0.40695 -0.68171 -0.08671 0.60178
2 22.708 150.216 106.328 0.94808 0.3175 0.01498 0.01021
0 20.767 112.263 51.315 -0.29519 0.00541 0.02078 -0.9552
1 19.615 115.131 59.048 0.49758 -0.63988 -0.20051 0.55024
2 22.574 150.224 106.355 0.94799 0.31778 0.0148 0.01079
0 20.018 116.484 54.463 -0.33663 0.09429 0.26552 -0.89849
1 15.222 115.348 66.01 0.62377 -0.58978 -0.36051 0.36482
2 22.494 150.203 106.364 0.94803 0.31765 0.01485 0.01115
0 19.388 117.7 56.014 -0.38101 0.19624 0.42715 -0.79616
1 11.746 115.169 67.321 0.6865 -0.55259 -0.43995 0.17264
2 22.621 150.178 106.437 0.94798 0.31781 0.01495 0.01023
0 18.701 117.902 56.439 -0.42489 0.25787 0.50173 -0.70798
1 10.431 115.696 66.266 0.71669 -0.53438 -0.44707 0.0303
2 22.618 150.203 106.398 0.948 0.31776 0.01481 0.01049
