 -0.0216768   -0.994104    0.106241 -0.00793399  0.198736  -0.10843 -0.974036  0.156211    0.979813           0    0.199915 -0.00917046 0 0 0 1         0 -0.524398    1.3944         0 -0.611398    1.0464 -0.524398    1.1334         0 -0.785398  0.785398         0 -0.785398  0.785398 -0.785398  0.785398
0.215814
0.727247
0.201271
100
15
85
0.187541
0.578199
0.10581 0.217669 0.0107331 0.167236 0.161588 0.179993 0.356092 0.183332 0.36414 0.0287955 0.0457681 0.266111 0.207966 0.053489 0.0458476 0.0161231 0.356306 0.283826 0.160451 0.209577 0.211669 0.186489 0.0317094 0.350269 0.16564 0.359764 0.0661224 0.0144674 0.207441 0.219029 0.320044 0.275181 0.220347 0.210954 0.289226 0.111894 0.231227 0.0373995 0.373472 0.234829 0.0316744 0.0837208 0.351051 0.368509 0.0343324 0.141524 0.28306 0.2118 0.0984049 0.36376 0.215599 0.0783302 0.366691 0.260728 0.362912 0.0613945 0.113139 0.0105808 0.265498 0.111956 0.280513 0.17653 0.181565 0.214855 0.153366 0.230009 0.379766 0.168992 0.129366 0.0854758 0.210553 0.272253 0.0962106 0.0527118 0.0844264 0.246319 0.0380179 0.0746663 0.0912104 0.206581 0.355204 0.381212 0.132599 0.14085 0.20508 
0.355719 0.855237 0.108238 0.501112 0.356168 0.41407 1.1575 0.400817 1.10077 0.143446 0.132694 0.672551 0.655405 0.156197 0.123525 0.103289 1.16951 0.703291 0.36941 0.790177 0.857927 0.867255 0.127344 1.01581 0.402545 1.18476 0.378798 0.107374 0.872449 0.848909 1.04697 0.641042 0.698094 0.769348 0.65381 0.650075 0.81356 0.12773 1.04724 0.637394 0.126334 0.277861 1.21103 1.15199 0.10278 0.426209 0.651651 0.821071 0.306022 1.13325 0.750538 0.394669 1.18126 0.647482 1.11287 0.362308 0.342013 0.104731 0.66711 0.336071 0.673037 0.426608 0.375951 0.543316 0.313683 0.796978 1.12972 0.428179 0.384259 0.318346 0.667398 0.679493 0.311794 0.0939589 0.29221 0.66101 0.122646 0.299311 0.28037 0.870007 0.951584 1.05812 0.504134 0.409245 0.430749 
