0.0172705  -0.99369 -0.110827 0.0268099 0.153003 0.112165 -0.98184 0.149965   0.988075          0   0.153975 -0.0332963 0 0 0 1         0 -0.437398    1.5684         0 -0.611398    1.3074 -0.524398    1.3944         0 -0.785398  0.785398         0 -0.785398  0.785398 -0.785398  0.785398
0.347085
0.87046
0.15459
100
14
86
0.175813
0.438395
0.238574 0.158867 0.0598365 0.131019 0.162675 0.0629429 0.344871 0.171232 0.00679364 0.00662249 0.237729 0.117199 0.063102 0.259856 0.22695 0.204196 0.00474381 0.0725917 0.0703682 0.187044 0.108504 0.229874 0.128515 0.0479354 0.0745169 0.145938 0.159634 0.125669 0.118879 0.241917 0.17602 0.0426863 0.140511 0.287517 0.239839 0.0941687 0.0949044 0.196727 0.124467 0.241918 0.062653 0.249963 0.347151 0.345979 0.183008 0.228587 0.13067 0.12623 0.238281 0.0843416 0.128723 0.194283 0.337042 0.255549 0.117279 0.23581 0.117883 0.312964 0.126822 0.231536 0.182383 0.224837 0.131454 0.17649 0.2383 0.176972 0.208966 0.241882 0.0691654 0.237897 0.127839 0.23175 0.234973 0.235775 0.11527 0.190469 0.175258 0.233599 0.182801 0.23509 0.123836 0.346808 0.344974 0.241265 0.32401 0.0257778 
0.672255 0.236986 0.238184 0.250576 0.469373 0.25788 0.961332 0.331719 0.098365 0.0794457 0.623067 0.20055 0.234028 0.609641 0.675828 0.310973 0.0994492 0.337241 0.249927 0.333652 0.316399 0.630943 0.191799 0.0945844 0.277688 0.533631 0.269356 0.239994 0.320315 0.709892 0.291914 0.0995926 0.276254 0.645984 0.605797 0.272379 0.218088 0.466714 0.254737 0.500727 0.412567 0.610149 0.908659 0.917996 0.443762 0.496265 0.267182 0.219963 0.662099 0.327181 0.242438 0.41486 0.840782 0.647428 0.218812 0.593937 0.213884 0.786977 0.237889 0.627817 0.488015 0.756133 0.306543 0.33247 0.666505 0.295314 0.432975 0.689731 0.253494 0.645261 0.225497 0.682834 0.505877 0.521975 0.354023 0.48711 0.36169 0.485592 0.342323 0.651873 0.236798 0.912259 0.928743 0.516544 0.792258 0.252218 
