 0.148444 -0.584089    -0.798  0.128567   0.10682   0.81169 -0.574238 0.0770561   0.983135          0   0.182883 -0.0573824 0 0 0 1         0 -0.263398    1.4814         0 -0.437398    1.2204 -0.437398    1.2204         0 -0.785398  0.785398         0 -0.785398  0.785398 -0.785398  0.785398
0.139382
0.397488
0.183918
100
25
75
0.14694
0.306451
0.154372 0.164675 0.150224 0.237487 0.16778 0.162908 0.144806 0.244696 0.110091 0.131444 0.248307 0.0564209 0.131393 0.101936 0.145343 0.0697218 0.109609 0.174321 0.165556 0.108306 0.176812 0.129881 0.0875466 0.0424127 0.141216 0.146581 0.0396836 0.159497 0.0538261 0.242392 0.186391 0.198241 0.0610826 0.139369 0.101127 0.100337 0.129015 0.231497 0.172348 0.0941694 0.152362 0.0982382 0.145936 0.181547 0.219124 0.118438 0.12291 0.255209 0.127711 0.124111 0.165319 0.154972 0.0370311 0.236778 0.186898 0.0996741 0.12358 0.15174 0.128858 0.114372 0.154756 0.238606 0.00244434 0.106449 0.203613 0.172172 0.143529 0.254198 0.225616 0.157591 0.205826 0.144007 0.142161 0.149867 0.162017 
0.204682 0.449225 0.196442 0.590039 0.254036 0.45062 0.318794 0.517688 0.166838 0.417977 0.6242 0.335784 0.234031 0.210891 0.279306 0.276428 0.292224 0.230014 0.225319 0.174838 0.34396 0.279258 0.326155 0.18841 0.197985 0.191192 0.17957 0.202679 0.209882 0.65855 0.484859 0.279141 0.235364 0.180929 0.167957 0.162277 0.251896 0.507264 0.419078 0.0955277 0.397912 0.272925 0.184657 0.431406 0.46961 0.103428 0.1729 0.612776 0.188549 0.170835 0.20932 0.311598 0.166847 0.58594 0.460731 0.326503 0.195523 0.209141 0.258257 0.291759 0.294274 0.484333 0.0741347 0.332289 0.283383 0.404769 0.291049 0.624558 0.4639 0.211094 0.283937 0.299596 0.301594 0.369001 0.23398 
