-0.145617 -0.608825  0.779826 -0.116048  0.111754 -0.793305  -0.59848 0.0970484   0.983009          0   0.183558 -0.0475927 0 0 0 1         0 -0.437398    1.4814         0 -0.524398    1.0464 -0.350398    1.2204         0 -0.785398  0.785398         0 -0.785398  0.785398 -0.785398  0.785398
0.205516
0.481911
0.184604
100
18
82
0.148792
0.350933
0.150319 0.174836 0.144127 0.236162 0.163251 0.158512 0.0718703 0.0599278 0.176721 0.204638 0.14929 0.197739 0.204141 0.0511362 0.179177 0.215302 0.179963 0.119402 0.226934 0.259177 0.170947 0.00416296 0.313485 0.00904335 0.0960698 0.269871 0.226622 0.186928 0.173878 0.242523 0.223859 0.0607784 0.257411 0.0839959 0.0346969 0.0830167 0.0491234 0.0763887 0.200047 0.187662 0.00542756 0.193708 0.138047 0.180701 0.1609 0.0336369 0.227598 0.241521 0.0617461 0.0544386 0.0489121 0.240325 0.0554163 0.167616 0.0676704 0.152891 0.0070928 0.16974 0.226246 0.0550972 0.219193 0.0174931 0.253982 0.0999952 0.130977 0.166751 0.152432 0.174769 0.13963 0.18422 0.0849974 0.0420756 0.263407 0.15879 0.0569374 0.17002 0.0680367 0.279523 0.201656 0.299704 0.0276933 0.246761 
0.297459 0.309218 0.228875 0.546939 0.238609 0.291811 0.266955 0.200572 0.429183 0.503564 0.314369 0.500183 0.469434 0.246486 0.275847 0.544591 0.430203 0.137306 0.290991 0.639662 0.226411 0.0577573 0.771954 0.0732833 0.22765 0.676373 0.565176 0.476769 0.247694 0.502009 0.561646 0.203209 0.682585 0.333038 0.159546 0.237901 0.192471 0.214595 0.448845 0.427041 0.0644547 0.474821 0.28169 0.434765 0.256038 0.0928448 0.49746 0.583421 0.228724 0.126908 0.179971 0.520264 0.229869 0.24982 0.337469 0.34298 0.0718674 0.294865 0.522131 0.203948 0.450056 0.0636463 0.633816 0.333866 0.2474 0.391391 0.280441 0.285991 0.233789 0.716289 0.334268 0.355876 0.681703 0.248071 0.176901 0.268127 0.197773 0.642498 0.315816 0.740003 0.17006 0.566231 
