 0.0105358  -0.998115 -0.0604648  0.0186017  0.171337 0.0613758 -0.983299  0.147878   0.985156          0    0.17166 -0.0529397 0 0 0 1         0 -0.350398    1.5684         0 -0.524398    1.3074 -0.437398    1.3944         0 -0.785398  0.785398         0 -0.785398  0.785398 -0.785398  0.785398
0.29702
0.729384
0.172515
100
8
92
0.152515
0.360162
0.133707 0.0513688 0.0503251 0.130098 0.119322 0.120706 0.160484 0.11535 0.0699494 0.230596 0.152936 0.308766 0.234839 0.26252 0.120926 0.138521 0.125534 0.156781 0.119628 0.123936 0.256772 0.164747 0.155231 0.109356 0.0949995 0.0551326 0.206673 0.0759589 0.32961 0.1194 0.199313 0.14737 0.0678869 0.222496 0.30828 0.145611 0.0679819 0.0534369 0.113103 0.295018 0.118494 0.0602916 0.160895 0.14805 0.095331 0.206603 0.198247 0.253734 0.182916 0.215933 0.238336 0.163703 0.135328 0.160169 0.169773 0.228337 0.1382 0.0547507 0.147645 0.132522 0.168953 0.232454 0.0557175 0.124548 0.134656 0.0623205 0.131183 0.23122 0.165139 0.0492223 0.169078 0.144256 0.144073 0.228062 0.198386 0.151619 0.171564 0.126775 0.16642 0.103583 0.195285 0.231915 0.107738 0.109462 0.0683647 0.201947 0.315811 0.053199 0.128347 0.0738913 0.219226 0.043039 
0.399612 0.168778 0.094764 0.327434 0.232348 0.305818 0.291675 0.206814 0.254002 0.609775 0.406692 0.744768 0.524999 0.558487 0.199861 0.331976 0.314983 0.283716 0.22792 0.329816 0.559828 0.282332 0.39974 0.170771 0.309911 0.212875 0.28674 0.0873837 0.8218 0.321836 0.591976 0.22471 0.351344 0.588533 0.74146 0.199242 0.0915884 0.151869 0.30253 0.763171 0.211634 0.219673 0.38014 0.352594 0.190685 0.586907 0.311909 0.504986 0.270245 0.574954 0.49004 0.458772 0.406272 0.370496 0.310391 0.498665 0.339745 0.0884187 0.469926 0.301227 0.502567 0.552944 0.20845 0.326489 0.369145 0.226201 0.304335 0.527982 0.373599 0.0903361 0.368174 0.40978 0.325311 0.599013 0.40342 0.411939 0.473398 0.32288 0.488559 0.165839 0.396432 0.61483 0.199105 0.310937 0.237468 0.421858 0.75381 0.184768 0.205487 0.0904467 0.561545 0.0963285 
