 0.108264 -0.790269  -0.60312  0.099988  0.139626   0.61276 -0.777836  0.109516   0.984268          0   0.176682 -0.0622261 0 0 0 1         0 -0.263398    1.4814         0 -0.437398    1.2204 -0.437398    1.3074         0 -0.785398  0.785398         0 -0.785398  0.785398 -0.785398  0.785398
0.267864
0.67962
0.177615
100
18
82
0.147274
0.320654
0.127101 0.0837469 0.113378 0.150968 0.0501631 0.247751 0.0745731 0.0509328 0.168652 0.100611 0.160503 0.147046 0.216636 0.104666 0.135301 0.193731 0.158801 0.154294 0.228825 0.0893536 0.150816 0.163737 0.0897432 0.136918 0.086982 0.154629 0.100089 0.117947 0.103511 0.0882569 0.135036 0.103474 0.134386 0.127177 0.148297 0.289557 0.146167 0.228174 0.127347 0.255642 0.217156 0.18789 0.151692 0.0934239 0.142568 0.20774 0.209162 0.183965 0.232224 0.142321 0.21203 0.157476 0.118952 0.0410639 0.114402 0.226693 0.155005 0.0335633 0.220469 0.2035 0.260231 0.226126 0.0491089 0.229282 0.132234 0.0138694 0.146896 0.146595 0.235137 0.0339546 0.159436 0.117782 0.199188 0.0874208 0.196157 0.232542 0.16581 0.00681099 0.136147 0.112529 0.00458736 0.288446 
0.323827 0.228338 0.180078 0.360548 0.0799188 0.527211 0.249932 0.217311 0.21334 0.344022 0.28588 0.253172 0.525743 0.0940988 0.359945 0.275637 0.339039 0.28429 0.542377 0.08361 0.43169 0.285577 0.166118 0.184731 0.0785502 0.442889 0.159478 0.29517 0.176258 0.0844346 0.394779 0.165495 0.170751 0.320714 0.261159 0.702776 0.193309 0.567357 0.203289 0.629248 0.489265 0.453327 0.412029 0.303022 0.243908 0.491522 0.280821 0.448589 0.541245 0.278309 0.661573 0.267631 0.19007 0.187974 0.180128 0.521642 0.262695 0.0811958 0.466995 0.596199 0.499693 0.557957 0.206248 0.552162 0.310838 0.103636 0.287477 0.240045 0.570979 0.162161 0.276035 0.188311 0.285775 0.15649 0.412318 0.518038 0.45258 0.190403 0.166421 0.328848 0.0701984 0.716798 
