  0.999998          0 0.00191581 -0.0044518 -5.37007e-06   0.999996 0.00280302 -0.0145667  -0.0019158 -0.00280303    0.999994    -0.20793 0 0 0 1         0 -0.437398  0.785398         0 -0.437398  0.785398 -0.524398  0.785398         0 -0.785398  0.785398         0 -0.785398  0.785398 -0.785398  0.785398
0.123094
0.0899444
0.00339519
100
12
88
0.115626
0.143507
0.106579 0.113181 0.115325 0.106252 0.0850599 0.114607 0.109771 0.085646 0.114415 0.0990808 0.103892 0.208336 0.105062 0.105513 0.116788 0.102574 0.117488 0.107695 0.107878 0.105384 0.105964 0.177766 0.136869 0.110504 0.114339 0.11503 0.0954312 0.111975 0.102037 0.171091 0.107214 0.209805 0.104023 0.119261 0.112693 0.118617 0.108415 0.103369 0.0801052 0.197906 0.175721 0.103053 0.111452 0.0969447 0.108671 0.104482 0.10161 0.0922938 0.0973335 0.109913 0.0685269 0.0966684 0.0972913 0.11254 0.216126 0.116293 0.106971 0.112322 0.132565 0.097493 0.112454 0.101923 0.211785 0.121051 0.15863 0.117247 0.106653 0.195534 0.120838 0.116997 0.103972 0.109478 0.0912605 0.0151586 0.106747 0.11072 0.114791 0.109391 0.109846 0.0975633 0.112798 0.0148802 0.113114 0.102429 0.194885 0.106788 0.0988174 0.108113 
0.0711411 0.079569 0.0958495 0.0774187 0.0719946 0.0931249 0.0831364 0.0604066 0.0804665 0.0823777 0.0756635 0.517603 0.0869379 0.0732585 0.0892355 0.0696666 0.081498 0.0819692 0.0771154 0.0927973 0.0843099 0.528208 0.50083 0.064223 0.0824853 0.0775152 0.0604911 0.0768374 0.0852078 0.527621 0.0743725 0.517718 0.0869716 0.0869219 0.079976 0.0822731 0.0812358 0.0887005 0.0683133 0.386656 0.52883 0.07432 0.0903148 0.570798 0.0751353 0.083325 0.0848448 0.0721534 0.0717759 0.0779355 0.0714789 0.0718883 0.0769829 0.0783897 0.620562 0.0872881 0.0755672 0.0757497 0.0852496 0.0881955 0.0802622 0.0814235 0.518394 0.0888142 0.534539 0.0902312 0.0762455 0.527258 0.0876847 0.0789345 0.0801459 0.077488 0.0702694 0.00565436 0.0826154 0.094557 0.0872125 0.0950633 0.0856369 0.0743805 0.081066 0.00515802 0.0809473 0.088669 0.474494 0.0777726 0.0779614 0.0828814 
