 0.053938 -0.932486 -0.357156 0.0651307  0.139246  0.361206 -0.922031  0.138303   0.988788          0   0.149327 -0.0319638 0 0 0 1         0 -0.437398    1.5684         0 -0.611398    1.3944 -0.524398    1.3074         0 -0.785398  0.785398         0 -0.785398  0.785398 -0.785398  0.785398
0.343259
0.85553
0.149888
100
15
85
0.19743
0.48113
0.162859 0.169504 0.171188 0.350904 0.242147 0.258311 0.148509 0.0564151 0.245414 0.340987 0.0536906 0.232761 0.328132 0.153687 0.170034 0.226664 0.236419 0.231744 0.192461 0.199304 0.244998 0.100012 0.00855895 0.211815 0.35157 0.206591 0.156305 0.325459 0.250597 0.158086 0.130999 0.0757294 0.141925 0.242308 0.207752 0.170946 0.255813 0.354713 0.00712488 0.209433 0.187854 0.0757028 0.0530619 0.343572 0.0308802 0.138066 0.248601 0.0319704 0.188807 0.250955 0.257719 0.309538 0.0944389 0.254399 0.236438 0.249871 0.215002 0.205583 0.341013 0.176353 0.193082 0.245638 0.0111855 0.328708 0.151564 0.0435028 0.127007 0.228197 0.273476 0.204313 0.198939 0.144216 0.180402 0.319602 0.167218 0.089278 0.338894 0.311312 0.243383 0.192525 0.118665 0.127476 0.166487 0.358589 0.146182 
0.283354 0.262036 0.284416 0.982175 0.536087 0.699662 0.252316 0.099892 0.586678 0.935719 0.0945062 0.626879 0.863649 0.23332 0.260291 0.539427 0.63787 0.776355 0.339512 0.440877 0.616905 0.332265 0.0920212 0.351583 0.965936 0.516719 0.281974 0.85277 0.674645 0.553103 0.218393 0.285311 0.229796 0.647966 0.32037 0.557029 0.674199 0.958173 0.0852509 0.480163 0.327092 0.296852 0.0958426 0.943086 0.0935689 0.25986 0.600951 0.0887985 0.596963 0.562962 0.745827 0.807133 0.336287 0.563484 0.598273 0.647989 0.454682 0.453207 0.945999 0.310151 0.558629 0.638687 0.0921398 0.889594 0.257836 0.0839499 0.217478 0.49487 0.626522 0.336305 0.432196 0.268226 0.470324 0.814802 0.267978 0.254202 0.908483 0.798902 0.739844 0.645232 0.312775 0.229105 0.258563 0.908552 0.232235 
