0.0824702 -0.885683 -0.456906 0.0779216  0.157321   0.46429 -0.871599   0.12474   0.984098          0   0.177627 -0.0655085 0 0 0 1         0 -0.263398    1.5684         0 -0.524398    1.3944 -0.437398    1.3944         0 -0.785398  0.785398         0 -0.785398  0.785398 -0.785398  0.785398
0.203542
0.492452
0.178574
100
15
85
0.126597
0.270024
0.0745749 0.0766381 0.0732858 0.00825378 0.298027 0.148184 0.246311 0.104569 0.132206 0.183756 0.296616 0.241842 0.151784 0.0837861 0.102095 0.120147 0.0903906 0.122066 0.076931 0.23833 0.141844 0.306143 0.0611538 0.0517526 0.0427563 0.0923601 0.0418421 0.0895834 0.142231 0.00281014 0.225178 0.168133 0.127969 0.21929 0.0223411 0.120382 0.16682 0.0841075 0.096162 0.0451826 0.14843 0.0736755 0.0766313 0.12177 0.0691884 0.137132 0.127369 0.0141237 0.156626 0.218187 0.154002 0.116382 0.0834234 0.0930482 0.0753877 0.0224354 0.145417 0.152465 0.13226 0.162143 0.0814803 0.136687 0.122902 0.0610311 0.173466 0.131209 0.219878 0.15223 0.097147 0.0439227 0.282041 0.12682 0.218054 0.110682 0.213363 0.0784373 0.0843132 0.109838 0.155976 0.106915 0.205741 0.137204 0.131264 0.0172125 0.164975 
0.308302 0.0890377 0.304226 0.225769 0.736653 0.279305 0.586798 0.105926 0.330832 0.291233 0.675844 0.550166 0.319968 0.0910337 0.0844895 0.384257 0.146241 0.230624 0.0824334 0.574431 0.220009 0.764665 0.0887303 0.209121 0.293713 0.149613 0.0753065 0.157342 0.289171 0.0822909 0.509021 0.280379 0.156191 0.513691 0.0836961 0.159662 0.269351 0.0919896 0.18779 0.180671 0.280867 0.147433 0.139491 0.348765 0.0828892 0.298394 0.211273 0.134026 0.230572 0.305392 0.267338 0.201214 0.12708 0.260377 0.0828473 0.164216 0.108512 0.221335 0.181318 0.394913 0.0871736 0.365324 0.21851 0.211647 0.391857 0.214157 0.487405 0.255469 0.162676 0.0779289 0.713601 0.318745 0.456947 0.154953 0.451328 0.141371 0.450686 0.293722 0.35871 0.169684 0.436051 0.367016 0.298378 0.141154 0.379339 
