-0.150615 -0.581742  0.799307 -0.116172  0.107723 -0.813373 -0.571682 0.0913785 0.982706        0 0.185173 -0.06615 0 0 0 1         0 -0.350398    1.5684         0 -0.524398    1.2204 -0.350398    1.3944         0 -0.785398  0.785398         0 -0.785398  0.785398 -0.785398  0.785398
0.151191
0.365367
0.186248
100
19
81
0.126055
0.264522
0.193344 0.0971691 0.00193457 0.217821 0.14919 0.205308 0.233546 0.226184 0.111876 0.171793 0.108811 0.167686 0.21886 0.230094 0.173381 0.158102 0.122117 0.0935735 0.101319 0.0981511 0.106587 0.116799 0.137643 0.0299535 0.125322 0.106643 0.18706 0.0474767 0.102033 0.0978406 0.128448 0.0411838 0.0371568 0.042927 0.00781595 0.11297 0.0332406 0.213742 0.143405 0.0976263 0.167048 0.153686 0.101307 0.114934 0.0961828 0.0374605 0.137755 0.125022 0.202679 0.0447146 0.102977 0.106102 0.134333 0.023583 0.0392611 0.0474336 0.172696 0.132385 0.239277 0.0671195 0.218503 0.10266 0.176521 0.131268 0.227823 0.148032 0.209183 0.199307 0.107666 0.110591 0.109567 0.154542 0.160541 0.134686 0.112046 0.125572 0.0502316 0.0960389 0.0421175 0.202039 0.14947 
0.447483 0.159814 0.110631 0.459844 0.18492 0.425954 0.561051 0.531478 0.289442 0.274193 0.306434 0.317314 0.248267 0.528586 0.356269 0.263503 0.313433 0.130894 0.337656 0.276955 0.276232 0.326286 0.24277 0.157187 0.177136 0.258457 0.439748 0.173308 0.314833 0.199728 0.164664 0.147862 0.155561 0.069926 0.11015 0.216686 0.140002 0.422714 0.338176 0.076101 0.284718 0.213727 0.252951 0.224415 0.132156 0.14938 0.201067 0.17207 0.481242 0.156656 0.216644 0.400818 0.22428 0.147612 0.175611 0.167033 0.292115 0.196934 0.531065 0.222469 0.46894 0.114625 0.26686 0.211661 0.479192 0.261823 0.510594 0.384041 0.183279 0.179274 0.179365 0.373425 0.419852 0.244072 0.282209 0.172313 0.127893 0.119967 0.172568 0.236041 0.263641 
