-0.0750408  -0.903723   0.421491 -0.0562874  0.158405 -0.428119 -0.889732  0.137531   0.984519          0    0.17528 -0.0557439 0 0 0 1         0 -0.350398    1.4814         0 -0.524398    1.2204 -0.437398    1.4814         0 -0.785398  0.785398         0 -0.785398  0.785398 -0.785398  0.785398
0.298144
0.704417
0.17619
100
15
85
0.15384
0.361699
0.201815 0.148731 0.149963 0.0294973 0.155005 0.100923 0.146019 0.207673 0.164747 0.0554043 0.0866742 0.150967 0.137987 0.178136 0.162653 0.143 0.315524 0.0466193 0.15091 0.092987 0.325677 0.18464 0.17064 0.0958333 0.27511 0.240413 0.118416 0.0735241 0.122687 0.238795 0.141569 0.111888 0.324065 0.238458 0.0908945 0.106764 0.0964968 0.104729 0.017554 0.236196 0.190438 0.168792 0.214004 0.223857 0.234076 0.189552 0.186436 0.0772806 0.145709 0.191183 0.148745 0.128215 0.143545 0.0493235 0.14242 0.300667 0.0864835 0.169833 0.245948 0.246332 0.14801 0.147509 0.103767 0.0648609 0.15055 0.152523 0.093607 0.234891 0.170427 0.207477 0.221327 0.0979071 0.165091 0.158513 0.112421 0.125275 0.332024 0.0397061 0.0544213 0.137972 0.118913 0.1038 0.115126 0.103056 0.0947854 
0.523969 0.264664 0.328646 0.168221 0.437929 0.197969 0.303923 0.492113 0.225843 0.183483 0.236607 0.224108 0.234543 0.488954 0.280991 0.216292 0.739703 0.176521 0.283602 0.121147 0.796784 0.481646 0.487814 0.11349 0.655247 0.592218 0.290056 0.306614 0.20206 0.589118 0.429533 0.214006 0.776821 0.475141 0.3273 0.343272 0.182424 0.355407 0.129199 0.577043 0.351281 0.383552 0.501239 0.489903 0.570044 0.381905 0.475389 0.137304 0.234892 0.489623 0.246784 0.222403 0.214985 0.193272 0.39898 0.723921 0.312953 0.394773 0.574775 0.488699 0.42933 0.236229 0.311215 0.433762 0.271221 0.423734 0.319333 0.595115 0.331553 0.444663 0.50641 0.307841 0.260286 0.421543 0.329123 0.278619 0.803187 0.0828188 0.179039 0.222354 0.29723 0.324893 0.291286 0.18237 0.220185 
