-0.0582711  -0.944242   0.324054 -0.0415517  0.167112 -0.329252 -0.929337  0.144943   0.984214          0    0.17698 -0.0433782 0 0 0 1         0 -0.437398    1.5684         0 -0.524398    1.1334 -0.437398    1.3074         0 -0.785398  0.785398         0 -0.785398  0.785398 -0.785398  0.785398
0.321212
0.808561
0.177917
100
11
89
0.162397
0.408881
0.190832 0.316296 0.085522 0.0789397 0.11674 0.240464 0.15307 0.141892 0.0484484 0.225678 0.251591 0.0890213 0.145205 0.0920266 0.0840114 0.140119 0.0948959 0.039331 0.165046 0.0997212 0.0999573 0.184087 0.180842 0.167438 0.101364 0.152601 0.0775626 0.357205 0.180314 0.150408 0.148081 0.087692 0.171513 0.0991723 0.186785 0.128656 0.0709387 0.0516878 0.101418 0.0839864 0.0990458 0.23188 0.0205951 0.275437 0.223603 0.166281 0.0975014 0.343684 0.199218 0.156316 0.316019 0.347102 0.243905 0.20036 0.251629 0.231117 0.216616 0.0873319 0.0891875 0.00602925 0.165691 0.336476 0.199306 0.204409 0.230062 0.179872 0.152741 0.187787 0.170872 0.132229 0.161805 0.187329 0.257581 0.308889 0.249491 0.101678 0.0747411 0.292213 0.068022 0.0978232 0.0717317 0.233375 0.0531721 0.0891714 0.0539629 0.165874 0.169345 0.305559 0.1687 
0.293531 0.806 0.333115 0.328907 0.231156 0.723069 0.27441 0.236125 0.201722 0.464263 0.594567 0.350007 0.24081 0.327873 0.337908 0.25186 0.344734 0.175962 0.303134 0.352655 0.339194 0.515315 0.337749 0.304687 0.259924 0.26066 0.456874 0.871984 0.530077 0.255518 0.248068 0.346092 0.522099 0.319104 0.553174 0.218109 0.204688 0.194231 0.249092 0.325275 0.346004 0.559857 0.322786 0.557835 0.579375 0.277026 0.249114 0.921901 0.473483 0.266118 0.814884 0.846347 0.621266 0.355425 0.637641 0.561896 0.547983 0.341335 0.336194 0.0808067 0.480199 0.83893 0.410901 0.470374 0.635684 0.534077 0.232672 0.532212 0.412115 0.170942 0.271684 0.311008 0.660185 0.747165 0.571273 0.30552 0.247844 0.730077 0.222689 0.126445 0.234413 0.652827 0.201654 0.340448 0.198357 0.278493 0.369056 0.73004 0.292132 
