  0.15158 -0.675385 -0.721719  0.125308   0.13882  0.737465 -0.660965 0.0965587    0.978648           0    0.205541 -0.00962409 0 0 0 1         0 -0.437398    1.3074         0 -0.524398  0.959398 -0.524398  0.785398         0 -0.785398  0.785398         0 -0.785398  0.785398 -0.785398  0.785398
0.0976754
0.358696
0.207017
100
14
86
0.166476
0.503113
0.293992 0.234431 0.369413 0.0851207 0.25903 0.0174166 0.24845 0.103726 0.200184 0.276477 0.379631 0.279478 0.0409776 0.00602459 0.267782 0.235878 0.00706151 0.27865 0.0107654 0.158469 0.0987836 0.278084 0.0961256 0.212075 0.268338 0.0227992 0.186028 0.252515 0.248876 0.202707 0.262358 0.304206 0.381139 0.345242 0.00513496 0.259125 0.375391 0.00909411 0.244131 0.0245824 0.034652 0.0208813 0.275112 0.237174 0.183596 0.103014 0.201101 0.211742 0.0723879 0.00805424 0.0130613 0.354803 0.374175 0.375969 0.375857 0.00501954 0.0329581 0.19797 0.159108 0.0155895 0.00799886 0.0113409 0.0277228 0.0311874 0.34827 0.0163343 0.205385 0.158223 0.163836 0.00603515 0.00635643 0.0881956 0.208938 0.252368 0.02891 0.234154 0.19638 0.0255648 0.374289 0.0925394 0.0933215 0.328219 0.266962 0.00700451 0.0199332 0.0355483 
0.824446 0.814519 1.13188 0.34803 0.737384 0.110066 0.851653 0.408216 0.391584 0.719318 1.19809 0.711879 0.133342 0.103228 0.70917 0.646823 0.103051 0.732897 0.116163 0.880564 0.412251 0.731162 0.364136 0.401685 0.694065 0.125911 0.633972 0.714067 0.674766 0.339652 0.622014 1.13773 1.17268 0.986899 0.0950905 0.706553 1.16369 0.121382 0.621531 0.12315 0.116195 0.123345 0.709828 0.867441 0.391816 0.385682 1.03391 0.10749 0.320897 0.107635 0.120912 1.03376 1.08163 1.15887 1.19092 0.0971393 0.122655 0.373661 0.329686 0.106609 0.116468 0.0987487 0.123129 0.121825 0.993117 0.104585 0.802263 0.854117 0.327905 0.00425112 0.0919232 0.276101 0.367516 0.650435 0.116131 0.704072 0.325061 0.125108 1.20568 0.12489 0.327948 1.0598 0.702478 0.106554 0.121628 0.121216 
