 0.169036 -0.426005  -0.88879  0.141326 0.0795937  0.904721 -0.418503 0.0527814   0.982391          0   0.186838 -0.0559204 0 0 0 1         0 -0.263398    1.3944         0 -0.437398    1.1334 -0.437398    1.2204         0 -0.785398  0.785398         0 -0.785398  0.785398 -0.785398  0.785398
0.147374
0.400335
0.187942
100
31
69
0.155098
0.315596
0.143839 0.0489086 0.287723 0.144502 0.162844 0.254012 0.0996255 0.191788 0.24927 0.13159 0.260583 0.208719 0.153112 0.144804 0.136707 0.140202 0.143098 0.207614 0.225727 0.131935 0.124079 0.144652 0.182771 0.150183 0.106803 0.252528 0.116239 0.116743 0.0581087 0.153542 0.141534 0.165121 0.175081 0.099305 0.0868898 0.145659 0.164258 0.00117715 0.166275 0.167575 0.283197 0.106211 0.239983 0.248671 0.00327877 0.170663 0.143394 0.134032 0.131027 0.159234 0.158318 0.0473167 0.107074 0.101988 0.236005 0.234591 0.172168 0.133413 0.00762055 0.146768 0.254491 0.121577 0.157565 0.127174 0.160286 0.201364 0.151123 0.144883 0.233191 
0.375796 0.20382 0.680095 0.251199 0.293825 0.560626 0.172843 0.439067 0.525218 0.258671 0.647025 0.506619 0.211892 0.17552 0.345178 0.174419 0.289251 0.515464 0.461991 0.298927 0.17505 0.282748 0.251533 0.221701 0.235222 0.632947 0.232909 0.312451 0.240156 0.217099 0.374512 0.215357 0.446711 0.0837094 0.241544 0.31343 0.344293 0.0678633 0.239495 0.217519 0.683333 0.163634 0.549525 0.573791 0.0691144 0.205985 0.199974 0.231484 0.185313 0.210345 0.199349 0.204355 0.158623 0.0726197 0.570877 0.590508 0.446978 0.174153 0.0662427 0.184753 0.637081 0.158708 0.32713 0.342637 0.30948 0.44645 0.188068 0.375615 0.516305 
