 -0.0197199   -0.993643    0.110841 -0.00726513  0.174048 -0.112581 -0.978281   0.14669    0.98454          0   0.175161 -0.0649486 0 0 0 1         0 -0.350398    1.6554         0 -0.524398    1.3074 -0.437398    1.4814         0 -0.785398  0.785398         0 -0.785398  0.785398 -0.785398  0.785398
0.187551
0.468236
0.17607
100
4
96
0.131524
0.309102
0.209344 0.086249 0.191893 0.138506 0.143699 0.126421 0.13621 0.0541094 0.246986 0.0805429 0.211899 0.127554 0.0953334 0.105055 0.0163938 0.035141 0.0568309 0.178703 0.218079 0.090082 0.220467 0.143174 0.214201 0.062577 0.137582 0.0746939 0.22876 0.135534 0.119455 0.201983 0.120917 0.188549 0.143641 0.149421 0.087611 0.12388 0.0494909 0.12746 0.167256 0.0747068 0.111459 0.0867005 0.0510844 0.125935 0.0490817 0.136829 0.193684 0.170103 0.115494 0.120129 0.236269 0.0817849 0.0350993 0.148124 0.145915 0.0435545 0.191596 0.208612 0.222704 0.140446 0.104964 0.144275 0.124337 0.0976592 0.12075 0.229464 0.06543 0.186707 0.0651478 0.00838535 0.124101 0.167777 0.197522 0.0887688 0.132605 0.118842 0.225752 0.207335 0.051532 0.113546 0.160185 0.0675427 0.155611 0.089584 0.103415 0.112539 0.202685 0.279604 0.0221751 0.133904 0.140479 0.148218 0.226009 0.106015 0.058249 0.11018 
0.489249 0.0941087 0.417522 0.261576 0.25713 0.367998 0.294282 0.200018 0.508954 0.159227 0.512775 0.283226 0.316812 0.192264 0.137871 0.161892 0.0852681 0.404226 0.543906 0.302743 0.539111 0.269891 0.539249 0.128477 0.369946 0.139408 0.551365 0.294642 0.260435 0.452898 0.238591 0.397241 0.395658 0.417534 0.167834 0.193665 0.192479 0.399036 0.270066 0.146621 0.312 0.172958 0.0846957 0.345512 0.268428 0.271663 0.431684 0.450494 0.191507 0.289108 0.48321 0.115754 0.144558 0.226561 0.282639 0.0855139 0.234537 0.483391 0.53758 0.208946 0.291498 0.409711 0.201859 0.107818 0.351595 0.592089 0.243396 0.441017 0.0899324 0.234336 0.301579 0.28888 0.488852 0.162335 0.273407 0.296503 0.595422 0.47 0.206728 0.300811 0.332465 0.12221 0.664026 0.348911 0.198515 0.216496 0.460477 0.629441 0.183517 0.283845 0.316821 0.339084 0.537924 0.26765 0.134633 0.314057 
