-0.0278608  -0.987187   0.157117 -0.0142968  0.172365 -0.159568 -0.972023  0.144396   0.984639          0   0.174602 -0.0744632 0 0 0 1         0 -0.350398    1.6554         0 -0.524398    1.3944 -0.437398    1.5684         0 -0.785398  0.785398         0 -0.785398  0.785398 -0.785398  0.785398
0.227402
0.426582
0.175501
100
8
92
0.129253
0.271181
0.12941 0.115004 0.138986 0.101714 0.264473 0.201879 0.0948953 0.162558 0.143726 0.120516 0.100825 0.107144 0.207596 0.145821 0.0894286 0.0940211 0.0965862 0.0475166 0.0938204 0.20052 0.0644823 0.0981316 0.18997 0.106694 0.0342054 0.128631 0.0565092 0.104428 0.135863 0.133126 0.127261 0.0841528 0.243061 0.164073 0.204989 0.195458 0.0281756 0.121285 0.12897 0.0430943 0.199371 0.192528 0.141017 0.128732 0.173975 0.201844 0.108249 0.195963 0.122465 0.0365922 0.130973 0.106287 0.202302 0.127669 0.0733852 0.10195 0.0441118 0.20044 0.105755 0.0482463 0.01619 0.122761 0.125129 0.183346 0.145335 0.136774 0.178208 0.103087 0.192654 0.0960792 0.244126 0.133375 0.0465764 0.257357 0.0692967 0.104543 0.0585229 0.0842024 0.0626405 0.199354 0.152426 0.0840492 0.0416758 0.14857 0.274235 0.108197 0.122623 0.193859 0.212463 0.0533384 0.13881 0.110571 
0.20959 0.258956 0.288046 0.152394 0.576695 0.455792 0.170455 0.222841 0.234314 0.271479 0.270731 0.274847 0.494728 0.227475 0.273539 0.22514 0.203522 0.076525 0.172036 0.25598 0.12888 0.177908 0.394327 0.166822 0.0778798 0.286233 0.0860359 0.271971 0.224926 0.285005 0.238216 0.300559 0.397479 0.267939 0.280002 0.245648 0.0715376 0.293624 0.214256 0.0978676 0.442336 0.441848 0.224736 0.272322 0.226421 0.499658 0.180072 0.455422 0.307348 0.168261 0.188135 0.276725 0.504031 0.349282 0.0903176 0.186811 0.218463 0.384025 0.177133 0.0685782 0.161029 0.195681 0.283739 0.483835 0.276169 0.289769 0.459857 0.157151 0.444278 0.17679 0.626983 0.254086 0.0843177 0.597696 0.0804615 0.295453 0.221691 0.128644 0.228101 0.496665 0.277312 0.158264 0.18239 0.421178 0.603545 0.220861 0.278769 0.430103 0.502791 0.0780285 0.285212 0.0836385 
