  0.987844          0   0.155446 -0.0319697 0.0282261  0.983376 -0.179374 0.0252003 -0.152862  0.181581  0.971422 -0.205377 0 0 0 1         0 -0.437398  0.785398         0 -0.524398    1.1334 -0.524398  0.785398         0 -0.785398  0.785398         0 -0.785398  0.785398 -0.785398  0.785398
0.108228
0.0923316
0.239644
100
6
94
0.111696
0.219175
0.0939693 0.113321 0.115222 0.118876 0.0812618 0.108648 0.115256 0.0792322 0.107387 0.116458 0.0997131 0.144929 0.107765 0.110362 0.11127 0.115662 0.107251 0.118434 0.111974 0.10506 0.0191365 0.169117 0.114712 0.11657 0.105625 0.127667 0.113862 0.114692 0.135471 0.116316 0.0866487 0.100342 0.161648 0.116858 0.0840247 0.101458 0.0900075 0.0961955 0.151108 0.115155 0.0893166 0.114976 0.11698 0.109207 0.107237 0.108224 0.110563 0.106426 0.136466 0.111356 0.117315 0.13056 0.113375 0.112327 0.117071 0.111339 0.186892 0.0847133 0.0745977 0.146089 0.112907 0.146978 0.106632 0.146163 0.102484 0.108317 0.137689 0.0953826 0.0567619 0.128826 0.127596 0.125496 0.1148 0.165571 0.102567 0.0658767 0.105851 0.0895809 0.103999 0.0952702 0.10151 0.135844 0.0151084 0.128034 0.10346 0.131707 0.116313 0.127932 0.0870381 0.0957077 0.153509 0.114398 0.11245 0.113943 
0.439608 0.0891492 0.0893454 0.465561 0.0649756 0.0788841 0.302713 0.0725556 0.0803289 0.414943 0.0818455 0.449559 0.0781071 0.0846886 0.0875386 0.091091 0.0803507 0.44719 0.0976735 0.0820195 0.0061215 0.452797 0.0863843 0.0869503 0.0862424 0.53932 0.0844686 0.0870598 0.454428 0.0842686 0.51084 0.514361 0.521206 0.0962522 0.080294 0.0730473 0.0852359 0.0836837 0.387438 0.0863207 0.076963 0.0878521 0.0849278 0.0948998 0.0868694 0.0849026 0.0922839 0.0789228 0.402003 0.0970015 0.0870322 0.459897 0.538314 0.0907351 0.0806568 0.0951198 0.349775 0.0662374 0.444031 0.404566 0.0983987 0.518572 0.086349 0.500912 0.0872207 0.0845365 0.461994 0.369886 0.324771 0.491613 0.474615 0.454376 0.452833 0.459827 0.0806845 0.0791927 0.0849591 0.0713064 0.081494 0.0698091 0.0774804 0.4682 0.120707 0.326714 0.422166 0.447512 0.0876995 0.476858 0.0737919 0.082193 0.538653 0.089738 0.0843315 0.0851747 
