0.0244072 -0.989298 -0.143854 0.0339431  0.165485   0.14591 -0.975359  0.154997    0.98591          0   0.167275 0.00272363 0 0 0 1         0 -0.524398    1.3944         0 -0.611398    1.0464 -0.611398    1.2204         0 -0.785398  0.785398         0 -0.785398  0.785398 -0.785398  0.785398
0.348112
1.16334
0.168065
100
34
66
0.196863
0.619227
0.0598361 0.284725 0.0709984 0.108231 0.181758 0.165606 0.189637 0.268821 0.128879 0.374721 0.358116 0.319539 0.208194 0.214733 0.0470118 0.170391 0.372123 0.354887 0.104212 0.222637 0.0985691 0.21481 0.0151356 0.0397827 0.0538156 0.0424978 0.371162 0.143932 0.370622 0.0289698 0.115847 0.36519 0.370126 0.328263 0.0532317 0.371114 0.176118 0.0611811 0.0362058 0.362619 0.32309 0.210894 0.130622 0.270577 0.225334 0.274063 0.0077291 0.172777 0.318448 0.373985 0.178537 0.00835016 0.0365141 0.371752 0.182806 0.0457547 0.102001 0.264715 0.0623443 0.158195 0.284692 0.228009 0.063129 0.367329 0.331617 0.175448 
0.154187 0.683646 0.151913 0.339485 0.381301 0.853114 0.42636 0.667275 0.397501 1.18316 1.2093 1.06496 0.699286 0.845944 0.140548 0.38229 1.22344 1.21303 0.330514 0.868392 0.347903 0.887263 0.124953 0.139149 0.138669 0.147919 1.17848 0.366928 1.27745 0.132665 0.360494 1.16053 1.13522 1.17858 0.141888 1.23816 0.405717 0.143353 0.118556 1.09278 0.982626 0.882373 0.346989 0.755185 0.869152 0.658 0.108754 0.413915 1.05694 1.21174 0.411659 0.116057 0.138442 1.16852 0.895073 0.147124 0.371741 0.65043 0.0896257 0.342639 0.782589 0.629014 0.351304 1.15131 1.01966 0.385833 
