 0.150847 -0.600599 -0.785192   0.12228  0.113312   0.79955 -0.589813 0.0769804   0.982042          0   0.188664 -0.0867647 0 0 0 1         0 -0.176398    1.5684         0 -0.350398    1.2204 -0.350398    1.3944         0 -0.785398  0.785398         0 -0.785398  0.785398 -0.785398  0.785398
0.193099
0.386847
0.189802
100
18
82
0.106968
0.213111
0.147415 0.206745 0.0928879 0.103729 0.142349 0.171262 0.120369 0.075523 0.138335 0.0137685 0.0498173 0.0989311 0.106675 0.0298112 0.0313526 0.10919 0.0828679 0.0323811 0.207023 0.0536052 0.01745 0.113937 0.0648863 0.081281 0.0705064 0.00775205 0.0996153 0.0399967 0.104925 0.0658214 0.134047 0.0731239 0.149621 0.222631 0.184991 0.0427201 0.0998014 0.212304 0.0722148 0.0651321 0.0765429 0.216452 0.052698 0.221896 0.204939 0.0937234 0.197206 0.208666 0.0888207 0.136785 0.0671401 0.191848 0.0921727 0.0538389 0.116868 0.0539735 0.0531641 0.052756 0.109525 0.217554 0.0932491 0.0646453 0.111669 0.101858 0.0107232 0.127604 0.0427846 0.147811 0.19638 0.095631 0.0951893 0.0837849 0.160308 0.194991 0.108415 0.118717 0.204598 0.161246 0.101357 0.00641459 0.053931 0.0466974 
0.24863 0.404241 0.228906 0.243174 0.219825 0.22423 0.234787 0.252412 0.307456 0.105392 0.114592 0.0885266 0.212651 0.0765363 0.183255 0.214965 0.116206 0.166367 0.442211 0.213206 0.0771681 0.232988 0.240407 0.180551 0.0725106 0.00316888 0.19331 0.119232 0.125099 0.106295 0.179801 0.056651 0.27786 0.441733 0.39459 0.0669002 0.171179 0.427018 0.11188 0.0704757 0.0726885 0.473279 0.0859299 0.458705 0.444678 0.185643 0.383066 0.476515 0.0746553 0.240391 0.0986067 0.236276 0.180624 0.0739357 0.231777 0.106006 0.109513 0.102032 0.337255 0.478288 0.178577 0.070282 0.286663 0.213527 0.117795 0.22004 0.174329 0.288913 0.438149 0.193825 0.188608 0.111659 0.252327 0.381691 0.140337 0.145395 0.43768 0.248199 0.265168 0.148144 0.112609 0.164908 
