   0.999561           0   0.0296312 -0.00783055 -0.00335456   0.993571   0.113161 -0.0374318 -0.0294407  -0.11321  0.993135 -0.205832 0 0 0 1         0 -0.437398  0.785398         0 -0.437398  0.785398 -0.611398    1.0464         0 -0.785398  0.785398         0 -0.785398  0.785398 -0.785398  0.785398
0.17616
0.521989
0.117244
100
28
72
0.112407
0.274535
0.0149174 0.0833784 0.0863808 0.0848379 0.104695 0.015577 0.163621 0.13771 0.0868168 0.14134 0.0881326 0.119233 0.0945766 0.105625 0.155639 0.089552 0.0886263 0.0938335 0.163579 0.158749 0.175067 0.0680071 0.107002 0.0805571 0.0898699 0.155098 0.140366 0.0893711 0.0681128 0.0851935 0.156286 0.133763 0.11435 0.098734 0.111754 0.0895953 0.0830246 0.0840941 0.153177 0.155474 0.0889811 0.0950714 0.153003 0.0952654 0.160722 0.0954157 0.0828114 0.102519 0.15765 0.110286 0.0955944 0.102461 0.0881896 0.0877699 0.0965866 0.096925 0.167993 0.126213 0.104165 0.08564 0.149742 0.134522 0.128958 0.169928 0.0905379 0.158206 0.101828 0.182232 0.0985797 0.168848 0.0938058 0.107145 
0.00507307 0.528018 0.0756561 0.0760207 0.0794518 0.0057009 0.470054 0.518828 0.0891897 0.494563 0.0786634 0.491572 0.0936609 0.0810888 0.455624 0.0747646 0.0845917 0.36158 0.473502 0.582439 0.455055 0.424281 0.508224 0.0857968 0.078668 0.433798 0.489643 0.0886043 0.0632804 0.452762 0.593245 0.412359 0.473748 0.0849119 0.083829 0.0748097 0.0724019 0.0799818 0.435887 0.449472 0.0871661 0.0807643 0.491633 0.477379 0.558667 0.0790982 0.0863287 0.0784416 0.445661 0.466911 0.0807905 0.0810198 0.416954 0.084869 0.0812735 0.0750498 0.430145 0.567972 0.0777582 0.409028 0.40915 0.419634 0.375002 0.579872 0.0919529 0.476028 0.0746979 0.58699 0.0771439 0.397437 0.079262 0.0816455 
