  0.996342          0 -0.0854597  0.0246433 0.00341444   0.999202  0.0398076 -0.0196024  0.0853915 -0.0399538   0.995546  -0.206936 0 0 0 1         0 -0.437398  0.785398         0 -0.437398  0.785398 -0.524398  0.785398         0 -0.785398  0.785398         0 -0.785398  0.785398 -0.785398  0.785398
0.10152
0.0839424
0.0944165
100
6
94
0.1106
0.164998
0.147603 0.200652 0.175424 0.0805223 0.104231 0.142465 0.102674 0.091717 0.111171 0.097973 0.0964108 0.0980018 0.0984439 0.101536 0.0973445 0.184584 0.103266 0.0989758 0.108909 0.106418 0.106903 0.0889927 0.161736 0.0953809 0.10535 0.0998529 0.104425 0.175446 0.09557 0.112974 0.102091 0.105067 0.0826895 0.0704208 0.0143593 0.0960665 0.0955412 0.0920451 0.181795 0.105325 0.102274 0.0756916 0.0951552 0.0781851 0.111172 0.062044 0.0979941 0.0149136 0.106679 0.0902413 0.100626 0.103439 0.114735 0.0773032 0.101907 0.119264 0.197418 0.0937734 0.106803 0.101525 0.101024 0.127441 0.108284 0.0951234 0.0960754 0.0640286 0.18366 0.187992 0.179475 0.106687 0.189392 0.0974595 0.0561969 0.0950609 0.100086 0.104291 0.0970621 0.0170631 0.104608 0.203461 0.103021 0.160053 0.0980071 0.19556 0.196124 0.110203 0.109387 0.124028 0.107095 0.0984088 0.105502 0.0853527 0.0893857 0.1083 
0.250225 0.49527 0.559997 0.073848 0.0847297 0.519399 0.0787074 0.0814497 0.082272 0.0911364 0.0817271 0.0880601 0.0850222 0.064594 0.0852397 0.439513 0.0813951 0.0747767 0.0793776 0.0932321 0.0836437 0.0830342 0.526818 0.0861163 0.0836914 0.0812096 0.0824621 0.39721 0.0864373 0.0886548 0.0733764 0.0848506 0.0675926 0.0651213 0.00558969 0.0871754 0.0784515 0.0771233 0.58417 0.0737057 0.0755886 0.0673175 0.0834802 0.0641639 0.0819647 0.0764651 0.0847035 0.00590587 0.0897964 0.0836953 0.0868346 0.0833699 0.078568 0.0697743 0.0804336 0.0731094 0.447408 0.0798456 0.0913612 0.0850256 0.0813767 0.455349 0.0932007 0.0928523 0.0758213 0.0792438 0.531217 0.424602 0.541223 0.0931251 0.601077 0.0766663 0.387322 0.0800288 0.074249 0.094651 0.0844505 0.00575823 0.0877655 0.440382 0.078629 0.526112 0.0774595 0.588847 0.552137 0.0919625 0.0826061 0.0792263 0.0863886 0.0779547 0.447429 0.0737422 0.0788367 0.0929031 
