-0.104669 -0.853349  0.510725  -0.07591  0.171325 -0.521341 -0.835973  0.137409    0.979639           0    0.200768 -0.00927287 0 0 0 1         0 -0.524398    1.3074         0 -0.611398  0.785398 -0.524398    1.2204         0 -0.785398  0.785398         0 -0.785398  0.785398 -0.785398  0.785398
0.231429
0.738336
0.202142
100
23
77
0.174974
0.461967
0.17675 0.186749 0.0628789 0.33928 0.0440355 0.0707324 0.195293 0.0300159 0.0520713 0.247146 0.236941 0.240543 0.175963 0.197272 0.141562 0.0419063 0.271666 0.174631 0.195763 0.0656116 0.0617121 0.364609 0.0724554 0.166817 0.361759 0.223668 0.185262 0.0630269 0.199742 0.214433 0.222391 0.332401 0.356929 0.16394 0.0356107 0.184987 0.0793902 0.0677029 0.178313 0.0892418 0.0427135 0.262316 0.0711226 0.236877 0.181655 0.14969 0.155417 0.18543 0.20861 0.277538 0.35936 0.239491 0.358863 0.0560188 0.183419 0.213499 0.141421 0.169813 0.244439 0.0676098 0.128684 0.369777 0.0636891 0.0914927 0.123755 0.0983313 0.360167 0.127353 0.00853048 0.0681791 0.346642 0.235642 0.116076 0.066376 0.191234 0.144397 0.356204 
0.431604 0.362479 0.123512 1.2037 0.120961 0.119363 0.413855 0.100399 0.118523 0.58236 0.676666 0.769256 0.365973 0.358448 0.319306 0.11946 0.607544 0.382298 0.431616 0.122085 0.384269 1.04683 0.126387 0.709818 1.05031 0.664948 0.664867 0.118596 0.407899 0.424763 0.575736 1.02361 1.05114 0.361726 0.104061 0.429919 0.136377 0.124242 0.37141 0.128886 0.100659 0.635934 0.070544 0.575603 0.346544 0.44986 0.316034 0.356414 0.354402 0.684885 1.19894 0.857009 1.09159 0.128672 0.40559 0.746667 0.334833 0.437879 0.743392 0.227632 0.328357 1.09032 0.120935 0.146525 0.039447 0.332011 1.05621 0.326507 0.121098 0.126256 1.04656 0.774819 0.367673 0.123632 0.395854 0.323389 1.15356 
