-0.0646126  -0.925628   0.372878 -0.0528647  0.158038 -0.378435 -0.912037   0.14998   0.985317          0   0.170736 0.00420635 0 0 0 1         0 -0.524398    1.2204         0 -0.611398  0.785398 -0.611398    1.3074         0 -0.785398  0.785398         0 -0.785398  0.785398 -0.785398  0.785398
0.256555
0.755545
0.171577
100
43
57
0.216479
0.651256
0.193059 0.27917 0.198297 0.373504 0.339322 0.360158 0.35935 0.187617 0.226933 0.126462 0.199893 0.373957 0.347972 0.328069 0.37121 0.211324 0.0577284 0.268836 0.0555093 0.219148 0.102717 0.268267 0.244842 0.180275 0.0687147 0.166471 0.264521 0.3753 0.362442 0.24738 0.198527 0.223573 0.115518 0.0611008 0.162871 0.245118 0.359115 0.0768953 0.1819 0.221814 0.273821 0.166582 0.0339186 0.344385 0.116409 0.1533 0.0527339 0.0619822 0.220675 0.354718 0.0552253 0.370903 0.2203 0.343734 0.174041 0.145812 0.0459087 
0.433962 0.617937 0.463346 1.25899 1.17584 1.20206 1.11756 0.436761 0.846074 0.358639 0.434259 1.21609 1.15579 1.20688 1.09215 0.469196 0.142601 0.731296 0.130903 0.589592 0.33374 0.639464 0.608998 0.435354 0.144399 0.405862 0.769904 1.22302 1.19924 0.794282 0.44431 0.781345 0.320576 0.135228 0.879172 0.75073 1.17073 0.129785 0.42893 0.673396 0.833675 0.404441 0.117684 1.18979 0.331655 0.37288 0.13205 0.135758 0.853549 1.18531 0.117899 1.28989 0.798243 1.14345 0.413357 0.342411 0.111144 
