 -0.101851  -0.789679   0.605007 -0.0832426  0.131095  -0.61352 -0.778722  0.119209 0.986124        0 0.166011 -0.07692 0 0 0 1         0 -0.263398    1.5684         0 -0.437398    1.2204 -0.350398    1.4814         0 -0.785398  0.785398         0 -0.785398  0.785398 -0.785398  0.785398
0.197626
0.401201
0.166783
100
6
94
0.094679
0.208578
0.0684149 0.221241 0.1067 0.129806 0.0564341 0.120737 0.117682 0.0950126 0.0472255 0.0945478 0.129455 0.102877 0.0450118 0.119859 0.0430169 0.106963 0.0364265 0.0746466 0.0312321 0.090533 0.129216 0.113863 0.0777939 0.0511623 0.106905 0.0534638 0.116305 0.010851 0.105629 0.0987605 0.106564 0.150797 0.138935 0.1108 0.0901744 0.113537 0.0602557 0.00972261 0.156455 0.0999961 0.180895 0.0495824 0.20781 0.0447783 0.111361 0.110271 0.131334 0.0305966 0.0688464 0.0164978 0.123232 0.148792 0.122619 0.0185897 0.118419 0.124648 0.0508802 0.0183493 0.108195 0.0708399 0.111907 0.00744615 0.106212 0.148509 0.0995494 0.0435959 0.0594166 0.0947965 0.107686 0.103414 0.103483 0.0948323 0.0994305 0.095568 0.0622127 0.128676 0.10466 0.0669351 0.0920006 0.0453338 0.0942549 0.117259 0.0230367 0.193925 0.194843 0.0772135 0.0568108 0.0567729 0.250582 0.0923785 0.0765818 0.125797 0.0163936 0.152765 
0.100636 0.488545 0.179612 0.315264 0.0827853 0.257515 0.253557 0.278008 0.14875 0.278543 0.22454 0.166788 0.0753453 0.221843 0.171004 0.263215 0.0726161 0.240196 0.142671 0.31196 0.234036 0.198149 0.10139 0.181356 0.172263 0.0794806 0.260241 0.180036 0.176292 0.174106 0.197547 0.36799 0.330867 0.25957 0.0762137 0.257984 0.0726709 0.0998595 0.382306 0.151729 0.389467 0.162765 0.472276 0.118965 0.297902 0.200873 0.251376 0.137216 0.0910245 0.105092 0.189035 0.283372 0.240664 0.103983 0.277305 0.191702 0.260144 0.136834 0.291652 0.0972695 0.286688 0.112202 0.276163 0.352255 0.24018 0.0763617 0.108313 0.268792 0.249752 0.169376 0.165933 0.14922 0.279172 0.159863 0.127053 0.20554 0.164168 0.110531 0.214261 0.170422 0.267114 0.210709 0.0750047 0.398716 0.230441 0.249326 0.0776217 0.122993 0.437096 0.276341 0.138248 0.289296 0.186204 0.234576 
