 -0.023813  -0.990545   0.135102 -0.0112943  0.171942 -0.137185 -0.975508   0.14784   0.984819          0   0.173583 -0.0567252 0 0 0 1         0 -0.350398    1.5684         0 -0.524398    1.3074 -0.437398    1.3944         0 -0.785398  0.785398         0 -0.785398  0.785398 -0.785398  0.785398
0.220993
0.526405
0.174467
100
9
91
0.138665
0.336331
0.13317 0.20547 0.0764944 0.152813 0.0719883 0.121409 0.0298973 0.122281 0.154607 0.0239593 0.0949134 0.214825 0.106964 0.109051 0.195406 0.168546 0.102289 0.149982 0.184448 0.140864 0.0263371 0.112107 0.201284 0.177572 0.0809712 0.16687 0.198919 0.125184 0.0900898 0.114354 0.106958 0.315243 0.135976 0.145061 0.205912 0.130922 0.0518643 0.221115 0.0987553 0.117809 0.0922816 0.235756 0.175798 0.202413 0.111863 0.0975472 0.162926 0.188693 0.142113 0.122911 0.215481 0.2256 0.0749245 0.134482 0.196077 0.0960842 0.124346 0.164184 0.0401681 0.211664 0.159825 0.122129 0.0532594 0.070275 0.206726 0.171202 0.0499688 0.21753 0.178531 0.0494732 0.0564747 0.2123 0.123907 0.107247 0.0665994 0.129242 0.215746 0.0931402 0.116607 0.210173 0.0455647 0.184435 0.125052 0.114573 0.329638 0.054232 0.124631 0.0629311 0.299843 0.128455 0.140778 
0.288252 0.43262 0.287243 0.426555 0.138409 0.314811 0.199079 0.31008 0.384312 0.157206 0.348528 0.565183 0.205718 0.308282 0.427058 0.249744 0.190945 0.248223 0.529982 0.273335 0.167798 0.301102 0.438766 0.407189 0.250488 0.357075 0.505038 0.314744 0.169272 0.308162 0.322853 0.750418 0.240762 0.374842 0.594021 0.257136 0.0870366 0.592977 0.310828 0.272542 0.30806 0.566197 0.379268 0.461685 0.311097 0.188203 0.336218 0.398519 0.256829 0.289786 0.519624 0.605848 0.212728 0.308993 0.531148 0.320916 0.286004 0.435083 0.258339 0.583187 0.496406 0.200491 0.089475 0.114813 0.395364 0.287701 0.183649 0.546196 0.273179 0.183023 0.23683 0.544986 0.225697 0.202975 0.205946 0.329665 0.569995 0.153823 0.227509 0.453722 0.171144 0.372428 0.263378 0.333084 0.78618 0.263337 0.292236 0.0875969 0.73891 0.252253 0.257753 
