 0.987844        -0 -0.155447 0.0319697 -0.0282261  0.983376 -0.179374 0.0252003  0.152862  0.181581  0.971422 -0.205377 0 0 0 1         0 -0.524398    1.1334         0 -0.437398  0.785398 -0.524398  0.785398         0 -0.785398  0.785398         0 -0.785398  0.785398 -0.785398  0.785398
0.113412
0.0877092
0.239645
100
5
95
0.113444
0.225725
0.101448 0.0819094 0.0987802 0.147634 0.110258 0.102455 0.0789857 0.107649 0.112812 0.0827081 0.147003 0.115602 0.10385 0.170038 0.101589 0.0909594 0.0995835 0.0947722 0.114583 0.119266 0.131906 0.0155444 0.130616 0.100717 0.105807 0.113676 0.101822 0.101125 0.133851 0.115781 0.0861909 0.105493 0.107375 0.103365 0.0910434 0.124566 0.138637 0.118219 0.103384 0.100871 0.113457 0.112749 0.098983 0.10825 0.138223 0.186498 0.149485 0.13558 0.0937796 0.1181 0.0224372 0.0416579 0.0488168 0.201184 0.13551 0.111972 0.138086 0.127086 0.135906 0.119058 0.0944084 0.117808 0.125695 0.111321 0.112558 0.147536 0.102786 0.119017 0.0889416 0.0770644 0.10504 0.11251 0.115599 0.106046 0.14434 0.143911 0.112443 0.121012 0.114503 0.163713 0.134677 0.0859572 0.120523 0.115266 0.106893 0.117691 0.11238 0.114191 0.137727 0.167107 0.153953 0.130192 0.116139 0.0845513 0.0950175 
0.0829438 0.0687792 0.0823415 0.560538 0.0995711 0.088195 0.0679245 0.0915454 0.0856495 0.0725957 0.430289 0.0820827 0.0809179 0.430327 0.0827086 0.484197 0.507407 0.0995899 0.0829035 0.294132 0.460464 0.00622197 0.543628 0.0811139 0.0832979 0.0916494 0.0782981 0.074642 0.352551 0.0809722 0.0669145 0.0863589 0.0876228 0.0696313 0.0797541 0.513297 0.440916 0.0869458 0.0819439 0.0786894 0.0802741 0.457658 0.0753767 0.0875797 0.510451 0.459165 0.37489 0.477381 0.080636 0.0829802 0.0723663 0.0814598 0.201464 0.499475 0.495135 0.0875029 0.419409 0.493311 0.494046 0.464703 0.0782861 0.0837041 0.480163 0.0952821 0.0924066 0.374692 0.0779707 0.480563 0.0705235 0.0751718 0.0839875 0.0839932 0.0841935 0.0916635 0.449659 0.463045 0.0949758 0.459281 0.0830213 0.473341 0.495903 0.0842693 0.33669 0.0876903 0.0811285 0.0798173 0.0831569 0.0821357 0.496625 0.481694 0.478204 0.463364 0.434838 0.0813982 0.0862335 
