   0.998883           0   0.0472418 -0.00786632 0.0214492  0.890987 -0.453522 0.0665496 -0.0420918  0.454029  0.889992 -0.195707 0 0 0 1         0 -0.263398  0.785398         0 -0.350398    1.1334 -0.785398  0.785398         0 -0.785398  0.785398         0 -0.785398  0.785398 -0.785398  0.785398
0.00799661
0.0821064
0.473469
100
35
65
0.0401142
0.364406
0.043848 0.0127543 0.00847277 0.0157748 0.0189991 0.0736611 0.0332569 0.024268 0.0291545 0.046258 0.0367669 0.0145821 0.0252521 0.105501 0.00708897 0.114741 0.0375553 0.029116 0.0517922 0.0156571 0.0436963 0.0512818 0.0070478 0.0111466 0.0247802 0.0303354 0.0715535 0.080499 0.0364896 0.00859448 0.175223 0.0329987 0.00330992 0.0163247 0.0125257 0.00241748 0.0333988 0.0385571 0.014183 0.0449648 0.0227715 0.0399098 0.0151482 0.0512261 0.0347345 0.0290664 0.00754934 0.00500297 0.007908 0.098877 0.0103742 0.0337334 0.0564518 0.041854 0.0203853 0.0299952 0.0305541 0.0685619 0.00606944 0.0344699 0.0183338 0.201475 0.0376757 0.214894 0.00657611 
0.354777 0.479974 0.0909009 0.0989487 0.422016 0.541768 0.473014 0.0921117 0.310444 0.339124 0.331823 0.515334 0.472863 0.329177 0.0895155 0.513434 0.102431 0.422671 0.465897 0.310305 0.418593 0.615361 0.0883957 0.0892611 0.435183 0.518599 0.514233 0.50176 0.0922144 0.091766 0.616903 0.474464 0.0713606 0.0898041 0.399931 0.0956388 0.535867 0.0898066 0.449326 0.51762 0.310753 0.548339 0.443776 0.374921 0.415582 0.421876 0.0685796 0.491836 0.0750671 0.570173 0.428854 0.431484 0.563797 0.103944 0.446367 0.493487 0.0936114 0.394286 0.0954988 0.316659 0.08845 1.06432 0.547325 1.0272 0.407614 
