0.0582711 -0.944242 -0.324054  0.059549  0.167112  0.329252 -0.929337  0.138668   0.984214          0    0.17698 -0.0433782 0 0 0 1         0 -0.350398    1.4814         0 -0.524398    1.2204 -0.437398    1.2204         0 -0.785398  0.785398         0 -0.785398  0.785398 -0.785398  0.785398
0.332756
0.838734
0.177917
100
17
83
0.180398
0.424213
0.20911 0.0397185 0.170846 0.23959 0.132022 0.063656 0.342619 0.16098 0.230408 0.16825 0.240113 0.324793 0.240013 0.338655 0.067917 0.148449 0.188346 0.235412 0.0753154 0.186602 0.239279 0.14757 0.0664389 0.13217 0.229208 0.218956 0.239551 0.0688376 0.197161 0.19948 0.108312 0.145404 0.150498 0.212309 0.269279 0.170661 0.159925 0.244304 0.346574 0.0853343 0.239422 0.0757372 0.233964 0.176605 0.179097 0.148483 0.241408 0.112318 0.121591 0.320554 0.0572598 0.0833554 0.236681 0.131251 0.162848 0.169688 0.0672302 0.0566719 0.245049 0.00910409 0.243024 0.244829 0.197956 0.159712 0.153852 0.228161 0.112817 0.322288 0.0647639 0.181078 0.228367 0.327004 0.103957 0.243917 0.0486622 0.185173 0.243016 0.237371 0.179767 0.232712 0.240002 0.117533 0.1747 
0.326018 0.170846 0.258565 0.590617 0.223139 0.0906557 0.851956 0.228609 0.552742 0.278178 0.665603 0.806672 0.6543 0.899077 0.214505 0.231183 0.323819 0.601423 0.359743 0.280903 0.548327 0.262288 0.241086 0.229974 0.599366 0.344948 0.664076 0.0969445 0.260468 0.31304 0.342361 0.204887 0.310681 0.454266 0.611786 0.292168 0.39332 0.546553 0.936373 0.265062 0.671701 0.272252 0.589632 0.299165 0.290393 0.200151 0.597282 0.204045 0.238433 0.84748 0.303304 0.27579 0.629131 0.30187 0.4185 0.347784 0.366783 0.0933258 0.661891 0.0887028 0.650757 0.595532 0.31841 0.382572 0.45545 0.518423 0.184924 0.856231 0.236492 0.407236 0.633766 0.868079 0.358104 0.612618 0.0882124 0.378075 0.667695 0.552186 0.317541 0.594191 0.672088 0.356433 0.280503 
