-0.150847 -0.600599  0.785192 -0.110833  0.113312  -0.79955 -0.589813 0.0922198   0.982042          0   0.188664 -0.0867646 0 0 0 1         0 -0.263398    1.6554         0 -0.437398    1.2204 -0.263398    1.3944         0 -0.785398  0.785398         0 -0.785398  0.785398 -0.785398  0.785398
0.18933
0.381538
0.189802
100
16
84
0.0915885
0.199188
0.0546238 0.0609698 0.0712244 0.0631764 0.0338904 0.0295522 0.112729 0.194286 0.126483 0.0635287 0.0574245 0.00573832 0.111258 0.203959 0.119656 0.0959925 0.0863065 0.0662435 0.00117058 0.18852 0.194994 0.0636289 0.0972677 0.0899451 0.0528489 0.12314 0.106137 0.113212 0.0970643 0.0962579 0.0940436 0.00826298 0.200292 0.115233 0.0634081 0.0804391 0.0283383 0.0913146 0.131437 0.0770543 0.0222525 0.214785 0.00387593 0.0551274 0.114539 0.0039996 0.0825958 0.10634 0.125225 0.0789741 0.0926459 0.105606 0.110316 0.0584379 0.015531 0.118624 0.0665414 0.106457 0.143196 0.100525 0.0630986 0.0925846 0.0134908 0.133668 0.0775874 0.027318 0.127692 0.0754867 0.0138122 0.128177 0.108938 0.184367 0.132459 0.120341 0.056847 0.10057 0.0859212 0.19206 0.0139747 0.111036 0.204927 0.13718 0.0595101 0.0357445 
0.11302 0.0610693 0.132924 0.0901047 0.169459 0.149465 0.149276 0.385947 0.299781 0.096844 0.145891 0.103584 0.19306 0.41261 0.25797 0.221294 0.178137 0.23487 0.0945385 0.406423 0.40185 0.0674419 0.307597 0.144591 0.326381 0.23757 0.188164 0.251862 0.231884 0.285149 0.177558 0.0970249 0.395009 0.254121 0.106636 0.189389 0.101764 0.131097 0.263264 0.103629 0.112749 0.446446 0.00271798 0.0771506 0.254065 0.0264147 0.121991 0.290642 0.260023 0.143629 0.180056 0.169543 0.372187 0.0923539 0.0516764 0.206476 0.0871104 0.285556 0.255928 0.162104 0.16272 0.219868 0.101702 0.238093 0.154321 0.0580312 0.26447 0.240619 0.12459 0.239019 0.282484 0.403783 0.232941 0.252484 0.0961014 0.174386 0.138914 0.421606 0.0708018 0.199649 0.439961 0.20283 0.106765 0.148613 
