   0.999998           0 -0.00191581   0.0044518 5.37007e-06   0.999996 0.00280302 -0.0145667   0.0019158 -0.00280303    0.999994    -0.20793 0 0 0 1         0 -0.437398  0.785398         0 -0.437398  0.785398 -0.524398  0.785398         0 -0.785398  0.785398         0 -0.785398  0.785398 -0.785398  0.785398
0.121964
0.0885204
0.00339519
100
10
90
0.120818
0.166214
0.124076 0.158993 0.107901 0.13762 0.104936 0.113983 0.109226 0.0947483 0.107765 0.115592 0.106457 0.0932403 0.129848 0.112724 0.208272 0.191846 0.0979673 0.196242 0.0945307 0.112578 0.180921 0.11551 0.120612 0.11243 0.11114 0.102492 0.210967 0.077632 0.12837 0.112246 0.116648 0.116471 0.221435 0.201128 0.0158352 0.157739 0.113911 0.213843 0.10671 0.107099 0.104773 0.117063 0.112454 0.106939 0.115829 0.197754 0.113296 0.109216 0.0804753 0.115314 0.109557 0.0917368 0.0926151 0.18369 0.111639 0.116839 0.10233 0.111325 0.113086 0.114091 0.117424 0.09343 0.106457 0.0917199 0.210403 0.121589 0.213963 0.113094 0.195849 0.0820991 0.113219 0.108349 0.109839 0.108739 0.105431 0.11139 0.105999 0.0955843 0.104881 0.110883 0.110061 0.106144 0.105796 0.103424 0.120315 0.107643 0.0160816 0.0847009 0.109813 0.107548 
0.0788955 0.504952 0.0850933 0.489031 0.0841439 0.061383 0.0795731 0.0749251 0.0778672 0.0947652 0.076243 0.074121 0.0899438 0.0812087 0.499106 0.527963 0.0926247 0.445757 0.0741778 0.0794147 0.490892 0.0914557 0.0820031 0.0866099 0.082903 0.0749265 0.554478 0.0624268 0.0886201 0.0755339 0.0771328 0.082383 0.52098 0.53721 0.00554198 0.503652 0.0828996 0.478068 0.0787507 0.0837474 0.0797372 0.0879922 0.0734917 0.0858371 0.0926188 0.592505 0.0768832 0.0824369 0.388548 0.0863378 0.0796936 0.0689732 0.0728306 0.523046 0.0881084 0.0776573 0.0820782 0.0761431 0.0915978 0.596216 0.0893952 0.0623254 0.0794579 0.0892861 0.625417 0.0897632 0.470864 0.072363 0.551497 0.0710411 0.079883 0.0888997 0.0784019 0.0726557 0.0855292 0.078568 0.0789916 0.082785 0.0858693 0.0791053 0.0899782 0.0851744 0.0739414 0.0787801 0.0949823 0.080543 0.00622751 0.0686474 0.0763212 0.0784501 
