0.0989633 -0.76545 -0.63584 0.107949  0.117719  0.643495 -0.756344  0.109127   0.988104          0    0.15379 -0.0329372 0 0 0 1         0 -0.350398    1.3944         0 -0.524398    1.2204 -0.524398    1.3074         0 -0.785398  0.785398         0 -0.785398  0.785398 -0.785398  0.785398
0.337922
0.855257
0.154403
100
17
83
0.180518
0.431198
0.157248 0.25168 0.23224 0.00168025 0.123515 0.25677 0.24656 0.00783721 0.214722 0.202137 0.317413 0.245571 0.0772751 0.231721 0.0519809 0.174338 0.192799 0.175273 0.131217 0.260343 0.217536 0.182902 0.19635 0.220898 0.160798 0.0553044 0.259488 0.266889 0.242598 0.00282704 0.328919 0.0820378 0.137597 0.173604 0.0640397 0.255312 0.159022 0.0469832 0.146746 0.00708112 0.162426 0.201288 0.0661343 0.116958 0.0741912 0.166144 0.229045 0.181241 0.326834 0.0728385 0.167103 0.247016 0.353937 0.170055 0.157831 0.154644 0.164044 0.0820472 0.177087 0.199869 0.192405 0.00596213 0.0677632 0.0557185 0.223502 0.171811 0.265576 0.253804 0.251114 0.250923 0.174482 0.242135 0.306471 0.228443 0.207046 0.360146 0.211137 0.176829 0.198543 0.259171 0.0944015 0.21241 0.343251 
0.24263 0.654541 0.432508 0.0834865 0.343885 0.70379 0.57215 0.0835313 0.511951 0.326251 0.82112 0.641285 0.292859 0.367787 0.232121 0.49492 0.505814 0.313077 0.27231 0.720909 0.306468 0.281586 0.331629 0.34852 0.262331 0.087592 0.700251 0.606884 0.548417 0.0941246 0.90229 0.325291 0.342689 0.273014 0.309222 0.773068 0.50325 0.244037 0.213423 0.0810746 0.248917 0.458297 0.26301 0.491633 0.303253 0.250839 0.551895 0.447301 0.877161 0.264646 0.250919 0.573395 0.917696 0.315575 0.213729 0.434986 0.252275 0.0977467 0.301936 0.326056 0.318274 0.0853887 0.236497 0.265691 0.531933 0.242562 0.707075 0.711596 0.587177 0.648969 0.338633 0.535719 0.79017 0.595679 0.545991 0.98032 0.471132 0.255804 0.489621 0.686875 0.328871 0.506638 0.935493 
