-0.121573 -0.631923  0.765437 -0.115145  0.099125 -0.775031   -0.6241  0.101836    0.98762          0   0.156863 -0.0336428 0 0 0 1         0 -0.437398    1.3944         0 -0.524398  0.959398 -0.437398    1.3074         0 -0.785398  0.785398         0 -0.785398  0.785398 -0.785398  0.785398
0.207225
0.525327
0.157513
100
10
90
0.173347
0.418387
0.219232 0.21143 0.200591 0.173657 0.206419 0.18024 0.214777 0.20165 0.183863 0.0602061 0.176292 0.216041 0.19279 0.224717 0.0954832 0.258816 0.0106304 0.176801 0.00925764 0.180856 0.28706 0.228387 0.0311185 0.231173 0.0737209 0.0193223 0.192786 0.0237447 0.171023 0.0603833 0.0764822 0.180915 0.153575 0.0951854 0.251637 0.175125 0.352499 0.109491 0.213427 0.226598 0.248989 0.259007 0.00431837 0.182481 0.218215 0.0910902 0.262225 0.00233828 0.348276 0.105981 0.167584 0.109559 0.183956 0.17218 0.221543 0.366534 0.017449 0.222296 0.0242655 0.202403 0.220571 0.113499 0.0215861 0.0617349 0.177489 0.255378 0.320358 0.248585 0.228283 0.2068 0.265101 0.0158321 0.339708 0.17573 0.236737 0.32817 0.024509 0.0178231 0.267134 0.199602 0.112428 0.149097 0.350462 0.269021 0.195908 0.00681686 0.167613 0.215717 0.253303 0.198162 
0.523001 0.481062 0.32642 0.314537 0.496266 0.489614 0.493209 0.38995 0.274069 0.183499 0.317122 0.50672 0.339594 0.526781 0.354117 0.646981 0.0570559 0.443909 0.0625091 0.469229 0.648496 0.49028 0.0783996 0.552793 0.330149 0.0781341 0.523121 0.076265 0.300182 0.187567 0.437478 0.275689 0.262944 0.456688 0.606831 0.270894 0.947558 0.320893 0.318538 0.513095 0.630112 0.679711 0.0783147 0.384336 0.484088 0.422885 0.691028 0.0692621 0.900375 0.270088 0.31807 0.136754 0.306176 0.266188 0.590429 0.952107 0.073941 0.631011 0.0885145 0.295627 0.504969 0.144258 0.0840429 0.395973 0.276699 0.686494 0.797114 0.65028 0.534585 0.472951 0.719243 0.074444 0.891586 0.319001 0.547219 0.890398 0.082901 0.0721296 0.650644 0.482058 0.262164 0.222298 0.883111 0.684408 0.630705 0.06949 0.266876 0.566764 0.656538 0.494787 
