0.0216768 -0.994104 -0.106241 0.0268816  0.198736   0.10843 -0.974036  0.154145    0.979813           0    0.199915 -0.00917046 0 0 0 1         0 -0.524398    1.3944         0 -0.611398    1.0464 -0.524398    1.1334         0 -0.785398  0.785398         0 -0.785398  0.785398 -0.785398  0.785398
0.358974
1.09944
0.201271
100
20
80
0.177099
0.550742
0.217087 0.203176 0.0397026 0.200438 0.354642 0.189424 0.0171314 0.166371 0.0447241 0.21911 0.196762 0.081748 0.246973 0.261 0.00821818 0.216395 0.220824 0.220623 0.125397 0.26243 0.375576 0.355548 0.0188279 0.0368311 0.210929 0.365463 0.0797723 0.0787721 0.129279 0.270958 0.352095 0.16132 0.222398 0.219573 0.0279541 0.181507 0.0602341 0.0755376 0.155681 0.103224 0.367743 0.269009 0.211803 0.0200501 0.0077813 0.285297 0.275651 0.0280999 0.188622 0.363445 0.20507 0.268157 0.00593351 0.00779774 0.205337 0.105453 0.00974206 0.220887 0.114897 0.372353 0.018492 0.269854 0.0360216 0.250996 0.073795 0.111851 0.166604 0.170661 0.0287192 0.370763 0.211259 0.376813 0.25603 0.103911 0.277766 0.130022 0.0230957 0.362337 0.186548 0.235597 
0.847344 0.809943 0.126554 0.662459 1.16955 0.396203 0.147646 0.413842 0.140788 0.840292 0.420533 0.270793 0.67824 0.653097 0.131966 0.81266 0.753399 0.801003 0.359876 0.664017 1.16019 1.08225 0.118485 0.121803 0.847901 1.13952 0.34183 0.31076 0.359827 0.640876 1.02644 0.409276 0.80521 0.783779 0.125082 0.335714 0.150576 0.547005 0.913104 0.397974 1.12683 0.618324 0.783956 0.10747 0.117566 0.690782 0.679109 0.133677 0.398229 1.12606 0.647801 0.622453 0.101567 0.113629 0.871646 0.457617 0.114486 0.562929 0.362962 1.15286 0.101323 0.630957 0.131484 0.639762 0.267299 0.359618 0.3581 0.402468 0.136147 1.0955 0.791326 1.08927 0.598719 0.315081 0.694815 0.37704 0.121974 1.2403 0.408314 0.792108 
