  -0.019762   -0.993715    0.110183 -0.00758663   0.17543 -0.111941 -0.978107   0.14996   0.984293          0    0.17654 -0.0458795 0 0 0 1         0 -0.350398    1.4814         0 -0.524398    1.2204 -0.437398    1.3074         0 -0.785398  0.785398         0 -0.785398  0.785398 -0.785398  0.785398
0.311649
0.771927
0.17747
100
9
91
0.154969
0.372638
0.135969 0.0620231 0.169118 0.231669 0.235466 0.152225 0.235328 0.047729 0.123611 0.102432 0.0840478 0.231824 0.12224 0.222755 0.250497 0.0501726 0.0943046 0.0367571 0.162889 0.259329 0.0546119 0.127584 0.229788 0.0691438 0.122987 0.126097 0.231263 0.133793 0.0638 0.111762 0.100912 0.230534 0.210991 0.156658 0.061183 0.159202 0.124197 0.156347 0.105681 0.137603 0.14767 0.173429 0.117789 0.224052 0.0615708 0.168085 0.0824139 0.221241 0.183564 0.136229 0.169058 0.123456 0.199743 0.2369 0.203181 0.339577 0.0686229 0.238562 0.204153 0.232089 0.0566462 0.226868 0.22488 0.0554125 0.0513795 0.120625 0.198948 0.116552 0.212117 0.158968 0.222517 0.148552 0.15198 0.145923 0.36048 0.179142 0.0645778 0.183431 0.162146 0.222337 0.156627 0.206335 0.157471 0.228525 0.152055 0.10336 0.131761 0.0602982 0.101302 0.1689 0.11619 
0.321193 0.223749 0.286846 0.563064 0.625189 0.282934 0.491598 0.362342 0.23722 0.204837 0.183258 0.520369 0.316522 0.5358 0.633095 0.0903557 0.31629 0.166544 0.268899 0.533226 0.21598 0.304063 0.485816 0.22872 0.228888 0.309289 0.600601 0.241471 0.212989 0.203906 0.299514 0.462801 0.492336 0.383095 0.0948594 0.258398 0.238416 0.359731 0.312325 0.225739 0.443596 0.545871 0.305116 0.610444 0.211833 0.457387 0.346795 0.45767 0.436731 0.274765 0.29719 0.240475 0.273853 0.617851 0.455883 0.847067 0.212824 0.600738 0.61437 0.630437 0.196068 0.659282 0.567227 0.186595 0.206147 0.21289 0.464914 0.226777 0.47976 0.302558 0.584025 0.320635 0.573046 0.433117 0.90828 0.507088 0.224903 0.287494 0.410581 0.689178 0.282938 0.473701 0.262727 0.579987 0.243719 0.185317 0.236795 0.193752 0.304373 0.298164 0.20488 
