 -0.028314  -0.988001    0.15183 -0.0133042  0.181124 -0.154448 -0.971257   0.14236   0.983053          0   0.183324 -0.0866903 0 0 0 1         0 -0.263398    1.6554         0 -0.437398    1.3074 -0.350398    1.5684         0 -0.785398  0.785398         0 -0.785398  0.785398 -0.785398  0.785398
0.190978
0.37912
0.184367
100
10
90
0.0895299
0.187318
0.182809 0.191662 0.137926 0.121404 0.0519643 0.118524 0.0217019 0.1304 0.0306189 0.0594021 0.20074 0.0744673 0.0570941 0.0442605 0.0328915 0.106831 0.0451381 0.132637 0.15019 0.0876623 0.00238348 0.170526 0.00325532 0.0444583 0.103922 0.132663 0.105108 0.0245343 0.0937876 0.0410262 0.147347 0.0961886 0.0543825 0.122186 0.13744 0.0565204 0.117002 0.188447 0.0139594 0.210475 0.137836 0.113316 0.0346419 0.100477 0.0355797 0.049329 0.0397661 0.143104 0.130617 0.0461406 0.00423907 0.0268568 0.146909 0.106622 0.181899 0.071286 0.0636093 0.0238245 0.0934354 0.0120135 0.145575 0.108285 0.145552 0.0603412 0.0563435 0.0863009 0.140113 0.0525565 0.00817659 0.0423401 0.057558 0.0568392 0.0620038 0.222534 0.0684399 0.0430901 0.0219124 0.118579 0.0712015 0.0695515 0.159189 0.0327147 0.210043 0.00143579 0.111187 0.0412583 0.115714 0.061756 0.11243 0.169234 
0.348946 0.22783 0.222239 0.287458 0.0796171 0.248937 0.0887525 0.198504 0.097386 0.111985 0.42443 0.339696 0.22768 0.118391 0.0731072 0.160351 0.0774633 0.235205 0.262443 0.146022 0.00317131 0.357628 0.108818 0.197256 0.258157 0.199799 0.296095 0.0794843 0.182492 0.0954956 0.25774 0.155486 0.0767552 0.250184 0.241826 0.0931638 0.260105 0.433474 0.0806243 0.482455 0.256876 0.329573 0.0541491 0.177668 0.0747144 0.189744 0.0768242 0.238336 0.369826 0.0963155 0.0225788 0.12333 0.239761 0.266143 0.391127 0.146148 0.212875 0.052293 0.154383 0.0658334 0.205259 0.226223 0.249923 0.0812047 0.0826332 0.241256 0.256567 0.0796849 0.0641441 0.160018 0.074446 0.117466 0.116674 0.348418 0.0811015 0.0849935 0.0629945 0.263885 0.120849 0.297825 0.239055 0.0744841 0.394332 0.0529551 0.248213 0.120879 0.254022 0.121173 0.28298 0.229823 
