 -0.124323  -0.759908   0.638031 -0.0874091  0.145338 -0.650031  -0.74588  0.113685    0.98154          0   0.191257 -0.0884353 0 0 0 1         0 -0.263398    1.6554         0 -0.437398    1.2204 -0.350398    1.5684         0 -0.785398  0.785398         0 -0.785398  0.785398 -0.785398  0.785398
0.178981
0.365352
0.192443
100
22
78
0.0877036
0.186854
0.0571028 0.107939 0.0551537 0.0656995 0.0412423 0.115393 0.123167 0.195864 0.0477445 0.0816209 0.102579 0.196761 0.182516 0.092931 0.0977794 0.0824351 0.00820663 0.0905906 0.0580024 0.0666223 0.0652814 0.10876 0.0882913 0.158643 0.130155 0.104347 0.115608 0.0709019 0.117965 0.108385 0.135798 0.0611991 0.10732 0.0884201 0.0609647 0.0884021 0.106271 0.123063 0.0257955 0.181138 0.1121 0.0577605 0.0660883 0.0647159 0.0611555 0.106053 0.150369 0.00888284 0.0621523 0.0550899 0.199348 0.0354785 0.0761069 0.11187 0.0856144 0.0408956 0.0168495 0.0446934 0.0556564 0.109142 0.0513164 0.0437788 0.121737 0.0373584 0.0473045 0.0220903 0.0726033 0.0787662 0.0657503 0.0739811 0.0540763 0.115457 0.0934153 0.0513904 0.149497 0.0930271 0.118632 0.114622 
0.0916522 0.193559 0.09054 0.238042 0.0747564 0.257247 0.23949 0.433731 0.198141 0.0942101 0.267215 0.426569 0.380354 0.253437 0.223377 0.152536 0.100819 0.158972 0.16624 0.236003 0.120844 0.232288 0.153444 0.363369 0.23889 0.288869 0.170778 0.168201 0.280697 0.268739 0.250138 0.0965298 0.237905 0.158605 0.0884368 0.161931 0.257301 0.211755 0.0520188 0.313188 0.259979 0.098311 0.10415 0.0870195 0.197217 0.219448 0.376187 0.0300553 0.145874 0.104078 0.407985 0.0736671 0.104951 0.195945 0.145018 0.0914456 0.124369 0.0722703 0.102614 0.275041 0.0978726 0.0715347 0.183987 0.111491 0.113855 0.119431 0.15714 0.221891 0.222144 0.0919256 0.115848 0.205721 0.181671 0.0982653 0.271593 0.241476 0.224417 0.237921 
