 0.145617 -0.608825 -0.779826  0.127652 0.111754 0.793305 -0.59848 0.081928   0.983009          0   0.183558 -0.0475927 0 0 0 1         0 -0.263398    1.3944         0 -0.437398    1.1334 -0.437398    1.1334         0 -0.785398  0.785398         0 -0.785398  0.785398 -0.785398  0.785398
0.163571
0.449676
0.184604
100
22
78
0.163521
0.370732
0.187415 0.158414 0.314928 0.118641 0.248941 0.153223 0.131496 0.225581 0.162375 0.155434 0.251712 0.148228 0.00483464 0.320833 0.246612 0.178924 0.048524 0.192833 0.0450202 0.00489113 0.30724 0.233269 0.15755 0.0422218 0.194507 0.164979 0.164371 0.153734 0.170275 0.16143 0.158842 0.149778 0.0782313 0.245844 0.0640713 0.182945 0.164282 0.184217 0.312893 0.161858 0.140818 0.0527145 0.0711589 0.260076 0.247586 0.00205361 0.00740238 0.176808 0.140857 0.227319 0.169679 0.148437 0.188767 0.173148 0.0720235 0.157974 0.31681 0.18883 0.200374 0.186711 0.170598 0.169785 0.207193 0.136918 0.16502 0.138817 0.133306 0.139528 0.115261 0.0084983 0.213086 0.275282 0.187392 0.19551 0.064627 0.250198 0.126621 0.176042 
0.342866 0.384279 0.843481 0.243855 0.565221 0.380697 0.183245 0.540424 0.302574 0.403848 0.61801 0.324803 0.0744391 0.875757 0.552016 0.440059 0.196613 0.480847 0.198334 0.0721021 0.80026 0.635096 0.206958 0.173412 0.507631 0.224963 0.22168 0.235669 0.404407 0.199834 0.235243 0.345974 0.3826 0.705866 0.267258 0.470953 0.228801 0.487245 0.769616 0.279545 0.229304 0.20443 0.276853 0.581831 0.587634 0.070045 0.0671524 0.260443 0.186311 0.304619 0.493311 0.300209 0.282033 0.480289 0.216781 0.222329 0.891281 0.443909 0.493059 0.439617 0.356792 0.484372 0.463233 0.274398 0.234825 0.216066 0.186226 0.317935 0.218574 0.0756981 0.29331 0.717257 0.454735 0.359764 0.274015 0.577944 0.332824 0.241222 
