0.0750408 -0.903723 -0.421491 0.0735123  0.158405  0.428119 -0.889732  0.129371   0.984519          0    0.17528 -0.0557439 0 0 0 1         0 -0.350398    1.5684         0 -0.524398    1.3074 -0.437398    1.3074         0 -0.785398  0.785398         0 -0.785398  0.785398 -0.785398  0.785398
0.294003
0.710121
0.17619
100
9
91
0.162304
0.35743
0.155526 0.163965 0.185967 0.246196 0.107732 0.15614 0.234261 0.212078 0.183003 0.308386 0.171492 0.246621 0.0851249 0.22058 0.22376 0.190473 0.112682 0.199568 0.11365 0.119786 0.16694 0.0885246 0.242176 0.125229 0.0527263 0.240162 0.146136 0.24663 0.0701643 0.0231603 0.174112 0.302038 0.181977 0.13203 0.0581873 0.172269 0.0593331 0.0641057 0.0368432 0.202815 0.199746 0.0994639 0.249887 0.114026 0.0873483 0.306352 0.148678 0.147034 0.294892 0.174834 0.236667 0.237773 0.186321 0.141734 0.0983493 0.171748 0.101215 0.234003 0.161592 0.163279 0.131803 0.279515 0.0367622 0.0504056 0.0971472 0.118638 0.227475 0.171348 0.199343 0.136635 0.0601448 0.157482 0.0594585 0.238286 0.232278 0.217309 0.069016 0.245659 0.0499979 0.0322101 0.0533114 0.130626 0.064749 0.255275 0.275247 0.252487 0.276509 0.159559 0.19668 0.0675875 0.249189 
0.387389 0.306717 0.416867 0.609827 0.358445 0.388419 0.648475 0.519371 0.354777 0.734256 0.390825 0.560153 0.146744 0.590877 0.51512 0.282731 0.110737 0.292227 0.169133 0.299052 0.271942 0.289704 0.611896 0.32718 0.0889222 0.490385 0.104269 0.583573 0.241436 0.150366 0.299016 0.821233 0.277927 0.279415 0.219333 0.286518 0.0888978 0.230196 0.188832 0.299169 0.292871 0.160193 0.585186 0.103945 0.170756 0.861386 0.228674 0.231519 0.752633 0.401217 0.622467 0.52148 0.331797 0.210512 0.324347 0.293749 0.100993 0.533331 0.510028 0.392122 0.308926 0.727606 0.166597 0.0840445 0.167778 0.169229 0.545469 0.4143 0.301122 0.192648 0.0932501 0.220432 0.211173 0.50769 0.546574 0.523719 0.0834103 0.567751 0.0910249 0.198765 0.163633 0.312521 0.193846 0.582984 0.565964 0.639321 0.721608 0.258761 0.456652 0.0846783 0.563101 
