  -0.18001  -0.792171   0.583149 -0.0779653  0.233653   -0.6103 -0.756928  0.113646  0.955512         0  0.294953 -0.112529 0 0 0 1          0 -0.0893982     1.6554          0  -0.350398     1.0464  -0.263398     1.4814         0 -0.785398  0.785398         0 -0.785398  0.785398 -0.785398  0.785398
0.0721463
0.139885
0.299406
100
49
51
0.0488658
0.131228
0.069684 0.0566636 0.034498 0.061638 0.0477191 0.0844207 0.0750477 0.0466117 0.0912921 0.0231842 0.0782741 0.0529764 0.0842979 0.019317 0.0118313 0.0264918 0.0431594 0.0187121 0.0447708 0.0545993 0.0668073 0.0894141 0.0141953 0.0280479 0.0596352 0.0190171 0.0354812 0.0345564 0.0579149 0.0819574 0.00942239 0.0791632 0.0102707 0.0372091 0.00830424 0.0384954 0.0759904 0.132705 0.0417936 0.0123482 0.0398738 0.0136359 0.0672262 0.0359635 0.107532 0.0541216 0.0440053 0.0315665 0.0522699 0.0534524 0.034592 
0.112126 0.129804 0.0675138 0.212943 0.211722 0.24947 0.21347 0.125271 0.1358 0.0997015 0.220626 0.0950698 0.128475 0.125988 0.0818996 0.0980939 0.152622 0.026092 0.1302 0.114428 0.159155 0.223001 0.0534006 0.0516842 0.135234 0.127901 0.0841312 0.127461 0.113759 0.227907 0.0593454 0.140968 0.0457586 0.110593 0.0509329 0.148319 0.191665 0.316431 0.11208 0.0414682 0.11856 0.0529938 0.173115 0.13536 0.186026 0.149686 0.0990658 0.119009 0.0994625 0.155337 0.151493 
