 0.101851 -0.789679 -0.605007 0.0982939  0.131095   0.61352 -0.778722  0.107516 0.986124        0 0.166011 -0.07692 0 0 0 1         0 -0.263398    1.6554         0 -0.437398    1.3944 -0.350398    1.3944         0 -0.785398  0.785398         0 -0.785398  0.785398 -0.785398  0.785398
0.208268
0.429807
0.166783
100
11
89
0.113084
0.215072
0.0658191 0.0396964 0.202314 0.0903556 0.162181 0.0816973 0.101469 0.190198 0.063985 0.134504 0.119066 0.0903433 0.138465 0.14381 0.00986831 0.112661 0.149832 0.225405 0.091433 0.206423 0.150163 0.153187 0.0722356 0.147913 0.00942404 0.0683635 0.0723615 0.0891377 0.105443 0.0756853 0.0950857 0.050672 0.16009 0.179671 0.141221 0.130754 0.0646512 0.0674462 0.0587787 0.10814 0.146862 0.117801 0.0690698 0.118906 0.203401 0.201199 0.053227 0.00679667 0.124389 0.100136 0.154342 0.138197 0.256483 0.0128861 0.0904036 0.156723 0.147639 0.0223577 0.100936 0.0916247 0.191411 0.189151 0.164717 0.0714359 0.130183 0.0860698 0.12967 0.07315 0.209308 0.0623479 0.059055 0.117016 0.191401 0.0692065 0.0215776 0.036151 0.103306 0.155384 0.10429 0.207389 0.165223 0.0770241 0.0629905 0.0706055 0.20376 0.0656892 0.187764 0.0501269 0.0756999 
0.0800892 0.0676286 0.411542 0.129975 0.253686 0.13926 0.0926518 0.254762 0.134966 0.253932 0.281565 0.0760281 0.323898 0.266846 0.125748 0.303548 0.248525 0.48388 0.253319 0.45273 0.361657 0.262373 0.13656 0.243417 0.129978 0.07899 0.26549 0.357309 0.0903474 0.137619 0.181223 0.0744021 0.232118 0.367415 0.226302 0.2179 0.147088 0.115349 0.0715916 0.248187 0.236629 0.281645 0.221055 0.188712 0.264394 0.430234 0.072027 0.00307225 0.20006 0.134992 0.22668 0.22556 0.625298 0.11431 0.0773228 0.296619 0.255627 0.131506 0.142412 0.346077 0.370672 0.413321 0.345575 0.22082 0.210897 0.16025 0.17613 0.107738 0.474741 0.116353 0.0743706 0.249403 0.242185 0.079917 0.141299 0.168236 0.137219 0.279993 0.144794 0.469224 0.281129 0.106767 0.114629 0.079031 0.442988 0.0744389 0.260776 0.0678536 0.0765071 
