 0.929169         0 -0.369655 0.0655334  0.0391572   0.994374  0.0984259 -0.0256671  0.367575 -0.105929  0.923941 -0.195816 0 0 0 1         0 -0.350398  0.785398         0 -0.524398  0.785398 -0.437398  0.785398         0 -0.785398  0.785398         0 -0.785398  0.785398 -0.785398  0.785398
0.075855
0.0777822
0.392538
100
3
97
0.0740677
0.134089
0.0747575 0.0701245 0.145917 0.0612255 0.084904 0.0583971 0.0733334 0.0286508 0.0756398 0.0124778 0.0808266 0.0771724 0.0788969 0.120123 0.00941413 0.155859 0.0892782 0.0758244 0.0823968 0.0717005 0.0829426 0.0837616 0.0893308 0.0697602 0.125712 0.120926 0.0802404 0.0492017 0.0665521 0.0774375 0.0718526 0.0898543 0.137233 0.0138365 0.078011 0.0615473 0.0100953 0.0574211 0.0825481 0.0858967 0.0637194 0.0746618 0.072925 0.0735436 0.0856757 0.0797055 0.0267479 0.0831055 0.0710513 0.0805652 0.0717222 0.141485 0.0601417 0.0696109 0.0667763 0.0585791 0.102022 0.0769799 0.0196292 0.071741 0.0120316 0.0137363 0.0855964 0.0136503 0.070859 0.080755 0.078802 0.060515 0.0756833 0.012996 0.0179794 0.0874004 0.085085 0.08291 0.0793944 0.130952 0.0742355 0.0723305 0.0500168 0.0128176 0.0720766 0.168269 0.0699227 0.0819938 0.0639127 0.130915 0.0444889 0.0794335 0.135033 0.0567234 0.0793358 0.0889166 0.0696894 0.113474 0.0764629 0.0743932 0.0703087 
0.065653 0.0757503 0.482579 0.0797463 0.0959104 0.0850655 0.088517 0.0798578 0.0810611 0.0953923 0.0803468 0.0726862 0.077752 0.500232 0.103163 0.497262 0.0891003 0.0773442 0.0905807 0.0723805 0.0746454 0.0770617 0.0828889 0.38874 0.461004 0.333121 0.0836896 0.0772436 0.0912802 0.0733935 0.07463 0.0717997 0.524027 0.0774898 0.073016 0.0785898 0.101237 0.0725786 0.0850296 0.0930238 0.0774353 0.0855729 0.0852198 0.0905876 0.0726393 0.0804278 0.0778583 0.0956173 0.0837791 0.0875203 0.0816499 0.519108 0.093689 0.0826604 0.0688875 0.0786877 0.0932118 0.0732703 0.0828301 0.082171 0.0902184 0.0824842 0.0934666 0.0772054 0.0788643 0.0876354 0.0798186 0.0752014 0.0813158 0.0849719 0.0710848 0.0695685 0.0774522 0.093309 0.0755049 0.462796 0.0889665 0.0756528 0.0744737 0.0945208 0.0927666 0.565048 0.0770735 0.074694 0.0791378 0.488182 0.0807911 0.0747535 0.526194 0.0775522 0.0869975 0.0863197 0.0783306 0.399406 0.0753675 0.0827111 0.0691506 
