 0.987844         0 -0.155447 0.0319697  0.0282261   0.983376   0.179374 -0.0439434  0.152862 -0.181581  0.971422 -0.201916 0 0 0 1         0 -0.524398  0.785398         0 -0.524398  0.785398 -0.524398    1.0464         0 -0.785398  0.785398         0 -0.785398  0.785398 -0.785398  0.785398
0.0986339
0.43321
0.239645
100
18
82
0.0870053
0.269595
0.0861468 0.0794252 0.0959539 0.0820173 0.0722006 0.0427144 0.102245 0.0757818 0.0737814 0.0727072 0.0803879 0.0649439 0.0622967 0.0603587 0.0774916 0.0538894 0.126823 0.105355 0.0831831 0.118279 0.0823082 0.0633966 0.0813531 0.0999669 0.112125 0.0732275 0.063297 0.11345 0.128009 0.131916 0.119653 0.125286 0.0712015 0.0803175 0.129041 0.0698389 0.0768344 0.075542 0.0675878 0.0871595 0.0773012 0.0971028 0.134273 0.0883008 0.15797 0.0707804 0.0840581 0.130636 0.0940252 0.0622242 0.0913448 0.129779 0.0690814 0.063577 0.113168 0.0567373 0.0581096 0.0820204 0.0775635 0.0795389 0.0813725 0.0797838 0.0736457 0.0585731 0.0621268 0.0592524 0.073099 0.0970644 0.062821 0.100803 0.0927219 0.0583084 0.0662853 0.0735427 0.13467 0.0691724 0.056239 0.103158 0.072385 0.093851 0.135634 0.144837 
0.091007 0.479281 0.563544 0.0921245 0.0821435 0.389967 0.44294 0.0735043 0.0790314 0.0904734 0.0814484 0.0764235 0.53429 0.44056 0.0763602 0.0767933 0.457447 0.422733 0.0914087 0.41952 0.501394 0.0856948 0.0790844 0.480234 0.561753 0.45424 0.0715514 0.430199 0.453843 0.621714 0.533337 0.437243 0.0815511 0.0759669 0.415729 0.0763307 0.486288 0.0921743 0.0850696 0.5171 0.0744782 0.46605 0.41883 0.0835052 0.455885 0.0761682 0.0958371 0.483053 0.532628 0.0908487 0.567932 0.595746 0.0742506 0.0797637 0.490313 0.511998 0.0618424 0.0755015 0.0748649 0.0899581 0.0888109 0.0792377 0.090143 0.422302 0.0939496 0.0878504 0.0737373 0.536179 0.0831279 0.530158 0.46877 0.0782984 0.0704324 0.0764674 0.430155 0.0779983 0.0675014 0.448341 0.0818813 0.0848946 0.486817 0.648812 
