0.0278608 -0.987187 -0.157117 0.0331126  0.172365  0.159568 -0.972023  0.141355   0.984639          0   0.174602 -0.0744632 0 0 0 1         0 -0.263398    1.6554         0 -0.437398    1.3074 -0.437398    1.5684         0 -0.785398  0.785398         0 -0.785398  0.785398 -0.785398  0.785398
0.218095
0.44961
0.175501
100
10
90
0.117637
0.239462
0.116791 0.140901 0.0806596 0.0886597 0.147565 0.265309 0.120362 0.0767532 0.0901461 0.135712 0.0933497 0.0789293 0.065182 0.248179 0.137384 0.073551 0.110028 0.064049 0.0661202 0.0704172 0.0580129 0.250363 0.0668763 0.062291 0.215411 0.226794 0.145812 0.0661999 0.0311812 0.219106 0.0536244 0.142064 0.141071 0.0167001 0.177876 0.139678 0.124642 0.118061 0.149972 0.142472 0.0863432 0.0210352 0.13459 0.0686916 0.144195 0.127991 0.0807804 0.0809787 0.061938 0.168197 0.133081 0.0292386 0.087805 0.0122059 0.20149 0.245267 0.129623 0.171045 0.248108 0.00943204 0.0844368 0.162141 0.0742203 0.0676723 0.127782 0.130347 0.183612 0.0445427 0.108027 0.120557 0.0891538 0.0686837 0.0708311 0.0662114 0.175101 0.0507412 0.196057 0.0100588 0.211194 0.149685 0.148539 0.114981 0.0949314 0.0906849 0.106768 0.268489 0.146473 0.0842655 0.153333 0.127512 
0.180388 0.230234 0.150849 0.154944 0.362716 0.61209 0.194276 0.0853415 0.0941773 0.0705987 0.280477 0.150906 0.0893971 0.615421 0.417791 0.135832 0.183808 0.0741403 0.145901 0.143457 0.080265 0.419322 0.0781986 0.126723 0.460222 0.517928 0.225937 0.317268 0.0685491 0.461406 0.110276 0.0955962 0.201336 0.339859 0.248089 0.32198 0.259728 0.265594 0.270278 0.233973 0.220728 0.162987 0.2837 0.147335 0.256621 0.196226 0.232344 0.331955 0.0801729 0.243036 0.296644 0.152923 0.154859 0.10142 0.410807 0.566877 0.265336 0.24751 0.629966 0.129074 0.151995 0.235889 0.0835855 0.123004 0.299092 0.281564 0.259652 0.0768304 0.319796 0.213063 0.144436 0.116024 0.0831431 0.0842866 0.232814 0.0796142 0.469707 0.140875 0.514891 0.285867 0.280105 0.285449 0.155432 0.168878 0.197889 0.664827 0.297394 0.142912 0.213269 0.363502 
