 -0.108264  -0.790269    0.60312 -0.0849255  0.139626  -0.61276 -0.777836  0.121195   0.984268          0   0.176682 -0.0622261 0 0 0 1         0 -0.350398    1.5684         0 -0.524398    1.2204 -0.350398    1.3944         0 -0.785398  0.785398         0 -0.785398  0.785398 -0.785398  0.785398
0.295452
0.689279
0.177615
100
8
92
0.13227
0.298176
0.083762 0.0678966 0.195121 0.0370293 0.0642003 0.0352316 0.0955275 0.184195 0.226521 0.132189 0.152494 0.153015 0.183594 0.179236 0.187996 0.0942236 0.219904 0.0651503 0.119452 0.0839514 0.0765851 0.159355 0.165005 0.243439 0.041255 0.102732 0.12795 0.125786 0.243984 0.227352 0.216514 0.229491 0.155505 0.150199 0.0597509 0.181195 0.180459 0.159626 0.143877 0.235949 0.0704135 0.225275 0.25696 0.0640873 0.201378 0.140263 0.083855 0.235013 0.115658 0.135365 0.116628 0.146866 0.121967 0.106941 0.0958452 0.161308 0.0891573 0.100099 0.127982 0.216449 0.212073 0.101529 0.0295458 0.0588629 0.0825937 0.00594053 0.0136634 0.170137 0.06202 0.0988251 0.177871 0.104661 0.0710687 0.0942949 0.114967 0.205308 0.158104 0.0200594 0.00372234 0.20595 0.134085 0.114237 0.203059 0.107279 0.202441 0.133953 0.167861 0.048976 0.16762 0.0874372 0.0694859 0.14297 
0.289023 0.139136 0.424713 0.150558 0.21225 0.138616 0.126031 0.407279 0.540315 0.194047 0.273218 0.286461 0.513915 0.472923 0.287536 0.309466 0.520651 0.119728 0.394426 0.307042 0.131651 0.386767 0.251832 0.529393 0.152895 0.167749 0.210249 0.210041 0.550113 0.564563 0.510655 0.573663 0.292223 0.2522 0.192437 0.250245 0.334304 0.36311 0.229143 0.558956 0.118695 0.566541 0.555561 0.0934951 0.423173 0.249616 0.153142 0.488714 0.17536 0.211466 0.326458 0.234848 0.275218 0.313617 0.314787 0.392634 0.238174 0.308572 0.29354 0.519606 0.494938 0.286441 0.145311 0.126559 0.114235 0.136411 0.12925 0.398447 0.124854 0.283384 0.417055 0.29734 0.125727 0.306311 0.189085 0.347848 0.352827 0.145102 0.126123 0.454493 0.197646 0.189886 0.468153 0.309794 0.517631 0.211121 0.413916 0.166771 0.235313 0.202039 0.203416 0.242046 
