-0.0755026  -0.925813   0.370365 -0.0518443  0.184932 -0.377983 -0.907154  0.147827    0.979847           0    0.199751 -0.00915085 0 0 0 1         0 -0.524398    1.3074         0 -0.611398  0.785398 -0.524398    1.2204         0 -0.785398  0.785398         0 -0.785398  0.785398 -0.785398  0.785398
0.231665
0.744639
0.201104
100
21
79
0.17029
0.475606
0.278161 0.25149 0.0593204 0.192464 0.0520894 0.362949 0.241647 0.239533 0.270813 0.185013 0.25637 0.24686 0.0411625 0.2426 0.0520084 0.178044 0.177708 0.155815 0.171277 0.241609 0.352202 0.162826 0.149336 0.116354 0.145108 0.0545407 0.0422638 0.138141 0.124614 0.0549185 0.172137 0.135104 0.0592722 0.194205 0.046701 0.361935 0.0676358 0.180139 0.049358 0.0275639 0.145091 0.353876 0.186987 0.267937 0.0515167 0.0581298 0.0340397 0.168973 0.156477 0.215343 0.213034 0.374975 0.0571893 0.120236 0.0498128 0.335484 0.0697447 0.168836 0.185738 0.184087 0.185522 0.11849 0.169739 0.182923 0.258142 0.352416 0.141645 0.142079 0.358591 0.370354 0.0736661 0.112419 0.180244 0.0269376 0.0518389 0.34689 0.353907 0.0367675 0.0615085 
0.627898 0.810575 0.126686 0.596686 0.127681 1.08056 0.616686 0.69323 0.716511 0.362263 0.708497 0.580802 0.144622 0.7125 0.149838 0.391799 0.413387 0.322506 0.436129 0.718453 1.16274 0.329831 0.369699 0.368551 0.3507 0.132956 0.129332 0.350968 0.392301 0.131987 0.407309 0.347962 0.127884 0.415652 0.125423 1.1258 0.393319 0.3905 0.119881 0.112309 0.332203 1.14923 0.428864 0.647271 0.132039 0.13714 0.113485 0.418472 0.343643 0.82596 0.83975 1.15212 0.134675 0.319613 0.133448 1.07476 0.144144 0.335859 0.36311 0.451689 0.456116 0.342754 0.359106 0.406724 0.634988 1.03406 0.905044 0.432252 1.07126 1.01564 0.283216 0.294035 0.402805 0.124939 0.133971 1.19869 1.12254 0.120146 0.134712 
