-0.148444 -0.584089     0.798 -0.117434   0.10682  -0.81169 -0.574238 0.0925269   0.983135          0   0.182883 -0.0573824 0 0 0 1         0 -0.350398    1.4814         0 -0.524398    1.1334 -0.350398    1.3074         0 -0.785398  0.785398         0 -0.785398  0.785398 -0.785398  0.785398
0.187961
0.426027
0.183918
100
18
82
0.146979
0.316505
0.139629 0.0910873 0.0224906 0.228372 0.224002 0.142074 0.163737 0.149076 0.141615 0.151327 0.169805 0.211306 0.276386 0.0546508 0.257715 0.139045 0.134636 0.138484 0.148824 0.133235 0.157487 0.205433 0.149917 0.15003 0.138598 0.249041 0.171839 0.049619 0.161329 0.149613 0.0980781 0.19166 0.00598842 0.232873 0.145478 0.172343 0.133845 0.115683 0.181918 0.297006 0.227547 0.132288 0.194922 0.130821 0.0562041 0.150863 0.103447 0.29847 0.0997078 0.18732 0.162025 0.180227 0.0425044 0.0551822 0.180264 0.176741 0.0572435 0.152397 0.211994 0.132092 0.150476 0.132412 0.0670753 0.137868 0.132289 0.147158 0.244896 0.11664 0.0665853 0.129054 0.172793 0.1386 0.100021 0.149979 0.154282 0.0500062 0.19999 0.0358675 0.0749671 0.0974221 0.151732 0.194634 
0.228982 0.103261 0.201558 0.528288 0.543962 0.220725 0.278241 0.342599 0.248661 0.187773 0.246506 0.53327 0.650645 0.215601 0.589873 0.228998 0.193288 0.200249 0.33625 0.183999 0.222748 0.451488 0.255799 0.191489 0.227818 0.480838 0.240852 0.172737 0.403024 0.239092 0.192416 0.314994 0.0549586 0.542351 0.337956 0.275845 0.180212 0.200132 0.446757 0.730739 0.496017 0.23341 0.474584 0.314776 0.211166 0.383604 0.244365 0.758589 0.189093 0.410689 0.278037 0.412927 0.161233 0.197081 0.291195 0.432363 0.193851 0.213642 0.45618 0.210773 0.377315 0.2703 0.202315 0.281411 0.230354 0.26052 0.600687 0.440889 0.195721 0.235495 0.428367 0.251501 0.266738 0.304837 0.290131 0.182639 0.492375 0.180333 0.281466 0.396817 0.323024 0.471598 
