  0.996342          0  0.0854597 -0.0246433  0.00341444    0.999202  -0.0398076 0.000557662 -0.0853915 0.0399538  0.995546 -0.207697 0 0 0 1         0 -0.437398  0.785398         0 -0.437398  0.785398 -0.524398  0.785398         0 -0.785398  0.785398         0 -0.785398  0.785398 -0.785398  0.785398
0.116756
0.0896123
0.0944164
100
9
91
0.112451
0.146753
0.119213 0.101311 0.112782 0.111958 0.109638 0.099847 0.209496 0.109593 0.112728 0.118995 0.111904 0.218724 0.113607 0.204694 0.0137575 0.0986691 0.0955901 0.111493 0.19477 0.10277 0.11149 0.100015 0.104499 0.16632 0.110355 0.100139 0.108812 0.0152863 0.11084 0.106743 0.0162307 0.103044 0.177448 0.203932 0.100103 0.110472 0.10957 0.103523 0.111247 0.101685 0.170118 0.111933 0.0996932 0.106281 0.164426 0.10416 0.115279 0.191032 0.102826 0.100719 0.0876631 0.0944797 0.116027 0.104326 0.098661 0.110801 0.0953091 0.057313 0.11853 0.101158 0.11047 0.111409 0.109342 0.187548 0.0606311 0.115596 0.0921644 0.108828 0.102226 0.100403 0.165599 0.096864 0.113306 0.111617 0.108595 0.102445 0.141913 0.100051 0.0161338 0.117814 0.10896 0.0943285 0.177779 0.105838 0.0975273 0.0755804 0.11539 0.107491 0.0722562 0.108205 0.102695 
0.0890196 0.0810301 0.0730337 0.0727622 0.0785967 0.0834706 0.564979 0.0685488 0.0943571 0.0885968 0.0853373 0.550639 0.084486 0.523185 0.00497821 0.0765449 0.0715174 0.0828006 0.49874 0.080383 0.0939987 0.0863571 0.0935584 0.437979 0.0806265 0.0773801 0.0853158 0.00583212 0.0870115 0.0761645 0.00622867 0.0855069 0.541659 0.557351 0.0797968 0.0851296 0.0943215 0.0759169 0.0910773 0.0673319 0.512858 0.0835584 0.0832816 0.0782628 0.510045 0.0943747 0.088714 0.543335 0.0857065 0.0729627 0.0757274 0.0760826 0.0827652 0.0848298 0.0820532 0.0849923 0.0808054 0.0741652 0.0894405 0.0912973 0.085263 0.0822963 0.0892021 0.560547 0.084338 0.096064 0.0714786 0.0877026 0.0693321 0.0797985 0.512268 0.0802117 0.0920891 0.0723039 0.0807891 0.0881806 0.475122 0.0855462 0.00625518 0.0756041 0.0806199 0.0688348 0.540392 0.0885594 0.0788399 0.0714762 0.0826427 0.0805712 0.0820243 0.0864436 0.0829131 
