  0.996342         -0 -0.0854597  0.0246433 -0.00341444    0.999202  -0.0398076 0.000557664 0.0853914 0.0399538  0.995546 -0.207697 0 0 0 1         0 -0.437398  0.785398         0 -0.437398  0.785398 -0.524398  0.785398         0 -0.785398  0.785398         0 -0.785398  0.785398 -0.785398  0.785398
0.116218
0.0893592
0.0944164
100
5
95
0.113264
0.141661
0.112897 0.112843 0.102046 0.11554 0.110007 0.113762 0.103259 0.114703 0.116084 0.114588 0.110041 0.115962 0.111083 0.0976187 0.101666 0.0980158 0.0983666 0.187779 0.111895 0.115835 0.107491 0.113302 0.116887 0.11287 0.0883221 0.0966933 0.0812583 0.108595 0.128868 0.230403 0.119291 0.114603 0.145527 0.105398 0.0991336 0.10381 0.102049 0.0771186 0.0930656 0.0979877 0.117721 0.112692 0.0848333 0.113984 0.10772 0.112057 0.107647 0.199991 0.105171 0.100343 0.0946475 0.183625 0.113081 0.111559 0.0702013 0.114005 0.107413 0.112325 0.113495 0.147811 0.102937 0.10671 0.162462 0.1129 0.113432 0.10194 0.202617 0.115477 0.10135 0.0970342 0.0854382 0.107531 0.0921685 0.107791 0.112057 0.149121 0.111825 0.115476 0.100944 0.201292 0.106701 0.0162768 0.115995 0.0901449 0.107371 0.0179104 0.113045 0.0982631 0.108623 0.189985 0.0746779 0.103471 0.17511 0.088623 0.116393 
0.0866333 0.0841609 0.0788259 0.082051 0.0784531 0.0891723 0.460961 0.0752556 0.0922321 0.0946634 0.0808647 0.0880093 0.0889495 0.0738917 0.0693871 0.0788375 0.080858 0.531004 0.0815607 0.0845045 0.0824321 0.070282 0.0821909 0.0924741 0.0721107 0.494817 0.0649588 0.0792327 0.0832289 0.619135 0.0833352 0.08141 0.467314 0.0856948 0.0857401 0.0849198 0.0854195 0.0790126 0.0749939 0.0850331 0.0904102 0.0944457 0.0705036 0.0876061 0.090045 0.0905926 0.0898913 0.489896 0.0834381 0.0779082 0.0765044 0.473658 0.0907347 0.0823275 0.0692882 0.0762116 0.0783113 0.0826105 0.0896966 0.601863 0.0844879 0.0814464 0.531224 0.0838199 0.0766082 0.083437 0.506541 0.0932187 0.0824439 0.0800356 0.0681413 0.0880333 0.0699191 0.0910548 0.0929511 0.359336 0.0925744 0.0910017 0.0769121 0.512502 0.0796978 0.0058325 0.0791602 0.0743186 0.0774824 0.00588488 0.0872258 0.0830002 0.0821083 0.47101 0.0648383 0.0820991 0.455358 0.0623889 0.08179 
