 0.104669 -0.853349 -0.510725 0.0921748  0.171325  0.521341 -0.835973  0.127472    0.979639           0    0.200768 -0.00927287 0 0 0 1         0 -0.437398    1.3074         0 -0.611398    1.1334 -0.524398  0.785398         0 -0.785398  0.785398         0 -0.785398  0.785398 -0.785398  0.785398
0.236768
0.656885
0.202142
100
18
82
0.18007
0.527914
0.00773523 0.222513 0.0880601 0.330878 0.0988673 0.200881 0.0704404 0.354362 0.297924 0.0201373 0.181155 0.0103242 0.0915805 0.350241 0.160556 0.253699 0.220092 0.0102197 0.347732 0.222831 0.31645 0.364105 0.316305 0.179435 0.0138948 0.302581 0.140472 0.027356 0.0470848 0.112468 0.215979 0.0399182 0.247243 0.0236369 0.177471 0.261214 0.261761 0.302901 0.12075 0.365611 0.256097 0.368484 0.130964 0.358615 0.167277 0.0480658 0.205851 0.0289917 0.365595 0.0241381 0.120515 0.0286579 0.153041 0.0239178 0.250388 0.273236 0.268725 0.206462 0.246681 0.299637 0.336104 0.197503 0.0125782 0.0855576 0.0910972 0.183751 0.3917 0.0827115 0.204961 0.210078 0.200857 0.0108256 0.0106306 0.238888 0.118239 0.029907 0.350003 0.0264103 0.350116 0.0454207 0.01849 0.367736 
0.120901 0.907341 0.360899 0.997137 0.368309 0.373004 0.100872 1.00472 1.18366 0.107687 0.405793 0.116518 0.375677 1.14376 0.307642 0.752759 0.419039 0.117383 1.06301 0.74511 1.17042 1.08228 0.759368 0.391219 0.122831 0.777745 0.323457 0.128574 0.124374 0.424385 0.382546 0.136884 0.640569 0.103216 0.325783 0.720264 0.70525 0.806589 0.315632 1.11665 0.688062 1.17661 0.393796 1.15954 0.49683 0.115904 0.398909 0.120441 1.0917 0.106594 0.348389 0.127039 0.29351 0.115618 0.73897 0.693445 0.728366 0.44622 0.627882 0.737087 0.946144 0.382168 0.131431 0.499048 0.331295 0.390819 1.23121 0.320812 0.420245 0.867051 0.39213 0.129681 0.099441 0.783884 0.367953 0.120475 1.13633 0.127283 1.02726 0.128613 0.123451 1.19802 
