  0.11866 -0.754952 -0.644955  0.108152 0.136605  0.65578 -0.74249 0.105693   0.983493          0   0.180946 -0.0464082 0 0 0 1         0 -0.350398    1.4814         0 -0.524398    1.3074 -0.437398    1.2204         0 -0.785398  0.785398         0 -0.785398  0.785398 -0.785398  0.785398
0.303873
0.782782
0.181948
100
22
78
0.182158
0.434999
0.322011 0.341238 0.0642678 0.00557958 0.162776 0.13198 0.237706 0.153689 0.224231 0.239723 0.252863 0.174666 0.0507267 0.220803 0.237378 0.236754 0.193899 0.0626677 0.249973 0.296541 0.236511 0.158327 0.191882 0.254002 0.00461306 0.130912 0.116889 0.329307 0.239439 0.226871 0.138704 0.0542832 0.158077 0.314701 0.256936 0.115836 0.240484 0.161624 0.141164 0.251124 0.245536 0.232439 0.148638 0.141571 0.16446 0.165055 0.132599 0.15989 0.260769 0.177028 0.209837 0.152725 0.163647 0.242796 0.00792026 0.163451 0.182238 0.224395 0.177703 0.0502806 0.202626 0.22147 0.249824 0.169604 0.11946 0.199383 0.0465133 0.292262 0.146765 0.239937 0.15992 0.215058 0.077993 0.335698 0.0906616 0.169608 0.109451 0.177916 
0.849545 0.898441 0.212979 0.0818426 0.435391 0.187489 0.640167 0.245075 0.480266 0.388916 0.594765 0.334534 0.227197 0.544271 0.751182 0.656322 0.477224 0.263832 0.635917 0.783361 0.660895 0.210916 0.391011 0.705197 0.0817964 0.333084 0.419798 0.881282 0.558432 0.482361 0.559429 0.201073 0.444467 0.822746 0.60056 0.175553 0.57405 0.428853 0.220274 0.496294 0.607843 0.698697 0.247139 0.243716 0.214171 0.421517 0.220353 0.33353 0.667741 0.372019 0.523234 0.194209 0.228082 0.673351 0.0686362 0.23125 0.357656 0.528715 0.359565 0.341872 0.299837 0.724345 0.640513 0.330411 0.189898 0.467765 0.25023 0.727545 0.220903 0.587325 0.232186 0.289822 0.275402 0.887914 0.318659 0.492979 0.0982979 0.42583 
