-0.0798213  -0.893835   0.441234 -0.0602722  0.159116 -0.448396 -0.879559  0.137628   0.984028          0   0.178015 -0.0465674 0 0 0 1         0 -0.437398    1.5684         0 -0.524398    1.1334 -0.437398    1.3944         0 -0.785398  0.785398         0 -0.785398  0.785398 -0.785398  0.785398
0.167556
0.477086
0.178969
100
7
93
0.148305
0.3467
0.256411 0.15187 0.157068 0.146842 0.166692 0.23077 0.184648 0.0970965 0.0602335 0.186941 0.108643 0.0483665 0.098477 0.0868302 0.159407 0.161663 0.189312 0.125373 0.249822 0.122936 0.128716 0.0941757 0.0547419 0.337602 0.159506 0.167258 0.154667 0.164418 0.164717 0.123882 0.175673 0.0872695 0.0739439 0.23217 0.252375 0.348908 0.0955166 0.18871 0.213615 0.158481 0.0951187 0.142538 0.200612 0.134508 0.0771626 0.195317 0.00614132 0.174166 0.0273513 0.093318 0.207497 0.098886 0.0473387 0.297319 0.205264 0.186543 0.231495 0.099852 0.20023 0.172575 0.134849 0.140085 0.0622108 0.120438 0.130159 0.048024 0.0462177 0.0504911 0.233309 0.0896819 0.233293 0.247195 0.153214 0.136093 0.117059 0.140279 0.129168 0.0649515 0.120737 0.164712 0.189008 0.264739 0.160307 0.154594 0.0486819 0.0674345 0.19008 0.176075 0.0634323 0.232782 0.164676 0.104508 0.154875 
0.657707 0.242963 0.302839 0.429655 0.350837 0.470289 0.312317 0.340201 0.255077 0.54658 0.354336 0.165897 0.201437 0.116366 0.236452 0.274331 0.553992 0.28566 0.573665 0.22935 0.21093 0.34096 0.191399 0.819486 0.286997 0.269352 0.290497 0.304179 0.375546 0.204573 0.283164 0.334027 0.229951 0.597799 0.550123 0.874108 0.324406 0.541337 0.448825 0.295695 0.254987 0.222272 0.468879 0.248987 0.302092 0.449562 0.086854 0.460287 0.086251 0.127153 0.290368 0.31517 0.0859952 0.685538 0.509617 0.435106 0.58086 0.28979 0.442239 0.432871 0.169271 0.237696 0.338715 0.203906 0.266853 0.180237 0.196565 0.0848125 0.539713 0.320447 0.539235 0.625964 0.26967 0.256988 0.320497 0.232675 0.253468 0.3152 0.339511 0.313548 0.507627 0.548672 0.261528 0.332275 0.179959 0.22561 0.448092 0.455031 0.332156 0.536667 0.291124 0.313686 0.357521 
