-0.0824702  -0.885683   0.456906 -0.0610404  0.157321  -0.46429 -0.871599   0.13359   0.984098          0   0.177627 -0.0655085 0 0 0 1         0 -0.350398    1.5684         0 -0.524398    1.3074 -0.437398    1.4814         0 -0.785398  0.785398         0 -0.785398  0.785398 -0.785398  0.785398
0.216127
0.485672
0.178574
100
7
93
0.119224
0.279895
0.122366 0.0492599 0.1231 0.0605694 0.239174 0.0919483 0.0943632 0.125832 0.112705 0.0354553 0.212636 0.0706509 0.0807025 0.184484 0.12723 0.206975 0.0660519 0.0545483 0.0945793 0.0344036 0.0402168 0.110178 0.120624 0.102078 0.202348 0.16982 0.0691567 0.131462 0.0874287 0.104492 0.142707 0.116585 0.0938786 0.172051 0.0398534 0.112114 0.21728 0.155137 0.131416 0.0783984 0.0869265 0.187346 0.2154 0.128586 0.0941374 0.174617 0.0119196 0.00431588 0.212993 0.121369 0.154892 0.152452 0.0821531 0.00504189 0.0595085 0.121572 0.120206 0.214918 0.113534 0.0311263 0.094918 0.147588 0.120336 0.154267 0.130915 0.107095 0.148066 0.122059 0.114673 0.303131 0.110418 0.0852519 0.0764637 0.0636156 0.0213632 0.0601726 0.00146738 0.100176 0.146468 0.154993 0.118497 0.172281 0.235916 0.125491 0.0401683 0.107717 0.302475 0.22897 0.1243 0.104263 0.181118 0.111146 0.0947878 
0.320946 0.176975 0.24413 0.234389 0.511705 0.180151 0.0801328 0.203447 0.191612 0.178894 0.537857 0.0939853 0.0922988 0.449215 0.307543 0.493861 0.116434 0.180099 0.184616 0.112961 0.144249 0.319984 0.207132 0.168706 0.497494 0.424613 0.306693 0.220436 0.166396 0.180352 0.232344 0.179931 0.333677 0.296819 0.162747 0.30662 0.497568 0.40303 0.324967 0.17305 0.170257 0.270143 0.517443 0.205304 0.279757 0.340629 0.15529 0.158344 0.474559 0.360843 0.339526 0.412604 0.142973 0.123109 0.227413 0.225363 0.202631 0.491538 0.191635 0.0762965 0.282123 0.258281 0.189314 0.193921 0.21753 0.175617 0.415126 0.28786 0.307596 0.710306 0.312737 0.28825 0.164493 0.305771 0.181892 0.245767 0.128762 0.302142 0.497302 0.294628 0.332376 0.417021 0.455658 0.343495 0.0788642 0.201938 0.727474 0.595865 0.290511 0.100491 0.446266 0.191766 0.285416 
