  0.929169          0   0.369655 -0.0655334  0.0391572   0.994374 -0.0984259 0.00671437 -0.367575  0.105929  0.923941 -0.197835 0 0 0 1         0 -0.437398  0.785398         0 -0.350398    1.0464 -0.524398  0.785398         0 -0.785398  0.785398         0 -0.785398  0.785398 -0.785398  0.785398
0.0645482
0.0669597
0.392538
100
3
97
0.0780219
0.156639
0.0612347 0.0742752 0.183754 0.0565258 0.0605577 0.0838202 0.1036 0.085696 0.118285 0.163471 0.0936834 0.0743911 0.101919 0.080252 0.0957912 0.0772767 0.147513 0.0994945 0.0461573 0.0962251 0.0874844 0.0777676 0.0157605 0.084355 0.131986 0.0427227 0.127535 0.0750363 0.0142651 0.0823041 0.0261663 0.0765938 0.0544741 0.0704041 0.0764602 0.0636994 0.0812217 0.083848 0.0820406 0.0864431 0.0436928 0.14361 0.0840695 0.0701166 0.0606832 0.0568713 0.149378 0.0146821 0.0142045 0.0154251 0.0900355 0.025496 0.0860701 0.0882866 0.10988 0.16319 0.082386 0.0604826 0.0783676 0.0578777 0.0180164 0.0164128 0.156668 0.0673205 0.0555621 0.0130225 0.0982552 0.0987973 0.138116 0.0577044 0.0755809 0.0276918 0.169592 0.16775 0.0503178 0.0903912 0.0809197 0.0436595 0.0781678 0.122989 0.0874945 0.0571872 0.0961681 0.0594579 0.0206475 0.0984894 0.0787271 0.0892832 0.0430904 0.00611474 0.0694128 0.0999307 0.0263136 0.0867233 0.0777459 0.0144733 0.0906329 
0.0761228 0.0714205 0.43378 0.0679803 0.0777612 0.0820981 0.36187 0.0795017 0.442083 0.428739 0.0846459 0.071289 0.0760225 0.0827891 0.0592673 0.0823946 0.476247 0.0910228 0.0682283 0.083256 0.0908011 0.0876174 0.313267 0.0748556 0.44794 0.0739989 0.39974 0.0832925 0.0902056 0.0763219 0.0655605 0.0817885 0.0699212 0.0748099 0.0607116 0.0626261 0.0831249 0.0852192 0.0753875 0.0786317 0.0672444 0.466759 0.0878023 0.076844 0.0929081 0.0678005 0.417125 0.186055 0.080123 0.0692675 0.0777965 0.0714875 0.0862479 0.082025 0.374525 0.470815 0.0688609 0.29729 0.0760709 0.349106 0.0680432 0.0836548 0.457046 0.0693479 0.375993 0.0627838 0.0746648 0.38562 0.391394 0.068339 0.0766375 0.070323 0.45201 0.415448 0.0758774 0.0877958 0.0820519 0.0658033 0.0930198 0.356571 0.0794647 0.0731428 0.077637 0.0738344 0.0714558 0.0909051 0.0720643 0.0675211 0.0790572 0.0688367 0.396585 0.373394 0.0725603 0.0786146 0.0783608 0.197208 0.0924109 
