-0.0777581  -0.910825   0.405403 -0.0511673  0.171573 -0.412793 -0.894519  0.132159   0.982098          0   0.188371 -0.0955676 0 0 0 1         0 -0.176398    1.6554         0 -0.437398    1.3944 -0.350398    1.6554         0 -0.785398  0.785398         0 -0.785398  0.785398 -0.785398  0.785398
0.129348
0.306638
0.189503
100
30
70
0.0696435
0.154496
0.153797 0.0311555 0.0325991 0.0965941 0.0314973 0.0127618 0.00765679 0.0593823 0.221939 0.108579 0.146709 0.0881034 0.0528424 0.12428 0.0515507 0.0083361 0.0464409 0.0446676 0.0969906 0.0245836 0.108388 0.00510325 0.0660847 0.0730687 0.147742 0.0502052 0.0377973 0.0521382 0.036545 0.0488962 0.00515686 0.067075 0.0520319 0.099561 0.0648968 0.183794 0.00639392 0.0617564 0.045165 0.00470787 0.124248 0.0955403 0.014439 0.103869 0.0956912 0.119944 0.132555 0.0713697 0.0869888 0.0311072 0.113637 0.189595 0.0809646 0.142244 0.0676477 0.0632922 0.0441194 0.0984883 0.0697733 0.0928988 0.00839455 0.00690536 0.0738091 0.0249781 0.0686808 0.0209484 0.0169708 0.0645418 0.0226665 0.0717654 
0.296453 0.0719033 0.0934614 0.268717 0.0529599 0.0458627 0.0744659 0.172806 0.360301 0.245534 0.261387 0.154519 0.0951458 0.310371 0.0897059 0.0301865 0.100059 0.0725075 0.160477 0.0748022 0.173579 0.0196763 0.212265 0.0990306 0.31 0.110225 0.134604 0.0735438 0.0805096 0.0777005 0.021927 0.282223 0.0764517 0.161705 0.149788 0.365873 0.0027154 0.19474 0.0990453 0.0735192 0.246675 0.150223 0.0729298 0.265201 0.169237 0.27382 0.28095 0.13701 0.220639 0.0764988 0.315015 0.364056 0.193964 0.242129 0.144388 0.186656 0.141099 0.247367 0.269831 0.170561 0.0244489 0.0276497 0.146422 0.107245 0.126877 0.0465072 0.111671 0.121644 0.0492402 0.133998 
