 0.115526 -0.761023 -0.638355  0.105999  0.135525  0.648725 -0.748859  0.105519   0.984016          0   0.178082 -0.0555614 0 0 0 1         0 -0.263398    1.4814         0 -0.437398    1.2204 -0.437398    1.3074         0 -0.785398  0.785398         0 -0.785398  0.785398 -0.785398  0.785398
0.290885
0.727155
0.179037
100
17
83
0.162873
0.361633
0.224506 0.107976 0.287998 0.236766 0.134552 0.1461 0.283387 0.162985 0.313197 0.178208 0.232944 0.0642464 0.105629 0.304025 0.0487411 0.145512 0.168089 0.193623 0.155152 0.233343 0.187088 0.123747 0.143559 0.1365 0.229949 0.31632 0.122858 0.243962 0.219591 0.123355 0.156597 0.0502119 0.246963 0.163713 0.160387 0.133864 0.250822 0.0694302 0.227852 0.148623 0.0402961 0.157403 0.160597 0.148027 0.0856532 0.0464663 0.234245 0.0726854 0.25286 0.262922 0.163672 0.122185 0.138458 0.218955 0.20723 0.15823 0.165391 0.0978888 0.0721818 0.189229 0.201047 0.102629 0.119834 0.129871 0.134694 0.0488503 0.316143 0.260702 0.0968544 0.130703 0.154521 0.143899 0.236166 0.159591 0.120085 0.137507 0.239842 0.0417503 0.163104 0.0420947 0.212357 0.0506522 0.0986344 
0.534001 0.0955927 0.750508 0.681177 0.297483 0.33103 0.737065 0.449908 0.747783 0.272768 0.658986 0.216918 0.190237 0.783423 0.0817202 0.381758 0.288226 0.280424 0.426718 0.614637 0.315059 0.155392 0.19984 0.170062 0.655963 0.826857 0.373336 0.646704 0.504323 0.189194 0.203633 0.183363 0.620209 0.454372 0.266594 0.20985 0.643488 0.0844405 0.55276 0.203482 0.199446 0.231834 0.217361 0.2149 0.141573 0.21549 0.557613 0.239521 0.577682 0.607071 0.240958 0.343644 0.409987 0.299916 0.310947 0.28768 0.285245 0.349107 0.21553 0.433168 0.302352 0.210883 0.334328 0.177464 0.172386 0.086144 0.804082 0.724845 0.173072 0.307314 0.238792 0.208712 0.584835 0.284616 0.20693 0.206857 0.613441 0.195316 0.288255 0.185865 0.500444 0.200965 0.349666 
