 -0.115526  -0.761023   0.638355 -0.0914943  0.135525 -0.648725 -0.748859  0.117883   0.984016          0   0.178082 -0.0555614 0 0 0 1         0 -0.350398    1.4814         0 -0.524398    1.1334 -0.350398    1.3074         0 -0.785398  0.785398         0 -0.785398  0.785398 -0.785398  0.785398
0.170191
0.42862
0.179037
100
16
84
0.141754
0.331823
0.155775 0.180721 0.327107 0.152553 0.156595 0.238469 0.132214 0.240966 0.112646 0.0265047 0.0937423 0.0965896 0.22946 0.105027 0.0741391 0.214387 0.0671207 0.144595 0.140714 0.0895257 0.00698432 0.0329657 0.131465 0.133448 0.142476 0.135697 0.308815 0.24289 0.0934393 0.0550307 0.149357 0.279817 0.029035 0.14509 0.0580595 0.0304748 0.11569 0.236836 0.00428226 0.157143 0.080512 0.123675 0.232719 0.186676 0.183636 0.160804 0.222479 0.0354991 0.0888067 0.111501 0.220085 0.195535 0.236097 0.161267 0.109024 0.0562242 0.0807928 0.0501565 0.155904 0.155547 0.184942 0.0436451 0.200214 0.104117 0.152191 0.0781752 0.166581 0.153808 0.171098 0.211495 0.239472 0.148897 0.0572581 0.0796698 0.258716 0.121794 0.173576 0.169975 0.179433 0.210934 0.160381 0.131791 0.0354413 0.158957 
0.237969 0.492131 0.794705 0.484828 0.337689 0.498745 0.210855 0.570898 0.29776 0.136527 0.290885 0.292809 0.627067 0.0880854 0.197183 0.471565 0.112941 0.239247 0.21041 0.312597 0.0719531 0.122474 0.389145 0.258476 0.183276 0.488265 0.731371 0.599848 0.293041 0.190265 0.237471 0.618252 0.153735 0.239454 0.186581 0.153688 0.167869 0.527648 0.0604768 0.234073 0.317302 0.20448 0.497179 0.47212 0.299456 0.374945 0.575789 0.272971 0.331286 0.221949 0.570061 0.336516 0.52277 0.403577 0.330476 0.184871 0.325866 0.167957 0.292997 0.283184 0.451047 0.15915 0.491244 0.0998344 0.326598 0.104572 0.270324 0.273812 0.371364 0.48074 0.56601 0.230061 0.171779 0.326918 0.627883 0.275134 0.272287 0.410578 0.466855 0.569728 0.261776 0.229871 0.241076 0.396501 
