  -0.69965  -0.517604   0.492521 -0.0742907   0.42325  -0.85562 -0.297948 0.0540968   0.57563         0   0.81771 -0.181535 0 0 0 1         0 -0.263398    1.3074         0 -0.524398  0.785398 -0.437398  0.785398         0 -0.785398  0.785398         0 -0.785398  0.785398 -0.785398  0.785398
0.0108218
0.0873084
0.613375
100
6
94
0.0550924
0.164312
0.037596 0.0313655 0.00665329 0.0733308 0.0144489 0.131115 0.00667953 0.11669 0.0108913 0.201855 0.010049 0.0644836 0.0309921 0.0231682 0.0120279 0.016402 0.121295 0.0123321 0.131436 0.0572615 0.0103721 0.0156837 0.10561 0.077555 0.156716 0.0134835 0.0202688 0.0136912 0.0119973 0.0209508 0.0100356 0.0124732 0.0298338 0.0139514 0.0137054 0.0746194 0.0130042 0.213252 0.221495 0.00958127 0.0150656 0.179262 0.106672 0.0055672 0.062306 0.00540071 0.0867914 0.183787 0.013179 0.00963904 0.123927 0.0910952 0.0106582 0.0103753 0.0138604 0.0405475 0.100737 0.124093 0.0235392 0.178814 0.021019 0.00996622 0.0260582 0.0123527 0.00914585 0.0117785 0.133141 0.010434 0.0130624 0.10798 0.0170733 0.15016 0.0977867 0.00343953 0.0150471 0.204838 0.0929072 0.0392927 0.00727734 0.0134355 0.058586 0.0137025 0.0159204 0.178154 0.0456601 0.106461 0.0119366 0.0121542 0.0758824 0.0123844 0.0116602 0.00562107 0.0223755 0.0583199 
0.166415 0.0798983 0.112069 0.0793982 0.0823909 0.285808 0.126283 0.284715 0.0858215 0.471686 0.0864742 0.0838046 0.140806 0.224656 0.0864365 0.0768292 0.413186 0.0879524 0.277589 0.0687088 0.0938148 0.0770468 0.206899 0.204762 0.375851 0.0857674 0.0868167 0.0959721 0.091346 0.0838523 0.0930563 0.0883247 0.0783461 0.075785 0.0819443 0.0806157 0.0782046 0.493037 0.491963 0.0770872 0.0771454 0.404386 0.264684 0.136502 0.164828 0.107867 0.216981 0.297569 0.0811421 0.0852225 0.189934 0.171921 0.154142 0.0844408 0.0992572 0.145377 0.480664 0.297555 0.0673729 0.416521 0.0767707 0.0945105 0.163435 0.0908832 0.0916287 0.0864224 0.239335 0.0819576 0.0758522 0.414772 0.144425 0.266419 0.265713 0.12711 0.152538 0.516795 0.204131 0.0787537 0.0825316 0.0917121 0.0864535 0.0837007 0.0735656 0.273325 0.156803 0.348735 0.0806297 0.0825203 0.169195 0.083176 0.0887902 0.117773 0.0717365 0.0782612 
