  0.999998          0 0.00191581 -0.0044518 5.37008e-06    0.999996 -0.00280302  -0.0044932 -0.0019158 0.00280303   0.999994  -0.207984 0 0 0 1         0 -0.437398  0.785398         0 -0.524398  0.785398 -0.437398  0.785398         0 -0.785398  0.785398         0 -0.785398  0.785398 -0.785398  0.785398
0.115843
0.0871304
0.00339519
100
2
98
0.112656
0.106428
0.113287 0.0937198 0.0976142 0.108238 0.112551 0.118984 0.104276 0.114895 0.10405 0.114616 0.12109 0.117308 0.109193 0.109599 0.117233 0.100293 0.109096 0.10897 0.118117 0.0930935 0.105869 0.128704 0.113313 0.103445 0.115907 0.115391 0.112486 0.116962 0.119478 0.117425 0.117986 0.110777 0.113058 0.105921 0.098624 0.0988349 0.113253 0.0924631 0.104964 0.118927 0.123109 0.116472 0.102401 0.107654 0.113676 0.110566 0.103772 0.101159 0.134455 0.0977473 0.110216 0.0869011 0.102771 0.11845 0.103762 0.109982 0.107472 0.118066 0.100121 0.0967274 0.114915 0.119623 0.112143 0.112961 0.1164 0.11363 0.2376 0.114684 0.0872773 0.111786 0.109509 0.103704 0.119615 0.0892697 0.0991946 0.113167 0.106257 0.108182 0.104075 0.105496 0.113296 0.190815 0.118967 0.103205 0.106257 0.113115 0.11363 0.103062 0.11223 0.0962736 0.105492 0.0995606 0.101985 0.114459 0.145825 0.100291 0.110107 0.216741 
0.0785219 0.0715966 0.0578811 0.0827715 0.0842373 0.079574 0.0847194 0.0861809 0.0781262 0.0789679 0.0882224 0.0872676 0.0818365 0.0821561 0.0952873 0.075761 0.0932488 0.0884853 0.0912275 0.0695679 0.0773265 0.519365 0.0942495 0.0721778 0.0823884 0.0801079 0.0929962 0.0835928 0.0927554 0.0829776 0.0831972 0.0799485 0.0879925 0.0856062 0.0785623 0.0875608 0.0799589 0.00988066 0.0862461 0.0907157 0.0853439 0.0757305 0.0823088 0.0794579 0.0950582 0.079836 0.0808228 0.0727718 0.0830934 0.0700628 0.0768512 0.0770871 0.0852189 0.0883203 0.0865493 0.0792287 0.0776675 0.0828523 0.0906202 0.0770502 0.0674614 0.0954598 0.0886257 0.0801479 0.0951033 0.0976156 0.589228 0.0858653 0.0745933 0.0918677 0.0774476 0.0867706 0.0905992 0.0683063 0.0820596 0.0800778 0.0826295 0.0787011 0.0832631 0.0843572 0.0926268 0.597137 0.0825446 0.0758832 0.0912443 0.0942425 0.0874047 0.0783777 0.083101 0.0678959 0.0730575 0.0866409 0.0845992 0.0881588 0.527417 0.0936998 0.0820675 0.55452 
