0.0197199 -0.993643 -0.110841  0.026204  0.174048  0.112581 -0.978281  0.144544    0.98454          0   0.175161 -0.0649486 0 0 0 1         0 -0.350398    1.6554         0 -0.524398    1.3944 -0.437398    1.4814         0 -0.785398  0.785398         0 -0.785398  0.785398 -0.785398  0.785398
0.219107
0.495029
0.17607
100
5
95
0.138164
0.295217
0.0619212 0.129104 0.161681 0.0353468 0.0970195 0.175602 0.103166 0.122918 0.145231 0.12172 0.147234 0.149959 0.15899 0.0717787 0.250604 0.109877 0.145029 0.0661508 0.173736 0.195575 0.296871 0.150594 0.0110334 0.22363 0.155979 0.12877 0.181713 0.143865 0.202827 0.161569 0.0309863 0.0537695 0.0715762 0.132702 0.201205 0.213065 0.0591891 0.133429 0.215424 0.212706 0.00549458 0.225277 0.161969 0.214457 0.118751 0.166164 0.07432 0.234185 0.124595 0.0501826 0.20086 0.194112 0.140521 0.0646382 0.263539 0.234026 0.138555 0.0255914 0.067815 0.0650508 0.123366 0.0648188 0.101796 0.215601 0.212521 0.18059 0.209172 0.201833 0.160391 0.154371 0.128905 0.128971 0.134651 0.0348435 0.063402 0.123787 0.012686 0.107003 0.193895 0.0472371 0.117729 0.197334 0.222329 0.0748643 0.208718 0.117226 0.0914907 0.259576 0.11178 0.0677838 0.141145 0.115461 0.0629122 0.146903 0.216798 
0.143067 0.273458 0.375094 0.161792 0.174683 0.327918 0.173343 0.288963 0.28606 0.184778 0.383801 0.240454 0.273848 0.0799687 0.639578 0.289965 0.412175 0.0880515 0.382756 0.279449 0.757636 0.296716 0.0638394 0.482819 0.394574 0.28317 0.275115 0.256137 0.282834 0.374204 0.167081 0.271121 0.0908573 0.315873 0.286945 0.445475 0.0801715 0.187675 0.46995 0.45476 0.0817075 0.505455 0.265811 0.574558 0.242311 0.309603 0.0835307 0.539586 0.309961 0.125535 0.450757 0.457396 0.192716 0.146853 0.496859 0.523334 0.27856 0.17238 0.0863995 0.0717288 0.321139 0.0855324 0.315971 0.496008 0.426102 0.433601 0.507425 0.249418 0.263323 0.3053 0.217371 0.290553 0.302713 0.144086 0.0968634 0.273921 0.146509 0.316692 0.262838 0.0842428 0.19187 0.634257 0.552756 0.14203 0.474271 0.27215 0.163604 0.624729 0.180976 0.0932037 0.3495 0.300685 0.0871591 0.391274 0.436312 
