-0.142849 -0.610232  0.779237 -0.111487  0.110033 -0.792222  -0.60023 0.0945994   0.983609          0   0.180314 -0.0748058 0 0 0 1         0 -0.350398    1.6554         0 -0.437398    1.1334 -0.350398    1.4814         0 -0.785398  0.785398         0 -0.785398  0.785398 -0.785398  0.785398
0.216362
0.432114
0.181306
100
12
88
0.108389
0.223595
0.095965 0.108091 0.126211 0.0350486 0.0754833 0.108929 0.0455979 0.0386582 0.116313 0.0887975 0.154739 0.129257 0.193525 0.158555 0.104334 0.102877 0.149077 0.112391 0.0586858 0.0817022 0.0494079 0.107515 0.130997 0.0150252 0.0488097 0.12696 0.127263 0.136599 0.0950024 0.219646 0.210844 0.195738 0.206875 0.0889755 0.0950825 0.0144455 0.107077 0.0803349 0.105859 0.139519 0.0349398 0.0990697 0.104443 0.0853784 0.1577 0.0652293 0.0514864 0.141889 0.0290905 0.115527 0.156875 0.0179749 0.0421763 0.2069 0.138139 0.0694816 0.0284941 0.0817068 0.0338101 0.0647035 0.0483096 0.0134587 0.211785 0.108554 0.0185326 0.190246 0.0998167 0.197693 0.153126 0.0267992 0.114814 0.1301 0.14135 0.1033 0.203451 0.0415453 0.158141 0.0932192 0.129123 0.127319 0.255042 0.186687 0.127768 0.0989497 0.101514 0.188 0.0103385 0.147989 
0.185143 0.19633 0.22995 0.140279 0.0755377 0.177441 0.183037 0.13629 0.215058 0.263031 0.362478 0.187073 0.396117 0.258605 0.16593 0.261686 0.203863 0.1578 0.185143 0.220064 0.247367 0.212217 0.194946 0.106472 0.0734589 0.183292 0.231401 0.293483 0.145304 0.484354 0.239562 0.387333 0.416454 0.132551 0.175223 0.11699 0.0924399 0.156212 0.278547 0.23295 0.136496 0.196661 0.194455 0.0843698 0.245657 0.126254 0.181906 0.229593 0.120923 0.182635 0.36734 0.137248 0.0579958 0.466114 0.246706 0.102762 0.0856069 0.1412 0.133045 0.10271 0.0710061 0.0699076 0.479208 0.276803 0.111052 0.395785 0.174997 0.497585 0.35383 0.113719 0.267384 0.225437 0.326687 0.282535 0.37025 0.153392 0.257469 0.149149 0.249132 0.333337 0.569176 0.406795 0.28948 0.172977 0.146065 0.336858 0.122357 0.332922 
