  -0.11866  -0.754952   0.644955 -0.0937626 0.136605 -0.65578 -0.74249 0.118192   0.983493          0   0.180946 -0.0464082 0 0 0 1         0 -0.437398    1.4814         0 -0.524398    1.0464 -0.437398    1.3944         0 -0.785398  0.785398         0 -0.785398  0.785398 -0.785398  0.785398
0.212611
0.488573
0.181948
100
15
85
0.150668
0.357261
0.0288151 0.177648 0.198095 0.167152 0.142646 0.185017 0.158177 0.22905 0.237008 0.10811 0.235786 0.148501 0.159179 0.0741614 0.150164 0.163177 0.253498 0.0910695 0.15557 0.0968527 0.157785 0.0560918 0.273578 0.158645 0.00930745 0.169916 0.0129983 0.104192 0.0779841 0.154951 0.00485127 0.168705 0.0826109 0.169153 0.221544 0.17292 0.192652 0.0450069 0.180954 0.00995663 0.173157 0.256401 0.196433 0.238282 0.269215 0.134727 0.164008 0.344409 0.0782031 0.161829 0.0659106 0.20624 0.17531 0.0696254 0.233932 0.152643 0.196698 0.0606038 0.182566 0.081898 0.295702 0.0509876 0.165161 0.19506 0.012864 0.195319 0.159006 0.0802717 0.089012 0.236155 0.205871 0.228726 0.168926 0.160555 0.163926 0.0987245 0.34205 0.189073 0.237496 0.0151516 0.164791 0.148251 0.023056 0.1466 0.00845385 
0.0817016 0.318167 0.53716 0.269438 0.222696 0.403441 0.283909 0.469276 0.664355 0.350013 0.608838 0.368554 0.283704 0.333789 0.250223 0.252437 0.594592 0.31805 0.272519 0.333107 0.233102 0.354327 0.607353 0.276182 0.0789991 0.271442 0.0789803 0.328236 0.346264 0.481978 0.0705846 0.380432 0.329144 0.411517 0.581814 0.264048 0.55317 0.172771 0.413411 0.0741368 0.435126 0.571339 0.552019 0.516571 0.689826 0.215967 0.365285 0.871953 0.199355 0.254565 0.203497 0.541442 0.274663 0.201807 0.595314 0.296316 0.421154 0.198448 0.283548 0.215003 0.71054 0.182154 0.420738 0.459551 0.0667612 0.469357 0.279197 0.349837 0.227444 0.489162 0.586522 0.578678 0.265875 0.257636 0.26317 0.337349 0.866241 0.477438 0.576911 0.0736687 0.296402 0.261536 0.0780283 0.288577 0.0773672 
