 -0.15158 -0.675385  0.721719 -0.112436   0.13882 -0.737465 -0.660965  0.110615    0.978648           0    0.205541 -0.00962409 0 0 0 1         0 -0.524398    1.2204         0 -0.611398  0.785398 -0.437398    1.0464         0 -0.785398  0.785398         0 -0.785398  0.785398 -0.785398  0.785398
0.123681
0.328134
0.207017
100
16
84
0.188605
0.514326
0.0544066 0.234843 0.115188 0.164991 0.17884 0.234686 0.375733 0.196214 0.353608 0.207621 0.090587 0.229483 0.0375653 0.267824 0.339368 0.123683 0.066797 0.00411194 0.0774574 0.161415 0.259017 0.255417 0.282899 0.194803 0.363723 0.0421044 0.029436 0.351153 0.192146 0.217031 0.144926 0.353759 0.0504162 0.221966 0.259449 0.208465 0.375905 0.181449 0.210092 0.266006 0.0464295 0.251226 0.194743 0.0494779 0.066531 0.0667973 0.133676 0.374477 0.0717791 0.0293574 0.213841 0.272697 0.210075 0.158267 0.0730903 0.356274 0.202505 0.0732764 0.372161 0.20244 0.235623 0.11365 0.361662 0.0982858 0.366221 0.348477 0.0486575 0.231433 0.0651432 0.0679984 0.191881 0.182727 0.0488813 0.350942 0.188332 0.204336 0.225731 0.116321 0.344663 0.195208 0.0470451 0.0825398 0.286298 0.0470581 
0.125296 0.746989 0.303777 0.386261 0.415725 0.731963 1.20146 0.408596 1.13803 0.428327 0.293466 0.803269 0.0957339 0.654441 1.22048 0.303666 0.126461 0.0148801 0.31799 0.43764 0.615947 0.648044 0.698292 0.407906 1.1755 0.123008 0.103204 1.12605 0.417185 0.663548 0.337743 1.05461 0.0969063 0.65656 0.700068 0.430747 1.12526 0.373751 0.43666 0.618949 0.0670626 0.630988 0.406906 0.104928 0.119964 0.116303 0.453913 1.18167 0.124466 0.0952786 0.969695 0.613132 0.422836 0.464821 0.126159 1.21915 0.458055 0.141329 1.09467 0.444543 0.65941 0.303255 1.15703 0.356917 1.10192 1.0701 0.103271 0.768217 0.118004 0.123092 0.376354 0.371341 0.113822 1.20524 0.371752 0.42164 0.809322 0.164448 0.951392 0.356314 0.11442 0.133589 0.72482 0.107489 
