   0.999998          -0 -0.00191581   0.0044518 -5.37007e-06    0.999996 -0.00280302  -0.0044932  0.0019158 0.00280303   0.999994  -0.207984 0 0 0 1         0 -0.524398  0.785398         0 -0.437398  0.785398 -0.437398  0.785398         0 -0.785398  0.785398         0 -0.785398  0.785398 -0.785398  0.785398
0.117513
0.0861394
0.00339519
100
0
100
0.111228
0.115168
0.109014 0.108521 0.109493 0.109817 0.114542 0.0179808 0.114931 0.0987537 0.114676 0.11748 0.11583 0.105872 0.112991 0.10236 0.100173 0.11592 0.117869 0.0986833 0.11054 0.108767 0.104901 0.112228 0.102497 0.116007 0.0994012 0.186853 0.110495 0.103653 0.106628 0.11006 0.107522 0.117406 0.108819 0.103953 0.11242 0.105947 0.120232 0.121591 0.10926 0.116347 0.0812417 0.0219106 0.10204 0.115619 0.112144 0.0996508 0.111184 0.109104 0.191163 0.104328 0.103163 0.106853 0.107282 0.103582 0.197942 0.0928336 0.106074 0.106083 0.111428 0.108244 0.109441 0.0936364 0.11099 0.119711 0.106627 0.113615 0.100636 0.116367 0.113985 0.11187 0.20949 0.109641 0.0166849 0.105411 0.121215 0.114303 0.116872 0.102407 0.104569 0.100936 0.114891 0.108789 0.113934 0.151148 0.116421 0.0935431 0.107328 0.120841 0.108694 0.111895 0.121354 0.109825 0.118077 0.114902 0.0944678 0.219493 0.118634 0.109445 0.0960847 0.102302 
0.0878489 0.0935822 0.0769316 0.0856016 0.0813898 0.006052 0.0838381 0.0714044 0.0963857 0.0842659 0.0792085 0.0776226 0.0767573 0.0855622 0.090401 0.0821314 0.0824552 0.0704629 0.0836727 0.0891701 0.0939099 0.0944019 0.0757654 0.0809044 0.0977165 0.544962 0.0937713 0.0791119 0.0805243 0.0755254 0.0816514 0.0894675 0.0944766 0.083665 0.0814606 0.0758507 0.0851022 0.617421 0.0781362 0.0805794 0.0755322 0.00725241 0.0705446 0.0897105 0.0799107 0.0932946 0.0871767 0.0764618 0.581975 0.0842422 0.078764 0.0723116 0.069071 0.0855273 0.53483 0.0723911 0.0860688 0.0777521 0.0920628 0.0838709 0.080934 0.0815749 0.080699 0.0819175 0.0842425 0.0911312 0.0839174 0.0929507 0.0754403 0.0765512 0.587312 0.0771581 0.00613414 0.0871684 0.0906364 0.0819314 0.0834699 0.0895293 0.0831321 0.0794199 0.0792243 0.0807353 0.0970762 0.617705 0.0836933 0.0830761 0.0819128 0.0904008 0.0907015 0.0928545 0.0827445 0.090104 0.0936149 0.0934028 0.0632458 0.508768 0.0838051 0.0796436 0.0806737 0.0802951 
