   0.999561           0   0.0296313 -0.00783055 0.00335456  0.993571 -0.113161 0.0184943 -0.0294408  0.11321 0.993135 -0.20799 0 0 0 1         0 -0.437398  0.785398         0 -0.437398  0.785398 -0.524398  0.785398         0 -0.785398  0.785398         0 -0.785398  0.785398 -0.785398  0.785398
0.0869615
0.08287
0.117244
100
11
89
0.121309
0.237393
0.114301 0.119461 0.183338 0.119385 0.117412 0.121616 0.111202 0.123278 0.108466 0.0887733 0.0959461 0.143004 0.132069 0.14012 0.126031 0.120651 0.113329 0.114731 0.0763733 0.100056 0.12427 0.159622 0.114327 0.114345 0.117926 0.120124 0.108243 0.123082 0.121259 0.107331 0.0965993 0.116829 0.120644 0.121987 0.110357 0.0332655 0.136712 0.125268 0.114763 0.116774 0.116853 0.187707 0.110696 0.123403 0.0992266 0.114406 0.117191 0.103931 0.101256 0.101281 0.112374 0.118402 0.11363 0.121735 0.088393 0.166384 0.147019 0.120922 0.123217 0.117159 0.120446 0.127313 0.108057 0.123915 0.122171 0.134397 0.114818 0.120776 0.112455 0.108782 0.126622 0.117204 0.12531 0.15548 0.108257 0.119451 0.117519 0.10063 0.120575 0.128244 0.121971 0.0988478 0.170181 0.170894 0.120867 0.105657 0.1183 0.134551 0.264343 
0.0919038 0.0880039 0.412626 0.0974892 0.079018 0.0956194 0.0754895 0.565983 0.419631 0.472071 0.0670839 0.483949 0.459866 0.457078 0.501899 0.094809 0.0810183 0.075111 0.408808 0.50148 0.0835718 0.507698 0.0822593 0.0798591 0.577025 0.0883374 0.0721259 0.0951732 0.0850297 0.089255 0.0700183 0.0915657 0.0845633 0.515479 0.0831022 0.0680027 0.423327 0.0962706 0.545879 0.0775541 0.54344 0.394309 0.0766014 0.0898077 0.0761154 0.0786441 0.083214 0.40338 0.50327 0.0755969 0.0755314 0.0793581 0.0821291 0.54472 0.075657 0.518609 0.471197 0.0881957 0.0890006 0.530488 0.0945025 0.0877881 0.20264 0.0916805 0.0873636 0.461925 0.0845535 0.0967923 0.544173 0.513833 0.509382 0.0891464 0.0837709 0.507474 0.0879964 0.0925292 0.0887788 0.0745288 0.0957594 0.208296 0.0868598 0.0654355 0.441215 0.458731 0.0891504 0.080673 0.08436 0.509283 0.985095 
