 0.929169        -0 -0.369655 0.0655334 -0.0391572   0.994374 -0.0984259 0.00671437  0.367575  0.105929  0.923941 -0.197835 0 0 0 1         0 -0.350398    1.0464         0 -0.437398  0.785398 -0.524398  0.785398         0 -0.785398  0.785398         0 -0.785398  0.785398 -0.785398  0.785398
0.0571909
0.0675522
0.392538
100
1
99
0.0769768
0.16317
0.0167271 0.0166688 0.0148961 0.135203 0.0803055 0.081684 0.0440618 0.13223 0.0655501 0.0870437 0.077217 0.0968837 0.084001 0.0887748 0.0952673 0.0146212 0.0153283 0.0809013 0.0163289 0.0139059 0.0159493 0.187065 0.0223963 0.0142269 0.0837891 0.0914301 0.0287128 0.0471275 0.0955432 0.0533689 0.0504405 0.171265 0.204677 0.0828062 0.182425 0.0307378 0.117177 0.0135702 0.201862 0.157714 0.160512 0.0779126 0.196795 0.0211298 0.0162618 0.0779576 0.0155313 0.0164593 0.0642555 0.084873 0.066789 0.0681376 0.0915449 0.0838652 0.108477 0.12547 0.0827615 0.0167291 0.0922834 0.0149537 0.0950547 0.178057 0.07464 0.0815042 0.080269 0.0763101 0.084632 0.0964699 0.0736795 0.105158 0.0819242 0.0422473 0.179652 0.0904868 0.0933229 0.0523917 0.122768 0.0430267 0.022726 0.0793958 0.0827593 0.0171971 0.0490751 0.0827274 0.114003 0.0780356 0.0167282 0.107986 0.0161152 0.0343996 0.112234 0.0797169 0.0619854 0.0887593 0.0865169 0.0128756 0.145218 0.0500385 0.0380357 
0.0735173 0.0819727 0.0644681 0.391195 0.0831331 0.0750598 0.0703312 0.437764 0.350442 0.0806803 0.0748859 0.081663 0.0745312 0.0913472 0.0832956 0.0842859 0.0866694 0.0730426 0.0801357 0.166235 0.0669621 0.422124 0.0612258 0.082267 0.0789265 0.0841693 0.0653547 0.0755413 0.0902241 0.0777948 0.0677509 0.409848 0.475522 0.0731953 0.513118 0.322827 0.268782 0.111211 0.481536 0.403998 0.432774 0.0882704 0.429933 0.0676027 0.0799902 0.0833809 0.0727692 0.0794404 0.0731712 0.0733614 0.0706299 0.0740776 0.0953521 0.0791806 0.40967 0.354898 0.075902 0.0700313 0.360399 0.0812106 0.0957847 0.536417 0.0780761 0.0781277 0.0763785 0.082211 0.0813959 0.0934662 0.0693794 0.403325 0.0768216 0.0788605 0.405848 0.0921174 0.0903973 0.0717202 0.412118 0.0690353 0.073144 0.0797931 0.0846972 0.0791682 0.0709872 0.0793673 0.392321 0.0829333 0.0752546 0.376096 0.0575641 0.0723802 0.347061 0.0795694 0.0680373 0.0802279 0.402114 0.168294 0.461445 0.073082 0.0697146 
