 -0.053938  -0.932486   0.357156 -0.0473575  0.139246 -0.361206 -0.922031  0.145187   0.988788          0   0.149327 -0.0319638 0 0 0 1         0 -0.437398    1.4814         0 -0.524398    1.0464 -0.524398    1.3944         0 -0.785398  0.785398         0 -0.785398  0.785398 -0.785398  0.785398
0.318648
0.821314
0.149888
100
15
85
0.152279
0.368836
0.00386459 0.241395 0.19322 0.249732 0.152394 0.1471 0.188617 0.259027 0.147427 0.077315 0.00801468 0.100674 0.0539861 0.00233732 0.157037 0.155101 0.0859501 0.165252 0.149184 0.147406 0.171183 0.085043 0.169479 0.00362894 0.325515 0.107971 0.102658 0.256509 0.0938663 0.329544 0.266727 0.255302 0.107739 0.231513 0.0741829 0.0810092 0.00278639 0.00901765 0.00894327 0.255286 0.179859 0.0645875 0.135484 0.276655 0.111632 0.126053 0.0861602 0.154208 0.0442308 0.165803 0.192621 0.149748 0.188739 0.0860532 0.185419 0.160076 0.264787 0.150083 0.249617 0.247407 0.00877738 0.222893 0.150438 0.165896 0.223337 0.0825092 0.142268 0.333266 0.112241 0.136164 0.132994 0.0145638 0.0585749 0.176701 0.258672 0.18825 0.0791002 0.15538 0.191643 0.242529 0.183064 0.14492 0.15653 0.214896 0.325937 
0.0765343 0.689145 0.44244 0.599649 0.285751 0.248659 0.541908 0.661164 0.268917 0.294961 0.0881533 0.226844 0.0900683 0.065481 0.267059 0.302646 0.216067 0.605362 0.252884 0.261444 0.317244 0.252349 0.341773 0.083144 0.784508 0.14127 0.29623 0.671162 0.304746 0.847517 0.615888 0.488317 0.231323 0.692798 0.220669 0.211395 0.082607 0.0965704 0.0890159 0.634907 0.282899 0.189959 0.258306 0.875461 0.255633 0.228505 0.323509 0.265597 0.333637 0.496183 0.634726 0.280128 0.28713 0.231715 0.302182 0.272789 0.606211 0.377369 0.536913 0.621535 0.0774417 0.446833 0.315277 0.308735 0.62099 0.314481 0.271055 0.793038 0.138266 0.241273 0.231116 0.0914194 0.229968 0.544472 0.684542 0.361643 0.223226 0.285404 0.417499 0.678624 0.288686 0.281584 0.538317 0.47711 0.941136 
