 0.150615 -0.581742 -0.799307   0.12726  0.107723  0.813373 -0.571682 0.0758757 0.982706        0 0.185173 -0.06615 0 0 0 1         0 -0.263398    1.5684         0 -0.437398    1.2204 -0.437398    1.3074         0 -0.785398  0.785398         0 -0.785398  0.785398 -0.785398  0.785398
0.231084
0.637155
0.186248
100
15
85
0.1504
0.309149
0.156011 0.0553425 0.237281 0.159938 0.163226 0.16638 0.103534 0.274129 0.113799 0.207365 0.0786357 0.205138 0.126114 0.213922 0.179148 0.127827 0.176826 0.0426605 0.224109 0.0973303 0.132655 0.152451 0.0390893 0.147099 0.169505 0.122035 0.199327 0.210962 0.241733 0.150974 0.266597 0.160938 0.231476 0.191172 0.153402 0.235873 0.0341435 0.187871 0.199 0.114009 0.124451 0.126613 0.217544 0.0996077 0.148366 0.23428 0.132176 0.272494 0.102508 0.156275 0.249473 0.0349714 0.102105 0.12641 0.122438 0.17074 0.126381 0.0834298 0.234212 0.128045 0.0209433 0.227574 0.160396 0.168274 0.161934 0.246293 0.127583 0.164758 0.129873 0.122937 0.118809 0.0344331 0.142781 0.165576 0.140121 0.122376 0.239219 0.0397304 0.0802309 0.116401 0.0899271 0.14038 0.067263 0.10687 0.207778 
0.194246 0.217236 0.5394 0.360571 0.440439 0.246312 0.215668 0.668493 0.189048 0.484613 0.12207 0.282322 0.355375 0.527065 0.241509 0.255876 0.424252 0.279416 0.509898 0.214424 0.245167 0.199 0.153854 0.299041 0.424861 0.237012 0.244158 0.459441 0.554469 0.260333 0.559047 0.208523 0.537974 0.410514 0.290881 0.488026 0.188661 0.42368 0.458036 0.23573 0.162429 0.167 0.449698 0.085593 0.253413 0.501831 0.175923 0.683567 0.0994378 0.302603 0.590942 0.177358 0.361691 0.261872 0.292862 0.412067 0.171223 0.0981928 0.498245 0.166377 0.209643 0.575773 0.399569 0.354857 0.437392 0.548265 0.135927 0.199094 0.172197 0.241273 0.300059 0.182043 0.290519 0.279904 0.333094 0.161501 0.538446 0.155957 0.102972 0.156966 0.101688 0.16664 0.252562 0.156041 0.266299 
