0.0755026 -0.925813 -0.370365 0.0694903  0.184932  0.377983 -0.907154  0.140622    0.979847           0    0.199751 -0.00915085 0 0 0 1         0 -0.437398    1.3074         0 -0.611398    1.1334 -0.524398    1.0464         0 -0.785398  0.785398         0 -0.785398  0.785398 -0.785398  0.785398
0.265449
0.691635
0.201104
100
21
79
0.170832
0.537327
0.00862141 0.215564 0.362409 0.283635 0.374789 0.170844 0.369257 0.190326 0.356883 0.00145781 0.222482 0.205633 0.101779 0.206075 0.394481 0.18664 0.113934 0.161303 0.128681 0.217949 0.209961 0.00428315 0.364329 0.0606929 0.158181 0.14845 0.267017 0.0107955 0.110754 0.270576 0.0121338 0.205749 0.352477 0.00825272 0.00667341 0.0787216 0.0176653 0.0737791 0.244613 0.0372987 0.102981 0.217083 0.284126 0.0873699 0.284701 0.116031 0.210987 0.257768 0.244836 0.211397 0.0283235 0.165752 0.0357479 0.279437 0.0545481 0.289008 0.223981 0.199103 0.0203163 0.105443 0.205786 0.150258 0.275665 0.0303024 0.154762 0.38423 0.00421236 0.00802584 0.288877 0.351001 0.0255779 0.269664 0.227323 0.0109942 0.229915 0.265901 0.122609 0.00740208 0.149165 
0.124481 0.882159 1.08661 1.19887 1.22055 0.394519 1.17596 0.350219 1.20634 0.0906266 0.764489 0.362927 0.358986 0.762229 1.24532 0.633789 0.298187 0.414214 0.400069 0.820134 0.412199 0.106969 1.05401 0.102577 0.348592 0.603751 0.699439 0.104369 0.37713 0.642364 0.113348 0.88481 1.04469 0.118892 0.105431 0.350351 0.116788 0.128853 0.666524 0.121405 0.372321 0.806223 0.723815 0.355523 0.762291 0.336193 0.807344 0.642067 0.665234 0.847657 0.132305 0.330996 0.140561 0.683832 0.141012 0.786102 0.83338 0.390901 0.135492 0.334505 0.72286 0.661839 0.651575 0.1194 0.674814 1.20549 0.0938665 0.121367 0.714016 1.07506 0.116197 0.662061 0.886406 0.106572 0.664873 0.62587 0.276468 0.110209 0.838943 
