  0.999561          0 -0.0296312 0.00783055 0.00335456   0.993571    0.11316 -0.0374318 0.0294407  -0.11321  0.993135 -0.205832 0 0 0 1         0 -0.437398  0.785398         0 -0.437398  0.785398 -0.611398    1.0464         0 -0.785398  0.785398         0 -0.785398  0.785398 -0.785398  0.785398
0.178665
0.531639
0.117244
100
21
79
0.114106
0.245551
0.190486 0.0956536 0.106568 0.0809331 0.163622 0.0995251 0.117349 0.0855371 0.165801 0.164308 0.164903 0.0943991 0.11681 0.0759509 0.0708636 0.0988033 0.098004 0.0985644 0.096133 0.0811296 0.0902677 0.0783409 0.160899 0.0889751 0.103487 0.150593 0.0990545 0.176183 0.10571 0.0483675 0.103014 0.106298 0.085157 0.0965397 0.145451 0.0912859 0.0878248 0.130505 0.0602591 0.156232 0.134454 0.138436 0.0946871 0.0736499 0.0907209 0.0711917 0.104984 0.0979125 0.0971072 0.162157 0.0983055 0.156757 0.0971926 0.0785794 0.0928707 0.130642 0.0971422 0.0733441 0.109236 0.172551 0.174723 0.0785295 0.103125 0.0869897 0.170568 0.109101 0.15765 0.18624 0.151556 0.134729 0.16987 0.0962173 0.16911 0.169299 0.108899 0.015457 0.154757 0.080817 0.0950452 
0.522291 0.0802493 0.0896214 0.0789214 0.459129 0.0786595 0.0837557 0.0774642 0.420853 0.450515 0.594237 0.0797463 0.552124 0.486957 0.483613 0.0836129 0.0834182 0.0790244 0.073908 0.0862978 0.0764596 0.0607206 0.450024 0.0761591 0.0767563 0.447021 0.0781386 0.469346 0.087545 0.0593928 0.0844831 0.0832729 0.0747664 0.0605394 0.49839 0.0753934 0.0795468 0.545401 0.0671175 0.518431 0.564438 0.580608 0.0922607 0.0791557 0.0930492 0.076082 0.0878723 0.520131 0.079648 0.455083 0.0879434 0.576066 0.0812413 0.0791064 0.0771856 0.470581 0.0787279 0.0810542 0.0880278 0.577817 0.407366 0.0681549 0.0836803 0.0724219 0.4224 0.480346 0.417363 0.593165 0.447014 0.38359 0.596728 0.0791288 0.416259 0.490274 0.080723 0.00558689 0.466542 0.0765488 0.0718355 
