 0.121573 -0.631923 -0.765437  0.127189  0.099125  0.775031   -0.6241 0.0870636    0.98762          0   0.156863 -0.0336428 0 0 0 1         0 -0.350398    1.3944         0 -0.524398    1.2204 -0.524398    1.2204         0 -0.785398  0.785398         0 -0.785398  0.785398 -0.785398  0.785398
0.299827
0.759313
0.157513
100
23
77
0.182131
0.434238
0.152419 0.248859 0.189459 0.0177937 0.194637 0.20839 0.180999 0.180589 0.237821 0.164004 0.106944 0.121597 0.315726 0.175267 0.179745 0.252888 0.174327 0.351181 0.171778 0.21796 0.314311 0.00651704 0.21243 0.00608219 0.258323 0.168185 0.0693457 0.26491 0.161721 0.354357 0.166723 0.189824 0.186218 0.343364 0.0648942 0.189987 0.193038 0.252632 0.259341 0.163095 0.00249543 0.245295 0.0691934 0.191751 0.219934 0.187518 0.200884 0.351699 0.196423 0.163384 0.173803 0.237606 0.176164 0.252674 0.209218 0.235381 0.00848064 0.172467 0.244793 0.185762 0.00687621 0.271204 0.0069859 0.0103243 0.15723 0.0647699 0.345706 0.209902 0.161793 0.166229 0.260492 0.20449 0.00159941 0.17835 0.165692 0.191643 0.228194 
0.239226 0.683736 0.315167 0.206105 0.500839 0.580373 0.294313 0.256289 0.672578 0.246374 0.337927 0.28502 0.840093 0.283222 0.272739 0.730687 0.268632 0.954165 0.229899 0.566602 0.822852 0.0737803 0.32737 0.0822762 0.571627 0.23815 0.274997 0.681053 0.233092 0.98721 0.231439 0.586685 0.28127 0.95259 0.258286 0.510862 0.470756 0.64617 0.68397 0.465184 0.081037 0.687867 0.262983 0.51517 0.547504 0.490176 0.495217 0.942619 0.314606 0.223157 0.34152 0.617903 0.577046 0.73688 0.568065 0.618683 0.0826957 0.218544 0.652674 0.268672 0.0821946 0.682495 0.0853468 0.104015 0.21898 0.209797 0.962765 0.52662 0.365993 0.343205 0.717389 0.326405 0.0767098 0.244285 0.239897 0.320183 0.543418 
