 0.124323 -0.759908 -0.638031  0.101893 0.145338 0.650031 -0.74588 0.101296    0.98154          0   0.191257 -0.0884353 0 0 0 1         0 -0.176398    1.6554         0 -0.437398    1.3944 -0.350398    1.4814         0 -0.785398  0.785398         0 -0.785398  0.785398 -0.785398  0.785398
0.191006
0.394227
0.192443
100
14
86
0.0845595
0.161309
0.154362 0.0405587 0.0732247 0.153119 0.0127079 0.181613 0.109518 0.177818 0.00954857 0.0125014 0.0531935 0.00836681 0.149341 0.051127 0.00976768 0.00616481 0.199799 0.0781448 0.0100415 0.00799819 0.206977 0.0797092 0.0450857 0.197795 0.194173 0.0351257 0.0835469 0.082127 0.00263353 0.0761179 0.213109 0.058954 0.135366 0.0954787 0.0339104 0.11092 0.0680595 0.0614943 0.0455871 0.114926 0.108686 0.0721746 0.0857804 0.155081 0.0522865 0.0452783 0.069176 0.078696 0.112451 0.0620374 0.0677017 0.0598052 0.183595 0.080522 0.117996 0.0512134 0.0790302 0.0216402 0.211764 0.075916 0.0497311 0.13441 0.00860739 0.0651141 0.0714283 0.195786 0.143385 0.211636 0.045149 0.0487403 0.0602318 0.0233637 0.0676047 0.00766609 0.0986256 0.136853 0.17669 0.0260286 0.061521 0.0201604 0.0752917 0.00506423 0.105264 0.0396689 0.101385 0.0618667 
0.257499 0.0743758 0.0961881 0.240942 0.0563906 0.214036 0.211588 0.384553 0.00342656 0.128181 0.110722 0.0953391 0.259687 0.072029 0.119588 0.00317026 0.439166 0.0675144 0.0684847 0.00314998 0.46469 0.0788981 0.146672 0.429553 0.434003 0.174727 0.0759096 0.0769977 0.0314391 0.12734 0.455135 0.115598 0.226595 0.137318 0.130902 0.0825566 0.0715642 0.0925939 0.0583698 0.20199 0.133687 0.126299 0.169718 0.312873 0.0851225 0.096477 0.123578 0.0736359 0.283989 0.0914654 0.153728 0.104656 0.228764 0.0773206 0.203131 0.0643687 0.0708786 0.145502 0.465127 0.0862239 0.08986 0.24851 0.136734 0.117956 0.0746933 0.411874 0.258588 0.422822 0.0616806 0.149162 0.168286 0.150601 0.0727637 0.00297699 0.212899 0.281469 0.220732 0.0695128 0.0635286 0.100204 0.253616 0.00287389 0.265062 0.0427619 0.23635 0.141649 
