-0.129866 -0.67691 0.724519 -0.11405  0.119429 -0.736066 -0.666291  0.112397   0.984313          0   0.176432 0.00352286 0 0 0 1         0 -0.524398    1.1334         0 -0.611398  0.785398 -0.524398    1.2204         0 -0.785398  0.785398         0 -0.785398  0.785398 -0.785398  0.785398
0.105769
0.336466
0.177361
100
36
64
0.16041
0.411493
0.126721 0.191655 0.0442155 0.117343 0.125458 0.0537428 0.062699 0.0371641 0.224688 0.200488 0.0340718 0.381016 0.0558826 0.259846 0.0507205 0.0888487 0.218869 0.0790591 0.200798 0.223648 0.0684423 0.38137 0.0361585 0.284688 0.213239 0.0260808 0.0658487 0.208488 0.351693 0.0743003 0.207162 0.083763 0.200086 0.00989057 0.0598924 0.363108 0.0639172 0.377938 0.065235 0.21747 0.0765324 0.234084 0.214832 0.210883 0.383703 0.104413 0.0826011 0.0884351 0.356945 0.197555 0.27461 0.0552171 0.0464574 0.202913 0.203679 0.284846 0.119866 0.0620296 0.00619361 0.19796 0.0707782 0.239789 0.215609 0.200577 
0.339983 0.398014 0.114295 0.454697 0.145513 0.114125 0.122862 0.107357 0.441139 0.420248 0.12537 1.12366 0.132602 0.688657 0.117525 0.134168 0.44005 0.146674 0.450087 0.925409 0.132058 1.20288 0.121963 0.690138 0.433273 0.0995735 0.122675 0.393908 1.10751 0.145433 0.400135 0.128388 0.414635 0.121981 0.123612 1.08299 0.127756 1.17185 0.123808 0.429902 0.130036 0.694172 0.446215 0.453589 1.22506 0.421967 0.136267 0.128396 1.21366 0.715368 0.635876 0.118652 0.104598 0.408913 0.45636 0.65627 0.318281 0.130013 0.00453187 0.445209 0.123406 0.696869 0.769239 0.385709 
