 0.019762 -0.993715 -0.110183 0.0265268   0.17543  0.111941 -0.978107  0.147826   0.984293          0    0.17654 -0.0458795 0 0 0 1         0 -0.350398    1.4814         0 -0.524398    1.2204 -0.437398    1.3074         0 -0.785398  0.785398         0 -0.785398  0.785398 -0.785398  0.785398
0.32391
0.800054
0.17747
100
13
87
0.158332
0.392287
0.134666 0.0383926 0.0600668 0.116393 0.0683003 0.126004 0.288122 0.135249 0.24337 0.15619 0.185267 0.158062 0.199273 0.160964 0.234668 0.122195 0.0470213 0.114168 0.0679464 0.142702 0.156363 0.228329 0.334195 0.0305463 0.127019 0.282579 0.183481 0.0387479 0.269686 0.184564 0.228248 0.189224 0.173809 0.239231 0.236021 0.0511718 0.237931 0.050604 0.228338 0.173509 0.158884 0.183014 0.106036 0.206763 0.127598 0.0857973 0.0799589 0.142706 0.136478 0.228 0.172657 0.00650874 0.109927 0.16306 0.0679183 0.177138 0.238001 0.117264 0.208729 0.187056 0.0532452 0.0902541 0.207324 0.234797 0.214103 0.0043736 0.218693 0.177902 0.241579 0.129347 0.0551428 0.168184 0.0821351 0.11283 0.227845 0.0623186 0.16988 0.235025 0.170143 0.279931 0.232265 0.151027 0.194968 0.178291 0.0897724 0.23192 0.215439 
0.392237 0.194554 0.225347 0.329509 0.210725 0.298882 0.767012 0.244033 0.71412 0.306515 0.460849 0.240483 0.437335 0.508357 0.639074 0.213006 0.0911907 0.361314 0.108623 0.230648 0.281503 0.61316 0.88178 0.0931124 0.318016 0.699592 0.54004 0.210227 0.694863 0.31942 0.49416 0.4117 0.274978 0.538524 0.642069 0.0986424 0.67636 0.0898732 0.542672 0.331981 0.364488 0.289273 0.187842 0.420292 0.324713 0.198294 0.311871 0.317621 0.22198 0.591855 0.514741 0.073582 0.188356 0.491132 0.189645 0.556143 0.681306 0.326021 0.478897 0.556834 0.216929 0.213207 0.641524 0.565569 0.613085 0.0833424 0.491818 0.292317 0.726651 0.324266 0.198351 0.289507 0.216502 0.325738 0.581705 0.225043 0.282263 0.537199 0.304805 0.620087 0.667355 0.417559 0.414958 0.288755 0.280119 0.640152 0.658821 
