0.0777581 -0.910825 -0.405403 0.0685276  0.171573  0.412793 -0.894519  0.124292   0.982098          0   0.188371 -0.0955676 0 0 0 1          0 -0.0893982     1.6554          0  -0.437398     1.4814  -0.350398     1.5684         0 -0.785398  0.785398         0 -0.785398  0.785398 -0.785398  0.785398
0.0810591
0.28442
0.189503
100
26
74
0.0653507
0.145285
0.0138266 0.0295424 0.0218634 0.0154259 0.0325052 0.197058 0.0467527 0.0477689 0.120743 0.138571 0.034161 0.0714865 0.156686 0.0487951 0.199496 0.0845408 0.102159 0.0539886 0.00576827 0.0421829 0.0573198 0.0088014 0.144614 0.0328035 0.00663674 0.0180955 0.00594155 0.0513593 0.00514078 0.0395443 0.0955711 0.10226 0.0762666 0.159164 0.0469543 0.054688 0.0384046 0.0412964 0.129932 0.0857503 0.0463931 0.0145239 0.125713 0.0574167 0.164362 0.0452724 0.066695 0.00623734 0.0589292 0.00603511 0.0748949 0.0821156 0.0529333 0.14203 0.0802191 0.068199 0.0926792 0.039787 0.0421909 0.00720214 0.00870497 0.0534888 0.0113783 0.203307 0.00576925 0.0400709 0.00728432 0.0484851 0.124434 0.0318454 0.165756 0.0697786 0.037915 0.0900389 
0.0288421 0.100321 0.0605002 0.0583377 0.0775968 0.378839 0.126096 0.096888 0.192787 0.318783 0.174374 0.0938242 0.255231 0.220315 0.391434 0.267161 0.167368 0.0916728 0.00316566 0.0771605 0.104952 0.0620956 0.23589 0.0812321 0.00337135 0.131314 0.00320551 0.084134 0.070587 0.189953 0.0793343 0.171809 0.285479 0.254865 0.0929312 0.151419 0.100822 0.138882 0.308022 0.155296 0.0586109 0.125882 0.316404 0.23306 0.378691 0.103682 0.107117 0.0234227 0.0717328 0.00307002 0.246143 0.080881 0.0804065 0.231775 0.142449 0.135146 0.219468 0.208937 0.196943 0.00289885 0.00380622 0.0824027 0.0456681 0.454906 0.0484561 0.112063 0.03074 0.0794342 0.203146 0.0582988 0.257762 0.163043 0.102857 0.255471 
