0.0898191 -0.858828 -0.504329 0.0841337  0.150584  0.512265 -0.845523  0.119059   0.984508          0   0.175337 -0.0741155 0 0 0 1         0 -0.263398    1.6554         0 -0.437398    1.3074 -0.437398    1.4814         0 -0.785398  0.785398         0 -0.785398  0.785398 -0.785398  0.785398
0.195949
0.441845
0.176248
100
13
87
0.118407
0.230286
0.151613 0.136341 0.0890186 0.0823872 0.0774132 0.148029 0.0477874 0.0868639 0.0598063 0.0898317 0.120031 0.0730823 0.0764899 0.00349743 0.136267 0.184716 0.212286 0.146058 0.136406 0.221639 0.0551389 0.0454023 0.149354 0.15963 0.132641 0.247135 0.145838 0.115586 0.143407 0.0620294 0.121658 0.0446457 0.0831246 0.122167 0.173319 0.234428 0.0887339 0.119438 0.129854 0.110582 0.144948 0.0552576 0.119337 0.0858867 0.131333 0.0673472 0.136434 0.179536 0.151617 0.0598373 0.140582 0.202797 0.119677 0.137126 0.0734733 0.0760877 0.0752625 0.0799559 0.124289 0.0777454 0.132359 0.241601 0.0911113 0.130068 0.21426 0.106579 0.0389369 0.0744275 0.144409 0.143789 0.0644664 0.0848924 0.0604159 0.186786 0.1801 0.215073 0.0318233 0.0898927 0.138362 0.188199 0.0524994 0.137593 0.0534809 0.0742798 0.0752138 0.201158 0.147428 
0.299744 0.262815 0.0834521 0.148499 0.0775755 0.297524 0.0799445 0.332887 0.0826807 0.089766 0.093427 0.22592 0.0757447 0.125425 0.340755 0.388102 0.422005 0.194479 0.213267 0.527852 0.0909557 0.0803866 0.279988 0.279555 0.21629 0.657728 0.341683 0.201383 0.237145 0.20752 0.0854101 0.210713 0.129484 0.269402 0.217843 0.551123 0.14288 0.210365 0.380048 0.133985 0.372084 0.0818202 0.231655 0.0760549 0.304862 0.00161296 0.331845 0.387083 0.310479 0.0530988 0.311995 0.42322 0.193393 0.305263 0.142836 0.12182 0.073967 0.0828247 0.30465 0.163168 0.228509 0.502192 0.267872 0.209941 0.467771 0.278512 0.18424 0.0590989 0.240326 0.275916 0.27121 0.151267 0.0718088 0.265455 0.361969 0.560822 0.152146 0.092511 0.235577 0.233912 0.108825 0.279902 0.0763401 0.0810742 0.125816 0.412306 0.280119 
