-0.0885296   -0.87865   0.469188 -0.0612032  0.162915 -0.477467 -0.863414  0.129593    0.98266          0   0.185415 -0.0869412 0 0 0 1         0 -0.263398    1.6554         0 -0.437398    1.3074 -0.350398    1.5684         0 -0.785398  0.785398         0 -0.785398  0.785398 -0.785398  0.785398
0.170953
0.379023
0.186494
100
17
83
0.0812198
0.185692
0.0620297 0.0517917 0.112039 0.126616 0.0533921 0.0213299 0.0665359 0.146143 0.108285 0.0706833 0.0514321 0.0267248 0.00392505 0.110285 0.120861 0.0133021 0.0744189 0.114613 0.107675 0.123134 0.170533 0.0774364 0.0974666 0.160995 0.189097 0.0369137 0.0472193 0.125702 0.133396 0.1829 0.0997026 0.197423 0.0170563 0.0453508 0.0561851 0.0454501 0.0425573 0.107835 0.0736574 0.0535837 0.120684 0.119049 0.133147 0.0502797 0.10004 0.11282 0.0324318 0.0441104 0.037482 0.112255 0.0767852 0.1022 0.098762 0.0176619 0.110471 0.0571098 0.127634 0.0224452 0.0247932 0.118538 0.0548185 0.0373189 0.16796 0.101188 0.0696407 0.043105 0.0370625 0.0161794 0.0402255 0.017829 0.096817 0.0493415 0.119277 0.0949094 0.0842451 0.0588155 0.0326862 0.0306838 0.0406869 0.0223516 0.112768 0.0707986 0.198159 
0.076594 0.15461 0.278036 0.218632 0.10009 0.128513 0.128651 0.32218 0.27989 0.197118 0.0938826 0.162286 0.0919228 0.28937 0.261723 0.0812505 0.219301 0.194247 0.271398 0.326975 0.292061 0.148711 0.361767 0.333923 0.374961 0.119339 0.0753294 0.315348 0.241044 0.40236 0.173037 0.430878 0.122426 0.0708394 0.076885 0.0870654 0.0948489 0.252349 0.146858 0.168456 0.265825 0.184386 0.26584 0.111447 0.360712 0.246238 0.0800827 0.0707259 0.0739823 0.188805 0.139607 0.235473 0.254991 0.109669 0.238472 0.171668 0.262891 0.0447303 0.0987909 0.252592 0.0834788 0.070667 0.216264 0.280372 0.145397 0.153422 0.0638451 0.125356 0.0963487 0.133535 0.16897 0.0732309 0.289791 0.17789 0.211892 0.102887 0.0498509 0.0515973 0.0798476 0.133475 0.280846 0.211101 0.390329 
