  -0.12726  -0.785324   0.605864 -0.0923139  0.161433 -0.619085 -0.768553  0.127115   0.978644          0   0.205562 -0.0102247 0 0 0 1         0 -0.524398    1.3074         0 -0.611398  0.785398 -0.524398    1.2204         0 -0.785398  0.785398         0 -0.785398  0.785398 -0.785398  0.785398
0.245654
0.733116
0.207038
100
24
76
0.184284
0.509573
0.356633 0.23957 0.121339 0.0983916 0.0665378 0.364622 0.0353439 0.299949 0.180748 0.199642 0.0520229 0.148633 0.267148 0.193383 0.0158087 0.184706 0.24986 0.0861539 0.130977 0.280315 0.0838494 0.219719 0.0722923 0.125511 0.238951 0.217941 0.36648 0.00596905 0.349459 0.145745 0.282285 0.152314 0.188186 0.360703 0.136728 0.128388 0.0495654 0.121264 0.245474 0.369038 0.335584 0.186974 0.370915 0.260392 0.0415545 0.146044 0.0623521 0.0312271 0.0455096 0.0277463 0.132103 0.0367799 0.120372 0.339033 0.231762 0.267276 0.0737521 0.207919 0.214848 0.356604 0.0632728 0.253975 0.142624 0.136421 0.0692019 0.0590489 0.21654 0.255998 0.194386 0.356194 0.368227 0.163587 0.24184 0.36651 0.18333 0.0140407 
1.21884 0.672053 0.308967 0.143007 0.127585 1.22603 0.122894 0.865982 0.391594 0.442924 0.129309 0.441942 0.707104 0.412793 0.0957154 0.382419 0.641198 0.134103 0.369803 0.706252 0.127553 0.513902 0.381101 0.321786 0.73284 0.85511 0.984477 0.00458992 1.13182 0.363254 0.648065 0.383039 0.405717 1.09905 0.31239 0.34516 0.110924 0.314543 0.537154 1.17343 1.1263 0.382883 1.17905 0.648814 0.138362 0.620416 0.125045 0.0941415 0.134673 0.111568 0.342075 0.125435 0.3181 1.13347 0.624191 0.711654 0.132277 0.451169 0.480455 0.984905 0.132442 0.691245 0.387412 0.363054 0.133653 0.125403 0.413875 0.637765 0.395523 1.20992 1.14499 0.424329 0.823137 1.1482 0.415149 0.130064 
